/*--------------------------------*- C++ -*----------------------------------*\
| =========                 |                                                 |
| \\      /  F ield         | OpenFOAM: The Open Source CFD Toolbox           |
|  \\    /   O peration     | Version:  v2012                                 |
|   \\  /    A nd           | Website:  www.openfoam.com                      |
|    \\/     M anipulation  |                                                 |
\*---------------------------------------------------------------------------*/
FoamFile
{
    version     2.0;
    format      ascii;
    class       volScalarField;
    location    "250";
    object      omega_0;
}
// * * * * * * * * * * * * * * * * * * * * * * * * * * * * * * * * * * * * * //

dimensions      [0 0 -1 0 0 0 0];


internalField   nonuniform List<scalar> 
9793
(
0.0222011
11.2549
0.021923
5.41155
0.0222596
0.30535
0.0852632
10.9148
0.0219707
22.5333
0.0221971
0.0221879
0.0219108
4.06018
0.0217093
0.0256392
0.0550715
0.021918
6.37988
0.0215289
0.0215601
0.0222916
5.89014
10.9738
4.04899
0.0258075
0.0221001
0.022262
0.0215396
0.0889218
17.5223
0.56908
0.0220099
0.0219329
0.0218632
0.0282567
0.0237831
0.0243185
4.32683
0.0308417
0.074813
5.73456
9.1684
0.0222716
0.0219543
0.022043
11.6105
0.0222842
0.0215591
0.021925
0.0279274
0.0218464
0.0376925
0.0222684
0.0318373
4.88149
0.0219204
0.0821699
0.0215681
0.0222914
0.0261438
0.0895436
0.0219383
0.0355478
0.0219625
0.021916
39.811
0.0238017
0.0241677
8.02555
0.021909
0.0945242
10.6643
1.82668
7.52406
0.0222624
0.0436374
8.98715
0.0219751
0.0222704
0.0465531
7.02476
0.0525073
0.0235226
0.0242446
0.351694
0.022261
0.0656362
4.23563
0.0854225
4.34678
5.56243
4.92053
0.0412431
9.01323
0.0218953
7.54166
0.0515179
0.0244256
0.0222684
3.7847
0.0359224
3.92072
0.0219604
6.39352
9.09348
0.899853
0.021874
0.0219798
0.0222835
0.0222334
4.97535
2.93214
17.3296
0.0218959
0.0221127
0.0233093
0.0220517
4.55396
0.0220274
5.9134
0.0680745
3.77041
0.0425188
0.023836
0.0220336
0.0640829
14.5111
0.165976
0.1746
0.0233024
0.0217865
0.0221268
0.0230285
0.0270635
0.181917
0.618946
0.023367
0.0222734
0.0637909
8.98413
0.0273195
0.0218744
0.0542124
10.7755
0.506629
0.022034
7.23439
0.0217808
0.0220277
0.0220714
11.5884
0.0239462
0.0220923
0.0218978
4.40859
0.059242
0.0219329
0.890828
0.0218825
0.0619372
0.0234096
0.0215694
0.315127
0.0218208
8.90522
3.87995
0.0219712
0.0218752
0.0222172
0.0218848
9.82662
25.0737
4.52099
0.0219045
0.267963
0.128942
0.580138
0.0219587
0.023723
6.37108
11.9928
0.0732524
0.0220354
0.0220733
0.0218687
3.17524
10.7987
17.3479
3.94739
0.0218647
34.0521
0.404195
0.0246963
0.0215581
0.0229709
1.95511
0.0215718
0.0219161
0.0222042
0.0219219
0.0215431
0.0291094
0.0245359
4.95197
0.0218945
0.02801
0.021965
0.0221738
0.35443
0.0612791
9.20088
0.0216151
8.60702
0.023529
0.0469953
0.0217188
0.176226
0.0221217
0.0479473
0.0559558
0.0215488
1.54107
4.74374
0.0392644
0.0218796
0.0508324
4.75504
0.0469567
0.0478474
4.46841
0.114135
0.043289
0.0362748
0.3457
0.0214792
25.3368
15.3586
0.0215802
0.0222222
3.95549
0.0218747
0.0222311
0.0932848
0.109408
0.0219111
0.0237454
0.029193
0.0369159
0.0237709
0.0219649
0.0441322
5.76469
0.0215514
4.60504
0.0222618
0.022171
0.021636
4.88821
0.0219745
7.36666
6.97244
0.0221035
0.0221317
8.31617
0.021756
0.0222394
0.0217135
6.61436
0.243931
0.0243412
0.363155
0.0802629
3.92389
10.3768
0.0220049
10.8316
0.0222641
4.75098
9.78306
4.10498
6.1282
0.108238
0.0233101
0.047775
0.0241931
0.0215627
0.0220108
0.372668
0.0259677
0.0221404
0.0222838
0.0216119
0.0215359
0.0215585
6.70188
0.0218649
0.0217094
0.0216415
0.0219131
8.18152
0.492702
0.0607148
0.0225927
0.0547761
0.0217031
0.402205
9.20392
0.0219668
7.59135
0.0335002
0.0219471
24.723
0.704159
0.0220189
0.0466476
15.2161
0.0220146
0.0324015
0.0217058
0.0220833
4.41723
0.0396034
0.0219433
0.0220207
0.0224908
0.164415
3.25651
0.0219271
0.0218673
0.0216313
9.979
9.8732
9.98301
0.0214861
0.0419672
0.0329479
1.74875
0.0682345
0.0214534
0.0214952
0.0216365
0.0462095
0.0219606
11.1806
0.0220883
0.0217608
5.20544
6.59005
8.33992
0.0215819
3.79608
0.0242108
4.26325
11.3771
4.64026
0.0232327
0.0315773
0.632096
4.16479
4.7526
0.0256447
0.0222633
0.0247253
0.0215342
0.021848
0.0219453
0.0220821
0.022292
10.893
0.0222066
0.064804
0.0304793
1.8659
0.0214487
0.0236066
9.60938
0.442954
4.53122
0.0663664
0.0217657
0.0233117
0.0219261
0.444143
0.0215505
7.47148
0.143093
0.0852829
10.4806
4.58675
0.0221377
0.021881
0.670434
0.423823
0.0218942
11.5834
0.0221315
0.0221769
6.75939
0.021613
0.0866014
0.0214886
4.13862
0.0220933
0.0218224
5.23522
0.0884039
0.0602519
0.0247228
0.0220747
0.0218084
4.17288
0.0515152
0.0214994
0.0221953
0.0332812
0.0329213
0.0600599
11.1806
0.0221963
0.0219291
0.359638
0.0220814
5.49516
0.570346
0.0220654
0.0220159
0.0219907
0.0221166
0.0216175
3.81778
0.0482633
9.66576
0.0278338
0.0226482
0.0427533
0.0240536
4.33627
0.0254599
0.0222677
0.023809
0.446052
0.0218882
0.0218831
0.0219112
0.0215537
0.0219827
0.0217319
0.0220455
0.022158
0.0225937
0.0241504
0.0914102
0.021722
1.55128
0.0249486
0.186379
15.9353
0.021573
5.09557
0.0845959
0.0215707
0.0215533
0.0218731
5.9463
0.0843036
0.0215493
0.0221208
0.0221978
0.062278
0.142138
8.95451
0.0219759
0.0218981
0.0302864
11.438
4.05797
0.0232625
0.0227696
4.67415
8.50551
0.252717
0.0220503
0.0217737
4.93217
0.021898
0.127642
1.21407
0.0214921
0.215485
0.0267672
3.76883
0.0218114
5.13739
0.471469
0.0251614
8.12146
0.0218973
1.50773
0.0220944
0.0218783
0.022223
0.021933
7.24194
0.0218899
0.0215686
0.0225708
0.0214951
0.0217735
0.0462071
0.0225254
0.0347638
0.0220346
0.0220386
7.61101
0.069636
0.0232152
4.58968
0.0237621
0.0220572
0.0219789
0.0216146
9.64041
0.0215582
0.0220691
16.0514
5.6345
0.0381403
0.0219186
0.022284
0.0219298
0.0222406
4.49789
0.0220574
3.90689
0.023526
1.92599
0.0222619
34.2918
0.022046
0.209956
0.0219044
0.0914603
7.36333
0.0221032
3.94253
0.0218838
0.0222182
0.0215544
6.42876
4.95925
0.0218784
0.0276486
0.0215445
4.69015
0.0216612
0.0449514
5.23559
0.0245454
0.0220264
0.04327
0.022245
0.0219551
0.021656
0.0847239
0.0219545
4.72222
0.0220524
0.0219717
0.0400816
0.0710529
0.673555
0.0217043
34.7664
0.0218755
0.184378
0.0218979
0.0219214
0.0218947
0.0220503
0.022268
0.193261
0.0437486
5.07714
0.136284
0.0336503
0.0329425
5.11244
0.0233034
4.40002
9.85806
0.238966
10.8743
1.05401
0.167533
0.021956
3.33834
0.0397707
0.0218615
0.319751
0.0222509
0.367598
0.0348808
0.274638
0.0266678
5.66557
9.8199
0.0374905
0.232289
0.0222161
0.546263
0.022569
0.0219072
0.0219509
0.0226359
0.0469632
4.40592
0.237547
10.3571
0.0230415
0.0230607
3.73323
0.296749
0.0225784
0.0618064
0.0221948
4.88883
5.26039
0.0220601
0.0606453
0.255061
9.81501
0.0219573
0.0251
6.06077
0.0283903
2.46687
0.0929256
1.71894
0.0250445
0.0234215
0.0217977
0.0219008
0.228714
0.0222841
0.264978
0.173825
0.0812207
0.0222595
0.0222237
0.0228172
0.0217051
0.0218275
0.0218783
0.121611
5.89574
3.86515
0.0222796
0.33641
0.0219449
10.1433
0.0465036
0.0439089
0.0326526
0.428542
0.0217388
0.0220625
0.0410384
0.021897
0.0218869
0.0623096
3.64935
0.02154
0.217371
4.19366
0.0240099
4.6192
4.32809
0.0217384
0.0565333
0.0263679
0.0218611
0.0215565
0.0927407
4.15824
10.2244
0.0218952
0.0220141
0.021614
0.0235831
0.0225492
0.0233839
0.56955
0.0464703
0.0221518
7.88188
0.0292577
0.032064
0.0218524
35.7034
0.0231405
0.0219159
0.0844854
2.05973
0.0214973
0.022051
0.0219338
0.024607
0.0217341
0.0382646
0.714172
0.0220315
0.0843799
0.0224245
0.0218158
0.742471
9.61314
0.337386
0.0220762
0.0214995
4.86979
0.0251417
2.13004
0.0214798
0.0218817
16.8875
3.92892
0.0298067
0.0890091
0.058856
0.0218761
0.0222717
0.0218358
9.01809
0.0220571
0.0222928
3.97663
0.0265209
0.445616
0.0312234
0.0219299
8.95553
0.0222678
0.0218953
0.0218315
0.0295641
6.92903
0.022163
0.021967
0.0218954
0.0218853
0.0219359
0.0218094
10.8945
0.030479
0.0225353
0.0221104
0.0305185
0.0645027
0.0255173
0.0273998
0.0222839
0.0216087
0.0229684
5.13322
3.86311
0.0225047
10.0852
0.0222154
0.0246791
1.63569
2.13051
0.0216962
0.0221812
0.332265
0.0507173
0.0219047
0.0222483
4.67564
0.0222681
0.0742984
0.0220096
0.480815
0.0222472
0.0220503
0.0221272
0.0304864
0.0216738
0.0239726
0.0252702
0.141397
0.0218586
0.0219947
0.0222497
0.0218725
0.0219179
0.0216995
0.0308028
0.022111
0.0503965
4.62602
0.0428974
0.0664354
0.0222022
0.0216496
14.7995
4.55635
0.0215494
4.30499
16.6927
0.0215052
0.021962
0.0218717
0.103786
0.0522645
2.18248
0.0218523
0.0247154
0.0218551
0.0221215
0.0220733
0.0853218
0.0218877
0.355799
0.0220935
0.055458
0.0218895
0.0227847
0.021891
0.040199
0.0565907
14.5455
0.698318
4.67657
0.0477277
0.0218771
2.69097
3.13166
0.0587463
0.0218309
0.0220855
2.12371
0.0218635
6.25107
0.021481
0.0291694
0.0219372
0.0222698
0.0217032
2.92913
8.58348
5.98708
0.0674818
12.6498
0.0219384
5.51722
9.2637
0.0222705
0.0219618
0.0217153
1.19281
0.0214936
9.97001
0.0310052
0.18761
0.0220743
0.948234
10.9457
1.70507
0.0286109
0.032084
0.0220407
15.4245
0.0214638
0.620301
0.337518
0.0644749
8.51332
8.13544
0.0234088
0.0230489
0.0219473
0.105552
10.5258
8.86504
0.0217315
3.79726
0.0250097
0.10418
0.129379
3.69327
3.68221
0.0214869
0.025291
0.0302998
0.0234961
0.0230075
3.67889
0.0221974
9.4097
0.0216373
0.0214751
0.083081
0.0985637
0.96906
0.022308
18.6414
12.6053
0.77278
0.025905
0.0222329
0.0223148
0.0222269
0.0218837
1.04336
1.60243
0.021987
0.021895
0.0317686
1.65183
0.0254759
0.021906
0.401412
0.0219249
0.0222748
0.0214683
0.0587896
0.0220296
0.0242623
9.76654
0.0647304
0.0221809
4.25369
0.115731
0.0219206
0.0223645
0.0339324
0.0222624
0.0219607
0.0216932
9.7199
0.339331
0.0220503
0.0355192
0.0344817
0.537478
0.021895
5.99669
0.0218567
0.02174
0.611693
0.350511
0.065711
0.021928
0.021888
10.64
3.9086
0.298335
2.75795
0.0221025
0.0227956
0.0220145
19.2717
0.0237161
2.23656
0.022454
0.0218104
0.0228156
0.0216092
0.0218718
0.0608246
0.0217607
5.7901
0.021704
0.0220459
0.0214827
0.0242027
4.42062
5.70682
0.0519913
14.5537
0.0219776
0.0348883
0.0227615
1.86017
0.0215725
0.0214924
4.24046
0.0332362
0.0314374
0.0221118
0.217878
3.88011
6.39492
0.0220067
0.0328571
0.955451
0.0314039
2.60549
0.160083
0.0852039
0.0216833
0.0223416
0.0588176
0.0732821
0.0219856
0.106048
0.0217239
0.0221839
0.022103
0.0217147
0.0218835
0.0219866
0.771944
0.0253569
0.0226223
0.0461131
0.0217257
0.021912
0.0377449
6.5593
0.0785063
0.0647461
4.83762
0.0222338
10.4329
0.0285604
8.05712
0.0595025
0.0222021
0.0218564
0.0230253
10.0997
1.73776
0.050652
0.144146
0.0216087
0.0218388
0.0222477
0.0222015
16.3281
0.0252427
0.0217906
0.211299
0.293423
6.42487
0.0224445
4.2394
0.0523985
0.0405203
0.0321081
0.422601
0.241455
0.0220676
3.75543
0.345748
0.0368563
6.3433
0.0450815
0.0219497
0.0222638
0.0218942
0.0228028
0.0262659
21.5592
0.049465
0.0218668
0.48645
0.0220037
6.88612
3.45887
0.0219515
25.8195
0.0217126
0.0216757
0.0217294
3.56232
11.5664
0.0479537
0.0299648
0.0215438
0.670946
0.0222313
0.0304576
0.0220908
0.0220172
0.0217633
5.9291
0.0225202
0.0395376
0.0282475
0.0222114
0.32372
0.15545
0.0344615
0.0247947
0.0232899
5.09325
5.17483
0.0216139
0.0217077
0.0216094
0.0223442
10.2094
9.80636
0.292302
0.0250212
0.0217622
8.48748
4.78819
0.0220422
19.9425
0.0216852
0.0967281
13.5378
0.0217197
10.8989
10.7551
0.148488
14.5714
6.02925
0.0218057
0.0224226
2.35849
4.23124
0.0223289
12.4513
0.0245927
0.0218862
0.0222738
0.0226779
0.0402275
0.0248481
0.277901
14.5953
0.224281
0.0326512
0.0220789
0.0602871
2.30154
0.0217136
3.57774
0.048364
0.0222196
0.0240987
0.0222414
0.0220515
0.0302678
2.3305
0.0220833
0.0217779
10.4457
3.88031
0.0645648
0.0222611
0.0582626
0.021913
0.0219299
5.84212
9.15456
0.0219187
0.0214615
5.22204
7.28518
0.0492867
0.0220957
8.93329
0.0222947
0.0219232
0.0227822
0.0219299
0.0216042
0.0215992
8.38288
0.199375
0.0252748
1.74765
0.0449919
3.86513
5.62386
5.64022
0.171637
0.021887
0.0222381
0.0220122
0.0219921
0.0706634
0.0218772
0.10127
0.0291648
0.826146
0.0220489
3.87922
0.0343762
11.5389
0.021923
1.7212
0.0298197
0.198236
0.40442
0.0306095
0.021596
8.11646
0.058014
2.39997
0.0215511
5.70581
0.0220275
10.5623
0.443587
0.0407581
0.0219076
0.0220879
4.50148
10.8399
0.0318194
0.0214346
1.13918
0.0852335
0.045128
1.4768
0.0745581
0.0218503
4.43608
0.0218984
0.0332811
0.0215065
9.33674
0.0215138
0.0226042
0.4931
3.91137
0.0222217
0.0731196
0.0236963
0.0726902
0.0218751
0.308534
0.02302
0.0608651
0.0218661
0.0219848
5.07162
0.0283061
10.4237
4.48734
9.04993
0.0224743
0.0215394
0.0216964
0.0252676
0.0371346
0.0314641
12.233
0.0231406
0.412857
0.0403214
0.022281
0.0218395
0.0639498
0.530605
20.8616
0.0218883
4.17742
0.021858
6.6484
1.54744
0.0463036
0.0219917
0.0216641
0.0431459
4.7351
0.0239593
0.0222685
0.0228256
0.0450669
0.0222546
1.17725
5.56239
3.90078
0.022157
0.025936
9.45754
0.0221875
0.0584967
0.0217262
0.73448
0.0352949
0.0219384
0.0418699
0.164868
0.0216527
5.08402
0.0219005
0.177215
0.219396
0.562837
0.301061
0.0221675
0.0220588
16.477
0.0220216
0.0382769
0.0751459
0.0231546
0.0214529
9.09877
0.0241918
0.366982
0.0224565
0.0633471
0.0223221
0.388931
0.0245896
0.0242884
5.01213
0.96987
0.0220893
0.022273
0.148804
5.61128
1.90603
0.647569
0.0291105
0.0219026
0.0217732
4.36755
0.0221388
6.23429
0.104836
4.42129
0.022107
0.0216923
0.0217811
0.0430427
0.0515677
3.59805
3.95261
1.93177
0.297881
0.0215855
2.40244
0.0227088
0.0634848
0.0224292
0.0402497
0.0563931
0.0219095
0.0215429
0.0615081
0.0215995
0.0389969
0.0644014
6.86423
6.42739
0.0391999
4.52815
0.0216685
0.0215339
0.0220745
0.174628
0.057436
0.0470595
0.126963
8.52593
0.0377962
0.137441
0.0217267
0.0217851
13.2178
0.021765
0.261113
0.0214313
0.0218284
4.62049
0.297385
0.021802
0.0898155
0.492086
8.08145
4.00057
0.0246735
0.0696764
0.0488779
8.49013
0.0219321
6.20853
10.7348
0.0232592
0.0249486
0.0215632
0.391314
0.0215421
0.0219789
3.61519
0.0220633
0.0215061
0.272707
0.0607872
3.92031
3.86933
3.4695
4.88641
0.0214679
0.0218873
0.0218075
0.0222053
2.28798
0.0219353
4.29509
0.0226879
10.3518
0.0239035
0.0220006
0.0216647
0.0220863
0.0293797
0.0218296
0.021448
0.44757
0.0217982
0.0516274
0.0222637
16.5641
0.0239107
0.0220779
0.0216445
0.0540392
0.0219024
0.0217512
0.0220888
0.0222147
0.0233021
0.0218054
0.0230453
0.0304045
4.52674
11.3899
10.5637
5.34468
0.0217474
0.0220047
0.0219017
0.0214002
0.0219169
0.0217104
0.184888
0.0218309
0.0222515
0.0220691
0.0220448
0.0218183
11.2274
0.0230649
0.0219674
17.6344
0.0436933
0.0216978
10.1056
13.6909
0.0220202
0.397547
0.582108
0.0219314
0.0436588
0.0234651
0.0215328
0.0268079
0.0217866
0.0424052
0.0220123
0.022247
0.0217209
42.5493
0.0277294
0.0433364
0.0220324
0.0222649
9.90243
0.0250231
0.022037
0.0235088
0.0238738
0.0222518
0.199028
11.9007
2.57982
3.51274
0.20723
0.0360664
0.0222597
10.7109
0.198533
0.0224741
0.061894
0.0222931
0.0218792
0.0222461
2.65106
0.0445485
0.0219972
0.022044
0.260184
0.0217058
0.36044
0.0218742
1.73545
0.356718
2.03789
0.0220789
0.0228584
0.0305329
0.034346
0.0220816
0.037519
0.0802981
0.916349
0.0218078
0.486918
8.92691
0.0215044
4.80186
0.0417916
0.335267
0.121189
0.0219033
0.0272693
0.04087
0.021669
0.0246796
0.0215162
3.88942
4.15119
0.031554
0.0218212
0.189001
0.0694846
2.80984
0.272047
0.0230024
0.0277875
0.0219361
0.0218606
0.0409288
0.0497666
18.1256
0.0217938
0.446218
0.0221917
7.60417
0.241911
4.72427
0.0215812
0.0226482
1.9102
1.74983
0.0407427
7.32994
0.0222335
0.208385
0.0219091
0.0218172
5.52998
0.452609
0.0236568
0.0220936
0.0699269
2.16563
0.170469
0.0621185
0.0217522
0.0220143
0.0217033
2.32617
10.2628
0.0217004
0.0449723
4.53433
0.0830102
0.261858
4.11709
7.81776
4.91418
0.0217104
0.0221411
4.82702
0.0218844
0.0468338
1.49202
9.61043
0.0230064
0.0291449
9.24066
0.601346
1.96918
9.44334
4.49453
3.81856
0.0221109
0.0215769
0.0219865
0.0221443
17.9061
0.0511612
0.349858
0.357053
0.0536238
0.0218046
0.290399
0.0216119
0.0304177
0.0219166
0.0389857
8.56658
8.48113
0.0220711
0.0215583
0.0403307
4.20403
0.227048
10.4561
0.0426098
0.0219374
0.075538
0.0214245
0.0875539
0.0306761
0.021888
4.13922
0.151924
0.544725
0.0583069
0.0220711
0.0214944
11.7259
0.024582
0.021585
0.0221457
0.0222559
0.0216694
7.59961
7.95382
4.97301
1.37443
10.6091
0.0229908
0.0219326
3.73577
0.0237723
0.0998824
5.32297
0.0218622
9.72989
5.85432
0.0634906
0.0323441
0.801718
0.022788
1.72122
0.0371692
4.90279
0.0217969
0.0225848
0.0393294
3.51239
0.1453
0.0646291
12.4027
4.95635
0.0665929
0.216184
3.28018
0.0238652
0.331119
33.7947
0.0351106
0.0582095
5.61713
0.0322301
0.0354908
0.0221037
0.0372008
0.0394884
0.0576995
0.0220888
3.12163
0.146879
4.58782
13.8762
5.05461
0.0381434
1.54025
3.9571
0.0218411
0.277384
3.95139
2.98259
0.0272644
0.0236604
3.4735
8.88755
0.0215617
0.213744
0.0217414
0.0219031
4.34051
0.024686
5.12673
3.83084
5.75625
2.28496
0.0215998
0.0355671
0.0219261
0.0218382
0.104477
0.058165
0.0261371
2.62934
4.58973
0.0222729
0.025699
1.30342
0.022899
0.333219
0.0447876
4.05896
3.96153
0.630078
6.90046
17.8796
4.31073
3.93196
5.00505
0.0305049
0.0245809
0.110475
0.109522
4.51639
1.81567
0.0221322
0.0222168
11.1379
5.05047
0.0240082
11.9939
0.0218873
0.787207
5.98632
4.60327
0.0219184
4.19064
1.4844
0.0262514
0.0336337
10.0137
9.66139
10.4702
8.99365
0.0218918
9.69367
4.23991
0.038553
0.213988
0.0985252
0.0217228
0.0262741
6.90473
5.95217
0.0241726
0.0221716
3.51033
0.0807171
4.95235
0.0796123
1.8136
3.95796
0.0219866
9.17462
0.0222852
0.0302341
0.0219509
0.0216772
0.0216927
0.036771
0.239983
0.0214653
12.1314
0.0774882
6.02165
10.4507
4.54204
0.0219051
6.17058
1.51249
4.82489
0.0335615
0.0219091
8.02033
0.445309
5.24706
0.0516825
0.0230332
0.0216746
10.1592
8.35686
0.0324797
10.2681
0.0296781
0.0220408
3.72667
0.050714
17.4428
0.0217774
0.0285691
4.10304
10.636
4.1872
0.224971
4.04482
4.42345
6.69778
0.0220498
8.36002
0.0459877
0.0218021
0.0215007
0.0218657
9.96704
0.0463963
3.96473
4.52755
0.0375713
0.148378
0.0926357
5.30472
0.263259
10.7844
11.9513
1.31234
0.0786982
0.0215884
0.531706
0.0530059
0.12177
3.74017
6.40312
1.61603
0.0220936
0.0237235
0.0454464
0.0220602
0.0218188
0.0275583
3.9583
0.0275624
0.0239563
3.66945
0.0779372
0.434769
4.32895
4.02767
0.475296
4.55027
12.1598
5.10797
0.0588051
0.0314106
0.0219868
1.2672
0.121465
0.354153
0.0586385
0.0562237
0.0214325
0.256158
5.79681
0.0254298
0.0215627
0.0225696
7.81843
0.0218698
0.022026
0.0657367
4.13219
0.0277072
0.051356
0.156083
0.0292425
0.0568568
0.0218064
0.0219754
0.0411004
0.315359
0.0220875
0.0306899
0.246446
4.5361
0.0219981
9.59941
0.021807
4.00839
0.0228616
0.0230211
0.021525
0.241683
0.0346974
7.7241
9.33884
0.0620078
0.0221629
0.0217103
5.52926
8.00921
0.0215972
0.242976
4.69609
0.0543661
0.0715199
0.0213951
0.0224015
0.0219087
3.7654
0.0423419
0.0220519
11.1217
0.0221762
0.0537211
0.382475
0.0217243
0.089942
0.0636793
14.8966
0.0222159
0.0254552
0.0230022
0.0563595
0.0213785
0.0218963
5.70334
0.371952
0.08358
0.0216659
5.21759
0.0221881
0.0221773
0.0219565
0.55449
11.2235
0.0233951
9.08699
7.24331
0.0670841
6.01474
7.38424
11.3971
7.21262
0.0514028
0.0635883
0.316252
0.0489952
0.0219493
0.028942
0.029362
11.3326
0.0220795
6.84066
0.0219736
0.376606
0.100117
0.0225141
0.0223523
10.5887
12.9728
13.8947
3.97126
0.0218024
0.0739934
11.0645
0.0254211
8.61391
0.0388538
0.0990315
4.33092
0.0338425
0.0219924
0.147882
0.186513
0.0218915
4.00611
1.9746
0.0216922
0.022239
0.0221212
0.0220095
10.7567
0.0216908
0.0484112
0.0220258
0.0219504
0.0309083
0.0219288
3.76156
0.0958913
0.0219991
0.0215887
0.138502
0.0229067
0.0524058
8.29964
11.9059
0.0527671
0.234733
0.0384691
0.0215635
0.182458
10.0559
0.0371947
4.00461
4.76283
0.0703725
0.0382881
0.0267847
0.072629
0.0364537
10.2646
0.0221134
0.0219895
0.0215846
6.21461
9.14655
0.0344202
0.113326
0.0217426
0.0255098
0.0879733
0.421613
0.0218552
0.0600024
5.79428
0.0812885
0.0219859
0.0218778
17.2741
14.8067
0.0219195
0.868247
0.0303318
0.298156
0.272282
0.0218536
6.69735
0.0287448
0.022025
1.76702
0.305452
0.0219069
0.0221633
0.408247
0.021734
0.0220435
0.133167
0.0397672
0.0433161
12.4552
0.0248358
0.0441894
5.48618
0.0217867
5.08136
11.0575
0.0246947
0.0604938
0.225716
0.021913
0.218634
0.0214424
4.75489
1.49343
0.0220029
1.21165
4.07594
0.021883
0.0218963
0.510289
0.0393515
4.0559
3.90356
0.0220945
0.0432001
12.534
0.0221718
0.0474221
0.0667806
0.0325414
1.16902
0.222881
0.0224866
0.350938
8.27242
0.0430186
0.819299
0.0219073
0.0215259
0.0222674
0.0400963
5.69833
0.0220657
0.0333704
11.5904
6.25219
0.0222178
0.0291943
1.90482
4.00684
0.0222244
6.49108
0.0336158
0.0960068
0.0347219
0.0227386
0.0255049
0.0218954
0.0219527
5.74792
0.0219318
0.048589
0.021975
8.35541
0.0224623
0.0228212
0.0215585
0.0232997
0.0219776
0.0410719
9.15143
0.976663
0.0374916
0.0400743
0.0219664
0.030218
0.0521363
5.02063
11.2742
0.0218248
3.74017
0.0220227
2.33072
3.67937
11.0866
0.0218205
0.101188
0.0682096
11.315
0.213834
0.0218079
4.85484
0.29179
0.0355779
1.81808
0.0218998
0.0219295
0.0377309
5.77005
0.0218926
2.30305
0.0324802
4.82412
0.0829548
0.0221585
5.01139
0.0274615
0.0219797
0.366838
0.0218145
2.77369
8.76768
0.158805
0.0265741
0.143652
0.0218927
0.116585
0.0442323
7.41309
0.0219351
0.0215292
0.0262423
0.0290165
0.0429375
4.30223
0.606005
0.034006
0.215768
0.0217762
0.486228
1.36499
0.179743
0.0218953
0.0222599
0.0223038
4.31428
0.0219618
0.0257592
4.71325
0.0732714
0.0219158
0.236927
0.0729296
0.0219816
0.0246634
0.142064
1.34455
0.0701861
0.0430261
4.85247
3.82146
0.359675
0.0260103
0.0219987
0.0239526
0.0239977
0.1751
0.0577907
0.0269095
0.0705126
8.74551
0.0235122
0.0219913
12.4557
0.262066
4.61965
0.178478
0.0251657
0.0232211
0.023195
0.0217205
0.0218376
0.0429659
0.0214878
0.0226038
0.0219927
0.0225995
0.0231187
0.0219357
0.0366589
0.0367415
0.0218671
0.0219206
0.0221193
0.0224513
0.0221558
0.249542
0.0220577
0.022986
1.33985
0.0216024
0.022839
0.0220924
0.0266539
12.3012
10.0546
5.57356
5.43
4.63878
0.26737
0.0218639
0.060924
0.0218873
0.717545
0.0223398
0.028453
0.0220395
0.0538743
0.0219487
0.0307096
0.0217665
2.1383
0.219619
0.0220789
8.00546
4.83705
0.0218628
0.0999049
0.021938
0.0215471
11.0933
0.0218887
0.0689286
0.272558
0.0221046
0.021503
0.0786371
5.01077
0.0243218
0.0229088
3.82163
0.02193
8.51721
0.0495498
10.4159
0.0216415
4.03158
0.0218666
0.022023
0.331912
0.0580117
8.7674
4.88426
16.9798
1.4141
0.156486
0.157044
0.0220465
0.12219
0.0217433
0.0218127
0.088234
0.0218991
0.0219782
0.0215605
0.0215923
0.0554466
4.1744
3.89064
0.369786
6.57456
0.0230343
0.029018
0.0223385
0.0224576
0.0711695
0.0219232
0.0215302
0.0217949
0.0231637
0.0227792
0.167275
0.0871424
0.0459131
0.0221091
0.0505256
0.0521986
6.6425
12.1023
0.0242995
0.0390002
0.022088
9.5879
3.49455
0.0219062
0.0219306
0.0240122
0.0222131
0.469559
0.40057
11.2785
0.0219957
1.28612
0.0219687
5.53197
0.0498775
0.021804
0.0276277
3.45953
0.0260079
0.0274803
0.0294633
0.0905524
5.83334
0.0215417
0.0219116
0.0270743
0.170272
0.0218123
4.98555
0.498847
0.0219008
0.0213941
10.7257
0.0668862
0.0218936
3.21889
11.144
4.82153
0.358827
0.0273395
1.85716
0.022072
10.8759
1.10563
0.660031
0.066594
0.0234673
10.9116
0.0244689
0.0218618
0.0214295
0.203927
0.0216037
1.72223
0.0220463
0.0220154
0.0243459
4.13596
0.0234421
0.0224799
0.0220736
7.60364
7.77701
9.35738
4.095
0.0426013
0.0218923
0.0235451
0.209635
0.102362
0.0219813
0.0485924
0.190389
2.52515
0.0217852
14.568
11.4151
0.038309
0.0220632
0.0233886
0.0219405
0.021646
0.0219254
0.0220333
0.0217034
0.0914674
0.0220957
0.104608
0.0223346
0.0223999
12.4638
0.0737438
0.0224187
0.0224631
5.09851
0.0214821
0.0222752
0.0255346
0.0218085
1.86878
0.0306049
0.022444
0.0415712
0.0218427
0.026674
0.0215327
0.146149
0.0218085
0.0218548
5.59168
0.0226367
0.185814
0.0329646
0.023241
0.0738705
0.0213841
0.0220885
0.0223661
10.1778
0.0231522
0.0218975
2.0077
0.0218869
0.0215886
0.0218805
1.14068
0.0307575
0.109899
0.0319227
0.029403
0.0466441
0.0234496
0.0264698
0.0443788
5.13839
0.0220855
0.0277192
0.0217359
0.21779
0.28295
0.0219023
0.0276167
1.86156
0.0285787
0.0214899
11.2042
0.0253022
0.0762906
5.08833
0.0277434
0.0218413
0.028836
0.0219006
0.0230336
0.0219004
0.0229218
0.0253452
0.0219695
0.0220682
0.0303628
0.0220062
0.104472
0.0217769
0.0232276
0.0218748
0.0284083
3.99329
0.0219361
0.0218155
0.0905393
0.0223643
0.0218489
0.241224
9.16729
6.35553
0.0219571
0.0240052
0.0347855
0.0222445
0.0221257
0.0334504
0.155262
0.0215104
0.0498812
0.0219121
0.0218835
0.0216554
0.0214937
0.0223402
0.0422844
0.0336217
0.0261617
5.07873
0.023733
0.027224
0.0216571
4.7699
0.354385
4.5015
0.0219387
0.0459558
0.0277008
0.0219092
0.0221203
0.039339
4.47635
5.22675
0.0216711
0.0269369
8.11358
0.0224694
0.257688
10.4739
5.04568
0.0286915
0.0219191
0.0379062
0.0434695
0.169645
9.1748
1.55619
4.81329
0.022389
0.022174
0.0218817
0.123566
0.0217893
0.0216565
0.0374833
0.0218595
0.0217438
0.0218737
0.0483407
0.0218031
0.021766
0.0219635
5.32337
0.0214756
0.0219405
0.0221068
0.022071
0.0219373
0.0667544
0.0696042
1.11313
0.0214684
0.0275199
0.0930064
9.40496
5.41289
0.022065
0.022275
0.0487769
0.0889298
0.0251923
0.363024
0.0219166
0.392099
0.022278
3.87162
0.0224903
0.0218764
0.0459396
0.0218965
0.0216807
0.022441
0.569295
0.0239799
0.0222378
0.0221784
0.0219039
0.0394737
0.0216098
0.0219092
0.0254701
0.0941609
0.0238692
0.0215636
3.97257
6.13549
0.021889
0.817576
0.0221442
0.0286939
0.0794525
0.299572
0.0230578
0.0226253
0.0219682
0.242922
0.0278772
0.0218955
0.0218888
0.0228486
0.18657
0.0216652
0.03453
0.0234856
0.0330765
0.0469921
0.0375099
0.0829774
3.75684
0.0244432
0.0220405
8.46675
0.46243
0.0219292
0.0214641
0.0220632
0.0219119
0.0218717
0.0234941
0.0216469
0.0220779
9.63333
3.98072
0.0316309
0.0218943
5.73077
0.0234648
0.0216878
8.71765
0.0229979
0.0215908
0.0220934
0.0220383
0.0368652
0.0219356
0.0524096
0.0219052
0.0217692
0.021902
0.0320977
0.035502
0.0218873
0.0558533
3.95073
0.0227833
0.0218842
0.0569206
0.0216547
0.0218919
0.0218506
0.0298662
0.0220535
10.95
0.0221426
0.224554
3.16155
0.0571281
0.0226544
0.0219981
0.021927
0.0219245
0.028833
0.202314
0.141963
0.021794
0.023294
11.4929
0.0214922
0.151332
0.0219592
0.0223331
0.030333
0.0576613
0.0219519
0.0332888
0.027218
0.0543568
3.68975
6.96111
0.021644
0.0219236
0.0310332
0.0221186
0.0223784
0.0499435
0.0222508
0.0834576
0.0217718
0.0643808
0.022106
0.0738415
0.0578361
3.9474
10.2067
0.0219129
0.0385019
0.711363
0.308262
0.0215452
0.0215303
0.162027
0.02193
0.0217863
0.0217233
0.0214711
0.067617
0.0818255
17.6985
0.0220206
0.0459588
0.0222548
0.0215427
0.022722
4.22837
0.144156
0.0218708
0.0220024
0.0218217
8.21593
0.0219969
0.0218961
0.022245
0.0219024
0.0407576
0.0218286
4.98612
0.0219799
0.0220849
0.0220702
0.021837
0.021686
0.0220064
7.88256
0.021771
0.0218975
0.364671
0.0217619
0.0220431
0.0221119
0.0221569
0.0547032
0.0218648
0.0219664
2.42316
0.0228274
0.0220386
0.0220983
0.021423
4.27392
0.0226277
0.0220564
0.0218599
0.0253602
0.0219591
2.30264
0.021787
0.0220094
9.44547
0.0219766
0.0645346
0.0220452
0.0213848
0.0214374
0.0292594
0.036433
0.0218036
0.022286
0.0232357
0.0218903
0.02211
0.0219762
0.0216554
0.02153
0.0215457
4.91523
0.0219473
0.0218178
5.97442
0.0218968
0.0263296
0.157169
4.08667
0.0217938
0.0219555
0.0219472
0.0216023
0.0226119
0.0383447
0.0234132
0.0374148
0.0217275
0.0245088
0.0218882
0.0214455
0.0266299
0.0585885
0.0231197
0.0276154
0.022027
0.021946
0.0221201
5.28544
0.0226537
0.0220118
9.61278
0.0222031
2.18128
0.0220634
0.0219198
0.0216856
3.92319
0.0218552
0.0245193
0.0223747
0.0220721
0.0219592
0.0220874
0.0218395
0.0236141
0.0218669
0.0365121
0.0222475
0.0390227
0.0214157
0.021599
0.0232121
3.28505
0.0221495
0.022049
0.0223428
0.0218939
0.0234339
4.50371
0.0224596
0.0262084
4.61451
0.573218
0.0224279
0.0221455
0.144148
0.0767754
0.022515
0.0221151
0.0216362
0.666508
0.0220647
11.2669
0.0215895
0.0215153
0.0221038
0.0215856
0.0228037
0.0215576
0.0219877
0.0222649
0.0633905
0.0232448
0.0221379
0.0215777
0.343534
0.0695822
0.0214674
0.0221033
0.0229928
0.0222389
0.0220589
0.0215328
3.62693
0.0215373
0.021881
0.0629072
0.0215294
6.1725
0.0218149
0.0463739
0.0259955
0.0219608
0.0214771
0.0219059
0.0216944
0.0220432
0.0215158
0.0215742
0.681158
4.07648
4.98902
0.0215716
3.1117
0.0218849
0.0580406
0.0219037
0.0219095
0.0221089
5.53404
0.0219352
0.0218926
0.0221267
0.0218821
0.826819
0.0218936
5.01158
0.0214179
0.0219825
5.9898
11.5596
0.0219827
0.0219471
0.0264161
0.0220163
0.155548
0.0217394
0.857236
0.021734
0.0349235
0.0221396
0.021804
0.0219292
0.021879
0.0227879
0.0218279
0.0307189
0.035279
0.111076
0.0215025
10.4587
0.021887
9.69112
0.0218938
9.03273
5.83978
0.0217364
0.0218968
0.021539
0.021807
0.0220437
0.0216383
0.0215344
0.0219992
0.0214125
0.0958908
0.0221098
3.86877
0.0215321
0.0214649
0.0219113
0.0219035
0.0221626
3.67805
0.0223774
2.43873
0.0214407
0.0221192
0.0351713
0.0215587
0.175234
0.0227865
0.0219155
0.0391909
0.0214811
0.0219715
0.0221956
0.021532
0.0278401
0.039794
0.0215841
0.0221124
0.0220458
9.68817
0.0230052
0.0214603
10.8097
0.0536371
0.0215794
0.0219062
0.212613
0.0222553
0.0214097
0.35175
0.197578
0.0222686
0.0214114
0.0222396
0.0348257
0.0215406
0.154179
0.0215757
0.0215786
0.0414373
0.0543048
0.0215743
0.0215344
0.0214157
0.02167
0.0216826
0.0387891
0.02196
0.0216816
0.0221105
0.0218368
6.40695
0.0222722
4.15436
0.0257209
0.0274285
0.0221421
4.2235
0.0217898
4.60169
0.0214236
0.0219471
0.458103
0.0219657
0.0225223
0.0216278
0.0242935
0.0216204
0.0264228
0.0214591
3.11545
0.0220432
0.0214763
0.0214848
0.0215468
0.116191
0.0217461
6.07181
0.0219053
0.0243346
0.0214757
0.0220165
0.195217
0.0219952
0.10199
0.0218026
0.0227379
0.0220122
0.0221335
0.0222036
0.0218803
0.021975
0.215902
0.0215472
0.0219322
0.0223173
0.0220583
0.0220555
0.033009
0.0215771
0.0219048
0.0218242
0.0215663
0.021751
0.0219918
9.90544
0.185239
1.62044
0.0214099
0.0229998
0.0221263
0.0259982
0.141038
0.226393
0.0321293
0.0215271
0.0219722
0.0216203
0.0221449
0.022115
0.0219007
4.55867
0.0514854
0.0219254
0.201587
0.0221379
7.77771
0.0219509
0.0218844
0.0217932
0.0214677
0.0214596
0.0216256
0.0216307
0.021749
0.0398011
0.0223453
0.0218931
5.26807
0.021542
0.022162
0.0219807
0.021472
0.0218932
0.282592
0.0217521
9.96586
0.021876
0.0215266
0.0347477
0.0218294
0.0260998
0.0720228
0.0215845
3.87665
0.0698343
0.0215701
0.0222191
0.021472
0.20711
0.0215938
0.0272105
0.022229
0.0217572
0.0216735
0.0217919
0.0219026
0.0220069
0.0217275
0.0219283
4.25328
4.35949
0.0226208
0.0219526
0.224877
0.0317162
4.79723
0.0217955
0.0218762
0.0219527
0.0221647
0.0219298
0.0216056
0.021516
0.0219656
0.0397757
0.021633
0.0220108
0.0251937
0.0219817
0.0284754
0.0220443
4.82409
0.0218597
0.0219208
0.0227826
0.04033
9.70177
0.0218719
0.0221566
0.0218753
0.0219983
8.2409
0.0222036
0.0218963
3.85862
0.0217242
0.0219921
5.48304
0.0218169
0.0218458
0.0214476
0.0219067
0.0217234
0.0219984
0.0347077
0.0217749
4.74906
0.0220988
0.0232688
11.2647
0.0218796
0.0216134
0.0220631
0.0214172
0.021584
4.57079
0.0219614
0.0220095
0.0221937
0.0218332
10.2011
0.0217943
0.156748
0.021661
0.0767358
0.157271
0.0823965
3.32527
0.0261683
0.0342956
0.0280987
0.0218727
0.021988
0.0228801
0.163399
0.0606245
0.0214598
0.0220071
0.0219614
0.0217064
0.0215768
0.172658
4.13224
0.19319
0.0222781
0.0221635
0.0294588
0.0219946
0.0219629
0.0216859
0.0219297
0.0219379
4.4955
0.0226993
0.0219409
0.0214819
0.0683492
0.0216207
0.0220727
0.0217034
0.0215254
0.0218962
0.0220499
0.0500562
0.0217532
0.0248427
1.22252
0.0216428
0.022104
0.021656
3.72222
0.0214992
0.0217415
0.0458283
0.0219753
0.078375
0.0217627
0.0214326
0.0223384
4.83733
0.0222524
0.0220939
0.0216571
0.0217676
5.6746
0.0226941
0.0216922
0.220293
0.0218984
0.0217471
4.62745
0.0222935
0.0222941
0.022293
0.0222925
0.0222918
0.0216799
0.0231315
0.022445
0.0766766
0.0215408
4.56666
10.8183
0.030225
0.0215737
0.02179
0.0218906
0.0219982
0.0217688
0.0221339
0.0216771
0.150678
0.0218918
0.0217798
0.0216904
1.06744
0.0215925
0.0221349
0.0217827
0.0219486
0.0218886
0.0217186
0.0222935
0.022587
0.0221197
0.022329
0.0224708
0.022198
0.0222185
0.0222542
0.0219714
0.0222858
0.0214981
0.0217436
0.021691
0.022274
0.0217755
10.4447
0.0218638
0.0218183
0.0218585
0.0214
0.0221939
0.0219747
0.021934
0.021908
12.0626
3.27949
0.0214756
0.0217465
0.138622
0.0338633
2.04272
0.0218287
0.0236247
0.0343811
0.021531
0.0220375
0.0219556
0.0221517
0.0219058
0.217071
0.0289286
0.0330505
0.0219504
4.23219
0.022125
0.0218489
3.8429
4.34109
0.0216371
0.021861
0.0222615
0.0225877
0.0219102
0.0219946
0.0217964
0.0230171
0.0215137
0.121325
0.0217515
5.04381
0.0217815
0.0220136
3.97206
0.022109
0.0218108
0.022234
0.0218836
0.0220261
0.0268569
0.0221688
0.321261
5.74456
10.678
0.0217551
0.104085
0.0218717
0.0220182
0.0219757
0.0218398
0.0215934
0.0219916
4.87015
0.0217975
0.0219181
0.0215718
0.0217397
0.021886
0.0215499
0.0221435
0.0219761
0.0216674
0.0219279
0.0220292
6.71363
0.0219238
2.36539
0.0222944
0.0219161
0.0217466
11.2944
4.20683
0.0215563
0.0216306
10.7931
0.0438803
0.0219272
0.0220285
0.029972
0.0217699
0.0219108
0.0217757
4.80038
0.0220911
0.0220547
0.0222838
0.0218889
0.0218589
5.05369
0.0215141
0.0215945
0.0217989
0.0220779
0.0219086
0.0218897
0.0219433
0.0218938
12.9832
0.0221025
0.0220032
0.0216596
0.0298887
0.0217034
0.0313431
0.0220395
0.0216661
0.0219396
0.0217745
0.021762
0.0217865
0.0221212
0.0215997
0.0217573
9.35907
0.0219638
0.0320151
0.0219653
0.021896
0.0216136
0.0216842
0.029719
0.02202
0.0214324
0.0218767
0.02191
0.0236022
0.613944
0.0217299
0.021465
0.0220336
0.0220593
0.0219976
0.148371
0.0217722
0.0220048
0.0306439
0.0217423
0.0470625
0.0218306
6.22189
0.0219315
0.0217726
0.0219619
0.0215516
0.0219357
0.0250991
0.0218523
0.0220249
0.0219002
0.0219802
0.0221253
0.0216993
0.0218839
0.0216281
10.8648
0.0219678
0.0222321
0.0721804
0.0232275
0.0217806
0.0214499
2.83736
0.0220365
11.7118
0.0217869
0.0843745
0.022284
0.0233849
0.021515
0.0220312
0.0219005
0.0217524
0.0219077
0.0219043
0.0219475
11.8145
0.0213947
0.0220415
12.2966
0.0221208
0.0215679
0.0218963
0.0219104
0.0306298
0.0216888
0.0294361
0.0218585
0.0221215
0.0221255
0.0221288
0.0218315
0.0219522
0.0235142
2.45755
0.0220014
0.0221309
0.0218417
0.0220064
0.0215432
9.72831
0.0223891
0.021918
0.0218921
0.021546
0.021685
0.025909
0.0217832
0.0214352
0.0220662
0.0219686
0.0214326
0.0219746
1.15854
0.0219901
0.0218059
0.0220984
0.0220083
0.0220428
0.0214313
0.0220726
0.0220269
0.0220742
0.0221398
0.0214262
0.0219084
0.0220221
0.0219285
0.0221575
10.8796
11.3371
0.0220575
0.0230871
0.0218472
0.0250132
0.0927731
0.021527
0.0217889
0.0261955
0.022478
0.0310365
0.021908
0.0218847
0.0219361
0.0219861
0.0215818
0.021753
4.72213
0.0318956
0.0215189
0.0239459
0.021921
0.232153
0.0216495
0.0216129
0.0214982
0.0217259
0.0218997
0.0901951
0.0218362
0.0940157
0.0445062
0.0239477
0.0217646
0.0220826
0.0218314
0.0218938
0.0220344
0.0218909
0.0217779
0.0291494
0.0220471
0.0218169
0.0221607
0.0220343
0.0219667
0.0220095
0.0219823
0.0217215
0.0220107
0.0218926
0.0220289
0.0220154
0.0344709
7.77092
0.032987
0.0217113
4.37081
0.0220436
0.0216659
0.0585542
0.0220711
0.0218745
0.0217869
0.0218949
0.0219386
0.021577
0.0220331
0.0222481
0.0218982
0.0217986
0.0217792
10.7656
0.0217613
0.0218972
0.0290693
0.0217557
0.0217343
0.0219777
0.0222929
0.0221493
20.4826
0.0218787
0.0395976
0.021965
0.045738
0.1298
0.0214255
8.06473
0.021948
0.0219523
0.0216985
10.4916
5.5578
0.0215171
0.026894
0.0221031
0.0224114
3.56381
0.0238981
0.0219516
0.0215605
0.998985
0.0219722
0.0225967
0.0220032
7.98058
0.0219343
0.0214424
0.0217587
10.0479
0.0217881
0.0219743
0.0219989
0.0215709
0.0220139
0.0220888
0.0219986
3.78775
9.51732
0.0219933
0.0230958
0.0240692
0.0691635
0.0217094
0.162556
10.3949
0.0215162
0.0216175
9.49057
0.0264405
0.0220155
0.0217925
0.0222928
2.66184
7.38154
0.0221643
0.0221373
0.0222135
0.0219577
0.0219677
0.0222402
0.0222559
0.0220496
0.021902
0.0321803
0.0214744
0.0230969
0.0222713
9.63543
0.0215316
0.0220603
0.0216131
0.0222994
11.228
0.0221297
0.0564527
0.0223496
0.0219912
1.41437
0.0220788
8.54805
9.75369
0.0217998
0.0221214
0.0218935
0.0222423
0.0219981
0.0218308
0.026459
0.0214109
0.538108
5.0797
4.30289
0.0219965
0.023813
0.0219385
0.0215298
0.0219919
0.0221438
6.30131
0.0220841
0.0220794
0.0218056
0.0221386
0.0221827
0.0221646
0.021997
0.0219908
0.0221054
0.0214941
0.0833698
0.0223092
0.0665977
0.0219818
0.021833
0.0216262
0.0220303
0.021682
0.0220492
0.0223341
0.0241609
0.0216552
4.04145
0.0220976
0.0840672
0.0219147
0.0218143
0.0704358
0.0279752
0.0218945
0.021978
0.0220325
0.0218932
0.0215757
13.6617
0.0421055
0.0218052
0.0214876
0.0221151
0.0219975
0.102441
0.0219936
0.0214211
0.0220456
1.30496
12.2099
0.021676
0.0218228
0.0219739
0.0219508
0.0228944
3.8432
0.0292978
0.0638255
0.0215113
0.0424048
0.112846
0.0221008
0.0222376
0.135363
0.0223125
0.0215995
0.224117
0.023321
0.0227595
0.0217787
0.0499596
0.0220361
0.0219969
0.0621584
0.0219616
0.0231773
0.0219012
0.0765738
0.0214933
0.0219278
11.298
0.0252528
0.0221267
0.0302025
0.0215892
0.0277289
0.0241304
4.61022
6.36906
0.0220912
0.0216984
0.0311387
0.0219269
9.7023
1.31762
0.0220825
0.0220571
6.04114
0.021601
0.0221116
0.0470482
8.47118
0.061558
0.0216187
0.0219284
0.021838
0.0217889
0.0216726
0.0220316
0.0398653
0.0220284
0.021477
0.0218319
0.0219586
6.41071
0.0311984
0.0221831
0.0230487
0.0215087
0.0216566
0.0283741
0.0219559
0.0347627
0.0218875
16.535
0.02141
0.0217316
0.0363914
0.0221811
0.0220985
0.0221927
0.0245876
0.0214423
0.022341
0.0215429
0.0218751
0.0216745
0.0224729
0.0219901
0.0219087
0.0220661
4.13275
0.0384364
0.021557
0.0219148
0.0219212
0.0214617
0.0579443
0.0671922
0.0218413
0.0220439
0.0218053
7.22735
11.9546
0.0220644
0.0215685
0.0215273
0.0215427
0.0222179
0.0218569
0.0217178
0.0217959
0.0414739
0.0219027
1.29111
0.022028
0.0218219
0.0220175
0.0630383
0.0217097
0.0378802
0.021677
0.0219503
0.0219133
0.0305812
0.0220114
4.4615
0.0219879
0.0222926
0.0220113
0.0216292
0.0303117
0.0223379
0.0218364
0.0215591
0.0220871
0.0219286
3.98477
0.0457349
0.0220735
0.0756048
0.0216672
0.0221417
0.0245094
6.6321
0.0220156
0.0219203
0.0288058
0.0255569
1.14548
0.0215868
0.0218245
0.0671026
0.053211
0.0213997
0.0221147
0.0221747
0.0217402
0.022809
0.0219253
0.0218961
0.0263913
0.0214493
0.0452944
0.0216925
0.0218121
0.0218929
0.0217897
0.0216391
0.0220497
0.151259
0.022252
0.0218384
0.0217224
0.0216748
0.0218046
0.0216619
0.0320039
0.0542675
0.0215972
0.0221653
15.5894
0.052045
0.0693241
9.02501
0.0219035
0.0217065
0.0216074
0.0216601
0.0580171
0.0221231
0.123357
4.83386
4.13378
0.0220474
0.0220852
0.0215168
0.022238
0.0219752
0.0252436
0.022263
0.0252982
15.6371
0.0217967
1.09807
0.0247817
5.29521
0.022065
0.0217203
0.0216942
11.253
0.0217817
0.0222588
5.09856
4.60944
0.0219051
0.0218271
0.0221548
0.0215934
0.0217666
0.0576723
0.0217542
0.0217963
0.0256739
0.0220896
0.0217865
0.0215803
0.947903
0.021914
0.0221305
0.0219442
0.0533345
0.0217513
0.0220096
0.0267304
0.0230845
0.021855
0.0584706
0.0359981
0.02353
0.0508271
0.0225167
0.0219922
0.0218647
0.0217366
0.0216349
0.0217985
0.0221585
0.0220931
0.0249401
0.022186
0.021975
0.0533062
0.0512826
0.0218918
0.0215207
0.0220202
0.0220202
1.83542
0.0216929
0.0225006
0.0337336
0.476877
0.399924
0.0218509
0.034013
0.0530065
2.4488
0.0218772
0.0219763
0.0223408
0.0218567
0.0222724
0.0218884
0.0397698
0.0214001
9.34612
0.0219137
0.0219782
0.0217221
0.0218552
0.022036
0.0222654
0.0220269
0.0221263
0.0222453
0.0219268
5.99596
0.0217217
0.0219232
0.680056
0.0220206
0.0220093
0.0475374
0.0219919
0.0219427
0.0263874
0.0221464
0.0217879
0.0222716
0.0219338
0.0218072
0.0219157
2.85147
0.0250444
0.0223928
0.0218647
0.0218988
0.0218316
11.9521
11.288
0.0224373
0.0219975
0.0218627
0.0236387
0.0219465
0.0287177
0.0218535
0.0221956
0.0220435
1.31352
0.0379612
0.0217253
0.0357101
0.021896
0.0294563
0.0221205
0.0216165
0.0221053
0.0221454
0.0217756
0.021742
0.0218127
0.0221696
0.241516
0.0232547
0.0218507
0.0254362
0.0236982
0.0453744
0.022247
0.0222523
0.021905
0.0227245
0.0218824
0.0221943
0.0216925
5.53336
0.299359
0.0223275
0.0342354
0.0214528
0.0219555
0.0218226
0.0216792
0.0218994
0.0221584
0.0220934
0.0219902
0.0220421
0.327959
0.0232118
0.0216932
0.0219102
0.140334
0.0220167
0.021866
0.0446507
8.9152
0.0219709
0.0218496
0.0219312
0.021811
0.0219545
0.130483
0.0218097
0.0216965
0.0216771
0.0220064
0.0220376
0.0221698
0.0216634
0.0253514
0.0219011
0.157909
0.0221777
0.0228013
0.0379504
0.0219877
0.0220936
0.021903
0.0222941
0.0220851
0.0221364
0.0223483
7.44414
0.0220347
0.0217078
0.0462098
0.0220048
1.04054
0.113042
0.0219594
0.022022
0.0219298
0.0217522
0.0219415
0.021488
0.0219863
0.0398182
0.0222926
0.0215675
2.17554
0.0222045
0.0220913
0.0222074
0.0217849
0.069038
0.0260042
0.0220763
0.02194
0.021627
0.022039
0.0219283
0.0221074
0.0278397
0.027174
0.021973
0.0221536
0.0214339
0.0219795
0.021546
0.0219077
0.0219856
3.23264
0.0228661
0.0219409
3.0571
0.0221481
0.0220903
0.0222931
0.0221075
0.0219089
0.0219327
0.0221234
0.0221644
0.0220215
0.0218087
0.0222849
0.0221411
0.0218675
0.0222937
0.0221332
0.022176
0.0218775
0.0221755
0.0215535
0.0222865
0.0215427
0.0221241
0.0221192
2.70296
0.0219212
0.0220269
0.021814
0.0361563
0.0220453
0.0218605
0.0216651
0.0219228
0.0227041
0.022293
0.0221443
0.0217089
0.0222935
0.0221732
0.0221311
0.0224616
0.0222917
0.0222276
0.021852
0.022293
0.0221047
0.126506
0.0218584
3.85671
0.0219967
0.0220579
0.0290676
11.5343
0.0222982
0.0219381
0.0220416
0.0215105
0.0221137
0.022028
0.0216732
0.025963
0.0217285
0.0219739
0.0220983
0.0405104
0.0228221
0.0217973
5.26731
0.049883
0.0218888
0.0217925
0.0220568
0.0228478
0.0218978
0.0232761
0.023993
0.0217619
0.0214261
0.0221353
0.0220247
0.0220865
0.0220757
0.0221867
0.0222497
4.36207
0.0219829
0.0220443
0.0221185
0.0216002
0.0429318
0.021514
0.0221569
0.0221758
0.0221285
0.0220655
13.8454
0.0384916
0.021814
0.021797
1.32156
0.0217329
0.0221235
5.12942
0.145056
2.64872
0.0221736
0.0221683
0.0409386
0.0222944
0.0218858
0.0217915
0.0216326
0.0219368
0.0218008
0.0219897
0.0306738
0.0221058
0.0221268
0.0218361
0.0214807
0.0219952
0.0216713
0.0218509
0.0221422
0.0214591
8.90595
0.0221786
0.0220188
0.0329223
0.0220384
0.0218441
0.022063
0.26276
0.0217374
12.0203
0.0219669
0.0218166
0.0221633
10.8872
0.0220467
0.0220333
4.47159
0.0221982
0.0227312
0.0219418
0.021907
0.0326247
0.0216486
0.0280541
1.80855
0.0219253
2.5791
0.0222419
8.48363
1.14439
0.102785
0.0222428
0.0218859
0.0213794
0.0221272
0.0218327
4.40206
2.92845
0.0215838
0.0221762
0.0666493
0.0218677
0.0222357
0.917412
0.0218582
0.0222755
0.0218538
0.0420103
0.113358
0.0218417
0.0220832
0.021983
0.0219829
0.0215149
0.103923
5.10406
0.0228908
0.0249546
0.0218568
4.38988
8.9185
0.022058
0.0218992
0.0221996
0.021693
0.022023
0.0220311
0.0221968
0.0221829
0.0213954
0.0312452
9.8471
8.84117
0.0221434
0.0221824
0.234654
0.0221628
0.022079
8.57876
0.0221556
3.92894
0.0251258
0.022181
0.0218553
0.026096
0.021745
0.287663
0.0221999
9.65171
11.8996
0.021999
0.0222001
0.0221205
11.5625
5.79025
0.0214222
13.3358
0.0219678
0.0222301
0.0217638
0.0215181
0.210209
0.0263266
0.0218257
0.0221618
0.0239317
0.0218016
0.0220058
0.0222229
0.0221421
0.0218491
0.0216278
0.0829337
0.0222254
0.0214586
0.0579403
0.0221788
0.022203
0.0221388
0.0221267
0.0214263
4.63486
0.0221085
0.0258915
0.156257
0.0221905
0.0220914
0.0215436
0.0221724
0.0221906
0.0567669
0.0257756
0.0215696
0.0216664
0.0222032
0.0216791
0.0222288
0.0250829
0.0219751
0.0222081
0.0221171
0.0222071
4.97182
8.38617
0.0216043
0.0220154
0.021726
0.0214686
0.0867415
0.0297877
0.0221524
0.0221864
0.0217283
0.021955
0.0220708
0.0219429
0.0214271
0.0235925
0.0222434
0.0222153
0.0222087
0.0221619
0.0219927
0.0216701
0.0221525
0.0216465
0.0219177
0.0216193
0.0221515
0.0222194
0.0576371
0.0215107
0.0221152
0.0217247
0.0221546
0.0216276
0.0221438
0.0221751
0.187935
6.02367
0.0219844
0.0220176
0.0220488
0.0218163
0.0222451
0.0216572
0.0216345
0.0218651
0.0219788
0.0232922
0.0222458
0.0221992
0.0219107
0.0219274
5.14123
0.0222323
0.0219539
0.021622
0.021836
0.0217655
0.0215014
0.0246084
3.02209
0.0220993
12.4263
0.0220808
0.0219428
0.0221109
0.021701
0.046965
0.0219917
0.0220592
0.0218929
0.0234842
0.0216338
0.021829
0.0221841
0.0218939
0.0215547
0.149792
0.0220528
0.0217145
0.0219461
0.0217148
0.0218059
0.148977
0.021873
0.0235472
0.022108
0.022081
0.208182
0.0219554
0.0215757
0.021891
0.0217283
0.0217609
0.0221721
0.0221181
0.0216592
0.0240864
1.60407
0.0221933
0.021825
0.0215359
0.0218773
0.0222269
0.0217859
0.0220739
0.0222131
0.0710415
0.0214609
0.0218844
0.0214437
0.0394887
0.0222191
0.0221787
0.0218563
0.0221081
0.0220923
0.0216041
0.0216182
0.0218606
0.0215872
0.0218597
0.0220269
0.0216048
0.0215698
0.0221649
0.0222272
8.44868
5.46161
0.0220652
9.93994
0.0220315
3.97129
0.0220979
0.0219647
0.0507734
0.0220348
0.0219018
11.4549
0.0217821
0.0217496
0.249643
0.0217627
12.5637
0.021904
0.0221316
0.0221858
0.021776
0.0215228
0.0220545
0.0217909
0.0221583
0.0218106
0.0221556
0.0221363
0.0217941
0.0217614
0.0218604
0.0221626
0.0221579
0.0218984
9.16074
0.0220094
0.0438714
0.0221507
0.0217375
0.0215395
0.021747
0.0461707
0.0221069
0.249051
0.0217301
0.0221293
0.0219173
0.0217726
0.0218937
0.0221953
0.0279545
4.68618
0.0219312
0.0754844
0.0220699
0.0215314
0.022059
5.10175
0.0219134
0.0217327
0.0218751
0.0219346
0.0598555
0.0296397
0.0220593
0.021809
0.0218492
0.0219495
0.0215583
0.0219128
0.0221651
0.0218348
0.0249956
0.0220597
0.0219497
0.0220137
0.0220839
0.0221511
0.0220881
0.0219988
0.0216625
0.021634
0.0218323
0.0219436
0.0221303
0.0219661
0.178107
0.021982
9.22394
0.02171
0.168086
0.0219829
0.0218515
4.99568
10.7226
0.0218707
0.0217292
4.36336
0.0218956
0.0220595
0.0444537
0.0237665
0.0220869
0.0245965
10.316
0.0220166
0.0315109
0.0222002
0.0219996
0.0221729
0.0220893
0.0220335
0.022093
0.0222424
0.0219971
0.68552
0.0214687
0.022356
0.022074
0.0372217
0.0218236
0.0222118
10.4377
3.59472
0.022137
0.0222071
0.0239018
0.0214853
0.0216766
0.021912
0.0220596
0.0255142
0.0219066
0.0214549
0.0221159
4.80127
0.0220949
0.0220428
0.0282992
0.0220778
0.0222227
2.99124
10.8996
0.021453
0.0221885
0.0218253
0.163676
0.0221505
0.0214105
0.0215604
0.0217903
0.0219095
0.0219485
0.0220498
0.0222857
0.0218456
0.021882
0.0215222
0.0214647
0.0216084
0.0220712
0.0214425
0.0277555
0.0217178
0.0222847
0.0220232
3.44074
0.0215262
0.0218081
0.021741
0.0220812
0.022024
0.0217839
0.0220922
0.0222
0.022061
0.0221444
0.02166
0.0220528
0.0218754
0.0222178
0.0216093
0.0221849
0.0214509
0.0216878
0.0217881
0.0219118
0.02216
0.0221636
0.0221028
0.0218201
0.0219595
4.70363
0.0219117
0.0219618
0.022001
0.0221256
0.0218276
0.0265483
0.0240638
0.0312524
4.28747
0.0619052
0.0219758
0.0214343
0.0217037
0.0221766
0.0221962
0.0224578
0.021673
0.0220893
3.71686
0.0220593
2.46409
0.0214977
4.64891
0.0220745
0.0221638
0.0216583
0.0216067
0.0221831
0.0214496
0.0219565
0.0219611
0.0217347
0.0276747
0.378687
0.0221486
0.021857
0.0217033
0.0221824
0.0376786
0.0220208
0.0219345
0.022168
0.0219833
0.182004
0.0213916
0.0221852
0.0220314
0.0220409
0.0221672
0.0221884
0.0220608
0.0217571
2.39368
0.0220952
0.206962
0.0284354
0.0219265
0.0218183
0.0218893
0.0219767
0.0226644
0.0222185
0.0222456
0.0442583
0.0220062
0.0221697
0.0218819
0.0419604
0.186274
0.0222249
0.022001
0.021668
0.0218378
0.0219814
0.0221818
0.0261569
0.0220686
0.0233253
0.0343051
4.439
0.021962
0.0219374
0.0219417
0.0292208
0.0371964
0.0221605
5.50275
2.83726
0.0219534
2.83743
0.02192
5.67905
0.0218856
0.0219402
0.0219481
0.0216246
0.0220585
0.0221692
0.0219425
0.0221529
0.0222031
0.0224864
0.0219445
0.0221104
0.0214151
3.83201
0.0215092
0.0218357
0.0244423
0.0304543
0.0216708
0.022244
0.0220364
0.0217916
0.0221511
0.0216133
4.93931
0.0220494
11.4885
0.0218798
0.0221335
0.0222103
0.0218987
0.0216324
0.0223285
0.0219107
0.0215948
0.0215547
0.0217397
0.0220287
0.0220485
0.0230332
0.022205
0.0226585
0.0220148
0.0221159
0.0219996
0.0220959
0.028339
4.9921
0.0219993
0.0214992
0.0219575
0.0221388
0.0218326
0.0218531
3.62858
0.021785
0.0220093
0.0252024
0.0942447
0.12031
0.0219346
0.0214368
4.53686
0.0219452
0.021533
0.0339645
5.68243
0.0218404
0.0219119
0.0219497
0.0215029
0.0219998
14.5689
0.046028
4.83996
0.0217241
0.0243062
0.022145
0.0218517
0.0215608
0.0214333
0.0216676
0.0218594
3.78622
0.0220094
0.126911
0.0217826
0.0216869
0.0219993
0.0219478
0.0218065
0.0222674
0.0216082
2.16601
0.0222064
6.32882
0.0221187
0.0218628
0.0219741
0.031894
0.0216544
0.0218452
0.0217066
0.0215117
0.0399571
0.0230668
5.54614
0.0218857
0.0218749
0.021383
5.055
5.14599
0.0218064
0.0218326
0.0220746
9.44135
0.021854
0.0216984
0.022224
0.021628
0.153748
0.0217685
0.0218127
0.259882
0.0219181
0.0219926
0.0219444
4.10686
0.0352393
0.0217843
0.0216423
0.0218884
0.0219417
5.6585
0.0218392
0.0221175
0.0218021
0.0219893
0.0248679
0.021817
0.0219627
0.02173
0.0217772
0.0222051
0.0230131
0.0311364
0.021902
0.0218903
0.0220966
0.0221393
0.021933
0.022064
0.0219693
0.0222258
0.0218324
0.021901
0.0238668
0.0222195
0.0219421
0.0222427
0.0221073
0.0220037
9.25851
0.0220767
0.022276
5.01136
0.0219806
0.0221575
0.0219925
0.403152
0.0214587
0.0225281
0.0379
0.0216434
0.0222535
0.0221878
0.199763
0.0220592
0.0219415
0.021559
0.0221105
0.022007
0.0745468
0.0254011
0.0238103
0.0218684
0.0217224
0.0221929
0.0218439
0.0219924
0.021598
0.0222894
0.207579
0.0219129
0.0221133
0.835858
4.33444
0.021882
0.0219734
0.0221022
0.0657889
0.0938147
0.0218714
0.0219158
2.9765
0.0219313
0.0218961
0.0220932
0.0215049
0.0220864
0.022228
4.18739
0.0221617
0.0221055
0.021878
0.0218176
0.0221286
0.769637
0.0218842
0.0218555
0.0218897
0.0335648
0.0221977
0.0218521
0.021958
8.3629
0.0216049
0.0221445
0.0218148
0.0222059
0.0216877
0.0230615
0.0219601
0.0218556
0.0219002
0.0605961
0.0221492
0.0222078
0.0221446
0.022064
0.0222269
0.0220678
6.25938
0.0220504
0.0628608
0.0222342
0.0217072
0.0222136
0.0222048
0.0216184
0.0216539
0.0216532
0.0218107
0.168058
0.0253421
0.0218205
0.0461835
0.0214471
0.137012
0.0221367
0.0216945
0.0215919
4.27994
0.0217167
0.0218191
0.0215171
0.0218176
0.0256749
0.0220647
0.0218682
0.0215077
0.0215515
0.0220147
0.0216482
0.0214651
0.547135
0.137543
0.0218131
0.0220647
0.0220629
0.021821
0.0263165
0.0216
0.0220745
0.0218182
0.0219396
0.0222464
0.0219043
0.0215765
0.0255908
0.0297135
0.0221686
0.0218157
0.0217703
0.0215845
0.0224295
0.0219227
0.0221127
0.0219514
0.961566
0.0219647
0.022113
0.0217347
0.0219218
0.0226547
0.0217803
0.0217373
0.0218697
0.0215598
0.0214313
0.0299588
0.0218129
0.0218979
0.0215766
0.0218982
0.0215127
0.022057
0.0680437
0.0221872
0.0215395
0.0223476
0.0219276
0.0218153
9.29029
0.0217468
0.0218255
0.0216752
3.89189
0.0217359
0.0219186
0.0354681
0.0359154
0.021448
0.022246
0.022219
0.0217345
0.0219529
0.0219153
0.0217897
0.038359
0.0222989
0.0221079
0.0221204
0.0219838
0.0218197
0.0218226
0.0216436
0.0229884
6.52223
0.021955
0.0219337
0.0219341
0.0216651
9.62738
0.021889
0.0219328
0.0219782
0.0220949
0.0222616
0.0214446
0.0218239
0.0219151
0.0222283
0.0219492
0.0219358
0.0376898
0.0250697
0.0220794
0.0922746
0.0218182
0.0217469
9.67198
0.0218016
0.0220376
0.0219174
0.0221999
0.0219497
0.0217489
0.0222073
0.0217811
0.0217983
45.8275
25.6544
41.3435
9.33139
0.021527
0.0218894
0.021737
0.0219051
0.0222516
0.021763
0.0217113
0.022144
0.0220749
0.0220652
0.0214695
0.113242
0.0221284
42.732
0.0221503
0.0221113
0.0221815
0.0653421
0.0216564
0.0217853
0.022128
0.0217479
0.021874
38.6773
0.0217991
9.71175
0.346941
0.0217987
9.21457
0.0218237
0.0629841
0.0217411
0.0221811
0.0649695
0.023016
0.0220643
0.0221444
0.0218345
0.0220633
0.0218635
0.0218433
0.0217459
15.1598
25.1906
42.635
20.8167
28.1851
43.9354
30.0369
14.059
28.3303
13.816
28.614
31.2701
12.9449
26.6013
37.9171
41.7204
14.332
48.2883
7.80266
28.6628
0.0221575
0.021669
0.0214963
0.0629494
0.021743
0.0216658
0.021741
0.0222398
0.0222263
0.021806
0.0219223
0.0218272
0.0218049
0.0218504
3.05196
0.0219996
0.0655369
0.0217864
0.022139
0.0215455
0.0218867
0.0218176
0.0220263
0.0214208
0.0218313
0.0217771
0.0219105
0.0218896
0.0221823
0.0218584
8.39119
8.52161
8.55057
7.36709
7.38455
0.0219151
0.0222191
0.0763243
0.0221806
0.0217844
0.0217653
0.0216895
0.0221235
0.0218636
0.0614643
0.0220789
0.0218223
0.0217872
0.0219372
6.30909
0.0217943
0.0218906
0.0217539
0.0215287
6.98785
0.0218874
3.60122
0.0400269
1.54636
0.0246456
0.0425095
9.94804
0.0220107
0.0217086
8.15992
0.157
1.41448
4.68695
0.0341043
0.02146
0.0227544
0.0215819
0.0217967
0.0214785
0.0216846
0.0217628
0.0221997
0.0222165
0.0572837
0.026078
0.0217994
0.0216822
0.022077
0.0222396
0.0225355
0.0219008
0.0216441
0.024841
0.0216788
0.0218778
0.0216799
0.0218624
4.63229
0.0217287
0.0222392
0.0221794
0.0220885
0.0216216
0.0220443
0.0221629
0.0215177
0.0221997
0.0218331
0.0216224
0.0219235
3.25098
0.0214625
0.0219581
0.0215883
0.053848
0.0219155
0.0219386
0.0222115
0.0218394
6.70089
0.192964
7.62357
0.0216034
0.021783
0.0217112
0.0217182
0.0221309
0.0220042
0.0219665
0.0218297
0.0217252
0.0216946
0.0216588
0.0245744
0.0782017
0.0215232
0.0217416
0.0219212
3.73284
0.0218087
0.602607
0.0222521
0.0218223
0.0218227
10.3103
0.0216429
0.0219148
0.0220972
0.0217626
0.0214116
10.1263
0.0214785
0.0218481
0.0490839
0.0220695
0.0219641
0.029296
0.0410427
0.0216448
0.0217967
0.0222028
0.021841
0.0216578
0.0505066
0.0220987
0.0217891
0.0222324
0.0215901
2.03654
0.022114
0.0219715
0.0222355
0.0218944
0.021991
0.54847
11.6922
0.0218511
0.0218982
0.0220928
10.9256
0.0216438
0.0344627
0.0216188
0.022032
0.0215927
0.0217812
0.0219566
0.021952
0.0216489
0.0215844
0.0216495
0.0222181
0.0266718
0.0220742
0.0216411
0.0215124
0.021695
0.022031
0.023595
0.021783
0.0217724
3.78641
0.0217878
0.0213986
0.0216447
0.0340735
0.0217501
0.0214625
0.0213797
0.0473372
0.022048
0.0217381
0.0220656
0.0216499
7.3777
10.3154
0.0237913
0.0213825
0.0222295
0.0217371
0.0220839
0.0219593
0.0219462
0.0214785
0.0216514
0.0222937
0.0224181
0.0216622
0.0256101
0.0483036
0.0220435
10.4719
0.0220053
0.0218058
0.0217507
0.0221321
0.0216283
0.0216978
3.64075
0.0224745
0.0215167
0.0216895
4.75567
0.0221439
0.0221825
0.0512657
13.2675
0.0219212
0.0214665
0.0279113
0.248025
0.0216475
0.021959
0.044529
0.0216021
0.022003
0.0221626
0.0215188
0.0221698
0.0216288
0.0214898
0.0220047
0.0215242
0.106679
0.021892
0.032486
0.0409824
0.0221724
0.0220646
0.174134
0.021428
0.0217528
0.0216317
0.0217791
0.02147
0.0218848
0.0243705
0.0220509
0.0221753
0.0220056
0.0219513
10.5667
0.0216049
0.0218871
0.0219638
0.211896
0.0216851
0.0221141
0.0222598
0.0219222
0.04307
32.2709
30.1518
0.0216436
0.0220362
0.022195
0.0222482
0.021672
0.0573131
0.0218355
0.25406
5.04403
0.0419679
0.0215145
12.9504
0.0220793
0.0222601
0.0215181
0.021997
0.0216541
25.9914
0.0222346
0.0392586
0.0442892
0.0214652
6.76269
0.021687
7.08868
0.0215457
0.0217296
0.0217378
2.75691
0.0274252
0.0217921
47.1516
0.0256505
0.0220043
0.0216357
0.0217184
0.0231019
0.0216416
0.0220743
0.0217024
0.0220961
0.0218382
0.0218759
0.021749
0.0214298
0.0222387
42.9514
44.6179
0.0219116
0.0222163
0.0220557
0.0221877
0.022606
0.02164
0.0216183
0.0219143
0.0218339
0.0221256
0.0214822
0.12216
11.6071
0.0218205
0.0215315
0.0220043
0.0214666
10.6259
14.5286
0.0216333
0.0228115
0.0222558
0.0218766
0.181432
0.0218638
0.0216245
0.0220898
0.023048
0.0221251
0.0215083
0.0215007
0.0218943
0.852004
0.0218237
0.0242045
3.86457
0.0277178
0.021968
0.0214796
0.0218534
7.00181
0.0221644
4.47261
0.157419
0.0227951
0.0221081
0.0218712
0.0299229
0.0221379
0.0215909
0.0311954
0.0221879
0.0226072
0.0220466
0.143936
0.0218296
36.7027
41.4039
0.0220899
0.0218185
0.0315936
0.0217209
0.0217075
0.02201
0.0221065
0.0217212
0.021965
0.0216393
4.37994
0.0218346
0.0214335
0.0226313
0.0217377
0.0287802
0.0216364
0.0218454
0.0214947
0.0218945
0.022074
0.0218382
0.0217812
0.0218883
0.0218119
0.0220267
0.0219082
0.124241
0.0214993
0.0221376
0.0221286
14.8977
0.0347672
0.0214932
0.0244219
0.0218955
0.0398086
4.33136
0.0225937
0.0219368
0.077737
0.0218377
0.0221617
0.0226073
0.0218794
0.0869496
0.021896
0.0223042
0.0217567
0.0218439
0.0220891
0.0215679
0.0215914
0.0214583
0.0216413
10.6125
10.0185
0.0286907
0.0216808
0.0221796
0.0468023
0.0216132
0.0219986
0.0218277
0.100702
4.06624
0.0221977
46.6053
0.265719
0.0219123
0.0218684
0.0214314
0.0672709
0.0218277
0.0218225
0.0220947
42.1907
0.0587212
0.0218473
0.0221463
0.0217506
0.0216624
0.0440927
0.0217759
0.0216477
0.0223986
0.0214322
0.0220461
0.0243861
0.0217961
1.15126
4.75888
0.146052
0.022055
0.0219356
0.0217737
0.0216368
0.0218605
0.113945
0.0217484
22.2878
0.0253644
0.0219192
0.0216827
5.05728
0.0218376
46.5643
0.0787976
0.0228943
10.3061
0.0215446
0.022138
0.02206
0.0218739
0.0221945
0.0395311
0.0232366
0.0610515
31.8911
39.2724
0.0221051
0.0221217
0.0321428
0.0229847
0.0218353
0.0220205
0.0222402
0.0217154
0.0219185
0.107539
0.021991
0.0220743
10.0445
7.10422
0.0219404
0.0245685
0.146881
0.0218411
4.0431
0.0219443
0.0437194
0.0218505
13.9541
0.0217787
7.91933
6.35232
0.0214826
2.4557
4.12824
0.153142
0.0222078
0.0215259
0.0327537
0.131035
29.3832
0.0218339
30.8295
0.0217471
0.0217777
0.11597
1.12486
0.0219268
30.5294
8.68296
0.0215594
43.5598
0.0216298
7.47132
0.021894
0.0218001
15.781
0.0219032
0.0218566
13.0581
7.55592
0.0218681
0.0237518
0.0220132
9.75094
0.0309441
0.0218365
0.0218995
0.0214863
0.0216669
0.0214147
0.0216231
31.9465
0.0214946
4.1367
0.0220741
0.0217747
0.0218371
0.0220608
0.0218579
0.0221551
0.0220463
0.0220879
0.0730623
0.165376
0.025115
0.0214526
6.24701
7.06082
0.0218209
0.021982
0.0263596
9.52599
0.0222283
0.0274513
0.327576
0.575389
0.03722
0.0343804
0.0221752
3.17116
11.534
0.938525
0.0237434
0.0804226
0.0219112
4.37489
0.0221867
0.021865
0.0336924
0.0339894
0.0214279
0.0218404
0.0218462
0.0220306
0.618515
0.022092
0.0219302
0.132824
0.0215945
3.98069
0.0218701
0.0246008
0.0217136
0.0341624
0.0221815
0.0221319
0.0219187
0.0248585
0.021637
0.0218458
32.7477
0.0219336
1.74858
0.0217983
0.021922
0.0220002
0.0217228
0.0335604
0.0218773
0.0219591
0.0221904
0.0218452
0.115282
0.0216705
9.57644
0.0260847
0.0218471
0.0217469
0.0218511
0.0220146
0.0218956
8.8846
0.024438
0.0218134
0.153236
0.0222391
0.0219687
0.0220321
45.8955
0.994807
0.042771
0.591658
4.2231
0.0240073
0.178348
0.0221392
0.0218405
0.0219628
0.0601819
0.0218569
0.0214833
0.0980681
0.0256334
2.61474
0.0221569
0.0689253
0.0222098
0.0217259
21.1315
0.454892
1.30458
0.0219405
0.0218366
0.0219786
0.0216341
0.0350954
0.0242196
10.6621
0.0218563
0.022167
0.0214569
0.0222473
0.0215098
0.0216937
3.9238
0.0219731
0.0221673
0.0219578
0.0296398
0.0218961
0.0442433
0.267155
4.36165
0.0216427
0.107154
0.0250609
0.0220741
0.0253769
0.0218945
0.0216911
0.0250553
0.0221731
38.0776
0.0218995
0.0244989
0.138143
0.0217069
0.136453
0.0217329
0.180855
0.0221852
0.0218315
2.39437
0.0932542
0.0219713
0.0215477
0.0283962
0.0216042
0.0364325
0.0324586
0.0371678
0.022328
0.0217782
0.0217793
0.0216628
13.3654
0.0221912
0.0213963
0.0218976
0.039335
0.0286969
0.0217384
0.0222786
0.0221562
0.0217677
0.0219604
0.022012
0.0220118
9.64377
1.94572
0.023204
0.022285
0.0222837
0.103289
0.0217635
0.0221781
0.0848688
0.0220301
0.0227056
0.0215022
0.0219495
0.021759
0.0215159
0.0219869
4.2583
0.0916667
0.730432
0.0340569
0.0219032
9.9521
0.0219117
0.0215907
0.021907
0.0734058
9.44409
0.0217581
0.0315638
0.0221878
0.0236941
3.86922
0.0217754
0.0220411
0.0217698
0.499634
37.021
0.0239303
0.0427094
0.986818
0.0216645
0.0218607
0.0217579
0.0216507
0.0217038
0.0215739
4.08862
4.13001
8.5297
0.0219534
0.0217185
0.0230107
0.0224967
0.0218792
7.84706
7.56925
4.99325
0.0214725
0.021689
0.0268822
0.0215813
0.0218794
0.0224287
0.022747
4.19503
0.0221438
0.021765
0.0216509
4.95212
0.166265
0.021577
4.32761
3.85309
2.03566
0.0218517
0.971712
0.0480195
0.0222744
0.0217498
9.79785
0.0267891
4.71824
0.0217371
4.35009
0.0217242
0.0217789
0.0232441
0.0219251
8.42764
0.0881114
0.0232336
0.0236058
0.022079
4.42766
0.349487
0.216243
0.166433
0.0216223
0.0481446
0.0226335
2.56981
1.16741
0.0217262
4.22532
0.0216762
4.75233
0.022047
0.0240124
0.0216281
7.83092
50.1549
0.0821921
4.97138
0.0217666
0.0216745
0.0222864
0.0214131
0.0218912
0.0220743
0.0218461
33.8363
0.0265299
0.0221718
45.6425
0.0219952
0.022105
0.0217825
4.7493
0.0220699
0.0216618
0.0216981
2.98429
0.0227106
0.0843747
24.0005
0.132707
0.0216745
0.0222321
4.22811
0.0287024
27.3226
0.0246524
0.0272129
0.0214996
45.4068
0.0368801
0.0426106
0.0221237
0.022274
0.0219708
0.0225947
0.022243
0.0343002
0.0923572
0.0215515
0.0214468
0.0214826
0.0214681
0.0216824
17.6559
4.59282
0.11928
4.76724
0.0965499
3.79251
0.0220741
0.0221902
0.0216016
0.0216072
0.0220341
0.0252558
0.0218979
0.0228718
0.0214594
0.0221011
0.162316
0.0351669
0.0219784
0.0214995
0.0223664
0.0221384
0.022119
0.113789
0.0241385
0.0219372
0.0216179
4.74535
0.0220917
0.0230227
19.1235
0.021605
0.0217752
0.070926
0.0219512
0.0219522
0.0222139
35.9508
0.0216594
0.0220381
0.0221839
0.0225122
0.0226596
0.0225971
0.0216777
0.0256126
0.165796
0.0221932
0.0220764
0.0301282
0.0380361
0.0217473
0.0221059
0.0216978
0.0221753
0.854273
0.0214056
15.3383
0.0214766
0.022186
0.0905485
0.0773155
0.0257322
0.0286107
0.978817
0.0218343
11.3176
0.0220841
0.086364
0.0219891
0.0271135
0.0218735
0.0221947
0.0222327
2.36373
0.136008
0.0219979
0.398681
0.0222421
0.0223608
0.0220507
0.237295
0.210858
0.0273522
0.0968043
0.190303
0.0234257
0.0217897
0.328637
0.0223254
0.0216891
0.034622
16.8569
0.448523
0.02745
0.022209
0.068163
1.56601
0.936641
0.0219939
0.02184
0.034294
0.0224722
0.0214821
0.518698
21.0519
0.0262471
0.196808
0.0255548
0.0220386
0.0216297
0.0216981
0.0244028
0.021908
0.0220776
0.0613056
0.0214028
0.0216895
0.0222962
0.0221916
0.0219945
0.0218462
0.0219889
0.113702
0.0219352
7.30921
0.022328
0.0218099
6.34811
0.0267046
0.0223935
0.647929
0.021494
0.0218681
0.0226873
0.0299672
0.0571471
0.0219113
0.021894
0.0228182
0.0218851
0.0221499
0.0406782
0.0777519
0.0225475
0.20366
0.0221602
0.0221904
0.0214449
0.0225971
0.0656649
5.0069
0.260703
0.0218344
0.0280734
0.027637
0.0715346
0.0264054
0.025053
0.0239616
13.2076
0.0320049
0.0218553
0.0239716
0.0253106
0.0220429
0.0216997
0.0242693
0.0505732
0.106826
4.624
0.0214995
20.6245
18.1906
0.0227755
0.0221061
0.0217025
0.0221996
0.302536
0.0226088
0.0243859
31.7774
0.0947791
0.0214484
15.9317
9.27279
0.0224923
0.0221486
0.0228767
0.0236869
11.0344
0.0545219
0.0232273
4.50337
5.57545
4.81074
0.057103
0.0273186
1.00167
21.0082
0.0291441
0.235609
0.0219187
26.8299
31.4535
0.0221495
0.0220017
0.0220188
0.021536
0.0516254
0.0222111
0.877548
5.26198
0.0221302
0.177584
0.0890381
0.0224427
0.0230646
0.021798
0.0317429
0.113225
0.0234305
0.022085
3.63182
0.0230152
0.0219846
0.0220787
0.0215105
0.0220625
0.0292869
0.0230149
4.69215
0.0221614
0.0227794
0.0218531
0.0428375
13.0142
0.0217493
0.0245831
0.0216547
3.52956
0.0218299
0.0214312
0.0343265
0.0218299
8.60481
0.0221605
0.02189
0.0220698
0.0216764
0.0214769
4.63103
0.0369181
0.0478884
0.0591942
0.0218951
24.5806
0.0221561
0.0224488
4.80308
1.04172
12.2702
0.0286404
0.0218967
11.6604
0.0234452
34.0793
37.8887
0.0240298
0.0219361
4.49275
0.0220851
0.0222189
4.2068
0.136669
0.0245471
0.204035
4.36131
0.0234904
0.0218507
0.0220472
5.4951
7.83936
0.0344628
5.32674
0.0650722
0.151701
0.0244594
0.0220081
0.0239795
2.14215
0.0263424
0.0235931
3.89819
12.3678
0.0216616
0.125812
8.78865
0.0271139
4.8791
0.0242492
0.0214422
0.0282167
0.02185
0.0477305
0.0219489
0.137806
0.0214806
0.0219595
0.0214154
0.0220506
0.0220004
34.5013
0.0219138
0.104536
0.0221673
0.0219086
0.0216182
0.0218319
0.0500627
0.0217777
6.15731
35.4474
0.023394
0.0247511
0.022001
0.0266104
0.0220038
0.0219946
0.0234362
0.0222287
0.0214516
0.0219236
0.0217054
0.0216579
0.342831
0.0221958
0.0218369
0.0220887
0.0220238
16.5036
25.0375
0.0454365
0.0229459
0.0225386
0.15212
0.0218945
0.0217333
0.0222709
0.0300987
0.0217474
0.0217699
0.025656
0.0280837
4.08649
19.6956
0.0217049
0.0219193
0.0215997
0.022768
0.0216541
0.021711
0.0214196
0.022699
5.40332
38.1122
0.0235844
0.0221466
0.0267222
0.0219438
0.0220614
0.0281857
3.7205
45.1595
0.0220354
0.734564
0.0234875
0.0217655
0.0222479
0.0242865
0.0217216
0.0227538
0.832356
0.0218152
0.0216875
0.0215141
0.0227638
3.85529
0.0219607
0.0289042
4.92514
10.6303
0.0240044
13.2979
0.025548
0.0293564
0.0220479
4.19104
0.0221018
4.7846
0.0218774
0.022111
0.0358848
0.0299916
0.0221315
4.02207
0.0221442
0.0220155
0.0217968
0.0221632
0.0217183
0.0232406
0.0244045
0.0218499
0.0286791
33.9833
0.0230561
0.93535
0.0222008
0.0256001
13.2649
0.0258432
0.0222302
10.7754
0.0218232
0.0221556
0.0220737
0.0223519
0.0319398
0.0220866
6.84856
0.0238302
0.0218493
0.0271074
3.65832
0.0221681
0.0221633
0.0221594
3.6205
4.45326
6.16851
0.201836
4.42793
0.0258564
0.140399
0.0250864
0.026708
0.0216488
0.0219639
0.0233831
0.0222058
0.0219962
0.021628
11.3795
0.0231328
0.0218975
0.135935
0.0217575
8.90856
0.0651615
0.0225034
0.021885
0.0221357
0.0229933
0.0221656
0.0244933
0.0237497
0.0219059
0.0219227
0.0217205
0.0227844
0.0510713
4.05027
0.0267516
5.10609
5.52589
0.481218
9.61536
0.0223198
3.91303
0.0703073
4.20404
0.0320841
0.0229019
0.0221381
0.0219929
38.5391
0.0240707
2.45437
0.0277707
0.0223475
0.023587
0.0266391
0.0221782
0.0221722
3.05039
0.0216948
0.0243594
28.9024
0.0225162
0.0218971
0.0280062
0.0216149
0.0218682
0.0324018
0.0222781
4.33731
0.0222391
0.107011
0.0222975
4.09555
0.0229673
0.0218231
11.5783
0.0226017
0.192664
0.0216335
0.0222832
4.97336
13.8015
0.0214964
4.2433
3.72638
4.34372
0.178459
0.0249027
0.0216214
0.0254416
0.828512
7.71828
0.0224469
0.0221418
37.1292
0.0218336
0.0606677
0.0224364
0.0221216
0.0850596
0.0661477
0.0220099
0.0218425
0.0224515
0.021535
0.0216431
0.0428326
0.0250487
0.0296246
0.0395812
0.025895
2.46582
0.0344889
0.0293597
1.14609
0.0283609
0.0219302
0.120132
0.0270956
0.0232744
5.62586
0.0216566
0.0608561
0.0224704
0.0216709
0.0220838
0.144428
0.0218025
19.8752
8.67398
4.22225
0.0217584
0.0214447
0.0286713
0.0220433
0.0713897
20.9077
19.7528
0.0219285
0.0218882
0.0253769
0.0305351
0.0269595
5.29801
0.0248445
0.0257064
0.0392402
0.0220482
0.0283157
0.0247978
4.64209
0.0274428
0.0216261
4.27905
3.68688
0.0218949
0.0222001
34.0644
0.0304036
4.64371
18.9978
0.0226919
0.0239602
0.0233893
0.0229879
0.021983
0.0218795
0.0262903
0.0226536
0.0426868
9.44539
0.0220876
0.0218947
0.213315
4.45289
0.0221974
0.0222357
0.0216264
0.0287466
0.11624
0.0217907
0.0219332
4.76117
0.0229027
0.0222242
0.0218968
4.9132
0.0216027
4.05436
23.0561
0.0217606
0.105233
0.032352
4.78339
0.0227073
0.0808017
5.64863
6.63804
0.0299027
0.023202
0.0220932
0.0310629
0.0491025
52.8184
0.0217769
0.0214175
0.0219726
5.30844
0.0267437
3.88493
0.0216987
0.0705599
0.0335132
0.0304423
0.0221047
0.0537311
0.0218887
0.0729159
8.5726
0.032718
0.0217119
0.0221041
4.55419
0.0222273
0.0217912
34.0448
0.0216511
0.023447
11.374
0.847363
0.0215743
0.0226335
0.0220645
0.027532
4.61935
0.0232885
0.0465393
0.0214368
0.482812
0.0216113
0.134343
20.5626
0.0218405
0.0221989
4.48791
0.0222225
0.0216465
0.0216165
3.83528
4.45552
0.0222874
0.0218993
0.0216355
0.0217648
0.0217006
0.560686
0.0217808
23.8644
0.0216992
0.0216934
0.0218531
0.021817
0.0222801
0.0296891
0.022032
28.5096
27.637
0.0237986
3.74109
0.144054
0.145245
0.0236863
0.0218619
0.031223
0.161225
0.0216424
0.121067
0.0216529
8.13074
0.0219686
0.0217699
0.0239953
0.0257293
0.0233491
0.0216174
4.40089
0.0225385
13.6513
0.102693
5.99681
0.0220421
5.032
0.102934
0.0218007
0.0761752
0.12077
0.024461
0.0300352
0.021444
0.0708312
4.79859
0.0218824
5.05906
0.0221115
0.101599
0.0219219
0.141719
4.42337
0.0225438
4.38834
0.0215349
0.0227857
0.102668
0.0328799
0.459035
0.0217886
0.0228765
0.0326119
0.0848751
5.93636
0.021759
0.0218757
0.0219002
4.42211
0.0234409
0.0265964
4.11562
0.0219843
0.0225258
0.021389
0.0362838
5.51821
0.0526592
0.0293994
0.0221449
0.394356
1.69402
0.0221113
0.0261147
0.0218998
0.0216132
0.0222072
9.81024
0.0649685
0.0572478
0.0358862
0.021589
32.1493
38.1604
0.0218354
0.0231679
4.67536
0.0236196
0.0226616
0.0217115
0.0243509
0.0217509
0.0222478
0.0294832
0.0242378
0.0221338
0.400803
0.0219902
1.08395
0.0859677
4.34213
0.0596483
0.0363246
0.0215005
0.295187
0.0313775
0.0222395
0.0218677
0.852421
0.0214851
4.28387
6.32758
7.90657
0.0361086
0.0249127
0.0252548
0.0221542
0.0219244
1.48003
0.0217701
0.0724386
0.0218707
9.77104
0.0217671
0.0217644
0.0234347
0.0220387
5.29059
0.0256637
0.0457545
16.0582
0.0520169
0.0256742
16.5729
0.0219082
0.0227439
0.202261
4.44133
1.7925
0.191362
0.0218963
0.021783
4.31654
0.026558
10.7679
0.0966013
1.17325
4.34639
0.0220181
6.27983
0.0812499
0.0216526
0.278422
0.0220821
0.031347
4.91475
0.0220714
0.0279848
0.0221457
0.788472
0.0224481
0.0221388
0.0218655
0.0220128
7.47728
4.15127
0.726313
4.3825
4.3229
8.22419
0.0273764
0.0218813
0.0261637
0.0215893
0.0214073
0.386684
0.021965
20.6448
0.0290734
18.0753
0.0239633
0.101115
0.0653385
0.0220307
0.0215735
0.0216813
0.0281575
0.0218369
0.031805
0.635332
12.5513
0.0221939
8.64358
0.0218059
6.80421
0.022239
0.0953015
37.5006
0.127875
36.6744
0.0221008
0.0219022
0.0392119
0.0218485
0.0271403
11.1685
0.101361
11.528
0.0370012
11.3363
0.0349805
0.523003
0.0214024
4.53522
0.0324638
0.0217282
0.0220438
0.022784
5.04432
0.0287318
0.0215262
0.888907
4.59941
0.0222256
21.2049
0.0222298
0.0305894
0.0219058
0.0360569
7.10167
0.0337236
40.3328
9.28765
0.0221421
0.0219695
0.0358462
0.0917538
0.0565603
5.43667
5.58682
0.0219608
11.0605
0.0219258
0.0216758
4.88843
0.194028
5.0702
0.0281432
0.0218654
0.0526862
4.55305
4.99425
11.1205
0.267214
24.1369
5.7431
0.122123
0.110017
28.4466
23.9188
9.83235
8.51787
27.2528
21.1649
22.48
0.0216353
1.90451
0.0214858
0.0292822
8.7678
0.0253333
0.0266744
4.09339
0.0331137
0.0255402
0.0219941
0.035348
0.114224
0.0330774
0.0219972
0.0219814
0.0225425
1.12093
0.021738
0.139243
0.022059
0.0222761
0.0214154
0.0221342
4.15295
4.78627
0.0283625
9.02358
0.0221924
9.63302
0.0215762
0.0218963
0.134359
0.0219088
0.0221391
0.0221749
0.0592192
0.0247928
0.0456304
0.021851
0.0218389
0.0372497
4.52071
1.3252
0.0573698
4.56765
0.629344
0.0219369
5.24445
6.55564
13.8037
0.021754
0.0222381
0.0223577
0.307885
0.0219749
4.43667
0.0218882
0.106433
0.0220187
8.2395
0.0220609
0.0827867
0.0244876
0.0221915
0.0220824
0.095741
0.0231068
4.77674
3.73996
0.0218601
0.0216495
4.9052
0.124974
4.53758
0.0222261
0.174948
0.0221536
0.021549
0.0834881
10.1092
0.111303
0.036482
0.0223672
0.0262283
0.037126
0.0221262
0.400178
0.0225318
0.0346598
0.10056
8.03575
0.0351289
0.0217673
0.0217601
9.73293
0.0223334
0.0342477
0.0217793
6.32352
5.76484
0.0219236
0.0216674
0.221222
9.19141
9.90648
4.30138
0.0225054
0.117579
0.0468507
3.68805
10.1015
0.0253259
0.0234213
0.0266189
0.0960148
0.0222266
0.0896576
0.0283971
0.136641
0.614814
0.0216325
0.0221111
0.0343478
0.0219287
9.63642
0.0217975
0.021759
0.58178
0.096219
0.701319
0.0253171
0.160513
0.0365083
0.0219117
0.0309478
0.0231483
0.0536173
5.00052
5.6166
0.0226272
0.0214993
0.0569157
0.0787085
0.0239282
0.024369
0.0221013
0.0213816
0.0512846
0.0694373
0.0219007
9.7615
0.0220589
5.90877
3.74232
0.0222939
0.0350598
0.0223402
0.0239154
0.0458069
0.0575382
0.0228143
0.0222882
0.0925315
0.0217994
0.302906
0.0216471
1.32881
0.0350211
4.21368
0.461205
3.78017
0.0729806
0.021426
5.7949
0.0213862
0.0226992
0.0221846
0.022194
0.030419
0.0227708
0.0330622
0.022288
0.188609
0.0530926
0.0917277
0.0534625
4.2473
0.0218229
0.0348194
0.0217661
0.0221816
0.0217865
0.0218722
5.49809
0.0221968
0.0222299
0.0317277
0.209196
0.0463089
0.0217865
0.12451
0.330607
8.42748
0.0241609
4.05781
4.80749
0.0220071
0.0230729
0.0745137
0.0638824
11.3217
0.132733
0.022086
0.0467338
0.0214529
0.155833
0.70586
9.68883
0.227206
0.0218465
26.5508
0.0216572
0.0217952
0.024796
0.0540447
0.0384071
0.0901482
0.0357922
0.0214405
13.9751
0.056097
7.48043
8.19292
4.255
0.0278668
0.0230704
0.022395
0.0225129
0.0219884
0.0248133
28.2594
15.0494
7.19844
0.3767
0.370042
0.0219874
0.0219196
0.0227625
0.0242775
11.6178
0.0227495
0.0222378
0.021727
0.0217095
0.0215671
0.0373445
0.0323692
0.0217141
0.0272508
4.86623
0.817023
0.0355628
9.84293
0.0218438
5.15219
4.62512
0.113898
0.0217851
0.0218626
0.0221965
4.86623
0.0261349
0.0280776
0.0439083
0.254322
0.0383176
0.0222868
0.0221482
0.0674792
0.0218502
0.105189
0.024583
0.0294006
0.0216046
5.51826
0.0321908
0.0218999
3.67592
0.022286
0.131945
0.0218162
0.0220348
6.1257
0.0554591
0.0421468
0.021813
0.0217612
0.0216806
0.0215895
0.0219879
0.109741
4.7024
0.245649
0.0407936
0.0809543
0.0217841
0.112805
0.0222783
0.756783
1.85944
0.025555
0.0218835
0.0217019
4.51004
2.03787
0.0237464
0.144833
0.0305416
0.0222265
3.70716
0.0221919
0.098099
11.9674
0.0220976
9.43576
0.0213856
0.0223143
0.0384694
27.076
0.0215842
0.0239044
9.61477
0.386822
5.76856
0.0216162
0.0222207
6.99005
15.5062
8.55739
15.6085
0.0541679
0.0221964
0.0218085
0.0220908
0.021672
0.0221567
5.29374
8.72322
2.21711
5.07551
0.0214909
0.0216145
4.35531
0.0280014
0.0221802
0.0217081
0.0221296
3.90454
0.0407688
5.11076
0.0222321
0.0219921
0.0222193
0.0372036
0.0250849
0.0227738
0.0243867
4.74839
4.27319
0.0230244
0.705494
0.0218896
0.0221306
0.122761
0.753264
0.0214011
0.118278
0.0219347
41.5451
0.0220469
0.640959
0.0222953
0.035962
0.0217959
0.0222789
0.0228856
0.116596
0.065764
4.76275
0.02189
0.0221982
0.0215042
21.7355
8.34871
0.0239438
0.132033
0.0826115
0.0229532
0.025977
4.17473
0.0434503
0.0215249
1.30213
3.13799
0.119841
0.022274
0.021658
0.0222136
0.0220181
0.0473843
0.0222714
0.0221664
0.0259264
4.34149
0.022249
34.7941
6.18828
3.14419
0.0782063
6.46119
6.932
6.1208
1.27899
4.32317
1.07984
0.0677109
0.158278
0.0217546
0.657702
0.0219695
34.2364
0.967372
0.0214423
15.106
0.0432119
0.0216845
0.140145
3.80503
0.0217768
0.0651131
0.0217692
4.24893
9.86588
11.517
0.0220609
3.9153
4.88145
9.3569
0.0540184
0.0427297
5.36317
0.0214577
4.38737
3.79006
4.55538
0.0219764
0.0250865
0.0216077
23.5024
0.0219125
0.742869
0.0361946
0.0282569
1.91327
0.0242078
0.0220251
0.0219653
0.0220437
0.0221827
12.009
0.0218901
0.0268307
22.6925
9.58638
0.146374
0.0226207
0.0346244
0.484035
0.0215107
0.022159
0.0236067
13.3149
0.0245981
0.523342
0.0219561
0.0215949
0.0721982
0.0430148
0.0377065
34.9252
0.0217085
1.48714
0.0253664
0.0220284
0.0499222
0.903307
0.0217595
11.0822
0.0275144
0.647024
3.84161
0.168662
0.0218165
12.5756
0.836191
0.032256
0.0260717
2.41077
0.403621
0.021908
0.0217147
2.72241
0.0216911
0.0215724
0.0227112
0.122298
3.58905
0.0215533
0.0366474
0.0622224
0.0787125
5.28275
0.021895
0.021895
0.0218803
0.0222659
0.77589
5.91754
0.0453682
0.0219512
0.0214153
0.126123
0.0220955
0.0246179
5.52106
0.0222484
0.023965
4.22149
0.021806
0.0220369
0.0274662
0.0220213
0.0219008
3.96291
0.0739228
0.108417
0.022211
0.022366
0.0409159
0.0519785
0.0220121
0.042904
0.0214547
0.0246957
6.46958
0.0222909
9.18616
0.0214055
32.274
4.22061
0.0217841
0.0275986
1.24365
0.0248241
1.01244
15.347
0.022295
0.036769
0.0218071
2.89113
0.872467
0.0220753
12.6017
0.0222977
0.0217919
3.43094
0.0778475
0.509535
6.96136
0.128349
0.0216553
5.76019
0.0218141
14.1548
0.0221829
0.0824121
21.4836
0.0222454
0.0216961
0.0379506
0.021509
0.41813
5.15842
0.0217553
0.0215847
0.0215827
0.021621
1.45012
0.391531
0.0386835
0.708177
0.0275334
0.0261133
0.0236524
0.0313301
0.0286847
0.0215093
0.022138
0.0216295
0.0217437
0.0244558
0.0964584
0.0222521
0.292476
9.5685
0.0216406
4.34578
0.0215776
0.755533
0.0223105
4.61933
5.08426
0.0221622
0.271195
0.0222863
0.335682
0.72014
0.0219091
0.0222689
0.0886576
0.0305449
0.0222248
0.0421196
9.90968
0.0222833
36.0079
0.0226429
0.0218197
0.169965
3.89463
0.0229306
0.0218699
0.0266768
0.0219721
0.0394456
0.021591
0.0218832
0.0214449
0.0222388
4.95354
0.0267966
0.0222285
0.0217347
0.026377
8.03351
6.74122
0.13454
0.0216447
0.248222
0.0414427
0.0214127
0.0218349
4.76113
0.0222508
0.0217493
46.2948
0.0302471
10.0079
0.0225524
0.0454945
9.80188
2.19738
0.792995
0.0217599
0.0752883
0.0221628
0.0224889
0.0216393
38.259
0.0549969
0.0216951
0.340962
2.29032
5.68174
0.021993
3.89479
0.0221985
0.0219276
0.180101
11.1164
0.0260247
9.90871
0.0772407
9.40363
0.0216497
0.0299196
0.0700233
0.0218802
0.0222064
0.468491
0.0365918
10.1343
16.3104
0.0216709
22.8964
0.0247238
5.62311
0.0221802
1.61087
5.23282
0.0844552
0.0222194
0.0219168
1.77801
0.0220731
0.0214627
0.164695
0.0306921
0.0219107
4.55643
0.0219516
0.0217482
0.0221817
0.0221905
0.0214719
0.0217292
0.0216198
11.5847
8.9293
0.0222942
0.0215664
0.0218186
0.0217484
0.0271505
0.0217541
4.25013
0.0323167
1.40112
0.029423
0.0276589
2.04326
0.0218289
0.0930494
4.2286
0.0249914
0.906018
9.90373
6.40358
0.0213854
0.0220454
0.0217272
13.3189
1.11989
6.15074
9.15202
0.0319916
0.0216637
32.5186
0.0287442
0.0220232
0.0218879
0.0220246
5.28549
0.0343951
0.22849
0.0218168
0.0220251
4.45795
0.0215451
0.0227852
0.0217935
5.6807
0.0215808
0.0218051
0.072906
0.0222161
0.0221714
0.0245153
0.100295
0.0365629
0.691265
0.0810027
0.0222463
5.79711
0.0321241
0.0217816
0.0220026
7.41593
0.0219819
9.72217
5.16924
0.0215708
5.21131
0.0218036
3.78005
0.823098
5.47271
0.0478412
0.245863
10.0099
0.0360575
10.0924
0.596921
0.0219051
0.0217618
0.0555371
0.0663831
11.8508
0.0274457
0.0272716
0.0218739
0.0223893
0.0216961
0.0314896
0.0451637
4.22017
0.0451922
0.0220348
6.5653
0.040057
0.0220776
0.0219001
0.0218674
0.0215318
0.0229014
0.0222312
0.0455418
0.0322012
6.86166
10.266
2.28086
0.0216265
0.021859
0.0382822
0.0261879
0.0217217
0.0254365
0.021615
5.88854
0.0219535
0.0746198
12.06
0.0222121
0.0220132
0.0218743
11.3065
0.078819
0.0507832
5.47661
0.0217101
0.0229935
3.65709
9.45524
0.0222308
34.1621
0.022391
0.0482756
5.60116
0.0217738
0.022148
0.0218932
1.18998
2.76818
2.63345
40.3392
0.0222513
0.0220642
0.0219651
0.113421
0.0221507
0.0215836
0.0220854
0.0216268
9.74779
0.0222927
0.0222917
3.81697
0.408217
8.88999
0.0258686
0.0289663
0.0327077
0.211329
0.119557
7.16907
1.4609
0.68494
0.0217113
4.41931
0.0215692
0.0241498
0.0219773
4.24931
0.0214412
0.02177
0.0221059
0.0220839
0.912005
0.02245
0.0222939
0.260382
12.2022
0.0218596
0.0217525
0.069682
0.0216686
0.0219798
0.0217861
0.0218815
0.0342884
0.123857
0.0274252
0.334853
10.7174
0.0243779
2.72067
0.117748
0.0287839
4.81419
0.0216402
4.66012
5.30577
35.9457
4.80265
4.80929
10.5926
0.0335444
0.0219206
0.0228387
0.0218565
4.74887
0.0219062
4.43134
1.04196
0.022181
6.75479
0.0673259
0.0217129
32.878
0.112885
0.0214184
13.9575
0.0223209
0.0320275
8.70331
0.0232895
0.164939
23.5454
0.0215671
5.18717
1.66387
0.0220795
12.2184
0.0217028
0.0495421
0.0219013
0.0218724
5.5248
0.0217569
0.0218165
0.960759
21.9131
1.52155
0.0219221
5.69811
5.33313
0.116098
4.37304
0.0216944
0.0218405
3.64549
0.0217386
0.0217323
0.0222105
0.021998
4.05508
31.2576
0.0432404
0.0216134
0.0276286
0.0218906
9.71781
0.0221638
0.0243819
8.98071
9.78356
9.86206
11.4952
0.336401
0.0218978
9.69199
0.0218397
9.80905
9.31284
0.100315
0.0221283
0.0219281
0.548143
0.0216966
1.77204
0.0217666
0.0215125
0.0215687
7.35075
1.83358
0.021763
0.0213988
0.178475
9.87882
9.571
9.65595
0.0218226
10.3033
0.0247788
0.0220776
0.0305863
9.18164
0.0219305
0.0223579
0.021921
9.36345
1.66271
0.0218743
0.0220783
7.27102
0.0708161
3.61251
8.90776
0.363711
0.266749
0.0542954
0.0219176
14.4522
0.0217863
8.9574
0.0219704
1.85383
0.0218231
0.0460774
0.244762
0.243649
9.91573
0.0218965
0.109173
0.0246549
0.0219453
0.0605135
0.021902
0.040588
0.0220074
0.0218725
0.0218633
0.0469183
0.0261974
0.0213969
0.0220294
0.0217049
0.092119
0.0220018
0.0547286
0.0216597
0.0222784
3.64911
0.022955
0.0586174
0.100229
0.0217383
0.0217705
29.1404
0.108047
0.0216569
11.6028
0.021641
0.0219182
10.7938
0.0213936
0.0222002
0.0395816
0.0221578
0.173287
0.499849
0.564393
0.0824586
0.0221427
9.87442
0.0222944
0.0220841
0.143113
0.0237206
48.1634
0.0219025
0.0215181
0.0220061
23.2939
18.3974
0.0217618
0.027246
0.0222485
0.0575881
0.0216715
0.0218202
7.68915
0.02225
0.0217717
4.78094
0.0221491
6.37862
0.0219384
2.44383
0.0219426
5.91254
0.0930744
0.0219298
0.0219481
0.0222507
0.0222064
9.86868
0.0341619
0.050337
8.33899
8.24576
0.0217968
0.0222162
11.4937
0.0910003
0.0221331
0.0217111
0.0219282
0.0515953
0.0371431
0.0877139
0.0282949
0.0216611
0.0219755
12.5165
0.021976
0.0218472
0.0239385
0.0310612
0.0218881
0.0217357
0.0235823
0.0410971
0.0216167
7.0052
0.0217246
0.266284
0.0213985
5.51596
0.0215134
0.0232123
4.07566
4.03995
7.94843
0.646297
6.59936
0.0219354
5.64163
0.021671
0.0216436
0.0377521
1.95411
14.3318
0.0215762
4.32938
14.3995
4.12127
0.0222639
0.0215953
0.0216366
0.0220826
8.22581
0.0988746
0.0679723
0.547849
0.0217672
0.0214083
0.0215991
0.0217598
0.164909
19.5858
0.021973
31.6453
0.0871174
0.277861
0.0570702
11.5145
2.94275
0.0217241
0.0219889
19.2175
12.3214
6.58656
0.0221798
0.153597
12.9658
0.0215091
0.0221925
25.8628
0.021557
0.118948
0.113085
0.0225382
16.7676
0.0219257
0.0668335
15.585
0.0266756
3.31579
0.0219273
2.62929
6.02077
0.0217038
16.3796
0.0216682
0.0275075
0.021901
1.34955
2.97102
0.02719
0.0214995
13.8112
0.0222875
0.0214245
0.0218764
0.0271372
2.70432
0.0214556
0.0227462
0.0217551
7.95662
13.0321
0.0226496
0.111225
0.490316
0.11934
0.109038
0.0220284
0.0504611
0.0270355
42.8713
0.0235565
0.0232926
10.9464
0.0325302
0.111301
0.0270158
0.021949
0.77867
0.0216828
0.0219872
0.0217337
4.18731
0.021921
8.45198
0.0221266
3.6996
0.0218438
0.0323203
2.98738
8.00228
0.0216816
0.0222619
0.0218933
7.49693
0.021634
4.34514
0.156881
0.835525
0.0219448
0.0214769
7.05268
0.0915699
25.4967
0.0310118
19.4657
0.0290016
0.0219301
0.0219418
0.0694994
3.70604
0.0218793
0.0324332
0.0218901
0.485476
0.02176
0.107641
4.11412
0.0216807
0.0214048
0.07184
0.0217654
0.304736
18.641
0.0222243
0.48835
0.313148
0.0465301
0.0215729
0.0217612
0.0408352
0.0373789
0.0252742
0.05201
0.345312
0.0217197
0.02874
0.0468641
0.0217666
0.531408
0.022379
4.21925
12.1591
0.022107
0.0224765
4.73803
22.652
12.321
8.56155
0.0217239
5.12359
0.57065
0.0216141
0.0262963
0.021674
0.0218711
0.0215844
0.0220026
0.0222116
0.0416703
0.0215618
0.0225416
0.0274014
8.55944
0.021791
7.50571
4.15637
0.0216231
0.0220907
0.022064
0.0220958
4.67862
0.552751
0.0219329
0.0218165
0.0219514
0.0222689
0.0219602
0.0240757
0.0217264
0.330371
0.507034
7.36272
0.0271376
0.0217486
0.0264319
0.0237755
0.0220033
0.114597
0.0222456
10.045
0.030027
0.181526
0.0222876
0.0216795
5.42669
0.021918
0.0517228
0.0220596
0.125573
0.0757399
0.0882612
0.0221741
0.0239809
0.610913
0.0216905
0.022215
0.0234383
0.0219531
0.0217192
3.10918
0.504903
0.0217336
0.0217665
3.82637
0.119258
0.0218458
0.0218915
0.0525015
0.0223481
0.0270168
0.400488
0.998982
0.0227909
0.0524287
3.14059
0.021912
0.0221935
0.0219387
0.0216027
0.0217489
6.18165
11.8863
4.77925
0.0241507
0.0370257
0.0219035
0.0222593
0.0261296
0.963896
0.0499173
0.0261618
0.0512833
0.0707695
8.84544
0.021993
0.559976
0.0429555
0.29126
0.0352232
0.0216112
0.656454
5.16703
0.0331126
11.0188
0.93991
0.0216833
0.0557526
3.55928
0.0215245
0.0222327
12.1622
11.2662
0.0214409
0.0217986
0.112027
0.0215684
4.8491
0.021642
0.0217366
0.0220972
3.84257
0.0292149
0.0756794
0.880069
0.0773184
0.0289393
14.7116
0.0216305
0.0215394
0.021888
0.11944
0.694082
0.0491794
0.024047
0.0217665
0.0217455
7.97972
0.0219158
0.0219254
48.5188
10.3884
0.348416
0.0219275
1.82096
0.0218089
0.0220473
0.253131
0.41558
0.0219567
0.677356
0.0219135
0.0225432
0.0267618
0.0232413
0.0218003
0.0215237
3.84928
11.6203
0.0216938
0.0216161
0.183396
0.0302855
0.0218846
0.0260792
0.0221082
0.0217969
0.0398035
0.0216064
0.0220702
8.68923
9.55401
0.0257044
0.0218531
13.9385
0.0213847
0.0217107
4.49213
0.0220225
5.86339
0.224157
0.0260831
1.03789
0.0219022
0.0218295
0.0218864
0.0217666
0.264689
0.0276241
0.0219179
0.0215985
6.75665
3.75109
0.0217392
5.02222
11.5531
0.0219055
21.0731
12.6732
0.0266955
0.0220129
27.5112
0.0220207
0.0217385
0.02185
0.0218138
0.0220668
0.0804807
0.0784965
13.8645
0.0218857
12.8486
0.281408
11.4729
0.0218834
0.38909
0.0217091
0.0280127
9.65154
0.0219108
0.0710808
9.45498
0.0255722
0.03912
0.108959
0.0214136
0.0216782
0.0516805
0.0219989
11.6192
0.526405
0.0219205
0.0219429
0.0269123
0.0221489
0.0471439
0.0219897
0.351109
0.0218631
0.0217829
0.0583928
0.0314644
8.31967
0.0834243
0.0228114
5.24279
0.089021
0.17014
0.0222134
0.726741
0.42899
0.0221104
5.83039
33.0819
0.0216193
0.0222945
0.151415
0.0820276
0.0217756
0.0423062
1.17555
0.0214211
0.021916
0.0432085
0.0222182
0.0535938
0.0217558
4.51141
1.14512
0.0395009
2.35359
0.0214826
0.603806
4.97303
6.17843
0.0314044
0.0216023
0.022523
0.101057
0.0220842
0.0216242
0.0222491
0.132352
0.0219134
0.0216214
0.0222665
0.0214263
0.0222728
6.56373
0.427533
0.0221997
0.0218059
0.0217515
0.0220245
0.141504
0.382216
1.44868
0.0728608
11.6087
0.022014
9.60815
0.474386
0.0276211
0.0218604
0.036596
0.022018
0.021914
0.0214489
0.0793028
6.55191
0.0218443
0.118309
0.0873095
0.0327112
0.0221471
9.09131
0.0221596
0.0235219
0.110605
0.39623
0.0222347
0.0219675
0.021514
0.02254
4.75313
0.0221839
8.15592
0.021903
0.0218893
1.34211
0.0223945
0.0219498
0.0222357
9.42022
0.0222171
0.0972978
0.0305441
13.3529
0.111472
4.93578
0.0218747
0.0223183
0.0216866
0.0217988
0.0267241
0.0220976
0.0218972
12.4365
0.0222855
0.0219945
7.75325
5.99197
0.0218212
0.0557932
0.0215916
0.0214466
0.0227953
0.02163
1.26275
16.5218
0.0214012
0.0221618
0.0720939
8.59033
0.0220243
0.0517547
9.75155
0.0220733
30.0298
0.0224565
4.74338
0.022223
1.01758
7.96377
0.021684
5.20801
0.0233273
0.0216356
0.0218305
0.968437
3.6373
0.0602813
0.0221724
9.47437
0.021995
0.0224559
0.0219263
13.4554
0.0779981
0.0424961
11.0531
0.0217831
1.12019
12.1238
9.56052
11.6003
0.0352056
0.0341675
8.22282
0.0219858
0.0225306
0.0706407
3.54829
0.0214114
0.0222853
0.0218977
0.0219462
0.021914
0.032232
0.422419
0.0218317
36.3075
0.0219042
0.0227669
0.0219437
0.0533243
4.21336
0.0221653
0.0217132
0.0514773
10.6554
0.931967
13.1044
0.61731
0.0218709
0.0218501
0.0214678
0.523948
0.0223582
0.0218723
35.9929
0.0219008
0.0919653
11.9904
0.0219497
11.1961
6.4519
0.792423
0.0519014
0.111645
20.6796
0.290386
0.0219038
0.0216373
0.0339718
0.0221267
0.0493511
32.368
12.382
0.0282229
7.43386
0.8346
13.9458
0.0214189
0.0221801
0.0219336
0.0216799
0.0218726
4.44344
3.64407
0.0218557
3.54204
0.0218569
0.0218843
0.563726
0.0217737
0.571625
4.10494
6.16121
0.0217248
0.021864
0.0222469
0.0222439
9.63478
0.0219641
0.0256538
0.0220085
0.0988593
0.0235867
0.0219836
0.0219358
3.59105
0.0216064
0.501825
0.0218163
4.61946
0.0220295
0.0219459
0.0225239
0.434489
0.0216718
0.021745
11.0586
0.0218857
0.0365471
0.326107
0.742185
0.0363242
0.0217532
0.0218972
0.652998
0.0279751
0.0216665
0.0819455
0.0935545
2.32925
0.0219615
0.0219279
0.0219228
0.021744
0.0219441
0.0222211
0.714049
0.0225292
10.4102
1.18019
0.0402408
0.022397
0.0218502
0.650921
12.0948
0.0217075
0.0218779
0.0757901
0.0222744
0.0226411
14.5794
4.79399
0.0218845
0.300041
0.0222627
5.45761
0.021584
0.0220171
0.0218948
4.90658
0.0215832
0.0218886
4.47258
0.0218503
0.0331778
0.0671587
0.0219091
11.5987
0.0263221
4.99432
5.03597
0.0218949
0.0222535
2.40301
0.0218188
0.021828
0.0219717
0.0283331
0.0220738
9.57494
15.187
3.34025
3.61335
0.0215754
0.637695
0.0218587
3.54794
0.0259943
0.0276783
0.0217125
7.10623
0.0220578
0.0223838
11.7641
0.0217206
0.0375346
0.0335603
0.0222791
9.99358
0.021728
1.77845
0.0268733
0.0219776
0.0218457
0.0214181
3.80563
0.0217399
4.72319
0.0222667
0.0240053
0.0233325
0.0251759
7.7456
0.0220912
0.0236869
0.153039
0.0495047
0.142852
0.0219436
0.0218624
14.6154
0.0213986
18.0208
0.0292724
0.0218571
0.021899
9.7421
0.426913
0.0217444
9.34255
0.0218091
0.022662
0.0217932
0.048827
0.0229849
0.0530903
6.5003
0.0218891
0.0217074
0.021914
12.9841
0.0218785
0.0221492
3.9131
0.0218723
0.137054
0.0217016
0.0266474
0.0219461
0.0220427
0.0221104
0.226282
0.031381
0.0218006
0.11846
0.0221036
3.18512
0.0219042
0.130115
0.0218837
0.0218806
0.0219189
34.7344
0.0261243
0.0221237
0.303936
0.0217828
0.028025
0.0222261
0.0241433
0.0222729
0.0218909
0.021735
12.5341
0.0219743
0.0218051
3.60646
0.0220029
0.0217589
0.0218853
1.14614
0.0222055
0.0517418
0.0277403
0.590899
0.022211
0.0438371
0.021717
0.0222966
0.026856
8.73274
0.0222926
0.0216601
0.0219127
0.113199
0.813485
0.0223016
0.0218367
0.0216751
8.5502
0.0216028
0.0331099
0.0402223
2.66495
0.0222948
0.0215676
0.989593
0.0221856
0.0489299
0.0287352
0.0214247
0.0387554
0.0219763
0.0270814
0.0214421
0.0217465
0.0219172
12.2875
0.0220084
0.269308
0.0216535
9.17209
3.82747
0.166944
0.0220082
1.75239
0.355031
0.0296379
0.0218959
0.0288737
15.4528
0.0218057
3.71369
0.0222557
0.0983468
0.0244662
0.0222149
0.129466
6.8901
0.0218096
0.0235753
0.0219201
0.0320241
0.0218471
0.0216954
0.0220407
4.83639
12.8155
0.0222912
0.0219226
0.0216683
5.91544
0.0218397
0.117498
0.0218741
4.18392
9.21461
4.39792
0.0412568
0.0222519
0.0220892
15.2496
0.0216614
0.0349845
0.0222661
0.0332953
31.3486
11.3986
0.0222869
0.021599
0.0302252
8.32985
0.0545951
0.0218066
3.45877
21.8811
0.0215326
0.730845
0.021484
0.0427791
0.0218377
0.0221942
0.0222856
0.0334524
0.0218705
0.021477
11.7787
0.0236025
0.0223261
4.01206
2.5103
0.0220313
11.0169
0.0220991
4.94185
0.0231653
0.0214914
0.0215669
0.0220145
0.0251071
0.318632
0.277265
0.0220018
0.022361
5.4209
0.0220418
0.0216046
0.0218558
0.021911
0.412466
0.0219187
0.021592
0.0216181
12.0468
0.0222667
0.021901
0.0216357
5.4149
0.022164
1.92179
9.60686
0.0219059
8.97555
28.9081
0.0221659
0.0483774
0.126999
0.0214834
0.0216808
0.0224837
0.0219273
0.633818
0.025704
0.0217814
0.0216289
0.0218862
0.022028
0.021592
0.0222291
7.90899
0.0215424
0.0218383
0.0251426
0.0218343
3.87893
0.0218722
0.0220557
0.0219821
0.0221431
5.4486
10.9677
6.04912
3.00508
0.0220963
9.25866
0.0218327
0.0215884
0.23946
8.10823
0.0222141
0.0219136
0.072863
0.0912883
11.7788
11.4519
0.0432042
3.98324
0.0224892
11.3056
0.0219005
0.0245824
0.0218585
2.74093
0.0218851
11.3893
0.0222537
0.0235909
0.0221463
0.0222761
0.381367
0.0215891
0.021454
9.87433
0.0519706
0.0222464
0.0215312
0.0215797
0.0222736
0.022255
0.0220634
0.0218714
21.799
0.0217904
0.0219212
0.0222548
0.0215893
0.0215627
0.0349882
0.0222971
0.0372845
0.0221647
11.7769
0.0217112
0.0843
0.0571728
0.0217805
0.921428
0.0214307
4.34824
0.0220451
0.0220168
0.0218307
0.0215566
0.10668
0.0218463
0.0221149
0.0215625
4.43799
0.124036
0.0220229
0.022271
0.710688
3.48824
37.5713
0.352589
4.59515
0.0218082
0.0218528
0.0325274
0.0218302
35.838
0.022258
0.0915669
0.0218252
0.0222473
0.0278829
0.0214595
0.0222506
0.0390256
0.574467
0.0216271
0.0215463
0.022209
0.0218858
0.0216508
0.0216495
0.0219298
0.0218622
0.0290119
0.0495422
7.03333
4.63851
37.4678
0.0215557
3.70737
0.0218231
0.148811
1.02095
0.0220323
3.59464
0.0218602
1.32429
11.2536
0.0713245
0.0218619
17.1596
0.0235363
0.152122
0.0223435
0.0290301
17.1333
4.10952
0.541644
0.0237998
31.1681
0.295544
35.3145
0.0264496
20.7824
38.7681
13.5182
0.0216289
0.0222741
5.24436
0.0214392
0.0219365
0.451028
0.0219135
0.022095
0.0352873
16.1078
5.46003
11.7157
0.021865
0.0218239
0.0222074
9.46756
4.67507
0.340231
0.0247632
9.92367
0.0218874
0.0288965
3.48159
0.0241666
0.363811
0.0222252
0.022234
4.64075
0.0218032
0.804905
0.0218529
0.0223016
0.0413629
0.0217874
0.0233351
0.078656
0.0222667
8.73713
0.0218745
0.0214445
6.13948
0.0221909
0.0219084
2.15099
0.0746561
4.07755
3.71813
10.0067
0.0218176
0.118664
10.6854
0.102873
0.0268175
0.0218277
11.5302
0.0217568
0.0220574
0.16209
0.0827942
0.0408697
0.0220608
0.0222308
0.0218193
5.04724
0.0472365
9.18438
0.0222711
10.4307
0.0218667
0.0422123
0.0235195
0.0216099
0.170197
0.36627
0.0320525
0.134095
6.05122
0.0222725
0.0232792
0.0264579
0.0307801
0.021862
0.026752
0.0263767
0.127038
0.0215144
11.0426
11.3642
0.0218715
5.1645
1.39824
5.17622
0.022271
0.0215395
3.666
0.0219258
5.1247
0.0222308
0.0222723
5.17394
0.0232598
0.0216367
27.5414
0.0253251
0.0745296
0.0218947
4.75595
0.0579256
0.106959
0.0329038
0.0222978
0.130839
0.0221954
26.367
0.0254067
0.46213
0.546103
4.14337
0.152969
7.68416
0.0233982
0.0777691
0.0348594
0.622703
18.2748
0.0217856
0.509739
0.0220481
0.0218873
4.71202
0.0638311
0.0215277
0.0708037
2.30551
5.08159
0.53886
3.49055
0.0688977
0.0222634
0.023586
0.021688
11.9944
0.0218453
3.6619
0.484115
0.0229875
3.85281
14.2657
0.0216451
3.23926
9.7956
3.24203
0.0219665
0.0218846
0.0221057
0.0398716
0.022273
1.49472
10.2803
0.0396669
3.06036
0.0222722
5.15098
4.81729
3.80592
0.0218793
0.462868
0.0251102
0.0880884
0.0307666
0.281882
0.0364708
4.88915
0.0222481
0.0218247
0.0215925
0.747124
2.75289
0.0218986
11.5639
0.0681115
0.0781166
0.0218627
0.121347
0.0221604
4.98981
1.81012
3.62214
0.0991366
11.4653
0.0691878
4.86424
0.0912583
0.0220877
0.475714
0.0218227
0.0428264
0.0219368
7.3842
0.0216283
0.0247827
11.5947
0.0460027
0.0425274
0.0739397
10.7294
20.1368
4.07184
3.6125
0.0386432
0.0219068
0.0216079
0.0409894
11.9126
10.3755
0.0300589
0.0273413
0.0911191
0.0408165
0.0928222
0.522678
0.0935715
0.0480877
0.0567042
0.625371
0.0215193
9.12834
0.0217402
0.0222806
0.135295
0.0289642
7.2572
28.1521
0.129221
0.491776
0.44657
0.0218615
6.16092
3.6019
0.0392966
0.0273227
3.55695
0.0369608
0.0450143
3.09424
4.78509
0.0218948
7.43315
10.7258
0.0216795
3.61183
0.0221649
0.0215227
0.021437
0.0302263
0.50567
3.57802
0.451815
0.0561344
0.0533503
0.038644
3.56582
)
;

boundaryField
{
    frontback
    {
        type            empty;
    }
    topbottom
    {
        type            fixedValue;
        value           uniform 0.0223;
    }
    outlet
    {
        type            zeroGradient;
    }
    inlet
    {
        type            fixedValue;
        value           uniform 0.0223;
    }
    walls
    {
        blending        binomial2;
        n               2;
        beta1           0.075;
        type            omegaWallFunction;
        value           nonuniform List<scalar> 
120
(
22.5333
39.811
24.723
42.5493
45.8275
25.6544
41.3435
42.732
38.6773
15.1598
25.1906
42.635
20.8167
28.1851
43.9354
30.0369
14.059
28.3303
13.816
28.614
31.2701
12.9449
26.6013
37.9171
41.7204
14.332
48.2883
7.80266
28.6628
8.39119
8.52161
8.55057
7.36709
7.38455
32.2709
30.1518
12.9504
25.9914
47.1516
42.9514
44.6179
14.5286
36.7027
41.4039
14.8977
46.6053
42.1907
22.2878
46.5643
31.8911
39.2724
13.9541
29.3832
30.8295
30.5294
43.5598
15.781
13.0581
31.9465
6.24701
7.06082
45.8955
21.1315
38.0776
37.021
7.84706
7.56925
8.42764
50.1549
33.8363
45.6425
24.0005
27.3226
45.4068
17.6559
19.1235
35.9508
16.8569
21.0519
7.30921
8.60481
24.5806
6.15731
45.1595
38.5391
28.9024
7.71828
37.1292
8.67398
18.9978
52.8184
5.99681
9.81024
8.7678
9.02358
9.18616
32.274
46.2948
38.259
35.9457
32.878
13.9575
21.9131
48.1634
25.4967
48.5188
30.0298
36.3075
11.9904
32.368
12.382
21.799
37.5713
35.838
37.4678
17.1596
31.1681
35.3145
38.7681
13.5182
)
;
    }
    procBoundary0to1
    {
        type            processor;
        value           nonuniform List<scalar> 
80
(
1.61548
0.0331437
0.0217093
1.28673
0.0215881
0.0238779
0.55696
0.0226076
0.0226076
0.0230388
0.0214315
0.0232684
0.0312271
0.0291969
0.0505692
0.0213689
0.442825
0.872735
0.348295
0.0222932
0.0291969
0.0215374
0.021379
0.0275357
0.0433208
0.0215034
0.0214057
0.0214156
0.181061
0.21474
0.0222932
0.0213734
2.12493
0.0213926
0.0216508
0.0213993
0.0213834
0.0213834
0.0214773
0.0258521
0.0213883
0.0213673
0.0433208
0.0213859
0.0854681
0.0854681
0.0376463
0.181061
0.0213945
0.0213663
0.021444
0.021458
0.0213859
0.103387
0.151281
0.0220473
2.57341
0.0376463
0.0213951
0.151281
0.0714303
0.0247473
0.0599732
0.1249
0.0213672
0.0213811
0.021379
0.0226702
0.0218049
0.1249
0.0213811
0.276944
0.103387
3.33387
0.248955
0.0539663
1.98154
0.21474
0.0217188
0.0219105
)
;
    }
    procBoundary0to2
    {
        type            processor;
        value           nonuniform List<scalar> 
165
(
6.58003
14.4969
16.6937
0.147887
0.0220272
7.50955
24.1355
7.96808
18.8768
14.3152
14.4969
0.0268192
0.0279363
0.0219678
0.0219913
16.6937
0.0219746
5.26411
6.4911
0.0250492
0.0225808
0.0224413
0.11477
3.89469
8.28759
0.0224413
0.108197
7.30611
3.75601
0.0227307
7.48826
0.022078
4.77179
4.93238
4.77179
0.0219287
11.6846
0.0219338
0.0674463
0.0674463
10.6158
9.72913
4.47451
0.0221098
0.659428
0.346064
0.0218949
5.18357
0.0424628
3.44979
0.659428
0.0220872
3.50908
0.0243797
1.1469
1.40136
0.921776
0.0238586
0.0235385
0.0221198
9.18131
0.346064
3.46401
0.0219171
0.0220487
0.0220576
7.08044
9.33011
0.0219015
0.0521955
0.0221499
0.0231964
0.0218923
0.0219398
1.08579
0.0222937
0.0394433
0.0219558
0.0221437
0.0223179
0.0219558
0.0220952
0.0471345
0.0585176
0.0219015
0.0265135
0.24639
6.78287
0.0218931
0.0219154
4.83674
0.0219996
3.46401
0.0222328
0.029959
0.0221784
0.0254847
0.0826534
0.0471345
0.0219199
0.0311138
0.0222139
4.38035
3.43215
0.0219754
0.0368058
0.0219513
4.11162
3.97483
3.83048
0.0222663
0.0221546
0.0219049
2.72999
8.2641
7.61357
8.22661
2.87772
3.52257
0.0229657
7.74176
0.0344657
0.0368058
3.7596
0.0218943
8.7759
8.1918
7.76393
0.0220438
0.032802
0.0219015
3.6277
0.0222526
7.19972
0.0279363
7.38536
0.192107
0.0826534
0.0220075
0.0220177
3.9549
0.0221895
16.4875
8.48632
8.59217
7.4529
4.41008
12.8972
6.87367
7.38116
10.3182
18.1181
8.22303
8.47928
3.65586
8.49181
2.32253
0.0288901
11.1297
31.8153
0.0222255
3.59356
1.33223
8.19834
7.69463
)
;
    }
}


// ************************************************************************* //
