/*--------------------------------*- C++ -*----------------------------------*\
| =========                 |                                                 |
| \\      /  F ield         | OpenFOAM: The Open Source CFD Toolbox           |
|  \\    /   O peration     | Version:  v2012                                 |
|   \\  /    A nd           | Website:  www.openfoam.com                      |
|    \\/     M anipulation  |                                                 |
\*---------------------------------------------------------------------------*/
FoamFile
{
    version     2.0;
    format      ascii;
    class       volScalarField;
    location    "800";
    object      omega;
}
// * * * * * * * * * * * * * * * * * * * * * * * * * * * * * * * * * * * * * //

dimensions      [0 0 -1 0 0 0 0];


internalField   nonuniform List<scalar> 
9793
(
0.132191
0.27995
0.178519
0.0210062
1.88353
0.0225707
0.0218191
0.0207634
0.0215614
1.8191
0.0543158
0.0369258
0.0210509
0.0203285
0.0228412
0.0202567
0.0211314
0.0214026
1.2025
0.0203057
0.0790606
0.0227857
0.376657
0.0195611
0.0216544
0.0211473
0.0202537
0.020796
0.0405815
0.0215504
0.0326925
0.360919
0.483992
0.0218554
0.0457819
0.302908
0.0223632
0.022767
0.0208257
0.0210194
0.0325721
0.022871
0.0220873
0.0219258
0.0221058
0.0213276
0.0441215
0.0853475
0.630357
0.0209793
0.0474599
0.0590235
0.0228212
0.0215756
0.134148
0.105626
0.0214289
0.0940754
0.468482
0.0208092
0.021618
0.0227875
0.544257
0.0218683
1.81065
0.465548
0.524487
0.647599
0.0450363
0.0533285
0.134876
0.0207869
0.0211218
0.273131
0.052793
0.381415
0.021422
0.0200374
0.0212827
0.0209182
0.462483
0.0212158
0.273797
0.0872533
0.0290849
0.100319
0.0210331
0.0214166
0.0223303
0.021373
0.283969
1.32471
0.0203667
0.359509
0.0225396
0.107166
0.0983154
0.281378
0.0203399
0.0202424
0.0202286
0.0212711
0.0203995
0.0203889
0.0200432
0.0285789
0.0221931
0.0217014
0.0225196
0.174674
0.0209702
0.069986
0.0214113
0.274198
0.0585182
0.0214308
0.486686
0.0514025
0.0215023
0.340082
0.131244
0.022601
0.0213281
0.0228215
0.0218344
0.072296
0.0376609
0.117625
0.0217613
0.0211486
0.0213697
0.0214257
0.0211482
0.0214357
0.021528
0.0214129
0.0221953
0.0217605
0.0214043
0.0199617
0.0213177
0.0215688
0.0211747
0.0202422
0.0204073
0.0205601
0.244189
0.020247
0.0203447
0.857264
0.56859
0.0213688
0.725304
1.82157
0.0203303
0.0219975
0.0206341
0.0214948
0.0202347
0.0211262
0.0207606
0.0207884
0.0201259
1.30652
0.270005
0.109264
0.107642
0.0248544
0.0202177
0.0209946
0.0211764
0.59116
0.268534
0.592139
0.021784
1.28818
0.0214214
0.0195676
0.0211649
0.0263502
0.558905
0.0221872
0.0202455
0.0215798
0.314672
0.0211072
0.104182
0.0211584
0.0213018
0.0201408
0.0217929
0.0213305
0.667458
0.070342
0.653745
0.0260903
1.48321
0.0209032
1.80475
0.0200303
0.0215199
1.39106
0.122249
0.0211561
0.0214203
0.0198644
0.141797
0.0201974
0.0264798
0.0222724
0.0291776
0.604894
0.667124
0.0215992
1.54578
0.0205235
0.0210941
0.350182
0.0198504
0.832391
0.0675593
0.0213632
0.0218436
0.0213328
0.11016
1.3694
0.0225959
0.0203309
0.0663329
0.0449025
0.0195939
0.019566
0.0222583
0.0201684
0.0427743
0.82219
0.0213865
0.0211046
0.0862608
0.021137
0.0261327
0.0203217
0.0210602
0.478509
0.0210708
0.020333
0.0207508
0.0214834
0.0203495
0.0216872
0.0216729
0.0235179
0.0543437
0.0402034
0.0210163
0.0233543
0.021162
0.0237652
0.0225777
0.0201803
0.293166
0.0210865
0.054034
0.0215108
0.0252725
0.0196658
0.0196545
0.0290839
1.39267
0.0219763
0.0202003
0.0200074
0.025402
0.0213828
0.277593
0.277284
0.0211583
0.0788223
0.0213674
0.0403074
0.0214173
0.0196268
0.0221204
0.020899
0.0376168
0.0213604
0.0216686
0.0244864
0.0210603
0.0214117
0.0213931
0.48355
0.0221229
0.0224617
0.0214194
0.0214139
0.0219592
0.0249393
0.0212441
1.17787
0.0203422
0.396733
0.489431
0.022133
0.0219109
0.0202237
0.0260755
0.0236945
0.0213437
0.413829
0.0217313
0.0202113
0.0238301
0.0217853
0.021508
0.021254
0.0895832
0.0210673
0.02469
0.0223281
0.0209887
0.273973
1.48812
0.258096
0.0197311
0.328517
0.0220521
0.594978
0.0594134
0.020051
0.0229591
0.057723
0.0211431
0.0247654
0.0635569
0.0207245
0.0219727
0.0215019
0.021043
0.020848
0.987768
0.0211585
0.0209765
1.23234
0.0211467
0.0202316
0.0197178
0.02222
0.0207381
1.39431
0.0218926
0.0213675
0.0216218
0.0212611
0.488235
0.0215535
0.0318002
0.0195758
0.0342311
0.125083
0.104296
0.0365125
0.0221668
0.0218173
1.54196
0.0217082
0.28826
0.0211378
0.0202157
0.489215
0.0244724
1.45322
0.0213709
0.0458188
0.42695
0.0224285
0.0210875
0.487123
0.0249296
0.258628
0.0233761
0.0215304
0.527667
0.0212707
0.022159
0.021787
0.0212616
0.0202919
0.0215557
0.0230225
0.512484
0.0216972
0.437942
0.354797
1.53113
0.0452534
0.212136
0.020927
0.0215012
1.60703
0.354823
0.020336
0.0217913
1.37768
0.0199962
0.442978
0.021123
0.0230448
0.0199826
0.0304612
0.0211508
0.0254266
0.0839406
0.0202171
0.377804
0.0235576
0.021965
0.0236473
0.0210457
0.0220327
0.0206456
1.32995
0.0213429
0.021528
0.0626918
0.0215151
0.0225322
0.022053
0.0201007
0.0271008
0.0211324
0.0215348
0.0199334
0.394365
0.0204747
0.395896
0.0210169
0.674169
0.0228642
0.0210653
0.0222683
0.0216972
0.338852
0.020883
0.101371
0.0201728
0.0211893
0.0221497
1.39372
0.0356217
0.135552
0.639104
0.0228293
0.0212597
0.0369192
0.026829
0.0293262
0.277777
0.441666
0.0216314
0.0226132
0.0458808
0.0213327
0.0213319
0.021312
0.0203862
0.0220391
0.17805
0.0254405
0.425451
0.0204004
0.0264126
0.0195532
0.0216819
0.0215291
0.0212431
0.0372913
0.0210778
0.0222408
0.0199733
0.0213979
0.0228473
0.0762631
0.0211664
0.0212584
0.494253
0.0235547
0.0218999
0.493314
0.677937
0.0215126
0.0219774
0.0222611
0.0229107
0.0215494
0.0223356
0.022083
0.0209454
0.0211798
0.0210311
0.207804
0.0602286
0.0206317
0.311255
0.0307231
0.0202919
0.0221388
0.0213143
0.0652662
0.0214091
0.0542598
0.0200758
0.0210725
0.0499982
0.0212915
0.0317403
0.457616
0.0253118
0.0202842
0.474391
0.0233245
0.020543
0.0211719
0.0539668
0.0209013
0.0205287
0.0212679
0.0208972
0.473163
0.0428568
0.029861
0.0223295
0.0211419
0.0210236
0.0214755
0.0208694
0.0212836
0.0562065
0.112407
0.0200215
0.0222168
1.65286
0.0213294
0.0251446
0.0326674
0.0207257
0.0575173
0.467178
0.0213776
0.141733
0.0196352
0.149076
0.0242957
0.556061
0.0211016
0.0210443
0.0211492
0.291633
0.0219
0.45612
0.468211
1.76844
0.0328159
0.0969512
0.0292062
0.0228606
0.0291328
0.022042
0.331878
0.0215427
0.659996
0.0198963
0.247344
0.0219745
0.0219146
0.0210067
0.152684
0.0199364
0.0207424
0.0221971
0.0224952
0.0259382
0.0211336
0.0212573
0.0213066
0.0212843
1.19481
0.0209763
0.439938
1.04667
0.0209879
0.0218055
0.0270043
0.0217901
0.0213081
0.0217191
0.0224722
0.0243043
0.022146
0.022504
0.0204897
0.0214426
0.0220262
0.0238391
0.0217331
0.0223233
0.722877
0.0213197
1.42765
0.0245628
0.0219286
0.0212673
0.0206957
0.0219371
0.0222374
0.021058
0.0206667
0.019527
0.0210453
0.0206473
0.0211687
0.0231705
0.0198581
0.0219142
0.0220238
0.0215349
0.0230295
0.0221976
0.030337
0.0222692
0.021008
0.0212775
0.0205273
0.0199376
0.0209512
0.0199706
0.0209592
0.021329
0.0199248
0.031999
0.0210258
0.022174
0.0213435
0.657611
0.0210302
0.0199716
0.0531061
0.0196319
0.0215065
0.162155
0.0216723
0.0223577
0.0214081
0.09454
0.0207061
0.0495276
1.79125
0.390112
0.446712
0.0214517
0.0213505
0.383911
0.0213712
0.0199467
0.222879
0.658435
1.63652
0.0212883
0.0586623
0.0213536
0.0213368
0.237682
0.0211835
0.0454958
0.0215178
0.0599381
0.0209945
0.0229946
0.0219704
0.152541
0.891041
0.0211517
0.0214057
0.0262236
0.0209519
0.0228226
0.0497089
0.236313
0.0210765
0.0206427
0.0213756
0.327996
0.0217308
0.49077
0.349104
0.0209771
0.0272145
0.382216
0.0210308
0.0211547
0.0221383
0.0214391
0.0199222
0.125449
0.0199217
0.456167
0.0228284
0.189006
0.0531524
0.0214913
0.122619
0.541006
0.0217869
0.563112
0.0266183
0.0742337
0.0199337
0.0196226
0.362436
0.0213198
0.861563
0.0209545
0.329526
0.020482
0.0692575
0.373267
0.0209698
0.738251
0.0214142
0.0222753
0.033847
0.823105
1.06272
0.0199356
0.0204974
0.019984
0.426666
1.31139
0.0227139
0.0241261
0.0275247
0.019959
0.0209883
0.0215521
0.0508249
0.0236412
0.0213904
0.020866
0.020784
0.450799
1.58989
0.187162
0.0205332
0.0209226
0.654638
0.0211677
0.527042
0.0399934
0.461605
0.249341
0.343542
0.0208531
0.021498
0.0230291
0.0220588
0.0240484
0.0212155
0.0582317
0.376988
0.0204214
0.558266
0.020775
0.396328
0.0216241
0.3376
0.0241041
0.022807
0.0210903
0.0204009
0.0296036
0.377944
0.383154
0.021392
0.0308769
0.0208557
0.022429
0.0232248
0.301108
0.0240106
0.0744828
0.0208462
0.0266908
0.0211353
0.0198824
0.0218602
0.020949
1.63201
0.0211411
0.0225045
0.0223038
0.0218315
0.0199085
0.0507939
0.0215201
0.0220202
0.0208691
0.0209986
0.306161
0.0210425
0.0644109
0.0204315
0.0208001
0.0208559
0.0418521
0.0210506
0.0668769
0.0215698
0.0213524
0.0208824
0.336267
0.309663
0.400742
0.169429
0.648462
0.0213046
0.0228929
0.287218
0.0199431
0.353284
0.307726
0.0503376
0.099355
0.0224019
0.305499
0.0232344
0.384332
0.289337
0.0223605
0.0215691
0.303228
1.09809
0.0238386
0.0231828
0.0211994
0.0218562
0.0331361
0.0209231
0.0199223
0.0221157
0.089038
0.0337533
0.0227697
0.374569
0.0208999
0.0199831
0.255429
1.36957
0.0342691
0.0219797
0.0898435
0.0205265
0.0199292
0.49086
0.0199092
0.022285
0.308428
0.319394
0.0210617
0.482486
0.148185
0.0596744
0.198042
0.281165
0.0223339
0.713389
0.0216683
0.0208341
0.0213375
0.0215914
0.0209425
0.395532
0.0213458
0.492279
0.0203264
0.0361057
0.0217876
0.0341059
0.0224567
0.0211726
0.0400575
0.0203277
0.0199426
0.0742389
0.021941
0.0277094
0.0211148
0.0200485
0.31487
0.883624
0.0225842
0.019545
0.0195352
0.0204071
0.0217188
1.34432
0.0732544
0.18769
0.0305843
0.311026
0.0214257
0.0271539
0.0247408
0.0232569
0.100082
0.0211023
0.0210053
0.140874
0.0328108
0.363275
0.0210573
0.359093
0.38569
0.0238993
0.038325
0.0231594
1.34741
0.0214169
0.0242657
0.361312
0.0221188
0.0210692
0.0799709
0.0216194
0.0205025
0.0209878
0.169593
0.0216804
0.025133
0.314288
0.0367773
0.0243409
0.0307788
0.174515
0.465224
0.156506
0.0199557
0.0214954
0.021992
0.0225404
0.0212288
0.636429
0.351454
0.0231846
0.443823
0.0471051
0.442757
0.0215191
0.342642
0.0212467
0.327253
0.0695374
0.0206168
0.676056
0.426548
0.0208553
0.0214611
0.0213379
0.211806
0.481309
0.0252338
0.0463587
0.026637
0.0646935
0.320782
0.338429
0.0210515
0.0213875
0.357104
0.236562
0.0210835
0.0212757
0.019956
0.0217211
0.0215331
0.0242106
1.16857
0.0212649
0.0233383
0.357027
0.0216565
0.0216933
0.0237985
0.650259
0.0215107
0.0225017
0.157819
0.0217837
0.0200259
0.0218372
0.0209116
0.0223069
0.381664
0.454769
0.0215131
0.165542
0.0238497
0.160378
0.0213488
0.0219239
0.0221661
0.0216825
0.324022
0.0213
0.0220719
0.0252163
0.0218299
0.0204604
0.0248414
0.0212163
0.0923101
0.0214745
0.0210426
0.593044
0.0210811
0.704117
0.0253851
0.0209504
0.0399231
0.0222403
0.0303495
0.0972621
0.0202149
0.339488
0.0209752
0.0213759
1.34481
0.488113
0.0202298
0.0214684
0.0206708
0.0216324
0.0784604
0.0220911
0.0214399
0.0219313
0.021729
0.0219406
0.0212705
0.0202549
0.0209567
0.0211837
0.425733
0.0235989
0.0200065
0.0383959
0.0214628
0.243336
0.0689204
0.0317141
0.0214534
0.0212368
0.0697581
0.0230174
0.0213507
0.0216259
0.38668
0.125861
0.0213582
0.0198107
0.0638224
0.0477369
0.0196005
0.395905
0.0358645
0.0214146
0.0217938
0.025484
0.0215783
0.0276293
0.453127
0.0214911
0.0546982
0.0265403
0.0297988
0.0198069
0.0213422
0.0198386
0.0198175
0.126667
0.0210762
0.0574351
0.0448563
0.0198268
0.021841
0.0299479
0.02156
0.0216337
0.0213829
0.0222999
0.44618
0.0198291
0.0214835
0.348045
0.0220679
0.0215852
0.0229023
0.021094
0.0216072
0.0211866
0.0214796
0.0222793
0.0216922
0.0954258
0.481491
0.01982
0.0214139
0.0198232
0.0849013
0.0210088
0.023816
0.0212827
0.0201831
0.0265167
0.0204118
0.0281951
0.0213949
0.0204262
0.309641
0.346215
0.0217212
0.0215943
0.0209562
0.0729523
0.14662
0.0213851
0.384871
0.709524
0.0218422
0.0281253
0.386792
0.0232513
0.377355
0.040084
0.040813
0.0211954
0.0292915
0.0919734
0.0203668
0.301138
0.382126
0.021381
0.777435
1.67615
0.0234735
0.38225
0.0198038
0.0256858
0.0428489
0.0212423
0.312226
0.0198038
0.0391038
0.0623476
0.0198049
0.351245
0.0217466
0.0218916
0.0309776
0.023378
0.232099
0.407934
0.0200646
0.0235196
0.279858
0.0207037
0.0241647
0.0208092
0.386038
0.648891
0.0210983
0.0212789
0.0244322
0.267759
0.299486
0.0276156
0.0198183
0.0208983
0.305004
0.431982
0.0765034
0.0225954
0.0227145
0.0249621
0.0200329
0.0221631
0.0239216
0.0228698
0.0208702
0.0238063
0.406013
0.112235
0.0209676
0.168238
0.0236103
0.0880656
0.742823
0.0416321
0.721896
0.0830875
0.0198175
0.115316
0.12305
0.437913
0.322164
0.0212467
0.12402
0.326714
0.0400727
0.024183
0.324245
0.321274
0.0210724
0.0245741
0.0239159
0.0212163
0.0684993
0.0212706
0.022011
0.0206207
0.0198062
0.0216869
0.021349
0.022481
0.024822
0.335927
0.0239918
0.314741
0.0208221
0.0256518
0.0215388
0.24052
0.615117
0.0211852
0.0429335
0.0213003
0.0202103
0.0212928
0.0201702
0.0210646
0.0914861
0.0215816
0.209707
0.0210299
0.0209459
0.42103
0.0223339
0.021782
0.0211267
0.0212503
0.373403
0.0682078
0.421008
0.180412
0.658647
0.021505
0.0217178
0.0213564
0.0236504
0.0403748
0.079712
0.366619
0.0209586
0.0396777
0.0220579
0.166833
0.335164
0.0241798
0.610146
0.787643
0.0224245
0.037403
0.0209021
0.0438847
0.022557
0.0881828
0.0418785
0.0198176
1.47673
0.466431
0.0216293
0.0226633
0.0218376
0.17889
0.0207658
0.0216875
0.443886
0.0208069
0.494844
0.0255871
0.0235886
0.0220498
0.021757
0.482595
0.0211422
0.432708
0.0239194
0.0212907
0.0207139
0.0539289
0.0223932
0.364532
0.0222535
0.0240141
0.0239833
0.0668646
0.0228191
0.0213118
0.328556
0.0216629
0.0204122
0.100483
0.327829
0.0238941
0.0205205
0.0220329
1.38091
0.0596396
0.0211533
0.0316382
0.0204339
0.100926
0.042043
0.0218818
0.0211124
0.0871318
0.0209599
0.020736
0.0213668
0.0811825
0.622944
0.0216943
0.023847
0.02175
0.0219806
0.385641
0.0300906
0.0215773
0.0216898
0.0210344
0.0631362
0.453584
0.483504
0.0212263
0.132988
0.0202066
0.0201547
0.0217828
0.0219295
0.0384838
0.0213486
0.0462329
0.347172
1.48252
0.023662
0.0214895
0.0215214
0.0362844
0.0206083
0.0212492
0.0316814
0.0214793
0.0212581
0.0220903
0.0238985
0.0199962
0.585921
0.0408619
0.0235415
0.0231814
0.0263058
0.0229882
1.67736
0.0213627
0.0212564
0.0214758
0.021046
0.0214557
0.0208692
0.121197
0.0894454
0.0215597
0.0220193
0.0212264
0.023487
0.0227213
0.0479142
0.022002
0.25138
0.0213024
0.0217924
0.0207127
0.076967
0.0214803
0.258477
0.0214788
0.0215046
0.0195455
0.277807
0.0228834
0.0697181
0.310374
0.0218753
0.0214718
0.0211255
0.0213987
0.0212839
0.0219566
0.0242588
0.401948
0.0215628
0.0577076
0.205373
0.0231007
0.0987158
0.0215052
0.0231955
0.0209833
0.0203533
0.0202181
0.0213505
0.252408
0.0846105
0.0208316
0.496042
0.0538248
0.0212491
0.468119
0.0203287
0.031496
0.0220478
0.0210192
0.633833
0.0214681
0.022376
0.0235645
0.0459926
0.0757953
0.0218974
0.0209711
0.022303
0.623473
0.268044
0.0362038
0.0260915
0.0214473
0.0214022
0.346669
0.0216804
0.0278579
0.0279577
0.430809
0.0214546
0.0347032
0.0214678
0.0217512
0.0307275
0.0295763
0.0296612
0.0220508
0.0218402
0.0250733
0.403349
0.0436295
0.0204054
0.0245196
0.0910292
0.0230955
0.0381551
0.0216049
0.0216991
0.0213394
0.0240028
0.650056
0.0548185
0.0214568
0.961374
0.0235279
0.0256668
0.0214972
0.02134
0.0213586
0.019916
0.0476734
0.0222707
0.02227
0.0220046
0.0213421
0.0214458
0.164928
0.0214061
0.0213887
0.0217373
0.416545
0.138007
0.0214356
0.0211512
0.0214711
0.314677
0.0219658
0.0996606
0.0214619
0.0471362
0.0214398
0.0216203
0.0409165
0.021664
0.0309599
0.0216899
0.0214368
0.0203416
0.0223991
0.155715
0.0217498
0.0219383
0.325775
0.0215265
0.0222271
0.0219936
0.021572
0.0212303
0.0219034
0.0320284
0.0207482
0.0208183
0.0209454
0.344851
0.0236341
0.398306
0.0215007
0.0216704
0.596784
0.351414
0.316352
0.0252859
0.0293037
0.336556
0.0214912
0.412878
0.0219641
0.114217
0.0209701
0.111118
0.340328
0.0195546
0.0232473
0.0220677
0.0222286
0.0198541
0.439161
0.0208954
0.33388
0.0216565
0.0213877
0.0217422
0.01987
0.0217522
0.115546
0.0213405
0.0211339
0.0211316
0.0215679
0.0213696
0.16528
0.688978
0.459953
0.0214867
0.0201932
0.0234287
0.0214716
0.0213186
0.106408
0.0389674
0.0223073
0.0213187
0.255652
0.0225193
0.0198438
0.451387
0.0225768
0.0203043
0.0212838
0.026428
0.347561
0.0214658
0.0212167
0.0534816
0.123377
0.0437496
0.622513
0.0212968
0.023673
0.023483
0.0198976
0.0217226
0.322847
0.323894
0.428342
0.0212668
0.609886
0.0217007
0.0214735
0.0239284
0.0218845
0.0239011
0.0332486
0.0212304
0.0214715
0.0213181
0.0208835
0.0199571
0.0211294
0.0242864
0.315129
0.0260196
0.019548
0.0199821
0.0212707
0.0218001
0.0213269
0.0777636
0.0219325
0.021983
0.0218909
0.331056
0.0212475
0.0229239
0.532113
0.0213019
0.0212753
0.375414
0.0212036
0.0213584
0.021223
0.184321
0.0268864
0.0369813
0.0217438
0.242525
0.0201633
0.0201454
0.0204177
0.0212472
0.0352231
0.0212665
0.02164
0.0417871
0.0213463
0.398092
0.0225394
0.0279399
0.0217216
0.106688
0.0304356
0.0214636
0.0211277
0.0219203
0.0215446
0.0213178
0.383867
0.0209668
0.0439317
0.0211645
0.0215723
1.61591
0.0210644
0.986581
0.0811455
0.0212938
0.0515221
0.0211444
0.0218292
0.0212479
0.0217398
0.0207247
0.0213259
0.0212907
0.0213541
0.106625
0.0214861
0.0209625
0.0217951
0.020794
0.0212057
0.0212064
0.0214131
0.0205141
0.0213065
0.0212599
0.0213699
0.0212528
0.021853
1.3876
0.0211294
0.0218759
0.0449549
0.322837
0.0199307
0.0254611
0.0209778
0.0210446
0.0212813
0.0214318
0.662853
0.325712
0.0211075
0.0225968
0.319991
0.0215377
0.0197695
0.38931
0.019927
0.363923
0.0214685
0.0662722
0.0235477
0.236318
1.41191
0.460454
0.0209883
0.0211019
0.0199721
0.0239678
0.0617272
0.0223898
0.0577264
0.425799
0.0213688
0.249478
0.0449394
0.0205943
0.0203988
0.0307245
0.0295779
0.0212904
0.0210235
0.020104
0.0238586
0.0237816
0.0240785
0.0237117
0.0239602
0.401184
0.0210727
0.0212416
0.0211527
0.219195
0.0238937
0.0239267
0.159047
0.419442
0.0232552
0.0210402
0.0237517
0.0212187
0.0330541
0.0213516
0.0219855
0.0500551
0.0239661
0.0996466
0.0198201
0.303363
0.0331704
0.0872827
0.327529
0.641311
0.0211135
0.0213404
0.0213304
0.0942368
0.0214053
0.0208836
0.0213318
0.0278446
0.591569
0.271457
0.0236356
0.022781
0.399879
0.0358734
0.288338
0.0442602
0.0440859
0.0366798
0.531911
0.306797
0.0211084
0.0211219
0.0211322
0.0391227
0.0232757
0.0370737
0.0208363
0.0212346
0.0212194
0.193781
0.021174
0.0211801
0.0210536
0.0324048
0.020949
0.0211538
0.0203173
0.0246456
1.2225
0.0271308
0.0236063
0.0214926
1.10123
0.0255732
0.019916
0.0213236
0.019767
0.181117
0.0215326
0.0215744
0.177226
0.0211448
0.0210013
0.0209642
0.0214123
0.0841131
0.0209991
0.0215239
0.0211112
0.0216181
0.0212331
0.0211373
0.0210562
0.0212329
0.0213331
0.399533
0.0212422
0.0206812
0.0781835
0.0484892
0.0256497
0.062486
0.0209794
0.213579
0.0212862
0.0276174
0.0210802
0.460574
0.0211137
0.0212275
0.0201302
0.320388
0.0240246
0.0211974
0.803024
0.021207
0.0201262
0.0212122
0.0219585
0.0262735
0.020959
0.406587
0.0214437
0.036117
0.0381682
0.0213413
0.0317352
0.0210004
0.0206084
0.0211845
0.343512
0.0246275
0.0246817
0.0386358
0.816806
0.0256801
0.0310478
0.0240354
0.0213003
0.0197742
0.176003
0.407541
0.0209776
0.033334
0.0208959
0.0210169
0.393069
0.020512
0.0212743
0.140603
0.0386264
0.478584
0.0212899
0.0210314
0.0348959
0.0209411
0.0200148
0.398221
0.0211954
0.0259786
0.840194
1.35351
0.0213244
0.0221456
0.0211209
0.0198279
0.0238627
0.0215674
0.0213985
0.0316528
0.0206745
0.0243833
0.0213458
0.0222956
0.0233561
0.590407
0.0239115
0.0216781
0.167008
0.317044
0.0212345
0.268591
0.0216186
0.0212616
0.0213253
0.0209804
0.023562
0.0195093
0.317913
0.0211593
0.0236587
0.0217608
0.0197353
0.0210357
0.021275
0.0232421
0.0208136
0.0211423
0.0218634
0.0214254
0.368338
0.0213636
0.0219864
0.0470206
0.0221383
0.0202158
0.316818
0.241609
0.369153
1.44537
0.063615
0.0205561
0.0220182
0.5656
0.72784
0.0264274
0.242046
0.31942
0.0214634
0.282325
0.412872
0.0214936
0.19644
0.0218495
0.571538
0.263161
0.421863
0.0219129
0.021005
0.0498954
0.0212599
0.0213508
0.135226
0.0870762
0.0213286
0.0214069
0.0211046
0.689513
0.021085
0.0210587
0.021227
0.0209988
0.0210121
0.181993
0.0217968
0.0209579
0.0213679
0.028627
0.260509
0.633784
0.0212782
0.0211266
0.0224861
0.0212722
0.0209902
0.0211224
0.612631
0.0212204
0.0338151
0.0211315
0.0214513
0.0202997
0.0213095
0.452648
0.24239
0.0205351
0.0216568
0.304012
0.410158
0.0398153
0.511002
0.0213047
0.028708
0.0211029
0.0197238
0.0210975
0.0201416
0.0210616
0.021238
0.0215725
0.110436
0.0199109
0.372222
0.601727
0.0198171
0.0294308
0.0419287
0.0218304
0.0211217
0.021204
0.0211155
0.0210327
0.311373
0.0197865
0.0210705
0.214081
0.0210945
0.0212861
0.0209781
0.0300477
0.0213705
0.0213592
0.652547
0.0206627
0.0205973
0.0210855
0.0326881
0.0212413
0.0196069
0.0210922
0.0199191
0.517786
0.137449
0.0210279
0.126433
0.0197584
0.0212452
0.0216656
0.264354
0.873133
0.0200045
0.022815
0.0213071
0.0211405
0.0210969
0.0210907
0.273312
0.319667
0.0212788
0.0218061
0.0259234
0.0209571
0.021061
0.0239436
0.0261392
0.659661
0.0212931
0.0233982
0.412977
0.0211177
0.0235009
0.29507
1.35331
0.0206582
0.0209454
0.0209159
0.0211172
0.0209687
0.27722
0.021047
0.418878
0.266577
0.0218267
0.0235178
0.307713
0.020001
0.132869
0.343007
0.100966
0.0246819
0.0211758
0.0222194
0.273497
0.0208169
0.0261628
0.0209523
0.0200084
0.0200707
0.0201228
0.0211256
0.409499
0.0215687
0.45062
0.111475
0.0761168
0.478855
0.0197489
0.0213692
0.0225602
0.34444
0.0211635
0.62997
0.023539
0.0200003
0.020927
0.269819
0.0209215
0.0251668
0.321637
0.0210421
0.33236
0.0217652
0.0416936
0.15617
0.0213778
0.0205895
0.0375449
0.119008
0.0211893
0.0225733
0.0201758
0.0211427
0.0208632
0.396385
0.020992
0.0198948
0.0545924
0.0200983
0.335027
0.0213958
0.021171
0.0211143
0.533605
0.0209663
0.0208874
0.515825
0.120464
0.408255
0.0213097
0.0201133
0.0320431
0.732795
0.0764792
0.152528
0.0235394
0.0238396
0.0215247
0.0212638
0.0239418
0.0217106
0.0210816
0.0203743
0.0298786
0.0239005
0.0209185
0.0196081
0.021491
0.0205774
0.0211925
0.0236041
0.100759
0.444573
0.024681
0.448236
0.402174
0.0206292
0.020938
0.021929
0.0326386
0.0201965
0.0213721
0.0209043
0.0209917
0.0211361
0.0497434
0.0212643
0.0375996
0.021258
0.0208381
0.0130793
0.0338512
0.0213771
0.0208696
0.0208428
0.64338
0.0684527
0.0214623
0.0202219
0.0215259
0.0209296
0.0212273
0.0210049
0.107472
0.0209896
0.0208395
0.0932873
0.0204705
0.0672273
0.0235161
0.0210227
0.0213021
0.252839
0.0411998
0.269882
0.521266
0.0233576
0.0221224
0.0216601
0.0212376
0.0269837
0.0208115
0.699843
0.637147
0.0224816
0.0342502
0.280431
0.0208394
0.464311
0.0229943
0.253748
0.0217876
0.0207732
0.0207896
0.0217041
0.0210707
0.0529028
0.393671
0.0330635
0.0211653
0.020903
0.0208488
0.0653727
0.0230551
0.0134131
0.020872
0.0212082
0.0317608
0.0210195
0.114407
0.0469041
0.0208676
0.0213663
0.0197121
0.0211658
0.33013
1.47046
0.0208512
0.0210439
0.0206534
0.310019
0.0211426
0.0233979
0.140687
0.109727
1.38555
0.148168
0.509304
0.0212379
0.0261967
0.0215268
0.0210695
0.0226936
0.0458676
0.020457
0.0210991
0.0356244
0.0212457
0.0201458
0.322629
0.0198657
0.0210526
0.0348957
0.345321
0.0200068
0.020197
0.0420802
0.316687
0.0381489
0.346372
0.0212898
0.655349
0.02097
0.0241683
0.0457827
0.775044
0.413393
0.0244194
0.669064
0.0732193
0.20471
0.0206006
0.0210063
0.0202129
0.0212362
0.103812
0.020759
0.0472127
0.0199694
0.0214965
0.0213117
0.426018
0.021316
0.169498
0.023127
0.0257212
0.0275954
0.0214009
0.0583127
0.0197028
0.0344504
0.0212319
0.0651887
0.0214004
0.0367885
0.234505
0.025445
0.369697
0.0207827
0.389598
0.0234505
0.024419
0.0213761
0.749307
0.0215128
0.0208815
0.0211953
0.153685
0.0214388
0.0198017
0.0395712
0.0244426
0.0648154
0.0208316
0.0199978
0.788515
0.0361085
0.327551
0.504381
0.0208451
0.018896
0.45244
0.0450674
0.0206667
0.0332316
0.328671
0.0207605
0.021557
0.0197744
0.0655952
0.371897
0.276076
0.0348445
0.0207922
0.020652
0.0216636
0.020173
0.02221
0.0236287
0.0219501
0.020374
0.497136
0.0216905
0.0212047
0.0215768
0.269916
0.140477
0.0214308
0.0231203
0.0236686
0.47196
0.020775
0.324473
0.0212984
0.0337562
0.528531
0.0213781
0.370715
0.0203956
0.0197877
0.0207906
0.0208256
0.0206403
0.0208165
0.0197538
0.132474
0.0234577
0.0209939
0.478048
0.0208692
0.0212752
0.0206315
0.663833
0.0208906
0.0226034
0.0393108
0.0361406
0.0208979
0.0197628
0.620239
0.0211894
0.478013
0.285157
0.0212703
0.0216316
0.0307963
0.234643
0.0251613
0.0201693
0.0206287
0.0223539
0.0271937
0.0228441
0.0302414
0.0377561
0.0217581
0.021688
0.0236582
0.0219255
0.0342176
0.493195
0.0205462
0.339304
0.0319296
0.0212755
0.0209155
0.0208762
0.0208483
0.0206374
0.020999
0.0207357
0.0215778
0.0283128
0.0224803
0.0210241
0.022998
0.0242265
0.0205829
0.0207021
0.0892355
0.0223316
0.022587
0.0205662
0.0213849
0.0205423
0.0199729
0.432689
0.0213311
0.0210535
0.438424
0.528115
0.382346
0.020875
0.249268
0.021451
0.101683
0.482292
0.0216978
0.535763
0.0206713
0.0202879
0.457125
0.0208333
0.0479865
1.38571
0.449922
0.0235515
0.226671
0.021171
0.0208199
0.0219533
0.0206397
0.439455
0.384742
0.0208603
0.454928
0.0729323
0.0197101
0.0206546
0.0246514
0.209284
0.0758188
0.0243942
0.290172
0.489331
0.0212166
0.443741
0.46859
0.157269
0.559663
0.0206966
0.465223
0.0197488
0.298407
0.304866
0.0197869
0.796895
0.397973
0.037443
0.0196237
0.3456
0.0203869
0.02066
1.66986
0.704054
0.0206701
0.0211094
0.141564
0.0197399
0.0242606
0.0207849
0.0410135
0.121287
0.0220148
0.0214489
0.317323
0.0339894
0.231485
0.330624
0.020768
0.287601
0.0210174
0.36155
0.0245849
0.0200862
0.400296
0.0213249
0.160828
0.0213457
1.60147
0.0210878
0.0210259
0.0202242
0.0213303
0.0204859
0.0214964
0.150814
0.61505
0.0205851
1.19574
0.0721572
0.0203082
0.0205506
0.488027
0.0612397
0.17449
0.453912
0.237205
0.0205536
0.0211854
0.230296
0.0248736
0.361918
0.0288336
0.020615
0.0212153
0.0205902
0.0197856
0.0205883
0.0328258
0.0205704
0.336317
0.0208927
0.0213437
0.0755831
0.0197528
0.0330342
0.683369
0.0207918
0.02077
0.020947
0.027692
0.0196231
0.0201524
0.269136
0.368185
0.0258238
0.0213586
0.029707
0.0205215
0.0209486
0.0212367
0.299303
0.190396
0.314932
0.41235
0.03064
0.0406734
0.0834837
0.0210089
0.0227074
0.019633
0.019619
0.0231514
0.0208036
0.41731
0.290999
0.0228739
0.626327
0.0282897
0.421311
0.313796
0.0200113
0.0666778
0.0230166
0.0331303
0.0213039
0.0204451
0.0201092
0.0292036
0.413933
0.461118
0.444521
0.0209576
0.190104
0.0205738
0.170912
0.412666
0.0204644
0.0217723
0.0208838
0.68107
0.314384
0.0216177
0.019613
0.0326906
0.0224105
0.308274
0.0214349
0.0209709
0.476297
0.302094
0.0205167
0.0237221
0.0206775
0.0233307
0.0214945
0.462863
0.0206961
0.0215368
0.0461432
0.0213302
0.0208371
0.238355
0.0450284
0.0214385
0.0212544
0.0216369
0.0205827
0.0204907
0.0907776
0.404881
0.0208261
0.0237245
0.0208158
0.0213525
0.0213408
0.0211124
0.419717
0.370765
0.0737413
0.376662
0.020746
0.024178
0.020832
0.021131
0.0523508
0.021272
0.153592
0.020713
0.28474
0.0214044
0.229987
0.316983
0.0202035
0.0208252
0.0465219
0.0343081
0.110727
0.339279
0.216657
0.420462
0.0236578
0.021177
0.302068
0.020747
0.315668
0.0199219
0.0742131
0.0273634
0.020815
0.0210107
0.0208592
0.036118
0.280704
0.0209542
0.0824565
0.021343
0.0443638
0.0204646
0.0236908
0.0298946
0.0204317
0.553957
0.0687875
0.0201853
0.38848
0.0630862
0.0711867
0.0204526
0.355776
0.020654
0.0202135
0.0314911
0.0204506
0.160371
0.0199592
0.0207977
0.0204987
0.0233238
0.334692
0.020736
0.384078
0.0197039
0.0248317
0.336171
0.0209267
0.338735
0.0485583
0.0319256
0.0980947
0.0210396
0.0205279
0.930867
0.0204713
0.0203549
0.0206601
1.72869
0.333829
0.161365
0.704614
0.020091
0.0210204
0.0205559
0.0322222
0.0206485
0.526337
0.102278
0.0212281
0.366696
0.0220134
0.293145
0.020373
0.0201605
0.02304
0.0212998
0.205318
0.472258
0.0203108
0.0217718
0.0206808
0.430945
0.132357
0.0208287
0.423602
0.020967
0.0212912
0.0197199
0.0200437
0.0845128
0.320815
0.0204288
0.35575
0.389762
0.0197612
0.43994
0.020594
0.0208797
0.063127
0.0203144
0.444621
0.0197916
0.0217869
0.362385
0.0197486
0.0200714
0.0208697
1.93936
0.0245706
0.666613
0.157629
0.0239428
0.023217
0.158486
0.0204928
0.646269
0.0347031
0.020626
0.293381
0.623526
0.0446103
0.141993
0.0237906
0.0203596
0.434611
0.0658111
0.290412
0.314767
0.0204622
0.0203079
0.02073
0.38757
0.020288
0.020135
0.27283
0.0250205
0.0212729
0.0203422
0.0208265
0.0202694
0.0202543
0.110852
0.0208142
0.203478
0.329576
0.0208556
0.0227608
0.0206159
0.0203792
0.268919
0.120607
0.507308
0.490131
0.0204952
0.0206603
0.0352546
1.37923
0.334007
0.020399
0.550518
0.384732
0.0199083
0.0379216
0.0272313
0.0201296
0.0208318
0.0205821
0.0209187
0.0200772
0.0574043
0.405059
0.0207556
0.287582
0.0213187
0.0331668
0.0208961
0.0213233
0.0267342
0.0599172
0.0257794
0.0203192
0.0197974
0.020275
0.0202706
0.387707
0.0452147
0.389579
0.0707345
0.295536
0.0216788
0.0202947
0.050636
0.29402
0.021216
0.3544
0.0220979
0.0197485
0.147864
0.36511
0.0214474
0.0245985
0.0730001
0.615152
0.0281382
0.0202573
0.0234302
0.0206942
0.216062
0.0206473
0.358226
0.356173
0.0349036
0.206552
0.0406956
0.0350394
0.302197
0.0208526
0.0203056
0.020653
0.020726
0.329218
0.0206055
0.0206126
0.0237275
0.0210388
0.0201765
0.235796
0.251262
0.313775
0.020201
0.350656
0.317858
0.259169
0.0207049
0.0203232
0.0218378
0.0201544
0.305101
0.023231
0.020264
0.0279066
0.0205619
0.337695
0.0472224
0.0205938
0.584145
0.132279
0.0203401
0.321247
0.387797
0.095172
0.0207295
0.303325
0.364935
0.0196296
0.0204933
0.365538
0.0199632
0.0208322
0.402701
0.0210695
0.0203583
0.0205031
0.0203236
0.28845
0.0201617
0.0203329
0.317209
0.0811433
0.0204767
0.0207321
0.235201
0.307528
0.0210368
0.105776
0.0203726
0.662675
0.0701619
0.0215323
0.0202041
0.309932
0.465586
0.0216807
0.020086
0.385427
0.0231432
0.0201857
0.71458
0.0209067
0.0776681
0.0204584
0.365195
0.326415
0.26067
0.345162
0.0204057
0.283194
0.0208459
0.0281908
0.315949
0.0201414
0.048205
0.0198063
0.385793
0.0206781
0.0203309
0.019958
0.0204404
0.0202111
0.0200974
0.044915
0.0214315
0.0639708
0.0216757
0.0196925
0.0218881
0.379543
0.0205392
0.287125
0.0202552
0.0210702
0.466581
0.0211396
0.319075
0.023339
0.148952
0.0200594
0.0201178
0.0214335
0.0214827
0.0202032
0.0223837
0.0212419
0.284163
0.0201382
0.0214856
0.0205183
0.368867
0.336934
0.0215167
0.0627813
0.020736
0.0364308
0.0235963
0.0202071
0.309808
0.0208083
0.0199069
0.327452
0.618415
0.226693
0.328053
0.021689
0.357506
0.0262759
0.0211889
0.343992
0.339509
0.0204071
0.38146
0.35335
0.0212559
0.020193
0.0273685
0.432227
0.28145
0.268377
0.325146
0.0233655
0.020175
0.304077
0.330233
0.0207506
0.0197737
0.0208273
0.0221659
0.02021
0.0200819
0.291628
0.0478146
0.0200407
0.371721
0.386894
0.0508148
0.319516
0.0201031
0.0201076
0.0626853
0.138936
0.237497
0.023303
0.381306
0.0200343
0.323028
0.347029
0.0263124
0.021506
0.0210972
0.0203181
0.338629
0.0204769
0.0200854
0.309521
0.0442249
0.0204782
0.32849
0.183311
0.0261787
0.0619331
0.37362
0.0204671
0.0202864
0.0208594
0.0409328
0.0210598
0.0366505
0.0213147
0.0201387
0.30697
0.0200458
0.261416
0.325103
0.020042
0.341573
0.308311
0.0198637
0.0206538
0.0201389
0.0200654
0.389527
0.0202919
0.377811
0.774873
0.320744
0.03068
0.0333884
0.0209306
0.0210505
0.0275972
0.319152
0.0205469
0.326824
0.302309
0.284104
0.0197754
0.328333
0.0361149
0.366486
0.520071
0.0200669
0.0204652
0.365517
0.0207297
0.0200601
0.323965
0.0208772
0.021218
0.485123
0.303769
0.020074
0.0203849
0.325364
0.324834
0.31836
0.385939
0.0197156
0.132057
0.020234
0.0199483
0.34358
0.0202026
0.0202116
0.0197882
0.315568
0.0196902
0.0197503
0.252385
0.0201709
0.0212659
0.0205297
0.0221397
0.0202769
0.329093
0.18134
0.0201527
0.0202351
0.0204736
0.0198241
0.0199716
0.0200916
0.0202913
0.0205064
0.0197748
0.0203915
0.339104
0.0201771
0.0209688
0.0208899
0.0196803
0.474959
0.0197162
0.0201194
0.0403752
0.239909
0.0221988
0.34558
0.0212695
0.0198055
0.0201484
0.339278
0.0202915
0.0490457
0.0264242
0.243034
0.020927
0.019952
0.3169
0.036504
0.31955
0.209226
0.0194573
0.0199756
0.0196776
0.0304961
0.020729
0.1365
0.281862
0.0213776
0.0211004
0.0199471
0.263843
0.0199242
0.0197524
0.0206166
0.0952514
1.3842
0.318996
0.0201168
0.0210529
0.0207039
0.363292
0.0221142
0.0210553
0.021512
0.0333493
0.0229451
0.147925
0.0284599
0.15598
0.513886
0.0202724
0.0201972
0.0228141
0.268915
0.0199801
0.0198952
0.0252055
0.0551469
0.376291
0.0200841
0.0212448
0.0203192
0.0221439
0.0198345
0.0212595
0.371938
0.382694
0.0201922
0.022067
0.0207489
0.0215436
0.0205299
0.0201556
0.298591
0.0241266
0.0196911
0.293012
0.0220293
0.0391791
0.0218005
0.0271038
0.283337
0.0209783
0.283708
0.0204774
0.0197999
0.37827
0.266742
0.270713
0.0221236
0.0206778
0.0201834
0.0215193
0.26421
0.0202019
0.0634969
0.0235399
0.0201065
0.675615
0.0198951
0.0198957
0.0206153
0.0201736
0.273199
0.020999
0.0201527
0.0220468
0.0526305
0.433506
0.0199053
0.0207594
0.0204177
0.0289359
0.323814
0.0203513
0.0199927
0.0202805
0.282942
0.0271175
0.356199
0.0200229
0.0210713
0.0371348
0.0205873
0.019732
0.381563
0.117539
0.0203843
0.302122
0.0199891
0.213862
0.156338
0.14599
0.252078
0.0203449
0.0201886
0.0200199
0.0199331
0.0212035
0.0196724
0.0201757
0.0197586
0.0263669
0.288529
0.0239865
0.0210926
0.020121
0.0210812
0.0269108
0.115409
0.0199352
0.0206613
0.0200084
0.0208441
0.0214991
0.0200533
0.020152
0.022949
0.332565
0.358757
0.0199629
0.130633
0.0905809
0.0199575
0.0217587
0.0199007
0.299887
0.0198966
0.292996
0.0572439
0.271854
0.314568
0.0872518
0.0227678
0.115932
0.0200108
0.317504
0.224489
0.289203
0.0309326
0.0211834
0.310475
0.020118
0.0250941
0.337732
1.39891
0.0198665
0.339536
0.0225702
0.0213093
0.0201007
0.325842
0.0198088
0.0202663
0.13372
0.0661121
0.312839
0.0201914
0.308091
0.0200318
0.0219454
0.0232511
0.0366799
0.0196068
0.0200861
0.191806
0.0208816
0.0656869
0.0246586
0.147553
0.333293
0.0211748
0.328963
0.220363
0.0207652
0.0208916
0.517789
0.169358
0.268129
0.209511
0.0223483
0.0197021
0.0559553
0.284913
1.07562
0.0203349
0.228037
0.026771
0.0218387
0.0207724
0.0201506
0.0231578
0.0197885
0.0199069
0.0209533
0.0202818
0.0225942
0.020298
0.0208412
0.0208251
0.0206509
0.0203468
0.0197819
0.0204091
0.263824
0.0205901
0.341445
0.882373
0.441032
0.0312373
0.353815
0.0233492
0.020619
0.0197867
0.0203303
0.374434
0.0205478
0.367297
0.0685439
0.0221077
0.0193669
0.0229655
0.0202222
0.108445
0.023069
0.0430337
0.0222921
0.325436
0.0296703
0.029699
0.0197853
0.0213812
0.0207151
0.285042
0.0205256
0.0210142
0.0201192
0.0197794
0.30288
0.0326395
0.0205199
0.0204198
0.02
0.0201827
0.0197947
0.32833
0.0202145
0.0197003
0.297349
0.0209907
0.0206118
0.0230549
0.0199118
0.308178
0.020558
0.0209694
0.0202462
0.0197329
0.0203691
0.0196951
0.044872
0.380264
0.0197457
0.0209004
0.0206458
0.31586
0.0223105
0.0220797
0.255859
0.0208347
0.0220171
0.0218878
0.0200316
0.0204022
0.0195921
0.259123
0.0204271
0.0197993
0.0197903
0.0197756
0.313746
0.0202462
0.0211134
0.0205258
0.0198593
0.229981
0.019782
0.0209811
0.328445
0.336199
0.0197542
0.305595
0.0197188
0.0213167
0.0287083
0.364857
0.278698
0.546242
0.0200968
0.0197572
0.0206074
0.302714
0.0196724
0.0200331
0.0202065
0.0197412
0.0215485
0.0197338
0.0215003
0.0201298
0.0205021
0.0198683
0.0253826
0.0197313
0.0198068
0.292327
0.0201204
0.020711
0.0197297
0.0197659
0.019895
0.0197187
0.0198789
0.211529
0.0197197
0.0205274
0.0226664
0.0196847
0.342775
0.0197467
0.0196077
0.0243977
0.0203965
0.0196831
0.01988
0.0197762
0.0197817
0.640827
0.174078
0.0199813
0.0228569
0.0230272
0.0202837
0.297408
0.0215555
0.0202469
0.0198199
0.324079
0.0198992
0.0204977
0.0198846
0.0203482
0.0224402
0.0201963
0.255993
0.0228475
0.0209511
0.0216892
0.0199927
0.275291
0.0331363
0.0196994
0.0210067
0.341519
0.237968
0.295626
0.0823402
0.0206881
0.0201185
0.378467
0.0197335
0.021133
0.0220276
0.0238183
0.290806
0.0205749
0.0198292
0.0203144
0.0201097
0.424969
0.0229465
0.0215791
0.0204629
0.0206826
0.0196715
0.022755
0.0207758
0.0200285
0.393766
0.0211016
0.0212309
0.0201578
0.0197979
0.326873
0.0232304
0.0197864
0.0229795
0.020022
0.0200782
0.0214217
0.0198789
0.0209306
0.417866
0.0197299
0.259271
0.0207805
0.019905
0.0201494
0.0321586
0.0209376
0.0203123
0.0202421
0.605198
0.0197887
0.0201329
0.163188
0.456383
0.0197879
0.266998
0.343869
0.0207043
0.0198791
0.282422
0.0201871
0.288443
0.0204068
0.0202282
0.0225678
0.021111
0.0214401
0.0209353
0.0204582
0.0208701
0.281497
0.0197315
0.284985
0.0252383
0.0212092
0.0228267
0.0198801
0.0202228
0.0494762
0.0198955
0.0206266
0.0212998
0.0217211
0.0198148
0.0219098
0.022466
0.0197609
0.0214665
0.0207239
0.0197425
0.0201255
0.0205592
0.428484
0.207919
0.325186
0.0199604
0.0197012
0.0197345
0.38452
0.0204584
0.144539
0.0202811
0.288881
0.296438
0.160793
0.0197037
0.275863
0.020742
0.0519354
0.0259246
0.020066
0.310571
0.0212639
0.0196619
0.0207246
0.0197104
0.019685
0.0200808
0.0432768
1.24748
0.0207504
0.0222888
0.0196836
0.0198003
0.0207808
0.822338
0.202809
0.0628076
0.020312
0.0197006
0.0297786
0.0197305
0.280963
0.0202511
0.0209622
0.0206912
0.0205196
0.0220994
0.020857
0.0199157
0.0199608
0.291203
0.271423
0.0195842
0.020789
0.0197596
0.268262
0.0197672
0.0202794
0.0196094
0.019729
0.0224289
0.0224655
0.0241117
0.0202931
0.0298598
0.303715
0.0233147
0.0206438
0.0197968
0.0195915
0.0198583
0.0212002
0.0199405
0.0195958
0.0299229
0.0224672
0.0224389
0.0196557
0.256373
0.0198697
0.0201987
0.0245792
0.0200104
0.0198831
0.0348021
0.0197165
0.420223
0.064255
0.0196683
0.01962
0.0208343
0.0209267
0.187606
0.0214257
0.0196683
0.0203449
0.0201229
0.0224638
0.022442
0.277023
0.0197199
0.02246
0.0208962
0.0199697
0.0208086
0.0224489
0.0202242
0.0199808
0.0201622
0.0200421
0.0224336
0.0205816
0.044472
0.0214997
0.0198158
0.276745
0.0342135
0.0199499
0.444144
0.0197062
0.41715
0.328749
0.0208141
0.0230887
0.0205714
0.0230373
0.0224424
0.0201615
1.14909
0.020495
0.020124
0.0198611
0.23512
0.0232389
0.0195778
0.0203628
0.0206585
0.0224277
0.0203168
0.292025
0.42478
0.0277392
0.0221081
0.0201183
0.0197759
0.0240863
0.0204536
0.0230144
0.0347394
0.0200102
0.0208461
0.0208899
0.344574
0.0196929
0.0203279
0.31428
0.0224711
0.0195962
0.0207151
0.0197751
0.328315
0.0411439
0.019814
0.0196106
0.020662
0.0197539
0.0203552
0.305425
0.0197463
0.325725
0.0224568
0.188949
0.028477
0.0209358
0.0230696
0.0239323
0.248795
0.242059
0.656217
0.0232868
0.0195856
0.0200973
0.0206116
0.304044
0.0196036
0.283003
0.276036
0.0228171
0.0232217
0.022483
0.022493
1.24112
0.317152
0.0196949
0.0200551
0.0200255
0.0206728
0.0201803
0.0230756
0.0213894
0.0224789
0.0225356
0.0197578
0.01968
0.228578
0.0203786
0.0198179
0.0203798
0.0199835
0.019879
0.0229644
0.0229231
0.0197822
0.0230376
0.240879
0.0234493
0.0195512
0.019555
0.0270139
0.908903
0.0207518
0.030768
0.0210638
0.0197448
0.281667
0.0203236
0.0205621
0.336731
0.0207591
0.0195884
0.0205999
0.0196502
0.0224514
0.0198959
0.0196516
0.0228626
0.0201058
0.0203642
0.019595
0.020714
0.0224864
0.0195778
0.285567
0.162455
0.0196605
0.0207847
0.0198897
0.317136
0.0206114
0.0196494
0.0196686
0.281504
0.28088
0.0212614
0.0227552
0.0227148
0.0227692
0.0227323
0.0226847
0.0227257
0.0227471
0.0227618
0.0227081
0.0226221
0.0227195
0.0226786
0.0226021
0.0224727
0.0225013
0.0224579
0.022446
0.267456
0.0225305
0.0225371
0.0226138
0.0225178
0.0225222
0.0226295
0.022467
0.0225267
0.0226162
0.0195418
0.0195311
0.0225152
0.0224799
0.119523
0.261067
0.25665
0.0266175
0.0203114
0.0197667
0.0195914
0.0195207
0.0198619
0.0225445
0.0225337
0.0225182
0.0224281
0.0224589
0.0224672
0.0224806
0.0224626
0.0224676
0.0225319
0.0225982
0.0225823
0.230394
0.0225831
0.253567
0.0213432
0.02246
0.0225972
0.0225386
0.0225334
0.0224906
0.0226119
0.0225414
0.0200101
0.0225387
0.0226177
0.020727
0.022421
0.270128
0.0203494
0.0204992
0.0213478
0.0206044
0.0205838
0.0234337
0.0197033
0.0208822
0.923427
0.328661
0.020927
0.355411
0.0199619
0.019686
0.0209635
0.325216
0.309763
0.0198601
0.019774
0.0197442
0.546411
0.0198655
0.0218309
0.0198701
0.0201809
0.169913
0.351512
0.0403376
0.230935
0.0198212
0.020736
0.021084
0.019784
0.0197664
0.0596708
0.30053
0.0210455
0.0198663
0.0196305
0.269116
0.0197218
0.0198106
0.0200345
0.0429915
0.232173
0.0880936
0.0202406
0.10353
0.0206175
0.0371026
0.229416
0.0197679
0.230567
0.0198955
0.0410286
0.0211676
0.0335312
0.255778
0.0195922
0.0199802
0.443589
0.0197063
0.257594
0.281875
0.0199128
0.603217
0.0207962
0.0204512
0.0198665
0.0205028
0.0202462
0.0198678
0.0197399
0.0198279
0.0199514
0.0201038
0.280467
0.0226837
0.363322
0.3381
0.0200314
0.0196555
0.106639
0.0200874
0.0198214
0.0197732
0.0205718
0.0200116
0.0204882
0.0197404
0.0206238
0.0198957
0.0224401
0.0198013
0.0205111
0.0198497
0.65009
0.0207584
0.0225563
0.0197032
0.0205312
0.0203234
0.0200639
0.0208103
0.0642521
0.0218985
0.0210578
0.0200636
0.0195971
0.0195793
0.019575
0.0214361
0.281212
0.0201821
0.0197032
0.0198926
0.0205886
0.101398
0.0208375
0.0198671
0.261276
0.020336
0.0212028
0.441753
0.020695
0.0360033
0.0224324
0.0198258
0.0201065
0.0158809
0.0204068
0.0225421
0.0199018
0.0198679
0.0419041
0.272768
0.0200013
0.0196791
0.0196412
0.0202156
0.0197488
0.0197315
0.0198108
0.0196731
0.0204706
0.0208673
0.0403445
0.0279058
0.020124
0.0196542
0.15145
0.0196674
0.0199807
0.0216107
0.019578
0.295137
0.0201431
0.0198788
0.0269284
0.0214335
0.0210909
0.0198311
0.0196378
0.384769
0.0198154
0.0204753
0.020166
0.0195783
0.0203144
0.021321
0.0203488
0.0197053
0.0219623
0.0206242
0.0201592
0.0226088
0.02007
0.0204913
0.0210312
0.330425
0.0374875
0.0231681
0.907728
0.019599
0.0202258
0.0200319
0.0198868
0.0200567
0.0202272
0.0196451
0.0195619
0.0201834
0.22422
0.0216719
0.0199297
0.020254
0.0201098
0.0200291
0.316522
0.0204082
0.0210066
0.0201625
0.0196135
0.0197191
0.0326432
0.0204457
0.0197666
0.0203192
0.0196525
0.0198208
0.159162
0.0215987
0.019575
0.0197164
0.0222541
0.0260896
0.0203631
0.0199924
0.0196547
0.0204449
0.0195868
0.0217523
0.0198109
0.0204846
0.0198041
0.0196688
0.0222977
0.0198905
0.0198715
0.0200788
0.0196377
0.0196551
0.0199097
0.0228258
0.189419
0.0196925
0.0231898
0.0196777
0.0200945
0.0197519
0.0199401
0.0201105
0.0219862
0.205284
0.0218464
0.0337198
0.0198325
0.0196341
0.0199514
0.0197168
0.0197645
0.0199277
0.0208797
0.0210152
0.0197901
0.021421
0.0199591
0.0196982
0.32048
0.0210795
0.0204937
0.0196886
0.0244961
0.0270288
0.0202269
0.0207303
0.0197253
0.159412
0.020128
0.472198
0.0196377
0.0198113
0.234089
0.045211
0.020682
0.0203102
0.0201948
0.0196542
0.0205081
0.0206683
0.020278
0.275335
0.0199284
0.0197646
0.299644
0.0226692
0.0206195
0.0232881
0.019653
0.0207283
0.0321305
0.0200193
0.0203774
0.020245
0.0207805
0.0198998
0.313876
0.0196427
0.0197089
0.0200766
0.020724
0.0208082
0.0207312
0.020969
0.185796
0.0201336
0.0213825
0.019793
0.0199678
0.0433166
0.0198757
0.0495412
0.0197448
0.0204119
0.0205117
0.0198943
0.0195656
0.0967528
0.0205179
0.0201248
0.0208306
0.322368
0.322355
0.157964
0.0199171
0.0197527
0.0205228
0.0200124
0.0210387
0.0221851
0.0208175
0.0198241
0.0200556
0.0198789
0.024316
0.020128
0.0322613
0.0195934
0.0211067
0.0205865
0.0198663
0.0204065
0.020858
0.020835
0.0224398
0.0209667
0.0197664
0.0205887
0.0201173
0.0391412
0.103984
0.0201334
0.0195597
0.0204214
0.0203964
0.0196148
0.0201125
0.199901
0.0217605
0.0207151
0.0209726
0.0196816
0.0200845
0.0216549
0.0198797
0.0201763
0.165035
0.0204845
0.0205949
0.0200267
0.213965
0.0197981
0.0204125
0.0468303
0.245975
0.0198482
0.382537
0.0196683
0.0208001
0.0218807
0.0238724
0.0198636
0.0770535
0.0398419
0.0212035
0.0197209
0.0201237
0.0197049
0.381197
0.0196319
0.0196552
0.0197085
0.020001
0.0196807
0.0214153
0.0207319
0.0231859
0.0964507
0.0196265
0.0384403
0.626192
0.0214132
0.0214235
0.0203106
0.0198559
0.0223336
0.0196866
0.0198882
0.019638
0.01967
0.381598
0.0202564
0.0209361
0.0264028
0.0211519
0.047858
0.0197519
0.0208678
0.0197307
0.0195655
0.0202215
0.0201054
0.0201387
0.0206893
0.0221063
0.112022
0.0196858
0.0197713
0.0202758
0.0196537
0.0671569
0.0248325
0.0198631
0.0203368
0.272282
0.0201301
0.0205264
0.0210225
0.359358
0.0213494
0.019767
0.337774
0.021725
0.0208533
0.0207244
0.186876
0.262835
0.019784
0.0196429
0.0199683
0.019999
0.0213401
0.0197637
0.020766
0.0211575
0.13008
0.277201
0.0204001
0.151263
0.345045
0.019642
0.020683
0.01968
0.0213381
0.0201072
0.0200517
0.0210098
0.0807639
0.0508113
0.0199454
0.019687
0.0201321
0.268281
0.0217711
0.0210137
0.0198489
0.0198272
0.0228582
0.0202231
0.0197468
0.380322
0.27589
0.270541
0.0196733
0.0219159
0.0199695
0.0212242
0.262697
0.0205061
0.327109
0.283258
0.0197403
0.0212554
0.0214024
0.0197219
0.0201715
0.0217026
0.0210592
0.0199766
0.0202404
0.335176
0.0218129
0.0209379
0.269078
0.187028
0.0204244
0.0215007
0.0204092
0.285581
0.267574
0.260924
0.264415
0.295553
0.309883
0.300247
0.281877
0.0208552
0.412355
0.0226211
0.0198046
0.0207767
0.0207989
0.0209855
0.0242426
0.0331594
0.295405
0.0290057
0.0196962
0.0196526
0.0198973
0.0204378
0.0199087
0.0484379
0.0286458
0.020148
0.330215
0.0310531
0.0203225
0.020001
0.0207148
0.0220601
0.0199434
0.0206474
0.0209706
0.0228984
0.377862
0.0198954
0.0958418
0.022774
0.0201288
0.306857
0.0223581
0.0231374
0.0200994
0.282531
0.0208146
0.0196755
0.197104
0.0199498
0.0212456
0.0203019
0.332659
0.0203733
0.0205267
0.0201731
0.0202577
0.0197364
0.12179
0.0197307
0.0217276
0.0211529
0.0200433
0.0196984
0.0203729
0.0222048
0.207453
0.106558
0.0214977
0.0271568
0.0198493
0.314948
0.0203633
0.021122
0.020287
0.0203479
0.0726674
0.0197077
0.0206115
0.0199482
0.35831
0.0196682
0.269692
0.221614
0.032209
0.0200788
0.337908
0.0665228
0.0197676
0.0227207
0.0199003
0.0198125
0.0202912
0.0222137
0.02014
0.0371737
0.0435036
0.0203954
0.0197435
0.0221879
0.0212362
0.0206946
0.02993
0.259767
0.0204879
0.0202925
0.020299
0.27947
0.275167
0.288941
0.019881
0.315828
0.0200128
0.0202545
0.082373
0.0231317
0.315527
0.0211586
0.0180243
0.0201177
0.0199426
0.27943
0.384829
0.0219895
0.241653
0.265551
0.327906
0.331093
0.328473
0.0462166
0.273602
0.0198803
0.0240504
0.220885
0.0210262
0.287474
0.287278
0.0211061
0.0200995
0.0199195
0.333917
0.117367
0.255525
0.0205434
0.0198632
0.0199993
0.16387
1.98775
0.375287
0.210454
0.0211743
0.101241
0.377132
0.0199815
0.0541657
0.0201494
0.0934704
0.0199416
0.02061
0.0247836
0.0241553
0.238521
0.0198597
0.0200957
0.0198818
0.16104
0.0203817
0.0200111
0.150103
0.0240211
0.0204737
0.10586
0.0203959
0.0198948
0.311882
0.0253271
0.0204788
0.0227787
0.0201267
0.102067
0.0200778
0.124987
0.0214607
0.0200107
0.020136
0.0207761
0.253816
0.161676
0.272689
0.272367
0.0209928
0.0280229
0.0211277
0.0661113
0.0200467
0.020065
0.0198789
0.30478
0.0197208
0.0911318
0.0205256
0.0200218
0.0220485
0.212306
0.035945
0.0241622
0.020141
0.0198812
0.0199496
0.276319
0.0209475
0.102587
0.296277
0.0204568
0.0204317
0.255612
0.255722
0.0199918
0.0209794
0.0204425
0.0448441
0.252187
0.0198886
0.0204559
0.762675
0.281287
0.0207182
0.0199626
0.0321265
0.0209467
0.0203739
0.0209821
0.0204768
0.292785
0.0205223
0.365566
0.0207919
0.296193
0.025113
0.275579
0.32054
0.0200134
0.266699
0.0200235
0.255429
0.279683
0.309544
0.0206631
0.0269881
0.268755
0.0224503
0.274929
0.295495
0.344946
0.0207706
0.0199162
0.0198946
0.0202939
0.0232954
0.0204006
0.172875
0.0298271
0.0207849
0.019828
0.0551332
0.0203746
0.237794
0.170822
0.275417
0.354435
0.0217463
0.0276777
0.0205417
0.0205289
0.0217649
0.0309282
0.0197947
0.0198641
0.0199644
0.197063
0.0200483
0.13452
0.0205905
0.0201816
0.0202987
0.0290894
0.0203412
0.324995
0.0206624
0.0203364
0.0204883
0.331763
0.330395
0.320272
0.0202135
0.0697816
0.0224826
0.289799
0.286292
0.0202026
0.0204391
0.0221022
0.330617
0.0200628
0.0206737
0.0204101
0.0201875
0.504241
0.0235901
0.0204445
0.013337
0.424103
0.0214594
0.369986
0.0202935
0.367136
0.0482571
0.0207383
0.316286
0.019851
0.0203618
0.0200231
0.0226294
0.0199913
0.0200203
0.731716
0.0202654
0.0198365
0.0205309
0.0200894
0.0200918
0.020109
0.0201478
0.21832
0.385552
0.0218217
0.0204986
0.0234304
0.0191003
0.019974
0.0213732
0.350225
0.0224845
0.0321977
0.0205974
0.0251392
0.019835
0.0226241
0.0198487
0.0220612
0.0207807
0.0197666
0.238054
0.020837
0.0181165
0.437949
0.0218429
0.0203505
0.231174
0.278084
0.0223165
0.376428
0.314151
0.0202971
0.0204091
0.020528
0.020441
0.0236237
0.0197096
1.09745
0.0202844
0.0215786
0.0204138
0.0205775
0.321268
0.334114
0.0208294
0.0204864
0.394407
0.364223
0.0203116
0.0201449
0.0211715
0.0646975
0.020271
0.0216896
0.0201471
0.0200293
0.0199607
0.0204565
0.020618
0.0198506
0.0201278
0.0198353
0.0205767
0.0199383
0.0199716
0.0199716
0.0218133
0.0200613
0.373363
0.418551
0.0208414
0.0201664
0.0212642
0.0205674
0.0199595
0.278703
0.645579
0.0199615
0.135731
0.0199667
0.0199601
0.0688101
0.0196426
0.0203329
0.16904
0.0199911
0.0196751
0.0205786
0.281835
0.0207126
0.454098
0.273208
0.0202661
0.0201834
0.0198364
0.194392
0.0216833
0.0212944
0.0232479
0.706073
0.0209618
0.0208281
0.0204143
0.0210392
0.0203204
0.0241914
0.68258
0.0490997
1.30999
0.0228547
0.0200328
0.0206005
0.0199468
0.199623
0.0201551
0.270902
0.0202261
0.0223161
0.0199583
0.0203834
0.379819
0.0200071
0.0199928
0.0199835
0.0254075
0.087128
0.0200417
0.0199486
0.0225975
0.0204501
0.0218193
0.273783
0.0214537
0.0202443
0.333184
0.071097
0.18515
0.0208423
0.317901
0.155739
0.0202646
0.02156
0.0200072
0.0218884
0.019838
0.020677
0.0199793
0.0213733
0.350669
0.0206243
0.304562
0.0212792
0.0242239
0.424555
0.0202681
0.0205956
0.375535
0.0207659
0.0220999
0.18755
0.0196887
0.670743
0.0198444
0.020453
0.379182
0.0198536
0.0208956
0.0209298
0.357348
0.0204724
0.0247102
0.252142
0.0215154
0.297228
0.0244412
0.0199866
0.0203278
0.020434
0.0207423
0.0200198
0.0200787
0.020345
0.0318156
0.0212793
0.0908867
0.290414
0.0204673
0.0207028
0.0200489
0.020531
0.325529
0.0203095
0.69488
0.277257
0.253018
0.0202343
0.0277855
0.0204477
0.276
0.213238
0.0209193
0.146842
0.0198485
0.0201632
0.0239484
0.0206097
0.0202004
0.448553
0.457713
0.0243568
0.282858
0.0204868
0.0201066
0.0593668
0.0341571
0.375886
0.0221943
0.0205928
0.0200306
0.681015
0.0206255
0.302376
0.022853
0.019726
0.0233927
0.0198458
0.0200909
0.0213531
0.265181
0.020566
0.0215465
0.0573924
0.0200576
0.0208355
0.0207692
0.331921
0.0204542
0.02068
0.0203954
0.0204223
0.539759
0.0200249
0.0199784
0.0209449
0.020361
0.0205055
0.0275363
0.0200438
0.0214487
0.0798781
0.0201236
0.0205604
0.305238
0.0200572
0.0203601
0.355398
0.0209301
0.0202742
0.0206475
0.0622183
0.020713
0.0208589
0.234946
0.0198189
0.020526
0.0204287
0.0200758
0.153246
0.0201087
0.0202441
0.0205972
0.0198699
0.341127
0.30088
0.0201079
0.0208021
0.0209414
0.0199128
0.02024
0.0212979
0.0201163
0.021202
0.0204992
0.020581
0.0200312
0.300814
0.0204174
0.020411
0.273737
0.261268
0.19108
0.0202597
0.0213988
0.0205508
0.271966
0.0207024
0.044623
0.424156
0.357679
0.0874619
0.329105
0.0201286
0.020481
0.0280457
0.0217102
0.387869
0.420219
0.0198685
0.0203239
0.0202071
0.0207586
0.0198416
0.0204317
0.0199573
0.0210115
0.0211991
0.0491326
0.0198576
0.20076
0.0718275
0.0200562
0.331024
0.0196626
0.020053
0.0216956
0.0201244
0.02039
0.0198156
0.0218079
0.0226299
0.0200893
0.0206515
0.0218036
0.0204635
0.0207305
0.0221957
0.0204665
0.0200645
0.303609
0.109364
0.0204413
0.0204014
0.0199922
0.323753
0.0526564
0.0200856
0.0240823
0.0219638
0.0235776
0.0297613
0.30381
0.0207386
0.194191
0.293019
0.0932184
0.33391
0.340744
0.210014
0.0202235
0.0206676
0.0201614
0.0407581
0.0202314
0.0203042
0.0489408
0.0203664
0.153175
0.0204978
0.375773
0.0205779
0.020241
0.0202084
0.0198966
0.48965
0.0216668
0.0201939
0.0199437
0.181569
0.154224
0.150972
0.0202323
0.0204394
0.284013
0.0206096
0.36648
0.019622
0.0208028
0.269633
0.0251761
0.217971
0.020886
0.0744338
0.0211857
0.0202393
0.0212062
0.0201168
0.0210577
0.0205495
0.0209346
0.382204
0.19413
0.320435
1.38316
0.0208205
0.0211435
0.0202959
0.0196689
0.0690698
0.0205169
0.0204382
0.0196539
0.0204368
0.0202254
0.0205689
0.0671012
0.372504
0.377279
0.0274486
0.021512
0.0202246
0.0202323
0.0202615
0.383971
0.0210424
0.0900431
0.022453
0.384047
0.0199751
0.0206037
0.349008
0.020542
0.0202452
0.0214356
0.021003
0.0202951
0.0202598
0.0201217
0.0200905
0.0199451
0.0204362
0.0200795
0.0203061
0.303115
0.020143
0.0203321
0.0207456
0.0200157
0.0202772
0.021695
0.483525
0.020722
0.0206676
0.020498
0.317452
0.220434
0.0268258
0.370708
0.0204308
0.0205311
0.0204023
0.0207754
0.0206408
0.020575
0.0202409
0.0202913
0.0203789
0.0425769
0.0208057
0.0200604
0.477222
0.0204793
0.0209119
0.691388
0.0209458
0.0283125
0.208601
0.0200552
0.0214411
0.0221016
0.376485
0.490288
0.537092
0.0205068
0.0203163
0.0203065
0.0205775
0.020438
0.0203928
0.0219427
0.0262583
0.0227076
0.0237345
0.38439
0.0200764
0.0221247
0.0228127
0.324787
0.0202068
0.335109
0.0203346
0.0204385
0.0196275
0.0200352
0.450064
0.0207241
0.0202892
0.0203068
0.0204864
0.0270918
0.320189
0.0200429
0.0205645
0.0211195
0.463272
0.0210877
0.0224785
0.385861
0.34728
0.0204142
0.0204167
0.376507
0.0203121
0.0203294
0.211422
0.0210659
0.0203908
0.0200766
0.0205975
0.393424
0.0250799
0.0231861
0.0207206
0.0200307
0.0204486
0.0242494
0.0204137
0.0212173
0.020324
0.0242105
0.328616
0.0203762
0.0205828
0.0203622
0.318606
0.0225894
0.046168
0.362451
0.0217865
0.0207384
0.0199903
0.348587
0.0206718
0.557472
0.0204098
0.230963
0.0203931
0.295022
0.0411438
0.0206325
0.0212368
0.410646
0.0206646
0.023602
0.0212036
0.235115
0.0205039
0.0203742
0.0204106
0.0203569
0.0272912
0.0204896
0.0204755
0.0206465
0.355017
0.0296894
0.0207629
0.0210401
0.3781
0.020534
0.589667
0.0216135
0.362221
0.0321514
0.315619
0.0199749
0.320862
0.0200948
0.0203905
0.590218
0.0206336
0.0206827
0.0209741
0.023738
0.0212005
0.0201916
0.020337
0.025216
0.020259
0.0214581
0.170828
0.0196141
0.382356
0.0205466
0.350877
0.0212513
0.0214009
0.0200729
0.486271
0.0206674
0.111984
0.0203956
0.0213179
0.0212615
0.0221361
0.020208
0.0196244
0.020484
0.0201758
0.0201772
0.423086
0.0202673
0.0218304
0.146996
0.0206093
0.0210389
0.564009
0.0203971
0.0207421
0.501097
0.0288524
0.0203901
0.0207843
0.0214036
0.021584
0.0203937
0.0215163
0.212364
0.425154
0.0205124
0.416099
0.0208137
0.0207226
0.0207431
0.0207643
0.498281
0.426955
0.0279117
0.0211449
0.0205858
0.0648681
0.020465
0.0203797
0.0207354
0.435882
0.0201977
0.0196237
0.0204275
0.0217417
0.37156
0.0228785
0.0205353
0.0220577
0.0202461
0.0203728
0.0225107
0.438199
0.0222433
0.318205
0.0243788
0.0201467
0.0241125
0.0201715
0.0241718
0.0213312
0.194539
0.383891
0.0199108
0.0203282
0.0246284
0.026582
0.331077
0.702856
0.02043
0.384073
0.0206481
0.0209633
0.020343
0.0448339
0.0210036
0.0337614
0.0205401
0.0214593
0.432225
0.0212642
0.191733
0.0203696
0.147183
0.0635625
0.0202038
1.54054
0.0211362
0.210507
0.0976959
0.062277
0.0202355
0.0214545
0.0203268
0.0214818
0.0206962
0.358045
0.0207574
0.0198311
0.020939
0.0202908
0.158313
0.0208462
0.021824
0.0205155
0.0232047
0.0207125
0.0222282
0.0206744
0.0206852
0.0199998
0.0208922
0.0207432
0.0213763
0.0210882
0.0206476
0.227198
0.0211484
0.0204837
0.0204972
0.489225
0.186932
0.0205113
0.0199637
0.0213909
0.102602
0.312757
0.0336138
0.0200229
0.373439
0.0202464
0.0202509
0.0215182
0.0214439
0.0209698
0.496304
0.0202203
0.0206274
0.0207841
0.0226871
0.0207049
0.0202813
0.0204927
0.0205299
0.0211548
0.020879
0.0208204
0.0208606
0.0226367
0.025857
0.0207673
0.020614
0.262438
0.0218536
0.304979
0.0204523
0.0205108
0.39073
0.0220685
0.201374
0.0231296
1.28355
0.0205692
0.0218566
0.0205307
0.0204718
0.373472
0.0209798
0.0221012
0.0205939
0.0213819
0.0205844
0.0245112
0.145527
0.0236301
0.0208597
0.0211284
0.462582
0.0203999
0.0208696
0.0222523
0.0205838
0.207022
0.0206629
0.0199308
0.375494
0.0231621
0.0264761
0.02109
0.0211818
0.0211143
0.0203754
0.0203866
0.0205384
0.0203174
0.0207797
0.375588
0.0200244
0.455234
0.0266223
0.0214314
0.0217817
0.0212642
0.0209629
0.02081
0.0204473
0.369545
0.0233813
0.202839
0.0204014
0.723944
0.0205136
0.11637
0.0209432
0.0224293
0.429361
0.0206987
0.0376881
0.020788
0.020257
0.0205095
0.0207885
0.760877
0.387567
0.0377127
0.0206152
0.0207828
0.0206251
0.491954
0.0207005
0.0212026
0.0236123
0.0259972
0.731092
0.020512
0.0205643
0.0208464
0.020319
0.336076
0.0205249
0.0239599
0.0203732
0.0198321
0.498429
0.0206166
0.0203384
0.023396
0.487027
0.0204969
0.158523
0.0218517
0.0215296
0.0212041
0.0211969
0.0216137
0.205683
0.22387
0.409105
0.0214116
0.0563826
0.019619
0.0219741
0.020582
0.0216578
0.380468
0.0201567
0.284207
0.0240727
0.0222366
0.0218986
0.438133
0.241266
0.10415
0.0211039
0.021031
0.0234663
0.0209376
0.0199183
0.0199748
0.374676
0.647665
0.0196252
0.0368619
0.0214304
0.0275656
0.424121
0.0202799
0.431143
0.193282
0.020886
0.0305167
0.432883
0.0212612
0.559464
0.0206311
0.0198448
0.0228088
0.126222
0.0212797
0.0295403
0.0206253
0.0257786
0.0273494
0.0230839
0.0207487
0.244776
0.484091
0.0201302
0.0198848
0.0205581
0.0212226
0.0212338
0.0195935
0.020835
0.0199747
0.0882866
0.0207967
0.514258
0.0210831
0.0216614
0.0881477
0.0210707
0.02009
0.474733
0.0207367
0.020597
0.0208981
0.0200712
0.0220637
0.0207209
0.0196483
0.0640622
0.0199831
0.0257251
0.0208909
0.0213122
0.0202429
0.0205711
0.548609
0.020034
0.0205964
0.489334
0.374925
0.0208264
0.0211505
0.432104
0.0207977
0.0207364
0.0203737
0.0361355
0.0210557
0.0206491
0.0308223
0.0213237
0.0214749
0.0208746
0.0205828
0.0206819
0.0206428
0.0205549
0.0319493
0.288658
0.0270817
0.0206873
0.0205509
0.0209123
0.328833
0.945593
0.0226483
0.433734
0.091927
0.0199299
0.0196273
0.276694
0.353259
0.0209135
0.0200739
0.540511
0.299199
0.02876
0.021441
0.0198337
0.0207024
0.375325
0.0211435
0.0264343
0.405582
0.0206089
0.421757
0.026867
0.0213493
0.0205432
0.0207016
0.0206882
0.0445298
0.0210592
0.0271514
0.0207285
0.02146
0.0212061
0.0204413
0.0320879
0.0209536
0.0207464
0.0206155
0.375333
0.0200397
0.0206925
0.0213117
0.675328
0.273672
0.0204285
0.0432481
0.0204964
0.0202185
0.0206045
0.0219387
0.0241026
0.0200524
0.0204744
0.0211233
0.201589
0.0205954
0.298149
0.0200623
0.0228892
0.0211306
0.0205965
0.0199129
0.0204095
0.0218855
0.109387
0.0219513
0.0207561
0.0210288
0.361867
0.0211092
0.0206415
0.0233971
0.0219189
0.0209021
0.0207794
0.349097
0.0228103
0.0278003
0.0233458
0.0242422
0.0202582
0.020974
0.020594
0.0208235
0.0216368
0.381392
0.0208369
0.0210514
0.0208257
0.0240528
0.0260445
0.0208447
0.697358
0.0237348
0.0208342
0.0341535
3.08413
0.136933
0.111145
0.0214199
0.0206372
0.0210017
0.0217237
0.0207919
0.140277
0.0285164
0.0206596
0.432157
0.0204585
0.0212097
0.0207935
0.0206576
0.328109
0.0207629
0.0206871
0.0378968
0.068971
0.0306708
0.389311
0.0206163
0.425547
0.375883
0.472436
0.0213415
0.0200829
0.0565333
0.0196444
0.022344
0.02189
0.425762
0.0205741
0.0252875
0.0200251
0.0216267
0.0205829
0.0200933
0.0207308
0.22603
0.23558
0.0209978
0.480517
0.0213453
0.0203914
0.0263597
0.0842306
0.021094
0.0320004
0.65123
0.0255728
0.0210431
0.0207397
0.022
0.0211834
0.66516
0.0207042
0.020788
0.0210344
0.0206909
0.0207234
0.0236553
0.0200402
0.0207814
0.0311704
0.0207609
0.0198349
0.0216142
0.0237986
0.0331126
0.058902
0.0210494
0.702045
0.0213262
0.0207155
0.0219496
0.0319775
0.0347227
0.0206341
0.0206976
0.0207582
0.0208363
0.0583213
0.188833
0.646461
0.0211834
0.0201657
0.0218935
0.0200516
0.0224316
0.0207178
0.244079
0.484325
0.0237872
0.0208127
0.0326802
0.41908
0.0209018
0.730637
0.0200611
0.348244
0.306226
0.0206864
0.15808
0.0219732
0.0521245
0.0208263
0.715415
0.0233325
0.295311
0.020951
0.0208476
0.0209917
0.0225497
0.020712
0.350848
0.0205783
0.0409988
0.251632
0.0535256
0.0353156
0.0200491
0.0206096
0.0207171
0.0202563
0.0210846
0.0211633
0.0298562
0.0914675
0.0793464
0.0209896
0.0209374
0.0211262
0.0210688
0.0222925
0.317902
0.0207161
0.0210179
0.020747
0.0217675
0.0210267
0.020928
0.409196
0.285136
0.0263758
0.0207695
0.0249073
0.0196294
0.643909
0.0211721
0.0204749
0.33006
0.0209132
0.0216368
0.0244049
0.0215278
0.0212466
0.0208035
0.0257824
0.0208477
0.0237897
0.790311
0.0211563
0.028932
0.0205238
0.0256846
0.0205363
0.0207292
0.423865
0.0209881
0.0232646
0.023908
0.02078
0.0230058
0.0200255
0.0213122
0.545423
0.0203076
0.0209314
0.697528
0.0215114
0.0348239
0.0199141
0.296145
0.0202935
0.139041
0.0208624
0.0242862
0.0210971
0.174176
0.0207579
0.0202734
0.0207204
0.02128
0.0203393
0.0225826
0.0205869
0.260936
0.0210165
0.0213545
0.0206551
0.0205485
0.0208042
0.0207986
0.0207975
0.401065
0.0242893
0.0232858
0.0207032
0.0210556
0.0216458
0.0203869
0.0205962
0.103898
0.0224881
0.0199327
0.0200725
0.0207753
0.0210957
0.232566
0.027241
0.0210234
0.0207151
0.0210766
0.0208133
0.0208835
0.0201906
0.161879
0.10613
0.0207122
0.0199122
0.0205779
0.0207118
0.0209294
0.0207475
0.0208985
1.19712
0.0207662
0.021597
0.104833
0.310931
0.020711
0.0288942
0.0233878
0.714134
0.0612137
0.0206022
0.022013
0.0233752
0.0213407
0.0222326
0.0211563
1.88178
0.414532
0.0335353
0.0229871
0.0316943
0.0234081
0.0208333
1.39988
0.0211901
0.110839
0.0206892
0.0293374
0.0424741
0.52159
0.0210188
0.0209606
0.498633
0.029532
0.0242615
0.497904
0.0203893
0.0291717
0.0203483
0.2264
0.0206906
0.0210709
0.021295
0.0211057
0.0203607
0.0215983
1.78764
0.0594443
0.0204636
0.0259465
0.0212812
0.286271
0.022736
0.0210994
0.0219178
0.28037
0.829075
0.0211002
0.021983
0.0204853
0.0208843
0.0200807
0.0203572
0.335294
0.0211041
0.0422326
0.0836472
0.0226873
0.0208014
0.0208004
0.355826
0.0213651
0.0213805
0.0202154
0.0207961
0.0213482
0.0211516
0.315425
0.313686
0.0204596
0.333194
0.025272
0.0207979
0.0202584
0.0214305
0.0202733
0.0226836
0.101584
0.023417
0.0212258
0.63073
0.0211465
0.555239
0.0210211
0.0207051
0.0209517
0.0204321
0.0209202
0.203651
0.0401252
0.0209469
0.2277
0.0205185
0.0233426
0.835306
0.0214272
0.0210407
0.0220126
0.0209791
0.0213223
0.171844
0.0305787
0.0207913
0.0199945
0.0221567
0.285862
0.0215803
0.0200073
0.456847
0.386083
0.0211109
0.0205645
0.23111
0.0219898
0.0205449
0.573565
0.0714417
0.339675
0.0219905
0.0723342
0.0240841
0.0244287
0.0232703
0.020641
0.214597
0.0205873
0.0209142
0.603535
0.0208784
0.0206966
0.0213821
0.0848389
0.0204694
0.0209664
0.0209166
0.0222539
0.0200589
0.0209344
0.0226926
0.318705
0.0218362
0.398261
0.0484658
0.0199268
0.0243044
0.0436778
0.0211706
0.021033
0.865879
0.0212249
0.063151
0.0209688
0.0211906
0.0791152
0.019992
0.0207254
0.0209248
0.437558
0.0209154
0.0301044
0.0202398
0.0207669
0.0200744
0.452951
0.021224
0.020826
0.0206787
0.302922
0.0213419
0.0808219
0.0212213
0.020838
0.0254439
0.402737
0.0210177
0.491762
0.104954
0.0200369
0.0213991
0.0265554
0.0199929
0.0207778
0.475895
0.0211448
0.021577
0.731156
0.0201419
0.0212385
0.0221749
0.0287548
0.494496
0.0244009
0.502805
0.381933
0.0210823
0.297348
0.0295854
0.037742
0.0215179
0.42159
0.0275843
0.0203422
0.127927
0.0210103
0.127201
0.0210585
0.425113
0.411747
0.0211669
0.0205567
0.177168
0.0204572
0.0512632
0.0201911
0.0203568
0.0214246
0.10676
0.0209249
0.020413
0.0209318
0.0212487
0.0212899
0.021259
0.0196545
0.0209702
0.0254019
0.226642
0.0209953
0.203611
0.0209315
0.0215088
0.87147
0.118948
0.0222225
0.540429
0.0220954
0.0215704
0.0206287
0.0268261
0.0323393
0.0201928
0.0228618
0.0236391
0.224513
0.0209431
0.0209087
0.0199715
0.0230646
0.0207032
0.0282907
0.65854
0.0251625
0.0214333
0.0204445
0.0228335
0.0201752
0.0198454
0.0265568
0.659966
0.0201454
0.0352981
0.0221976
0.0212354
0.02744
0.0211117
0.0214237
0.0205598
0.0201576
0.0200292
0.0199274
0.0253504
0.0219025
0.0204626
0.0218319
0.0235
0.0196036
0.0205442
0.0220043
0.0210692
0.0235165
0.0211952
0.0224988
0.0208591
0.0296147
0.0213461
0.0212083
0.711159
0.0283536
0.020961
0.026627
0.0208776
0.0203878
0.0209272
0.02067
0.0218362
0.0214076
0.0252689
0.0216656
0.393776
0.0211531
0.0206735
0.0342898
0.0200738
0.0210483
0.0302489
0.0209348
0.585382
0.0209992
0.0203589
0.26363
0.030499
1.41384
0.0209136
0.0209298
0.0207835
0.0228591
0.0201402
0.02082
0.0595408
0.0347661
0.424574
0.446018
0.0214904
0.371585
0.0246091
0.0550225
1.03377
0.0318041
0.70534
0.0224233
0.188277
0.143363
0.0198619
0.452596
0.0208296
0.02084
0.02029
0.0211425
0.020932
0.0209178
0.0228002
0.85247
0.0224756
0.0277943
0.231473
0.0209471
0.10786
0.0202679
0.0207483
0.0199278
0.599938
0.0211125
0.43005
0.571885
0.821919
0.023582
0.13593
0.0200256
0.037314
0.0333828
0.0203915
0.0223094
0.0312257
0.0211972
0.0207751
0.0210426
0.0209138
0.0628534
0.0221966
0.931789
0.0360921
0.0207498
0.0581006
0.0209251
0.0212447
0.0409156
0.48895
0.0225961
0.0210373
1.46147
0.0912914
0.0218281
1.44101
0.0211966
0.0215899
0.0213493
0.0394176
0.019923
0.0211428
0.0208685
0.0206834
0.020376
0.0239428
0.0210116
0.0212978
0.0237418
0.0214188
0.766183
0.0209239
0.0212911
0.338203
0.0210467
0.020431
0.160928
0.77479
0.0212474
0.0207443
0.0286462
0.0217251
0.0212965
0.0213448
0.0206365
0.0211725
0.330948
0.0207622
0.0201731
0.0207234
0.0209652
0.0204534
0.0340052
0.0398285
0.0284569
0.0195422
0.356234
0.0211037
0.0211706
0.0206447
0.0207514
0.106948
0.0202579
0.020728
0.0231414
0.020383
0.0228182
0.0297943
0.0205695
0.0228667
0.0360166
0.0211557
0.405612
0.0238759
0.0671768
0.0256224
0.417971
0.0213204
0.022089
0.0203728
0.0208141
0.0208361
0.0737544
0.0213525
0.020306
0.0200656
0.304054
0.0210244
0.0202321
0.0203526
0.0225261
0.0214222
0.0210997
0.0321771
0.284183
0.626324
0.0231364
0.0306542
0.0208459
0.0327325
0.0444645
0.0202393
0.0240416
0.0300853
0.0207077
0.0218743
0.0211202
0.0204502
0.225247
0.025398
0.0224381
0.0292831
0.361916
0.0281471
0.020259
0.0200101
0.0776914
0.0207026
0.0261055
0.022312
0.021203
0.0273332
0.0227587
0.0245149
0.0210595
0.0205639
0.0669265
0.0234934
0.722731
0.0540204
0.0382566
0.0219204
0.021364
0.0244739
0.0209886
0.0220461
0.0202735
0.0208668
0.400565
0.0236773
0.362479
0.139936
0.0302699
0.0213122
0.0867296
0.623108
0.105366
0.0201206
0.0215065
0.0284138
0.0216483
0.148829
0.314778
0.020971
0.0527127
0.0651973
0.127259
0.14625
0.0205285
0.0215194
0.0275521
0.0228742
0.877995
0.0462507
0.0532776
0.372522
0.0213954
0.0207392
0.0709138
0.0213734
0.019933
0.021963
0.0210343
0.809521
0.0211423
0.0208518
0.0278344
0.0228503
0.021049
0.0213472
0.021206
0.0211398
0.0217522
0.0343583
0.0203265
0.326805
0.0234868
0.71626
0.0225877
0.0212167
0.0236606
0.0285114
0.0265796
0.0595234
0.0209812
0.021164
0.0201575
0.0216173
0.0313455
0.0209252
0.0212949
0.0214123
0.0275709
0.0208157
0.692137
0.0211907
0.0220591
0.022905
0.0266346
0.0226115
0.0211299
0.0228029
0.0212237
0.0214135
0.0209879
0.0212384
0.0213638
0.0414641
0.0202309
0.0210995
0.0214152
0.67356
0.0222677
0.0217691
0.0211838
0.0222793
0.0296451
0.021203
0.0427074
0.840689
0.0209176
0.0217569
1.25745
0.0213374
0.0203258
0.0202673
0.022753
0.0217546
0.038972
0.0215622
0.0219178
1.03657
0.02034
0.0207047
0.0214245
0.0251642
0.0253025
0.0213066
0.0278183
0.0210934
0.719771
0.0220705
0.0235033
0.386168
0.0307841
0.0212456
0.0229404
0.0223698
0.0214205
0.0238882
0.021122
0.0214233
0.0214529
0.0210399
0.0208006
0.021071
0.0209783
0.0228023
0.0320152
0.0205534
0.0212113
0.0203466
0.26479
0.0372459
0.0214007
0.0201862
0.0209046
0.803466
0.0449748
0.0211663
0.107138
0.0213807
0.0205979
0.02055
0.0209291
0.0214522
0.0212521
0.0210595
0.122041
0.0210492
0.0240274
0.0219065
0.0208592
0.122029
0.317747
0.0210103
0.025748
0.364553
0.0206635
0.0207136
0.0210102
1.50794
0.68438
0.320214
0.55191
0.0215476
0.0299674
0.855475
0.0214521
0.0455708
0.207547
0.0863015
0.0210567
0.0315261
0.0213725
0.0255422
0.425513
0.0213218
0.0248755
0.021183
0.0225288
0.0239719
0.372615
0.0227474
0.020356
0.0208809
0.0201578
0.714894
0.0208305
0.0222391
0.0218783
0.0427948
0.0210756
0.0328267
0.356529
0.774059
0.298134
0.0257539
0.588581
0.0205631
0.0210132
0.0213461
1.20626
0.0211964
0.0210621
0.0220955
0.0200281
0.0212677
0.0216702
0.0219022
0.0207924
0.0212735
0.0213845
0.020663
0.0204246
0.120267
0.0208472
0.0207607
0.0223004
0.284715
0.0216085
0.043195
0.0220575
0.024268
0.282205
0.0231473
0.0209135
0.0212831
0.406106
0.0216249
0.706935
0.0230882
0.0211852
0.0234042
0.163075
0.0209504
0.0201804
0.0203433
0.0210845
1.27506
0.365007
0.0204244
0.0202819
0.0249895
0.0210717
0.021313
0.0458824
0.046308
0.0205906
0.022553
0.0214187
0.0292049
0.807363
0.0254506
0.0201672
0.0579094
0.0645553
0.0210753
0.0263199
0.0210566
0.713338
0.0205437
0.0626751
0.021102
0.0613444
0.0227202
0.0211572
0.0234183
0.0225591
0.0214032
0.0237944
0.0242909
0.0210799
0.0225054
0.0211233
0.0469401
0.0230781
0.0206693
0.0229966
0.0213902
0.0211724
0.074412
0.0233914
0.0238806
0.0209476
0.0211538
0.0202096
0.0212666
0.020934
0.0210395
0.0212597
0.0207879
0.403926
0.0307989
0.0214811
0.0206779
0.0490225
0.154801
0.0334494
0.0202778
0.0210949
0.0238547
0.0211018
0.0263394
0.0248799
0.0213725
0.0219954
0.0211846
0.299889
0.278043
0.401702
0.0218025
0.130854
0.0230545
0.0208042
0.0209198
0.0201422
0.0490349
0.0211032
0.0199527
0.0206579
0.458908
0.394082
0.0217544
0.0199359
0.0214523
0.020382
0.0210834
0.37231
0.0209044
0.0210167
0.0232009
0.0210889
0.0213022
0.0453593
0.403363
0.0246826
0.021293
0.101759
0.0210867
0.0215111
0.0213478
0.389014
0.0210888
0.0211492
0.0212799
0.0214539
0.070571
0.179849
0.0269831
0.0352037
0.0207086
0.0207704
0.0314864
0.0210941
0.0204357
0.0352355
0.0200137
0.0219548
0.0207292
0.0212146
0.388592
0.052025
0.0260496
0.0209391
0.030961
0.327844
0.0221101
1.22458
0.0217484
0.0210393
0.0205106
0.0202804
0.0202976
0.0218475
0.0207814
0.0213801
0.0237279
0.021071
0.0210818
0.0227144
0.0210428
0.0355623
0.020891
0.0201395
0.0211151
0.0213747
0.407298
0.0206078
0.0213157
0.0397562
0.0251812
0.0200074
0.0370457
1.3421
0.0240179
0.263588
0.0628124
0.0212384
0.020902
0.0303223
0.021187
0.0528997
0.0322963
0.0213205
0.021389
0.0208588
0.0206607
0.0210366
0.0376736
0.0216253
0.020988
0.0230827
0.0217498
0.0213673
0.0207004
0.273985
0.0260803
0.0203591
0.0212289
0.0214482
0.0227068
0.280836
0.0770538
0.0200458
0.996067
0.0575816
0.0820578
0.0199103
0.0205892
0.285611
1.44855
0.0213179
0.0213926
0.0212092
0.0202969
0.0200404
0.0200261
0.0207457
0.0216022
0.0274578
0.0209027
0.0201431
0.0211138
0.0271329
0.0216638
0.0208941
0.0254194
0.0201319
0.492885
0.0257087
0.0213509
0.998663
1.35121
0.0171885
0.0200222
0.0202773
0.0210747
1.33589
0.0270628
0.0213596
0.0214068
0.021547
0.0212092
1.45312
0.0212334
0.0268352
0.0212705
0.0200251
0.033456
0.0723484
0.02167
0.0262587
0.0213983
0.0211732
0.276701
1.80089
0.0208132
0.0205467
0.0263702
0.0333683
0.0253049
0.0204427
0.0282574
0.0349322
0.0257915
0.0209918
0.0211898
0.0209095
0.0207576
0.0232212
0.0209304
0.0251355
0.0348459
0.0225455
0.047666
0.0277569
0.0212038
0.0213562
0.0722528
0.926639
0.150348
0.0937728
0.0200286
0.0423221
0.0214077
0.0203975
0.022359
0.0221294
0.0215972
0.125913
1.09656
0.123865
1.39157
0.0212619
0.0586328
0.0201519
0.0203251
0.0223749
0.0247198
0.277424
0.0215083
0.0250418
0.0253909
0.103804
1.34692
0.0210318
0.0214122
0.018291
1.40656
0.0208598
0.421649
0.276594
0.0211893
0.0219346
0.0199882
0.021901
0.0214159
0.0273787
0.424266
0.0213069
0.0201623
0.397802
0.120361
0.0326518
0.0276549
1.36917
0.0507878
0.392861
1.24115
0.0218764
0.0210664
0.0298585
0.0211337
0.021371
0.0202506
0.0207769
0.414626
0.0269334
0.026449
0.324911
0.0231103
0.0265867
0.0212105
0.025722
1.29106
0.0198406
0.0459963
0.417334
0.0453845
0.0214083
0.0228089
0.0222843
0.0200464
0.0204943
0.347719
0.0236495
0.0210495
0.0302172
0.0271413
0.021765
0.0842969
0.0239873
0.0225589
1.15783
0.0205445
1.27587
0.0215084
0.0245563
0.0511349
0.0236148
0.277541
0.0214156
0.0250751
0.0211772
1.58059
0.0264668
0.03889
0.0201629
0.0704418
1.63848
0.231889
0.0206301
0.024727
0.027008
0.0207697
0.0203566
0.024744
0.423579
0.0204234
1.59699
0.0224645
0.0212813
0.0212491
0.0224125
0.0245074
0.325288
0.112462
0.0272895
0.0216286
0.0212668
1.67561
0.0204436
0.0210505
0.151114
0.445724
0.0221015
0.0207459
0.0211855
0.0391363
0.816391
0.0288506
0.0214147
0.0547626
0.0203405
0.0312586
0.0213519
0.0203565
0.416885
1.73638
0.0286436
0.0222342
1.79713
0.0295021
0.0230452
0.0213777
1.32272
0.0232138
0.0210103
0.0285816
0.0297653
0.245544
0.0300812
0.0213925
0.0941663
0.0281584
0.0261405
0.0205552
0.0948207
0.0295791
0.0210024
0.17662
0.0214211
0.0213685
0.21519
0.0210192
0.0445915
0.0206493
0.0326481
0.0250826
0.0209992
0.154825
0.0390548
0.0202121
0.588605
0.0208917
0.0209022
1.04273
0.655794
0.0476397
0.71326
0.0296027
1.69875
0.021358
1.23393
0.0248276
0.0206367
0.031241
0.290483
0.0203035
0.0213516
0.0200947
0.0213758
0.0215891
0.0201653
1.28177
0.0229369
1.51708
0.0214437
0.383434
0.0214019
1.60376
0.0207444
0.0206396
0.0213776
0.0214005
1.61083
0.740059
0.0203679
0.0216316
0.98357
0.0782468
0.0219928
0.0204427
0.0205604
0.0390884
0.402101
0.423809
0.0261741
0.0203312
0.020317
0.0219932
0.022039
0.0213634
0.0223543
0.263736
0.0236496
1.46179
0.0217344
0.0202729
0.0253131
0.142276
0.0201963
0.0221932
0.0195915
0.0242546
0.0213658
0.0218996
0.0214404
0.0217662
0.0213657
0.268416
0.0335427
0.0209216
0.0213686
0.0218269
0.0218495
0.179678
0.0332383
0.0512251
0.0204273
0.0213724
0.0210754
0.0693154
0.298815
0.0599097
0.0221926
0.0227045
0.665612
0.338497
0.0201908
0.678253
0.0533253
0.0216615
1.73312
0.0213341
0.0626635
0.0211851
0.0210174
0.136644
0.369272
0.0212159
0.0555387
0.182282
0.0201824
0.156717
0.0213477
0.151583
0.403133
0.0287875
0.0965274
0.480702
0.0211741
0.0243876
0.022077
0.0213653
0.0200117
0.062665
0.112881
0.0216269
0.0204406
0.0213891
0.023336
0.0595795
0.0213825
0.275211
0.646111
0.0764166
0.149478
0.0216766
0.0207802
0.0208465
0.0238663
0.0224802
0.02431
0.0225856
0.135836
0.0318696
0.0216976
0.21341
0.832444
0.0371053
0.0206231
0.0229014
0.0310654
0.0301643
1.39086
0.0209431
0.0208167
0.393568
0.0204244
0.0310922
0.0206111
0.020636
0.0279131
0.0324001
0.0440549
0.124859
0.104991
0.12845
0.0435678
0.290905
0.0518692
0.436685
0.0211036
0.417638
0.263684
0.0654123
0.0222015
0.023002
0.0210896
0.0204289
0.0245676
0.0219934
0.0235677
0.0407919
0.147361
0.0308896
0.0220641
0.0217933
0.0716245
0.0286112
0.0510277
0.0209895
0.021399
0.239283
0.0647232
1.61849
0.019532
0.0195363
0.0217387
0.0467829
0.277537
0.0201299
0.0345644
0.0215967
0.0622049
0.0212221
0.0450931
0.0210881
0.0205483
0.533847
0.0210877
0.0205059
0.0215565
0.0462666
0.0232442
0.0223518
0.02065
0.0219405
0.0303992
0.0256104
0.0206783
0.0321063
0.0279467
0.0228036
0.0561075
0.0266575
0.0206802
0.0272806
0.0252366
0.0930142
0.0227111
0.0221489
0.020591
0.0715132
0.0202178
1.39841
0.020269
1.32937
0.0203776
0.026576
0.0202467
0.0236448
0.0200551
0.0266708
0.022467
0.0210204
0.0228492
0.0204283
0.021377
0.389108
0.0205285
0.0277783
0.0265723
0.020948
0.0205614
0.0215
0.027051
0.109224
0.0210194
0.023266
0.0202058
0.0368434
0.0220536
0.0244302
0.0208061
0.0215454
0.0600008
0.0299817
0.0319381
1.16205
0.0285688
0.0234651
0.0207622
0.0243684
0.290694
0.0204308
0.0208756
0.0271166
0.0206102
0.0918427
0.0292404
0.0198509
0.0277168
0.0243445
0.0213361
0.0208806
0.0205105
0.307612
0.0207235
0.0214743
0.0218339
0.0218682
0.0203729
0.0220527
0.0198375
0.0213237
0.0206362
1.75491
1.76458
0.0210906
0.052938
1.36119
0.0233322
0.262674
0.0215008
0.0206257
0.021585
0.0280562
0.0209768
0.0221881
0.0280339
0.0205621
0.155764
0.210642
0.0203174
0.0212188
1.51134
0.0206295
0.021298
0.0266215
0.0211351
0.0316909
0.04789
0.504067
0.0207927
0.0212009
0.021115
0.0763029
0.0217243
0.0207126
0.0206027
0.021111
0.0232083
0.0208914
0.0219353
0.0199538
0.0280495
1.30445
0.0506947
0.0213599
0.0210125
0.290358
0.0201834
0.0210128
0.647198
0.146272
0.0377396
0.65893
0.0222322
0.0205423
0.0202115
0.026282
0.0203158
0.0291454
0.0223703
0.0253942
0.0210906
0.62421
0.0206938
0.0224813
0.0212048
0.0206822
0.0225908
0.0206274
0.0206411
0.02291
0.0651787
0.020955
0.0358177
0.0912421
0.0253476
0.403744
0.027692
0.159325
0.0184174
0.0301877
0.0212446
0.486599
0.0205397
0.0213173
0.0206495
0.277259
0.0214637
0.0206875
0.0299486
0.0207491
0.291202
0.0205964
0.143899
0.0204422
0.0264264
0.0206755
0.0268797
0.021599
0.0335416
0.0233972
0.275236
0.0226406
0.0226323
0.0210505
0.0210797
1.39116
0.0211959
0.0268291
0.0214362
0.137012
0.0206615
0.217214
0.0557016
0.076738
0.0200731
0.021558
0.0203503
1.02093
0.0253766
0.0204168
0.0244945
0.0207613
0.0210969
0.0218416
0.0212197
0.0211182
0.0218415
0.336199
0.0256096
1.27398
0.134757
0.146287
0.0211273
0.0202592
0.0260225
0.0207609
0.0213396
0.0214706
0.313475
0.123652
0.0211291
0.0243982
0.0210565
0.478343
0.0221508
0.17304
0.0204856
0.0224971
1.3376
0.0210711
0.0207658
1.41754
0.0204465
0.0207463
0.144309
0.0204231
0.717625
0.178841
0.811106
0.0212685
0.0507012
1.35498
0.0270206
0.0202579
0.0211149
0.0238393
0.0213714
0.0236051
0.273299
0.358014
0.0206302
0.0796611
0.0211382
0.0213163
0.0217054
0.0259819
0.020315
0.426584
0.0244247
0.513496
0.0219645
0.0204774
0.0214699
0.0209064
0.0208823
0.0218632
0.689013
0.0205689
0.27174
0.0261048
0.0226287
0.0214093
0.0206727
0.0212025
0.0252324
0.020636
0.020764
0.0266693
0.0211164
0.025097
1.53722
0.334924
0.0250153
0.0204433
0.0206487
0.0213473
0.0226545
0.0503503
0.0214326
0.0212281
0.0213662
0.0243256
0.0221275
0.0246999
0.0206761
0.0467705
0.0213803
0.0527993
0.0211324
0.0211367
0.0228612
0.0206647
0.0207648
0.0241004
0.0420561
0.020939
0.0297709
0.345625
0.358452
0.02056
0.0213647
0.0203714
0.0236557
0.0206337
0.0227326
0.0190507
0.475649
0.0299826
0.0208683
0.0966063
0.0259587
0.0208848
0.596562
0.0210313
1.03612
0.0207646
0.0208924
0.0228353
0.0208921
0.0202494
0.0213857
0.020629
0.0232854
0.0214398
0.0206385
0.452893
0.461846
0.354414
0.0204521
0.023928
0.0213844
0.0232248
0.726264
0.575661
0.0210556
0.80012
0.0214022
0.0210237
0.0208693
0.0211411
0.0207136
0.0214041
0.0261944
0.0210389
0.0222777
0.276911
0.020653
0.0252297
0.0215954
0.116468
0.25525
0.277595
0.106649
0.0205374
0.448499
0.0212814
0.0267013
1.48637
0.0211766
0.278237
0.0203685
0.0205766
0.0222344
0.0737938
0.0940839
0.0232486
0.454347
0.0212457
0.356439
0.267399
0.0683771
0.339397
0.0206364
0.328616
0.0551779
0.0213958
0.0206849
0.0225839
0.0292436
0.0466515
0.0261126
0.0335161
0.0213753
0.02365
0.0211075
0.0223834
0.0204171
0.0287987
0.0205077
0.0210295
0.105629
0.0289053
0.0209626
0.0205587
0.38811
0.0216084
0.0224716
0.0218407
0.0207636
0.0211219
0.0213929
0.0213872
0.0481819
0.0221702
0.0213935
0.0214415
0.0210514
0.0234426
0.0211855
0.278468
0.595362
0.0236327
0.0229362
0.0211946
0.0551629
0.428199
0.0201951
0.0211889
0.48994
0.0217194
0.0290487
0.0208431
0.350932
0.0213947
0.0213211
0.0215478
0.0214355
0.0219638
0.0240746
0.0230274
1.77373
0.427826
1.80754
1.41562
0.394917
0.0229197
0.047867
0.0206795
0.0478838
0.0220362
0.0214393
0.0264988
0.0213553
0.0213493
0.0202828
0.021901
0.0207323
0.0246057
0.0204667
0.0227147
0.0204972
0.0213826
0.0200796
0.0776122
0.0210234
0.0207861
0.0199574
0.028929
0.0208182
0.0225952
0.0214331
0.0238511
0.273372
0.710204
0.0279237
0.0206447
0.0249098
0.0210421
0.0211503
0.0246506
0.0218254
0.0207641
0.0212806
0.0273052
0.020265
0.0204999
0.0208357
0.119414
0.0215853
0.675822
0.0204955
1.55738
0.0202743
0.0207986
0.0199407
0.0206902
0.0208706
0.280542
0.0208642
0.168989
0.0206009
0.0202262
0.210533
0.0221262
0.115203
0.020808
0.0205779
0.146705
0.556686
0.0497293
0.0210707
0.0205786
0.0200909
0.0204162
2.7325
0.0207454
0.0321185
0.0284879
0.028528
0.0238846
0.0213401
0.0244441
0.49982
0.0237274
0.132443
0.0208714
0.690148
0.0204558
0.186713
0.0204349
0.27755
0.128467
0.782753
0.0230565
0.0206536
0.02142
0.065607
0.0205524
0.0404309
0.0197154
0.155144
0.819127
0.638074
0.0481183
0.0227004
0.0196019
0.0213262
0.0200426
0.0587236
0.0205702
0.0483135
0.0420075
0.339824
1.49709
0.0222724
0.021149
0.0199911
0.0528835
0.500633
0.0221007
0.0227272
0.0372252
0.0215277
0.0208473
0.0229738
0.0210054
0.0206444
0.819343
0.0225776
0.0206236
0.0784915
0.0212695
0.0207715
0.0417611
0.0273779
0.0268431
0.0989559
0.0471728
0.919617
0.715447
0.021338
0.020965
1.79597
0.0195657
0.0209786
0.0215151
0.0209584
0.020705
0.0224659
0.0218761
0.0448766
0.0337623
0.0225634
0.259411
0.0211618
0.0470574
0.731123
0.0210392
0.0438804
0.0263963
0.0210116
0.0339296
0.0702376
0.0205454
0.0274543
0.0246404
0.0212665
0.0199815
0.0849196
0.0213167
0.0244467
0.0198753
0.0198498
0.0268131
0.021824
0.020912
0.0219553
0.0214326
0.0202733
0.0206186
0.0712522
0.0220646
0.0210704
0.0212058
0.0211901
0.0210097
0.021313
0.0293672
0.02097
0.0265057
1.71346
0.58063
1.42958
0.0282137
0.0429347
0.0208512
0.0226044
0.0837274
0.0243114
0.0214255
0.197278
0.0209328
0.0218758
0.0208281
0.139208
0.0198471
0.0208875
0.0211144
0.0205932
0.0296563
0.0211507
0.634296
0.0210289
0.0213779
0.0207176
0.0213507
0.0204856
0.0212667
0.0224731
0.0506753
0.0211334
0.0212957
0.0288859
0.0217457
0.0371253
0.0207018
0.0199538
0.156723
0.024887
0.021304
0.0225264
0.0203879
0.0774593
0.0488931
0.0213861
0.0234022
0.0222201
0.0211923
0.0205056
0.0240707
0.0238453
0.144407
0.193612
0.0195218
0.0279949
0.0218777
0.0218228
0.0997711
0.0206595
0.378128
0.0275194
0.0217539
0.022371
0.0205139
0.0210597
0.0202605
1.40846
0.0210295
0.172116
0.021302
0.0208487
0.0231103
0.213309
0.169621
0.0208803
0.0279417
0.214094
0.210245
0.0228579
0.0206445
0.0215423
0.0198479
0.458701
0.0216356
0.0224865
0.0211499
0.0224763
0.0207353
0.410878
0.0209568
0.025365
1.55096
0.0206652
0.0212776
0.0198484
0.0229273
0.0209514
0.0204224
0.0264222
0.0213936
0.0206009
0.0210509
0.0303462
0.030155
0.0204825
0.0198543
0.022043
0.171057
0.0206751
0.11953
0.100836
0.586423
0.0736064
0.0206484
0.0212744
0.389765
0.0213849
0.0245271
0.0219505
0.0231967
0.494761
0.0209002
0.0208861
0.0211131
0.364696
1.1653
0.0211757
0.0497086
1.39095
0.0222636
0.0211651
0.027684
0.0206524
0.0211808
0.0258739
0.0214396
0.021298
0.058384
0.0213929
0.0316028
0.0253049
0.0212295
0.0258568
0.0427566
0.0398346
0.0208229
0.0229913
0.0205809
0.236703
0.0221396
0.398563
0.702846
0.0205408
0.0215165
0.0226738
0.0565054
0.0362498
0.0221211
0.0221451
0.0210407
0.0389942
0.373791
0.0218377
0.0198393
0.140382
0.282952
0.249935
0.0211053
0.271256
0.0372897
0.0209438
1.64248
0.0232567
0.36309
0.0209038
1.82785
0.0199224
0.0211987
0.0210623
0.0212574
0.312697
0.0204249
0.0373803
0.107261
0.0207184
0.0208805
0.0238549
0.0221033
0.0211238
0.0206059
0.0212549
0.0221099
0.599276
0.0206095
0.0318638
0.020231
0.0204031
0.0209126
0.0300025
0.0239827
0.0221807
0.0210802
0.0210313
0.020539
1.39109
0.0213505
0.0197137
0.040192
0.0209564
0.0498455
0.0209327
0.0211654
0.0212203
0.0196564
0.0244595
0.0196527
0.0238762
0.0232854
0.0203921
0.0285825
0.0220522
0.0226715
0.0213112
0.0459984
0.0281662
0.0251599
0.0718098
0.0213641
0.308344
0.022638
0.0203971
0.0238062
0.0275877
0.795058
0.0291176
0.0203158
0.0290621
0.101866
0.0291869
1.56387
0.0203036
0.0199696
0.0211652
0.0219196
0.0205211
0.020584
0.028241
0.090032
0.0224491
0.0214199
0.022446
0.0214554
0.0225366
0.0219043
0.0451628
0.0213524
0.0212249
0.0195453
0.0967562
0.806646
0.696027
0.574569
0.0211582
0.0211316
0.0208916
0.0198735
0.0212939
0.712817
0.0248556
0.0206355
0.0203051
0.0208478
0.0341826
0.0233473
0.0246113
0.0234538
0.0212082
0.0216181
0.0564789
0.328281
0.150519
0.0199981
1.20825
0.0211799
0.0208506
0.0272886
0.0215308
0.0203933
0.0215549
0.0951782
0.0211667
0.021606
1.25283
0.0253334
1.33969
0.0274126
0.0212536
0.457201
0.0206342
0.731965
0.0311662
0.0830297
0.0213388
0.020832
0.0273747
0.0206127
0.0222946
0.0200538
0.0211857
0.0209328
0.574506
0.0244117
0.597092
0.023819
0.594341
0.0318464
0.292222
0.349177
1.79361
0.0208587
0.0225842
0.0206244
0.0204633
0.835005
0.0216947
0.0221758
0.0271576
0.275624
0.0726725
0.0204968
0.0205731
0.0218312
0.0267207
0.0226883
0.0233564
0.0276337
0.0200362
0.020893
0.0443159
0.0259867
0.0210192
0.0202926
0.0208637
0.020093
0.374219
0.0550449
0.0213624
0.0207129
0.0217211
0.020482
0.0251549
0.0202584
0.0227914
0.0221206
0.0717182
0.020956
0.0209931
0.0212325
0.380694
0.051857
0.0206229
0.0299496
0.450164
0.0240572
0.021063
0.0209743
0.0213054
0.0397988
0.127926
0.0240421
0.213434
0.0218268
0.0198442
0.0206233
1.33934
0.0212885
0.0412879
0.57759
0.0212291
0.0211606
0.0216684
0.0196213
0.047322
0.0213156
0.027522
0.0221527
0.450603
0.0787488
0.0210648
0.021087
0.0213151
1.14512
1.45863
0.0238126
0.02172
0.0831533
0.0203249
0.021897
0.0211251
0.0209026
0.533628
0.0195666
0.57309
0.191645
0.0225168
0.0264672
0.0229861
0.0213877
0.0209218
1.05918
1.45401
0.027251
0.0217763
0.0211119
0.18344
0.627518
0.0203597
0.601701
0.9146
0.0202684
0.0217316
0.020362
0.0206574
0.0223733
0.366573
1.19308
0.0222312
0.0207599
0.0217846
0.0210056
0.0203425
0.738023
0.0226035
0.0201663
0.0225563
0.0207441
0.0217499
0.0224722
0.02142
0.0239644
0.0210045
0.0207636
0.0240963
0.0208651
0.0211306
1.5173
0.0216875
0.0292315
0.0209202
0.021232
0.0200823
0.0255052
0.0224098
0.346954
0.254119
1.79399
0.0213975
0.0206848
0.0373346
0.022286
0.0202805
0.0224386
0.0225171
0.0249245
0.0205422
0.0204365
0.0212494
0.0207995
0.021293
0.0213332
0.0203701
0.0263731
0.0251361
0.0216398
0.447624
0.028943
0.0221045
0.256782
0.263207
0.0211462
0.0206693
0.134948
0.334922
0.0392168
0.0237342
0.0213896
0.0214757
0.0212339
0.0208898
0.0209827
0.140101
0.021511
1.39186
0.0252254
0.0240705
0.263381
0.0380513
0.718106
0.0217556
0.0585197
0.438231
0.0211968
0.0351615
0.355606
0.0195781
0.480713
0.384608
0.0212099
0.0204827
0.0211886
0.0210369
0.0210079
0.0203517
0.0212759
0.0248596
0.44223
1.56853
0.0211535
0.0203582
0.0238622
0.0214812
0.314863
0.895726
0.377908
0.0203873
0.0212021
0.0237628
0.0208644
0.025708
0.0204291
0.0205644
0.0263404
1.38883
0.0212828
0.0213052
0.444561
0.35504
0.0208204
0.0235913
0.718676
0.299687
0.0211739
0.0225067
0.0466553
0.0519824
0.0221098
1.01997
0.0216299
0.0201788
0.0274662
0.0205464
1.36335
0.188106
0.022192
0.575011
0.0207091
0.0225238
0.0212664
0.0215096
0.314194
0.099855
0.0253546
0.021276
0.0209828
0.223619
1.38302
0.0204624
0.0243966
0.0214385
0.0214157
0.0212745
0.0343327
0.0444164
0.021146
0.0216213
0.0206351
1.006
0.0213199
0.0223653
0.0311262
0.0238039
0.0213985
0.0196207
0.0217665
0.0213832
0.0259024
0.171929
0.0205292
0.0367903
0.0205721
0.0418659
0.021923
0.02114
0.492414
1.58442
0.0215976
0.277903
0.0213959
0.0325722
0.0212426
0.0216307
0.0216322
0.0195478
0.0215039
0.0214247
0.0211797
0.0209249
0.0205151
0.0205585
0.0208911
0.582968
0.0215375
0.022533
0.0213413
0.0319386
0.019773
0.0212192
0.0212764
0.0211923
1.32001
0.458764
0.0209422
0.188726
0.0220969
0.0687397
0.0406225
0.020603
0.742287
0.846805
0.021324
0.0213138
0.0215745
0.0216122
0.0253053
0.478149
0.0213747
0.0205366
0.0212848
1.42467
0.0216185
0.111831
0.0222727
0.0215976
0.0359796
0.0213998
0.020449
0.0220864
0.0208631
0.0239815
0.547175
0.0270352
0.0209794
0.0212421
0.0592064
0.0220778
0.567563
0.020727
0.0214224
0.530188
0.0195593
0.0205255
0.120095
0.0204948
0.0257785
0.0213632
0.0211522
1.67304
0.0207892
0.0205856
0.0224322
0.020304
0.0215007
0.0321871
0.020348
0.0492791
0.0211366
0.019596
0.021526
0.0225269
0.0240214
0.0321843
0.344916
0.0214238
0.0425835
0.297781
0.0762998
0.205992
0.0213962
3.56203
0.0212789
0.0212635
0.0237217
0.599971
0.0215654
0.0220502
0.0233254
0.0764519
0.0218101
0.0215265
0.0230623
0.022894
0.021742
0.0222785
0.055413
0.0380261
0.0250111
0.0224914
0.0218078
0.0212873
0.180918
0.0213657
1.13438
0.0211644
0.0558003
0.0215778
0.0303069
0.284738
0.0899504
0.0215414
0.0226693
0.0223811
0.212341
0.330306
0.281552
0.194504
0.0208801
0.087545
0.0204013
0.023021
0.0212029
0.0791085
0.0210521
0.0258666
0.0207795
0.0209772
0.0214803
0.0215892
0.021169
1.4943
0.0210293
0.0211589
0.0211535
0.311279
0.350466
0.0202063
0.0202849
0.441925
0.0495608
0.0211129
0.0284502
0.0268634
0.482547
0.0212857
0.0221193
0.0209622
0.0213834
0.0213797
0.0225259
0.0228187
0.0280954
0.0453854
0.0221765
0.0213734
0.0626062
0.0224338
0.020695
0.0228261
0.0414101
0.0211602
0.40035
0.0222571
0.0855917
0.0212851
0.0213062
0.0202463
0.0215836
0.0214421
0.0203979
0.0409507
0.0206903
0.0211953
0.0218367
0.164388
0.021331
0.0213898
0.0268622
0.0272251
0.0226799
0.0213836
0.458369
0.0225298
0.0213364
0.746777
0.0213955
0.0212358
0.0279639
0.0216083
0.380688
0.020982
0.0215451
0.0652334
0.021943
0.0212498
0.0223109
0.0216929
0.0209292
0.021234
0.412154
0.0211736
0.021722
0.0206934
0.0707175
0.0226171
0.0205438
0.0209052
0.0289799
0.0224928
0.0206823
0.0210013
0.021127
0.0208759
0.0207243
0.763897
0.0212385
0.0205706
0.334998
1.74424
0.0208323
0.0224131
0.0208808
0.275757
0.195403
0.210042
0.0207127
0.020892
0.0212887
0.0210031
1.13901
0.0227848
0.020913
0.0214573
0.0245688
0.0213001
0.0215833
0.388157
0.0262231
0.0211979
0.021276
0.0211357
0.0213726
0.0205267
0.0222044
0.108935
0.0206917
0.404372
0.0198582
0.0218079
0.0214841
0.021285
0.0213032
0.956748
0.0207575
0.0211828
0.0196248
0.0214939
1.16709
0.151071
0.0280645
0.0210823
0.373662
0.475514
0.0218124
0.389209
0.0208654
0.365026
0.0229721
0.0237419
0.0217447
0.0208734
0.0239264
0.0195554
0.0221594
0.0323962
0.619142
0.0208292
0.0539304
0.0212582
0.0542009
0.0238653
0.0204961
0.0395304
0.585322
0.0590052
0.0443766
0.0292119
0.0212498
1.68558
0.0213967
0.0217784
0.0213223
0.0221336
0.0211984
0.0339345
0.0198725
0.0221316
0.0212142
0.0217193
0.833062
0.0218687
0.0224426
0.484396
0.0212248
0.0581786
0.693683
0.0215396
0.0224698
0.0348917
0.0214324
0.0213694
0.0915701
0.0218726
0.0225245
1.27095
0.0248638
0.0211588
0.682202
0.0210588
0.186183
0.0219755
0.105404
0.390134
0.0211808
0.377568
0.0210318
0.0214376
0.0214469
0.0195587
0.0256931
0.0211735
0.0218298
0.0204184
0.0196694
0.019668
0.175287
0.434483
0.0225852
0.0218943
0.0211362
0.0218729
0.0196871
0.719882
0.0212876
0.227918
0.280618
0.0218295
0.0213201
0.0219535
0.100301
0.0209653
0.0219823
0.021212
0.0211745
0.0219424
0.0469038
0.0207208
0.0223713
0.0222052
0.0212714
0.0212446
0.438222
0.0338054
0.182009
0.0214874
0.569658
0.0216142
0.0218275
0.556913
0.0221333
0.0727775
0.0408301
1.38706
0.0221017
0.0390282
0.0212708
0.021375
0.0212019
0.0215802
0.0212775
0.0211464
0.0215932
1.50371
1.7769
0.435263
0.0223617
0.0214991
0.0220653
0.0208131
0.0215633
0.0224658
0.0205134
0.0218949
0.0216018
0.0205427
0.0780715
0.0214104
0.0323602
0.0217238
0.0201322
0.0222816
0.0204516
1.76309
0.300785
0.0219728
0.460711
0.0200816
0.124345
0.0213847
0.0223474
0.0215902
0.0212669
0.0253175
0.0214315
0.0549386
0.0216609
0.0212684
0.40345
0.0213405
0.0232331
0.372247
0.0875475
0.0219565
0.0239617
0.020484
0.0990393
0.0539193
0.0213508
0.0382033
0.0213381
0.0216937
0.324559
0.021216
0.118882
0.0212636
0.272458
0.0213983
0.310997
0.019578
0.0219785
0.444786
0.021537
0.529087
0.0259398
0.0373757
0.0210785
0.398456
0.0360686
0.0196485
0.0212894
0.0215334
0.0212052
0.02136
0.0202573
0.143081
0.0209048
0.0209166
0.0742314
0.0216623
0.0208781
1.3641
0.0202351
0.021565
0.0208896
0.0216101
0.401294
0.0218026
0.0215436
0.190199
0.331924
0.0197598
0.0217474
0.0209307
0.0341713
0.0218976
0.248069
0.0219989
0.0216596
0.0219043
0.313897
0.0217865
0.0212853
0.0251183
0.023465
0.0436432
0.0213446
0.0218974
0.0214375
0.0244247
0.132337
0.0371973
0.0213601
0.0349011
0.0209247
0.0203545
0.0216141
0.0213317
0.0204062
0.0230775
0.0221598
0.0389031
1.69832
0.0215309
0.275183
0.0441619
0.0214931
0.021278
0.0215934
0.0540784
0.0260057
0.0301458
0.378108
0.0408469
0.023361
0.41697
0.0215844
0.0222676
0.0217094
0.0209555
0.417631
0.0219986
1.74111
0.0301081
0.023375
0.0252778
0.0533601
0.0222839
1.85872
0.021561
0.0213212
0.0213635
0.0481774
0.0214256
0.0215929
0.021097
0.0225877
0.0214905
0.0496164
0.0204731
0.278762
0.0286419
0.0698383
0.0222792
0.698963
0.0216847
0.443275
0.021374
0.021493
0.215734
0.0220219
0.0199349
0.555455
0.0224182
0.0355009
0.0219076
0.0213685
0.141528
0.680197
0.0213489
0.131
0.0196102
0.0222033
0.0211339
0.421652
0.0260084
0.0217185
0.0215848
0.0223944
0.387882
0.0213335
0.0216947
0.0204333
0.0360033
0.02118
0.0212602
0.0216584
0.386183
0.0213253
0.0212723
0.0196197
0.0213681
0.0212571
0.703683
0.0217207
0.0231126
0.0210097
0.0493833
0.368885
0.0220425
0.0490934
0.0209582
0.0213507
0.0207489
0.0212231
0.0225794
0.0216103
0.0216671
0.349383
1.19917
0.0211731
0.388937
0.0208368
0.0897685
0.0244293
0.0221096
0.186662
0.0213823
0.0215214
0.0214706
0.0203351
0.0353221
0.215591
0.0223747
1.71525
1.36593
0.109011
0.0213403
0.0217213
0.0241916
0.795376
0.369078
0.0218402
0.0220857
0.0203601
0.0219811
0.157037
0.0292046
0.0196494
0.0217363
0.0215818
0.0208174
0.0313975
2.95259
0.0220235
0.0213857
0.020943
0.0213018
0.372743
0.748779
0.0204629
0.0371442
1.23612
0.0201953
0.0215428
0.0232721
0.0213993
0.0208704
0.0213639
0.0415795
0.0843044
0.0220107
0.0217003
0.0226087
0.446088
0.0223821
0.0217832
0.448635
1.77187
0.36898
0.0215675
0.0203905
0.579088
0.0209679
0.0208048
0.275408
0.262246
0.0219019
0.0223027
0.0213619
0.0214169
0.427986
0.0203707
0.0226725
0.0203597
0.0207078
1.38648
0.021229
1.86773
0.402329
0.0213184
0.0578224
0.0218428
0.270059
0.0209566
0.0221531
0.0216489
0.0202546
0.0212689
0.0576557
0.0708296
0.419433
0.0218115
0.0214269
0.0223674
0.0213155
0.265019
0.369305
0.0214676
0.402948
0.576011
0.390737
0.109645
0.0225653
0.0215423
0.0207864
0.095307
0.0415562
1.40532
0.647949
0.0213317
0.36549
0.856068
0.020989
0.0211321
0.0209954
0.0213849
0.299506
0.79533
0.0210195
0.0210123
0.3327
0.0210993
0.0423046
0.0212746
0.020257
0.0202629
0.0197664
0.385269
0.0195986
0.0221338
0.264888
0.0213005
0.498328
0.020379
0.0212215
0.021512
0.189071
0.0226737
0.0206041
0.0649838
0.0206079
0.0203132
0.725985
0.0209949
0.225168
0.0220327
0.276556
0.0340737
0.100958
0.926819
0.0206054
0.0241598
0.339296
0.022506
0.0226901
1.11122
0.379461
0.325469
0.0205503
0.558184
0.0295663
0.0206176
0.0350513
0.0213948
0.0238208
0.0208702
0.521634
0.0391308
0.456118
0.0498054
0.0211159
0.806788
0.377964
0.0211787
0.0199092
0.0366006
0.0219415
0.251771
0.0203101
0.0575634
0.695705
0.0211687
0.0221393
0.0280386
0.0216319
0.0317385
0.0235218
0.0210565
0.221035
0.0214959
0.0219294
0.0270996
0.0208074
0.318403
0.0224654
0.428158
0.0208376
0.383614
0.0206533
0.0217309
0.0235563
0.0213001
0.0213436
0.046977
0.0282946
0.0321761
0.021935
0.0209913
0.0213595
0.0210443
0.0212818
0.0221909
0.0213635
0.304718
0.0283606
0.0222551
0.0201763
1.45064
0.0211607
0.0205632
0.0207689
0.0903135
0.0222357
0.0319243
0.0223409
0.020843
0.0213001
0.384277
0.0213042
0.0261586
0.0202152
0.0200649
0.0226014
0.102725
0.023043
0.0212288
0.737081
0.02182
0.0212871
0.0214977
0.0208907
0.331856
0.359195
0.0274946
0.0217068
0.0207536
0.32727
0.0819731
0.0217862
0.311629
0.0210863
0.17656
0.443865
0.0202671
0.0218984
0.0207776
0.020816
0.0209927
0.174975
0.0210852
0.0209842
0.0215568
0.0209009
0.0209618
0.118549
0.0216868
0.60198
0.607688
0.194393
0.0216939
0.0208587
0.020903
0.0213401
0.0687067
0.0360151
0.0219813
0.0218919
0.0215924
0.0215947
0.0212627
0.0259921
0.0213111
1.80939
0.0210361
0.0249735
0.0214911
0.021443
0.0216868
0.022251
0.0213307
0.102281
0.367639
0.0213305
0.0216782
0.0213364
0.020768
0.394515
0.0213356
0.0210204
3.67116
0.623956
3.12092
0.0215504
0.276588
0.0213601
0.0213318
0.0219867
0.358858
0.389132
0.0215723
0.38688
0.0215251
0.0217206
0.0389276
3.69484
0.0214682
0.0217851
1.67039
0.0211387
0.0216657
0.246306
1.85823
1.71564
0.0215461
0.0212171
0.0211939
0.503558
0.0635629
0.0214046
0.0218835
0.02187
0.0214145
0.0214789
0.0212757
0.0226846
0.0471591
0.0436052
0.0213025
0.231965
0.0208942
0.391191
0.0229947
0.0213122
0.0334972
1.37643
0.0918403
0.0214009
0.0220456
0.0244373
0.0210813
0.021618
0.0208976
0.0699436
0.0367273
0.0211237
0.455362
0.0219334
0.0213822
0.0474458
0.02132
0.274771
0.0214532
0.021652
0.498456
0.0291825
0.0234878
0.0214188
0.0220369
0.271325
0.304524
0.02095
2.80941
0.033382
0.0226615
2.7568
0.0215871
0.022331
0.0208587
0.0233102
0.0278207
0.0212985
0.0216445
0.0213676
)
;

boundaryField
{
    frontback
    {
        type            empty;
    }
    topbottom
    {
        type            fixedValue;
        value           uniform 0.0223;
    }
    outlet
    {
        type            zeroGradient;
    }
    inlet
    {
        type            fixedValue;
        value           nonuniform List<scalar> 0();
    }
    walls
    {
        blending        binomial2;
        n               2;
        beta1           0.075;
        type            omegaWallFunction;
        value           nonuniform List<scalar> 0();
    }
    procBoundary3to1
    {
        type            processor;
        value           nonuniform List<scalar> 
147
(
1.80692
0.888507
0.95295
1.22373
0.5775
0.43637
0.584525
1.04021
0.370579
1.23697
0.453911
3.5141
0.342866
0.367323
0.320359
0.929649
0.670203
0.769549
0.385376
0.548454
0.377756
0.696778
1.9737
0.333694
0.232017
0.68568
1.35788
0.907027
0.925191
0.282886
2.65835
2.65835
0.288885
0.467128
0.516532
0.266036
0.616297
0.338201
1.35609
0.842717
0.374065
0.343453
0.335337
2.02593
0.27678
0.943663
0.343453
1.88028
0.282815
0.337005
0.30851
0.348633
0.351815
0.338062
0.324522
0.304338
0.332741
0.302437
0.301316
0.325835
0.26697
0.276025
0.306593
0.267042
0.335319
0.353707
0.309277
0.349036
0.303779
0.312418
0.295289
0.296693
0.350445
0.395503
0.38522
0.407781
0.294496
0.381349
0.455813
0.362601
0.367927
0.437655
0.505172
0.460275
0.462587
0.417907
0.355789
0.496158
0.406263
0.476935
0.487004
0.453911
0.462587
0.504233
0.425532
0.377808
0.485803
0.501371
0.368272
0.410125
0.423353
0.495612
0.437624
0.597303
0.599334
0.536357
0.578147
0.586643
0.602025
0.578147
0.355834
0.330992
0.633402
0.555396
0.708002
0.714778
0.710176
0.879017
0.714883
0.710176
0.308106
0.404389
0.169284
0.307893
0.472872
0.699543
1.19201
0.135241
0.410776
0.807762
0.879017
1.78895
1.60777
1.53981
1.28573
1.72525
1.42521
3.71109
0.395428
0.409994
0.933989
0.671791
0.409994
0.276107
0.293165
3.44209
0.335319
)
;
    }
    procBoundary3to2
    {
        type            processor;
        value           nonuniform List<scalar> 
73
(
0.0221189
0.0220579
0.0214377
0.0214214
0.0382043
0.0351328
0.0229925
0.0785968
0.0542433
0.142637
0.0219484
0.021864
0.167379
0.0216656
0.0219484
0.030491
0.0326477
0.0351328
0.0214943
0.0244492
0.0251679
0.0213975
0.0220033
0.0217843
0.0233256
0.12298
0.106949
0.0217204
0.0214288
0.0226688
0.0627141
0.0261265
0.0214163
0.0216212
0.0214797
0.0326477
0.0238839
0.022441
0.021864
0.0215817
0.197296
0.197296
0.0286912
0.0214006
0.0214619
0.0213958
0.0477777
0.0214099
0.021526
0.0921852
0.167379
0.0215497
0.0447289
0.0213989
0.401876
0.244445
0.0222504
0.0234046
0.244445
0.401876
0.0214473
0.0214048
0.0716368
0.0398031
0.0272841
1.0775
1.67396
0.0921852
0.0214298
0.0214777
3.77729
3.14669
0.0215033
)
;
    }
}


// ************************************************************************* //
