/*--------------------------------*- C++ -*----------------------------------*\
| =========                 |                                                 |
| \\      /  F ield         | OpenFOAM: The Open Source CFD Toolbox           |
|  \\    /   O peration     | Version:  v2012                                 |
|   \\  /    A nd           | Website:  www.openfoam.com                      |
|    \\/     M anipulation  |                                                 |
\*---------------------------------------------------------------------------*/
FoamFile
{
    version     2.0;
    format      ascii;
    class       volScalarField;
    location    "650";
    object      omega_0;
}
// * * * * * * * * * * * * * * * * * * * * * * * * * * * * * * * * * * * * * //

dimensions      [0 0 -1 0 0 0 0];


internalField   nonuniform List<scalar> 
10042
(
0.0219188
0.0220509
0.0219996
0.0232058
10.2132
0.0220707
3.86423
6.28432
0.0218057
0.0220103
4.25543
0.0231374
0.0215324
0.0214953
0.0235775
0.0220337
0.0220257
0.0222585
0.0219215
0.130288
0.0219061
0.432238
0.0215827
0.0216182
0.0220577
0.0298916
0.0221318
0.0227349
0.0218099
0.0224112
0.0220221
5.03288
0.0220209
0.0223362
0.0265351
0.0216304
0.0289428
0.0351093
0.0216322
0.0297672
0.143419
0.0231739
3.68746
0.0219918
10.4481
0.0605935
0.0223211
0.104905
0.0278958
0.0534975
0.0221669
0.0226493
0.0232166
0.0235388
0.0290006
0.0220639
0.0218131
0.0222877
0.0223246
0.0230092
0.0220463
0.0220069
0.02671
0.02197
0.0222401
0.0223514
0.022038
0.0731406
3.22787
0.0218749
0.0234605
0.157588
0.0219983
0.0321249
0.0220162
0.0216155
9.59736
0.021932
0.0300613
3.72082
0.0272131
11.4571
0.0220019
0.0227959
0.0220441
0.0222135
0.0218956
0.149301
0.021936
0.0218977
0.0222884
11.7193
0.0228191
0.0225256
0.0223581
0.0218821
0.0219407
0.0218587
0.0292271
0.0218271
0.0222908
0.103146
6.03005
0.0222021
0.0226001
0.050859
0.0219197
0.0219344
0.0219143
0.0214615
0.0217142
0.0218261
0.0259276
3.11862
0.0222292
0.0218405
0.0219478
0.0219275
0.0218801
5.5772
0.0219298
6.29674
0.0220275
0.0219864
0.101907
0.0220053
6.33756
0.0285177
0.0490387
0.0218886
0.0310357
0.0220008
3.7923
0.224423
0.0218258
0.0578231
4.39079
0.0222959
0.108464
0.171015
0.0227227
0.0219445
0.0224722
0.1423
0.0220893
0.0218263
0.0574642
0.0215686
0.0218728
0.0254213
0.0218376
0.0222555
2.75889
4.56682
0.0221853
0.0215275
0.0226047
0.0219991
0.0581103
10.9885
4.76448
0.127539
0.0219907
0.0218391
0.0220841
0.0219851
0.0594898
25.7592
5.2889
5.04836
0.0229814
0.021845
12.2502
0.162802
0.0381822
3.10184
3.85081
0.0220105
0.0847402
0.0320738
0.0227519
5.51883
0.0220861
0.0283764
0.0230517
6.60433
0.272594
0.022118
3.99974
0.0241793
2.80713
0.0224694
2.69249
11.2417
0.10139
9.34359
0.0260387
0.0219323
0.021532
0.0235372
0.0370075
0.0221564
0.0218199
0.16844
0.0220769
0.0216868
4.36336
0.0221564
0.0222603
0.0222426
4.11754
0.0218619
0.0552777
0.305357
0.0225745
0.27982
0.021967
0.0219928
0.064114
0.0217716
0.0260415
0.0227279
0.360896
0.0363222
0.02543
0.0309418
1.4154
0.021833
0.165036
0.023803
0.0218052
0.134292
0.0218535
0.0237552
0.022048
0.0256253
0.0217124
0.0214818
0.0236108
0.0276976
0.0219977
0.0220319
0.0220333
0.0260011
0.0218415
0.0220309
0.0216195
0.022676
0.0232208
0.0222688
0.0215329
0.0218663
0.0243527
0.476469
0.128839
4.98805
0.0387354
0.0375025
0.0237528
0.0677083
3.76247
0.0233507
0.0219231
0.0214993
0.0234621
0.0217111
1.75606
0.0238574
0.0218904
0.0222502
0.0388472
0.0232907
0.283404
0.0380981
0.176828
0.024239
0.0276494
0.0217138
0.025896
0.0221195
0.0332315
0.0219053
0.0299389
3.8192
0.0216872
0.0219193
3.97231
0.0616905
0.0220817
0.022045
0.0240605
3.03438
0.054033
0.148752
0.0221819
0.021528
0.0218334
0.0218187
1.19205
0.0218819
0.0220406
0.0218418
0.0219683
0.0365865
0.0237916
0.0751419
7.2327
0.0228224
7.47998
0.0218456
0.0256482
0.0221234
6.6112
0.101695
3.71765
4.54963
0.0216011
0.0238962
0.0218804
0.0240039
0.030991
0.0222415
0.0331772
0.0217076
0.0214966
0.0220159
0.0803024
0.0222838
0.0238354
0.0219669
0.0236325
3.17622
0.0218453
0.0221758
0.0219888
0.0219381
0.0422675
0.102418
0.0373596
7.64532
0.0369559
0.0274158
0.0219819
0.0214787
0.0224008
0.022268
2.50125
0.0219043
0.0223484
0.131387
0.0218223
0.0247027
0.0229174
0.14806
0.0220305
0.0252322
0.0463226
0.0328537
0.0234998
0.0219384
7.87857
0.0582994
0.0225329
0.0418427
0.0219528
0.0218576
0.0219508
0.0246543
1.06647
0.0254135
0.0222492
0.0227635
0.0222923
0.0222708
0.129287
0.0219362
0.0216321
4.5101
0.021842
5.52406
3.80379
0.0327624
2.70266
5.8201
0.0279073
0.137312
0.0221583
0.0547856
0.0222913
0.0222248
3.72099
0.0220656
0.0242665
12.1427
0.0220144
0.0219075
0.0502601
2.16259
0.0222667
0.0215641
5.00823
0.102659
0.0218408
0.0736301
15.5406
0.0217702
0.022264
0.0216457
0.0218703
0.0214786
0.0216792
7.66399
6.16189
0.0222609
8.12317
0.0214967
0.0218831
0.593064
0.0222097
5.71426
0.0583038
0.0228071
0.0216065
0.0215536
0.13559
0.0231262
0.027973
0.0223862
3.84491
0.0224578
9.56779
0.0233626
0.0219389
0.0218399
0.639961
0.0219544
0.0257549
0.0218646
0.0219941
7.74705
0.0260791
0.0219369
0.021756
5.20848
0.0218794
0.0264136
0.0234273
0.0217152
8.70183
2.74483
0.0218871
0.0221651
0.0255818
0.0215325
0.0220117
0.0219744
5.02631
0.0219973
0.0217353
0.0286081
5.84081
0.0582187
0.0222685
0.0316204
18.1922
0.038879
0.0219404
0.0219443
0.227093
0.0224344
0.0219447
0.0293085
0.0218599
0.0216801
0.0228777
0.0215662
0.0381342
0.0219162
0.0219586
5.5242
0.021765
0.0228845
0.0220675
0.0223227
0.0330022
0.0218913
0.0219021
2.31813
0.0225291
3.89732
0.0233086
0.022282
0.0222767
0.124748
0.0219041
0.0219419
0.0220131
0.0226453
0.0277773
4.14314
0.0218831
0.0380042
4.40876
0.0387643
0.0222611
0.0219633
0.022257
0.0222028
0.0218591
1.76085
4.4619
0.0220754
0.028548
0.0303069
0.0295991
0.022025
0.0216576
4.36442
0.129394
3.19494
0.0215993
0.0223127
0.0221464
0.0218471
3.91541
0.0349578
0.0226536
0.0218757
0.0218137
0.0219941
5.45873
0.0260862
0.0221394
6.19757
1.34221
0.408125
0.0517889
0.0220189
0.0218316
0.0620079
0.052604
2.29256
25.4396
0.0247332
0.0260579
0.0222104
0.0237792
0.0221574
0.0221996
4.39602
0.0216129
0.0218501
0.058227
0.02221
3.4082
0.0230838
0.14691
0.029441
0.0222446
0.0236752
0.0265585
0.042996
0.0516857
0.0816051
0.0222823
0.0533316
0.0230458
0.0218778
0.0221187
0.0224276
0.0220355
0.0249897
0.0584212
0.0411402
0.0221428
0.022598
0.0220091
0.0219228
0.125848
0.0219317
0.0233799
0.285522
0.0215677
0.0526454
0.0827812
0.0220425
6.62552
0.0425978
0.0222095
0.294303
0.0221057
0.0222686
0.0219634
0.0219842
0.0222924
0.02423
0.0220019
0.957987
0.0227199
0.0219685
0.0222664
0.0335169
0.034037
0.0219815
0.0249788
0.0218311
0.0341381
0.0219389
0.029614
0.0216388
0.0229744
0.02155
0.0219371
7.01601
0.0216515
0.112342
0.0219702
0.0230966
0.0217457
0.0343062
0.0220757
0.0436844
0.0220823
0.243193
0.022262
3.94219
0.0215637
0.0234691
0.0222714
0.021982
0.0219643
0.0241674
0.0220354
0.123848
31.2807
3.76462
0.0243681
0.0364488
0.0218133
0.0384667
0.0604045
0.0220132
0.028974
0.0857021
2.37875
0.0830509
9.8808
0.0273464
0.0221166
0.0222312
0.0255647
0.0242393
0.0394988
0.021605
0.0235517
0.114366
0.0222649
0.0219236
0.0254307
3.9894
0.023315
0.0304332
0.0617083
0.0222514
3.57149
0.0216213
0.0218296
0.0224369
0.0218628
5.6703
0.0700345
3.5257
0.0220567
3.95251
10.8964
2.2052
0.0390925
0.0686809
0.1634
0.0404472
0.0219678
0.0218679
0.0301216
7.25071
0.0218068
0.0292802
4.12638
0.0219103
0.0219132
0.0218819
0.0228999
0.0219564
0.0220946
0.122068
9.69907
0.0220542
0.0220027
3.79222
2.33087
0.0218174
0.0219441
0.0221549
0.0218743
0.640016
0.0699614
0.26917
0.0226001
0.0219073
0.021815
0.0227805
0.0220545
0.0339349
0.0225967
6.61178
0.0220102
0.0220754
0.040834
0.0218024
0.0360365
0.0654401
0.0234064
29.0601
3.01332
0.0221224
0.0218543
6.85758
5.23912
0.0355072
0.022084
6.55778
0.183896
0.0256802
0.0219522
0.0219954
0.0219256
0.321509
0.024307
0.0937586
0.0222685
3.07462
1.02005
0.021966
0.0219943
0.116372
0.0221498
0.0217429
0.0251131
3.94996
2.29079
7.5197
0.0226915
0.0591995
0.0388485
0.0216442
0.0218876
0.0221935
0.302175
0.0222059
0.0219637
0.0589497
0.0220132
0.0632798
0.0221114
0.0221067
0.0216928
0.022151
0.205561
0.0221989
0.0218609
0.0415449
0.0554403
0.384693
0.0222097
0.086007
2.09027
3.91887
0.0229171
5.27706
9.31554
0.0219118
0.0215437
0.0226457
0.0232775
1.8511
0.0235006
0.0221225
0.022206
2.36922
0.0373274
0.0226205
0.0221421
0.0219405
0.0423188
0.0217575
0.0218416
0.032906
0.0228195
0.0222042
0.0218004
1.37928
0.0219175
0.0227513
0.0220298
0.0223717
0.14308
0.0222027
0.0230108
0.0220723
0.025495
0.804062
0.0222919
0.350623
0.0260381
2.00813
0.0216618
0.0235446
0.0325175
0.0859397
0.0504958
0.0225864
10.4782
4.6104
0.0224867
0.021814
3.05572
0.0220793
0.022251
0.021731
0.0222417
0.0500329
0.0222928
0.0222931
0.064592
0.028523
0.0230018
0.0313195
0.0227294
7.79884
0.0235554
0.835111
0.0218657
0.0582877
0.0368344
3.43952
0.0245078
3.73318
0.0222695
0.0264769
0.0220425
0.0220675
0.0219091
0.14135
0.0403014
0.0516286
6.33918
0.0221195
10.3807
0.026873
0.0217854
0.0313556
0.0306765
2.85356
0.021989
0.0280481
0.0511665
0.0234446
0.0416825
0.0222838
0.0215747
0.0222833
0.306331
0.0221337
0.0220055
0.0217384
0.02173
0.0219414
0.0219932
0.0223656
0.0218528
0.0221508
0.0224587
0.0253208
0.0308179
0.0219926
2.18042
0.0219637
3.30787
0.0370544
2.31165
0.0363561
0.0262308
5.11008
0.0343893
0.325964
4.83223
0.0419253
0.0221991
0.0218488
0.022932
0.147199
0.0218817
4.4616
0.0218656
16.1261
3.73824
0.0591425
0.0230702
5.63796
2.86341
0.0231862
0.0219828
0.0222638
0.0249592
0.021565
0.0216709
0.0571015
3.98505
0.0220784
0.0218731
0.0223562
0.636126
0.0647556
0.0221558
0.0253696
0.086486
0.0224566
0.0220296
4.17654
0.0222681
0.0218786
10.7936
0.0240246
0.0219527
5.32271
2.59384
8.87713
0.0219195
0.0231481
0.518332
0.0217371
0.0218844
0.0222843
0.0312263
0.0220455
0.0221115
0.0241023
0.0460817
0.178753
0.0217845
0.0219364
0.0220793
0.0218459
0.0225372
0.0215986
0.138493
0.0287042
0.0219517
0.0219897
0.0217685
0.0219772
0.0225348
4.1397
0.0296016
0.0215567
0.021935
0.0410213
3.05019
0.0220436
0.0219839
0.0220301
0.0215607
10.3045
0.0515856
0.021736
0.0220668
0.0298686
0.103738
0.0221692
0.0222828
0.0249404
0.0220816
0.0266441
0.0223519
4.3653
0.035296
0.0220705
0.0261319
12.6042
0.0282232
0.198548
0.0252246
0.487287
0.0222709
0.0223639
0.0254276
0.0667586
0.0219004
0.0219049
0.0222435
0.0230086
0.104701
0.119027
4.11221
0.0228672
0.0219928
0.0282948
0.0219636
0.0219624
4.87192
0.0237069
0.0220208
0.0219872
0.287062
1.9854
0.0219913
0.0220907
0.0898215
0.0218514
0.0221037
0.0219374
0.0876824
0.0232281
0.0266606
10.7355
0.0222613
0.022168
2.05172
0.0219106
0.163187
0.021899
0.0235536
0.0418929
0.0219844
0.0220895
0.0224815
0.0237385
11.0476
0.0219277
0.0221351
0.212434
0.0256476
2.47547
4.31779
0.046706
0.022212
0.417642
0.0219397
9.34259
0.0221675
0.0220281
0.0217079
5.66905
0.022212
0.0223288
0.0221599
0.0343924
1.88157
0.0282768
0.0490901
0.0218989
0.0221351
0.0371704
0.0290617
0.0218391
0.0255084
0.0218874
3.1308
3.89128
0.0221385
0.0229174
0.0222226
4.1614
0.0221565
18.6792
0.0219806
0.0218804
0.0217282
0.0225445
0.0241122
0.0222715
0.0219953
0.0220035
6.63112
0.107365
0.0218809
0.0249045
0.024536
0.0409088
0.0219139
0.0258041
0.0230086
0.0219631
0.0232068
0.0323815
0.0222802
0.021917
0.0267391
0.0217778
0.152285
0.0232401
0.137942
0.0221032
0.0220398
0.0219396
0.0747788
0.039608
0.021771
0.0249501
0.0703283
0.022424
0.0217739
0.0257188
0.0222247
8.31409
0.215825
0.0250348
6.09023
0.0230996
0.0352509
0.0881219
0.037622
0.0355955
4.88723
0.0316986
0.138563
0.0220952
0.0231448
0.0218525
0.0219489
0.0268701
0.0217679
0.196252
0.0219882
0.021991
0.0733013
0.0219489
0.0545572
0.0270189
0.0255036
0.0218677
0.0423604
3.27029
0.0214244
0.0322099
5.16506
0.0420967
0.0218164
0.03171
0.0219952
0.0217875
10.1087
0.0218349
0.0217868
0.0486621
0.0219482
0.0277805
0.0217787
0.0220055
3.14674
0.0218779
0.0216696
0.0248723
0.0219174
0.0215482
0.0222518
10.8568
0.0221384
0.0220846
0.0215889
0.0841616
0.0223978
0.0246497
0.0219321
0.0345584
0.022672
0.0219029
0.02296
0.0221002
0.021783
0.115141
0.0419439
0.0289537
0.0234673
0.0453991
0.0719321
0.0274658
0.0281545
0.0229123
4.4138
0.0219396
0.0220059
0.0219261
0.0222384
0.0354322
0.0218959
9.00224
3.82119
7.38335
0.0220843
0.0249117
0.0389803
0.0215424
0.0878599
0.046918
0.814143
0.0663515
4.06263
0.0720202
0.207243
1.70939
0.0284046
0.0233034
0.0252558
0.0217811
2.54447
0.0227093
0.0292059
0.0218004
0.0251464
0.0220467
3.52304
2.99285
0.0222036
4.63261
0.636609
0.5805
0.0455861
0.0637149
0.0216728
4.49561
0.021962
7.01342
4.23381
0.0222042
0.0218991
0.022003
0.0233526
0.025611
0.0353922
0.202587
0.0221248
0.0220415
0.0254047
0.0225309
0.0220362
0.0261494
0.0218388
0.0220602
2.95672
0.0603731
0.0220435
5.01584
0.0233046
0.0222721
0.0234499
0.301647
0.0219443
0.0217335
0.107058
0.177087
0.021846
0.0254173
0.86156
0.0531252
3.64691
0.0217818
0.183675
3.27244
8.00918
0.0220832
0.0219141
0.062139
0.0262526
0.0411927
0.022323
5.01847
0.0486802
0.194096
0.0220483
0.0219779
4.78202
1.69907
0.0221493
0.0222723
5.23379
0.0219289
0.0216198
0.0219086
0.0237554
0.0221968
0.0296466
0.0221082
0.0242209
0.0216232
0.0336858
21.2686
0.0581806
0.0346152
4.29691
0.073466
0.0216503
0.0217839
0.0218868
0.0222837
0.121546
0.0297901
0.0223029
0.0219757
0.021977
0.0216057
0.0323806
0.0216159
0.0482129
0.0246106
0.0221235
3.33379
3.8129
0.0221021
5.00337
0.0339335
0.0334935
0.0222641
0.0216301
10.4312
0.0717869
0.0219258
0.0217311
0.0219377
0.0267306
0.0222624
0.175614
0.0215242
0.0220605
0.0220458
1.80385
5.44685
0.0215378
0.0220065
0.14659
0.464877
0.0246159
3.29424
5.13042
0.0218723
0.0221418
0.022127
0.0230335
1.82047
0.0220401
0.0222844
0.178452
0.0888502
0.0222121
0.021947
0.0729027
0.0222836
0.0220752
0.10308
0.0795318
4.67266
0.0219844
0.0791963
0.0410184
0.0560064
0.0231033
0.0275958
0.0219449
0.0219801
0.119194
0.0259179
0.0220019
0.0249609
4.21214
0.0215462
0.0218111
0.0215396
0.0749358
0.021953
0.0220866
0.021445
0.0219525
0.686229
7.11163
0.0222164
7.22825
3.4943
3.89731
0.0219429
0.0219452
0.0218334
0.0218971
0.0221164
0.0221494
0.0216261
0.0220825
0.021784
0.024337
4.56297
0.0362137
3.87459
0.0312042
0.022033
0.0231716
0.0325453
0.0221746
0.0218513
0.0401807
0.0322326
0.556796
0.042512
0.0215175
10.0814
0.0227782
0.0215014
0.0218851
0.223404
0.0434837
0.0227783
0.0259273
0.0220729
0.0220943
0.0323369
0.0418023
0.0299626
6.60208
0.022084
0.0220303
0.617624
0.0374936
0.0252747
0.136089
0.0234207
0.0648481
0.314902
0.0644401
7.33487
0.0218396
0.0218319
0.0219438
0.0220488
0.0220949
0.0232818
0.0405459
0.0551381
15.7188
0.0220736
5.9751
8.88105
0.0254522
1.37053
0.0222219
0.0913787
7.90617
0.0219147
0.0933461
0.0215928
1.81799
0.0221975
0.258962
0.0218633
3.67551
0.0410511
3.99845
0.0218528
0.186828
0.0216907
0.0234376
1.6183
0.0218434
7.30743
3.76904
4.54823
9.02671
0.0955312
4.26071
0.0394769
0.0220198
0.0448968
0.0461053
3.81564
0.0220777
0.0220172
0.0228542
0.0484144
0.0219501
0.0222302
0.0222262
17.3689
1.93386
0.0219091
8.72925
0.0582175
0.021731
0.038427
0.0275007
1.98287
0.0300417
0.0217787
0.702939
0.0220725
0.0219412
0.0220898
0.120842
0.0615955
0.021846
0.0267069
0.0221106
0.0222606
0.0217968
9.23285
0.0222857
0.0218176
5.1144
0.26768
0.0244718
0.0218391
1.70086
0.0284396
0.0232937
0.0219423
0.0516504
0.023444
0.0283251
0.0249093
6.71974
0.0436857
0.05989
0.0215085
0.0347456
0.0492571
0.0290834
0.0223897
6.44908
0.0222527
0.186475
0.0218933
0.0221933
0.0341265
0.232283
0.0238107
0.0256131
0.0221137
0.0372574
0.0649264
0.0945331
0.0281945
0.0222923
0.0219661
0.0282052
0.0907207
0.0219444
0.0440441
0.0220175
0.0219472
3.61502
0.0218952
6.77308
0.0219436
0.0272105
0.0734113
0.0219262
0.0293263
0.108727
0.101587
0.0219465
0.0856871
0.0228379
0.0222633
0.0218966
4.36441
2.54109
0.0219131
0.0219346
0.0216688
0.0218115
0.0927396
2.9808
0.0219259
1.36788
0.0217348
0.021802
0.0218975
5.54869
0.0229143
0.0239386
0.0219543
0.0219871
0.0219155
0.0222568
0.0222595
0.0324792
11.864
0.0216582
0.0219117
0.0419104
0.0678463
0.0217991
6.8839
0.0521967
0.0217911
0.0215451
0.0224799
0.121861
0.0217523
0.0820898
0.0289992
0.0243733
0.0217883
0.0456099
0.0215281
0.135439
0.0279415
0.0223824
4.9879
6.52048
0.0214314
0.0218615
5.69818
0.12019
0.0768436
0.0252584
0.0821516
0.0215782
4.52841
0.0685608
0.0218703
1.64133
2.52126
0.0232553
0.0450297
0.0531365
0.021772
7.91478
0.0221818
0.0276259
0.0302081
0.0222575
0.0220494
0.0522629
0.0218742
0.021892
0.0218731
5.6846
0.021844
0.0219396
0.0217615
0.0218938
0.0218549
0.0222301
0.054413
0.0458985
0.0241482
0.0222497
1.4881
0.02228
0.0218411
0.0219032
0.0216604
0.0220855
0.0219727
0.0295853
0.0922333
0.022224
0.0311896
0.0501409
0.0217608
0.0278427
2.41351
0.0228217
0.0215303
0.0220806
0.0839671
0.0222025
0.0222029
0.0244748
0.024995
7.43103
12.6395
0.0218279
0.0218664
0.0219483
0.0693702
0.0232425
0.0217979
0.0284865
0.0739201
0.022167
0.0270963
0.022133
0.103926
0.991674
0.0232419
0.124058
0.0260754
3.44377
0.022205
0.0218983
4.64035
0.116796
0.0246221
0.141987
0.0927028
29.3139
0.0460997
0.699125
0.0263111
0.0259495
4.55225
0.0269004
2.69698
0.0320087
0.121856
3.67715
0.0222933
0.0221343
0.0219824
0.344732
0.0214526
6.01816
0.0380011
22.1632
0.0229941
0.118698
0.204695
0.0219483
0.0222036
0.0800861
0.0300627
0.0220882
0.0263439
0.0775952
0.0755426
0.0757532
0.115713
11.568
0.141908
0.0221151
0.0222014
3.65436
0.0765209
0.0227463
0.0381789
2.66877
0.0223799
0.0245238
0.0219469
0.0290362
0.0220398
0.0221053
0.0391892
0.0221004
0.0227947
4.24265
29.8993
0.0217304
0.0258935
0.0276291
0.18335
0.0431789
0.0225525
0.0219296
0.103983
17.5396
0.0219374
0.025286
0.0221217
4.4345
0.0218284
0.0304525
4.92135
3.53539
0.022272
0.138578
0.0862984
0.0569861
0.0258013
0.0220212
5.61427
0.0218145
0.0273256
0.0222358
0.0301236
0.0216256
0.0216569
0.0221878
0.065669
0.0218182
0.0219792
0.0218048
0.0222012
0.0218713
0.0220705
0.0875533
9.18035
1.95732
0.0260901
0.0220575
0.0323721
0.0240894
6.41111
0.022285
0.182241
0.0216184
0.0219985
0.0226746
0.0353349
2.84305
0.0219629
3.77417
0.0224102
0.0215253
0.0232899
6.29875
0.0234345
0.045393
5.80405
0.0222848
0.022182
6.15958
0.0218891
10.2759
0.0220884
0.0329813
5.73733
0.0230067
0.0220969
0.0218607
9.64421
0.0274698
0.0218727
0.805048
0.021965
0.0230161
0.0808029
21.9417
0.191808
3.41919
9.8161
0.074192
0.023596
0.183834
0.247653
0.0219138
0.0218548
0.0229343
0.0283422
0.0795662
0.0219953
0.0255136
0.0219082
0.0219659
1.8925
0.022225
8.61195
0.0215721
0.0346478
0.0665572
0.0218294
0.0215192
3.53012
4.88848
0.0643997
0.0220811
0.0252408
0.0570598
0.0217687
0.0362026
0.0989758
0.0406036
0.0233667
6.21205
23.8727
0.021543
0.0221331
0.0216495
0.0221944
0.0232317
0.0289524
19.4143
0.0221203
0.0219653
0.0479807
19.8822
0.0215816
2.87468
0.0216229
0.135176
0.0576716
4.85207
0.0730605
0.0540177
0.0568194
0.0215292
0.021511
0.249324
0.0258065
0.0220877
1.00406
0.0218273
0.0220846
0.021623
0.0493278
0.212434
0.584851
0.146279
0.0293547
0.0298546
0.0222034
10.7511
1.78963
0.0232126
0.021979
0.0217757
0.0995141
7.0443
0.0363574
8.43566
0.0229386
0.021776
3.90852
0.0219358
3.95384
9.28622
0.0216954
0.0301224
4.23586
0.0243512
0.0362593
0.0218261
3.99008
0.0272959
0.161994
4.8303
9.50595
0.0290564
0.0300063
0.0221355
0.145189
10.5789
0.0234681
0.0244321
4.35889
0.0498147
0.0678822
0.0222636
4.6176
4.62121
0.0980799
0.0219445
0.0274696
0.0218987
2.91957
0.0733223
0.0342407
8.20883
3.49737
0.0215316
0.154387
0.0221008
8.63819
0.0936224
0.0280944
0.0261779
1.02685
0.0214068
0.0664201
5.56765
3.05611
0.0231657
0.0220319
0.0217922
0.0887611
2.38912
0.168551
3.77005
0.102994
0.0422488
0.0217802
3.47418
0.0795589
0.0287471
0.189884
5.13325
4.58976
4.53432
8.70625
3.55713
5.2788
0.0220703
0.0291611
0.0334768
0.0220878
10.8463
0.963373
0.0220203
5.91466
0.0221292
0.0219947
0.0217742
0.0317291
0.0218702
3.44268
0.0620539
2.96994
0.0217861
0.571663
0.0484111
0.529829
4.51317
0.0231178
0.0286296
0.0383214
0.0675805
0.0217887
0.0216555
0.021894
3.56618
0.0217811
0.0217829
2.22731
0.0238125
19.4196
0.0220457
5.62068
0.0219551
0.0220601
0.0219511
0.0219765
0.0283482
0.024747
7.42924
0.0314691
0.039815
3.78862
0.0218212
5.43265
0.0217947
4.39203
3.76596
4.73485
0.0662728
0.0219727
0.0222726
4.41022
0.0222561
0.0273897
0.0221114
0.0312141
5.03418
0.0218871
0.0218508
0.0218753
0.0222651
9.6687
9.17342
0.0218335
0.0214452
3.3753
7.97538
0.0218644
3.43154
0.0222642
6.48924
4.19294
0.072161
0.346429
1.03209
0.0863685
3.90815
0.0860478
0.0219688
0.021548
0.021787
5.26564
8.34474
0.0231477
0.0285247
3.94176
0.0218334
4.39115
0.021934
0.0221063
0.021636
9.06505
0.0782256
0.0217619
3.70048
0.0222527
6.44383
3.37069
0.0217443
0.0221102
0.120334
0.0219585
0.0219218
0.0218329
2.45715
0.0322753
0.0220318
0.0221299
2.14504
0.0219348
0.0414694
0.0219906
5.00599
0.0221013
0.104591
0.0236224
4.12154
5.81059
0.0317518
0.0905029
0.0562507
0.0220752
0.0759229
4.37116
0.0217696
0.082757
0.0217662
0.55976
0.0218987
4.61925
2.12207
0.106805
3.80289
3.82286
0.0414921
0.0229268
3.59094
0.021933
10.5544
0.0255095
1.09745
0.0218606
0.0330691
0.0483023
0.0307398
0.0221026
0.0219429
0.0221955
5.16774
0.0717612
3.65901
2.08026
0.0278138
0.0216232
0.055071
11.0681
0.0340302
0.021806
0.0220802
9.48971
8.30197
10.8608
4.58248
0.0368074
0.0222733
0.0217782
0.05205
0.0518492
0.90566
0.0220035
0.0220701
33.5295
0.0657035
0.0222853
0.0644318
0.950953
0.105485
0.0216489
0.0490064
0.570709
1.17398
4.76166
0.231535
0.0218706
0.0222691
0.0220631
0.0222849
0.0219535
0.0220908
0.0338044
0.224135
0.0348804
0.0290252
0.0292492
0.0221876
0.0263217
0.0229305
0.0352839
0.0331828
0.0218219
0.028733
0.0218924
0.0218441
0.022557
0.0221203
0.390352
0.0216058
0.0785976
0.859969
2.36339
7.61247
3.8302
0.0224846
0.0222368
0.0219057
4.16181
0.022042
0.0214753
0.0221738
4.29167
0.0315796
0.0346051
0.492005
0.0234599
0.0220344
0.0302193
0.0218809
0.0488275
0.0222854
0.0346926
0.0217879
0.0219206
0.0230638
0.023597
0.0261526
0.844663
0.0396922
0.112467
0.0600013
0.136171
0.0449984
0.0680254
0.0220029
4.01019
0.0246265
0.0268528
0.021927
0.0230859
0.124038
0.0219857
0.0646822
6.2407
0.0295922
0.380168
0.102013
0.0544756
0.0702206
0.0607035
0.021936
0.0290687
0.0220905
0.079288
0.0521242
3.87795
0.0217594
0.04885
0.0266043
2.65363
5.56684
0.0466043
0.0220978
0.0529142
0.0215706
0.0675257
0.0228735
3.13544
0.0216571
0.0260333
0.0220198
0.0366029
0.164677
0.0312872
8.74546
0.022041
0.0331331
0.06143
0.022019
6.27395
5.71498
0.167226
0.0582961
0.0487147
0.0218936
0.0218011
8.24689
0.101483
0.0216738
0.0228163
0.025145
0.021901
0.405573
0.0217825
4.70389
0.141459
0.156023
0.0381881
0.0223361
0.0216647
0.0218786
0.149159
0.0821915
0.0268215
4.12342
0.0221733
0.0231668
0.0274735
6.13201
0.0215186
5.06687
0.0214069
3.73273
0.0219134
0.021904
0.0386223
0.0219854
0.0222294
0.138151
0.0220743
0.022312
0.021807
0.0453454
0.0258166
1.66991
0.0219936
0.0220966
0.0218499
0.135233
0.0218055
0.0288646
0.0427454
4.12087
8.43943
10.8845
0.848998
0.395836
0.0422639
0.0633367
0.0275078
0.022251
0.0221205
5.29181
0.0582782
0.0215398
0.0219697
0.0219567
0.0286449
0.0820623
0.0222518
0.0305306
0.120569
0.183414
0.116784
0.0219715
0.0222376
2.2111
0.0242776
0.0216084
2.6448
6.12265
0.0217009
0.021438
0.0271004
0.0220561
0.0386082
0.0222485
3.83747
0.0222726
1.6551
0.0220163
4.84122
0.0303555
0.0219377
0.0649998
0.0215985
0.022149
0.0222647
0.0332486
0.530338
0.0218512
0.17455
0.0222855
0.0221996
0.115247
0.0217622
0.0221281
0.022102
0.0214698
0.0219586
0.0215173
0.0221658
6.99766
0.0218599
0.0217873
0.0578076
0.0216363
0.0219428
0.0221669
0.022269
7.12168
0.419067
0.0220808
0.0233326
0.0220479
0.0222855
0.251859
0.0220552
0.0219851
7.5655
0.0219659
0.0460025
0.0606073
0.038592
0.0219635
0.250042
0.021901
0.842078
0.0699947
0.0219866
7.11813
1.79741
0.0284912
0.122235
0.0218373
0.0218694
0.045886
0.237753
0.0217897
0.0218595
0.022318
0.0419471
0.0221035
0.0369064
0.0221107
0.048162
6.82465
0.0398549
0.2342
0.021841
0.0260914
0.0228938
0.023617
0.0216907
0.0218922
0.0229976
0.023494
0.0687084
0.0223736
0.101209
0.0220346
3.92149
0.0215186
0.0217767
0.0723487
0.0222715
0.102063
0.093699
0.0380965
0.0221108
0.0230117
0.022077
0.0381536
0.0220739
0.0563157
0.0266051
0.0221581
0.0216844
0.0277171
5.33513
0.0325774
0.0525692
3.07691
3.97344
0.039529
0.0215722
3.95638
0.0219572
0.0240398
0.0224131
0.107642
0.0220098
0.0360105
0.028063
0.023657
0.0221214
0.0256628
0.0221999
0.0604339
0.0219396
0.0221851
0.021971
0.0288465
7.10502
0.0220186
8.08487
0.0875284
0.0214582
6.62204
4.15349
0.0219167
0.0237012
0.094469
0.0217911
0.021905
2.7475
0.0220274
3.16053
0.0256585
0.0248935
0.0226866
0.0227459
0.021911
0.0219163
0.061964
0.0225573
0.0219627
0.0219058
0.0226187
4.99389
0.0373918
0.022063
0.0292961
0.157967
0.0672545
0.0218861
0.0220925
0.0219548
0.0253102
0.0228258
0.0224307
0.0283642
5.05448
0.0218919
0.0234025
2.14653
0.024806
0.124542
0.142579
0.0218665
0.02227
4.20586
0.0871967
2.30251
5.01315
3.19334
0.238811
6.54318
0.021851
0.0238085
0.0216811
0.0221862
3.62025
0.0219927
0.0556382
0.0711747
0.0325668
0.0251441
0.799577
0.0219095
0.0221163
0.0256042
0.0219425
0.0220497
0.0218135
0.0223041
0.0701189
0.0219449
0.0221429
0.0217881
0.0464867
0.0221323
5.28982
0.0219225
0.0237093
0.0218178
0.0222521
0.0228738
0.0219805
0.0387569
0.0229885
0.021937
0.0285807
0.0220962
0.0222645
0.0219887
0.0314057
0.0225415
0.0220355
0.0220483
0.022061
0.0303653
0.0220226
0.0220105
0.115535
0.0220754
0.0219182
0.0246235
2.31798
0.052018
0.0227418
0.0565954
9.70152
0.129154
0.218761
0.0240676
0.0229562
0.0281806
4.14429
0.0221664
2.56068
0.0231202
0.0218935
0.0287358
0.0220529
0.0699742
0.0762324
0.0641583
0.0231127
0.0219709
0.0289386
0.0275598
0.0229572
0.0247022
0.0243733
0.0449351
0.075927
0.078084
0.0219369
0.0252456
1.61713
0.0231624
0.0222852
5.44259
0.502976
0.0219633
0.0226768
0.0240214
0.0735681
8.89765
0.0219639
0.392
5.98586
0.0389564
0.0590368
0.0217506
0.0240129
0.0230418
0.0839488
0.0222319
0.0298636
0.0241505
1.63539
0.0221935
0.0220624
4.99425
0.0242117
0.0230413
0.0222489
0.0222126
0.0387833
3.48728
0.0282088
0.0220439
2.16144
0.110693
0.0225235
0.0219509
0.0218259
0.0243865
0.0217978
0.278103
0.0218591
0.0246721
0.0251245
0.0617616
0.0264936
0.0218501
0.0275433
0.0245093
0.0218352
0.104162
0.0221797
0.0238098
0.0216908
0.0222719
22.6444
0.0293144
0.0225121
3.85966
0.0231244
0.0219519
3.50228
0.0719091
3.60365
0.0219178
0.0235603
0.0218777
0.0228772
0.0231988
4.61869
0.022818
0.0916836
0.0218289
0.0224074
0.0247715
0.0220227
0.0371908
8.21607
0.544742
0.0219574
0.0217215
0.249343
0.0225826
0.0222487
0.0265778
0.0283471
0.403509
0.0834832
0.0230033
4.27777
0.0961908
0.0224379
0.0217889
0.0224008
0.0287365
3.88351
0.0222839
0.0714458
0.0231947
0.0220906
0.0215973
0.0227907
14.728
0.0271648
0.0217987
0.0239053
0.022095
0.0255018
0.0214479
0.0240253
0.0220076
0.0234458
0.424788
0.0220476
0.0222127
0.101947
0.0216217
0.0215872
5.26198
0.0218827
4.84243
5.08329
10.6951
0.0268304
0.0221379
0.0215098
0.022139
0.0214843
0.0238132
0.953499
0.0524758
0.421294
0.0827813
0.0243395
0.0216257
0.0235096
0.0227383
0.0222726
0.02213
0.0215756
0.0746663
0.0227281
22.2125
0.0223066
0.0228295
0.0222634
0.022181
6.44575
0.140934
0.0288717
0.0215087
0.0537753
0.0237426
0.0219777
0.0881044
0.0214548
0.0240648
6.56979
0.0219655
0.0218954
0.0218949
6.36058
4.44764
0.021692
0.0227638
0.0260558
0.0221026
0.0217216
0.0219781
0.0220757
0.0218979
0.0218466
0.0219012
0.0257965
3.43584
0.0387035
0.0219429
0.0219392
0.022534
0.0222842
0.0221774
0.026162
0.0277652
14.2454
0.0264648
0.0221945
0.0233312
0.0219538
0.0960379
0.0216146
0.0222233
0.0233044
0.0290657
0.026898
6.31709
0.0221539
0.0336307
0.0227318
0.0227101
0.0221043
0.0216446
0.0235144
0.120935
1.65621
0.0217685
0.0383043
0.0740302
0.0222647
0.0433933
0.0391829
2.84839
0.0222494
0.0237241
0.0228466
0.0216059
0.076606
0.0219655
0.0220027
0.0573256
1.3005
1.92157
0.0217926
0.0219066
6.43699
3.65676
0.0216191
3.44272
5.50967
0.021826
0.021614
0.0218227
0.0220684
0.0221401
0.0215661
0.0288616
4.81993
0.0218574
0.0219655
0.0217015
0.0221575
0.0217957
0.0218556
0.0215555
3.67878
0.0221019
3.08702
0.0221699
0.0218061
0.0233807
0.0218384
0.0221756
0.030592
0.0221544
0.0223375
4.99523
0.0219963
0.0263145
0.0220305
0.0219827
0.0221403
0.0218119
0.126905
0.0220592
0.0221064
0.0220882
0.198734
0.036636
0.0222563
0.0221751
0.0219462
0.0234172
3.50438
0.023497
0.0237726
0.0219576
0.0221228
0.0219458
0.0521412
0.0236745
0.0233041
0.405116
0.0452828
0.0218174
0.0260668
0.0220983
0.0226651
0.0218486
4.30557
0.0219663
0.0220582
0.0218053
0.0300476
0.0240156
0.0235925
0.0219278
0.0217941
0.0613385
6.06398
0.0218324
0.0565245
0.0236056
0.023492
9.37961
0.0217701
0.02199
0.021957
0.0243939
0.0238755
0.0217963
0.0245642
0.0219117
0.102617
0.0215387
0.0217214
0.0266231
0.0221421
0.0915442
0.0274898
13.844
0.064955
0.0222118
0.10341
3.92068
0.0231047
0.0253361
0.0220682
0.0254634
0.0217842
0.0405915
0.0448755
0.0218879
0.0293737
0.0219728
4.06598
0.0224113
0.0247803
4.91535
0.0474329
0.0247655
0.15259
0.0221558
0.0219964
4.3392
0.0217804
9.35592
0.0218494
0.0218683
0.0806332
10.0726
0.0219197
0.0433959
10.6741
0.0218587
0.0221744
0.0220044
0.0295324
0.0265541
0.023162
0.0220094
3.68249
0.0219699
0.0229132
0.0219462
0.0219003
0.0220385
0.0238486
0.0287258
6.938
0.0222314
5.8892
0.0219476
0.0232194
0.0248025
0.0230094
0.0675767
0.0648264
0.0227004
0.0219328
0.0218299
0.0995727
0.0217581
0.0218314
0.526627
0.119435
0.021775
0.0220073
0.0217877
0.0220895
0.0249256
0.0806404
0.0219708
0.0221267
0.0217485
0.0223788
0.0219698
0.0215107
0.0292783
3.35646
0.0217022
0.0225722
5.6874
0.0219135
0.0392685
0.0220699
0.0317928
0.0559654
20.0817
0.0222612
0.0220561
0.0217916
0.0223017
0.0220435
0.021457
0.0221439
0.0221266
0.0237197
0.0608938
0.0259157
0.0240637
5.69598
0.0220305
0.144344
0.0217519
0.0220034
0.0220181
3.66245
0.0218406
0.054655
0.0234204
0.0227724
0.0219358
0.021767
0.0219418
0.0226463
0.0218556
0.0218189
0.0486856
0.615812
5.50877
0.021794
0.0509667
0.0223539
0.0220851
0.02189
0.0220796
0.541731
0.0218825
0.0219231
0.0513088
0.0216011
8.60121
0.0281491
0.178574
0.0220698
3.68572
0.022979
0.0281062
0.0257799
0.0222491
0.0243767
0.102451
0.0233542
0.02186
0.0435849
0.0218836
0.02183
7.29784
0.0387896
0.021825
7.38157
0.021781
0.0821265
0.0217528
0.0234453
0.0219223
0.0222444
0.0219706
0.0219993
2.47434
0.0227116
0.0248702
0.0221397
0.0356972
0.02186
0.0252544
0.0218224
0.0219005
0.0220787
0.0363268
0.0217604
0.0267135
0.0219392
0.0219464
0.0218777
0.0244234
0.0218674
0.0219553
0.0215829
0.0221009
0.0222057
0.0217451
0.0271905
0.0218067
0.0251367
0.0219666
0.0305827
0.16335
0.021867
0.0218455
2.16844
0.0215661
0.0221854
0.0218648
0.0215023
0.021979
0.0218007
0.0220788
0.0375896
0.0218678
0.0218948
0.0216185
0.0759267
0.0220705
0.0231301
0.0221289
0.0244574
0.0216976
0.0219886
0.0218498
0.0273317
0.0218688
0.0220278
0.0393014
0.0222249
8.95335
9.5093
3.3504
0.0259202
0.0324831
0.0311909
0.0749066
0.0291286
0.0217438
0.0221335
0.0221925
0.0219473
3.64667
0.0219355
0.0216111
0.0484928
0.0218464
0.0229186
0.0259759
0.0216386
0.0219106
0.0235395
0.0397598
0.0219096
0.0422665
0.0219561
0.022112
0.0218101
0.0219334
1.69496
0.0217988
0.102407
0.02193
0.0217483
0.0217582
0.0217834
6.56402
0.0219186
0.0391166
0.0218574
0.0218251
0.0222307
0.0218701
0.0216919
0.0480062
0.0300264
0.0840587
0.0698025
0.0248151
0.021828
0.0222005
0.0285237
7.35321
0.0224394
0.0225537
0.0216486
0.021439
0.0330237
0.0217761
0.0221666
0.0217705
0.0258808
0.0217079
0.0219358
0.022681
0.0219145
5.7114
0.0329924
0.0219327
0.0221513
0.0242444
0.0220297
0.0220376
0.0218654
5.27409
0.022193
0.0218914
0.0219248
0.0218954
0.0219005
0.021905
0.0219106
0.021918
0.0218965
0.081184
0.0257831
0.0389757
0.0218534
0.172104
0.0219522
0.0374571
0.0542574
0.0223377
4.27026
2.97219
0.0219538
0.0219731
0.0220598
0.0217889
0.0219076
0.0483512
0.0220027
0.0272731
0.0218643
0.0218131
0.0219535
2.15359
0.0218975
0.0222442
0.0738533
0.0237149
0.0219532
0.0216842
0.0218585
0.0218719
4.1935
0.0219009
2.12176
0.0320857
0.0214965
0.02176
3.22783
0.0229956
0.021785
0.0217263
0.0216506
0.0217471
0.492103
0.025472
0.0216041
0.0217029
0.0489617
0.0341927
0.0219787
0.021979
0.0219778
0.0223131
0.0250382
0.0219788
0.0218377
0.0219889
0.0218364
0.0482235
0.0237269
0.0217146
0.0219781
0.0375536
0.0510184
0.0218172
0.0815909
0.0221849
0.0219794
0.0422262
0.0217303
0.0219046
0.0215699
0.0221079
0.0220162
0.0218093
0.0216964
0.0221506
0.0581774
0.0220075
0.0220139
0.0219588
0.0219561
0.0220061
0.0217086
0.0217473
0.0215684
5.55036
6.48344
0.0218525
4.4839
0.0218614
3.91043
0.0216042
0.086968
0.0218304
0.0221906
1.74216
0.0217809
0.02325
0.0218001
0.0218411
0.0217645
0.0278929
0.0220161
0.0217096
0.0217521
0.0217889
0.0219555
0.0215293
0.0219736
0.0329124
8.72213
0.0217426
18.649
0.114431
0.0218629
0.0228165
0.0218108
0.0220788
0.0221551
0.021905
0.0222035
0.0216266
0.021613
0.0218858
0.021679
0.778562
0.0217991
4.24673
0.0216004
5.18607
0.0280757
0.0219443
0.0216596
0.0273551
0.0218485
0.0220194
5.009
0.022102
0.0215369
0.0216298
0.0218279
0.0217893
0.0221729
0.0214846
4.1368
0.0222946
0.0219998
0.0220223
0.1106
0.0218281
5.85617
0.0217998
0.0219324
0.0218034
0.021644
0.0218175
0.0218541
0.0479086
0.0218055
0.0263789
0.0220418
0.0218126
0.0220738
0.0219288
0.0216875
0.0218891
0.0222059
0.0272883
0.0215472
0.0222723
0.0222476
0.0219304
0.0221278
0.0217988
0.0218124
0.0221925
0.0218295
0.0218131
0.493462
0.021788
0.0223126
0.0218462
0.0220205
0.022225
0.0526051
0.022067
0.0218661
0.0720852
3.54424
0.0924286
0.0510123
21.4822
0.0380295
0.129233
8.46404
0.0246459
0.0218594
0.0221926
0.0218764
0.0222862
0.0218932
0.0216434
0.0220282
0.0342208
0.0397284
0.0218171
0.0218188
0.0260007
0.559491
0.0964251
0.0222122
0.0217964
0.0216222
0.0229731
13.6191
0.348598
0.0220688
0.0218284
0.0220116
0.0219226
0.02175
5.21283
0.0899475
0.0223918
0.0228705
0.0228995
0.0219183
0.0221193
0.0231414
0.0217351
0.0307104
0.0536734
0.0221868
0.041072
0.0217537
0.0226881
0.021909
0.0223173
0.188599
0.0216443
2.25804
0.0218536
0.0265656
0.0217835
0.0267678
0.0219345
0.0216651
0.0216172
0.0222723
0.0219895
0.0271121
0.0258763
1.57613
0.0247009
0.0218862
0.0219364
9.4471
0.0219438
0.06879
0.0251423
0.0225227
0.0217809
0.0632752
0.0218607
0.0219431
0.187024
0.021796
0.0217131
0.0219321
0.0217652
0.0889689
0.0549615
0.0223825
0.022
0.0218774
0.0219694
0.0230494
0.0221328
0.021717
0.0226329
0.0425775
0.0216438
0.0221789
0.0215106
2.44482
0.0219443
0.0217935
0.0215627
7.10481
0.0523599
0.0219571
0.0226847
0.0229785
0.0276806
0.0216334
0.0444967
0.0219513
0.022021
0.0220445
0.022232
0.021875
0.0218124
0.0422248
0.104391
0.0218229
0.0228259
0.0223986
0.0222864
0.0449805
0.0231149
0.0235576
0.201429
0.0217862
0.021585
0.0876315
0.0215459
0.0219744
0.0243979
0.0648846
0.0219441
0.021802
0.0222436
0.0219259
0.0234002
0.0216827
0.0289692
0.0234618
0.0217936
0.0240265
0.0218923
0.0221167
0.0215389
0.0219081
0.0356649
0.0217804
0.0218264
0.048352
0.0238588
0.022086
2.116
0.0222062
0.0215806
0.0219344
5.25836
0.254877
0.0760857
0.0236927
2.55208
0.0223903
0.023208
0.180378
3.50865
0.0218432
0.0219372
0.0807363
0.0215658
0.0216575
0.0225353
0.0221664
0.0215879
0.0341752
0.0220954
0.110445
0.0254777
0.0214426
0.0221077
0.0219552
0.0219231
0.0218447
0.0219363
0.0218886
0.0218225
0.0219421
0.0219564
0.0215502
0.0278635
0.0501564
0.0215081
5.63752
0.0220467
0.0221286
0.0218937
0.0215708
0.0220278
0.0219445
0.022657
0.0218431
0.0220201
0.0219284
0.0221098
0.0217468
4.41448
0.025902
0.0222832
0.0219554
0.0640408
0.0218718
0.0218621
0.0219603
0.0221392
0.0220139
0.0234684
0.0671389
0.0217622
0.0217697
0.0221236
0.0314152
0.021672
0.0217693
0.0946361
0.021742
0.021798
0.0215898
0.542781
0.0221685
7.98026
0.021747
0.0220168
0.0220086
5.35119
0.0220555
0.0220406
0.0237469
0.0322373
0.0220307
0.0219118
0.0229862
0.0216857
0.0230186
0.0215541
0.0298302
0.0461837
0.0222516
0.0247811
0.0217963
0.021928
0.0221324
0.0219532
0.0217152
0.0218039
0.0221503
0.0219955
0.0218727
0.021685
0.0312321
5.60283
0.0222442
0.0276647
0.0240675
0.0219812
0.0217549
0.0691615
0.0217438
0.0215285
0.0234839
4.43129
0.0218896
0.0222311
0.0218335
6.38594
0.411791
0.0450799
0.0219741
0.0784353
0.0215825
0.0221935
0.0217455
0.0218643
2.94531
0.0222932
0.0222934
0.0222937
0.0222942
0.0222928
0.0222931
0.0218709
0.022049
0.0227903
0.0214216
0.0218057
0.0217919
0.0222252
0.0224974
0.021788
0.0219372
6.81851
0.0320914
0.0216851
0.0287668
0.0218332
0.0219111
0.0220844
0.022349
0.0218729
0.0219633
0.0220693
0.0219625
0.0945885
0.0217961
0.0216281
0.0395762
0.022056
0.0218828
0.0219533
0.0221333
0.0216986
0.0221169
0.0221664
0.0270896
0.059915
0.0735166
0.023019
0.02374
0.0230911
0.0234024
0.0222836
0.0224887
0.0227644
0.0222029
0.0222857
0.465123
0.0220979
0.121194
4.83695
0.0221552
0.0684044
0.0714846
0.0218326
0.0220236
0.0216223
0.0217651
0.0275015
0.041004
0.0388312
0.0220579
0.021958
0.0223004
0.0268567
0.146906
0.0218907
0.0425042
0.0268023
0.0316034
3.65647
0.022227
0.0219446
0.0220893
0.0220065
2.48261
0.0220776
0.0219973
0.0219497
0.0219346
0.0223464
0.0218773
0.0219394
0.0218926
0.021609
0.0222921
0.0216298
0.0243137
0.0219608
0.0215645
0.0218136
0.0885456
0.0221041
0.0220148
0.021967
0.0331502
3.86599
0.0218957
0.0220437
0.0216869
2.21832
7.10195
0.0689036
0.0219356
0.0220354
0.216265
0.0328081
0.0218602
0.0218945
0.0221404
0.0219326
0.0229855
0.0219008
0.0215474
0.0216154
0.0278663
0.0220367
0.0215986
0.0219326
0.0219525
0.0219602
0.0298407
0.0906499
4.39196
0.0279063
0.0221028
0.0219656
0.0225549
0.0218281
0.0216152
0.0579206
0.200088
0.0221008
0.0243161
0.0220977
0.0216507
0.0222904
0.0495683
0.0222222
0.0216796
0.0218177
0.0219901
0.0262222
0.0221155
0.0235723
0.0221844
0.0214201
0.0218656
0.0221471
0.0331525
0.0219456
0.0217517
0.0239493
0.0218909
0.0214975
0.101124
0.0362036
0.0514764
0.025274
0.0217865
0.0278695
0.0215539
2.28086
0.0218808
0.0221105
0.0220448
0.021819
0.0216811
0.0216723
0.0220323
0.021867
0.0217752
0.0216292
0.0330232
0.0221865
0.0745173
0.0220929
0.0222473
0.0222725
0.0217427
0.0218028
0.0219511
0.0219737
3.36277
0.021523
0.0236624
0.0461458
3.4475
0.0274121
0.022047
0.0218707
0.0219498
0.0228568
0.0217464
0.0562238
0.022002
0.0222171
4.23902
0.0248197
0.024261
0.105007
0.0219279
0.0314057
0.0809663
0.0339693
0.0220309
0.0219108
0.0216962
0.0219236
0.0255208
0.0297945
0.0221849
0.0220192
0.0335037
0.0218341
0.0219307
0.023176
0.0222257
0.106493
0.0801752
7.1508
0.0223058
0.059793
0.0219239
0.0218851
0.0220971
0.0277858
0.0221903
0.0218996
0.0219462
0.021771
0.0214307
0.0230974
0.0242071
0.0217465
0.021861
0.0263421
0.234838
0.022254
0.0219581
0.0224105
0.0220915
6.87426
0.022052
0.0363312
3.49703
0.0219185
0.0661119
0.0232164
0.0222724
0.0217195
0.02415
0.0220875
0.021702
0.0221372
0.022137
0.0222963
0.0630129
0.0219048
0.0221346
0.107242
0.0217328
0.0219494
7.33625
0.0219251
0.0219618
0.0220819
0.0219654
5.52875
0.0662286
0.0228274
0.0217907
0.0219125
0.0216169
2.91949
0.0244512
0.0219175
0.0219501
0.0221071
0.0221448
0.0219735
0.0218582
1.05286
8.47755
0.0221668
0.0221336
0.0341671
0.0222239
0.0231815
0.0276068
0.021972
0.0221502
0.0218514
0.022635
0.0220251
0.022615
0.0217514
0.0435792
0.0218843
0.0218687
0.0221828
0.111951
0.0219181
0.0215225
0.063035
0.0219246
0.0641922
0.0700679
0.0219873
0.0220943
3.74138
0.0306099
0.0258592
0.0240724
0.021951
0.0221478
0.250364
0.0219671
0.0590311
0.0219487
0.0275023
0.0220913
0.0222241
2.92934
0.0753766
0.0258288
0.0219476
0.0318112
0.0217046
0.0221122
0.042646
7.31762
0.0221101
0.0308919
0.0217346
0.0247715
0.0220927
14.6749
0.0253196
0.0215475
0.0219335
3.70686
0.0219587
0.0222044
0.0547523
0.0241367
0.0218797
0.0219577
0.0222838
0.0882503
0.0220676
0.022316
0.0222652
0.0411102
0.0217859
0.027918
4.05628
0.0219556
0.0217823
0.0219831
0.0215934
0.0219848
0.115993
0.0765584
0.021984
0.0219401
0.0261651
0.0252746
0.0216255
0.0243058
0.0220997
2.88668
0.0250251
0.0219832
0.0222044
0.0222758
3.10504
0.0220294
0.0232495
0.0215911
0.0220699
0.0219827
0.0230636
0.0220803
2.7546
0.0220203
0.0219828
5.33389
0.0217177
3.52991
0.0220233
0.081858
0.0221173
0.0225889
0.0273504
0.0220847
0.0220176
0.0215571
0.0221689
0.0220156
0.0220176
0.0231143
0.0221942
0.0222932
0.0222934
0.263472
0.0218414
0.0280001
0.0220204
0.0219647
0.0222643
0.0219754
0.0219076
0.0219405
0.0216656
0.0217382
0.021987
0.0225594
0.0219531
0.0221445
0.0233018
0.0483567
0.0221458
0.0231271
0.0221731
0.0216213
0.0219571
0.0222448
0.0226714
0.0222206
0.0218127
0.0218318
0.0347076
0.0239948
0.0224014
0.0220991
0.0222218
0.0269548
0.0245947
0.0242164
0.0219738
0.0219784
0.034982
0.0218005
0.0222441
0.022144
0.0220197
0.0218229
0.0734581
0.021948
0.0222933
0.0435286
2.53275
0.0229009
0.17061
0.0227883
0.0222855
0.0220255
0.120618
0.0221672
0.0222431
0.0264819
0.0225642
0.0219475
0.0321374
0.0220302
5.91627
0.0238913
0.0493425
0.0606089
0.0271451
0.0217203
0.0219797
0.0353065
0.273819
0.0228379
0.0218146
0.025766
0.0271372
0.0218474
0.0219168
0.0220847
9.87422
10.6837
0.0477566
0.0220214
0.0218979
0.0221251
0.021428
0.0216093
0.0218949
0.0246693
4.05382
0.0225785
0.0253708
2.64264
0.035675
0.0219954
0.0305675
0.0219542
0.0214744
0.0218062
0.0217182
0.0296909
4.73697
0.0222707
2.83084
0.0216075
0.0376025
0.0221068
0.0217042
0.0219423
0.0219577
4.62787
0.0278535
0.0364785
0.333022
0.0220954
0.0217619
0.0280527
0.0222682
0.0221229
0.0230511
0.0218459
0.0360517
6.99319
0.0481433
0.0220745
0.0220037
0.0218163
0.0219602
1.2789
0.0219411
0.0218107
5.98446
0.282558
0.0219698
0.022518
0.0250829
0.0218892
0.0218295
0.0221204
0.0220028
0.0220371
0.0217958
0.021798
0.0268909
0.0233282
0.0453082
0.0219384
0.0215923
0.0527507
0.0215188
0.0215986
0.0450434
0.0219981
0.0217203
0.0226336
0.0219441
0.0221148
0.0219527
0.0219619
0.0217448
0.0229001
0.0220993
0.0217875
0.0219848
0.0219641
0.021608
0.0215735
28.8104
0.0220495
0.0219727
0.0218318
0.021618
0.0219548
0.0221393
0.067919
0.0218211
0.0219669
0.0219883
0.0215299
0.02211
0.0263279
0.0226372
0.022006
0.0216223
0.125059
0.0221326
0.0222245
0.0220792
0.0220216
0.022093
0.0271931
0.0225887
0.0215507
0.288255
0.022072
0.0335504
0.0267861
0.0221404
5.33695
0.0220085
0.0221887
0.0833809
0.0219735
0.0219281
0.023445
0.0217587
0.0218289
0.0216162
0.0217735
0.0444305
0.0215838
0.0221846
0.0219706
0.0217897
0.0363755
0.0220215
0.0217773
0.021813
0.0221003
0.0220375
0.0751685
0.0220686
0.0218707
0.0221275
0.0217538
0.0222244
0.0222699
0.0215385
0.0222043
5.13136
0.0217355
0.0221027
0.0478673
0.0218476
0.0221282
0.0220957
0.0480052
0.0219704
0.0221207
0.0225881
0.0629216
0.0222249
0.0218353
0.022102
0.0217815
0.0282099
0.0216366
0.0221411
6.72705
0.022242
0.0221592
0.0245026
0.0350409
0.0217797
0.126915
0.0218082
0.0215965
0.0222231
0.0220241
0.0219922
0.0366708
0.0219556
0.0218394
0.021436
0.0218024
0.0325894
30.7659
0.021792
0.0303767
0.0222149
0.0222139
0.0266165
0.0222038
0.0219367
0.0974289
0.0216394
0.0215799
0.022032
0.0270112
0.0220945
0.0222398
0.055089
0.0221749
0.0220367
4.59272
0.021901
0.0215375
0.022045
0.0220631
0.0219648
0.0222339
0.0215095
9.80398
0.118404
2.74856
0.0220862
3.97029
0.0218442
0.022016
0.0578674
0.0218625
2.39558
0.0220144
0.0227816
0.0220306
0.0244198
0.0280154
0.0220806
0.0216578
0.0217958
0.0361077
0.0222393
0.0220228
0.0221291
0.0681164
0.0300972
0.0255067
0.0215637
0.0317777
0.0222352
0.0511687
0.0219277
0.0219304
3.52234
0.0222386
0.0219227
0.0222584
0.021766
0.0219538
0.0919204
0.022004
0.0218818
0.0215553
0.0221874
0.0217531
0.0218206
0.0255028
0.0221013
0.0233392
0.0217486
0.0222365
0.0215329
0.0221442
0.0219286
0.0222376
0.02168
0.0267006
0.0222935
0.0224119
0.021892
0.0218964
0.0219212
0.0219015
0.0219073
0.0219136
1.05985
0.0222004
0.0214479
0.0221891
0.0219349
0.022037
0.0218566
0.0367596
0.0221195
0.0216932
0.0219317
0.041756
0.0221185
4.22453
0.0219858
0.0218655
0.0220286
0.0216783
5.43906
0.901364
0.0286848
0.0219293
0.0218845
0.0280955
0.0214482
0.215347
0.0235781
0.275509
0.0235203
0.0221169
0.0218087
0.0223282
0.396636
0.0219695
0.0220373
0.0263233
0.0495555
0.021849
0.0245533
0.0220994
0.0272198
0.0220563
0.0222136
0.0220475
0.0221057
0.0278362
0.0220622
0.0217108
0.0218486
0.0233604
0.0222829
0.0591715
0.038783
0.0219192
0.0236659
0.292564
0.0634209
0.0221101
0.02386
0.0224191
0.0218746
0.021875
0.0222213
5.32092
0.0248376
0.022432
0.0218508
0.0217207
0.0226779
0.0219061
0.0217059
0.0219185
0.0219759
0.0239147
0.0305388
0.0217675
6.79191
0.0221563
0.0218704
0.0638083
0.022216
1.49379
7.06281
3.45136
0.0361454
0.0482647
0.0232526
0.0218536
0.314071
0.0222337
0.0259842
0.0774257
0.0286832
0.0218888
0.295589
0.021885
0.0222131
1.85548
0.0219781
0.0256903
0.0220883
0.021955
0.0221526
0.02198
0.0219477
0.0220113
0.0223745
0.294832
0.0216973
0.0219128
0.0449346
0.0220381
0.0221508
0.0221226
0.0555983
0.021702
0.0218177
0.293256
0.0217707
0.0221391
0.0248575
0.0217411
0.021714
0.0218168
0.109138
0.0217576
0.0219268
0.0217496
0.0220778
0.021866
0.0221738
0.026785
0.0368538
0.0289086
4.40381
0.0218429
0.290485
0.0528494
0.0491305
0.028645
0.0222147
0.023227
0.0277797
3.52479
0.0220878
6.5234
0.0293628
0.0219579
0.022056
0.0221172
0.0251898
0.021908
0.0219409
0.387667
0.0219667
0.021711
4.12108
0.0221012
0.0599068
0.0232667
0.157338
0.0480617
0.0260147
0.0216859
0.0679957
22.1699
0.0388166
4.06333
0.056153
17.6385
0.0220348
0.0218204
4.31477
0.0220486
0.0231677
0.0217885
15.4373
0.0217367
2.68418
4.22513
0.0222286
0.026148
0.021897
0.101917
0.0219795
0.0220639
0.0219017
0.0219636
0.0219137
0.0434839
0.0218865
0.0218818
0.021872
0.021916
0.0601997
0.0222933
0.0220288
0.0220026
0.0222932
0.0220913
0.0218488
0.220921
0.0296098
0.0217774
0.0220671
0.022119
16.656
0.0218364
0.022143
0.0222371
0.0215645
10.793
0.0238689
0.0219225
0.022163
0.0736294
0.0218288
0.0226169
0.0221138
0.0231438
0.0477025
3.49135
0.0734353
0.0226887
0.025696
0.0409612
0.0564114
0.0215981
0.0302638
0.0550772
6.39753
0.0222182
0.0222924
0.0220908
0.0229388
0.0220539
0.0219201
0.0222415
0.0217628
0.0219274
0.0222719
0.0225077
0.0219678
0.0218982
0.0218181
0.514624
0.0218972
0.0220325
0.0221066
1.20271
0.0333583
0.021974
0.0221799
0.0218868
0.0227282
7.76099
0.0220894
0.0222924
0.0221153
0.0219211
10.6239
0.0219213
0.0228812
0.0220881
0.134587
0.0218765
0.0222922
0.0221361
0.0220154
0.022123
0.0218844
0.0222201
0.0227902
0.0430967
0.0218569
0.0243908
0.0219863
0.0234182
0.022296
0.0221676
0.0222924
0.0222269
0.0222708
0.0222389
0.0216851
0.0218644
0.286647
0.0228016
0.0636889
0.0218589
0.0462632
0.0222857
5.98397
6.17421
0.38992
0.0217278
0.0222036
0.0311713
0.0217519
21.7726
0.0230737
0.0222447
0.0215574
0.0218663
0.024117
0.024411
0.0219279
0.0600488
0.0220104
0.0219756
0.0388815
0.0219363
0.0220085
0.0217257
0.0220905
0.0393732
0.0307284
0.0863039
0.0219677
0.021883
0.0219093
0.0221519
0.0534432
0.0219
0.0411502
0.022217
0.120837
0.80057
0.0217493
22.312
0.0218019
0.0218853
0.0249623
0.0221316
0.0231836
0.0220042
0.0298833
0.0219608
0.0300045
7.90892
0.0221413
0.0233328
0.0222448
0.0222281
0.0362397
3.55477
15.9064
0.0222757
0.0248351
0.0258026
0.0231547
0.0218788
0.022487
0.0221432
0.0792896
0.114144
10.6087
0.0221481
0.0227965
0.0218566
0.0222935
2.81351
0.0228843
0.0220929
5.84833
2.42963
0.0219229
0.0221109
0.0222832
0.385333
0.0232727
0.5003
2.46118
0.02169
0.0217626
3.27315
0.0218844
0.022245
0.022092
5.1786
0.022219
0.0247326
3.90415
0.0215842
0.0236124
0.0221042
0.022144
0.0319896
0.0274929
0.0221596
6.15563
0.0217696
0.0218178
0.0222126
0.128666
0.0221881
0.0218432
0.0221601
0.061693
0.0221255
0.021885
0.0219138
0.022727
6.03844
0.0221641
0.021922
0.0252294
7.35342
0.0218076
0.0218865
0.021942
0.0222457
0.021887
0.022033
0.021747
0.0225485
0.0222025
0.0222461
0.40457
0.0221596
0.0253866
0.0215792
0.0219952
0.0222227
0.0527164
0.0253267
0.0221003
0.0221723
0.0265927
0.0218137
0.0218019
15.3143
0.0217216
0.0523287
0.0221545
0.0221562
0.0217567
0.0993685
0.0221927
0.0263169
0.021514
0.0242678
0.0221572
0.0218628
0.0221619
0.0475167
0.032742
0.0436629
0.024242
0.022159
0.0218957
0.0222463
2.46663
0.0218611
0.04276
0.0368694
0.0222482
0.401137
0.0217935
0.0224001
0.0229646
0.033386
0.0217827
0.0222119
9.81832
0.0309334
0.0219965
0.0217211
0.0217531
0.0219458
0.0229348
0.0220885
0.0221458
0.0218466
0.0686364
0.0217401
0.0316291
1.73346
0.0253857
0.022147
0.0221879
0.0219456
0.0219055
0.0292664
0.0222204
0.0313972
1.8643
0.0222516
0.0221614
0.021503
0.0350886
0.0222024
0.0216039
0.0231536
0.0220537
5.98055
0.0220253
0.0222109
0.030694
0.0230043
0.0218113
0.0221599
0.0220155
0.0217332
0.0254864
0.0217273
0.0277508
0.0221536
0.0221919
0.022114
0.0278068
0.0219571
0.022114
0.0222313
0.0220052
0.0231552
0.0218804
0.0222108
0.0220172
0.0396112
0.0218891
0.0885687
0.0221464
0.0882743
0.0219614
0.022402
0.0250278
0.0219039
0.02423
0.0218583
0.0223147
0.0246997
0.0219721
0.0222619
0.0219224
0.0277297
0.0219782
0.0219869
0.0222407
0.025861
0.0218035
0.0221635
0.0221132
0.022242
0.0465183
0.0226743
0.0393845
21.7444
0.0221154
0.0726234
0.021732
0.0219956
3.36568
0.0218368
0.0228892
0.022007
0.0218611
1.01725
0.0217758
5.83681
0.0219208
1.8907
0.0218274
0.0219122
0.0221125
0.0222047
0.0218284
0.0221577
0.0317165
0.0220693
0.0742958
0.0218334
0.146254
12.5889
0.0220448
0.409742
0.0218189
0.0226061
0.02287
0.0218726
0.0222308
0.0222324
0.0308321
0.0219576
0.0241979
0.0221843
0.0277013
0.0220618
0.0421479
0.0218121
0.0222123
0.0219008
0.0346625
6.78082
0.0220484
0.0251008
0.0313481
0.0219982
0.0215085
0.0221405
0.0217347
0.153526
0.0218102
0.0219674
0.0222542
0.0221484
0.0216949
0.0246609
0.0241326
0.0218775
0.0530791
0.0319992
0.0219456
0.0875127
0.0222537
0.0219812
0.0219601
0.0216886
0.0371484
0.0218296
0.0449459
0.027226
0.0218951
0.0350873
0.0264456
0.0220088
0.022153
0.0331546
0.0225561
0.0218017
0.0226106
3.01243
0.0218992
0.0321101
0.0221179
0.0225904
2.31144
0.0219075
0.0240609
0.0221905
0.0220197
0.0867088
0.0219752
0.0217463
0.0497248
0.168853
0.0219137
0.0217003
0.0222294
0.0353401
0.136792
0.021568
0.0222166
0.0432174
0.0218805
0.538354
0.0216718
0.0219285
0.0221724
0.0219767
0.0479323
0.0276133
0.0221001
0.0217595
0.0221867
0.0220021
0.482115
0.0309741
0.021923
0.0844077
0.0326934
0.0220459
0.344127
0.0235917
0.0220279
0.0226799
0.0216347
0.0219294
0.0270993
0.0219136
0.0222816
0.0219726
0.0355258
0.0214971
0.0219288
0.0220631
0.0216436
0.02279
0.0221521
0.024278
0.0217933
0.0221524
0.0495957
0.0217509
0.0221928
0.0214966
0.0221764
0.199109
4.11323
0.0221523
0.023968
0.0214848
0.02256
0.0248015
0.0216174
0.0222102
0.0216224
0.0215961
0.0221504
0.0288004
0.15467
0.0335456
0.0220544
0.0808257
0.021778
0.021912
0.0274165
0.0220226
0.0216018
0.0215763
0.0220529
0.0217524
0.0347082
0.202628
0.0221722
0.0219136
0.0222023
0.021834
0.0217502
0.0221641
0.0220132
4.07859
0.0214979
0.0217755
0.0221595
0.0220101
0.0216298
0.02366
0.021788
0.0220913
0.0222517
0.0221606
0.0219231
0.0333733
0.021785
0.0335564
0.022006
0.0221618
0.0225317
0.0221624
0.0214044
0.0222275
0.0218003
0.0250073
0.0219355
0.0218805
0.11836
0.0220157
0.0216918
0.0218285
0.0217979
0.0215009
0.0217345
0.0215568
0.0221604
0.0221591
0.0217443
0.0214207
0.0218585
0.0220624
0.02172
0.0219973
0.0215473
0.0218255
0.0214716
0.0216439
0.0303577
0.0217878
0.0249859
0.0218519
0.145831
0.0219906
4.89282
0.0264778
0.0220351
0.169284
0.0218155
0.0272363
0.0217541
0.0219291
0.0232463
0.02222
0.0529923
0.0218317
0.0214909
0.0221634
0.0220812
0.0214792
0.0216013
0.0219502
0.0215134
0.0216522
0.0221981
3.77226
0.0494681
0.0218656
0.0216104
0.0217677
0.0228476
0.165569
0.0224069
0.0220185
0.0219641
0.0420611
3.0121
4.60066
0.0278363
0.0221048
0.0215032
0.0439587
0.0221728
0.0216661
0.0215467
0.0221592
0.0245473
0.138458
0.0350028
0.0219191
0.0218277
0.0432457
0.0238924
0.0221643
4.08643
0.0221186
0.0221921
0.0220007
0.0227014
4.56759
0.0221088
0.0218361
0.02218
0.0217664
0.0214823
0.0691411
0.0216993
0.0222279
0.0218952
0.0508748
0.0220464
0.0214794
9.76962
0.0221682
0.0218744
0.0218171
0.0214476
0.022213
0.0219418
0.0715265
0.0218399
0.0321434
0.0218069
0.0215907
0.0218439
0.0218189
0.0226329
0.0218794
0.0219077
0.0286704
0.0219488
0.0218781
0.022098
0.0216322
0.0214297
0.022166
0.0224397
0.0219973
0.0215309
0.0215159
0.0219345
0.0216253
0.27364
0.0216448
0.0220361
2.64259
0.0251771
0.0219516
0.0360031
0.0261416
0.0220683
0.0428494
0.0233321
0.0221332
0.022001
0.0221755
0.026305
0.0669673
2.59674
0.027078
0.0339827
0.0219596
0.0219235
0.0221658
0.0214699
0.0245921
0.021723
2.94264
0.167215
0.0365923
0.0216984
0.0220127
3.20442
8.82841
0.02168
0.0215724
0.022422
0.119238
0.0217976
0.0471796
0.085332
0.0220465
0.0233469
0.0217384
3.36249
0.0239447
1.9517
0.0219737
0.0464689
0.0415096
0.0215626
0.0449724
0.0316665
2.25394
0.0219436
0.0221794
0.0214847
0.0216819
0.021468
0.0222558
0.0238267
0.0219636
0.0234488
0.0522296
0.0218613
0.905042
0.0372464
0.0215867
0.0912325
0.0221744
0.0218441
0.0242289
0.0363149
0.0217567
0.0491211
0.0217801
0.0219644
0.0217603
0.0281433
0.0221666
4.26407
0.0219223
0.029611
0.0215588
0.0423957
0.0218074
0.0220338
15.7516
0.180957
0.257937
0.0233689
0.557626
2.25829
0.0268148
0.0219494
0.021913
0.0219166
0.0516722
0.02191
0.0217119
0.0225899
0.0222113
0.0218434
0.0215106
0.263982
0.0245215
0.0307681
0.023905
0.0217803
0.0346607
0.0220727
5.32931
0.0217688
0.0241624
0.0371235
0.0728144
0.0222748
0.0219634
0.0220683
0.02205
0.023188
0.0279233
0.0878973
0.0226036
0.0221743
0.0220921
0.0572752
0.0218482
0.0351802
0.0216806
0.021893
0.0216595
0.0220501
6.46237
2.5543
0.0219311
0.0219533
0.0222239
0.0218026
0.0220229
0.0219048
1.97888
0.0295403
0.0218786
0.0221068
0.0218045
0.021673
0.0356513
0.0219262
0.0219161
0.0226379
0.0306959
0.02205
0.0221711
0.021675
0.0218492
0.187154
0.0366764
0.0220505
0.0968949
0.0220325
0.0216906
0.0217441
0.0447974
0.021614
0.0217544
0.0220497
4.35877
0.0262206
0.0505673
0.0242539
0.0218546
0.0369382
0.021937
0.0224924
0.0435761
0.0223068
0.0216729
0.0219121
0.0219484
0.0252661
0.0219523
0.0216929
0.0214141
0.0225823
0.0221514
0.0217152
0.166958
0.0220504
0.0292118
0.0226027
0.197574
0.0218484
0.0216689
0.0217311
0.0648943
0.0216936
0.0409369
0.0218123
0.0221516
0.021676
0.0220582
0.0220051
0.0265028
0.0230651
0.0217334
0.0220754
0.0219309
0.157316
2.11583
0.0220538
0.0219594
0.0286415
0.0389151
0.0217525
0.0221524
0.0359861
0.0221392
0.021941
0.021924
0.0542451
0.0218506
0.0219973
0.0233171
0.0227944
0.0220683
0.0217414
0.0221396
0.0216678
0.0219169
0.0220351
0.0221725
0.0221767
0.021927
0.0609306
3.11678
0.0218684
0.0214391
0.0214944
0.0238116
0.022058
0.0216745
0.0221532
0.0218612
0.0218112
0.101171
0.102824
0.0222438
0.021926
0.0217587
0.023615
0.0229093
0.0219818
0.119059
0.0221458
0.0219668
0.0221204
0.0363112
0.201489
0.0219518
0.0219055
0.0217724
0.0221192
0.0221202
0.0314875
0.0239009
0.0219664
0.0220487
1.76986
0.0216198
0.0620604
0.022244
0.0218844
0.0214814
0.0222295
0.0217464
0.0219027
0.0232715
0.0218936
0.02193
2.72332
0.0219488
1.97156
0.0461734
0.0277928
0.0218946
0.0368589
0.022121
0.0218017
0.0233717
0.0222647
3.6781
0.0220521
0.0217424
0.0231787
0.0216998
0.132171
0.0554735
0.0454202
0.0219672
0.099734
0.021969
0.0262042
8.43615
0.037305
0.021734
0.0387255
0.0220454
0.021991
0.221788
0.0230635
0.0221871
0.0219922
0.0270609
0.0280435
4.44083
0.0219967
0.109081
0.0552496
0.0215869
0.0225246
0.0226854
0.0218882
0.0221305
0.0221873
0.0220567
0.0217276
0.0220035
1.63357
0.0220673
0.0221788
0.0220558
0.0218749
0.0330091
0.0219182
0.0217633
0.0221725
0.0450947
0.0221795
0.0221912
0.0218388
0.0219296
0.0217292
0.0219649
0.0239755
0.114223
0.0365526
0.0384328
0.0220333
0.0215829
0.0214719
0.0224497
0.0217759
0.0425273
2.30773
0.021955
4.58469
0.239088
0.0218435
0.216284
0.0218386
0.0220467
0.0218802
6.16811
0.0237028
0.0215053
0.0970036
0.0215691
0.0217707
0.0600045
2.72437
0.0220533
0.0327284
0.0219865
0.0215733
0.0221712
0.0219559
0.0215236
0.021806
0.0220329
0.0219436
0.0219253
0.0259069
0.0219642
0.0219156
0.0263587
0.0219236
0.0219146
0.0221791
0.0217606
0.0222937
0.0219123
0.021613
0.0220163
0.0219638
0.0217768
0.0220265
0.253735
0.0220296
0.0216152
0.0241556
0.0493798
0.0220933
0.184296
0.42524
4.95046
0.0220262
0.0222116
0.0221055
0.0216365
0.0222851
0.0229636
0.0227167
0.0220181
0.0219318
0.325309
0.0219331
0.0220949
0.0221047
7.62326
0.0219966
0.0223667
0.0224214
0.220042
0.0217473
0.0478011
0.0218826
0.0350794
0.0406683
0.0218911
0.0218031
0.0224018
0.0217354
0.0219127
0.267374
0.0256147
0.0219533
0.0216585
0.0215675
0.0219258
0.0410667
0.458544
0.28722
0.0419148
0.170157
0.0249412
0.0222496
0.0219089
0.0218208
0.0215183
0.0216987
0.0221095
0.151987
6.00437
0.0216002
0.0219698
0.0215368
0.0222424
4.3978
0.0221149
0.118938
0.388198
5.08368
0.02218
0.0218777
0.0224779
0.0216978
0.0219281
0.0229476
0.0242566
0.0217352
0.0218858
0.271767
0.022056
0.0219003
0.0220235
0.0216836
0.0218849
0.022004
0.0217077
0.0225432
0.021928
0.0284537
0.0237174
0.0228685
0.022003
0.026569
0.0216646
3.72065
0.0216633
0.0368533
0.0215888
0.0219143
0.0215688
0.179823
0.0226509
0.0227612
0.043619
0.0216474
0.0219189
0.0219983
0.0220457
0.0220014
4.25381
0.0222236
3.15421
0.0218634
0.0222297
0.0217471
0.021881
0.0220292
0.0216326
0.0217737
0.0219361
0.022934
0.0219192
0.0221698
0.12173
0.0465934
0.0221798
0.02228
0.0219875
0.0303606
0.109408
0.0216483
0.0218779
0.0219199
0.0218126
0.022013
0.210252
0.0218934
0.0223002
0.0218003
0.0216328
0.056919
0.0220621
0.0218386
0.0496026
0.021751
0.022053
0.0573661
0.02284
0.0215682
0.021894
0.0219083
0.0218665
0.0222102
0.0325787
0.0217631
0.0354174
0.0217851
0.0233645
0.0216172
0.0219128
0.0221734
3.59595
0.021948
6.22454
0.0224675
0.0221642
0.022252
0.0219172
0.0227679
0.0218983
0.0219376
0.0214874
0.0218355
0.0220173
0.0335221
0.0217198
0.0217616
0.0219973
0.0214892
0.022061
0.0221539
0.0214056
0.401436
0.0219436
0.0222338
0.0222231
0.0251883
3.97741
0.0214256
0.0323997
2.20867
0.0214402
0.0253439
0.0220477
0.0215939
0.0214664
0.0257175
0.0216357
0.225603
0.0220621
0.0214925
0.0215705
0.0216844
0.0242715
0.0233623
0.0214972
0.0463676
0.0761411
0.021601
0.02154
0.0219308
0.0218488
0.0215491
0.0562937
0.0219182
0.0220893
0.0219751
4.01856
0.0219225
0.0370245
0.0245474
0.0314674
0.0215521
0.0218001
3.6066
0.0219177
0.0214809
0.0218997
0.0276772
0.0215855
0.0313127
0.0218977
0.0247229
0.0219298
0.0220269
0.0219182
0.021975
8.05437
0.0214932
0.0218504
0.0218989
0.0219999
0.0350495
0.0242746
0.0305063
0.0214683
0.022927
0.514653
0.0215054
0.0219337
0.021556
0.393072
0.0216387
0.0227723
0.0305626
0.0219857
0.0221363
0.0418262
0.0220299
0.0218394
0.0226863
0.0221276
0.0220683
0.03813
0.0216142
0.0237974
0.0217854
0.021629
0.278393
0.02197
0.0221827
0.0216673
0.0287839
0.0220012
0.021869
0.0221813
0.364187
0.022191
0.0214226
0.0219735
0.021884
0.0219589
0.032795
0.0217799
0.0221098
0.0215177
0.0220484
0.0321245
0.0218936
0.0219455
0.0222221
0.0220676
0.0222038
0.0221121
0.0223536
0.0219941
0.0221842
0.0219566
0.021812
0.0219272
7.75574
0.0222458
0.0227196
0.0220029
0.0355631
0.0222594
0.0219807
0.0217845
0.0218675
0.0215872
0.0507277
0.0219639
0.0218033
0.0215547
0.021959
0.022039
0.0220307
0.0217601
0.021622
0.0497412
0.379219
0.0547937
0.0218053
0.0317166
0.0217323
0.0369862
0.021931
0.021923
0.0314802
0.021619
0.0220099
9.22776
0.0227324
0.021877
0.0218434
0.0422117
0.0218179
0.0217232
0.022947
0.0217753
0.0220482
0.0394905
0.0220019
0.0218296
0.0220344
0.0230024
0.0216483
0.116345
0.0219099
0.0232444
1.10485
0.0218902
4.16863
0.021844
0.0218039
0.022102
0.021769
0.0227773
0.0216365
0.0216973
0.0218982
0.0331739
0.118611
0.0225524
0.0217515
0.0220384
0.0347623
0.0218934
0.0216843
0.0236049
0.0218429
0.021796
0.0225947
0.0250373
0.0218081
0.0221299
0.0301276
0.600287
0.379707
0.0219353
2.28128
0.0263469
0.0219109
0.0215135
0.0220337
0.0220252
0.0217156
0.0218858
0.0221655
0.0217555
0.021934
0.0603678
0.0217582
0.028881
0.0219206
0.0220477
0.0250107
0.0216714
0.0219484
0.0227996
0.0216001
4.40384
0.0219208
0.0307513
0.021979
0.0472625
0.0616457
3.38432
0.0219356
3.57403
0.0224902
0.281775
0.0222233
0.0219198
0.0219176
0.0253155
0.0220891
0.0580788
0.0222029
0.0223199
0.0222052
0.908832
0.0265099
0.0218651
0.0218854
0.0217567
3.76191
0.0430558
0.287871
0.0217498
0.0221837
0.286863
0.15215
0.0218165
0.021763
0.0217636
0.0261378
0.285086
0.0221003
0.0218585
0.0217413
0.0217176
0.0219312
8.06875
0.0366303
0.0231419
0.0220097
0.0215598
0.0217363
0.0217542
0.0278014
5.08525
0.0226298
0.0217688
0.0217628
0.0220797
0.0215187
0.0219198
0.0222419
0.0219895
0.0216695
4.55006
0.0220157
0.021673
0.0219732
0.0427813
0.0221643
0.0272433
0.0221541
0.0217674
0.022124
0.0216675
0.0218995
0.021767
0.0218843
0.0221099
0.0221473
0.0219363
0.0220737
0.0391122
0.0247589
0.0239356
0.0295327
0.0217344
0.0219251
0.0219253
0.0216843
0.0219384
0.0218007
0.0414449
0.0222249
0.0216703
0.0218285
0.0236373
0.0214072
0.0218833
0.0218311
0.0217679
0.0219517
0.0243024
0.0226342
0.0218703
0.0215925
0.0502733
0.028677
0.0422378
0.0225201
0.021811
0.0219394
0.021494
0.0355015
0.0218959
0.0219259
0.0223549
0.0261234
0.0679451
0.0215729
0.0220303
0.0217496
0.0216903
0.021914
0.0217854
0.0219314
0.022085
0.0216352
5.05348
0.0218165
0.0217735
0.0216295
0.0227727
0.0221235
0.0221316
3.36187
0.0219357
0.021712
0.0218544
0.0218956
0.0217122
0.0360757
0.0215744
0.0219175
0.0256575
0.0219335
0.0216084
0.0220222
0.0344355
0.0220296
0.0217454
0.0216677
0.0214886
0.0217845
0.0214741
0.146228
0.0222048
0.350788
0.737942
0.0233762
0.021518
0.0216646
0.0222624
0.0221399
0.0218978
0.031709
0.0272148
0.0214987
0.0244749
0.0223163
0.0216783
0.0218675
0.0218051
0.930903
0.0252443
0.0219771
0.0216892
0.0220184
0.114056
0.022899
0.0218854
0.0221825
0.0218904
7.98098
0.0216445
0.021423
0.0880204
0.197725
0.342078
0.0222198
0.0215406
0.0216561
0.022678
0.0353717
0.0235228
0.0216881
0.0217241
0.0217657
4.72487
0.0218809
0.0219365
0.021479
0.0290122
0.0216614
0.0216679
0.0217459
0.0219323
0.0220315
0.0215804
0.0220472
0.0217095
0.021595
0.0219457
0.0221489
0.0219374
0.0217636
0.0219215
0.0222981
0.0330099
0.0278739
0.0217728
0.0215858
0.0224349
0.021757
0.0217401
0.0219784
2.86971
0.0261524
0.0217793
0.0217352
0.0222731
0.0225286
0.0220584
4.15592
0.0521706
0.0242677
0.0219051
0.0220844
0.0221304
3.26111
0.0221821
0.0219144
0.0219142
0.022036
0.0531641
0.0220573
0.0222958
0.0223645
0.0219643
0.0730115
0.0224779
9.59315
0.0218789
0.0221172
0.0222438
0.0218631
3.69357
0.0252249
0.0214769
0.0221756
0.021487
0.0214577
0.0214667
0.022239
0.0221039
0.259443
0.0217959
0.0220044
0.500751
0.0218262
0.0221222
0.0227568
0.0224045
0.021491
0.0221934
0.0219595
0.021801
0.021642
0.0271436
0.021702
0.0220356
0.0393966
0.0681847
0.0214926
0.117331
0.165314
0.0315395
0.0215284
0.022003
0.0229462
0.0215212
0.0217614
0.0454651
0.0494335
0.101554
0.0217313
0.0220328
0.0219162
0.0219274
2.69234
0.0243249
0.0214771
0.0340895
0.0218739
0.0268679
0.0221829
0.0218895
0.0214661
0.0215
0.0218786
0.0214572
0.0264038
0.0312182
0.0219176
0.028263
0.0219131
0.48428
0.0231735
0.0219182
0.021585
0.0226399
0.0216522
0.923679
0.0214974
0.0415693
1.5583
0.0220887
0.0224012
0.0214961
0.0220435
0.0219583
3.12123
0.0217873
0.022072
0.0247612
0.0219916
0.0217093
0.0542117
0.0448738
0.0219179
0.0219224
0.138347
0.021841
0.0257961
0.0220573
0.0219712
0.0230498
0.021636
0.266461
0.0219205
0.0221211
0.0219344
0.021709
0.0218297
0.34273
0.0585175
0.0217257
0.0219133
0.021752
0.0354989
0.0388975
0.0221164
0.170533
0.0225269
0.0216076
0.0216638
0.0224424
0.0421703
0.0215779
0.0229346
0.0889998
0.0215719
0.0293683
0.0218522
0.0215778
0.112025
0.0218942
0.0217799
0.0228319
0.0551504
0.0219352
0.0217709
0.142446
0.0217762
0.021663
0.0238615
0.0221467
0.0221651
0.0216578
0.0217671
0.0220785
0.0223221
3.09923
0.0229178
0.0219321
0.0219346
0.021989
0.0216543
0.0219146
0.0216396
0.0216939
0.0230073
0.0221757
2.84258
0.021944
0.0217173
3.18574
0.0220073
0.0217228
0.0219126
0.0219308
0.0218493
3.13674
0.0220093
0.0401102
0.0216595
0.0219199
0.132024
0.0222156
0.0217794
0.0241412
0.0218922
0.0219803
0.0377817
0.0257856
0.0219305
0.0260456
0.0218766
0.022156
0.0228741
0.111756
0.0222248
0.0442343
0.0218781
0.0255972
0.0236005
0.160384
0.0886601
0.0219166
0.0239604
0.0221929
0.023563
0.060167
0.0215292
2.67625
0.0218842
0.021584
0.0236626
0.0219276
8.03432
0.0216607
0.0661542
0.0221725
0.0385246
0.0449444
0.0220259
0.0221331
0.0215772
0.0224682
0.0220876
0.0220988
0.0452987
0.0238927
0.0225034
0.0217313
0.0222224
3.9281
0.0219274
0.0810742
0.0249979
0.0217111
0.0792267
0.0351956
0.0395806
0.0221893
0.0226061
0.0218826
0.0219366
0.0219481
0.0412018
10.5461
0.0221861
0.212673
0.070166
0.0222733
0.0217792
0.0219262
0.0225767
0.0285858
0.0217852
0.0221094
0.0219323
0.0220802
0.0469984
0.0373487
0.0217559
0.0676088
0.0217143
0.167951
0.0217258
0.0401276
0.021721
0.0270477
0.0311614
0.0218586
0.0218255
0.0251322
0.0219741
0.0272328
0.0219211
0.0218701
0.0219584
0.0238067
0.0217227
0.0219283
0.0223747
14.7939
0.0218445
0.0227503
0.021965
0.0217111
0.0266472
0.121037
0.021741
0.0310419
8.01457
0.0216946
0.0307793
0.0219519
0.0269443
0.0478692
0.0221898
0.0216766
0.0220931
0.0241994
0.0216917
0.0219359
0.144776
0.0218543
0.0218536
0.0352839
0.0235987
0.0217435
0.0736629
0.0223438
0.387466
0.042041
0.0217236
0.0423578
0.0278212
0.0218192
0.0399836
0.0392196
0.0220951
0.0364736
0.0219243
4.28114
0.0217386
0.0321216
0.0288698
0.0218612
0.0217227
0.0220176
0.0225688
0.023205
0.0219301
0.0218479
12.4108
0.022172
0.0215187
0.0275534
0.0446881
0.0239218
0.390175
0.0268615
0.0216997
0.0225049
5.41734
0.0219079
0.0217301
0.0216793
0.138799
0.0228447
0.0248351
0.0294128
0.0261178
0.0217259
0.0236931
3.2939
3.02825
0.0223275
0.0287786
0.0270041
0.0218998
0.0219148
0.0216701
0.0219962
0.0269167
0.0230607
0.0217745
0.0345872
0.0221891
1.82386
0.0310987
0.0228145
0.0219512
3.3694
4.31095
0.135576
0.0260804
0.0269618
0.0286829
0.10584
0.0712798
0.0298845
0.0217803
0.0775545
0.04715
0.0221336
4.31285
2.06595
0.021689
0.0219351
0.0216785
0.0221841
0.0393331
0.0219037
0.0218013
0.0217339
0.0217096
0.0220303
0.0369473
0.0464449
0.0216996
0.0217249
0.022658
0.118849
0.0215347
0.546886
0.0218443
0.0328458
0.0431429
0.0221327
0.033299
0.02188
0.0221838
0.0216929
0.0318827
0.0315677
0.0410011
0.0349451
0.0233914
1.26924
0.0225048
0.0218737
0.0217915
0.0216663
4.74596
0.021665
0.0220223
0.0555684
0.0247819
21.02
0.0219488
0.0216797
0.0374018
1.69077
0.0265319
0.0243159
0.0218011
0.021651
0.0713407
0.0300068
0.0220073
0.0220221
0.0217251
0.0221618
0.0217964
0.0217844
0.022037
0.021899
0.0218796
0.0222858
0.0221729
0.0251089
0.0245673
0.021802
0.0222101
0.0222422
0.0235909
0.209044
0.0221207
0.0220673
3.17446
0.0289772
0.0215768
0.0217424
0.0219363
0.0219226
0.0233112
0.0446782
0.0448445
0.0221433
0.0220638
0.0219717
0.0227235
0.0297171
0.0218601
0.021664
0.0219006
0.022114
0.287319
0.0236102
0.0255535
5.64732
0.0221843
0.0278974
0.0330187
0.0230717
0.371082
0.0218935
0.0219823
8.6078
2.40278
0.0230895
0.0331935
0.0220312
0.0221479
2.07197
0.0219655
0.373462
0.0220181
0.0937482
0.0223601
0.0452481
0.0349263
0.0220106
0.0222032
0.0219008
0.0219249
0.0259487
0.0215783
0.0231873
0.0474428
0.0219196
0.0215926
0.0215937
4.32887
0.0277943
2.22816
4.73344
0.022612
0.157648
2.90024
0.0226974
0.0220562
0.0240244
0.022031
0.0224548
0.0215114
0.0219792
0.0222267
0.0219297
0.0341443
0.0504986
3.71292
0.0223229
0.0307241
0.0222209
0.0252378
0.0218611
6.86082
3.92582
0.02182
0.0217817
0.0220172
0.0220794
0.0217656
0.0218964
0.0225432
0.0344304
0.0221546
0.0436656
0.0218794
4.01967
0.0407564
0.103013
0.0217377
0.044235
0.0242305
5.62883
0.0905905
0.0220896
0.0217677
0.0223614
0.0218466
0.0234791
0.0251701
0.0218609
0.0227677
0.0217023
0.0232708
0.0218527
0.0219422
4.47241
0.021852
0.0217432
0.0217931
0.0220417
0.0446587
0.027879
0.0226195
5.10912
0.251631
3.47382
2.76352
8.47402
0.0216533
0.02886
0.0217856
0.0221869
0.0219006
0.0481458
0.119968
1.45275
0.0402408
0.0217411
0.0219676
0.0216909
0.0217309
3.88134
3.11653
0.0247074
3.4762
0.191804
0.0219237
0.0241571
3.6363
4.96199
0.0343299
0.0327332
0.0219954
0.0220593
0.0248292
4.78615
0.150818
0.0217492
0.1344
0.0527907
0.0220745
3.79468
0.041375
0.0295193
0.0217845
7.60698
0.0475611
0.0221851
0.0217542
0.021989
0.46901
0.0336602
0.0504289
0.0302329
0.0234295
0.0270492
1.9387
0.026249
4.62371
0.0382632
6.35888
0.0224771
2.2627
7.36588
2.13375
0.0216953
0.0220937
0.0218184
0.0219698
6.62855
0.161717
0.0220635
0.0221307
0.0221921
0.0218
0.0228547
0.75584
0.0218356
0.0233455
0.0217705
0.0221777
0.0301441
0.0270634
0.319382
0.0665108
0.0222686
0.0318585
0.0221013
0.593509
0.0225447
0.0219212
0.028444
0.0218564
0.0576589
3.86108
0.0221813
0.0214658
0.0219937
0.021657
1.0248
0.0310303
0.0335369
0.0771806
0.0221833
0.0216297
0.0246949
0.0216514
0.0217652
0.112846
0.0792293
0.0224836
0.330129
0.0217762
0.0242846
1.75406
0.0344869
0.021894
0.0218215
0.0220812
0.0218213
0.0230313
0.0219849
0.0611679
0.0216697
0.340837
2.02104
0.0218921
0.0222489
0.0355746
0.0222423
1.76907
0.0222099
0.0221776
3.97136
0.0217044
0.0221017
0.021789
0.0469341
0.0217847
0.0582342
0.0219524
11.2812
4.72829
0.0771508
2.20362
4.12455
0.0770967
7.93577
0.0218297
0.0217122
0.0294411
0.0216661
0.0246102
0.0228433
0.0214402
0.0220482
3.63015
0.0219192
0.0218799
4.07298
0.0220531
0.0221702
0.0246053
0.0217873
0.0288638
0.147533
0.0349172
2.81081
0.0221312
1.17779
0.0218538
3.08657
0.697603
0.0419284
0.0220879
0.101638
0.0245365
3.55803
0.0501532
3.74065
0.219514
0.496073
0.0269788
0.0369119
0.0219376
0.0220132
0.0218572
0.021878
0.0219952
0.0255957
0.0219234
0.039562
0.0255329
0.0219275
0.0218962
0.0489372
0.0221368
0.0219825
0.021894
0.0640337
0.0335012
0.0216693
3.05878
0.036812
0.104672
0.0220491
0.0218141
0.0216984
5.51398
0.0709723
0.0242882
0.0263642
0.0227708
0.021598
7.47457
0.0645721
0.0217915
7.26015
0.0219403
0.236716
0.021967
0.021749
0.0214349
3.90583
0.021823
0.0217043
0.030366
0.0216506
0.0214509
0.0219237
0.0222001
0.0218569
0.0330214
0.0229424
7.66512
0.164141
0.0219072
0.0224747
0.02155
0.036894
2.91178
0.0219287
9.51232
0.0445395
0.699471
0.0444585
0.0219754
0.0218065
0.104161
0.0395056
7.78981
0.023884
0.0217506
0.0219226
0.0221727
0.0218463
0.0911699
0.0540957
0.032794
0.0239379
0.0219213
0.144848
4.38843
3.23411
0.0219114
0.120613
0.0469674
13.329
0.0218248
0.0223304
0.0412133
0.608035
0.133418
0.0415496
0.17714
0.0220825
0.274627
0.0218156
0.0804778
0.025269
0.282489
0.0220277
0.0219277
0.0221608
4.44116
0.0221791
0.0222782
0.268132
0.141705
0.0220463
0.0216514
0.484098
0.0221788
18.7376
0.112931
0.0219824
0.109002
0.0216543
0.120566
0.0431574
0.0392515
0.0216664
2.60592
0.0527733
0.0218864
0.155867
0.0214337
0.0220137
0.0218265
0.0229248
0.0307927
0.102945
1.5014
0.1245
0.023934
0.0219818
0.0219649
0.021869
0.0217757
0.0607664
3.40654
0.0221183
0.0232054
0.0217267
0.139216
0.131196
0.0217887
0.0875482
0.0221644
0.0217297
0.021657
0.0219812
0.16273
0.0218656
3.8069
0.0224435
0.347139
4.19806
0.214802
0.202805
0.0251617
0.0219079
0.0225775
0.0216696
0.0222435
0.0220804
0.0573269
0.0219197
0.253032
0.0299506
1.81009
0.0243961
3.86058
0.0217251
0.0216433
0.0218212
0.0219765
0.0541575
0.0404136
0.021927
0.0219104
0.0221732
3.39828
0.0219207
0.0401631
0.0219451
0.0216549
0.100467
0.0252883
20.6007
0.0262619
3.78336
0.0250671
0.0216752
3.08895
0.0562464
0.0215583
0.0221579
0.0285168
0.0301913
0.0580888
0.0218322
0.022264
0.0220023
0.0219273
0.0672402
0.0214758
0.0544723
6.35574
0.0440529
0.0219269
0.0319445
0.22471
0.124696
7.14617
0.022018
0.0214806
0.0217607
7.63137
0.0401355
0.0214833
0.0216035
0.0218989
10.2431
0.0214877
0.0241721
0.0473021
0.0214865
0.0243869
0.468762
0.0223754
0.026844
0.0234952
0.0214703
0.0418949
0.0217485
0.0218271
0.283607
0.0220092
12.8937
0.0219283
0.0214758
0.27894
0.0218542
0.0238819
0.0226362
0.0220416
0.051931
0.0624482
0.0217435
0.0226746
2.28834
0.0219292
0.047376
0.0260153
0.0217686
0.0219357
7.63785
0.0219179
0.021416
0.126672
0.045346
0.358199
0.0220775
0.02225
0.0219945
0.0234956
0.0247863
0.022042
0.0219235
0.0218202
0.0221712
0.379211
2.32268
0.021475
0.190465
0.0469963
0.0581258
0.0245138
0.0218374
0.022015
11.7567
0.0217524
0.021873
0.021762
0.229621
0.118804
0.0219843
0.0218871
0.0219124
0.0221762
0.0764429
0.0218838
0.0227702
0.153437
0.026548
0.0215019
0.0220175
16.54
0.022022
4.40788
0.0219763
1.89249
0.0218841
0.0716728
0.188751
0.0216734
0.0661543
0.0217932
0.1689
9.54909
0.22965
0.0530845
0.0219121
0.0624111
2.98653
0.0699044
0.0392397
2.6444
0.0217975
0.0219264
0.021821
0.207119
0.178122
0.0221096
0.0217695
0.0304901
0.0222446
0.0220507
0.0404137
9.83821
0.0219263
1.93649
0.0255426
0.0219165
0.0215854
0.0219062
0.232827
0.0219937
0.0221597
0.0216291
0.0511289
0.57944
12.3981
0.0219279
3.56794
0.0429083
0.0503147
0.262598
0.0218484
0.0237409
0.021843
0.0218282
0.0243737
0.0268762
0.180002
0.0444487
0.0219534
0.0422541
2.98172
0.3807
0.104968
0.0568206
0.0217132
0.0223955
2.79251
0.0220595
0.540004
0.0265741
0.0219107
10.9985
2.32593
0.0216448
0.0220701
4.77028
0.0224505
0.0546131
2.7423
0.0294257
1.49312
0.0215613
0.0269805
0.0221376
0.0218258
0.170572
2.46903
0.0600295
0.0218729
0.216853
10.2278
0.687365
0.0323997
0.0236687
0.0258149
0.0220852
0.178018
0.0217028
0.509647
3.36783
16.8922
0.0304459
0.0217561
0.149742
0.021997
0.0220265
0.278904
0.0226743
0.0221828
0.0218708
0.0234048
0.0222525
0.0219536
0.0467232
0.0518978
1.4532
8.33358
0.0237505
0.0261898
0.0218534
0.021953
0.0219164
0.19846
0.0220981
0.0649927
0.0313174
0.0245568
0.0349416
0.0221478
0.0218685
0.0217305
0.0243006
0.0221312
0.0298025
0.0217208
0.415506
0.0219469
0.0221878
0.0256925
0.0221188
0.448621
0.0238341
0.219305
0.0299424
0.0352912
0.0224457
0.0218887
0.0220557
0.0263037
0.0214638
0.0221763
0.0220048
0.0223164
0.719502
2.80877
2.50503
2.11015
0.0219379
5.56969
0.0624412
0.03007
0.0403066
0.0219327
0.0219552
0.0240299
7.72478
2.88393
0.0308522
0.0217846
0.0222513
0.0423749
0.177018
0.0221515
0.0218807
0.0220943
0.0220626
0.0351236
0.0317421
0.0339698
0.0214632
4.78844
0.0278765
0.0400116
0.0219017
0.0221051
0.022956
2.86667
0.0217163
0.0332758
0.0220681
1.91919
2.51397
0.0218904
3.3964
0.0217278
0.155008
0.0218522
0.150456
1.58921
0.0214924
0.0228714
0.0220679
0.0217957
0.0222689
0.0218647
0.0388825
0.0398359
1.29056
0.0649967
0.0246909
0.0257409
0.0220326
0.0328533
0.0294223
0.0220674
7.03239
6.02112
0.0219167
0.0448916
11.5278
0.0222509
0.0545749
0.339799
0.292204
0.0218573
0.021738
0.210919
0.121841
0.0216905
0.0219039
0.0286025
0.0217619
0.0221324
0.0265338
0.0223065
0.0216547
0.0219231
0.0218344
1.77578
0.138149
14.1418
0.0889937
13.9638
0.0268204
0.0262364
0.0221802
0.021715
0.0226119
4.83099
0.0218599
0.89208
0.348949
0.0221574
0.029934
0.0345146
4.42714
0.022273
0.047766
2.09356
0.021776
0.0221101
0.0215495
0.0218565
0.0218738
0.044956
0.0216665
0.0257824
0.0224163
0.0221448
0.0221379
0.0678685
0.0217721
0.0373568
0.0220551
0.0511265
3.92293
0.0218323
0.0251574
1.97185
0.0218489
0.0267392
12.8865
0.0218778
0.021696
0.0267106
0.0217328
0.0565206
8.21988
0.0245374
0.0222575
4.69136
0.0224194
0.0219618
0.0219783
0.0222091
0.0222337
0.0799074
0.0216889
0.023147
0.0262585
0.0219383
3.2709
0.033992
0.021985
0.0405753
0.0257052
0.570946
0.0218937
0.0219936
0.0511814
0.0225472
2.73325
0.0217794
3.6979
0.0531979
3.05595
0.0216461
0.0217734
0.0228116
0.0316324
0.252553
0.0231583
4.90019
0.0222295
0.0216701
0.0220617
0.174671
0.021825
0.0223419
0.0221522
0.0219645
3.56608
0.0223433
1.73953
0.0214517
0.0221883
0.0227226
0.0216007
0.406353
0.0216851
0.0215815
3.83381
0.0217596
0.0217103
0.164266
0.0220202
0.0217709
0.204602
0.0783719
1.05373
0.0219256
0.0218619
0.0219296
0.0214623
0.200595
0.0244323
0.0219908
0.0216366
1.55685
4.57641
0.0931489
0.286512
0.03166
0.0225846
0.0648947
6.26091
0.0310554
0.0311119
0.0218985
0.02223
4.50063
0.0221745
4.18209
0.0220693
0.0230456
0.0251659
0.0329604
0.223307
0.0226072
0.0224373
0.0263014
0.0222307
0.0214454
0.0217337
0.0234809
0.818067
0.0216362
2.43764
0.021832
4.73522
0.522548
0.0218805
0.136521
0.0216811
0.0269523
0.229155
0.024108
0.0310376
0.0216296
0.0220706
0.0222449
0.365283
0.0221374
0.0219975
0.127926
0.0225632
0.486356
0.0219125
4.08124
0.0358766
0.0769008
2.24461
0.0306681
0.0217963
0.0219181
0.0480074
1.68771
0.113533
0.0220712
0.0238159
0.0324039
0.0824999
0.0305854
0.022093
0.0910394
0.0224519
0.0760744
0.0219878
0.038996
0.0216554
0.0217407
1.9511
0.02446
0.0256735
1.72972
0.0232304
0.0238644
0.0222229
0.0218728
0.022071
0.0217374
3.57769
0.0224726
0.0238658
0.0221566
0.0235105
9.55279
0.0221103
0.0215199
0.0321988
0.0975171
0.0223947
0.0396305
5.29783
0.0219887
0.0425169
0.0220449
1.61089
0.0224725
0.0217649
7.64869
0.19805
0.034539
0.0232594
0.0219422
0.0215991
0.0231445
0.0216751
7.44105
0.0288148
0.0325711
0.0339895
0.0220216
0.0250229
3.76652
0.0222703
0.0579046
0.0215645
0.0242057
0.0221891
0.0231446
0.0218778
0.205969
0.0220899
0.0220657
0.337611
0.207975
0.0336233
0.0648135
0.0339132
0.0219139
0.0326012
0.0249192
0.0221734
0.0222502
0.0448464
0.0340347
9.9157
0.0332463
6.59759
0.048831
0.0328059
0.103176
0.0286305
3.56871
0.799715
0.0219716
0.11244
0.0534389
12.9376
0.0220499
0.0780966
0.0219088
2.69624
0.0220279
0.022543
0.0222625
0.0219056
0.0729514
0.0220202
5.79708
0.0221001
0.0214587
0.0244297
2.09978
0.0401671
17.8299
0.0218974
0.056786
0.0219235
0.0521402
0.023154
3.48502
0.0216378
0.17712
0.708788
0.0685296
9.6566
0.0445364
0.0217087
0.0220152
0.0220999
0.0215608
0.021907
0.0227044
0.0218754
0.0354583
3.70567
0.0221675
0.0230802
0.322247
0.0382793
0.0263305
14.2622
0.0346475
0.0248489
0.0219771
3.9418
6.62006
0.0260183
0.0218489
0.023741
10.3359
2.4847
0.0674987
3.21073
19.7063
0.0352889
0.0251642
0.0218103
4.76375
0.0216607
0.0765011
0.021522
0.0219344
0.025434
0.0634445
0.0279222
0.0219133
0.0219016
4.31432
0.0221306
0.023056
0.0410002
0.0255875
2.40268
0.0232733
0.188142
0.0222638
0.0219189
0.205222
0.0216945
0.0321801
2.29183
0.0219263
0.0219894
0.223572
0.0237987
0.0219963
0.0758872
0.0219063
4.10835
0.0215072
3.51136
0.156086
0.331353
0.0362905
0.207788
0.0220533
0.0225459
0.022065
0.0423927
0.0219275
0.0218816
0.0298636
0.0750002
0.144358
0.0244031
9.55483
3.31035
0.0215571
0.0221213
17.3398
0.458434
0.0222229
0.184086
0.448339
0.0630534
0.180327
0.135093
0.0810405
0.225962
0.0218983
0.0219717
0.0217242
0.0218134
0.0220375
0.0222306
0.0219132
0.022489
0.021908
0.0217419
1.5298
0.0218928
4.78152
0.0227237
0.180303
0.0218663
0.0310575
0.0219147
0.0377256
0.0229866
2.30438
0.0221226
0.140465
0.0220351
0.021969
0.0215643
0.0411728
0.022252
0.0227385
0.122379
0.0276845
0.0219306
0.0221902
0.0219166
5.14458
0.0217142
4.15435
0.0227465
0.0217307
4.3331
0.0496979
0.0324722
0.0238189
0.793443
0.021535
3.64591
8.4104
0.0220825
0.153105
0.0217352
0.0297917
0.0219288
0.0218794
0.206709
0.0392203
5.4589
0.0238364
0.0214182
0.107487
0.0219222
0.140795
10.441
0.0217382
0.0584543
0.0345921
0.0219255
10.0729
0.0232147
0.0218001
0.0220606
0.0216493
4.95171
0.0392158
0.0917504
0.0451503
0.0216698
0.0552713
8.38779
0.0215523
0.0766742
0.0280084
0.0218042
3.06587
12.3072
8.17732
8.68562
0.096254
1.7357
4.65774
0.0221303
0.0791882
0.0217355
0.0572655
0.0219155
8.2167
0.0214107
0.136727
4.99143
0.0247435
7.54378
9.55697
12.0557
0.0314273
0.0220995
0.02173
0.0219819
0.951223
6.12302
0.0218749
18.3263
0.0219555
0.0220374
0.0244752
0.0215568
0.0382415
0.0410553
0.0435336
0.021714
19.2542
0.0220718
14.2062
0.0429761
0.0215454
0.119889
2.32749
0.135314
0.0218508
0.0296128
0.0221493
0.0220597
0.0265652
0.0215259
4.40492
6.00712
0.0277112
0.220533
0.81572
0.022102
0.0218314
0.0219534
0.0215626
0.368527
0.0217103
16.106
0.120553
0.022085
0.0222873
10.416
0.0221154
0.0218076
0.0219267
0.0220165
1.0599
0.0216583
0.0893556
0.0222702
0.0794225
20.2222
0.047118
0.0224209
0.0219087
0.0215399
4.06473
0.137143
0.0648203
0.0219246
0.221099
0.0245022
14.3748
0.0451557
0.0434492
0.0216387
0.0218672
0.0254755
0.0216623
0.0289754
0.0224929
0.0438255
2.94889
0.139274
0.0216299
14.6189
0.0346493
0.0222141
0.0492099
3.23202
7.04799
0.0320174
0.214171
15.3727
0.0216351
0.0901063
0.146216
0.0446147
0.0221886
2.25318
0.0219152
0.0224669
0.0217249
0.0263984
0.355016
0.0220631
0.0221092
0.0222288
5.87322
0.0234151
3.11885
4.00812
4.56334
0.0238828
0.0222227
0.0228941
0.0221785
0.161569
0.0223032
0.0287896
0.0217366
0.0217856
0.0234454
6.7323
0.0517242
2.0202
0.0219831
0.0216557
0.0224125
2.25565
0.038125
4.47883
7.99495
2.01597
0.0214391
0.0220035
0.0255649
3.45833
0.0223065
1.12369
4.07811
0.0343789
0.0217196
2.10234
0.0222418
0.216613
0.208855
0.0448139
0.0240276
0.0217008
0.0218534
0.0324687
0.0219148
0.0220124
5.41126
0.0221328
0.0220056
4.85425
0.022138
0.0217719
0.0256564
0.024657
0.0219257
0.0222666
0.0219129
0.0220322
0.0219819
0.0217327
0.199627
0.0275758
0.104427
4.73306
0.0219132
0.0221028
0.0220222
0.0242784
0.0217987
0.362703
0.0228976
2.13161
0.0216151
0.0216087
0.0263874
0.0216495
0.189397
13.342
0.0375228
0.0251265
2.83073
4.55305
0.0219306
3.72232
0.0555501
0.021971
0.0216899
0.0219097
3.37702
0.516519
0.0216715
0.0219307
0.0434714
0.0218411
0.0219762
0.142324
0.0220848
0.0222293
5.48478
0.0219705
0.0215977
0.0220768
0.135837
0.0238663
0.0638921
0.0241439
0.0219875
0.0224736
8.24117
2.28426
0.0217192
0.0221715
1.8817
0.0940975
0.176399
0.0218151
0.0224541
0.02206
0.0219101
0.0349634
0.0283366
0.0222103
0.0223864
0.0220639
5.78036
0.0218796
0.0875971
0.0222931
0.0222912
8.11244
0.0216989
0.022037
0.0219296
0.0216621
0.0219053
0.0221024
0.0221711
0.0222813
0.0224038
0.0288784
0.0360392
0.0222915
0.0938576
0.794873
0.02156
2.06495
0.0559171
0.021676
0.0722976
0.0322291
0.0218548
0.0218126
0.0221498
0.022031
0.0218602
0.919808
0.0225192
0.0222525
0.021865
0.0236464
0.021804
4.95581
0.0239571
2.23016
7.53912
0.0279644
0.0220927
0.0218645
0.0217306
0.045869
0.0943747
0.0219099
0.0221162
0.0218778
0.0219154
0.0517548
0.022333
0.0271192
0.0220055
0.0215773
0.720288
0.0220444
0.0219923
0.0220085
0.0219183
0.0217185
0.0216155
1.86314
0.0222769
0.0221913
0.0216015
0.0222295
0.0216884
0.0307789
0.0219095
0.0216508
0.0240447
0.0217044
0.0217099
0.0738269
0.0219413
0.685241
5.53426
3.67951
0.115419
0.0218938
0.0221514
0.0218277
0.0219346
0.101229
0.092699
0.0219105
4.3619
0.0217553
0.0244701
0.0370137
0.130996
0.0216974
0.0218981
10.3712
0.119537
0.0581934
0.0217156
0.0219987
0.021926
0.0217854
0.0215324
0.0220713
0.026391
0.0216109
0.0222737
0.0220611
8.52977
0.0533436
0.136478
0.0214341
0.0219166
0.0224982
9.23837
0.0215804
0.0242588
0.0286497
0.051432
0.0222909
4.71156
2.04193
0.0219053
0.0214335
0.0222609
0.0223678
0.147999
12.3694
0.0216554
0.0220112
0.0219853
0.0220948
0.0473106
12.9739
0.0220532
0.0246891
0.118848
3.26396
0.0219113
0.0230997
3.70437
0.0214282
0.0219591
0.0219066
0.0220707
0.0218933
0.0216149
0.0218171
0.0219915
0.0714832
0.0631957
1.74221
0.0354988
0.034682
0.0241555
0.0278021
0.0297489
0.0418483
0.0219269
0.0217226
5.80936
0.0250958
0.0554454
0.0220672
0.0216436
0.722094
0.0220339
2.36414
0.024904
0.265476
0.0217334
0.0371108
0.0217257
0.0216959
0.0414572
0.026403
0.0270396
0.0219052
0.0224151
0.0220899
0.0218339
0.0247425
0.0216007
0.0219085
0.0223946
0.0220751
0.0218614
0.0219266
0.0542601
0.0440779
0.212877
0.0276791
0.0218898
0.0227295
0.0217877
2.06939
6.91885
0.0218127
0.0219526
0.0216648
0.052568
0.0220069
0.0220991
0.0238434
0.0444727
0.0220526
3.30459
0.0318777
0.022174
0.0220262
0.189565
0.0689958
0.156131
0.0219017
0.0218791
0.0219926
0.0220104
0.0306615
3.02632
0.0218434
0.0215916
0.0223468
0.208665
0.0220654
0.0218571
0.0224517
12.68
0.0216961
0.0216742
13.7751
0.0230108
0.0215239
0.0219435
0.0458072
0.0236018
12.1536
0.141822
0.0845546
6.98179
0.0218397
0.031134
2.02435
0.0218864
0.0217117
0.0219589
1.56988
0.216637
0.021692
0.0218239
0.0217284
0.0219441
0.0577401
0.0828569
0.0219998
0.0218029
0.0302742
0.0381159
0.0216625
7.59962
17.9093
0.0217982
0.0216501
0.0238567
0.0219103
0.0964963
0.03192
0.140512
0.0216627
0.0277077
0.0219254
0.0239561
0.022283
0.544671
0.0219619
0.0220693
0.0216737
0.0217936
0.021621
0.0215806
6.40062
0.039835
0.0339227
0.120191
0.366519
2.6796
0.417163
0.0216992
4.40155
3.60183
0.0220688
0.0221612
6.65895
0.0216824
0.0219182
0.148102
0.0369674
0.0226007
0.0317336
0.0216377
0.0217341
0.0302333
0.0541153
0.0224369
0.022061
0.629743
0.0229106
0.0219206
0.0219218
0.0222067
7.55277
0.210582
0.0219324
0.0219338
0.0216479
0.0218384
0.0263266
0.178575
0.265753
0.0271171
0.0218976
0.0216647
0.032059
0.0219668
0.645756
0.0218145
0.021844
2.4511
0.0794102
0.0217286
0.021733
0.177752
0.0319308
0.0220749
0.0219971
0.116638
0.0217354
0.102959
0.0227066
0.100862
3.41336
0.021418
0.0218168
0.0401664
0.0356161
1.519
0.021876
0.0615406
0.219325
9.32224
0.0220749
0.0678209
0.0758807
0.0219208
0.0219707
0.162657
5.35368
0.0224564
0.404284
0.0267813
3.62764
0.035004
0.066149
11.2202
13.9969
0.0219111
0.0220375
0.0506864
0.458655
4.78127
0.0241604
0.0268954
0.0216937
0.087428
0.0218814
0.0812356
0.0219241
0.0217313
0.0222333
0.0217143
0.0215067
0.0294709
0.265852
0.143829
0.0215613
0.10241
2.80784
3.33007
0.0217053
0.0333552
0.0856434
0.0218861
0.0225671
0.0228196
0.0215477
0.0303348
0.022276
0.104693
0.0220255
8.84976
0.0541583
0.467623
0.208602
0.0217824
0.0222611
0.0367039
0.0778248
0.0219759
0.0287136
0.0216455
1.36606
0.021661
0.169012
0.0220985
0.124254
0.0374566
0.388906
0.0218449
0.100221
0.0216977
0.0219642
0.0385223
4.03665
0.0288594
0.132586
0.0219078
2.17679
0.0300534
0.0347127
0.0219752
0.0215727
0.0358745
0.021876
0.0670399
0.0486206
0.0267274
0.0217683
0.262559
0.0217502
0.0218732
0.0569175
0.0319121
0.0214709
0.0217541
0.221646
0.0579752
0.0218045
0.0217248
0.0233737
14.9302
0.0467621
0.0223134
0.101269
0.0219025
0.0220486
0.0234908
0.0240496
0.0214395
4.41126
0.0226922
0.0218001
0.0223757
7.15737
4.38563
0.0248866
0.0215319
0.0218268
0.0218832
0.0386118
0.132886
0.0220014
6.9103
0.029772
0.0912729
0.0218795
0.0337433
0.0513143
0.0307717
0.080832
0.0560354
1.42596
2.17188
0.0730073
0.02197
0.021745
0.753203
0.0218118
0.0220449
0.222267
0.0220004
0.022162
0.126363
0.0216951
0.0217758
0.0218795
3.44368
0.0218068
0.489853
0.0273413
0.0278146
0.0277862
0.0292105
0.0218321
0.0291451
0.0471567
4.90105
0.0629963
0.0225381
0.0221321
7.68611
0.0362866
0.0217436
0.0966442
0.0219249
0.0219659
0.0285597
0.630278
0.218222
0.0215921
0.0806326
0.143801
0.021707
0.0220172
0.0219901
4.70769
0.0522131
0.0226037
0.0214632
0.10094
0.0218987
0.0616595
4.79203
0.0217099
0.24681
0.0222242
6.02227
0.0218164
0.0220493
0.219946
0.02174
2.12511
0.0257206
0.0223667
0.0217108
3.26632
4.36444
0.0220701
2.41647
0.0250332
0.0927615
0.0218221
0.0216073
4.29449
0.0219678
0.0357181
0.02184
0.0222388
0.0218751
0.0454549
0.0598728
0.147412
0.27228
0.0217068
0.0215398
0.0291638
0.0217154
0.0217273
0.0217476
0.0246235
0.0218297
0.0214577
0.0247095
0.0220385
0.0220347
0.031683
0.0216913
0.0221504
0.0218688
31.0458
0.0282684
9.33365
0.0678651
2.7154
0.273303
0.1761
0.0221381
0.0447601
0.0216931
0.0216868
0.0222322
0.0227449
1.72721
4.93148
0.024005
0.0218634
0.021644
0.0219246
0.0218175
0.189386
0.0270823
0.0218987
0.0218717
0.0221199
0.0220761
0.0218716
0.0240071
0.0220686
0.0219721
0.0308338
0.084282
0.175916
0.0473759
0.154564
0.102481
0.0218316
0.0441674
0.0448719
0.0259816
0.0215489
4.6135
0.0218238
0.0223647
0.0215446
0.0633944
0.02172
2.55253
0.0217669
1.25199
0.0217908
0.073282
0.0344048
5.91921
0.0218873
0.106317
0.0217153
0.0592732
0.0466235
0.0220284
0.0218276
3.25491
0.0695568
0.0220263
0.0220105
0.021826
0.270149
5.79076
0.0217586
0.0220169
0.0217521
0.0695477
0.0217722
0.0327406
0.022125
0.13584
0.0220863
0.0250188
0.0225188
0.0219705
0.0223372
0.0219289
0.0234003
0.0220625
0.0218523
0.137961
0.0874766
0.0283998
1.28762
0.0217075
0.0216828
0.070697
0.0220171
0.0216847
0.0221559
0.0220968
0.0269343
0.0831216
0.0290468
0.0217028
3.74451
0.108604
0.0417914
7.68513
0.0617837
2.06536
0.0219248
0.0905575
0.0217264
0.213828
0.0219116
2.54444
0.0214899
0.0419605
0.0219904
0.0235756
0.0248313
0.0216936
0.0219292
0.0216462
0.0218602
0.0218604
0.0218758
0.0220602
0.0261866
0.270841
7.2105
0.561268
0.0220956
0.0237841
0.215657
0.0216086
0.0910881
0.021818
0.0215106
5.84835
0.0242956
0.0220386
0.0218691
0.0218919
0.0885095
0.0322469
0.0216869
0.021753
0.0238929
5.47958
0.0220409
0.0220221
0.0220731
0.021963
0.0216359
0.0218791
9.41506
0.0219023
0.460113
0.0217161
0.137706
0.17582
2.30543
0.0833904
0.0221956
0.44366
0.0218651
0.0219552
0.0335538
0.0219168
3.62185
0.0218273
0.025166
0.0220753
0.0220285
2.1976
11.6164
0.234001
0.0214414
19.9524
0.0515486
0.0216252
0.0415934
6.20753
0.0223439
7.27063
0.0234253
0.022554
0.0215955
4.33257
0.0222147
0.0688627
0.0337195
6.64766
0.0927646
7.69253
0.0219688
0.0218668
0.0590515
0.0344252
0.0313768
0.311757
0.0242042
0.0215964
0.150911
0.0219591
4.88904
0.0218404
0.0218117
4.00492
0.0511954
0.163445
0.0219248
0.0214473
0.0220275
0.0214662
0.0221894
0.0219182
1.77295
2.49619
0.685417
0.0219148
0.021923
0.0527852
0.0366782
0.0349567
0.0219354
0.0220888
0.0220344
0.0426244
0.0219696
0.0222662
0.0216956
0.0498662
7.83191
3.13841
1.51041
0.144483
0.0250233
0.0217792
0.091997
2.21434
0.100544
0.0225192
0.0218385
0.0335856
0.0216208
0.0236816
0.663748
0.0580442
0.0216864
0.0241754
4.53632
3.03867
0.0226924
0.0216865
0.0223238
0.0822186
0.0217016
7.49545
0.0215088
0.0217114
0.0223849
0.0507148
0.0651272
0.0219938
8.01258
0.975532
0.0459226
0.0216038
0.0484061
2.37676
0.583638
0.0219294
2.59447
0.0364043
2.62646
5.42153
0.0224328
0.0216648
0.0214464
0.0275942
0.0221365
0.0220517
0.191276
0.0216377
0.0217235
0.254221
0.0219968
0.0219392
0.02363
8.4281
0.0247051
0.0330911
0.0398341
2.54553
2.87632
0.0216426
0.0216364
0.021523
3.62292
0.478974
0.0218543
0.0219213
0.0219188
0.0237161
0.0225758
0.0216505
0.0218133
0.0217811
0.0219426
0.0523621
0.0220114
0.284138
0.0224349
0.0217932
11.7513
0.0216635
0.310956
0.021516
0.0327504
0.0218435
0.176303
0.0221939
0.0218113
0.0222841
0.0318225
0.0219029
0.0218373
0.0241199
0.0218866
0.14658
0.0219578
0.0350244
1.8572
1.27303
5.11878
0.0219109
2.19554
0.0361959
0.022756
0.0222026
0.0216056
0.0218558
0.0216674
0.0233238
0.0553615
0.0227029
0.0239943
0.0214593
14.2156
0.335142
0.0601074
0.0219333
3.06552
0.0218855
0.0365675
0.0216508
0.0214474
0.0297719
0.0342628
0.0217228
0.0218378
0.0217515
0.0299021
1.16007
5.04922
0.0219515
0.0257081
0.0219673
0.021535
0.03397
0.0222073
0.0236123
0.0218693
0.0216846
0.0976991
0.0982328
0.0219069
0.02172
0.0236501
0.0581487
0.0217064
0.0267103
0.0218638
0.0884745
0.0222231
0.0251322
0.0215153
15.2879
10.1272
0.110184
0.163679
0.0242986
0.0258818
0.0216314
0.0220741
2.9268
0.0223773
0.0306901
0.0216482
0.0234069
0.0222633
0.0256192
0.0214576
0.0230357
0.0621525
0.242167
0.0223827
1.61554
0.022296
0.0219091
0.162677
4.47504
0.0295129
0.0220055
0.021804
0.0216685
0.0217043
0.0220242
0.0221527
0.077799
0.0217543
0.022001
0.0234547
0.0218463
0.0269444
0.0773945
12.4964
0.0216987
0.0498335
0.023221
0.0233465
0.0276189
0.0230699
0.022075
4.43825
0.146917
0.0785167
0.0218747
0.0216212
0.0224881
0.0330197
0.0220359
1.49217
0.0219043
2.31307
0.0242738
0.447376
0.0255054
2.10534
0.0312286
0.0261923
0.0473017
0.0305474
10.5213
0.0362555
0.0408299
0.0220212
0.34124
0.021658
0.0393561
0.022005
0.0246109
0.0516177
0.240914
0.021501
9.47754
0.0498224
0.0218859
8.50672
2.97534
0.0220615
0.055625
7.60396
0.0239379
0.0219794
0.0220952
0.0304281
0.0220444
0.0220865
0.208944
0.0220488
0.0217747
0.0350815
0.0681826
0.0215871
0.0219334
2.07458
2.07342
0.108763
0.0216821
0.0218212
0.0218552
0.0723709
1.58692
0.0224772
0.0216756
3.12261
3.68813
0.0588209
0.0530494
0.546738
0.0217522
4.71206
0.0218499
0.0220312
0.0247179
0.0310429
0.0215986
4.57585
0.0235686
0.0250387
0.0319175
0.0247719
0.0224642
0.0224014
0.0229413
0.0218589
0.0219478
0.0223577
4.07691
0.0238064
0.021492
0.0633204
11.7808
0.0224256
0.0223016
0.0216337
0.022019
0.0220545
0.021587
0.0218452
0.100382
0.0243648
0.0215453
0.0399425
0.021942
0.0215095
0.0318834
0.0246555
0.0644902
11.3479
0.0569715
0.0252055
3.66964
0.0592186
0.0220188
4.42027
0.0938265
0.0221946
0.023799
2.46231
0.0301158
0.173257
5.72843
0.0655245
10.4318
0.0215779
0.0218716
6.31772
13.6057
0.0257167
0.0239986
0.0221063
0.0311322
0.0290367
0.0506408
0.0298448
0.022002
0.0219295
0.0222256
1.48308
6.77768
0.02193
4.80312
0.02147
0.0216376
0.161998
0.0219432
0.0219204
0.0220716
0.0216265
0.0215323
0.0253491
0.0218417
0.0222386
0.0241517
0.0217574
0.0228702
0.0217917
0.0220877
0.0218807
0.0803693
0.0215343
0.0222652
0.341041
0.0217471
0.0312958
0.021902
0.0311957
0.108046
0.117035
0.0380804
0.0219073
0.0250643
0.0219541
0.0223157
0.0219606
0.0219827
0.0887035
0.861552
0.0218577
0.106653
0.193579
0.380367
3.99538
2.12945
0.0219872
0.0222864
0.0219934
9.38283
0.281362
0.0897148
4.55723
0.0237215
0.0221181
0.0250509
0.0217167
0.0248046
0.562056
0.0219773
0.0217573
0.0872977
0.0218906
0.0271281
0.0219342
0.0261967
0.0215929
7.93938
0.999844
0.021452
0.0551552
0.0218125
0.0219918
0.0220232
0.0246095
0.0623512
0.0221216
0.281311
0.0337233
0.0245008
0.021553
0.0225792
0.0221763
0.022005
0.0221264
0.0218728
6.54045
0.0633944
0.0216769
0.0219719
0.0219453
0.0247258
0.0220552
0.0246147
0.0298986
0.0296349
0.0224351
2.18417
0.0224063
0.0217182
0.0222468
0.0623516
0.0220637
0.0500242
0.0220829
0.0215116
0.0219096
0.0249112
0.0219683
0.0222399
0.0218407
0.0222927
0.0217507
0.021564
0.0222867
0.0984018
1.76966
0.0220755
0.75653
0.261644
0.023976
0.0664172
0.021901
0.0216172
0.0222707
0.0504045
0.0287447
2.447
6.52829
0.0237436
0.0220506
0.0214643
0.0219182
0.0924434
0.021858
0.0600335
0.0219854
0.0265273
0.0214688
13.2481
0.021679
0.0294806
0.516646
0.0219695
0.0219733
0.0348112
0.0221453
1.31037
0.0220692
0.382395
0.0221509
0.130222
0.0295647
0.022468
0.0407129
0.026992
0.0218953
0.0221365
0.0219169
0.0217203
1.42083
0.0217146
0.0474518
0.0224562
0.0602748
0.0246643
0.0219364
0.0287556
5.2323
0.150489
0.0464704
0.0474812
0.41525
1.18851
0.0218481
0.022295
0.147954
0.0218731
0.0216531
0.0219725
0.0269122
0.0220606
4.02916
0.0220521
0.0222923
0.0222907
0.0223726
0.022539
4.38161
0.0218792
1.97423
0.0219178
0.0731053
0.0221388
0.0218722
0.0215512
0.408387
0.0217973
0.0237454
0.045329
0.0215261
0.0220034
1.03106
4.59294
0.0229196
0.0304712
0.022078
2.70262
0.0219984
0.0619065
3.38725
4.40651
7.42816
0.0218317
0.0222954
0.022241
0.0219167
0.0219539
0.0220679
0.0214566
0.0222424
0.0218198
0.0218766
0.0696212
2.57789
0.0583724
0.021453
2.62092
0.9113
0.0218242
0.0220933
0.0218842
9.2606
0.0218673
0.0218664
0.02179
0.021986
0.0468858
0.0218998
0.0867784
0.0389024
4.87798
0.0215607
0.0336765
0.130817
0.690078
0.679012
0.0489088
4.40579
0.0745373
0.0220086
0.0217114
0.0220149
0.0222523
0.0226679
0.0828612
0.0530585
0.0220703
0.0890778
0.0215815
0.061747
0.0218826
0.181897
0.0220337
0.0218966
0.0219918
0.0437736
0.0220038
6.16417
0.0214373
0.0240081
0.021849
0.0373795
0.0499363
0.033853
0.0619565
0.0710977
0.0218827
0.0240723
0.0255153
0.125138
0.0220395
0.0240516
0.0217011
0.197478
0.0267461
0.0242634
0.0689364
0.0217044
0.0403341
0.0551171
0.0225269
0.0243039
13.902
0.022138
0.174548
0.0223974
0.0219295
0.232598
0.0220616
0.0217234
0.0951701
0.0228865
0.0219307
1.9691
0.0234829
0.0219113
0.0333357
0.0221946
0.0219394
0.0282713
0.0861193
1.77654
0.022128
0.0841332
0.0221003
0.085965
0.0433181
0.0302991
0.0217177
0.0219206
0.100116
0.109449
0.0218899
5.62361
3.89255
0.0439885
0.0216782
0.0299608
0.0769369
0.0336269
0.0221114
0.0649285
0.0231685
0.0217057
0.0219066
7.68139
0.0653447
0.339072
0.0216787
0.0233313
0.0295111
1.4025
0.0219285
0.0216803
0.0300454
0.148231
0.100552
0.0216542
0.044404
0.465829
0.0217086
0.0245928
0.118498
0.02264
0.258446
2.08134
0.0339134
0.0220089
0.0392176
0.0218423
0.0602455
0.0224666
0.0217616
0.0218756
2.48815
0.117029
0.0454254
0.0224402
0.02164
0.301261
0.0616034
0.0218486
0.808679
0.415437
0.065455
0.022199
0.0267756
0.0222468
0.0225114
0.021805
0.0264163
0.0216923
0.0247003
0.0220851
0.0619461
3.00996
0.0215917
0.040178
0.0222325
0.0218887
0.0218345
3.98017
0.112099
0.0351579
0.695371
0.0216238
0.0418878
0.021904
0.0953636
0.0805799
0.0309525
0.0356768
0.0331515
0.0215909
1.27465
0.0435883
0.0758684
0.0219598
0.0322202
0.0218721
0.0567055
0.0421892
0.0457964
0.0890893
0.0237174
0.0608863
1.98854
0.0410308
0.0216355
0.106662
0.0217014
0.0219724
0.02183
0.0271694
0.0240073
0.632257
0.0316291
5.90591
0.0222469
0.0218245
0.0216296
0.0218735
0.0236285
0.0219993
0.0215859
0.0333421
0.0415835
0.0218344
0.0236324
0.0225661
0.0219077
0.0269818
0.0218327
1.59565
6.90521
0.0317299
0.021668
0.0372651
3.15443
0.0218397
0.0259264
0.021852
5.18481
0.0216652
0.0220166
0.0219
0.0365776
0.0660938
0.0219508
0.0219373
0.0254422
0.0219803
0.0215827
0.0219558
0.0218381
0.152358
0.0216771
0.0218354
0.0257008
0.025093
0.0219393
0.0219856
0.0215761
0.0264598
0.0220799
0.0285307
0.331854
0.0215995
0.0214563
0.0220891
0.554265
0.0787406
0.0238597
0.0223702
0.0218373
5.27421
0.0225254
3.21461
0.0736692
0.0223282
0.0223333
0.0252141
0.0216466
2.9004
0.046009
1.97033
0.0219947
2.12178
)
;

boundaryField
{
    frontback
    {
        type            empty;
    }
    topbottom
    {
        type            fixedValue;
        value           uniform 0.0223;
    }
    outlet
    {
        type            zeroGradient;
    }
    inlet
    {
        type            fixedValue;
        value           uniform 0.0223;
    }
    walls
    {
        blending        binomial2;
        n               2;
        beta1           0.075;
        type            omegaWallFunction;
        value           nonuniform List<scalar> 0();
    }
    procBoundary2to0
    {
        type            processor;
        value           nonuniform List<scalar> 
165
(
12.5579
20.7808
20.7808
0.166377
0.0220357
9.59696
4.39961
16.1347
8.36922
13.1259
22.24
0.0293068
0.0293068
0.0219698
0.0219923
31.2705
0.0219851
4.9406
1.89685
0.0260365
0.0229603
0.0229603
0.137233
1.67171
17.2321
0.0227738
0.105428
15.143
1.91234
0.0232251
9.94946
0.0220727
1.86438
1.86438
1.76078
0.0220084
15.8597
0.0219435
0.0857007
0.0693075
13.557
16.4057
1.77494
0.0221042
0.490661
0.490661
0.0219459
1.60672
0.0465073
1.55717
0.794769
0.0220945
1.49652
0.025153
2.00345
2.00019
2.00122
0.0248041
0.0241993
0.0221272
12.6731
0.320976
1.55268
0.02198
0.022044
0.0220639
10.2706
11.7787
0.021961
0.0563903
0.0223694
0.0238769
0.0219361
0.0219543
1.99589
0.0222869
0.0423756
0.0219596
0.0221374
0.0226252
0.0219698
0.0222673
0.0563903
0.0633709
0.0219459
0.0273451
0.320976
15.1694
0.021931
0.0219323
1.82704
0.0220094
1.62884
0.0224719
0.0316931
0.0221722
0.0267674
0.0857007
0.0508487
0.0219399
0.0332119
0.022208
1.50467
1.9958
0.0220857
0.0423756
0.0220421
1.70335
2.0046
1.99945
0.022274
0.0221615
0.0219304
2.0019
17.2146
16.3866
14.3449
1.99689
1.62884
0.023473
18.3726
0.0370397
0.0393141
1.99732
0.021928
15.7551
17.4796
17.278
0.0221983
0.0349026
0.0219276
1.64246
0.0222463
16.6972
0.0306248
16.7441
0.222528
0.105428
0.0221324
0.0220168
1.48741
0.0221967
2.17509
16.5786
20.8413
10.1783
1.88533
16.3681
14.5253
8.81879
15.1482
20.262
17.127
10.667
1.46901
16.558
2.37778
0.0306248
14.2134
25.1246
0.0222329
1.45226
1.27584
12.9199
17.8053
)
;
    }
    procBoundary2to1
    {
        type            processor;
        value           uniform 2.0521;
    }
    procBoundary2to3
    {
        type            processor;
        value           nonuniform List<scalar> 
73
(
0.0227088
0.0224701
0.0214515
0.0214279
0.0425083
0.0425083
0.0240607
0.0862498
0.0588383
0.216301
0.0222813
0.0222813
0.71346
0.0218299
0.0224701
0.0341073
0.038828
0.038828
0.0215417
0.0263346
0.02731
0.0213945
0.0217552
0.0220379
0.0238802
0.136588
0.127468
0.0219259
0.0214408
0.0235857
0.0675224
0.0286494
0.0214205
0.0217515
0.0215131
0.0358075
0.0255133
0.0232027
0.0221283
0.0216913
2.27185
3.60614
0.0319663
0.0214008
0.0214878
0.0213888
0.0530058
0.0214118
0.0215877
0.0910626
2.27185
0.0216354
0.0473769
0.0213928
3.81851
3.81851
0.0229358
0.0248039
3.60614
3.48724
0.021467
0.0214057
0.0773439
0.0473769
0.0302197
3.48724
2.99477
0.116907
0.0214137
0.0215078
2.28909
2.60818
0.0215551
)
;
    }
}


// ************************************************************************* //
