/*--------------------------------*- C++ -*----------------------------------*\
| =========                 |                                                 |
| \\      /  F ield         | OpenFOAM: The Open Source CFD Toolbox           |
|  \\    /   O peration     | Version:  v2012                                 |
|   \\  /    A nd           | Website:  www.openfoam.com                      |
|    \\/     M anipulation  |                                                 |
\*---------------------------------------------------------------------------*/
FoamFile
{
    version     2.0;
    format      ascii;
    class       volScalarField::Internal;
    location    "700";
    object      V0;
}
// * * * * * * * * * * * * * * * * * * * * * * * * * * * * * * * * * * * * * //

dimensions      [0 3 0 0 0 0 0];


value           nonuniform List<scalar> 
9793
(
0.0334278
0.00144294
0.0892337
0.00114519
0.186507
0.0069897
0.0091476
0.00216156
0.0527673
0.00154629
0.161501
0.136426
0.140704
0.00495608
0.0889743
0.0379429
0.0166881
0.0865014
0.00167732
0.11887
0.103447
0.179901
0.00189873
0.00171511
0.00449389
0.0228246
0.140657
0.203613
0.0983801
0.00864849
0.00129544
0.00616891
0.102268
0.101977
0.167528
0.021741
0.0388285
0.0205779
0.00363616
0.0220499
0.0106072
0.0041393
0.00176047
0.175149
0.0819307
0.113157
0.00153425
0.170278
0.076805
0.0974556
0.028126
0.151575
0.0187152
0.173865
0.0170193
0.00197648
0.134724
0.0120121
0.0682226
0.179812
0.0179944
0.00547087
0.0927296
0.0274731
0.168194
0.0603922
0.00131353
0.0331087
0.0386261
0.00337034
0.0469132
0.0043181
0.00185633
0.0166373
0.00494651
0.162007
0.0113846
0.00367764
0.085242
0.156589
0.00738911
0.00200837
0.0146405
0.0320285
0.036963
0.00587838
0.158962
0.0189386
0.0035955
0.00578043
0.0020533
0.00336403
0.00433461
0.0159385
0.00216689
0.0941914
0.00461064
0.012932
0.028565
0.187412
0.00364435
0.0201753
0.0156427
0.0877337
0.00548275
0.00275574
0.0194778
0.125275
0.0863845
0.180387
0.143483
0.00201184
0.00182106
0.00118391
0.0518517
0.130095
0.0499112
0.0990507
0.00185309
0.0824092
0.00669093
0.019244
0.00367389
0.0182083
0.0457581
0.0929092
0.0127526
0.00150598
0.0109386
0.0123148
0.034059
0.102103
0.0362988
0.0366612
0.0295385
0.00596641
0.0063839
0.0411153
0.178196
0.00888733
0.00193525
0.020615
0.0603893
0.0182494
0.00147082
0.00356586
0.0956657
0.00210641
0.0850343
0.0825962
0.144167
0.00245562
0.035029
0.116324
0.0576489
0.00368509
0.0128408
0.0965797
0.00486734
0.058437
0.0180296
0.0332366
0.0788441
0.00233489
0.0595338
0.0041152
0.0156342
0.0517443
0.134806
0.169318
0.049592
0.00171435
0.00186486
0.00644652
0.127144
0.00794362
0.00588044
0.00231205
0.0995232
0.033777
0.0069976
0.00142879
0.0165723
0.0985487
0.100901
0.128134
0.00489932
0.00179781
0.00228926
0.0146012
0.0568241
0.00107128
0.00208501
0.0203637
0.06794
0.0321188
0.00197699
0.105606
0.0664574
0.148063
0.0496813
0.0637271
0.0248625
0.0312845
0.00217886
0.0512884
0.0209548
0.0483972
0.0417161
0.00287905
0.0123658
0.00196975
0.109159
0.00259834
0.0295396
0.0289701
0.0709257
0.00642386
0.136862
0.00880289
0.0109184
0.0796036
0.0019283
0.00813522
0.0124006
0.0918543
0.0170167
0.0114135
0.00866056
0.0064144
0.00240017
0.0124156
0.0316942
0.0225692
0.00232356
0.0807429
0.00124816
0.00139932
0.102157
0.153878
0.00467596
0.0765487
0.116396
0.0123762
0.0119611
0.0599314
0.0275009
0.0192595
0.0146406
0.0281736
0.0936978
0.0121904
0.00176537
0.092588
0.00848073
0.14212
0.156848
0.133022
0.00199699
0.076509
0.00317855
0.00312265
0.162527
0.125879
0.00421555
0.161578
0.155113
0.159738
0.00248736
0.00329661
0.0242964
0.00356174
0.0115042
0.0158503
0.00149767
0.0523592
0.00123928
0.176246
0.0124581
0.00109339
0.00462616
0.00537923
0.0117273
0.0340285
0.0141578
0.0322036
0.074216
0.0419076
0.00363206
0.0170138
0.108998
0.170716
0.0863071
0.13574
0.0915523
0.00095862
0.126039
0.0826698
0.110208
0.116141
0.00136794
0.00311982
0.00555155
0.0301716
0.0170916
0.149883
0.0163026
0.00212916
0.0745901
0.00462873
0.0270128
0.0762703
0.00124248
0.0155585
0.0998776
0.0121115
0.00124299
0.0454559
0.0106509
0.0855544
0.0423759
0.0106881
0.0140144
0.110254
0.0884998
0.0330218
0.0050123
0.00144877
0.075186
0.119566
0.0636131
0.00144061
0.00162882
0.00200317
0.0802068
0.0125701
0.010672
0.00211397
0.0105644
0.0790885
0.0742995
0.0715285
0.0144542
0.0554918
0.00156863
0.104897
0.106465
0.00918034
0.00130569
0.00255121
0.152426
0.00305822
0.02995
0.00119794
0.00204945
0.00203
0.0313457
0.0167097
0.00614776
0.00201413
0.001764
0.0116775
0.19924
0.0212161
0.0706153
0.130595
0.0554573
0.137029
0.172335
0.00216862
0.154496
0.0122166
0.0214405
0.00758748
0.0668914
0.0283077
0.00128477
0.00274261
0.0058197
0.0134724
0.104433
0.0288957
0.0911784
0.00416311
0.146293
0.00316099
0.00556387
0.00710997
0.00159493
0.0111283
0.144044
0.0872426
0.00561842
0.00421348
0.0556793
0.00176481
0.144956
0.137946
0.00143537
0.0975429
0.01121
0.0789836
0.0132235
0.110214
0.0506269
0.00823059
0.00407863
0.0217162
0.0191868
0.140629
0.0619461
0.002923
0.0128008
0.100351
0.138417
0.0126602
0.0109852
0.0236499
0.00126539
0.141187
0.0766069
0.003517
0.145693
0.00167496
0.00260004
0.095326
0.103854
0.0422736
0.162367
0.0737169
0.00419895
0.00719963
0.0037996
0.0135074
0.045052
0.0168157
0.0196741
0.00195276
0.0175967
0.187772
0.0284167
0.00382822
0.0516964
0.0452118
0.0477198
0.147715
0.111864
0.0695846
0.095512
0.158585
0.037187
0.0285039
0.0107495
0.137507
0.00204407
0.0220442
0.00439561
0.00148096
0.0691319
0.00969125
0.00948191
0.0652996
0.12121
0.052891
0.00767538
0.0101343
0.136309
0.115121
0.139123
0.00398142
0.00609076
0.00304569
0.167567
0.0429336
0.0128062
0.00136776
0.00383657
0.0176423
0.0351793
0.0079593
0.00374081
0.00899717
0.046167
0.0928342
0.00231052
0.0878676
0.00556978
0.00510237
0.108613
0.00414645
0.0233357
0.00212846
0.0693294
0.00209516
0.00531545
0.0372961
0.00449426
0.0874233
0.00226394
0.125915
0.0851196
0.155879
0.0895451
0.00458314
0.0827723
0.0770569
0.0313067
0.0844171
0.0906151
0.011533
0.0432684
0.0236643
0.106844
0.132107
0.00137668
0.00436882
0.0230647
0.00726561
0.0317716
0.0515814
0.0722546
0.0646088
0.00208515
0.0735686
0.166273
0.00129687
0.00300588
0.0141945
0.118647
0.170867
0.0444977
0.159419
0.00772259
0.0411125
0.0146028
0.0367044
0.00158855
0.15349
0.00123398
0.163209
0.00474287
0.0667745
0.0205939
0.00153691
0.131061
0.00361198
0.0740453
0.166225
0.0957388
0.00610432
0.00188726
0.0472473
0.0220378
0.0706879
0.00754725
0.116881
0.00958254
0.00228243
0.0156806
0.153681
0.01018
0.13258
0.0397208
0.070243
0.012024
0.13032
0.0078912
0.142287
0.056139
0.0205696
0.00620268
0.00713817
0.0803479
0.00126014
0.0820135
0.00562576
0.0644457
0.0573479
0.0933898
0.141625
0.169385
0.00341592
0.0320917
0.00357997
0.00701479
0.0116906
0.0166506
0.00144868
0.0347361
0.0062684
0.00127948
0.00454862
0.00233498
0.00572415
0.00516863
0.0424409
0.00120346
0.0236797
0.062391
0.00336956
0.13687
0.00312575
0.0167768
0.0071874
0.011594
0.00144018
0.00185712
0.0238915
0.00809245
0.147611
0.00303129
0.0241436
0.0631954
0.052232
0.04548
0.0137945
0.00236918
0.00371956
0.00155225
0.0348272
0.0234509
0.00246164
0.0034099
0.0382715
0.0123635
0.0309039
0.0014676
0.0107739
0.0945101
0.00456846
0.00443054
0.00172092
0.135423
0.022977
0.00282246
0.0245585
0.00430056
0.0182713
0.00800647
0.0210874
0.0332765
0.0625409
0.0667
0.0119883
0.167533
0.010564
0.00765548
0.00726045
0.156249
0.151384
0.0428955
0.0473096
0.146165
0.0665306
0.00743266
0.00792599
0.00388831
0.136927
0.00458449
0.127706
0.00135784
0.0214224
0.0102466
0.0113707
0.00560968
0.105486
0.112501
0.0101198
0.0749884
0.0613055
0.0148725
0.00342902
0.0478006
0.0122966
0.00485681
0.0250084
0.0109074
0.00432017
0.0682121
0.0130316
0.0311661
0.0441873
0.0955886
0.00504878
0.00490496
0.00184276
0.0501478
0.0794712
0.0873408
0.0421894
0.0453622
0.0301432
0.00232105
0.0230289
0.14306
0.00385067
0.0227776
0.013485
0.0671475
0.00114292
0.0366565
0.11772
0.00589272
0.00156945
0.0921691
0.0955908
0.0909425
0.0356418
0.102928
0.0218757
0.00558226
0.0496533
0.0105721
0.0397805
0.0581059
0.00668744
0.00205107
0.0103814
0.1239
0.0697987
0.00972854
0.0174013
0.00856807
0.0962146
0.0704311
0.00134988
0.0164018
0.0219615
0.0109292
0.0069662
0.0804852
0.154723
0.0463576
0.00150896
0.165761
0.16897
0.00204528
0.0118325
0.00512914
0.0111777
0.113834
0.00186517
0.123358
0.0700647
0.0598908
0.0185639
0.00114466
0.139385
0.0733114
0.0674672
0.0857995
0.124726
0.0458671
0.00200293
0.0161642
0.0369109
0.142312
0.0173424
0.00885051
0.0325672
0.0124798
0.1601
0.0831834
0.0364232
0.00168391
0.0071865
0.0427959
0.00158498
0.143584
0.0214323
0.00341495
0.00175797
0.0779192
0.136716
0.00189166
0.0127902
0.117591
0.154588
0.00793637
0.165391
0.00994561
0.101797
0.00220238
0.146508
0.15142
0.115886
0.0199912
0.0473888
0.0235035
0.0114738
0.0035293
0.0813768
0.115824
0.147902
0.0676274
0.0336282
0.0488733
0.0183546
0.107871
0.013034
0.00668522
0.0145571
0.0118527
0.14069
0.0605239
0.00121524
0.0112166
0.0920878
0.00860249
0.00127004
0.0573095
0.0733229
0.0904836
0.00711089
0.0146126
0.00181209
0.113578
0.0313624
0.13591
0.036319
0.146687
0.00725462
0.0380924
0.00517056
0.132115
0.00905449
0.135013
0.0362905
0.061687
0.0271454
0.00414945
0.00144057
0.0172005
0.00861589
0.0191938
0.0716326
0.00169237
0.00134114
0.0156249
0.0638648
0.119495
0.00151134
0.0878165
0.000843721
0.0771548
0.0266723
0.0516438
0.114034
0.0694145
0.004263
0.00179571
0.00105782
0.00404456
0.00134191
0.0902628
0.00633849
0.00244571
0.154017
0.0581685
0.114862
0.0077804
0.0909965
0.00193893
0.0126349
0.00860864
0.0515599
0.00362233
0.00117979
0.0018286
0.0189434
0.0196915
0.131266
0.00237975
0.0883452
0.00214779
0.0049512
0.00664098
0.00297687
0.00378823
0.0317042
0.038239
0.131651
0.0210212
0.00209313
0.00165541
0.107576
0.00132572
0.0354666
0.0106887
0.0038179
0.00414797
0.0046508
0.0683467
0.0189592
0.0227767
0.0406039
0.0379982
0.00713786
0.147448
0.00250714
0.128144
0.076365
0.00849086
0.0116827
0.00818866
0.0339728
0.00210154
0.00258112
0.00413907
0.0118765
0.118915
0.0366638
0.101143
0.0648801
0.00352712
0.00971406
0.0346188
0.0615809
0.0228705
0.00169045
0.0290584
0.0515396
0.0025745
0.0967923
0.11897
0.0843792
0.0177517
0.0915187
0.0345692
0.00127566
0.010552
0.169791
0.00122373
0.00410205
0.10603
0.0417297
0.0187582
0.150082
0.12448
0.082639
0.00278506
0.0161246
0.0423732
0.0174732
0.00994298
0.00320951
0.0462671
0.00699292
0.125143
0.0976063
0.002208
0.00741431
0.0110434
0.0515253
0.0847474
0.00147329
0.00368703
0.00525933
0.0013258
0.135564
0.0406324
0.080759
0.00106592
0.0250149
0.0100339
0.026287
0.061451
0.0397689
0.140099
0.119471
0.0088254
0.0976328
0.00653333
0.125473
0.0417717
0.0724175
0.0396125
0.00409279
0.00139318
0.0194897
0.00125256
0.118904
0.0123177
0.0316906
0.00467765
0.0629624
0.0735163
0.0144518
0.0143524
0.012543
0.137558
0.00897673
0.00427496
0.00311699
0.0441035
0.00716097
0.0019348
0.026843
0.00417408
0.00830277
0.00774034
0.0721354
0.0270952
0.0160954
0.00683932
0.118317
0.0184198
0.107757
0.144014
0.045758
0.0794657
0.0405755
0.07605
0.00217102
0.0248968
0.0358561
0.0112985
0.0863345
0.0615721
0.0145643
0.00462173
0.00535577
0.0103047
0.00641036
0.135469
0.00201679
0.0202553
0.0014673
0.00973633
0.132906
0.0506733
0.0333532
0.00195528
0.00151451
0.0105057
0.0060534
0.0917221
0.0599681
0.139411
0.135973
0.0012427
0.0237841
0.0616051
0.00789402
0.00261309
0.00569619
0.0366505
0.0144097
0.00630016
0.0171481
0.0244015
0.0023917
0.0053972
0.0520379
0.00431367
0.00724791
0.00795209
0.00311875
0.0195426
0.0371199
0.1408
0.0675791
0.0411329
0.0112805
0.00136374
0.0122957
0.162726
0.00542976
0.114242
0.00123282
0.00115934
0.117012
0.00131664
0.146274
0.0721614
0.0486018
0.00377463
0.00225596
0.0174668
0.0124219
0.0683715
0.00444138
0.149945
0.0186863
0.127225
0.0371717
0.0617906
0.0071128
0.0360794
0.00699871
0.0193037
0.128429
0.00285782
0.00647253
0.0244781
0.0247492
0.032977
0.00209851
0.00907744
0.0545082
0.080773
0.0390696
0.0329276
0.00113176
0.00286423
0.00575397
0.0258062
0.0931347
0.00259508
0.00907498
0.0509609
0.00205794
0.0943797
0.00806916
0.00146626
0.0922687
0.0012183
0.00187111
0.00655951
0.00124577
0.00700233
0.0607141
0.0357578
0.00183837
0.00226174
0.0388341
0.00143525
0.0214744
0.0726225
0.108634
0.0370354
0.0185929
0.0265294
0.00306773
0.00136356
0.00380071
0.0120306
0.166005
0.00909083
0.0014731
0.0813057
0.00128717
0.00953428
0.137164
0.0272629
0.140231
0.0457502
0.0127689
0.00163425
0.0354512
0.101025
0.00146624
0.00394435
0.0148191
0.157819
0.0113456
0.0729999
0.126904
0.0075368
0.00346907
0.121469
0.103194
0.00649278
0.00113129
0.00936257
0.043569
0.00251469
0.0391324
0.115109
0.0446447
0.125819
0.0935948
0.101518
0.00205958
0.0158755
0.0195122
0.00177628
0.0157756
0.00392761
0.0031313
0.00415013
0.00880471
0.0442379
0.144272
0.0438873
0.13496
0.00711092
0.111812
0.0041498
0.0200061
0.00763422
0.0977888
0.00209791
0.0089176
0.00178051
0.128605
0.00172358
0.0251581
0.00847269
0.00582973
0.0179317
0.111853
0.0028427
0.0150112
0.00374038
0.0918313
0.00746124
0.0992403
0.00168523
0.00275548
0.0108011
0.0727459
0.0942302
0.0043223
0.00130859
0.021526
0.0723786
0.0082768
0.00622453
0.015744
0.0168904
0.00446177
0.0584395
0.0117951
0.0683972
0.0212686
0.0856858
0.0030997
0.0778062
0.0441892
0.00601244
0.00131961
0.129657
0.0116113
0.0260044
0.00595169
0.13301
0.00381703
0.01827
0.00890532
0.0569936
0.133818
0.00155762
0.0255944
0.00178157
0.0134094
0.00127273
0.0310967
0.0676418
0.0803049
0.0250536
0.0193904
0.0200455
0.00116018
0.0340498
0.015553
0.00778218
0.117697
0.0594644
0.0161658
0.00600245
0.00110308
0.0614792
0.0019339
0.127129
0.00526909
0.00182585
0.0154509
0.074697
0.0749577
0.0134612
0.00361667
0.0301768
0.165527
0.0425528
0.0161829
0.0415584
0.00246713
0.00158661
0.00136221
0.121508
0.0228476
0.00246102
0.136579
0.00553457
0.0794821
0.0040678
0.0141726
0.0614034
0.00903615
0.00360978
0.0461302
0.0134066
0.0705546
0.00843265
0.0042355
0.00573744
0.00272052
0.0975171
0.0284895
0.00217192
0.0551178
0.0091434
0.0124697
0.0340142
0.0860068
0.00262242
0.0153412
0.00306132
0.0456929
0.00608228
0.0445224
0.00250124
0.0209378
0.0278476
0.0133804
0.00203651
0.121011
0.143556
0.00475111
0.00399558
0.00157624
0.00275697
0.0257479
0.0496248
0.0731552
0.00433453
0.118756
0.00678499
0.00657278
0.0112918
0.133363
0.0962624
0.0986398
0.014144
0.021352
0.00139146
0.00404295
0.00379161
0.00777435
0.116801
0.00149258
0.043357
0.0165093
0.0391121
0.014376
0.007616
0.0676583
0.0905548
0.0168263
0.0974551
0.00989666
0.00427695
0.00134738
0.00532537
0.0242846
0.00389577
0.0733073
0.0520534
0.138859
0.00334991
0.00711974
0.0129426
0.00777398
0.00422497
0.0147533
0.00492291
0.0656649
0.130817
0.00190882
0.0602659
0.00428558
0.0946508
0.0713703
0.00689866
0.00308073
0.0701571
0.00596647
0.001415
0.00431202
0.012978
0.0324364
0.0159299
0.0216509
0.0036603
0.0538471
0.00605414
0.00149877
0.0177664
0.0345056
0.0942153
0.00223207
0.0692465
0.0745467
0.00422348
0.0424026
0.0898539
0.00569115
0.0185465
0.00387177
0.003876
0.00135313
0.00193166
0.0756076
0.0365552
0.0680269
0.139752
0.00438982
0.0505964
0.00201272
0.0426188
0.0017343
0.0169166
0.0390039
0.102713
0.0282855
0.0178385
0.0709776
0.0872455
0.00629877
0.0803942
0.0191515
0.0388077
0.000910717
0.015219
0.0924431
0.0466338
0.0137251
0.121429
0.107705
0.119069
0.134399
0.0406185
0.0585676
0.0333122
0.0123135
0.0101739
0.00111216
0.00164314
0.00173915
0.0903948
0.14074
0.045281
0.107848
0.0718923
0.0858621
0.015601
0.0728099
0.125114
0.138555
0.095409
0.0484084
0.00134143
0.0442558
0.114343
0.00203914
0.0183052
0.097572
0.0021512
0.00119805
0.120144
0.00350311
0.00296454
0.0544591
0.00806686
0.0185901
0.114825
0.0198414
0.128472
0.0234946
0.140911
0.160593
0.0881247
0.00121228
0.0241098
0.00898399
0.140264
0.148045
0.00170951
0.0167872
0.120026
0.0316466
0.0316874
0.193107
0.00420549
0.00175639
0.00377767
0.00276279
0.00370379
0.0143457
0.183133
0.00204666
0.00592924
0.0397233
0.01226
0.166028
0.0670669
0.145983
0.0110027
0.00674529
0.11767
0.099834
0.00816729
0.09311
0.00340168
0.0533453
0.00167561
0.00614088
0.00787896
0.0973065
0.0213986
0.0128474
0.015566
0.0457999
0.0121129
0.00476263
0.00659535
0.122575
0.00224846
0.0023875
0.0894608
0.00397003
0.00969311
0.00285263
0.0071303
0.0713219
0.0216632
0.0180139
0.103069
0.0264901
0.116982
0.00950637
0.0034649
0.0163225
0.128716
0.00709863
0.00412287
0.00153991
0.00393837
0.0287
0.0252402
0.0520134
0.0596441
0.0174988
0.00780411
0.00189517
0.0763328
0.00270953
0.14768
0.00265152
0.00640164
0.00635481
0.115581
0.0212066
0.0017416
0.00150979
0.0111835
0.0014301
0.0430049
0.00371376
0.122597
0.0749857
0.001453
0.0117534
0.0382591
0.0973098
0.00705007
0.00172752
0.00328854
0.00670954
0.0926216
0.115375
0.0925369
0.00148349
0.00156385
0.0799635
0.0156314
0.00589401
0.00893497
0.00449077
0.00191349
0.00134394
0.0105088
0.080297
0.0448672
0.00224934
0.0897182
0.00833333
0.00173381
0.00210668
0.020545
0.0124637
0.000848761
0.00193913
0.00157534
0.00186966
0.00379094
0.00371521
0.134311
0.155683
0.0749763
0.0350594
0.0017022
0.00662726
0.00262666
0.00235876
0.00740839
0.0559517
0.0158
0.0710474
0.021215
0.113209
0.0100855
0.00144768
0.00321607
0.139663
0.0946541
0.0262576
0.0129929
0.0054134
0.00182477
0.00931245
0.0527721
0.0050496
0.0914103
0.00436361
0.0110571
0.0571312
0.0145283
0.00358516
0.00386878
0.00947275
0.0418472
0.0725124
0.00273968
0.0129843
0.0963456
0.119295
0.145003
0.132573
0.00134656
0.00357344
0.00171265
0.00175552
0.001966
0.024109
0.060543
0.0112655
0.0293969
0.0198314
0.00660395
0.129968
0.00197786
0.00150795
0.0107151
0.0118951
0.00182967
0.0321568
0.00177614
0.0160969
0.00200134
0.0816277
0.0374488
0.010922
0.00126911
0.00776919
0.00625559
0.00144269
0.0113895
0.00551368
0.00786466
0.00144383
0.0381428
0.00256571
0.00120261
0.0139728
0.00703305
0.00668278
0.0239425
0.0143913
0.131929
0.0183157
0.0182281
0.010173
0.119147
0.00392317
0.00368556
0.00199059
0.00150088
0.001584
0.0136891
0.00167273
0.0036774
0.123873
0.0163424
0.00935378
0.00434885
0.0233413
0.0172596
0.00319924
0.00433207
0.0908344
0.00345034
0.0902251
0.111677
0.000987753
0.0105015
0.00148292
0.00421136
0.0023031
0.00421422
0.115405
0.0185149
0.0399014
0.12394
0.00441532
0.0129822
0.0243302
0.0014667
0.00182361
0.14357
0.0263384
0.00180599
0.0400813
0.00371423
0.00748146
0.00244119
0.00256878
0.00380076
0.00340098
0.00124718
0.00179084
0.00284486
0.00189626
0.0271714
0.018282
0.00550088
0.00599892
0.00548077
0.00443462
0.145325
0.139923
0.00169431
0.00168727
0.0276829
0.00149649
0.0459527
0.00183894
0.00672851
0.00900251
0.117972
0.0018925
0.00174765
0.02299
0.0165897
0.00198385
0.00183554
0.00153407
0.00153174
0.0569753
0.00314523
0.00191374
0.0106143
0.00477795
0.00366222
0.108064
0.0230447
0.00100663
0.00410812
0.0295561
0.155664
0.00234574
0.0048215
0.00179691
0.00854704
0.00180474
0.00358996
0.0753731
0.00214462
0.166991
0.0251966
0.0469688
0.14241
0.135783
0.0140201
0.00403059
0.0927791
0.00225386
0.0193174
0.0038949
0.00189494
0.00194391
0.121897
0.00633843
0.00174158
0.00170492
0.0185582
0.057083
0.00315895
0.00445564
0.0043106
0.00681947
0.0194117
0.13171
0.00328255
0.00161203
0.0166554
0.0025228
0.0114478
0.0476848
0.00338344
0.00682894
0.00223056
0.0590782
0.0350795
0.00194916
0.00154088
0.00236719
0.00704573
0.00240863
0.00192938
0.00384378
0.100769
0.0017061
0.00901143
0.0701709
0.0919225
0.0677506
0.00136631
0.00718267
0.00268207
0.00226561
0.0259036
0.00360223
0.0204133
0.00163807
0.00277264
0.00237914
0.00146843
0.0017056
0.00321746
0.0752246
0.00823729
0.00726467
0.0186697
0.0031125
0.004406
0.00165057
0.0975471
0.0309078
0.00568882
0.123243
0.0515058
0.0223777
0.00323885
0.0319083
0.0372617
0.00228338
0.0174156
0.00661551
0.00221384
0.00403611
0.00398801
0.00443164
0.00171368
0.00151923
0.00593929
0.0189514
0.0419708
0.00176919
0.00682633
0.00620824
0.00663623
0.00610238
0.129796
0.00732386
0.00711627
0.0328128
0.137336
0.0352468
0.00379934
0.083357
0.0859229
0.00941022
0.00200629
0.0220523
0.0062817
0.0040984
0.0132581
0.011704
0.0650944
0.0948861
0.0148781
0.00719144
0.0431173
0.0177266
0.00267016
0.00466639
0.0381611
0.00229422
0.125681
0.00375658
0.0215614
0.0210404
0.114818
0.00685181
0.023817
0.00139643
0.00172858
0.00547226
0.119691
0.0518275
0.00409599
0.00384953
0.0573987
0.00491199
0.0022371
0.0105571
0.00507615
0.103628
0.0385506
0.0725519
0.00351644
0.0136531
0.119864
0.00202127
0.0281225
0.0059447
0.00651729
0.0859199
0.0046442
0.0103251
0.00229249
0.0245435
0.0156338
0.0192512
0.0105849
0.113579
0.091012
0.00763187
0.00417919
0.0100166
0.153414
0.00393761
0.040055
0.0299534
0.1385
0.00428491
0.00182132
0.0337495
0.0024683
0.00389551
0.00885486
0.00146676
0.00383194
0.00165033
0.00374018
0.0195624
0.0172354
0.00625382
0.0111828
0.135854
0.0122727
0.0246528
0.00199193
0.113716
0.00429772
0.0776778
0.00204123
0.00736695
0.0387585
0.177915
0.00221441
0.00166063
0.00122176
0.00202232
0.112236
0.0193038
0.00151885
0.0262804
0.00353277
0.00993283
0.00394996
0.00317675
0.0284406
0.114828
0.00680986
0.00717134
0.0583135
0.0020816
0.00474688
0.10256
0.145059
0.152889
0.120005
0.00182605
0.0497868
0.0119448
0.11642
0.0468317
0.0117973
0.0606028
0.00373551
0.00796448
0.055481
0.0955991
0.00849163
0.0351346
0.00658892
0.00133956
0.00148879
0.00983116
0.00254232
0.0101688
0.0734844
0.00758392
0.00204447
0.0167592
0.00261274
0.00774058
0.00504183
0.0148619
0.033248
0.0116014
0.0132497
0.00204928
0.118588
0.0494733
0.0590978
0.00424648
0.00379079
0.0146728
0.0187273
0.0616565
0.0333401
0.010563
0.00511558
0.0592279
0.00881712
0.0027194
0.00413118
0.0758368
0.0540349
0.00223498
0.00125165
0.0706844
0.00425658
0.0250622
0.00648459
0.00938132
0.0852034
0.00150399
0.0244163
0.137616
0.00912743
0.00644466
0.0716065
0.121051
0.00529716
0.0823892
0.100326
0.0160447
0.00924665
0.00838753
0.00120893
0.0257317
0.0210711
0.00319255
0.125285
0.00361633
0.0016987
0.0271846
0.0188803
0.00753675
0.0407516
0.00768348
0.112862
0.0115731
0.00180311
0.114627
0.00458991
0.0032379
0.0498524
0.0364025
0.00204583
0.023847
0.00196176
0.00200572
0.102362
0.0134801
0.00169009
0.0283269
0.01599
0.018168
0.0160656
0.0100912
0.00920153
0.0420293
0.00557273
0.00384342
0.00772171
0.0172876
0.121372
0.11456
0.137698
0.0085501
0.00760026
0.141484
0.0247728
0.00221394
0.00151127
0.143005
0.0173476
0.00155874
0.00408311
0.148216
0.00343105
0.0165395
0.0077777
0.01854
0.0389755
0.0241756
0.0433482
0.0684036
0.00751205
0.133419
0.00706175
0.0878208
0.00257003
0.0433159
0.0441735
0.0818351
0.0356914
0.106344
0.0137244
0.00154079
0.0130912
0.0165173
0.00804233
0.135348
0.0133108
0.0143201
0.0133681
0.00165358
0.122714
0.00321414
0.0672844
0.00168348
0.00229778
0.00107876
0.111244
0.00613838
0.014717
0.00180826
0.00289928
0.0522507
0.0117487
0.00250637
0.0102544
0.0132186
0.0506675
0.0368228
0.0111129
0.00763997
0.0533836
0.00551116
0.00980264
0.00321851
0.00466266
0.155671
0.0118117
0.0216764
0.045896
0.00658575
0.0513929
0.00151771
0.00341932
0.00902035
0.0164855
0.00346083
0.0503028
0.00738614
0.0126229
0.00304918
0.0387597
0.0502292
0.0252643
0.0220153
0.0157369
0.00713979
0.0188765
0.0102054
0.00284242
0.0710508
0.0177625
0.00449232
0.00500864
0.0584008
0.135741
0.0444293
0.0117454
0.0361724
0.0241354
0.0117331
0.013125
0.0414382
0.00302173
0.0126399
0.0876935
0.0331776
0.00700465
0.00175599
0.00914848
0.0130146
0.00423468
0.00396042
0.0130144
0.0236685
0.0338071
0.030411
0.0158347
0.00655347
0.0146234
0.0253086
0.0136055
0.00219416
0.0170246
0.074782
0.00147835
0.00423837
0.00195462
0.00988386
0.027037
0.0184406
0.0230286
0.0789086
0.0618997
0.0164321
0.0917565
0.0220293
0.155978
0.0381374
0.0325293
0.073751
0.0104008
0.023924
0.0728566
0.0657333
0.139845
0.0236014
0.0281208
0.00292375
0.0869855
0.0196266
0.00172275
0.0696694
0.0351598
0.029613
0.0311989
0.00163384
0.00200106
0.00149107
0.00654164
0.0115865
0.00741755
0.0769827
0.0106044
0.0573419
0.00488905
0.041191
0.0194556
0.0316158
0.0134478
0.093716
0.0189191
0.0984514
0.00804628
0.00624305
0.127863
0.00236182
0.0104225
0.0558465
0.0201725
0.0857163
0.0937157
0.00126273
0.0506415
0.0106516
0.00661438
0.104504
0.0940473
0.00999167
0.00202281
0.0168797
0.0337309
0.00207506
0.0698905
0.0014262
0.0139027
0.00215452
0.0923507
0.00198911
0.07108
0.0442403
0.00682053
0.0129742
0.00170197
0.00104616
0.00130065
0.0097014
0.0145434
0.00705718
0.136761
0.0147706
0.0501296
0.111064
0.00406403
0.0879374
0.0745001
0.0946146
0.0677295
0.0185969
0.0143328
0.00198121
0.0029487
0.00300791
0.0334704
0.0131645
0.0410783
0.0307047
0.0104037
0.0543427
0.070331
0.0781278
0.0393216
0.0208339
0.00322039
0.0191859
0.0135612
0.113984
0.00649232
0.0067858
0.00203664
0.00142746
0.0324161
0.0184349
0.101883
0.00137991
0.00340919
0.0707636
0.123908
0.0283005
0.124783
0.00886841
0.00590168
0.00160531
0.040893
0.017545
0.0517874
0.00143782
0.014847
0.124069
0.0223492
0.00900029
0.018624
0.0220354
0.0237259
0.00891154
0.0074638
0.0662099
0.122733
0.0198324
0.0172189
0.0535813
0.00168066
0.0174883
0.0444542
0.11023
0.00130596
0.019067
0.0557351
0.00199115
0.0024355
0.011917
0.0174819
0.0259752
0.00160624
0.125557
0.00141995
0.0104598
0.00278267
0.0193513
0.0329002
0.00144398
0.0284025
0.0817766
0.127591
0.0173813
0.0997495
0.00422023
0.0439385
0.0506099
0.0233872
0.00217158
0.0321819
0.0383868
0.145546
0.00309497
0.00105395
0.00285739
0.00419838
0.0210217
0.0512172
0.017208
0.0124828
0.00391458
0.0817109
0.0194488
0.0177154
0.0127969
0.0595028
0.00134051
0.00151723
0.0223483
0.13837
0.032291
0.0696647
0.0676078
0.0691235
0.0979054
0.0443203
0.00493594
0.114541
0.0168297
0.0251915
0.0404358
0.00146735
0.0195776
0.0453429
0.0396114
0.00150047
0.107048
0.169722
0.0243376
0.12223
0.0112041
0.0235033
0.0402387
0.00887621
0.0501624
0.0210234
0.062165
0.00869848
0.0961277
0.0597663
0.00783923
0.0418118
0.0099722
0.0189855
0.0230127
0.0126282
0.118886
0.103471
0.0406176
0.00190531
0.0340577
0.0614335
0.00157116
0.0587986
0.0980745
0.124943
0.00401356
0.0128081
0.0127054
0.0104216
0.0133612
0.00679469
0.0320752
0.0233899
0.00722117
0.00148328
0.0431513
0.0208652
0.0702041
0.00395158
0.0070782
0.127633
0.0293176
0.0087673
0.0136614
0.0921693
0.00217698
0.0269479
0.00603823
0.00132131
0.0250743
0.0604835
0.0213517
0.0636149
0.0427814
0.119795
0.0329314
0.0262521
0.139884
0.147126
0.0117104
0.0455021
0.00819327
0.0611554
0.0167692
0.0636321
0.0244846
0.00195012
0.0527793
0.0562802
0.00422902
0.0421562
0.0602881
0.0103017
0.0019861
0.00111628
0.0329891
0.0302057
0.0232968
0.148653
0.117985
0.0186754
0.00377402
0.116849
0.00763784
0.0411927
0.0880009
0.0669232
0.094446
0.0370219
0.0138003
0.0189442
0.0253885
0.00200208
0.030792
0.0177255
0.0736804
0.00650181
0.017239
0.0118118
0.0408865
0.0145456
0.0222917
0.0506039
0.121027
0.0101179
0.00226127
0.00177516
0.052984
0.0258073
0.00212492
0.0228143
0.00670609
0.00337628
0.00214473
0.0246786
0.0401866
0.0145144
0.0186074
0.0177761
0.00292703
0.00455714
0.00221774
0.0389324
0.140988
0.0534535
0.00818097
0.0587312
0.0897162
0.0183078
0.0595823
0.0609596
0.124323
0.00644466
0.054032
0.110444
0.0947884
0.00137952
0.0923682
0.0374328
0.113707
0.0417005
0.125407
0.00529458
0.015622
0.00482934
0.0790944
0.0207965
0.0141021
0.00142537
0.00167296
0.041535
0.141188
0.00569632
0.00504461
0.0250734
0.00280652
0.0601186
0.0175323
0.148372
0.00344796
0.0392445
0.055523
0.0212979
0.0457546
0.0452976
0.0400473
0.00302924
0.0305483
0.0266132
0.144155
0.0428974
0.0182656
0.0525383
0.0938878
0.0249407
0.00323788
0.0362721
0.0573641
0.00254014
0.00532259
0.0574089
0.0116658
0.121372
0.0327327
0.00823652
0.00799908
0.0350345
0.0369215
0.0349583
0.00323167
0.0246122
0.0513022
0.0692167
0.0332024
0.0182492
0.0507203
0.023765
0.0313114
0.0100257
0.00623521
0.0183623
0.0056695
0.000997052
0.0277675
0.117742
0.00113206
0.00543265
0.15917
0.128684
0.0876364
0.0387991
0.0619134
0.0317945
0.0922473
0.0964843
0.00346312
0.00400583
0.0255649
0.0476045
0.00585756
0.0324425
0.131815
0.00161888
0.0354844
0.0715749
0.0990722
0.0927
0.0235712
0.0538417
0.0100835
0.0583172
0.0992769
0.0432816
0.0189979
0.0185788
0.0938512
0.0182832
0.00209438
0.0210612
0.0913955
0.00576405
0.0754459
0.0572224
0.077983
0.0235072
0.124268
0.00134844
0.0407377
0.00264404
0.00105885
0.0120875
0.0365164
0.0410164
0.0551554
0.0709489
0.0172008
0.00792907
0.00805829
0.111961
0.0177182
0.00159797
0.0696146
0.00443601
0.0994564
0.0442006
0.0198391
0.00711593
0.116979
0.0252892
0.0196818
0.00673106
0.00305774
0.00270047
0.0568975
0.12277
0.0108315
0.0435822
0.043352
0.0124406
0.0368437
0.0133503
0.112464
0.00527933
0.133146
0.00503456
0.00969499
0.00248531
0.00139019
0.0994656
0.0100966
0.00236642
0.00605767
0.091172
0.0623511
0.00785458
0.0725759
0.0578759
0.0921726
0.0951515
0.00611914
0.0199507
0.00213256
0.124089
0.0206398
0.120864
0.0941002
0.0375105
0.00188116
0.0093665
0.0696361
0.0327189
0.0795265
0.00161898
0.153176
0.0453929
0.0257032
0.0422635
0.00958605
0.124159
0.00175547
0.0940676
0.0412914
0.0394035
0.0620993
0.0788026
0.0989296
0.001642
0.10864
0.0472317
0.00591936
0.0612389
0.0946328
0.119399
0.118881
0.014724
0.062093
0.0854076
0.00115829
0.035632
0.153152
0.0286859
0.080797
0.00295211
0.0217265
0.0335938
0.0616315
0.025757
0.0957024
0.00488787
0.124519
0.0944888
0.00205587
0.141137
0.0097558
0.0305599
0.110637
0.0863199
0.0116881
0.0137892
0.0638833
0.142978
0.0341114
0.0689982
0.102612
0.0385901
0.0562275
0.0663894
0.0609993
0.00800401
0.109043
0.0747537
0.00219281
0.0460213
0.0220238
0.00772823
0.00417265
0.0765447
0.0416822
0.0840753
0.0935325
0.0213275
0.0141469
0.0241168
0.0264273
0.0792178
0.0347767
0.0589988
0.100919
0.0333644
0.0092094
0.0330267
0.0328082
0.12359
0.087262
0.149895
0.00450516
0.0398467
0.106798
0.00139912
0.0434601
0.00176179
0.0877994
0.0667412
0.0796899
0.00428835
0.0587424
0.0289588
0.0384629
0.092847
0.082025
0.0979223
0.0552887
0.0313839
0.0639028
0.0102346
0.141018
0.0182124
0.0846665
0.099856
0.0337346
0.00377759
0.123348
0.101447
0.0243927
0.0510364
0.0310113
0.0060779
0.0234784
0.0212193
0.00185218
0.00875315
0.0309281
0.0415947
0.0157296
0.0145506
0.0376187
0.114079
0.0544961
0.0197113
0.0429733
0.00150378
0.0714615
0.117208
0.101097
0.0574776
0.0202647
0.125452
0.177595
0.140155
0.0194
0.0177009
0.0502139
0.0823374
0.00274997
0.0202099
0.0947997
0.102603
0.019065
0.127493
0.134303
0.0898915
0.00247726
0.0887864
0.0526593
0.00681159
0.090879
0.0027456
0.110507
0.0260837
0.0334347
0.0682479
0.0899646
0.0684552
0.0419672
0.0889676
0.0632407
0.0908314
0.00774832
0.00192914
0.00168216
0.0951816
0.00394079
0.0562781
0.0191773
0.0664157
0.0695826
0.121256
0.00786004
0.0715445
0.0690526
0.109878
0.0571705
0.0132641
0.0477415
0.00203713
0.115318
0.0428137
0.00448084
0.00147929
0.167805
0.0685729
0.0223633
0.0964579
0.00492134
0.10561
0.00447403
0.0818083
0.015789
0.137257
0.0961561
0.0707727
0.0531834
0.0203506
0.0638966
0.023276
0.0250249
0.00601032
0.0641719
0.00324325
0.0767554
0.0022882
0.0734648
0.00114857
0.00355161
0.105729
0.070015
0.0896367
0.0656576
0.151448
0.0547694
0.0904618
0.0422961
0.108486
0.00775272
0.101468
0.00201072
0.0926363
0.088415
0.0713265
0.0712021
0.0403375
0.00381219
0.0409142
0.0173865
0.0775623
0.108212
0.0258388
0.132631
0.00792489
0.0351174
0.0710615
0.0140851
0.123663
0.177591
0.040345
0.0702914
0.0179994
0.0140318
0.0811278
0.149922
0.149619
0.00204565
0.0237929
0.0775201
0.00146851
0.0185706
0.0887409
0.0867747
0.00713278
0.0411018
0.109487
0.0168898
0.00281285
0.0395783
0.11707
0.140831
0.0156356
0.133152
0.00380151
0.0935636
0.0688986
0.0176045
0.0109543
0.0964767
0.0770048
0.0834941
0.0759881
0.0731572
0.00961836
0.0876864
0.0735638
0.103741
0.132377
0.00447115
0.14499
0.0039937
0.0259307
0.031151
0.149514
0.0045052
0.0546632
0.00598787
0.0905036
0.0812941
0.00205338
0.071417
0.0364499
0.0973843
0.026321
0.0714113
0.0256935
0.0795231
0.0177027
0.0303425
0.0766474
0.0917161
0.125713
0.00720518
0.0793271
0.00698192
0.0949347
0.0278035
0.133452
0.0977886
0.0093442
0.0744291
0.00569418
0.114598
0.0375771
0.0417708
0.128998
0.039989
0.0552467
0.090492
0.00299807
0.114084
0.0862879
0.0272267
0.121345
0.125568
0.0182276
0.05728
0.0803213
0.0728507
0.0921493
0.107014
0.0943233
0.00289982
0.00504337
0.00800632
0.115906
0.031813
0.129989
0.0232384
0.00676656
0.00292537
0.018999
0.093734
0.0748926
0.0495427
0.118472
0.14377
0.0866977
0.00399771
0.013365
0.122688
0.0178734
0.11673
0.00128854
0.0866307
0.100608
0.102568
0.082441
0.121895
0.0567652
0.0868436
0.0712193
0.00878432
0.135279
0.0589941
0.00221424
0.116371
0.041646
0.0952545
0.0732647
0.0465342
0.00475161
0.0766528
0.00203918
0.0593195
0.0752486
0.016175
0.0648483
0.0326034
0.0122221
0.0720613
0.00205225
0.0154141
0.0974682
0.0403909
0.0893463
0.00316903
0.109559
0.0253
0.0425114
0.0796049
0.0765368
0.0743578
0.0391046
0.0424838
0.119871
0.0430133
0.00298255
0.00369738
0.0339851
0.0862152
0.00299302
0.0249947
0.00395374
0.124467
0.0950906
0.0827977
0.0275131
0.141435
0.121437
0.0775522
0.0888795
0.00819663
0.0988875
0.149126
0.0239622
0.0923587
0.0134257
0.107316
0.00645468
0.0795733
0.116139
0.0214225
0.014089
0.00135882
0.0625495
0.119516
0.124195
0.031461
0.00253628
0.147952
0.0441615
0.00203968
0.0614076
0.0957082
0.00771638
0.0520762
0.0802445
0.114576
0.0869672
0.0764963
0.0958339
0.0156916
0.0980033
0.00394475
0.123328
0.0211986
0.00188701
0.0514017
0.0951727
0.127286
0.117001
0.114195
0.00210457
0.0858179
0.0972636
0.169097
0.0636125
0.00243655
0.0965038
0.00822985
0.0761211
0.0206818
0.0167422
0.0198172
0.0147581
0.0255695
0.0174658
0.0254821
0.0807468
0.104596
0.0325249
0.00391044
0.0106119
0.0901066
0.107788
0.0837269
0.0810969
0.0760771
0.00641345
0.00291102
0.0077426
0.138009
0.122118
0.0113128
0.150927
0.0348326
0.0535165
0.0469612
0.0975717
0.00402576
0.03492
0.041166
0.120969
0.010387
0.134039
0.0917076
0.0924402
0.11003
0.0963668
0.105864
0.0185569
0.0808666
0.0163017
0.00461686
0.100101
0.100673
0.128637
0.00153538
0.107596
0.0811015
0.0129419
0.0890317
0.00952838
0.125931
0.0789622
0.0251508
0.0119591
0.131867
0.13304
0.0955822
0.113359
0.00776246
0.0351718
0.0785503
0.00651669
0.0675982
0.0968971
0.00458985
0.163337
0.132907
0.163652
0.156091
0.160042
0.0760674
0.0313072
0.168461
0.00876383
0.0953777
0.007389
0.00130393
0.0139937
0.058154
0.0966673
0.065996
0.149595
0.113939
0.14836
0.0754046
0.00390901
0.0493839
0.102925
0.079667
0.0048258
0.0569213
0.138265
0.0538908
0.0596373
0.099178
0.0827766
0.173963
0.154381
0.157172
0.171639
0.15199
0.138582
0.150263
0.144823
0.101153
0.169721
0.0933135
0.0687589
0.127228
0.15445
0.0978348
0.00201633
0.124786
0.0707869
0.060685
0.119504
0.0450612
0.154556
0.0382727
0.0526761
0.00146791
0.016715
0.0809158
0.0754382
0.00973796
0.0148433
0.00840162
0.112694
0.032798
0.017388
0.119344
0.030809
0.102539
0.148659
0.0651111
0.00613526
0.0198409
0.0173877
0.0669939
0.00198131
0.119911
0.0515403
0.00231003
0.00528317
0.0677128
0.0736108
0.122511
0.0219031
0.0997135
0.106731
0.0701482
0.0356737
0.0925049
0.0154916
0.0785866
0.0120437
0.108507
0.109327
0.0039858
0.0440079
0.100404
0.0262402
0.142119
0.110262
0.0330049
0.125936
0.00184224
0.00782984
0.00206754
0.107289
0.0147766
0.0824155
0.141739
0.105997
0.123095
0.0678878
0.0922827
0.0015629
0.0970265
0.0731817
0.0892936
0.0615436
0.123718
0.117564
0.0428807
0.0849609
0.0773596
0.0720033
0.105174
0.00456058
0.0975352
0.0015433
0.146502
0.048571
0.0800682
0.00178954
0.00208067
0.0955073
0.121033
0.00199877
0.00815285
0.0959255
0.111789
0.0198594
0.131422
0.0909448
0.135527
0.0121841
0.127662
0.143984
0.158092
0.12557
0.0602542
0.00883268
0.0635217
0.0710055
0.112217
0.132624
0.0815915
0.123584
0.100567
0.0462544
0.00148683
0.13808
0.0720519
0.107065
0.018549
0.125979
0.0134506
0.124969
0.123936
0.0687358
0.113935
0.0598793
0.0601493
0.114364
0.0990971
0.0804103
0.00374175
0.114817
0.0097886
0.0864727
0.0880459
0.100106
0.0562715
0.0184182
0.113671
0.0814661
0.0448246
0.139771
0.0155015
0.00167441
0.132024
0.123347
0.0990033
0.0875425
0.153549
0.00946945
0.0794842
0.124568
0.0116246
0.0999321
0.0185895
0.116496
0.00717031
0.11361
0.114442
0.0388411
0.0603217
0.0836293
0.0262842
0.0720141
0.104584
0.0992531
0.117262
0.127834
0.0820198
0.0915863
0.101704
0.00210773
0.0920333
0.166464
0.0145474
0.0325894
0.0998845
0.0768221
0.00365064
0.0439727
0.00130382
0.108836
0.00400702
0.161523
0.0301381
0.120125
0.114486
0.0701383
0.107189
0.0702574
0.0906813
0.113236
0.00125159
0.11829
0.107412
0.00108894
0.103542
0.0865197
0.0478395
0.0700282
0.0192238
0.136899
0.0116484
0.124926
0.143628
0.128493
0.15401
0.0985772
0.0743503
0.0369557
0.00158475
0.0527295
0.121858
0.125205
0.140107
0.0833307
0.00206428
0.0375431
0.054536
0.124303
0.094426
0.119923
0.0147411
0.112773
0.126137
0.136643
0.116494
0.087199
0.0437541
0.00189608
0.0325072
0.124017
0.0280981
0.140689
0.15387
0.114839
0.139481
0.0982541
0.128066
0.119626
0.0844983
0.124235
0.12755
0.110796
0.121247
0.00211416
0.00155073
0.125501
0.0331454
0.1241
0.0251002
0.0163868
0.082495
0.124129
0.0324829
0.0229099
0.0239707
0.0564756
0.0463484
0.108448
0.139127
0.1279
0.0611514
0.0077147
0.0103426
0.0905854
0.0303586
0.043163
0.00259978
0.120511
0.129206
0.117411
0.134708
0.0967016
0.00848536
0.115365
0.00425986
0.0186965
0.0299164
0.0595248
0.132091
0.0787025
0.06822
0.036882
0.125148
0.0691606
0.0194603
0.124907
0.104745
0.148942
0.143885
0.0872739
0.119232
0.0899928
0.117972
0.142657
0.127915
0.142526
0.0986289
0.0184656
0.00298015
0.0236824
0.136333
0.0120277
0.155025
0.1088
0.0176389
0.0468753
0.0833124
0.0714719
0.126782
0.134882
0.0713365
0.0995865
0.0258876
0.0601004
0.0721041
0.0884321
0.00240525
0.0979272
0.123231
0.0206289
0.110219
0.0918022
0.0753823
0.152075
0.126032
0.00196922
0.116376
0.0090941
0.0748827
0.0231449
0.0090941
0.118885
0.00229662
0.13721
0.0769985
0.106776
0.00242731
0.00677417
0.077692
0.0251481
0.151024
0.155552
0.00114366
0.0282066
0.140356
0.0940586
0.00187539
0.141293
0.0218488
0.151972
0.00134625
0.138058
0.0805217
0.10183
0.00215174
0.11155
0.0762003
0.0931996
0.0645175
0.143169
0.102568
0.145693
0.010783
0.00260505
0.10444
0.0335048
0.0241632
0.0134402
0.1316
0.0104685
0.00194502
0.0934798
0.0963137
0.00198543
0.0235266
0.141646
0.122455
0.168042
0.0142243
0.00464689
0.144928
0.106712
0.0433635
0.0356954
0.0851956
0.0256846
0.134788
0.0944977
0.0693273
0.0200502
0.0903081
0.0338455
0.0404863
0.00198938
0.133321
0.108445
0.0560537
0.040592
0.00201927
0.122117
0.0116645
0.0381139
0.0742529
0.00433234
0.136915
0.00249252
0.00213099
0.0576209
0.103771
0.0513953
0.0406619
0.123195
0.124902
0.0208828
0.118847
0.0042065
0.00167267
0.00232541
0.0830761
0.0353185
0.0624469
0.0949911
0.0980113
0.126288
0.0023158
0.136792
0.0996779
0.149287
0.140462
0.129074
0.129839
0.0979467
0.0761517
0.150892
0.105004
0.0132747
0.0410701
0.0130126
0.042646
0.061743
0.0519178
0.110393
0.10651
0.100614
0.025293
0.0279254
0.0843405
0.00315788
0.138636
0.0112681
0.112695
0.0631231
0.00518692
0.0127581
0.0498657
0.105711
0.111892
0.0452617
0.109496
0.00205923
0.0184087
0.0684116
0.0926994
0.1391
0.153456
0.00796643
0.140368
0.0854242
0.106521
0.00180758
0.00255718
0.110694
0.122987
0.138852
0.171979
0.034953
0.00756131
0.0279667
0.0151867
0.0816728
0.0243202
0.00449704
0.132287
0.148224
0.00382603
0.154758
0.0755049
0.00460081
0.0311699
0.0352541
0.121228
0.0135745
0.113854
0.142222
0.0119717
0.104816
0.0380478
0.0523559
0.00907056
0.120604
0.0470749
0.00145947
0.01782
0.103814
0.0224743
0.110709
0.020605
0.0344459
0.0125896
0.00525813
0.0293314
0.106535
0.0165748
0.031654
0.00342534
0.00186119
0.125602
0.10675
0.00139042
0.085608
0.153392
0.00704296
0.00326797
0.0151087
0.101883
0.101605
0.0617222
0.113763
0.0774177
0.143525
0.018389
0.123653
0.122424
0.0642231
0.141804
0.0032353
0.0177498
0.151683
0.0332423
0.108475
0.0478548
0.0250646
0.0443848
0.00537735
0.0984667
0.00117785
0.0859434
0.0733561
0.0140552
0.126511
0.128869
0.13971
0.0277073
0.0848126
0.0263082
0.118084
0.0866553
0.119071
0.180288
0.140868
0.128786
0.123628
0.00416251
0.0227094
0.102906
0.100803
0.121842
0.0882657
0.0133463
0.0109342
0.0733997
0.123293
0.113094
0.00230863
0.00228883
0.131575
0.135673
0.120362
0.0789399
0.145243
0.0731022
0.0784506
0.0678669
0.0176646
0.0617875
0.00185438
0.122711
0.112444
0.143483
0.0198482
0.116824
0.0184334
0.0634707
0.17601
0.0904169
0.0248023
0.146833
0.0119179
0.138226
0.16994
0.122294
0.0695567
0.0225662
0.038162
0.0785887
0.115405
0.154535
0.042424
0.00421673
0.00816436
0.154205
0.0134218
0.057217
0.125994
0.034274
0.000807239
0.0807294
0.0438006
0.0213248
0.0237585
0.0163486
0.0918833
0.064652
0.00929128
0.01184
0.115745
0.150922
0.150767
0.0777845
0.0347138
0.119846
0.0643477
0.0236762
0.0884206
0.018873
0.0696126
0.121873
0.0471399
0.0705486
0.116193
0.144605
0.0108256
0.140209
0.114661
0.0827162
0.134453
0.112047
0.0532535
0.0252741
0.0139374
0.0728479
0.150004
0.00224887
0.00605798
0.0205738
0.000966336
0.0691407
0.0805033
0.0690346
0.077202
0.00956459
0.126777
0.00823069
0.00887757
0.00427477
0.141709
0.0421906
0.088637
0.146131
0.138704
0.0349654
0.158299
0.0173379
0.00215835
0.0952
0.00184576
0.022409
0.00135899
0.157
0.0785414
0.135981
0.00145601
0.0954991
0.114766
0.00144511
0.0030685
0.0715095
0.068296
0.0273918
0.0781834
0.0954155
0.0193961
0.0817183
0.0822055
0.0259378
0.151967
0.0710234
0.0819964
0.0018406
0.0763308
0.124036
0.0861366
0.00732548
0.0948267
0.093742
0.0303285
0.0237781
0.0729291
0.0055091
0.018654
0.0253011
0.0141089
0.0360256
0.0915114
0.0840124
0.0967459
0.0728733
0.0689733
0.146577
0.152883
0.0336154
0.145583
0.0932403
0.0188406
0.0319398
0.0565484
0.08567
0.153396
0.156487
0.00427221
0.0791509
0.0402467
0.0244819
0.00436451
0.00447328
0.101664
0.0122449
0.0126261
0.00139648
0.0864308
0.0881953
0.0275575
0.122999
0.151779
0.087128
0.0104449
0.101644
0.00165837
0.123041
0.116796
0.0978401
0.0498884
0.144011
0.144287
0.0994443
0.109506
0.136171
0.0786621
0.00713157
0.0770215
0.068942
0.00409715
0.153717
0.0984894
0.0141872
0.0982804
0.0477729
0.0254401
0.131122
0.0743767
0.162275
0.0707536
0.109443
0.123325
0.00123985
0.026307
0.0380084
0.0689118
0.123362
0.0652141
0.00134909
0.00163292
0.0239507
0.0966065
0.0618021
0.0164851
0.0713045
0.0135273
0.0581995
0.135874
0.100718
0.0046407
0.0144963
0.0860545
0.0251321
0.0438416
0.0294693
0.138191
0.0717971
0.142449
0.145499
0.0804439
0.081796
0.0643977
0.146335
0.00764493
0.0274376
0.0839528
0.0338386
0.0242901
0.00659431
0.0384852
0.100611
0.0464764
0.026288
0.125394
0.0372041
0.111353
0.00142963
0.00245405
0.040422
0.0189019
0.0856669
0.140865
0.0621997
0.108495
0.0875883
0.0280424
0.0991472
0.106492
0.0376345
0.00448418
0.0343227
0.107034
0.0878169
0.00788126
0.110368
0.12597
0.0144562
0.0020973
0.11347
0.12547
0.0851994
0.097306
0.113558
0.00954903
0.0795684
0.0886989
0.0557068
0.124835
0.0445274
0.125376
0.0974739
0.0220645
0.0378429
0.00799826
0.150411
0.034987
0.02719
0.116141
0.126959
0.0637588
0.132478
0.154123
0.148837
0.0243199
0.00413548
0.148346
0.0931463
0.00641117
0.117623
0.00185495
0.00375252
0.0745658
0.1162
0.0510079
0.0937941
0.0419502
0.0648474
0.119129
0.0131911
0.16117
0.0760392
0.0182038
0.171514
0.154339
0.152124
0.114494
0.00844023
0.0341768
0.12445
0.102414
0.0831503
0.116198
0.1223
0.139189
0.0138226
0.0250899
0.0752976
0.141396
0.132354
0.141748
0.0689235
0.0533954
0.0763112
0.0011893
0.0368568
0.139277
0.00800777
0.144182
0.151984
0.158401
0.15422
0.0425357
0.123478
0.147667
0.150578
0.0831456
0.0774913
0.159977
0.174149
0.0633881
0.149714
0.148185
0.128019
0.0699447
0.127287
0.0578008
0.147166
0.062638
0.165435
0.153079
0.00538255
0.0494073
0.14163
0.124647
0.0235223
0.139555
0.060961
0.0638967
0.125707
0.0352172
0.154185
0.175988
0.0896878
0.157922
0.142702
0.119264
0.0247063
0.169983
0.165764
0.0608484
0.166241
0.139279
0.00357689
0.0988239
0.012903
0.0479449
0.123475
0.0124901
0.00202796
0.0390853
0.11275
0.123007
0.0900971
0.143378
0.155172
0.0810392
0.0211101
0.076232
0.105438
0.153907
0.0287516
0.0349996
0.108478
0.00277583
0.0186288
0.108632
0.0857396
0.144277
0.0212982
0.0990225
0.0251806
0.0174345
0.122309
0.0830564
0.144716
0.124346
0.138301
0.144656
0.148079
0.14071
0.0116907
0.0873111
0.121194
0.139221
0.0725481
0.00674851
0.0649311
0.146216
0.127271
0.113174
0.1214
0.00138392
0.0133278
0.0619866
0.124977
0.00163064
0.0951664
0.139682
0.00791463
0.0092145
0.00418263
0.110248
0.158374
0.02089
0.0398423
0.0515871
0.0844495
0.0706756
0.0872876
0.113536
0.080174
0.0243236
0.132468
0.1044
0.0854346
0.0971097
0.139691
0.0792861
0.0736815
0.140438
0.0778096
0.00165047
0.146992
0.143622
0.0236883
0.141765
0.106057
0.111513
0.00462817
0.0713363
0.00145631
0.0824379
0.113197
0.0450424
0.00297781
0.110601
0.101511
0.00538271
0.133914
0.0350269
0.0369682
0.122418
0.0192203
0.101067
0.0256463
0.00424745
0.10152
0.00814608
0.14947
0.00245168
0.00323043
0.0202721
0.15197
0.094768
0.119567
0.104296
0.112531
0.00518147
0.016029
0.0724499
0.157422
0.00516697
0.0737241
0.150274
0.00181056
0.0666354
0.105509
0.0612169
0.0148198
0.00773255
0.160452
0.0445975
0.0418553
0.0858912
0.0687712
0.00680348
0.00817056
0.036916
0.0140436
0.0609738
0.0130904
0.00148327
0.153866
0.0699285
0.14717
0.123882
0.15307
0.153642
0.149762
0.0430346
0.120488
0.0194945
0.00181452
0.00240609
0.130673
0.144565
0.0156421
0.125909
0.0465474
0.000996187
0.148585
0.0131636
0.0173858
0.157735
0.0604721
0.0359736
0.12245
0.00626936
0.145208
0.00142555
0.00149814
0.0909867
0.145234
0.1025
0.00162045
0.00139915
0.0865649
0.00138203
0.137237
0.146953
0.0821268
0.0704747
0.0165075
0.0230373
0.092636
0.126803
0.0193897
0.127474
0.0770899
0.152737
0.123957
0.127374
0.0810096
0.00778281
0.141645
0.0995649
0.00498817
0.142841
0.143416
0.118357
0.143518
0.115567
0.0022076
0.045676
0.016198
0.00394451
0.12913
0.124812
0.0969237
0.135412
0.137023
0.0112907
0.0158524
0.0724742
0.0775021
0.145511
0.0780498
0.168395
0.026676
0.149731
0.148883
0.141518
0.15111
0.00217414
0.00205528
0.0978705
0.0440234
0.0616518
0.0804658
0.0094562
0.0134395
0.149043
0.141728
0.124081
0.0730422
0.144725
0.0669251
0.120885
0.0248056
0.152881
0.157489
0.138403
0.107531
0.14205
0.132023
0.140922
0.067766
0.05466
0.0823686
0.135988
0.144388
0.00985451
0.121499
0.133106
0.0750868
0.134057
0.0536048
0.127425
0.0432798
0.0165485
0.00230316
0.0508731
0.0431361
0.101486
0.154607
0.152797
0.123342
0.0759286
0.0572214
0.0770181
0.0135962
0.153262
0.145144
0.123165
0.123928
0.00207698
0.139105
0.14105
0.120399
0.138963
0.0785122
0.0941065
0.0348929
0.0164192
0.139141
0.00128983
0.11068
0.043003
0.129153
0.0793953
0.0184852
0.0523242
0.092181
0.046769
0.0371743
0.1026
0.0502366
0.147142
0.124475
0.0761825
0.00512191
0.139456
0.133087
0.103048
0.0797001
0.0965214
0.00812547
0.0854544
0.0254187
0.143742
0.146389
0.00487568
0.0437882
0.12689
0.0493586
0.0803013
0.0823779
0.148821
0.139614
0.128303
0.0179672
0.00255413
0.140385
0.124781
0.146619
0.12577
0.165805
0.0540508
0.111678
0.160056
0.0161695
0.124197
0.0868884
0.12274
0.0146192
0.149827
0.149654
0.0657736
0.127025
0.0290368
0.121642
0.0866876
0.125876
0.123168
0.0840733
0.0985266
0.155994
0.132196
0.144785
0.14649
0.00171649
0.00778685
0.089459
0.00149736
0.0858554
0.00297684
0.0288287
0.0938729
0.0128228
0.15791
0.0996891
0.00149688
0.0752614
0.0821433
0.00313019
0.133643
0.00194538
0.0434765
0.146733
0.143901
0.0956551
0.0689596
0.0531853
0.0954846
0.10943
0.0743172
0.141978
0.140364
0.125742
0.0955579
0.0432976
0.0269399
0.147835
0.108359
0.00207281
0.0988239
0.0207342
0.147152
0.0419537
0.137002
0.0963138
0.00861304
0.112856
0.00799016
0.137036
0.145406
0.0839397
0.119452
0.0498281
0.14492
0.0132329
0.00630123
0.0583414
0.0122663
0.124042
0.147831
0.101497
0.00205086
0.133633
0.0967716
0.0430913
0.137887
0.00433026
0.0110899
0.0976998
0.128277
0.0736291
0.113458
0.0676694
0.0768254
0.141848
0.0692362
0.0259228
0.0965211
0.0897218
0.139996
0.142375
0.127935
0.086077
0.0325228
0.0549625
0.0561507
0.131297
0.0632046
0.133645
0.113484
0.00272279
0.0895703
0.00165554
0.130256
0.00983273
0.113719
0.133052
0.00183896
0.00159217
0.131802
0.113598
0.00194133
0.0873638
0.0944515
0.0186957
0.0352988
0.143609
0.0289488
0.00129851
0.116873
0.0173122
0.14482
0.115235
0.135917
0.14335
0.118236
0.0285819
0.155963
0.107331
0.0052641
0.0995575
0.0432935
0.107718
0.0146949
0.066588
0.146996
0.00143615
0.00255241
0.146276
0.144863
0.0301153
0.0987377
0.119555
0.0705452
0.138375
0.0250941
0.0877212
0.130714
0.144598
0.0067271
0.142634
0.110528
0.0266512
0.110026
0.169774
0.00144537
0.00175956
0.106759
0.140715
0.0638856
0.00793143
0.133381
0.0869157
0.076278
0.115076
0.0545068
0.0440482
0.118252
0.159085
0.0850415
0.128069
0.0884183
0.0976049
0.0571684
0.110471
0.132717
0.0239778
0.0976502
0.15175
0.133289
0.00724889
0.0654521
0.12524
0.0756287
0.139112
0.161419
0.102943
0.14409
0.143284
0.0918158
0.0971658
0.10829
0.141855
0.0530919
0.141033
0.146668
0.144285
0.13311
0.109618
0.0995
0.0562751
0.136106
0.142436
0.124557
0.0745619
0.099006
0.0064579
0.0530718
0.123594
0.142351
0.139749
0.0654257
0.0122452
0.0339047
0.0246501
0.00442487
0.00546341
0.10643
0.0876029
0.124418
0.144061
0.138098
0.0225782
0.100025
0.141191
0.00257044
0.134925
0.00478159
0.0905318
0.0121263
0.0941696
0.0275554
0.100683
0.132281
0.133549
0.0782048
0.119091
0.0818521
0.0734908
0.020279
0.00414898
0.12316
0.0588844
0.0960523
0.129849
0.0142602
0.13161
0.117184
0.127207
0.12881
0.00502267
0.0937452
0.136809
0.130328
0.133994
0.135007
0.128691
0.136593
0.124886
0.00207438
0.108044
0.010304
0.0115042
0.109276
0.0656924
0.129617
0.0862289
0.0345223
0.144168
0.142907
0.0132324
0.0871003
0.124205
0.0984024
0.0183309
0.00743538
0.138867
0.128591
0.126662
0.0744323
0.126393
0.128389
0.0153194
0.1383
0.031853
0.01533
0.0050955
0.145953
0.118418
0.102717
0.0277527
0.0104516
0.149697
0.00780333
0.0116201
0.111941
0.00375752
0.0880394
0.00774087
0.105458
0.120072
0.0290912
0.0712782
0.111563
0.138135
0.122545
0.14869
0.136299
0.0402925
0.123838
0.140811
0.120272
0.00201
0.0866327
0.0964901
0.0341497
0.0247619
0.136316
0.0269548
0.0923162
0.125396
0.120085
0.102543
0.00456699
0.0854242
0.00158274
0.0486874
0.135862
0.0364629
0.0993681
0.123635
0.0247958
0.0561763
0.0662237
0.0944949
0.1212
0.132325
0.134299
0.0334633
0.130574
0.0377091
0.0990189
0.128256
0.0758807
0.126473
0.0114062
0.0120664
0.0788278
0.121237
0.103806
0.147034
0.125625
0.138244
0.00390504
0.117673
0.12985
0.0170784
0.008987
0.00946118
0.120572
0.0851235
0.00607534
0.0350926
0.124332
0.0160858
0.00454764
0.13326
0.100057
0.123729
0.06449
0.0727164
0.00139245
0.0283677
0.0120526
0.129618
0.0110182
0.140513
0.164237
0.110534
0.112724
0.0823959
0.135109
0.00208255
0.108587
0.00972822
0.0668342
0.127765
0.0722072
0.121355
0.113908
0.128232
0.0720759
0.0135149
0.133738
0.00613682
0.129541
0.12787
0.144617
0.0247417
0.081633
0.119264
0.132863
0.0940016
0.0183234
0.0334686
0.00223084
0.0834426
0.0750837
0.121159
0.00811064
0.00897485
0.0653352
0.0852686
0.0470516
0.00205936
0.0940386
0.11884
0.138925
0.0759575
0.0187434
0.128526
0.0946387
0.0130374
0.0874024
0.10679
0.118594
0.0039816
0.0106896
0.0688319
0.0827141
0.123555
0.104578
0.00738321
0.114132
0.146817
0.114721
0.127558
0.0339558
0.084027
0.0699063
0.133256
0.070735
0.140513
0.0362513
0.0110821
0.0375355
0.0859288
0.143961
0.138827
0.113484
0.104611
0.124914
0.143185
0.0849635
0.122804
0.0281498
0.0387112
0.141596
0.0401891
0.139415
0.0460345
0.00270079
0.125908
0.0406507
0.00291116
0.105676
0.13431
0.0869643
0.00657374
0.083235
0.149258
0.0184147
0.102502
0.134286
0.152167
0.00267469
0.102413
0.118547
0.0583925
0.145364
0.116151
0.00569018
0.0243064
0.025433
0.1271
0.126497
0.137857
0.126012
0.0899031
0.10076
0.0408167
0.00868909
0.102174
0.11632
0.00423377
0.0039665
0.0357505
0.111881
0.139539
0.0091726
0.0207371
0.0666953
0.110193
0.00390727
0.101736
0.0534384
0.12383
0.0668766
0.121376
0.150695
0.00337306
0.134469
0.126586
0.0568236
0.0859237
0.130773
0.0044146
0.101463
0.0612236
0.0942466
0.0253363
0.143216
0.0965229
0.0938726
0.00165054
0.0828477
0.118432
0.130804
0.139454
0.0792917
0.034051
0.115592
0.132611
0.106018
0.00546256
0.13334
0.136998
0.117197
0.101661
0.142556
0.121067
0.0044859
0.0907287
0.0086618
0.131166
0.0849327
0.14094
0.148141
0.120276
0.077089
0.150667
0.12738
0.0194355
0.0339906
0.0968622
0.0119825
0.130478
0.00927926
0.132612
0.0843569
0.0727641
0.00398243
0.129228
0.0951872
0.122728
0.0884169
0.0232129
0.0997812
0.0966378
0.069505
0.149788
0.0918087
0.0762207
0.124787
0.0120863
0.0084042
0.129144
0.0979846
0.0956495
0.131206
0.0237923
0.122436
0.120499
0.0927414
0.116096
0.152448
0.108577
0.0744408
0.0177645
0.0237533
0.125366
0.126037
0.0794164
0.122506
0.0274521
0.0890714
0.131761
0.076587
0.00253516
0.10507
0.128011
0.0838231
0.112526
0.0216271
0.124681
0.0817681
0.129112
0.0847765
0.1218
0.0191456
0.092649
0.0382711
0.13039
0.0533637
0.0706149
0.1194
0.0136054
0.129705
0.110728
0.0384264
0.060309
0.0647059
0.000999909
0.0895032
0.0964431
0.12857
0.00403387
0.124485
0.0902411
0.0265049
0.018572
0.123679
0.143203
0.137922
0.0849527
0.0943846
0.0772084
0.0693636
0.0142549
0.0409121
0.117413
0.139631
0.111385
0.0529402
0.0942498
0.0730605
0.0335902
0.00446854
0.143221
0.105656
0.0924596
0.111846
0.00138382
0.0848195
0.0884536
0.0763456
0.0984249
0.0348517
0.0889031
0.0910944
0.0467387
0.0265603
0.0956358
0.128668
0.0286115
0.0248368
0.0940059
0.0206218
0.128955
0.126688
0.00204308
0.0676969
0.0870522
0.106129
0.129346
0.0721998
0.13452
0.138305
0.0935849
0.103357
0.00108765
0.00108662
0.00108253
0.00132083
0.0532646
0.104412
0.097925
0.106297
0.0413453
0.101309
0.126185
0.106515
0.110437
0.0927027
0.0910393
0.0192586
0.14037
0.00121697
0.122542
0.10219
0.125544
0.0129932
0.113355
0.0716821
0.104149
0.130274
0.0975422
0.00114923
0.126512
0.0020515
0.00707386
0.0737046
0.00156575
0.0852003
0.00659407
0.127185
0.128097
0.00796756
0.0344958
0.0917534
0.14039
0.07035
0.112902
0.0620317
0.0977904
0.136742
0.00101469
0.00117576
0.00108253
0.00105696
0.00103771
0.00115068
0.00103323
0.00120825
0.000930025
0.00108178
0.00114862
0.00108253
0.0010352
0.00108253
0.00108253
0.00123399
0.00109664
0.0010652
0.00109163
0.00105296
0.141029
0.0672796
0.0951492
0.0129593
0.132169
0.105044
0.061269
0.153658
0.136932
0.064839
0.0424299
0.125795
0.0761521
0.0820366
0.00403754
0.0912679
0.0216473
0.0651325
0.139963
0.0713154
0.124592
0.081572
0.0953163
0.123061
0.0849687
0.0721423
0.0889528
0.0473237
0.117647
0.0954796
0.00109408
0.00103778
0.00100647
0.00109228
0.00107919
0.074468
0.14407
0.0208589
0.135653
0.0737388
0.0623335
0.0743931
0.140499
0.0735319
0.0156586
0.113323
0.0870895
0.0749117
0.0631068
0.0019378
0.0738004
0.0527714
0.0616198
0.125561
0.00213149
0.105973
0.00370295
0.0284368
0.00488382
0.0254094
0.0120616
0.00203782
0.135392
0.0970547
0.000927627
0.00381681
0.00196076
0.00159803
0.0187718
0.12872
0.0205737
0.113634
0.0717174
0.100351
0.0805396
0.0830775
0.131487
0.122197
0.0139222
0.0209697
0.0666136
0.0826596
0.112642
0.160246
0.035343
0.0704773
0.0578417
0.0262329
0.102198
0.138433
0.0790012
0.0748201
0.0125488
0.081312
0.155297
0.111799
0.125483
0.123151
0.11137
0.124134
0.0698757
0.132051
0.0626652
0.0833208
0.089772
0.000963506
0.0980535
0.112387
0.131805
0.0143745
0.0928177
0.0893709
0.137921
0.0873947
0.0014028
0.00582375
0.00207416
0.104578
0.070551
0.0621143
0.0571528
0.13533
0.0312793
0.118948
0.125966
0.0615036
0.0626693
0.0565897
0.026427
0.00824113
0.063412
0.0602372
0.0871806
0.00212227
0.0797915
0.0141476
0.0403487
0.0811582
0.113735
0.0029038
0.109118
0.0551014
0.135965
0.0560598
0.120245
0.00243778
0.13131
0.044909
0.00648057
0.117896
0.117609
0.0192748
0.0156765
0.0975991
0.0763257
0.0398346
0.0634106
0.0851771
0.0142998
0.14465
0.0677265
0.0275119
0.14896
0.00393166
0.0445495
0.125761
0.121198
0.0468547
0.131311
0.00699256
0.00100195
0.126934
0.048554
0.147787
0.0015378
0.104866
0.0125253
0.10351
0.0991098
0.123144
0.0726583
0.112998
0.121719
0.105111
0.126471
0.103386
0.143207
0.0224724
0.103661
0.0775074
0.124196
0.157369
0.0400494
0.0308657
0.0748658
0.0825903
0.00505992
0.0738811
0.119853
0.0830481
0.0153852
0.0942435
0.126567
0.121759
0.0142475
0.110739
0.0828404
0.11605
0.106927
0.0035775
0.00200795
0.0275021
0.120056
0.140301
0.0850386
0.121963
0.0934743
0.124076
0.12421
0.057056
0.15137
0.0286302
0.163942
0.0145245
0.012484
0.100023
0.00205002
0.0817798
0.0462118
0.148451
0.118363
0.103568
0.0865484
0.00833482
0.0233091
0.125182
0.0798826
0.00970116
0.120541
0.123384
0.0233344
0.0014254
0.0822238
0.128208
0.0138667
0.00567067
0.0769369
0.115067
0.0139094
0.101551
0.133139
0.121934
0.129016
0.135107
0.0805479
0.064769
0.0782864
0.132718
0.0052803
0.0446425
0.0190528
0.0136661
0.108871
0.0920006
0.0029394
0.123036
0.0538423
0.0828584
0.0501005
0.127969
0.123751
0.0242662
0.0932684
0.134898
0.0720385
0.1127
0.0020375
0.0552833
0.127088
0.124783
0.00298737
0.0846397
0.115755
0.163257
0.139222
0.00764818
0.00100922
0.0010813
0.0559953
0.0897169
0.131256
0.137911
0.0656678
0.00699617
0.065123
0.0144727
0.00645043
0.0142052
0.126313
0.00103426
0.106613
0.156665
0.130551
0.051819
0.068369
0.00122994
0.136334
0.0141264
0.0122232
0.130047
0.00268385
0.0822796
0.00468247
0.112265
0.127574
0.0935564
0.0116828
0.0243218
0.0550046
0.00105895
0.0311935
0.0710979
0.0795218
0.0525646
0.0331857
0.0745628
0.103186
0.0547312
0.112807
0.137871
0.0652839
0.0863495
0.0885708
0.138383
0.00108253
0.00112827
0.0861981
0.122603
0.0457322
0.134184
0.0342719
0.0703626
0.0564578
0.0549948
0.134765
0.117239
0.123195
0.0175672
0.00116719
0.13068
0.100242
0.0720059
0.0921357
0.00209848
0.00107371
0.0829713
0.0351753
0.114591
0.103027
0.0155571
0.0735526
0.133721
0.10454
0.0207282
0.116531
0.0772457
0.0909825
0.0518315
0.00572904
0.0636943
0.0288988
0.00248114
0.0134614
0.111038
0.0651512
0.0677454
0.00454672
0.116153
0.0127018
0.00861679
0.0336023
0.0908499
0.139969
0.0193403
0.105721
0.0862411
0.0194108
0.136489
0.0354496
0.0881194
0.0158516
0.0628365
0.00118193
0.00108253
0.11021
0.115008
0.0198479
0.0455084
0.0624222
0.0748279
0.115024
0.0615767
0.0767907
0.122461
0.0119573
0.115197
0.0825505
0.0207086
0.0569753
0.016987
0.0813558
0.0650713
0.0947818
0.0478731
0.0968775
0.0901695
0.0650658
0.09064
0.0599918
0.0993605
0.041078
0.00913616
0.0861819
0.0450109
0.104441
0.000905202
0.01609
0.0638392
0.0163245
0.119038
0.0167043
0.00462292
0.0342653
0.124908
0.00421816
0.129566
0.110753
0.0216839
0.12172
0.00382622
0.0562663
0.0378753
0.0563641
0.0953911
0.0963152
0.0761481
0.0691459
0.100336
0.0788577
0.00209324
0.00274475
0.0137142
0.161913
0.113716
0.00669275
0.104005
0.0888294
0.0660484
0.00418452
0.00561746
0.117225
0.00103255
0.00630265
0.05871
0.0750774
0.0881251
0.00554344
0.093801
0.0913081
0.0976981
0.00108253
0.0119761
0.0612071
0.109798
0.0832394
0.0670755
0.014144
0.0670139
0.0697506
0.144318
0.0886368
0.121075
0.0177968
0.0439098
0.00181178
0.0109468
0.00386308
0.116971
0.0867983
0.0708319
0.0716473
0.0984003
0.00611027
0.0667341
0.00105936
0.0259173
0.0363346
0.0638982
0.00154344
0.09088
0.00105922
0.00956976
0.0395235
0.0025382
0.11723
0.117025
0.111668
0.0670055
0.128251
0.0150212
0.0344048
0.0136761
0.00113786
0.00108253
0.100423
0.103459
0.0192614
0.0343108
0.0610005
0.0853936
0.0388557
0.0799561
0.0567948
0.00405619
0.0760587
0.138457
0.00226562
0.00282785
0.0600229
0.0263449
0.0053374
0.0454296
0.0129689
0.043317
0.00884664
0.0589445
0.00107383
0.0712475
0.00185128
0.00233319
0.0940923
0.0133037
0.00425941
0.00381034
0.112968
0.0950503
0.0158418
0.00386199
0.000994141
0.0931226
0.00106761
0.0533052
0.0489563
0.0158634
0.00177695
0.0574252
0.00108253
0.000775616
0.11138
0.00116592
0.0541494
0.00235878
0.0466529
0.045805
0.00108276
0.0497413
0.0698903
0.00108816
0.000848741
0.0703804
0.0295297
0.0719091
0.00217317
0.017998
0.0842022
0.0865564
0.0952501
0.0782545
0.120624
0.0841536
0.000846446
0.122961
0.00259834
0.0941807
0.0712687
0.0949482
0.0924083
0.130559
0.108708
0.0912955
0.0449851
0.00451483
0.00509866
0.0247459
0.077652
0.00126998
0.00112435
0.066251
0.0499944
0.023742
0.00204595
0.126635
0.0261215
0.00638276
0.00743232
0.0148728
0.0163925
0.119401
0.0132563
0.00121226
0.00184899
0.0341425
0.0040957
0.0581786
0.0118016
0.127663
0.0529059
0.0161886
0.0180917
0.0869292
0.0646164
0.0623556
0.0876369
0.00557942
0.142011
0.0876351
0.0122523
0.0894567
0.00433438
0.101053
0.0264113
0.0821391
0.0161826
0.126566
0.141313
0.044336
0.0254005
0.0590616
0.0602582
0.00125404
0.0437135
0.00942518
0.0657526
0.0572645
0.0747064
0.0966904
0.0110058
0.124287
0.0800891
0.135877
0.0791222
0.00357154
0.0543677
0.00201624
0.0250823
0.0662922
0.0840835
0.120198
0.0835916
0.0467818
0.0025448
0.0342368
0.0442698
0.0192081
0.0264753
0.0332938
0.0956697
0.00104116
0.00493384
0.0138379
0.00201632
0.0126134
0.0182691
0.00973097
0.106411
0.0703916
0.0520846
0.018762
0.057065
0.0651261
0.00572385
0.0181878
0.0104383
0.113701
0.00929533
0.119905
0.0821363
0.00113722
0.00706813
0.00382015
0.0619912
0.0824749
0.0783903
0.104419
0.0153161
0.0288974
0.00193967
0.127576
0.0411173
0.0884865
0.123181
0.0908865
0.0987659
0.0122944
0.0800598
0.0360409
0.0411565
0.0267446
0.0856482
0.00811926
0.00235486
0.00451771
0.0565976
0.00923493
0.0282552
0.0450961
0.0238636
0.0556356
0.0542572
0.0251663
0.113316
0.00115416
0.0618615
0.0282347
0.0096683
0.0523276
0.00822399
0.0972807
0.0083521
0.0428272
0.0817112
0.00119827
0.0213246
0.047897
0.134468
0.0116483
0.0563594
0.00980727
0.0161987
0.00779261
0.0404289
0.0692481
0.0647684
0.0793901
0.00207276
0.117557
0.120053
0.0459873
0.00733401
0.021318
0.0904144
0.137913
0.0329457
0.143827
0.0479284
0.0964447
0.110991
0.0025348
0.00435031
0.0239913
0.157806
0.162873
0.0198935
0.125159
0.132966
0.020988
0.0458064
0.0293533
0.0732291
0.0337143
0.0827277
0.0941963
0.0708562
0.00712174
0.00838645
0.00768626
0.0244264
0.0444603
0.00124861
0.050384
0.0594579
0.0877087
0.00907488
0.00189623
0.126383
0.0106706
0.126432
0.0305069
0.00191096
0.125148
0.0302344
0.0444557
0.00673378
0.00115602
0.0288213
0.0067901
0.00913652
0.101679
0.0558756
0.061617
0.0725185
0.0972522
0.0613478
0.00642548
0.0120368
0.00279311
0.06175
0.0971136
0.0330116
0.0357993
0.0440226
0.00104923
0.00111519
0.00586911
0.0929001
0.100446
0.019229
0.0611096
0.0509507
0.0283785
0.035348
0.0146739
0.125121
0.126118
0.05559
0.00195611
0.0198424
0.111507
0.00536645
0.00168224
0.00505708
0.057364
0.0137594
0.0140326
0.165713
0.123188
0.00149792
0.024513
0.00307218
0.0647571
0.00475905
0.0805487
0.0700513
0.0316891
0.0371566
0.00111494
0.00513807
0.0253083
0.0293852
0.0958212
0.0129232
0.0144516
0.0148764
0.015827
0.0702814
0.018938
0.0322477
0.000787757
0.00171568
0.063006
0.012914
0.080023
0.00764377
0.0296465
0.030002
0.0716987
0.000913931
0.00106718
0.0096356
0.00853526
0.131346
0.0787669
0.136782
0.105232
0.0453908
0.0449983
0.0694182
0.00100215
0.0123391
0.135382
0.00101578
0.140162
0.0853246
0.125807
0.00795159
0.0418771
0.069056
0.155879
0.0128866
0.0345821
0.0212656
0.00105745
0.00658419
0.101255
0.0273737
0.00430082
0.0171651
0.00108824
0.0332569
0.0138396
0.123648
0.00108253
0.0101645
0.0189148
0.130122
0.122868
0.0328932
0.0354639
0.0381796
0.016478
0.0091808
0.109961
0.0880401
0.124749
0.0662816
0.106557
0.00112873
0.00629117
0.00584951
0.00658377
0.0101845
0.00208521
0.0901034
0.14394
0.128155
0.0683042
0.039435
0.0248351
0.0586352
0.0252761
0.0889525
0.0470798
0.0101238
0.0106308
0.0405132
0.140953
0.0375032
0.105617
0.0424597
0.00382585
0.0268492
0.0414555
0.123051
0.00159411
0.0829647
0.0210094
0.00109862
0.126292
0.0720048
0.0213218
0.0700512
0.0459881
0.0400618
0.00108253
0.103327
0.0421625
0.0407061
0.038811
0.035364
0.0265053
0.0659575
0.026677
0.015916
0.119861
0.0416048
0.018338
0.0189118
0.0958945
0.0360046
0.0798327
0.141583
0.00185176
0.0870867
0.00204439
0.149806
0.0381421
0.0128351
0.0223289
0.0133401
0.0201891
0.00182245
0.127065
0.00156841
0.158664
0.0189282
0.0315187
0.0204035
0.0642946
0.0318131
0.036336
0.0172904
0.00842429
0.0417182
0.00440455
0.137475
0.0309008
0.114415
0.00697034
0.0171402
0.0222413
0.00609524
0.0130015
0.0306479
0.0543353
0.00454698
0.0300321
0.0435996
0.0199367
0.00108253
0.00418503
0.0119696
0.121289
0.0160247
0.00158008
0.00464886
0.0449844
0.035461
0.0160701
0.0371311
0.0928843
0.00409572
0.00128119
0.0235495
0.00602164
0.016843
0.12632
0.0705415
0.0632594
0.0202569
0.0511041
0.141989
0.00540929
0.0912223
0.0606609
0.0397417
0.129429
0.0477781
0.12629
0.0482412
0.00908376
0.0497482
0.00110124
0.040289
0.0436253
0.00232977
0.0308419
0.036905
0.00283382
0.0892954
0.0520211
0.0363442
0.0191715
0.00837989
0.0435074
0.049899
0.033606
0.0845646
0.140186
0.0141191
0.0218968
0.0290006
0.00255398
0.140184
0.113664
0.126234
0.0346818
0.0219955
0.00224832
0.00446672
0.0614263
0.0197672
0.0199345
0.0214597
0.0208388
0.0151723
0.0160543
0.00228385
0.0176082
0.0615719
0.0274377
0.0263276
0.135996
0.0580219
0.0219749
0.00902231
0.00423379
0.00926252
0.0790529
0.00104588
0.00121832
0.0294251
0.041599
0.0800854
0.0279759
0.014571
0.0332625
0.0240597
0.00105717
0.00810579
0.128119
0.00221582
0.00115117
0.027949
0.0292351
0.0314301
0.0274502
0.00175851
0.0112899
0.0298666
0.00415371
0.00746069
0.00903189
0.0176058
0.012098
0.00182111
0.001266
0.0181673
0.0132859
0.0448993
0.00108253
0.00105615
0.0414072
0.117327
0.0622279
0.0660203
0.0123496
0.128412
0.0018601
0.00595629
0.0467637
0.00294843
0.00490459
0.0365132
0.0266354
0.125058
0.0193423
0.00973464
0.031361
0.0319964
0.0119397
0.0324302
0.110186
0.0974667
0.0926996
0.118978
0.016267
0.0324586
0.00531904
0.108319
0.0347352
0.0450108
0.0205546
0.00105031
0.125174
0.0182988
0.0713828
0.00366447
0.128333
0.125492
0.0159768
0.0625503
0.00105553
0.0854691
0.0661474
0.0439769
0.0550632
0.100888
0.0128644
0.0159174
0.0153965
0.0149141
0.0468511
0.0011772
0.107666
0.0341999
0.00271622
0.00183913
0.00113006
0.0179733
0.0412505
0.001724
0.0322449
0.00109091
0.00108253
0.0225377
0.0431691
0.00170404
0.0442801
0.131505
0.0123888
0.0187394
0.0248688
0.00465776
0.00502879
0.0250999
0.0635982
0.116577
0.00953592
0.000715337
0.00848048
0.00873359
0.0074699
0.0173718
0.0165022
0.0927077
0.0301327
0.0135335
0.0128755
0.0140756
0.0013027
0.00103211
0.0789497
0.0191221
0.00280113
0.020862
0.0129498
0.0167285
0.0889596
0.0128198
0.0619428
0.0103997
0.101781
0.0181471
0.126647
0.10295
0.125095
0.137787
0.109425
0.00115266
0.0569912
0.00883781
0.0413461
0.0883403
0.103452
0.0679656
0.00798992
0.0400132
0.00114459
0.00112744
0.0292854
0.0214243
0.044971
0.0223656
0.0422567
0.113446
0.0314028
0.118931
0.0651439
0.0607228
0.130112
0.0834045
0.00335477
0.0418511
0.0663324
0.104064
0.116901
0.00122553
0.00108253
0.0102612
0.0191584
0.0369126
0.0165176
0.0543344
0.0456339
0.152757
0.0223617
0.0978355
0.0676265
0.0234573
0.0166973
0.00425015
0.00106012
0.0591252
0.0577946
0.0709846
0.0337136
0.0782083
0.0810958
0.0877357
0.0258031
0.00679872
0.00110104
0.0298237
0.14072
0.0215368
0.102294
0.0421765
0.0193491
0.00470896
0.00113074
0.118947
0.00442112
0.0337784
0.127044
0.121087
0.0249516
0.0529377
0.0340877
0.00271636
0.0494143
0.0641793
0.0963152
0.0201032
0.00333518
0.0411785
0.0155379
0.00741963
0.00129482
0.0289937
0.00113433
0.014163
0.0144496
0.0993722
0.0134888
0.145017
0.0079333
0.0816188
0.108384
0.014777
0.0195983
0.039715
0.0127593
0.106231
0.0399171
0.0937692
0.13982
0.0973377
0.0319309
0.0197284
0.0431589
0.0123906
0.00127549
0.0249817
0.00186285
0.121329
0.0196971
0.00107075
0.0228823
0.0387718
0.00107653
0.126567
0.108394
0.121627
0.0251029
0.0182951
0.0372132
0.0033029
0.0189966
0.129058
0.0137363
0.00119958
0.139759
0.0394253
0.0272239
0.00976106
0.00459382
0.00226425
0.00292047
0.0132783
0.0159099
0.00822516
0.0182379
0.0179649
0.0784918
0.0447376
0.0233804
0.128356
0.0466395
0.102634
0.00198371
0.0308429
0.0586348
0.00510258
0.0448335
0.00179703
0.0206247
0.0353971
0.0864421
0.0279238
0.0269145
0.0417307
0.0270456
0.0245847
0.115823
0.0595134
0.12716
0.0338384
0.0106325
0.0018333
0.0145582
0.00126688
0.00120878
0.00720731
0.00209142
0.0383016
0.00486116
0.00793289
0.00436327
0.0116738
0.0332416
0.0444947
0.118127
0.00108253
0.0336349
0.0011725
0.0121207
0.0399895
0.0292993
0.0252943
0.129299
0.0339666
0.00823366
0.0979012
0.0166902
0.00111638
0.028577
0.0380311
0.0150313
0.0695431
0.11887
0.0172128
0.0328867
0.0143303
0.131576
0.0109198
0.0366174
0.00202653
0.0248319
0.0426958
0.00127213
0.0218954
0.00304449
0.10467
0.0310013
0.00865611
0.0013102
0.124584
0.0123439
0.00214348
0.00750923
0.0058034
0.0163118
0.0541763
0.0240303
0.00470211
0.00108253
0.0382399
0.140506
0.00105206
0.0614177
0.00555375
0.0288322
0.108547
0.00949224
0.00615472
0.119042
0.0676045
0.0306442
0.119994
0.0852961
0.00661516
0.0243651
0.0103011
0.00698605
0.0227119
0.00150584
0.0157596
0.0186034
0.00501045
0.0213184
0.0495382
0.00962163
0.0200055
0.0322699
0.00766669
0.124648
0.0087114
0.0351698
0.0850506
0.0455405
0.00819516
0.127994
0.000996233
0.00111787
0.00440857
0.0835136
0.0898098
0.0191219
0.0978993
0.0128939
0.00103842
0.00107406
0.042791
0.14486
0.0241228
0.0190498
0.0196447
0.00787178
0.035298
0.023514
0.00782486
0.029032
0.0189643
0.0262319
0.00747807
0.0210774
0.0994899
0.00456319
0.00199132
0.0455666
0.128256
0.00126635
0.0183618
0.00673178
0.00110165
0.0319558
0.0263537
0.0294184
0.0293324
0.144128
0.0422887
0.0230785
0.0296127
0.00659411
0.00108445
0.0914975
0.0515884
0.00844062
0.00496665
0.115486
0.117957
0.0552053
0.0199801
0.015992
0.0649744
0.0454747
0.00810308
0.0284394
0.141061
0.0476223
0.00151553
0.0847633
0.00260087
0.000959573
0.0833368
0.00877253
0.016788
0.00793124
0.0337815
0.00384511
0.00113735
0.00109844
0.00955924
0.034104
0.028539
0.00990925
0.0101443
0.00111765
0.125832
0.0876746
0.132145
0.002233
0.0143428
0.00665741
0.0534745
0.0226016
0.0113972
0.0183553
0.097977
0.0110003
0.068044
0.00998921
0.0010932
0.009203
0.0866461
0.096146
0.00574256
0.119243
0.0431708
0.00100729
0.125279
0.0340305
0.00210661
0.00510383
0.130968
0.0270314
0.121554
0.0141765
0.00949897
0.0262517
0.00819398
0.0947724
0.00732007
0.0890719
0.0161663
0.00122405
0.0598164
0.136328
0.00570318
0.139421
0.0818852
0.0850863
0.00626324
0.0106122
0.130854
0.0488344
0.0553338
0.0683747
0.0810131
0.00911908
0.0654517
0.00108678
0.0830614
0.128715
0.127598
0.122083
0.162499
0.0135369
0.131137
0.00113222
0.0010808
0.0237717
0.00475306
0.00528088
0.00306784
0.033804
0.0647916
0.00972059
0.0051671
0.0461663
0.00869403
0.124792
0.00213682
0.0392425
0.0632759
0.0339346
0.0165024
0.0300065
0.0817768
0.00508795
0.0348743
0.00107363
0.00683932
0.00108253
0.120874
0.00738413
0.010064
0.0437348
0.0102161
0.00844993
0.0219327
0.0182553
0.0974819
0.00935311
0.00839041
0.0670988
0.00911269
0.104821
0.00973177
0.124513
0.0114052
0.00561355
0.0353706
0.00600699
0.122139
0.0223778
0.00678012
0.0115531
0.00633896
0.064727
0.024839
0.0168494
0.00959126
0.0025957
0.06489
0.0858258
0.0368436
0.00649467
0.0359569
0.0255924
0.00398765
0.0421109
0.0358025
0.0938026
0.0149027
0.00767209
0.0111306
0.0196408
0.107045
0.00749828
0.00484744
0.0357662
0.026181
0.110434
0.0562758
0.12926
0.00111725
0.0201061
0.00627282
0.0259676
0.0751054
0.00120666
0.00112333
0.043471
0.0267664
0.00938909
0.0205121
0.0341659
0.131979
0.0350183
0.0952299
0.130843
0.0161145
0.0195537
0.0423179
0.00592957
0.113832
0.00454937
0.00844369
0.00448642
0.0197544
0.0183922
0.124994
0.00262007
0.0122538
0.129556
0.0639355
0.00514183
0.127041
0.00243894
0.00381296
0.00226657
0.0145728
0.0188849
0.0205895
0.0282666
0.0459812
0.00430991
0.0818562
0.00437281
0.0645728
0.00141224
0.0629424
0.0997839
0.0208235
0.0434451
0.00558342
0.0171817
0.00969573
0.00110688
0.0101036
0.0225557
0.00124297
0.0623245
0.0339253
0.00242699
0.00481378
0.00397521
0.00782494
0.0913221
0.0432256
0.0075954
0.0151746
0.00184903
0.00341645
0.00387688
0.00483338
0.0709678
0.00262637
0.00487494
0.121831
0.00301231
0.12043
0.0153534
0.0023749
0.160605
0.0178306
0.106334
0.00529085
0.0365136
0.105997
0.127215
0.0690525
0.00235604
0.00625124
0.00220814
0.00534956
0.0058761
0.00110181
0.0172419
0.0569453
0.0188592
0.0863626
0.0890154
0.00643038
0.134101
0.0018191
0.0137156
0.00106598
0.0322704
0.0153366
0.00893728
0.134077
0.0802806
0.103056
0.0162238
0.042089
0.0173215
0.00618298
0.00123147
0.0385413
0.00211734
0.073919
0.00466115
0.132839
0.00914278
0.000972819
0.0071092
0.00104915
0.124957
0.0446319
0.00980665
0.0579609
0.0205018
0.00125493
0.0147082
0.0013175
0.0176542
0.00158971
0.0117877
0.00618683
0.125706
0.00477473
0.0162161
0.0539442
0.029368
0.0338009
0.0047083
0.0150702
0.0582641
0.00190786
0.0061918
0.0321826
0.00110139
0.136917
0.0193241
0.042766
0.0216604
0.00245419
0.0243654
0.00107006
0.00136789
0.0394354
0.106647
0.0143516
0.00916355
0.0157246
0.00556004
0.00231146
0.0448439
0.00170521
0.0622453
0.104195
0.00816232
0.00492419
0.00839664
0.0196715
0.0632612
0.00778568
0.00581044
0.00207532
0.0017056
0.00621589
0.000991418
0.00283616
0.00318145
0.00710104
0.00104826
0.00107754
0.0012228
0.00322061
0.00117187
0.00112252
0.00108253
0.122429
0.00221907
0.124203
0.0139015
0.00103337
0.0246
0.00965472
0.0066848
0.01561
0.0246524
0.0450864
0.0294385
0.0197308
0.0202191
0.09495
0.047769
0.0271911
0.00167893
0.0506831
0.0192693
0.0981513
0.137367
0.0880302
0.0425919
0.00420873
0.0125876
0.0202974
0.00104505
0.136084
0.00213847
0.0683531
0.0456441
0.0164092
0.041315
0.13894
0.113968
0.00796426
0.0237578
0.0096806
0.0556471
0.0505226
0.00869447
0.00512493
0.00191928
0.0128064
0.0126706
0.00187126
0.129732
0.0021333
0.00250339
0.00109973
0.0528253
0.120214
0.038436
0.00601074
0.111441
0.0023577
0.0610934
0.00337132
0.115539
0.0011996
0.0419848
0.00571927
0.0224639
0.142713
0.0438334
0.0107908
0.0261959
0.00791909
0.00246756
0.0640539
0.0795105
0.0050317
0.0192952
0.0137608
0.134832
0.00313247
0.0282638
0.13174
0.00874826
0.00215313
0.00338309
0.0192863
0.0294765
0.0229727
0.00822218
0.158738
0.00459487
0.035735
0.0187097
0.00583726
0.0014862
0.0149842
0.0490142
0.128915
0.00224979
0.0360617
0.0150867
0.126762
0.00125918
0.00110717
0.0420536
0.0834647
0.00486888
0.00211201
0.00211191
0.00435254
0.0384377
0.0057709
0.00736471
0.00209337
0.0021104
0.0242069
0.02352
0.0200165
0.00362565
0.135862
0.00385418
0.0139518
0.019362
0.00475906
0.102213
0.0422801
0.0160282
0.127759
0.00208982
0.0894093
0.0525155
0.00284916
0.00581566
0.00581251
0.0236463
0.00616513
0.00827097
0.122731
0.012975
0.0327213
0.00788689
0.00181575
0.00144998
0.0235969
0.124487
0.0075168
0.00399368
0.0166187
0.0267896
0.0388591
0.121934
0.00881232
0.00554643
0.0456628
0.00205805
0.09318
0.00120224
0.00712539
0.155692
0.0109636
0.0293766
0.0168709
0.0101918
0.00782753
0.0217495
0.127005
0.00629597
0.0752743
0.00584549
0.112663
0.00197625
0.00994861
0.0042009
0.00628342
0.00213969
0.00896297
0.0913844
0.00229137
0.0971784
0.0372929
0.139282
0.0383472
0.0191924
0.0255526
0.020758
0.131259
0.0159748
0.00974372
0.00737017
0.0108105
0.0054882
0.0619375
0.00820173
0.0706854
0.141226
0.146712
0.122812
0.00766805
0.0412696
0.135665
0.019552
0.015474
0.00925678
0.140995
0.00806059
0.00219732
0.00119004
0.0289487
0.0139683
0.0094598
0.0932593
0.0304185
0.00706538
0.00764252
0.00204794
0.00834941
0.132776
0.00851234
0.0920688
0.00317361
0.00266978
0.00191327
0.0168306
0.0911573
0.00118709
0.0559693
0.107333
0.0263161
0.00577192
0.0145404
0.0136685
0.010995
0.0881951
0.00210717
0.0145251
0.00102185
0.00445302
0.00436243
0.0144795
0.0326787
0.137183
0.0369793
0.10474
0.0234397
0.00131412
0.00111054
0.00251582
0.00416493
0.00504404
0.111993
0.0417823
0.0344256
0.0244221
0.00147903
0.033582
0.137684
0.110306
0.0802069
0.114462
0.0115368
0.0173256
0.055276
0.0177352
0.0127423
0.00485356
0.0071549
0.00113927
0.0717822
0.00774419
0.0124023
0.0043731
0.120557
0.161077
0.112902
0.00857303
0.0212943
0.0121882
0.0096454
0.00685
0.0147964
0.12313
0.117472
0.00854979
0.0558467
0.00401938
0.0233522
0.0173895
0.0584094
0.00232849
0.0169865
0.0387549
0.0128886
0.119372
0.00636651
0.0373811
0.0653532
0.00319134
0.00904196
0.0124638
0.0666969
0.124508
0.0820405
0.107842
0.0461077
0.00682573
0.00969991
0.0147574
0.0163495
0.00636045
0.139873
0.0062181
0.143175
0.00495345
0.00263834
0.0210514
0.113033
0.0690478
0.0137118
0.00192479
0.0259539
0.00532883
0.0192397
0.149608
0.00192017
0.111848
0.0057965
0.00228375
0.0445943
0.00234551
0.12229
0.0363692
0.0166789
0.00127949
0.0546752
0.0168411
0.00282321
0.0151736
0.00244682
0.060391
0.137978
0.00238925
0.00117268
0.00102317
0.0011336
0.00560043
0.127169
0.0928362
0.0359373
0.0907625
0.108124
0.00826413
0.00192466
0.0131742
0.00139856
0.128078
0.07341
0.0146962
0.0118703
0.0422005
0.106755
0.12498
0.00207116
0.0152434
0.00601157
0.112237
0.114248
0.137987
0.0117596
0.0119063
0.0208775
0.0252733
0.00319897
0.00422681
0.0248165
0.0147385
0.0550557
0.126971
0.00410148
0.00199568
0.0901928
0.00563292
0.0888134
0.00103963
0.130499
0.00276884
0.135461
0.0104989
0.127077
0.0306322
0.0329809
0.00851238
0.00554585
0.00478558
0.050261
0.113528
0.126516
0.00163703
0.00103784
0.0234771
0.00518781
0.00820783
0.0323859
0.0245982
0.00105568
0.00757916
0.0803119
0.00257695
0.00232627
0.00391087
0.133458
0.0789466
0.141578
0.0609643
0.0103798
0.130976
0.140405
0.0240835
0.00613933
0.120611
0.00119314
0.000918072
0.00134462
0.00653472
0.00112211
0.00107596
0.0071439
0.00160997
0.00445595
0.00181597
0.00700599
0.00609967
0.0656198
0.00196523
0.0977994
0.0010744
0.0135634
0.0910746
0.00110389
0.00653815
0.0898316
0.00300031
0.00195368
0.0972569
0.00743823
0.0698034
0.00422428
0.00129833
0.00114453
0.117518
0.00245872
0.00121566
0.00114533
0.00739948
0.0106934
0.0094137
0.0904057
0.00469847
0.0126902
0.0127068
0.0308313
0.0223877
0.107358
0.00105058
0.0454012
0.00184635
0.0147437
0.0141234
0.00394826
0.0229002
0.0279571
0.131041
0.118033
0.0421878
0.00136923
0.103285
0.017604
0.00103662
0.00161872
0.00371601
0.0262825
0.00759369
0.0057461
0.059781
0.0418707
0.029705
0.000978373
0.0257071
0.00173293
0.0440434
0.121558
0.0101882
0.0131917
0.00708527
0.00103197
0.0846946
0.00394187
0.0252956
0.0743004
0.00789789
0.00219961
0.0477286
0.00110975
0.0208886
0.00226654
0.00582368
0.00281826
0.0653298
0.00113153
0.00522918
0.0185406
0.0223498
0.00236807
0.00387867
0.0868504
0.0635218
0.001554
0.0994488
0.111507
0.0336672
0.0081833
0.0021178
0.11087
0.00740056
0.0123643
0.00999481
0.0112489
0.0471714
0.0368317
0.0537338
0.12662
0.00464828
0.00250379
0.0194739
0.0918503
0.122079
0.00833761
0.103625
0.0254281
0.00774902
0.129905
0.0284211
0.00595205
0.0685635
0.0970726
0.0141503
0.0299078
0.0841436
0.00804831
0.00682874
0.00850702
0.134293
0.130075
0.0217423
0.00417212
0.152967
0.0184974
0.0892252
0.0263681
0.00444713
0.130318
0.000891463
0.0892146
0.00101863
0.00618256
0.126906
0.0106978
0.0172192
0.0270735
0.00265769
0.00103028
0.130789
0.0077709
0.0902291
0.00186156
0.00270877
0.117471
0.00119863
0.125128
0.0905065
0.0107458
0.0117088
0.00308182
0.00490912
0.00334978
0.0803652
0.00453
0.0677425
0.00141234
0.0450567
0.0105123
0.00111977
0.166595
0.0818646
0.00942634
0.0927181
0.00338669
0.00775306
0.0656934
0.0644892
0.0581198
0.0740473
0.00235619
0.00697778
0.0102191
0.00314575
0.0154646
0.0158947
0.0225548
0.0180594
0.0175332
0.123127
0.0278588
0.0843312
0.0683088
0.0187716
0.00833289
0.117373
0.00398236
0.00104372
0.0788159
0.00599067
0.0774418
0.00178134
0.0352311
0.00217466
0.00899419
0.116834
0.0050502
0.127629
0.00658363
0.00180641
0.0459911
0.155179
0.00395824
0.0208226
0.136918
0.00654079
0.00217453
0.134465
0.00117112
0.0354805
0.0711478
0.00353536
0.00197591
0.0252089
0.0657152
0.0236416
0.0310509
0.00701393
0.0579264
0.0893726
0.0890613
0.170376
0.00146679
0.0159956
0.123676
0.097346
0.0228733
0.00182298
0.00135257
0.00519902
0.0806621
0.00421292
0.00630241
0.11918
0.0359558
0.00586222
0.121192
0.0992621
0.00100646
0.0150324
0.00223695
0.0279882
0.00915288
0.00212518
0.00133677
0.00173427
0.0659754
0.00651286
0.106936
0.0363111
0.124317
0.000983333
0.00541689
0.0714865
0.0072965
0.00172339
0.00233739
0.11241
0.00117615
0.0377871
0.0328068
0.00506061
0.0025362
0.0130182
0.00170948
0.00990062
0.00221368
0.0921071
0.0215205
0.00390613
0.0474142
0.150404
0.00174708
0.0149383
0.0013267
0.00121824
0.0614615
0.00106645
0.0201799
0.00313928
0.116148
0.00471239
0.00207686
0.00812246
0.130027
0.0717208
0.00480834
0.0970858
0.0683549
0.00279053
0.0195139
0.0847052
0.00113737
0.0904663
0.0968315
0.102542
0.138554
0.0710047
0.0527118
0.123738
0.00130093
0.00206967
0.0232261
0.110378
0.0442607
0.0597462
0.0220057
0.0972346
0.00659256
0.0162289
0.00396238
0.0162458
0.0200387
0.0168368
0.0929652
0.00796848
0.0117972
0.0228733
0.00375656
0.00215665
0.00416081
0.101818
0.130067
0.0545155
0.00107011
0.00396918
0.00413943
0.00141777
0.0179257
0.0568637
0.00113873
0.019386
0.0430757
0.062793
0.0434556
0.00764817
0.0107617
0.0168431
0.0649793
0.0284931
0.0120754
0.0710245
0.0269382
0.0655628
0.00130281
0.0949594
0.0769267
0.00414038
0.138004
0.140534
0.0280465
0.0072579
0.0155775
0.00426223
0.00597699
0.121818
0.00484213
0.0158285
0.124896
0.116856
0.00112892
0.109745
0.00260676
0.0058039
0.0676165
0.00770466
0.120531
0.00207942
0.00403474
0.0046326
0.0195968
0.00551469
0.00118739
0.0148736
0.00238914
0.0016968
0.051028
0.099181
0.0182079
0.0113776
0.000962576
0.0164661
0.0190299
0.0461691
0.0353986
0.0542265
0.0119687
0.00987664
0.00101307
0.0189604
0.0291735
0.00444952
0.0127062
0.0876904
0.0463189
0.08345
0.108976
0.025549
0.116274
0.00908818
0.0168544
0.00483506
0.00107218
0.00123514
0.0586606
0.0830227
0.0076205
0.0116875
0.0862991
0.0232726
0.0800728
0.00290111
0.129139
0.00393641
0.00116705
0.122284
0.0571461
0.0797042
0.00130707
0.00661157
0.0111241
0.00220168
0.0521408
0.0300095
0.00255732
0.00142886
0.149638
0.00104132
0.0319536
0.0187781
0.00518731
0.0643815
0.0854936
0.0450945
0.00237351
0.0017067
0.00445494
0.00103285
0.133973
0.0931621
0.0876302
0.0196286
0.093596
0.0529154
0.0386484
0.0488457
0.00229101
0.129554
0.129554
0.00201104
0.00178801
0.0014995
0.0215614
0.0211486
0.0111998
0.00493151
0.00538183
0.00217947
0.00191791
0.00389664
0.0647025
0.00477482
0.0645287
0.0233541
0.0367854
0.00160268
0.0745911
0.0741011
0.082186
0.0288149
0.00547355
0.0278542
0.139672
0.0163308
0.00108419
0.0663294
0.0964628
0.00639078
0.0783621
0.0463887
0.0737915
0.0642841
0.00818943
0.00300454
0.0152232
0.0046776
0.00126107
0.02737
0.00078728
0.00348084
0.0191915
0.00550982
0.0853057
0.0054331
0.00776483
0.000967863
0.00304869
0.00208821
0.00116131
0.00725758
0.121344
0.0238195
0.129084
0.00116626
0.0682461
0.00232004
0.00513804
0.10757
0.00124028
0.00382137
0.0862223
0.000990708
0.00387016
0.0872746
0.00113963
0.0233181
0.015345
0.00221231
0.0156939
0.00261263
0.0011712
0.0761965
0.00207488
0.00416967
0.0928575
0.00123289
0.12383
0.00903652
0.0479237
0.0667665
0.00275703
0.0672135
0.0507537
0.00183079
0.000967142
0.00363693
0.089834
0.00105337
0.00208391
0.00405823
0.00434311
0.0939514
0.0913522
0.00198246
0.0893726
0.125684
0.114826
0.0435543
0.00268278
0.000834623
0.00888688
0.0871388
0.0224646
0.0411354
0.00230768
0.110568
0.027714
0.00313341
0.00209061
0.0021767
0.0013485
0.00498733
0.0656432
0.00203467
0.0896534
0.00199215
0.00306906
0.00906652
0.0390169
0.0499016
0.00478153
0.124088
0.00186439
0.100565
0.0735554
0.0904424
0.000786309
0.00144107
0.0641091
0.118636
0.00472793
0.00238336
0.0021743
0.00263543
0.0505644
0.000893437
0.0205083
0.0759594
0.0184442
0.0021953
0.124132
0.0363121
0.0863675
0.00219073
0.0024903
0.0479365
0.105242
0.00100158
0.00535726
0.000821424
0.0011186
0.00767744
0.00281785
0.00580818
0.125131
0.00210201
0.0623867
0.00222239
0.0482856
0.00345445
0.0742641
0.00852915
0.00722587
0.0163489
0.00237276
0.0872204
0.00810597
0.0271016
0.0631001
0.020194
0.0502216
0.0129151
0.0298068
0.0811282
0.045855
0.00836505
0.0239906
0.0969868
0.0923618
0.0941272
0.00411451
0.0296168
0.00865078
0.0789222
0.0293216
0.00203564
0.0331226
0.0136197
0.00879081
0.0939016
0.0707073
0.0012326
0.00824294
0.125651
0.00125023
0.123547
0.0544137
0.00129835
0.128612
0.130764
0.00951033
0.0352161
0.0046921
0.00482325
0.00212258
0.00424379
0.119009
0.00226124
0.135245
0.0287492
0.00502318
0.0167094
0.000983161
0.121094
0.127098
0.030051
0.00100467
0.000923677
0.0662301
0.0115742
0.126183
0.00831247
0.0686345
0.0524197
0.00249122
0.153647
0.0633273
0.00662409
0.0345614
0.00224113
0.1302
0.0010163
0.0921739
0.00122195
0.00449966
0.0436957
0.0601049
0.117114
0.0368325
0.00161515
0.0104255
0.00796748
0.00241874
0.00322876
0.0565894
0.031769
0.00134631
0.00358834
0.112131
0.0441907
0.0481886
0.00432735
0.00817957
0.00840731
0.0200728
0.089101
0.107777
0.0010116
0.0357583
0.0842707
0.0256763
0.0230968
0.0454928
0.0535027
0.017797
0.0106967
0.121925
0.00261165
0.0904267
0.0050187
0.121156
0.00670926
0.10909
0.0312508
0.0080168
0.00112606
0.00209596
0.00190082
0.0010418
0.0461774
0.00139339
0.0805946
0.0863534
0.0142463
0.00198858
0.000941807
0.102522
0.00446442
0.0021089
0.00247642
0.114421
0.0549635
0.060631
0.0319917
0.00200868
0.00390407
0.00704991
0.0103117
0.0380648
0.128064
0.0698321
0.0660024
0.00883939
0.00111234
0.0301256
0.000782
0.0077755
0.00492595
0.00825957
0.00119691
0.0075016
0.0940532
0.0709002
0.000873382
0.00205844
0.000987164
0.109119
0.0032025
0.00217452
0.0692653
0.107942
0.000723876
0.0491392
0.00387236
0.00863678
0.0364315
0.000808795
0.0856539
0.00377264
0.000854493
0.0191672
0.0010496
0.0858516
0.00118717
0.00266075
0.110299
0.000840004
0.0768374
0.0210236
0.0884611
0.0049402
0.00135427
0.0146493
0.0895398
0.00206128
0.129258
0.0807565
0.0880957
0.0141818
0.00133725
0.0921614
0.0254283
0.0810212
0.0023334
0.00126605
0.0336245
0.00887245
0.00140944
0.00421345
0.00402847
0.0276843
0.0175142
0.010967
0.00099923
0.0163044
0.0172127
0.000768334
0.0153899
0.00398983
0.0212207
0.0316839
0.00786241
0.110709
0.111613
0.0933837
0.00325517
0.0496225
0.00170674
0.136321
0.00230195
0.0476041
0.0173777
0.00253417
0.0022067
0.0757616
0.160838
0.0458062
0.000804302
0.097239
0.0045484
0.00290398
0.00165968
0.085258
0.0826075
0.00223271
0.00604223
0.00110273
0.0133786
0.0008133
0.00951696
0.0336993
0.0872991
0.00641631
0.00228234
0.0652182
0.0240946
0.049977
0.00564837
0.0639486
0.00847542
0.000895644
0.0795127
0.0856485
0.0107926
0.0953947
0.00329588
0.000787736
0.132931
0.00404008
0.00462086
0.00978444
0.0999946
0.0664831
0.011786
0.00649659
0.0121337
0.00940325
0.00429475
0.045958
0.0209389
0.00828122
0.148173
0.0032839
0.028331
0.0115481
0.000726019
0.114432
0.0368965
0.00696001
0.000888991
0.00102889
0.000972335
0.0934287
0.00301932
0.00140842
0.0691941
0.0111771
0.0541977
0.0485499
0.0628447
0.111178
0.0345213
0.00854251
0.0899129
0.0248467
0.00972392
0.00208932
0.0418513
0.000947543
0.00682294
0.124782
0.106606
0.133142
0.113701
0.00895094
0.00214334
0.044005
0.112936
0.0858477
0.139594
0.0795543
0.0181395
0.105459
0.00143143
0.00259779
0.00293054
0.0111351
0.0439348
0.0151917
0.0172289
0.117521
0.00402483
0.0943858
0.000804408
0.014111
0.00756666
0.112636
0.0423478
0.00175657
0.127805
0.0176824
0.107275
0.00298834
0.00496659
0.00480673
0.108608
0.0213684
0.00176879
0.0538954
0.114279
0.0213419
0.0289451
0.0916547
0.00103781
0.0027766
0.094925
0.0714227
0.011952
0.00372132
0.0688089
0.0445498
0.0053826
0.0352746
0.0206947
0.00592288
0.00372182
0.0308129
0.00825967
0.00649694
0.0536868
0.134339
0.0647624
0.0525637
0.0667458
0.00315762
0.00109344
0.00910529
0.0269951
0.00583141
0.103424
0.116954
0.0211367
0.00367961
0.00772027
0.0132948
0.0110303
0.0102925
0.00118989
0.0698672
0.00183106
0.00911237
0.0172142
0.00702538
0.0538546
0.00416532
0.00313001
0.0073887
0.00106009
0.00175224
0.0753268
0.0176667
0.00187914
0.0733621
0.115706
0.00256827
0.00129405
0.0815047
0.0784208
0.00301044
0.0984434
0.00871512
0.11976
0.0479591
0.106005
0.00165933
0.016778
0.00507748
0.00432109
0.00431949
0.0174389
0.000987795
0.0824216
0.0730948
0.075306
0.0110094
0.00177814
0.00941524
0.0184467
0.0644651
0.0574146
0.001726
0.0613945
0.0322209
0.00101136
0.00210897
0.00284218
0.0323976
0.015197
0.136682
0.101637
0.00203755
0.00185499
0.0855429
0.00271236
0.086284
0.034693
0.0223611
0.0189389
0.0591027
0.115259
0.000891672
0.00110736
0.0766485
0.0869645
0.00487099
0.0120644
0.0523651
0.018591
0.0401929
0.0920226
0.00956056
0.0744816
0.0282806
0.00187137
0.00285282
0.0183441
0.047486
0.00112628
0.120934
0.106393
0.00162768
0.100314
0.00333738
0.00573002
0.014253
0.0039874
0.0638078
0.0946243
0.0518082
0.0745504
0.00557422
0.0185019
0.0593705
0.0477072
0.00327219
0.00216118
0.0964198
0.00228647
0.00132395
0.0284255
0.00110001
0.00093844
0.0200143
0.10088
0.000887795
0.115363
0.0479399
0.0797741
0.0934816
0.133937
0.00356834
0.0123716
0.00123058
0.0332208
0.00102476
0.016929
0.00121268
0.0537686
0.00367583
0.0922455
0.0177813
0.00201105
0.0563862
0.00475291
0.000955185
0.0165405
0.00723085
0.00559011
0.0866007
0.0562266
0.0176562
0.121254
0.00130166
0.0015605
0.0578157
0.117853
0.0115051
0.113603
0.0197829
0.0290828
0.00345497
0.0592351
0.0717269
0.00371445
0.0123913
0.0017467
0.0099278
0.0341588
0.00583785
0.00613124
0.0026741
0.13509
0.00213877
0.00205059
0.0841059
0.00246698
0.000887756
0.0446762
0.128886
0.00616973
0.0102851
0.0707938
0.00737533
0.00377466
0.146044
0.0566588
0.00879404
0.115183
0.00515045
0.0446103
0.00981796
0.00292264
0.00587665
0.0133491
0.0943279
0.00372325
0.00279593
0.00270899
0.0139396
0.0573644
0.0354591
0.00573225
0.0998746
0.0968979
0.130973
0.00882891
0.119913
0.0705505
0.106649
0.085172
0.126426
0.00236291
0.00728162
0.110279
0.0968001
0.0677703
0.087349
0.00960129
0.00411951
0.00366637
0.00591999
0.00114789
0.0854979
0.00183602
0.0018282
0.018094
0.0343957
0.00498767
0.0639455
0.119812
0.078749
0.00840567
0.00101691
0.0948793
0.0032966
0.00388938
0.016426
0.114731
0.000887182
0.129848
0.0123633
0.00573894
0.00355514
0.132407
0.0304184
0.0548136
0.130261
0.00590598
0.034069
0.00173867
0.0448068
0.0860336
0.00149534
0.0276505
0.130347
0.102289
0.00103568
0.104257
0.0089958
0.014254
0.00252001
0.00733264
0.00179459
0.0704673
0.0239875
0.0922755
0.121261
0.0116404
0.0851209
0.0371359
0.00101121
0.147857
0.0338851
0.00231006
0.00106377
0.0698658
0.00429754
0.0516661
0.0845325
0.0185575
0.0987929
0.0107335
0.00108571
0.0928717
0.127091
0.00612745
0.00146791
0.0878141
0.00803073
0.00142248
0.0741382
0.00092486
0.0265227
0.00121386
0.135639
0.00157863
0.00116212
0.061473
0.00255917
0.0227878
0.123465
0.0510637
0.00214364
0.000889714
0.00571708
0.123995
0.00142053
0.0971882
0.0332793
0.0683642
0.00221313
0.0112095
0.00983998
0.00210504
0.0722405
0.00212737
0.00230399
0.00183023
0.00126487
0.0100912
0.0119046
0.000955449
0.11249
0.0336179
0.00465173
0.00195804
0.0931204
0.132072
0.113855
0.0558636
0.0323649
0.021748
0.00392624
0.0721022
0.000805975
0.111711
0.0308434
0.0315733
0.0158473
0.00335514
0.118552
0.0957351
0.00823699
0.00213777
0.00280861
0.00222851
0.00151598
0.0844982
0.0794491
0.0840269
0.00425657
0.0337583
0.0442993
0.00102054
0.0429743
0.00967285
0.000799436
0.0516539
0.00121289
0.00098398
0.00146249
0.0184285
0.00240043
0.000776273
0.00405639
0.0701607
0.100241
0.0126434
0.0395809
0.0194933
0.000880349
0.000975985
0.0164777
0.0010012
0.00264849
0.00091306
0.129377
0.126135
0.0530312
0.0695031
0.0445701
0.00401951
0.0021847
0.0459145
0.000954215
0.047529
0.0506058
0.00389065
0.115226
0.00227454
0.00250694
0.00249087
0.0892353
0.0773797
0.148199
0.108691
0.00151681
0.0753283
0.0206224
0.0390056
0.00380109
0.017957
0.0488306
0.0870061
0.00171468
0.0694242
0.00221551
0.0666583
0.00951315
0.0830969
0.0851756
0.0315963
0.00397314
0.098242
0.0419643
0.00216375
0.0599198
0.0070546
0.00457364
0.00381266
0.0111715
0.104325
0.04297
0.00294287
0.0180433
0.0700382
0.00727304
0.00857276
0.0114668
0.0687946
0.0301337
0.0585255
0.0912379
0.0302424
0.0236469
0.00405358
0.025708
0.00155922
0.001918
0.00920725
0.0267589
0.0662569
0.00371477
0.00102605
0.10392
0.0472072
0.012084
0.106896
0.0267507
0.00103981
0.00605148
0.102845
0.0166832
0.0274587
0.00276001
0.0550129
0.122685
0.0878734
0.00721393
0.0695072
0.0640572
0.00418625
0.0939097
0.0132469
0.00646135
0.100581
0.00151023
0.0120341
0.00578034
0.00180126
0.0317064
0.110961
0.00572486
0.0688694
0.109031
0.100662
0.0156575
0.0895787
0.00158488
0.00086498
0.0062762
0.00653686
0.0469472
0.00425683
0.0785074
0.00211302
0.0231322
0.0216634
0.0437669
0.00083984
0.115258
0.0361819
0.000975297
0.0981968
0.0102981
0.00729162
0.111197
0.00204821
0.092001
0.00967981
0.0126081
0.0944161
0.0773383
0.0917382
0.00172377
0.0989655
0.00196079
0.111659
0.0202047
0.0187069
0.0204933
0.00140728
0.0946403
0.028786
0.00260127
0.00711405
0.00230252
0.0289251
0.0751268
0.00104062
0.086888
0.000968712
0.0251681
0.0790821
0.116885
0.00197175
0.00369496
0.0426922
0.0017386
0.0683984
0.0259881
0.0745679
0.0105064
0.028607
0.0177833
0.00252957
0.111302
0.0948099
0.0528264
0.00110399
0.0764032
0.0416426
0.00195245
0.10691
0.0041468
0.042056
0.0185772
0.0309015
0.0392422
0.0370417
0.0051431
0.0220748
0.116969
0.00296416
0.0858466
0.00937693
0.0280816
0.0028402
0.0375924
0.0361369
0.0574234
0.00115851
0.0196772
0.107786
0.00315049
0.0430826
0.017744
0.125152
0.0194823
0.139263
0.0733773
0.0421503
0.00104083
0.0983827
0.0648384
0.00201484
0.111384
0.0882839
0.0331515
0.00178358
0.115977
0.00846546
0.0163877
0.0033477
0.110703
0.00778797
0.11151
0.113602
0.010147
0.00219325
0.105507
0.0798389
0.0585469
0.0093833
0.00357901
0.0245821
0.0671408
0.106376
0.000651534
0.0947106
0.00796157
0.00828856
0.00374197
0.114473
0.045916
0.00348095
0.036342
0.00875788
0.0182438
0.0891984
0.0112965
0.0705794
0.0105277
0.112711
0.0760458
0.0543431
0.00213396
0.0666075
0.00642346
0.0834767
0.00138684
0.000929454
0.0105001
0.0934286
0.00437825
0.00228434
0.0252482
0.0396885
0.0199785
0.000766338
0.124617
0.000736948
0.138479
0.00941195
0.0236023
0.100321
0.00292153
0.00071264
0.0674731
0.0216741
0.121231
0.00939474
0.0799926
0.0819828
0.0791059
0.007108
0.00236254
0.0931601
0.0533139
0.0430231
0.00217705
0.0424574
0.00245207
0.0474357
0.00378074
0.000931249
0.00657645
0.00844961
0.0957809
0.104284
0.000865136
0.0418016
0.00730538
0.123565
0.00891955
0.00095485
0.00113499
0.111322
0.0699027
0.0150509
0.00174814
0.0109525
0.101136
0.00155593
0.000746021
0.0523722
0.00354486
0.0785482
0.00794761
0.0416039
0.0271196
0.112939
0.0099603
0.0478807
0.0817695
0.000983371
0.0158661
0.0337623
0.00218606
0.00175933
0.0782847
0.00101555
0.108084
0.00359763
0.0226703
0.0881217
0.104258
0.0844792
0.0185056
0.00272828
0.00602339
0.0637294
0.0260467
0.00286394
0.0708964
0.0675183
0.084249
0.0285243
0.00407334
0.0673122
0.0790876
0.0823439
0.00102213
0.111645
0.0390325
0.0875311
0.00644065
0.0819647
0.00689098
0.00150616
0.120649
0.0011365
0.000999556
0.0857389
0.0104743
0.00576933
0.0603804
0.0946212
0.031769
0.0312403
0.0037018
0.0101131
0.105047
0.0782782
0.102267
0.0909034
0.0384424
0.0943359
0.00194935
0.114112
0.060699
0.0202148
0.0376677
0.00169286
0.0754702
0.0671517
0.0304988
0.114209
0.00633686
0.000771447
0.002758
0.00711383
0.0283353
0.00199042
0.0650834
0.0704517
0.0156689
0.000924543
0.148935
0.0298685
0.00404022
0.00729438
0.00108957
0.000894725
0.00811689
0.00472286
0.0225524
0.000844629
0.111812
0.0233122
0.0807352
0.00171238
0.0382785
0.00162442
0.118835
0.0146496
0.105341
0.028494
0.00195337
0.0860195
0.0808415
0.00150492
0.00405415
0.100759
0.0585952
0.103734
0.0271711
0.0962499
0.0268735
0.0737279
0.000751373
0.105422
0.0373388
0.0938502
0.0752305
0.0551212
0.0050274
0.0901929
0.0109396
0.092296
0.00106735
0.0826217
0.0112292
0.0115207
0.0693514
0.0017355
0.0705967
0.00330775
0.0702818
0.0617058
0.0392661
0.0726797
0.00548244
0.0594986
0.0287737
0.0877561
0.00398496
0.0093526
0.0511577
0.103772
0.00212055
0.0061559
0.000714001
0.00189411
0.00760971
0.0497419
0.0582893
0.0241337
0.0306628
0.000753713
0.107993
0.00335486
0.0367349
0.106547
0.0166848
0.110475
0.100245
0.00524186
0.00413733
0.0826745
0.075086
0.103885
0.0375505
0.0425143
0.078712
0.0421584
0.074152
0.0155475
0.0200946
0.000910606
0.00763028
0.000706053
0.0661423
0.00189795
0.0377486
0.00600552
0.00146667
0.0539024
0.0055798
0.0507561
0.00179388
0.000825245
0.00717072
0.0430495
0.000687758
0.0135458
0.00245404
0.0222057
0.0132244
0.000833226
0.0110949
0.00378028
0.0184806
0.000716815
0.00296697
0.000693058
0.0181879
0.00114085
0.00069298
0.000680776
0.107734
0.102185
0.00205339
0.0705918
0.0485603
0.00136905
0.0282415
0.0757972
0.00642194
0.000868607
0.00220146
0.00131363
0.0533468
0.092718
0.123403
0.00173946
0.00578497
0.00517452
0.0107662
0.000872213
0.092361
0.019076
0.0113289
0.0209911
0.00594279
0.0245859
0.0985507
0.00183938
0.10198
0.00173087
0.0452428
0.0280004
0.00932782
0.118833
0.0227849
0.00750942
0.102109
0.00209685
0.103385
0.0655009
0.00285676
0.032622
0.107292
0.0136253
0.0079722
0.00258578
0.00543346
0.00232562
0.0383193
0.00651365
0.00085123
0.00569062
0.0192277
0.0388281
0.0011105
0.0956496
0.0650948
0.00404566
0.00439922
0.00978781
0.0307693
0.103546
0.0965885
0.00164503
0.00434615
0.00158904
0.108443
0.00167181
0.0657812
0.00811969
0.0165028
0.0453096
0.00919491
0.0014969
0.0126154
0.00246476
0.0026165
0.108038
0.0141954
0.0151936
0.0152023
0.0373173
0.0159476
0.0150853
0.0062552
0.0662164
0.00091295
0.00122739
0.0380406
0.0074325
0.00304671
0.00611219
0.0995184
0.104718
0.00189379
0.0382455
0.00614844
0.0943089
0.104823
0.00562633
0.0178687
0.0353411
0.000938738
0.017155
0.00609335
0.0542806
0.000909342
0.0150123
0.00525287
0.0188878
0.0220518
0.00510679
0.0357704
0.00113664
0.0164712
0.00351468
0.00217251
0.000913028
0.00206508
0.000746132
0.0197981
0.00746649
0.0075948
0.00141488
0.00125065
0.0751818
0.00316329
0.0660502
0.0967857
0.0068783
0.00374949
0.0454341
0.00627347
0.00217308
0.00628559
0.00395065
0.00887721
0.00340255
0.0937315
0.011882
0.0730945
0.0010201
0.038561
0.0105676
0.00166015
0.0212369
0.00457468
0.000769149
0.0766279
0.00918147
0.00172857
0.000750823
0.0660554
0.0306247
0.0318505
0.00948281
0.102193
0.00171667
0.00184432
0.0048373
0.0108431
0.0288213
0.00818201
0.00163121
0.00156971
0.0400607
0.00374604
0.0192057
0.0102431
0.0145864
0.00314049
0.00463771
0.00243029
0.0863001
0.0674238
0.099101
0.00319421
0.00903125
0.0366215
0.000991147
0.00720935
0.0102354
0.0829939
0.00436729
0.0863086
0.0073058
0.00116814
0.00243104
0.00835363
0.0010713
0.00672812
0.00100285
0.00325688
0.104029
0.00132679
0.0961924
0.00708353
0.0502551
0.00203792
0.038531
0.00877624
0.0010019
0.00687149
0.00712648
0.00647907
0.000869772
0.00085894
0.0085388
0.00213095
0.00944662
0.0996702
0.037047
0.00861924
0.00183693
0.000844381
0.0246756
0.0147054
0.00266149
0.00877067
0.0083142
0.00311301
0.00269315
0.00448372
0.00408981
0.00331882
0.0450491
0.00119303
0.0739581
0.0942659
0.00215822
0.0212954
0.000697599
0.00107033
0.00209225
0.00348831
0.00147856
0.0711908
0.00215561
0.00189175
0.00667178
0.0139574
0.00175067
0.00486599
0.00735281
0.00544535
0.00652482
0.089781
0.000830769
0.000791965
0.0727063
0.00185952
0.0305479
0.0400838
0.067321
0.0117689
0.00179788
0.00188366
0.00209402
0.0148229
0.0154656
0.00427905
0.00473938
)
;


// ************************************************************************* //
