/*--------------------------------*- C++ -*----------------------------------*\
| =========                 |                                                 |
| \\      /  F ield         | OpenFOAM: The Open Source CFD Toolbox           |
|  \\    /   O peration     | Version:  v2012                                 |
|   \\  /    A nd           | Website:  www.openfoam.com                      |
|    \\/     M anipulation  |                                                 |
\*---------------------------------------------------------------------------*/
FoamFile
{
    version     2.0;
    format      ascii;
    class       volScalarField;
    location    "600";
    object      omega_0;
}
// * * * * * * * * * * * * * * * * * * * * * * * * * * * * * * * * * * * * * //

dimensions      [0 0 -1 0 0 0 0];


internalField   nonuniform List<scalar> 
10042
(
0.279883
0.941239
0.257682
0.0210915
0.0209166
0.625194
0.908376
0.384311
0.0201033
0.0348257
0.1313
1.02297
0.0295943
0.020613
0.021417
0.0206084
0.672982
0.141117
0.022248
0.0232868
0.0294535
0.225752
0.0210765
0.484382
0.0209137
0.0218093
0.0323684
0.0200196
0.652181
0.550257
0.021814
0.034543
0.0200793
0.0200735
0.382315
0.362057
0.0217799
0.0202155
0.0213117
0.0201272
0.526896
0.0200929
0.139297
1.01546
0.0210082
0.0209037
0.0198367
0.0214049
0.049414
0.237334
0.147757
0.0209424
0.655871
0.0221296
1.33246
1.00486
0.0281871
0.0309393
0.0213588
0.0195278
0.048483
1.17968
0.116555
0.416014
0.0358035
0.0210712
0.0230305
0.397024
0.019812
0.400465
0.180006
0.0215998
0.0203179
0.0213545
0.0210388
0.170242
0.0259579
0.0198332
0.0258757
0.0222965
1.03612
0.495296
0.0229617
0.0208454
0.0265138
0.159469
0.0228393
0.200732
0.0207279
0.0253044
0.024752
0.0214276
0.116995
0.371756
0.0343845
0.0211468
2.41332
0.0230972
0.536376
0.0213557
0.0244241
0.0587935
0.0213395
0.0301678
0.0226876
0.0212836
2.38505
0.0210126
1.08009
0.021297
0.0213288
0.922462
0.0518278
0.415042
0.0306234
0.0198071
0.0258879
0.0217798
0.0313742
0.0197775
0.0195275
1.03789
1.04203
0.0210137
0.0266946
0.0207528
0.0207658
1.34915
0.112272
0.0252465
0.020181
0.0209268
0.0208175
0.0209938
0.971577
0.204558
0.0232919
2.04815
0.0216842
0.540144
0.0710976
0.0203293
2.17507
0.0200237
0.0230026
0.0202161
0.0258927
0.0197954
0.0215321
0.691469
0.0209704
0.0208228
0.0218026
0.0336299
0.0294463
0.0230993
0.110566
1.13285
0.0208326
0.0223257
0.0215742
0.0202614
0.203268
0.0207424
0.0215713
0.65553
0.0203076
0.0313646
0.367109
0.0200449
0.029418
0.587569
1.06
0.0200561
0.0220994
1.03739
0.0209588
0.0202027
0.0209034
0.0198119
0.0216513
0.0226542
0.0213611
0.0197609
0.0798701
0.0250178
0.0216139
0.0195655
0.280435
0.0210089
0.980708
0.0280561
0.0201922
0.0225359
1.39803
0.0214298
0.726059
0.0290588
2.60224
0.0208568
0.133305
0.0923827
0.521707
0.0201543
0.541049
0.0207919
0.473052
0.0330053
0.0213155
0.0210123
0.0329851
0.0200753
0.68511
0.130009
0.0218369
0.404018
0.0201122
0.542042
0.021207
0.133663
1.93305
0.0267214
1.80653
0.405253
0.0210855
0.093995
0.0213653
0.0230784
0.0282885
0.0213548
0.0202027
0.0207823
0.0250736
0.0222292
0.0209508
0.374691
0.0227332
2.44318
0.0226961
0.489371
0.114578
0.475728
0.0195171
0.0204235
1.46648
0.0209655
0.40487
0.0225295
0.0218391
0.021175
0.0225006
0.0201956
0.260181
1.33851
0.0214839
0.0225599
0.0212607
0.0215149
2.3664
0.0210466
0.0313901
0.0202626
0.0209298
0.0198521
0.030731
1.393
0.0288782
0.196383
0.0226086
0.0207836
0.0213124
0.231337
0.0205877
0.202998
0.0214618
0.0211226
0.0216313
0.0209657
0.0226927
1.43152
0.0200193
0.423543
0.904596
0.0216031
0.0227041
2.86385
0.0238066
0.0199119
0.114905
0.0211005
0.0269316
0.0225622
0.0230244
0.504445
0.0402665
0.0205859
1.33226
0.023005
0.0213214
0.0201606
0.0217596
0.361058
0.019565
0.157388
0.0241655
1.16438
0.0206209
0.0205428
1.41033
0.492963
0.0222148
0.0209512
0.0211478
0.020587
0.0223917
0.0884343
0.0198554
0.0705123
0.530724
0.019792
0.0224504
0.217014
0.0235714
0.384637
0.102124
0.0220864
0.0219737
0.0208838
0.0227997
0.026087
0.0207794
0.0212407
0.296733
0.0209574
0.480678
0.163002
2.17678
0.382853
0.0202052
0.615629
0.0703779
0.029246
0.0195205
0.0224659
0.0219108
0.0201895
0.0205621
0.021034
0.0215279
2.47369
0.0214858
0.0384524
0.0214946
0.0215086
1.27141
0.0223175
0.021382
0.0229212
0.20165
0.0234871
0.0212722
0.0218716
0.0215564
0.606413
0.61978
0.0216018
0.0209224
0.0213412
0.021364
1.3206
0.0195407
0.0230811
0.020605
0.0215781
0.0907312
0.0206858
0.0305913
0.696939
1.45413
0.0662129
0.0212395
0.530398
0.0279158
0.0208699
0.0420659
0.0197933
0.0211271
0.0197673
0.0209069
0.0199091
0.0214562
1.54545
0.0214731
0.0199544
0.60408
1.30043
0.0211497
0.3938
0.021818
0.0349741
0.0209535
2.8142
0.0206117
1.30223
2.38753
0.0215904
0.0636549
0.0251346
0.070644
0.0214061
0.597084
0.023681
0.445366
0.0214573
0.438608
0.0213935
0.023933
1.33514
0.0199024
0.0213083
0.0207362
0.625469
0.0201897
0.0197438
0.0753343
0.022093
0.0275709
0.582838
0.0210341
0.0294833
0.0220291
0.0198376
0.0236797
0.361349
0.021927
0.0215253
0.944155
0.029486
0.0224358
1.12314
0.0200429
0.0221282
0.0297975
0.243544
0.2227
0.228874
0.439761
0.183134
0.403103
0.0197268
0.0115459
1.35895
1.35085
0.0401245
0.0210758
0.0205774
0.0292247
2.04815
0.0197653
0.0196972
0.0219091
0.0211178
0.021165
0.0212773
0.0208797
0.0230477
0.208262
0.0216162
0.0220869
0.0299808
0.168324
0.020181
1.74498
1.26938
0.508804
0.0208313
0.0236408
0.0220435
1.27751
0.0213026
0.0269386
0.0214466
0.528824
0.0204367
0.0225518
0.0196951
0.0157945
0.563152
0.0220016
0.020721
0.0209791
1.04683
0.0202508
0.0243629
0.105236
0.0629948
0.0212141
0.0252531
0.563593
1.4563
0.0212956
0.0219074
0.393785
1.04414
0.0324039
0.558642
0.0211304
0.0380399
0.0250207
0.0240491
0.0221509
0.468073
0.0211552
0.02106
0.0213236
0.557445
0.0210279
0.20562
0.0211199
0.021301
0.0202011
0.023749
0.634567
0.0213409
0.0215106
0.796005
0.0311095
0.026916
0.0213329
0.0209731
0.0405023
1.35908
0.0212519
0.020009
0.0607431
0.0211563
0.021211
0.296538
0.0201795
1.43648
0.0209181
0.0296834
0.0397285
2.807
0.021039
0.0239572
0.0212841
0.0202903
0.79662
0.0195132
0.910085
0.0326952
0.0201045
0.0216599
2.10042
0.463038
0.0273558
0.0209271
0.0200052
0.0197795
0.0205191
0.0104502
0.0213083
1.08231
0.0211584
0.0198609
0.303782
0.0226684
0.00532686
0.0229871
0.02074
0.30841
0.592067
0.0458933
0.468934
0.0213184
0.0243674
0.020168
0.0201101
0.0209889
0.0209505
0.021274
0.0210128
2.89951
0.0214223
0.0529054
0.0209392
0.0361259
0.0198687
0.0278058
0.318418
0.0201116
0.0209587
0.0866914
0.026954
0.0198893
1.50228
0.0209276
0.16235
0.020229
0.0216874
0.0202804
0.230693
0.0198725
0.0206862
0.0207121
1.48892
0.0220716
0.0209743
0.0210033
0.942977
0.0211432
0.0210085
0.0202833
0.0210167
0.0222713
0.0209685
0.0305704
0.0202105
2.3807
1.02035
0.556031
0.0214007
0.0225656
0.0211736
0.767098
0.0218003
0.518479
0.650825
0.549835
0.124092
0.460234
0.0213227
0.0212439
0.656341
0.720113
0.0218467
0.0647064
0.0213801
0.535024
0.0207382
0.0212898
0.0202105
0.0202453
0.0215636
0.653158
0.0215856
0.021724
1.64749
0.0211211
0.497632
0.02
0.0215931
0.0227359
0.0210212
0.506566
0.0208498
0.0209329
0.0427657
0.0213028
0.0196876
0.0220522
0.0207559
0.0207399
0.240354
0.415659
1.02227
0.0214043
0.0207235
0.0207684
0.560414
0.0216728
0.021014
0.0202864
0.0205647
0.54615
0.208702
0.0220714
0.0214204
0.0227386
2.37933
0.0243064
0.0217033
0.0274438
0.280933
1.22387
0.570185
0.0207246
0.020945
0.0208712
0.432759
0.0207174
0.022938
0.0208489
0.0195188
0.0226086
0.0209622
0.228634
1.37464
0.0198951
0.020995
0.0197253
0.179989
0.0202331
0.623125
0.0212484
0.285009
0.0207329
0.0205163
0.0201156
0.021047
0.0212308
0.0195739
0.0213125
0.0214472
0.0199669
0.0223861
0.544905
0.0213414
0.402042
0.262056
0.0220624
1.27737
0.0209043
0.0207081
0.0208221
0.0211424
0.470696
0.0208535
0.0213524
0.0202377
1.42457
0.0204896
0.438706
0.0302272
0.0207352
0.0711601
0.425696
0.0199805
0.0203302
0.0639336
0.0231115
0.903183
0.020657
0.0253085
0.0228166
0.0213934
0.0213079
0.0210705
0.0239116
0.0207643
0.381144
0.246375
0.0195151
0.0205092
0.0217237
0.0292078
0.0231377
0.627082
0.021439
0.0212606
0.65993
0.0207438
0.0609184
0.0245176
0.0228416
0.42909
0.025769
0.0206968
0.0209809
0.0268364
0.0206474
1.26697
0.0214316
0.0264149
0.0231304
1.09527
0.0209338
0.0235853
0.0203609
0.021462
0.029058
0.0200401
0.0256132
0.0206889
0.0214592
0.0205599
0.0211722
0.0217483
0.0330441
0.0216115
0.0213878
0.254233
0.020045
0.020745
0.0209551
0.0197444
0.0225925
0.0395728
0.021675
0.0497397
0.282244
0.0212204
0.0298455
0.843907
0.0205532
0.0207436
0.0197238
0.708267
0.280978
0.0224947
0.0207607
0.033759
1.04108
1.07324
0.0210715
0.768129
0.154127
0.558477
0.0246382
0.0195932
0.0206259
0.440068
0.0235709
0.0214326
1.63498
0.0266134
0.426312
0.483146
0.0207388
0.0249281
0.899139
0.0499053
1.45728
0.0238535
2.73403
0.021608
0.608083
0.021292
0.0382059
0.0217725
0.0244858
0.0195846
0.0213049
0.0209803
1.21931
0.0208059
0.0195231
0.334916
0.021271
0.0239597
0.021131
0.385419
0.0208316
0.0215424
0.0212214
0.0208081
0.0211227
0.023393
0.0207448
0.555149
0.0264086
0.144938
0.0208201
1.04908
0.0207049
0.06092
0.142603
0.0208871
0.0211328
0.0198064
0.0207967
0.0218301
0.667537
0.0316868
0.0207688
1.1622
0.0206837
0.0212691
0.477565
0.0197573
0.021447
1.16118
0.0208335
1.27739
0.0216931
0.0340636
0.0241116
0.0304075
0.0217111
0.0211606
2.4293
2.40924
0.0209457
0.0248119
0.212336
0.681129
1.05631
0.0225257
0.0204016
0.0206345
0.0212826
0.0230799
0.299043
0.0225257
0.0197778
0.0292176
0.498031
0.262913
0.0197965
0.0197252
0.0219596
0.0213872
0.698172
0.388728
0.0204217
0.0231053
0.272952
0.0210972
0.0220513
0.454677
0.0218308
0.0111639
0.0215136
0.0209982
0.0213946
0.0320423
0.0831617
0.0419454
0.0210245
0.417958
0.785255
1.07525
0.0222928
0.0217503
0.576577
0.0317684
0.511357
0.0271623
0.0212337
0.0208613
1.05842
0.257727
0.0213225
0.0228856
0.0348625
0.0207089
0.110736
0.0213494
0.0207263
0.0221346
0.0303554
0.0206853
0.0209783
3.14994
0.0205738
0.0203884
0.0274392
0.0233229
0.424519
0.0217091
0.0213467
1.04105
0.0326904
0.0220323
0.027458
0.439671
0.0208739
0.0201044
0.0233763
0.525715
0.0207458
0.0209385
0.0208481
0.0198976
0.0205565
1.37827
0.0210999
0.269662
0.0212851
0.0295259
0.0208739
0.0214537
0.0258233
0.594977
0.276176
0.0211467
0.0219011
0.211391
0.0633419
0.0205584
0.0215806
0.470077
0.0208811
0.0208481
0.0504074
0.0206298
0.0218417
0.0209576
0.0387265
2.08358
0.235268
0.0221525
0.0214995
0.0236034
0.0674077
0.0205565
0.02035
0.0364596
0.0195977
0.0205295
0.200276
0.0209187
1.29447
0.0201712
0.0203649
0.0202456
0.0278126
0.0209965
0.0217972
1.40051
0.0205408
0.0212604
1.11984
0.0207562
0.0351593
0.0219851
1.27874
0.395464
0.0220475
0.517075
0.023351
0.0212618
0.435974
0.021554
0.0207107
0.0198319
0.0209105
0.0231005
1.06299
0.0269881
0.316409
0.494754
0.101447
0.135684
0.394549
0.0222272
0.133171
0.020036
0.0247475
0.0213778
0.0211756
0.0214244
2.48436
0.313328
0.0211332
0.47743
0.0203651
0.671996
0.0209165
0.0220143
0.0210201
0.0492843
0.511665
0.0210682
0.0199197
0.521593
0.0899815
0.00639345
0.0221434
0.313463
0.020967
0.335774
0.603015
0.0207291
0.0205071
0.0207565
0.022496
0.0207892
0.0215265
0.0216975
0.0249022
0.0209845
0.0213042
0.0233313
0.208515
0.380293
0.0198497
0.112722
0.0218197
0.0354753
0.0289061
0.554758
0.0207102
0.040602
0.0300928
0.0200646
0.0347294
0.346132
0.0214392
0.0205179
0.0223436
0.368001
0.526819
0.0203223
0.463886
0.021086
0.0213313
0.888679
0.0205496
0.0220015
0.0203739
0.0227645
0.0225554
0.12885
0.0232889
0.0205364
0.0213022
0.0205916
0.0210256
0.317023
0.0198932
0.0270378
1.18751
0.169356
0.020538
0.625629
0.0202609
0.101064
0.0213839
0.0612856
0.0200101
0.544546
1.98341
1.86645
0.0212805
0.0307772
0.147858
0.569412
0.0210113
0.0933371
0.020702
0.5129
0.35977
0.0217656
0.167933
0.337509
0.383005
2.18931
0.126886
0.348588
0.0204843
0.0225363
0.0957616
0.0726246
0.0212866
0.535921
0.0215622
0.0207043
0.0211166
0.0313478
0.0730568
0.0287418
1.15399
0.0242613
0.514523
0.0216537
0.020926
0.0207078
0.441581
0.398239
0.0240692
0.311158
0.0213646
0.02153
0.0266038
0.342299
0.0308818
0.020678
0.676941
1.18973
0.0215699
0.0509863
0.0200552
0.0291787
0.0246946
0.0205254
0.287191
0.152505
0.0212195
0.021602
0.0208706
0.499992
0.0217559
0.176506
0.043985
0.0208608
0.0205292
0.0199753
0.0271189
0.02028
0.0111328
0.0210915
0.0207199
0.00827585
0.0214674
0.0242916
0.342969
0.0216457
0.0319657
0.0216232
0.021291
0.46507
0.314467
0.0214221
0.166703
0.022247
0.391087
0.0205873
0.0220323
0.021936
0.0222185
0.0289446
0.0138396
0.0210349
0.0221793
0.170784
0.0300466
0.0220123
0.314673
0.145022
0.14329
0.0208762
0.0198505
0.122082
0.0203594
1.2946
0.123926
0.0413429
0.33683
0.0213974
0.0225642
0.194546
0.178972
0.0206981
0.21211
0.0230079
0.0208856
0.0692849
0.0216173
0.0212297
0.0378215
0.0221235
0.0213971
0.0220067
0.0209525
0.0221333
0.551345
0.0271284
0.479296
0.0212006
0.0241047
0.0207815
0.0212261
0.306274
0.021366
0.348744
0.195319
0.0215004
0.528571
0.0289972
0.119785
0.0197424
0.291614
0.0937771
0.156538
0.0219146
0.0221
0.0205687
0.512394
0.0219902
0.101505
0.0302074
0.0202113
0.240589
0.0196996
2.71494
0.0209519
1.08982
0.0207697
0.0204629
0.0201164
0.344553
0.0207595
0.02061
0.0200121
0.0207598
0.0213281
0.0798391
0.321644
0.0208474
0.0232381
0.0214516
0.0209365
0.0206695
0.301726
2.31666
0.0231435
0.0211746
0.0206745
0.0202048
0.0223036
0.0228464
0.0200889
0.52977
1.38857
0.148043
0.0206282
0.0207459
0.0213001
0.0219045
0.0204957
0.0214712
0.0212918
0.0206695
0.0232174
0.0216463
0.0374222
1.41218
2.34186
0.0205175
0.0209223
0.020696
0.843115
0.0206619
0.024568
0.0232884
0.0203477
0.0211381
0.020993
1.03355
0.0210686
0.522339
0.287195
0.0439619
0.0211914
0.0230311
0.299426
0.0221232
0.0286857
0.0220492
0.0315867
0.0202946
0.0233187
0.555081
0.337235
0.0204815
0.021357
1.29321
0.0226744
0.0405067
0.0232595
0.0819193
0.0211823
0.0230882
0.0806066
1.17647
0.0567657
0.0211185
0.0206553
0.0201911
0.0213979
0.327313
0.350393
0.27623
0.0204953
0.342747
0.0221814
1.08934
0.500465
0.0209428
1.3731
0.49071
0.0205857
0.0316673
0.0263201
0.0212675
0.53825
0.0207727
2.23317
0.0226737
0.780256
0.595427
0.0384792
0.0211526
0.0233768
0.0214584
0.0207732
0.0201637
0.020415
1.4305
0.0215331
0.0284241
0.574224
2.38831
0.0279709
0.0306969
0.0206667
0.784288
0.0196642
0.524606
0.19063
2.35309
0.157878
0.314381
0.212339
0.0200141
0.0212337
0.0201154
0.0581865
0.0214702
1.1985
0.0227149
1.27203
0.023634
0.0207944
0.020508
0.0213754
0.0200396
0.0671133
1.0507
2.57244
0.0204929
0.0231786
0.0220972
0.0217986
0.0946051
0.0213692
0.348551
0.517384
0.021433
0.0206275
0.538302
0.0236728
0.0246456
0.473105
0.0211939
0.350651
0.0216564
2.93853
0.0209181
0.0238608
0.0207755
0.139584
0.0240358
1.40091
0.320684
0.615624
0.106787
0.0576113
0.0205113
0.02618
0.538854
0.136127
0.106257
0.0240463
3.32566
0.0511326
0.397528
0.0334293
1.05217
0.0233914
0.0280772
0.725496
0.0210536
0.0229998
0.0230481
0.0197056
0.0203696
0.0208537
0.0210332
1.86589
0.0215656
0.138156
0.0944969
0.132992
0.231241
0.508156
0.0203649
0.0214596
0.556644
0.0564558
0.0239571
0.558301
0.639901
0.49149
0.0207027
0.0270767
0.0221354
0.0837891
0.126017
0.387488
0.304196
0.0482338
0.0212207
0.0218366
1.11915
0.0491904
0.0439586
0.482992
0.0209179
0.0233221
0.0218513
0.724599
0.021973
0.0202382
0.0208526
0.0217792
0.975344
0.287095
0.0214484
0.0646847
0.326805
0.0214052
0.100534
0.0233152
0.0255572
0.0232735
0.0261737
0.18081
0.0210484
0.0205143
0.0220043
0.294435
0.0931912
0.0275021
0.0215608
0.0217468
0.0214245
1.2483
0.0268927
0.0219469
0.0214043
0.0470903
0.022023
0.322269
0.0216521
0.0249065
0.0209037
0.16212
0.0187815
0.0438531
1.74612
0.0216889
0.023101
0.351752
0.0219211
0.288838
0.168139
0.0213829
0.0218262
1.45453
0.021273
0.749072
0.0213646
1.35002
0.343173
0.0392872
0.0218101
0.0209258
0.0211082
0.0211911
0.0223616
0.0197706
0.021284
0.0209198
0.0205755
0.0219585
0.0216655
0.0208651
0.0216842
0.178506
0.0213932
1.75785
0.0215464
0.0214029
1.55103
0.0210375
2.28047
0.425238
0.0211985
0.0214832
0.0331617
0.121268
0.023039
1.88349
0.024569
0.0211136
1.3571
0.0204653
3.2853
0.021362
0.0326357
0.0197608
2.10291
1.1982
0.441136
0.0214743
0.0219209
0.0207258
0.0220004
0.732854
0.020672
0.0212799
0.0379809
0.02326
1.01307
0.123416
0.0215416
0.0290004
0.0213749
0.0240236
0.0216251
0.0213038
0.0215225
1.65409
1.04134
0.0245601
0.0218439
0.0214969
0.0217133
0.10749
2.0938
0.0427776
1.41919
0.181304
0.0217969
0.0220775
0.0864211
0.020697
0.021988
0.0217487
0.021726
0.218056
0.02181
0.521787
0.0200969
0.0214443
0.0852407
0.0218687
0.0221842
0.0219704
0.0229718
0.495746
0.0211376
0.0205019
0.0212563
2.64282
0.134114
0.0222251
0.021331
0.0206511
0.0221439
0.0209754
0.0246774
0.0208575
0.0201613
0.021384
0.0214008
0.0264076
0.0212445
1.86543
0.0215304
0.0214971
0.603963
0.0218692
0.022196
0.0320583
0.0214093
0.847832
0.0206904
0.0206548
0.0215355
0.0217695
0.0203593
0.253664
0.0215105
0.0209172
1.4863
0.305666
1.81325
0.150884
0.45766
0.0227259
0.0204728
0.0217734
0.293177
0.0241425
0.873331
0.0215473
0.0278917
0.0214969
0.039373
0.020635
0.889608
0.0524722
0.0209066
0.0226545
0.0213771
0.0216301
0.174232
0.0254049
0.0213583
0.0206581
0.0200207
0.292293
0.0214348
0.157579
0.0305259
0.021414
0.0209027
0.0209147
1.41638
0.0346096
0.0208348
0.577536
0.531716
0.0214578
0.301903
0.0213929
0.0204732
0.0206332
0.0212967
0.0202825
0.0210187
0.0213501
0.0216354
0.02132
0.0732617
0.0217526
0.40211
0.0258367
0.0211705
0.712667
0.0199705
0.0201639
0.0412509
0.0208879
0.579642
0.0209938
0.0832427
3.36453
0.0205821
1.32692
0.297986
0.0212788
0.0215873
0.0210161
0.710839
0.0213725
0.539619
0.539024
0.0219372
0.0238199
0.0311386
0.0100393
0.0208325
0.0741362
0.0214105
0.0364903
1.31908
0.0490543
0.419885
0.0208311
0.106063
0.0995715
0.132017
0.0213489
0.0480483
0.0217048
0.0429442
0.0203359
0.0221663
1.38852
0.0235415
0.0364401
0.0345691
0.0231293
0.180484
0.0204976
0.0245289
0.0213846
0.0232595
0.131127
0.300831
1.36965
0.030511
0.0229982
1.43408
0.0232763
0.0209347
0.0201425
0.0214207
0.0216929
0.0228284
0.0209754
1.42569
0.0236507
0.0206589
0.0201854
0.0212824
0.0212365
0.979874
0.0205124
0.158811
0.021777
1.3372
0.0208438
0.0212504
0.0196051
0.0701355
0.0207964
0.192408
1.39901
0.233772
0.0224694
0.0215491
0.0213745
0.0208843
0.020652
0.54984
0.0214135
0.0214226
1.52219
0.0212626
0.0215628
0.240653
0.495026
1.37512
0.0203558
1.47736
1.54234
0.0209611
0.0204951
0.0279018
0.759641
0.163791
0.560347
0.143497
0.0211255
0.0206436
0.0259997
0.0232567
0.02139
0.0223417
0.0213592
0.0219306
0.379636
1.4791
0.0224701
0.0236744
0.0229411
0.0270289
1.18488
0.0213518
0.0208698
0.0213458
0.024542
0.0208364
0.0226445
1.21656
0.242004
0.0203594
0.0206639
0.019608
0.0213089
0.0208362
0.0258302
0.0298615
0.0215908
0.17728
0.461886
0.868636
0.0232894
0.0214836
0.0212509
0.0211473
0.02065
0.020054
0.0212728
1.31274
1.22737
0.0216211
0.0205026
0.0213641
0.0212706
1.24007
0.0261677
1.15141
0.524565
0.0211617
0.0639524
0.0212672
0.0209334
0.0211849
0.0212717
1.28708
0.0211129
0.022502
1.01043
1.17514
0.318432
1.04904
0.948774
0.548071
0.021308
0.0251587
1.44951
1.56217
0.0212279
0.0207967
0.0200947
0.0212263
0.0212506
1.23562
0.0209131
0.02082
0.806064
0.022393
1.42349
0.0212071
0.0205829
0.0253746
0.898469
0.0242292
0.524427
0.0217802
1.34512
0.031127
0.0209199
1.06989
0.0210227
0.0222828
0.0213207
0.0204437
3.41535
0.916251
0.308675
0.123658
0.509621
0.16362
0.849666
0.0206896
0.0213247
0.455789
0.0212894
0.0213478
0.0218981
0.021203
1.13065
0.0213586
1.17927
0.338064
0.0200296
0.958375
0.0209161
0.0211031
0.0229957
0.0229653
0.0231417
0.0233422
0.0233349
0.258833
0.0212862
0.0212219
0.0199636
0.0336316
0.409243
0.0208676
0.0214094
0.0238295
1.01302
0.020974
0.0233068
0.0232633
0.0207916
0.0211834
0.0208086
0.743653
1.5862
0.023182
0.021664
0.0213566
0.0248081
1.01228
0.021249
1.14666
1.23172
0.0213679
0.0249682
1.35686
1.38882
0.027724
0.0201208
0.0205771
1.03524
0.0671211
1.45144
0.0229348
1.36542
0.0283216
1.24784
0.146758
0.375709
0.407519
1.14967
0.314036
1.53924
0.0216344
0.317681
0.0207911
1.27492
0.0217576
0.0215141
0.0230559
0.550313
0.290178
0.0216843
0.0212147
0.900923
0.695449
1.49489
0.0207065
0.0206644
0.0211694
0.0224266
0.0209001
0.0323671
1.22334
0.316635
0.0222768
0.0204839
0.117514
0.0213582
0.0212501
0.131292
0.0210608
0.0220777
0.0201251
0.59146
0.0560571
0.318524
0.0208617
0.968859
1.55513
0.0280263
0.152734
0.430214
1.50457
1.16011
0.020974
0.021284
0.0819063
0.0212732
0.0212599
0.0209107
0.0213763
0.0246
0.0221277
0.0209546
0.127062
0.0210955
0.170297
0.0214782
1.20806
0.364356
0.0225305
1.82977
1.02362
0.0237571
1.34564
0.658312
0.0213983
0.0213679
0.0231153
0.0244668
0.514425
0.020936
0.02116
0.589865
0.0213201
0.0206508
0.0213484
0.0197853
0.462991
0.021306
0.0267133
0.0213324
2.03505
0.0212033
1.22546
0.353649
0.324305
1.10279
0.0200051
0.0230191
0.0213384
0.0211339
1.49728
0.670549
0.0669437
0.353379
0.0199593
0.0216553
0.0221135
0.0212662
0.340051
0.020855
0.0250495
1.44086
0.353743
0.0519601
0.0212001
0.0213423
1.05069
0.0221612
0.0194932
0.111223
1.47044
1.42027
0.0221406
0.0206468
0.020847
0.0213148
0.0336007
0.0218099
0.409837
0.0213581
0.0213016
0.189918
0.0198179
0.0825257
0.0232075
0.0212644
0.0230933
0.161429
0.0206699
0.0210545
1.01181
0.0212334
0.0212609
0.0355108
2.25724
0.0223471
0.0230465
0.0203585
0.419546
0.535605
0.0627503
0.02118
0.0206684
0.0272385
0.0212292
0.209709
1.19894
0.551148
0.740022
0.0211586
0.0240808
0.0209031
0.113824
0.021236
0.557907
0.323382
0.0212034
1.52601
0.0212738
1.3989
0.0318097
0.020347
0.0259731
0.020657
0.0208726
0.0204576
0.0198567
0.0224519
1.10392
0.0211862
0.0205522
0.0909397
0.020088
0.0213597
0.0215779
0.0211286
0.0212514
1.06378
0.0318411
0.0199459
0.0217611
0.0216209
0.0211866
0.874305
1.2399
0.0212108
0.0208489
0.0211209
0.333073
0.0212484
0.0214447
0.0215899
0.0493888
0.0199684
0.0216371
0.303347
0.0211997
0.859273
0.0212157
0.021311
0.0209713
0.0211087
0.0205414
0.0211707
1.35493
0.282197
0.0205671
0.0209434
0.0216015
0.234615
0.0261018
0.0371287
0.0211203
0.0214853
0.0231673
0.0216902
0.313927
0.0234748
0.0210108
0.0206099
2.45124
0.0215265
1.00892
0.641225
0.0210086
1.17187
1.15054
0.303008
0.281015
0.207282
0.0259637
0.0209416
0.368746
0.0211937
0.0225926
0.029159
0.0201848
0.0212926
0.481572
0.0207037
0.14697
1.41779
0.0214997
0.0212
1.72603
0.0212213
0.0946257
0.0203374
0.695528
0.083284
0.313783
0.0212385
0.0207735
0.021535
1.00215
0.928037
0.347273
1.11924
0.0223866
0.0211807
0.185404
1.60526
0.0213785
0.0198149
0.0230606
0.0209871
0.429841
0.299607
0.0202839
0.503288
0.0207662
0.020647
0.0203306
0.0211094
0.0213202
0.348809
0.0210482
0.751004
0.0205737
0.0214752
0.0213564
0.0213087
0.0211219
0.0211587
0.0240656
0.0205414
0.707477
0.478658
0.0514875
0.0233301
0.0702386
0.0282547
0.0209675
0.0200708
0.0212502
0.0201158
1.42567
0.141871
0.021627
0.0216926
1.38904
0.0215404
0.324924
0.0208954
0.0209894
0.0212093
0.0468623
0.250042
1.3361
1.55345
0.0232273
0.0461871
0.051349
0.0210426
0.021026
0.0206903
0.024711
0.0252241
1.48098
2.52269
0.0258267
0.0208683
0.0307633
0.0211405
0.0449272
0.0207211
0.412796
0.0215744
0.165548
0.0287755
0.0215194
0.0232873
0.0365822
0.0263049
1.17423
0.0210048
0.0206312
0.021207
0.0211213
0.52837
0.0204311
0.021313
0.0241974
0.019937
0.719412
1.47811
0.0433128
0.0211089
0.0212335
0.243771
0.0252445
0.0210049
0.021266
1.17632
0.0212855
0.0211912
0.12268
0.0232866
0.0669568
0.318465
0.331525
0.0264853
0.0208524
0.0211256
0.0243047
0.0210033
0.0208377
0.920306
1.28492
0.020278
0.0208987
0.0208859
0.0215762
2.37079
0.0209029
0.0216104
0.0211094
0.0203376
0.0208922
0.0270715
0.0211604
0.0208277
0.0197891
0.021515
0.0206696
0.0283167
0.322774
0.0236331
0.0205561
0.0209439
0.0211054
0.0208783
0.544966
0.0213686
0.340936
0.0653039
0.0210193
0.0205664
0.527567
0.0206511
0.0206412
0.0208914
0.0386537
0.0230397
0.0233307
0.0208743
0.019911
0.0212165
0.352014
0.0209287
0.0213227
0.0295596
0.498181
0.0258015
0.0199625
0.218277
0.0195205
0.0704053
0.0209017
0.0202819
0.0205753
0.0214315
0.0210157
1.47859
0.0983134
0.29272
0.0536391
0.0248676
1.45783
0.0211661
0.780906
0.0491204
0.0210309
0.499614
0.14444
0.378683
0.0211778
0.863289
0.0214229
0.020575
0.0201198
0.120017
0.525838
0.0229042
0.672982
2.36597
0.0639628
0.0213061
0.022031
0.035498
0.0303353
0.201738
0.0221966
0.0213467
0.0317069
0.523993
0.0207598
1.03481
0.0215673
0.634022
0.0205316
0.02037
0.0236857
0.0233543
1.81196
1.07048
0.109759
0.0208859
0.0208321
0.115471
0.486215
0.982323
0.0207878
0.021458
0.020671
0.0209537
0.0209871
0.471132
0.0510943
0.232996
0.128461
0.192371
0.344841
0.0208208
0.0213418
0.0224706
0.0204519
0.0266143
0.0209896
0.0210954
0.0210476
0.0208698
0.0228238
0.410368
0.024335
0.0206778
0.0208924
1.46408
0.0254134
0.0220549
0.0244908
0.339336
0.109588
0.0208214
0.0232907
0.0609817
0.0207395
0.539921
0.0207676
0.0207401
0.0206607
0.814021
0.0208849
0.0206878
0.0208352
0.0212976
0.0207159
0.0206482
1.13632
0.658004
0.709919
0.0213887
0.0206921
0.546766
0.0211546
0.0204367
0.0207416
0.0377126
0.0213043
1.40911
0.0200778
0.0206369
0.0327782
0.0414919
0.020667
0.0411854
1.29822
0.601466
0.0207873
0.0197119
0.0207732
0.500495
0.0208625
0.0233319
1.5684
0.0208813
0.0203644
0.0214356
0.0205955
0.435831
0.0208282
0.0212301
0.0208932
0.0251508
0.205525
0.0211454
0.0206272
0.0214042
0.0274901
0.0794749
0.280898
0.0219424
0.0442489
0.0204103
0.020839
0.812046
0.553064
0.0212508
0.0208059
0.055843
0.0278452
0.0208527
0.0206698
0.0207232
0.0208124
0.0208616
0.47368
0.0209489
0.0230727
0.351534
0.511245
0.0209516
0.0228278
0.0228697
0.0885127
0.0229076
0.0250095
0.0212549
0.868922
0.0211663
0.0238715
0.317878
0.0298661
0.0954572
0.323967
0.0207991
0.0213579
0.0460346
0.412617
0.0215822
0.0206705
0.020441
0.923738
0.0208202
0.0207056
0.022104
0.0222762
0.0209203
0.334418
0.477437
0.0205637
0.0218282
0.0212967
0.0206474
0.0203513
0.0208879
0.0203202
1.39926
0.0215244
0.0215094
0.0206887
0.0201269
0.0206469
0.020782
0.0527973
0.0259345
0.022349
0.0583569
0.0207992
0.0208349
0.0229783
0.0207217
0.019983
0.0215735
0.406044
0.0207539
0.0485764
0.0219766
0.0382043
0.0201021
0.126175
0.315048
0.403541
0.0200136
0.0208639
0.0344918
0.0208265
0.330634
0.0210203
0.0220307
0.0212297
0.0208903
0.28915
0.0519633
0.308554
0.289993
0.0216248
0.0206862
0.0207877
1.30634
0.0253647
0.0208387
0.0213923
0.0199501
0.0213849
0.0203932
0.495003
0.0206189
0.0202057
0.0213372
0.0209676
0.0306728
0.0239732
0.0217716
0.0206862
0.0204789
1.01677
0.0216394
0.0196296
1.59725
0.0230496
0.0219174
0.0218654
0.0249167
0.0202985
0.0209107
0.264632
0.059642
0.0683639
0.0208878
0.0205293
0.516762
0.185412
0.021719
0.0206107
0.0217589
0.0205443
0.0215142
0.0267235
0.0215085
0.0198962
0.0205775
0.0203715
0.0206336
0.0205423
0.0211988
0.0205872
0.0738523
0.620901
0.020566
0.0206752
0.0200173
0.0208135
0.0213401
0.0207506
0.481033
0.601235
0.0207239
0.021481
0.429395
0.0211011
0.193859
0.341442
0.353878
0.0205172
0.0548094
0.0228675
0.0839218
0.0228542
0.0206274
0.495066
0.546873
0.193684
0.021492
0.0203165
0.273853
0.486513
0.0205537
0.020654
0.0206377
0.0215384
0.0225524
0.0213751
0.020674
0.020507
0.558498
0.138834
0.0256112
0.0201671
2.42181
0.0521448
0.0204401
0.366248
0.0209693
0.0206344
0.0207035
0.0771425
0.0207522
0.0407906
0.0206364
0.0206189
0.0206328
0.0204271
0.0209705
0.0237181
0.0200098
0.0205537
0.0264731
0.0204908
0.0212974
0.0205148
0.0201859
1.07944
0.029111
0.0206873
0.0329394
0.0208511
0.0205647
0.0290519
0.0213571
0.442045
0.0199087
0.020498
0.0213566
0.0205203
0.119719
0.0204504
0.0206805
0.0230346
0.0195996
0.0209897
0.0209009
0.0205826
0.0311926
0.021003
0.121018
0.30489
0.0720756
1.14969
0.0197528
0.0204651
0.0249814
0.0206587
0.194012
0.0200611
0.285345
0.291832
0.0200732
0.0204794
0.0210964
0.437513
0.0207118
0.0208334
0.0503095
0.0955153
0.507747
0.0811397
0.0530921
0.0196146
0.407252
0.643875
0.369722
0.388811
0.0661379
0.222829
0.0204855
0.0206452
0.0230718
0.25539
0.0211572
0.0206383
0.0206089
0.0383984
0.0204981
0.020088
0.0351089
0.0204514
0.0328853
0.020645
0.621558
0.259595
0.0230939
0.0211966
0.0207556
0.0207225
0.0245267
0.959105
0.0214601
0.0248156
0.601373
0.368077
0.0210258
0.022625
0.649061
0.0213955
0.0205191
0.58015
0.0186757
0.544307
0.560877
0.546168
0.0269185
0.0207394
0.0209357
0.0167902
0.241342
0.538325
0.653252
0.019644
0.0211753
0.0210746
0.0172611
0.622111
0.0205851
0.0224528
0.546976
0.0211397
0.0213285
1.01211
0.197903
0.0240248
0.0216589
0.0207386
0.0291614
0.0209987
0.0196201
0.601216
0.021288
0.0201752
0.53413
0.0201303
0.0204959
0.578996
1.10567
0.0354445
0.0201987
0.557747
0.0204157
0.472107
0.496094
0.0187047
0.0209026
0.543632
0.0218033
0.149344
0.0201634
0.0203051
0.0225135
0.83828
0.423111
0.0205576
0.0205897
0.0203128
0.0205265
0.0361238
0.0206501
0.020328
0.0217573
0.535862
0.0202759
0.449968
0.0210368
0.0203242
0.0205576
0.373985
0.318013
0.0195989
0.0197304
0.0203384
0.0200306
0.390663
0.0204979
0.0191212
0.0228975
0.0319476
0.511878
0.518933
0.486492
0.534039
0.0252949
0.0247165
2.969
0.735891
0.502328
0.0193686
0.423558
0.0204705
0.0240479
0.552593
0.0204205
0.166203
0.342858
0.807208
0.340986
0.0204278
0.562664
0.33234
0.620362
0.0212029
0.0205298
1.23
0.0620278
0.530298
0.0207214
0.377814
0.0210421
0.538515
0.0938565
0.485226
0.0207047
0.0216033
0.538956
0.38852
0.0203508
0.763739
0.135696
0.563247
0.0209169
0.651551
0.0204159
0.73184
0.353785
0.538295
0.448446
0.530318
0.0217063
0.0437605
0.0221408
0.0201493
0.0212404
0.388979
0.021163
0.0205135
0.0232347
2.60936
0.021286
0.519019
0.563319
0.0130798
0.433946
0.119361
0.0201305
0.37685
0.0224666
0.0364625
0.0205865
0.0211766
0.0213396
0.399953
0.0203504
0.42274
0.406291
0.0243159
0.022057
0.021702
0.0196842
0.414736
0.071632
0.0203604
0.0939637
1.14316
0.939224
0.516291
0.0204926
0.0211807
0.0205191
0.0216736
0.0211485
0.0205032
0.0230293
0.0221598
0.0212512
0.0197083
0.0204852
0.0215462
0.123736
0.0211668
0.339916
0.0205492
0.0205311
0.0222493
0.0220224
0.0213483
0.0206889
0.020428
0.346521
0.0400191
0.0205259
0.260079
0.47744
0.0213022
0.0573497
0.924775
0.520719
0.29646
0.349329
0.381568
0.0220862
0.501503
0.748996
0.0678899
0.0311669
0.0203121
0.0204279
0.420314
0.0203031
0.272919
0.0300724
0.0209206
0.0203847
0.0213911
0.0207943
0.362739
0.0203266
0.0200138
0.0207339
1.13514
0.0200897
0.0215034
0.0204934
0.01987
0.0216458
0.0203025
0.0201072
0.0204523
0.0231394
0.393947
0.0236574
0.307205
0.0215751
0.0195851
0.308609
0.0232041
0.0211838
0.0203645
0.452826
0.0857605
0.022656
0.393102
0.020364
0.639849
0.34665
0.021637
0.0217835
0.020459
0.066796
0.02105
0.0204775
0.0210822
0.049468
0.0660235
0.0204447
0.0214707
0.55012
0.0207775
0.422829
0.0213625
0.0213315
0.0225102
0.170863
0.0291161
0.021013
0.0199025
0.0210323
0.589839
0.0203347
0.261372
0.337196
0.0229006
0.162588
0.0213524
0.0219152
0.171851
0.949848
0.0499771
0.304554
0.02157
1.21607
0.0208672
0.0199606
0.392747
0.0202767
0.0237006
0.253078
2.37347
0.0200867
0.0270791
0.0212073
0.0218381
0.388127
0.492351
0.385148
0.0215548
1.05542
0.415958
0.0217018
0.0204282
0.0229254
0.384411
0.0207195
0.136562
0.020359
0.0201049
0.0719213
0.503177
0.0209859
0.0208282
1.06941
0.403495
0.0201712
0.11676
0.0205142
0.254459
0.332703
0.0240074
0.0208133
0.0300277
0.478275
0.376785
0.416684
0.0207322
0.0201155
0.0201718
0.0440149
0.402613
0.0210726
0.36924
0.0628025
0.0203484
0.0213715
0.170361
0.0265617
0.0204507
0.0498554
0.0205964
0.0489677
0.505893
0.347561
1.38644
0.0211707
0.0157552
0.0217094
0.0212901
0.020166
0.0209145
0.0208408
0.313763
0.0201718
0.0235503
0.0649112
0.16587
0.0199266
0.0215321
0.24804
0.0230306
0.0208108
0.0207682
0.0591307
0.129287
0.333205
0.0209316
0.0754773
0.316057
0.227996
0.392172
0.0227272
0.0369991
0.0210165
0.328168
0.0558044
0.670532
0.0201185
0.305604
0.0196202
0.0516364
0.406768
0.020766
0.0423319
0.020995
0.363735
0.0205664
0.131769
0.361338
0.0225601
0.472876
0.0204868
0.030767
0.0407697
0.0207736
0.029887
1.3791
0.0209328
0.02009
0.375796
0.0208272
0.0203246
0.0409502
0.0208809
0.0218563
0.334858
0.0221082
0.718065
0.0207503
0.0212023
0.0200687
0.366267
0.392471
0.0206631
0.0248493
0.456061
0.378034
0.0202881
0.481088
0.206108
0.317572
0.0201022
0.34387
0.337509
0.308328
0.13705
0.0199832
0.0204386
0.02215
0.0208178
0.0211613
0.0210491
0.365446
0.0207013
0.464665
0.0204611
0.0200703
0.0198177
0.329246
0.292057
0.328871
0.0211927
0.314453
0.0258442
0.33989
0.398484
0.0218867
0.311793
0.0199042
0.0204505
0.0209833
0.317508
0.0227314
0.0204443
0.374757
0.0212042
0.0211077
0.0221527
0.0209488
0.0201013
0.300936
0.019932
0.02063
0.020061
0.295387
0.122749
0.41183
0.0202669
0.0195798
0.0201419
0.0215565
0.020495
0.0240601
0.0209977
0.0200887
0.0206113
0.025357
0.383157
0.531145
0.0275269
0.0216868
0.246061
0.420725
0.0216939
0.183603
0.41455
0.0212854
0.289352
0.0344538
0.474859
0.333555
0.105469
0.0387736
0.0209527
0.368205
0.0201794
0.0210276
0.0211872
0.020808
0.366555
0.0436625
0.0232278
0.324728
0.02035
0.0234395
0.0198247
0.0207947
0.0207501
0.286146
0.0195664
0.326001
0.0221846
0.0207985
0.0200891
0.0198168
0.111549
0.397362
0.340205
0.0203003
0.390103
0.348674
0.0201847
0.0203448
1.08362
0.0211939
0.0332851
0.239543
0.0199196
0.0782387
0.0198794
0.0203442
0.463765
0.0219034
0.021301
0.0216324
0.019676
0.336471
0.026715
0.33542
0.346149
0.343849
0.0200567
0.0207897
0.0204972
0.170995
0.0232064
0.0203008
0.518226
0.0204151
0.0210281
0.0235924
0.406118
0.0246618
0.0254983
0.262187
0.444423
0.0241231
0.0198566
0.267142
0.41787
0.0501307
0.0200579
0.245395
0.0202427
0.0205858
0.388109
0.0341274
0.40398
0.019875
0.0200553
0.0424665
0.3959
0.0207731
0.0198861
0.0199295
1.41683
0.020418
0.0233579
0.546178
0.0222845
0.428219
0.0479453
0.0932781
0.0210711
0.143467
0.0199473
0.0218537
0.0211028
0.0222767
0.0230835
0.0206242
0.0204237
0.0229242
0.0206241
0.44535
0.0274451
0.491783
0.522681
0.38352
0.0206085
0.285815
0.534712
0.0221558
0.0196491
0.564962
0.0221183
0.0207819
0.0210619
0.357442
0.0206773
0.0212632
0.0403902
0.372745
0.389915
0.10584
0.547753
0.0387652
0.0218887
0.0233526
0.354924
0.0208998
0.0206522
0.021317
0.0217093
0.0234394
0.380617
0.0204062
0.0205966
0.020429
0.0201215
0.0204622
0.0207761
0.0207755
0.038944
0.0202643
0.0198459
0.020246
0.388998
0.351724
0.0204061
0.362845
0.52097
0.0206866
0.0377227
0.0211583
0.0702152
0.195822
0.0202926
0.0480951
0.0221035
0.385942
0.102458
0.366029
0.0212828
0.0212249
0.022281
0.0227614
0.376129
0.275402
0.386652
0.0201633
0.543678
0.0202515
0.0213314
0.0203221
0.306148
0.40275
0.301487
0.0219917
0.0356902
0.0212809
0.0330508
0.0211256
0.0375425
0.411284
0.0199424
0.470332
0.400619
0.0205401
0.0310699
0.0201842
0.377408
0.0210833
0.388532
0.0213424
0.0207122
0.282302
0.0215883
0.0198317
0.021664
0.105672
0.345728
0.289091
0.0748322
0.0221564
0.0227624
0.0205574
0.0211619
0.0209292
0.0204474
0.393872
0.0204098
0.0201624
0.0203815
0.0209227
0.377675
0.0204032
0.296063
0.0203456
0.303259
0.0227091
0.0614874
0.0207109
0.0209294
0.286757
0.02062
0.0201659
0.020296
0.320349
0.0202062
0.333027
0.0207801
0.339025
0.383339
0.0205139
0.0214614
0.0206176
0.331028
0.0204724
0.289116
0.0200898
0.0199407
0.0200639
0.0234955
0.0835191
0.020932
0.0209298
0.525574
0.0207468
0.170927
0.220838
0.40192
0.438717
0.020075
0.0198035
0.237888
0.166614
0.0221794
0.0453646
0.021646
0.218897
0.0200255
0.021882
0.261142
0.02106
0.0198112
0.0224667
0.0215664
0.0203375
0.304657
0.0205273
0.279874
0.284525
0.0200757
0.020617
0.483146
0.299838
0.388228
0.0203056
0.295797
0.0203288
0.402237
0.0406221
0.0199654
0.0201688
0.498077
0.305431
0.0599275
0.0286268
0.367958
0.311377
0.369824
0.0218636
0.305942
0.0201288
0.0199603
0.22717
0.0227678
0.0197728
0.0199103
0.142689
0.02107
0.0214604
0.0208843
0.0205521
0.0207777
0.022035
0.0957251
0.276933
0.373937
0.0201419
0.054527
0.0260349
0.0202724
0.0224308
0.312339
0.282712
0.0206221
0.284326
0.0201011
0.0221203
0.0202992
0.105562
0.0767882
0.0247582
0.0199599
0.0204543
0.134262
0.0200774
0.0201557
0.368877
0.643957
0.183111
0.0227872
0.0220916
0.24078
0.0198966
0.028612
0.0465369
0.0220767
0.320068
0.0200878
0.0204285
0.0458635
0.0218436
0.0203768
0.357293
0.343298
0.0214811
0.0204845
0.580545
1.34034
0.0200219
0.0205099
0.0209754
0.0200538
0.020345
0.0198316
0.0689437
0.0203457
0.0778209
0.0205791
0.0205449
0.0198662
0.0202132
0.337604
0.0207207
0.0233249
0.292637
0.0202043
0.0196356
0.302218
0.0404172
0.0215926
0.255896
0.0350957
0.27939
0.375472
0.0222796
0.316109
0.0523053
0.0216474
0.521007
0.0200583
0.0202703
0.0207325
0.021029
0.0204194
0.0204246
0.0334957
0.021963
0.01974
0.0197585
0.0217245
0.0205356
0.0198562
0.0216925
0.0199539
0.258151
0.526568
0.325724
0.0203816
0.48536
0.020059
0.496843
0.26823
0.0203112
0.0209513
0.0201958
0.335444
0.281845
0.0217436
0.0202403
0.454367
0.0213438
0.213756
0.116048
0.020118
0.0233849
0.028825
0.0201648
0.58813
0.0222523
0.0197391
0.118889
0.353146
0.551972
0.0199468
0.0205508
0.426243
0.0210178
0.0434985
0.0199406
0.0206354
0.0227618
0.179812
0.509145
0.0442329
0.020243
0.224182
0.0232953
0.0201327
0.390549
0.0201144
0.0200285
0.347454
0.0200537
0.0199878
0.602966
0.260489
0.0226161
0.0225508
0.237386
0.0222936
0.0200251
0.00510729
0.471879
0.0718014
0.0199902
0.382
0.0198015
0.305382
0.0225294
0.78286
0.399774
0.0202681
0.0208542
0.0201833
0.0197189
0.526883
0.0203812
0.0197907
0.0201428
0.563778
0.0205432
0.0199336
0.0201286
0.0280508
0.293821
0.0197607
0.0247543
0.0212923
0.256932
0.0200727
0.0230545
0.0236821
0.392097
0.0210677
0.0201293
0.0201016
0.0200788
1.42555
0.0217319
0.0198839
0.00820866
0.378704
0.0203147
0.0227339
0.0197024
0.0216173
0.302034
0.0215955
0.413495
0.0521348
0.0198462
0.0213936
0.0205215
0.0216397
0.0314206
0.364002
0.0223805
0.0207278
0.34507
0.257176
0.019857
0.0201487
0.020009
0.0215815
0.304522
0.0200582
0.0190027
0.303612
0.021341
0.019781
0.0226147
0.0211726
0.019687
0.0212673
0.0230663
0.0216948
0.314253
0.0200783
0.0211234
0.0197722
0.0221032
0.0212696
0.0218066
0.0216897
0.0220459
0.0231464
0.0210886
0.408239
0.0203662
0.019671
0.0210971
0.0215123
0.0205174
0.559478
0.0196438
0.0197325
0.0201037
0.0202782
0.339355
0.0200599
0.0227294
0.0198158
0.0220379
0.168729
0.715393
0.02565
0.0196595
1.0709
0.0229526
0.0214412
0.019606
0.0196525
0.0200258
0.301079
0.0199071
0.0227776
0.020816
0.386521
0.073452
0.020993
0.0214281
0.0199884
0.306399
0.296011
0.0196225
0.0203547
0.0202674
0.0201339
0.0198976
0.36137
0.0298439
0.343915
0.0216173
0.0204284
0.0225374
0.0203241
0.260538
0.0197022
0.0195715
0.0220417
0.0227901
0.0215832
0.0195931
0.337481
0.0222103
0.0206307
0.0206182
0.0223011
0.0196048
0.0210589
0.020977
0.0199367
0.737672
0.110352
0.0228173
0.0197613
0.0198039
0.0210067
0.302636
0.0324153
0.393524
0.0314849
0.0195845
0.021048
0.298965
0.0209248
0.0196757
0.0212405
0.020869
0.392759
0.393631
0.0224799
0.149003
0.0256546
0.0214717
0.0459492
0.0202722
0.0225972
0.0199221
0.0195647
0.0229596
0.0229104
0.0207967
0.293829
0.0202645
0.0224863
0.406915
0.246015
0.0198662
1.03619
0.277002
0.0206595
0.0195957
0.0220772
0.0197809
0.314655
0.0200396
1.58841
0.271011
0.0195901
0.0198897
0.019803
0.0196935
0.0199805
0.0198153
0.270899
0.0197614
0.0201704
0.0214985
0.0210399
0.0201759
0.0200362
0.0202836
0.341308
0.0610531
0.0201619
0.0921657
1.73631
0.0201626
0.293537
0.0208878
0.0198745
0.0204981
0.0199213
0.0226849
0.0232129
0.0198674
0.0224777
0.236829
0.019644
0.0197658
0.0202698
0.315413
0.0198439
0.40111
0.0202269
0.0200429
0.0204909
0.0213354
0.0201013
0.0196155
0.0249279
0.0199195
0.019606
0.0202985
0.0199553
0.0195927
0.0195719
0.0200325
0.0201532
0.0199765
0.314174
0.0198359
0.0206986
0.0196627
0.0204452
0.228983
0.0195603
0.0198492
0.0209266
0.305091
0.0216924
0.0202321
0.0209538
0.0222273
0.0275688
0.287647
0.0234644
0.0234648
0.166946
0.0208519
0.0200976
0.253937
0.0327956
0.257446
0.0199631
0.0198321
0.0271778
0.0257044
0.0208606
0.0197452
0.0195526
0.0206064
0.0201051
0.0203125
0.0234658
0.0306056
0.0196593
0.0205482
0.405286
0.0230059
0.022998
0.428954
0.0206067
0.0221654
0.125565
0.0200714
0.0209177
0.0206956
0.12341
0.0202909
0.0234619
0.189062
0.0834249
0.352761
0.26959
0.0237292
0.334246
0.0629687
0.0203134
0.1454
0.0206545
0.0212602
0.383577
0.0202086
0.0227766
0.0200648
0.0221067
0.306805
0.0346727
0.0202822
0.0196116
0.0202804
0.0198647
0.366735
0.0204135
0.0208698
0.305603
0.0209848
1.02635
0.385622
0.0491951
0.0198015
0.0196343
0.023331
0.0233214
0.020675
0.0200688
0.0203165
0.341497
0.0197648
0.0212107
0.392846
0.0538687
0.0205672
0.0232236
0.0202527
0.0205595
0.0227607
0.0195498
0.0216743
0.01969
0.020416
0.0218376
0.0201538
0.301461
0.0198839
0.0208871
0.374957
0.0202013
0.0233316
0.0221846
0.0228287
0.0199011
0.0204823
0.343146
0.0218071
0.0202354
0.0197054
0.0203728
0.0302119
0.0201163
0.0218763
0.0210592
0.0407996
0.0252072
0.0229138
0.0228816
0.0198234
0.0216821
0.0200031
0.336283
0.0204274
0.0201698
0.0267349
0.0229452
0.0204981
0.0213988
0.0212813
0.0201991
0.0229168
0.0283458
0.0259894
0.0210862
0.0202821
0.0228507
0.0211943
0.0234681
0.0234639
0.0197669
0.0195175
0.0195115
0.344102
0.0206741
0.0202807
0.019954
0.0202594
0.0212706
0.021349
0.0234721
0.0232399
0.0196234
0.355821
0.0532913
0.0233191
0.0199719
0.0198722
0.188118
0.0229415
0.0197481
0.0199172
0.0227575
0.0227561
0.0227667
0.0227637
0.0227557
0.0227559
0.0227872
0.0227838
0.022758
0.0227732
0.0227751
0.0227714
0.0227551
0.0227737
0.0227547
0.0227707
0.0232715
0.023321
0.0233254
0.0234565
0.0228183
0.0234768
0.0234393
0.0228377
0.0228789
0.0227722
0.023461
0.0234447
0.0234038
0.0234786
0.022782
0.0228272
0.0228679
0.276937
0.0233822
0.0233938
0.0218423
0.0197202
0.0202921
0.0229134
0.0231503
0.0338455
0.0232702
0.0234617
0.0233974
0.0231684
0.0231039
0.0229702
0.234747
0.258272
0.301526
0.0194942
0.0195097
0.0195498
0.0227993
0.0228684
0.0230555
0.0234047
0.0197749
0.0194987
0.0233197
0.0195062
0.290843
0.273073
0.0195446
0.301557
0.259848
0.0195032
0.0195262
0.293499
0.0233343
0.0194911
0.263889
0.0195257
0.0202995
0.0200743
0.0197629
0.0219648
0.0198224
0.306079
0.0198224
0.0198484
0.308682
0.0205358
0.0203966
0.0197372
0.0197588
0.0199014
0.295252
0.253669
0.0213209
0.0205944
0.0202963
0.546461
0.0220274
0.0228529
0.019551
0.0197679
0.020205
0.373352
0.0220156
0.0183912
0.325102
0.0968863
0.0202289
0.0197452
0.0203764
0.387404
0.0200613
0.0195602
0.0195627
0.0209216
0.297806
0.020705
0.0238166
0.0195466
0.0212831
0.0260904
0.0195805
0.0199142
0.113795
0.0202261
0.291065
0.0210781
0.0222055
0.0212194
0.0197818
0.0203303
0.0213144
0.0196314
0.575091
0.0202601
0.813583
0.0236185
0.282491
0.020084
0.28911
0.020842
0.0248407
0.019742
0.0196503
0.0820971
0.0200576
0.0207122
0.02124
0.0254884
0.0206798
0.0196978
0.0234791
0.302023
0.270332
0.020324
0.0197988
0.429481
0.0205716
0.389197
0.021385
0.0203642
0.271829
0.0212781
0.0196133
0.020072
0.0206114
0.0226351
0.0204347
0.0197866
0.0212501
0.150481
0.0197357
0.0201392
0.238854
0.0204868
0.0210191
0.0209031
0.0195817
0.301392
0.0206075
0.0273936
0.0197139
0.0196874
0.264924
0.107189
0.0218032
0.0199195
0.0200025
0.0205068
0.0201563
0.0367052
0.0213158
0.0209873
0.01997
0.301741
0.359131
0.212668
0.0196069
0.0223271
0.0216894
0.0217788
0.021827
0.0196814
0.0200219
0.0204319
0.0209211
0.303219
0.0614251
0.391716
0.0204059
0.0195961
0.0388078
0.0196027
0.0357874
0.0199574
0.0200171
0.019589
0.0198203
0.022108
0.0212694
0.0215132
0.0203916
0.0210681
0.019797
0.0198288
0.019833
0.0203975
0.303337
0.0213922
0.0196863
0.0208073
1.23116
0.0198463
0.0196429
0.353545
0.0209769
0.0210061
0.0417293
0.019565
0.0210805
0.0221187
0.0208598
0.0209014
0.317043
0.0204059
0.0210286
0.0195711
0.0860447
0.0718322
0.0277467
0.18185
0.0204408
0.0206274
0.0195324
0.258678
0.0208884
0.0789884
0.0195471
0.0200229
0.0361868
0.0195797
0.0232431
0.0339595
0.023206
0.0196959
0.398235
0.0240958
0.0312686
0.0195834
0.0208786
0.0198841
0.0204524
0.198995
0.0197813
0.029862
0.0196351
0.0202757
0.0220457
0.0205422
0.0208112
0.0305073
0.020659
0.019616
0.0251358
0.0217762
0.0222679
0.0208782
0.282417
0.35052
0.0195761
0.192441
0.0202771
0.0205452
0.387506
0.0244552
0.144142
0.0208273
0.0200565
0.0214019
0.020635
0.0195702
0.0207471
0.020737
0.0215777
0.0203599
0.0198753
0.0195518
0.0210694
0.0213933
0.0195982
0.101735
0.0204388
0.0203077
0.445848
0.0195975
0.485999
0.383563
0.0221503
0.0201356
0.0209408
0.0195346
0.0204761
0.558212
0.0222922
0.328876
0.0195832
0.0196769
0.304755
0.0196357
0.0206601
0.0197376
0.219636
0.292291
0.00880192
0.307278
0.0217287
0.0204789
0.0203769
0.0198902
0.0214868
0.0245934
0.0197169
0.019541
0.02087
0.0223844
0.0199115
0.0200457
0.0210398
0.0205992
0.0196923
0.0200342
0.0197184
0.0197385
0.019663
0.0228021
0.0201772
0.0196926
0.0206115
0.0207342
0.0196356
0.0946987
0.0207537
0.019629
0.0197505
0.0211798
0.0230593
0.0230411
0.0207313
0.0199163
0.0245674
0.295271
0.0202851
0.0217427
0.0210065
0.0227736
0.019706
0.0212466
0.0260313
0.0200583
0.0268993
0.0208347
0.0196304
0.0201994
0.552528
0.0200136
0.0196555
0.019662
0.0208112
0.020061
0.0207757
0.394317
0.0203769
0.0200165
0.0299956
0.0205629
0.0200989
0.0206378
0.0209445
0.0200699
0.326033
0.0198082
0.0200265
0.0199068
0.0196657
0.0196173
0.021073
0.0196699
0.0196696
0.0218938
0.0236254
0.0198829
0.0197134
0.0197501
0.0208461
0.0213957
0.0203169
0.0227597
0.382875
0.0200027
0.0200201
0.0195658
0.421193
0.0224542
0.0208316
0.308714
0.0204971
0.0204822
0.306673
0.0198809
0.0204555
0.0196797
0.0204115
0.0203237
0.405851
0.0196878
0.0207285
0.0208596
0.0215254
0.0219959
0.0202827
0.0199013
0.01967
0.0208152
0.02009
0.304325
0.0196685
0.394664
0.0195591
0.397117
0.0206193
0.0201416
0.0246155
0.0195395
0.0207998
0.0195631
0.0199671
0.0206647
0.0196497
0.0225268
0.0258154
0.0244962
0.355023
1.02427
0.0197069
0.0197097
0.333561
0.0199266
0.0202673
0.0202815
0.0205991
0.0197343
0.0212882
0.226362
0.019776
0.0201054
0.0201457
0.0209383
0.0196864
0.019795
0.0202745
0.0200964
0.441452
0.0196499
0.0213584
0.0199125
0.0196476
0.0196314
0.0205318
0.0215995
0.0210202
0.0211791
0.382706
0.0224598
0.0204185
0.0201279
0.0199161
0.255138
0.178596
0.0208151
0.478558
0.0196464
0.0196883
0.398846
0.0199739
0.0197055
0.0198753
0.143274
0.021317
0.0756776
0.307837
1.41785
0.0209338
0.0196326
0.0203662
0.0199138
0.0393737
0.0200653
0.0197629
0.0216209
0.019653
0.0755865
0.0208628
0.0199221
0.0223659
0.020289
0.0198353
0.0204326
0.0199541
0.0233993
0.0199365
0.303851
0.0196509
0.0209012
0.255313
0.0220757
0.019808
0.0195518
0.0343396
0.0223407
0.0205232
0.044325
0.0214793
0.0239654
0.0205664
0.0212559
0.0199653
0.302211
0.383254
0.0197102
0.312788
0.020002
0.053791
0.0199738
0.311996
0.0197273
0.0219001
1.10423
0.315058
0.386174
0.0208258
0.0290096
0.283037
0.0205544
0.0197516
0.0362649
0.0217443
0.0198112
0.0196183
0.0859113
0.0198222
0.0198458
0.0201087
0.0209691
0.253971
0.020383
0.0199044
0.020188
0.0199867
0.0496104
0.310564
0.0198773
0.0211463
0.0201564
0.0491634
0.0196699
0.019978
0.0197322
0.115172
0.0199704
0.0198637
0.0198902
0.0223946
0.0218129
0.248531
0.0208541
0.0197555
0.020017
0.0208697
0.189144
0.0196014
0.0196019
0.0211444
0.019616
0.0462035
0.0203941
0.306094
0.0196522
0.0703815
0.0196777
0.0206996
0.0210839
0.0206986
0.0201336
0.0210951
0.0532442
0.258585
0.0198195
0.0212233
0.019622
0.0211283
0.0201443
0.176577
0.0199498
0.227467
0.0200502
0.0412427
0.0199359
0.0208164
0.0222486
0.0206129
0.0233274
0.0203975
0.020404
0.1778
0.0202769
0.0203935
0.271892
0.903942
0.206633
0.0202732
0.0209134
0.0243907
0.308556
0.0196436
0.281535
0.0204741
0.0197177
0.0201853
0.0197795
0.0199207
0.0206999
0.143602
0.0241785
0.0203779
0.32213
0.489454
0.0253904
0.0208011
0.277636
1.6157
0.34376
0.291101
0.0203249
0.0214316
0.0210698
0.0206082
0.0197895
0.250262
0.400847
0.0199979
0.023261
0.400612
1.60626
0.0196953
0.0206404
0.0208348
0.262112
0.0300232
0.377699
0.30868
0.0215753
0.0207345
0.0199564
0.0224217
0.320476
0.0201378
0.020605
0.0203355
0.0294219
0.025734
0.389139
0.0197277
0.414375
0.0208947
0.0198653
0.807044
0.0200806
0.0208584
0.0220765
0.0202757
0.0205159
0.0199424
0.0232078
0.371013
0.0211823
0.0199949
0.0208717
0.0200764
0.0196563
0.0202537
0.0398688
0.0212214
0.0199236
0.021423
0.263653
0.0209355
0.0260529
0.0196834
0.407731
0.020768
0.0202614
0.0203328
0.385168
0.0315056
0.021176
0.0213013
0.0355997
0.417007
0.0395664
0.0196697
0.0214625
0.0330375
0.0434206
0.0212205
0.169848
0.0200413
0.0881427
0.0201989
0.020841
0.0201157
0.0210399
0.332447
0.0223827
0.0399092
0.0203407
0.255425
0.0199304
0.0196146
0.0196168
0.0202297
0.265579
0.0258371
0.0202142
0.0217284
0.261284
0.51938
0.0609993
0.419434
0.0204149
0.184497
0.851273
0.429603
0.0196667
0.405132
0.0206384
0.584668
0.020177
0.0201093
0.310202
0.0203231
0.252418
0.0207953
0.0210692
0.0209702
0.219253
0.0202767
0.0204956
0.315552
0.191541
0.319241
0.574776
0.0199421
0.021431
0.0203207
0.316934
0.0208602
0.227353
0.0205072
0.0202767
0.0302361
0.0201325
0.0200937
0.020563
0.0199251
0.0203881
0.807181
1.22314
0.264977
0.0201721
0.0208052
0.464909
0.0197015
0.0206688
0.38809
0.240259
0.186787
0.280865
0.0215704
0.0213596
0.0199371
0.0744723
0.292234
3.26354
0.0213729
0.0201147
0.0202411
0.0199525
0.0244609
0.0207722
0.020145
0.0207852
0.0204101
0.0406028
0.0246532
0.0213119
0.0204848
0.02781
0.0885536
0.0197366
0.021776
0.315843
0.0206399
0.0203624
0.021063
0.0199971
0.0203643
0.0201563
2.02101
0.0210058
0.0334338
0.0207764
0.0202771
0.0269425
0.0199696
0.233485
0.0221345
0.284451
0.0222463
0.02244
0.0200011
0.351519
0.0217254
0.0225959
0.03418
0.0222
0.0217631
0.422705
0.269312
0.0345405
0.301691
0.0376608
0.416112
0.500811
0.224385
0.364456
0.388719
0.0202498
0.0209947
0.425464
0.236401
0.26583
0.334029
0.0224904
0.209726
0.0235661
0.0215716
1.33891
0.0201179
0.0218813
0.0196276
0.0210719
0.0203689
0.0203624
0.393975
0.0245918
0.0200733
0.902802
0.0203597
0.0216825
0.0201314
0.410739
0.343532
0.0201067
0.0202367
0.142655
0.0200234
0.0215956
0.022415
0.0207691
0.020076
0.0202597
0.271372
0.02085
0.0204577
0.0199864
0.0247531
0.0202443
0.307409
0.0212076
0.665563
0.473324
0.0203112
0.322378
0.0200314
0.0866488
0.0216541
0.0217835
0.0238105
0.253645
0.02544
0.020123
0.253715
0.0201701
0.34781
0.0200478
0.0260651
0.0200646
0.503649
0.0197346
0.0203963
0.0205175
0.0201082
0.0201374
0.0201697
0.0230596
0.0254482
0.0210568
0.0231137
0.22364
0.23831
0.0214968
0.0200033
0.352414
0.0293666
0.0206949
0.0211013
0.0558063
0.28274
0.0205315
0.0308662
0.0201897
0.265952
0.0199881
0.405977
0.369664
0.229267
0.0199756
0.0203009
0.398192
0.0213516
0.283293
0.247956
0.0684226
0.0204783
0.019988
0.0208614
0.0204184
0.0205363
0.481152
0.0208417
0.0219998
0.409721
0.0203367
0.389418
0.267626
0.149344
1.14878
0.0207807
0.0202369
0.0203944
0.0201759
0.0206966
0.0201548
0.0202054
0.0209167
0.0204074
0.291743
0.0201711
0.172571
0.021756
0.0206166
0.021029
0.0196675
0.254358
0.0201818
0.0202107
0.0210373
0.0239553
0.427941
0.0210321
0.110437
0.0197539
0.0213344
0.0614048
0.0211012
0.0206461
0.0230989
0.0368105
0.0200985
0.23212
0.0213744
0.0205234
0.0202114
0.191089
0.362583
0.289937
0.0196931
0.411511
0.0243057
0.0208898
0.406088
0.0200941
0.573716
0.0201457
0.0652544
0.429501
0.0210955
0.408622
0.0204554
0.0197167
0.0197323
0.0468783
0.42801
0.396292
0.0198941
0.0201367
0.0202571
0.0341429
0.0203644
0.327457
0.312073
0.323228
0.207471
0.0206673
0.0206366
0.0202298
0.0201651
0.412457
0.244837
0.0197991
0.151452
0.0319493
0.0365628
0.019824
0.0201206
0.0202262
0.0201569
0.0209864
0.311211
0.0213003
0.413024
0.0197428
0.321593
0.0201456
0.127852
0.243865
0.020152
0.025095
0.029127
0.132185
0.0199984
0.0201246
0.0206129
0.363759
0.0199668
0.426947
0.0273063
0.020635
0.0207899
0.574918
0.0201986
0.400665
0.0926201
0.380696
0.0347397
0.356008
0.0203448
0.253351
0.41339
0.0210489
0.386846
0.412846
0.0215527
0.41771
0.176035
0.0197682
0.0220329
0.0230896
0.510436
0.0197195
0.0210526
0.300068
0.0229233
0.0207038
0.0198615
0.0215283
0.437058
0.423974
0.0216152
0.0203641
0.019834
0.019733
0.413849
0.019916
0.29486
0.216345
0.0211495
0.0257837
0.0199402
0.850141
0.0204042
0.0215615
0.0219949
0.838191
0.0207196
0.216393
0.0292806
0.0276373
0.0201214
0.0209036
0.0202481
3.274
0.0198733
0.0216717
0.020162
0.45062
0.0198783
0.290746
0.0201456
0.267869
0.263423
0.0203845
0.0199118
0.0197032
0.0212752
0.0201856
0.0207284
0.0213211
0.0224803
0.0203946
0.0203319
0.438662
0.416134
0.398585
0.422254
0.0216434
0.0217404
0.0202282
0.387246
0.0207094
0.0201252
0.0204414
0.215132
0.390663
0.0335212
0.0214466
0.270189
0.0259176
0.0280845
0.263107
0.0204829
0.266347
0.021433
0.053255
0.0201772
0.0199051
0.320095
0.424978
0.0204358
0.0571805
0.0211668
0.301328
0.434331
0.0198832
0.0219968
0.448445
0.0198512
0.0223595
0.436371
0.0204479
0.0278708
0.0229556
0.0198658
0.0212717
0.0202681
0.0207478
0.0205873
0.0311467
0.0212294
0.0216872
0.0205606
0.0202925
0.0202758
0.0207295
0.0211561
0.0264745
0.0207868
0.419663
0.435031
0.0653798
0.0201397
0.291162
0.408159
0.0270717
0.0222652
0.282887
0.0206372
0.0201976
0.775566
0.0568697
0.033477
0.0204615
0.0205016
0.0205122
0.318531
0.0211803
0.0208173
0.106349
1.64559
0.020724
0.0256412
1.14996
0.0207202
0.39941
0.395047
0.0197023
0.314459
0.312049
0.178743
0.113545
0.160673
0.0208523
0.20516
0.0199831
0.0208266
0.0202207
0.022034
0.0215853
0.141302
0.42405
0.0203349
0.0204485
0.398124
0.0204192
0.377032
0.0201728
0.300594
0.419752
0.027812
0.0204361
0.0210775
0.459362
0.0209835
0.0205039
0.0214283
0.38489
0.0209369
0.0202718
0.0240397
0.0205362
0.371577
0.0203065
0.373392
0.0207063
0.0201284
0.403927
0.0249668
0.0199741
0.291806
0.0217111
0.0213985
0.0207324
0.0211548
0.02719
0.0201696
0.362453
0.0204825
0.0208651
0.0203431
0.481686
0.381541
0.0201543
0.0205982
0.0267031
0.505198
0.0281252
0.47217
0.0264902
0.0221553
0.0203848
0.0356576
0.0306042
0.0237126
0.0210837
0.0267176
0.0230694
0.0203627
0.0210485
0.36201
0.0202405
0.0236181
0.0234907
0.378826
0.0204541
0.0204381
0.0202686
0.0205688
0.030687
0.393204
0.0199603
0.0212531
0.0213027
0.381165
0.0270105
0.0219345
0.0203265
0.021326
0.0243853
0.379679
0.457499
0.0214469
0.0204917
0.0197499
0.0212949
0.0205184
0.0195513
0.372867
0.0250702
0.0202485
0.0215491
0.0212412
0.0267167
0.0256506
0.0221316
0.312189
0.0243265
0.0202751
0.364447
0.0220646
0.0204985
0.0284617
0.407022
0.0202497
0.0195404
0.0197982
0.0206382
0.0214138
0.0202592
0.358338
0.508688
0.0199514
0.559295
0.0212616
0.039123
0.0209006
0.157833
0.0197649
0.0229537
0.248973
0.0215477
0.0211915
0.370991
0.0204592
2.48834
0.0310508
0.021429
0.0217808
0.483566
0.0338344
0.022211
0.394286
0.0206077
0.371809
0.373615
0.0211501
0.0211928
0.021317
0.0202408
0.420616
0.0213416
0.0202627
0.356935
0.0454304
0.0875777
0.56347
0.0202148
0.0214824
0.0204354
0.701234
1.29942
0.0215072
0.0208853
0.0320911
0.0205258
0.0213364
0.0199379
0.0880258
0.0204754
0.0267103
0.0199853
0.021053
0.399753
0.0271934
0.0502505
0.0199881
0.375754
0.266201
0.0540605
0.0201371
0.0199693
0.373787
0.400409
0.021718
0.0205102
0.0202215
0.496234
0.0212494
0.0261185
0.0204181
0.0204545
0.0208428
0.479337
0.0206616
0.0203089
0.0413098
0.028783
0.0254184
0.0265596
0.0203861
0.255644
0.302473
0.0208406
0.0209176
0.787463
0.382777
0.0283433
0.0206398
0.0478008
0.0209073
0.0220217
0.318471
0.0207577
0.0201365
0.0209844
0.01967
0.0315763
0.0212858
0.0277005
0.0202725
0.0202447
0.135498
0.0266051
0.436188
0.0205598
0.0203034
0.020968
0.021533
0.637165
0.0206635
0.249449
0.0202503
0.0207865
0.417957
0.431979
0.0220823
0.0225098
0.0217969
0.0204121
0.486132
0.0211125
0.0208197
0.020377
0.0212278
0.0209175
0.627689
0.0237417
0.357828
0.0220061
0.0211503
0.230411
0.0213901
0.022482
0.0213295
0.0203962
0.0202878
0.334574
0.024776
0.0203554
0.0202301
0.0206035
0.0212846
0.551577
0.0203203
0.0203985
0.0209506
0.499719
0.0844936
0.476533
0.37475
0.0243472
0.0222726
0.0203586
0.160892
0.0202365
0.0202828
0.28856
0.4152
0.479481
0.0203936
0.327198
0.368739
0.0228693
0.314731
0.232711
0.0211371
0.0205586
0.0205938
0.0202533
0.02228
0.479295
0.0204333
0.0206846
0.239193
0.021108
0.0203926
0.020843
0.0214623
0.411477
0.11624
0.0209827
0.535811
0.0202635
0.0202148
0.0202405
0.271761
0.0201981
0.02051
0.020403
0.0228885
0.0196483
0.0203601
0.0202571
0.020151
0.0202573
0.0209749
0.020939
0.0211323
0.290394
0.0242436
0.490915
0.0235619
0.0204039
0.0335297
0.0240179
0.615531
0.0201739
0.679468
0.51119
0.0215053
0.0196626
0.0204847
0.480859
0.491831
0.41257
0.0206266
0.0203602
0.0351256
0.0206071
0.0239551
0.510576
0.0203787
0.0406761
0.0206673
0.0196349
0.0218995
0.0202932
0.4282
0.0211125
0.023604
0.270405
0.49764
0.0211266
0.0206056
0.0225109
0.0208816
0.0219464
0.0201583
0.0231769
0.409478
0.156694
0.0212403
0.0210534
0.373075
0.020625
0.0204334
0.0226842
1.48167
0.0210963
0.0216135
0.373237
0.213281
0.0205452
0.536893
0.330843
0.0210681
0.0204721
0.653378
0.021332
0.499751
0.417149
0.0207969
0.474614
0.0216228
0.0206713
0.242545
0.021047
0.33211
0.020579
0.0206719
0.0215257
0.0210391
0.419413
0.0206011
0.0206515
0.0203423
0.0208554
0.292273
0.410118
0.478433
0.0211819
0.503707
0.32845
0.0207711
0.390546
0.021291
0.471424
0.363054
0.0205362
0.581899
0.0294278
0.0211256
0.0346933
0.0205176
1.21336
0.0201277
0.483088
0.585235
0.02118
0.0231842
0.0219796
0.0213411
0.0422853
0.0203703
0.360158
0.0341946
0.0203619
0.0201502
0.0209722
0.418915
0.0206795
0.0203972
0.432635
0.0211948
0.0201932
0.0202311
0.567229
0.574798
0.0208017
0.692711
0.481124
0.0197841
0.0203798
0.0203781
0.0206076
0.51812
0.568644
0.435406
0.0273077
0.0218168
0.0204678
0.0209202
0.0213615
0.0208372
0.0206864
0.0211088
0.0227835
0.47069
0.26238
0.0213824
0.0205641
0.418086
0.0203437
0.61959
0.031519
0.0442393
0.0201733
0.672633
0.412386
0.0204142
0.410141
0.0203626
0.0227484
0.0206762
0.567758
0.418305
0.265535
0.0213975
1.30091
0.0222851
0.0204131
0.0200966
0.0246621
0.0215246
0.0224936
0.360146
0.0207535
0.0203591
0.0204492
0.0237689
0.637154
0.0210239
0.825524
0.675963
0.511446
0.43373
0.0207701
0.0202422
0.375972
0.0208747
0.0215369
0.0217145
0.412523
0.0207797
0.0207258
0.0212516
0.302487
0.0204887
0.0207647
0.02023
0.515431
0.0206172
0.0195308
0.521987
0.021179
0.0207083
0.0207148
0.0243617
0.0206448
0.0213178
0.0211976
0.0201466
1.18828
0.389639
0.0202507
0.610347
0.0217877
0.020468
0.0213815
0.557641
0.0215064
0.456803
0.0202422
0.0207318
0.0212578
0.86465
0.020249
0.0207913
0.0295488
2.14125
0.0276889
0.0208289
0.606617
0.0217238
0.675912
0.0208224
0.0204602
0.0201845
0.0215415
0.408114
0.355312
0.0202339
0.278829
1.71629
0.0197863
0.411865
0.0204629
0.0199006
0.387045
0.0206008
0.0242479
0.35013
0.020742
1.59262
1.36109
0.0202227
0.562802
0.0218513
0.382452
0.0826624
0.55752
0.0233771
0.0215195
1.30781
0.0207866
0.020796
0.091157
0.0253698
0.0205027
0.617021
0.929928
0.0263566
0.156861
0.0210729
0.0215088
0.0205235
0.313916
0.0323613
0.54862
0.0206858
0.323141
0.020232
0.440272
0.0205101
0.0202598
0.0210051
0.020749
0.0281511
0.49764
0.508841
0.0205236
0.0203268
0.0213258
0.0204628
0.0204859
0.597106
0.0208049
0.0204629
0.0196877
0.0208487
0.0235138
0.0273575
0.0385402
0.020782
0.0203984
0.0229042
0.269953
0.0209151
0.0203228
0.0287708
0.0205906
0.021519
0.592426
0.0208111
0.600155
0.267374
0.0205585
0.0208374
0.0231994
0.309835
0.0209699
0.663681
0.0203718
0.0217989
0.0238066
0.0208055
0.021339
0.0221476
0.037791
0.0211769
0.0204773
0.529359
0.0208811
0.0225629
0.666666
0.0214031
0.0203514
0.0213935
0.298522
0.0205025
0.10345
0.0204631
0.0204203
0.0204609
0.0205918
0.0205082
0.0216569
0.576121
0.0250989
0.0290993
0.0214558
0.0209148
0.0209025
0.384936
0.380672
0.0206725
1.58431
1.0423
0.0208073
0.0215325
0.0241075
0.0211505
0.687197
0.490345
0.0198116
0.0204982
0.0697153
0.0263795
0.0208696
0.0235358
0.668056
0.334181
0.0385283
0.0203436
0.0211397
0.0205191
0.819193
0.0202401
0.0204442
0.0393312
0.289449
0.0207693
0.032656
0.0203139
0.0211336
0.0203118
0.0205944
0.0202838
0.0218037
0.0206084
0.473165
0.641775
0.0206174
0.0206015
0.0226637
0.273772
0.020793
0.0220044
0.0210479
0.021502
0.0249591
0.0202102
0.0202514
0.0261726
0.0214337
0.295348
0.823217
0.0226524
0.0211166
0.0218722
0.0206168
0.0208307
0.0209088
1.36458
0.0218647
0.0230228
0.021894
0.354175
0.0239261
0.0256603
0.468565
0.0208163
0.0206199
0.0205619
0.862343
0.0208177
0.0202146
0.020807
0.0198211
0.0201534
0.0206576
0.559551
0.0215565
0.701088
0.0207565
0.0312946
0.288611
0.0206069
0.0206193
0.78871
0.471524
0.0216295
0.0286218
1.23061
0.0340202
0.263201
0.0204141
0.875787
0.0202465
0.685855
0.0206925
0.021385
0.0204288
0.0221498
0.0203788
0.449365
0.0225
0.0206172
0.0572626
0.0209499
0.0209698
0.0292695
0.701153
0.0212968
0.0209418
0.0206886
0.0269604
0.208895
0.0206196
0.0211902
0.0215015
0.0230748
0.472327
0.0203244
0.505981
0.431749
0.0195301
0.0234585
0.473406
0.0208501
0.020277
0.0212482
0.021412
0.0211282
0.0203006
0.0210635
0.041544
1.19732
0.0207275
0.0221448
0.0209861
0.0204885
0.425025
0.0212447
0.021259
0.0212872
0.0573761
0.793665
0.0356835
0.0195323
0.281958
0.0235476
0.0206578
0.399254
0.0204332
0.519333
0.166911
0.0202358
0.85942
0.0214078
0.0208959
0.0202408
0.0206664
0.0204479
0.263612
0.0233519
0.0206382
0.0218793
0.0209565
0.0214889
0.104123
0.0204923
0.0204507
0.0217713
0.393127
0.0210334
0.524222
0.0202222
0.206446
0.0210687
0.468328
0.675423
0.165448
0.0209113
0.0204147
0.0206846
0.0239161
0.0206728
0.274991
0.0214221
0.0210521
0.0219466
0.0202769
0.0207613
0.0213538
0.0209474
0.0197162
0.0213837
0.702111
0.0206068
0.0208311
0.0208042
0.41937
0.0296215
0.0211455
0.663252
0.0204451
0.0295847
0.0214733
0.0250574
0.0202676
0.11858
0.147113
0.0206203
0.0204987
0.617118
0.0843473
0.0206165
0.0236537
0.0202922
0.0208891
0.240393
0.0365275
0.0210181
0.0206165
0.0209292
0.366313
1.58124
0.0218638
0.0206779
0.430692
0.0196566
0.283687
0.0205247
0.0304879
0.020794
0.615562
0.0203913
0.0203294
0.020165
0.0211
0.676528
0.62814
0.0208953
0.0199625
0.0207561
0.712373
0.0197991
0.0209087
0.0207927
0.275878
0.0211364
0.0210659
0.0206985
0.0205106
0.0211636
0.421581
0.0209254
0.0203994
0.0207817
0.0204627
0.0212588
0.0217698
0.0213032
0.0211029
0.275564
0.563335
0.0380646
0.0215868
0.0205073
1.06363
0.973257
0.0210258
0.0211497
0.0442319
0.0228978
0.0214508
0.588935
0.0204823
0.0207614
0.363537
0.0209988
0.0208048
0.415645
0.0210552
0.275704
0.0204766
0.0210831
1.0989
0.255176
0.0239876
0.0357127
0.0877758
0.0210494
0.0204835
0.022004
0.0220348
0.0213201
0.0212217
0.0207846
0.0208018
0.0210894
0.0207237
1.16938
0.0216351
0.0208154
0.021166
0.0306059
0.595348
0.638853
0.700097
0.0232569
0.345566
0.637657
0.0208607
0.0203758
0.0213749
0.0488308
0.0212729
0.0207927
0.0206507
0.268282
0.980087
0.020161
0.0225578
0.0198749
0.0213656
0.0208239
0.0208208
0.0215899
0.0209778
0.202866
0.282756
0.0210623
0.342086
1.13313
0.0196457
0.0209569
0.0208943
0.401352
0.0209865
0.697259
0.0202214
0.0215217
0.0208411
0.019853
0.277092
0.290422
0.587843
0.0208204
0.36636
0.0209285
0.0213173
0.0202199
0.0198379
0.0204749
0.0212902
0.0316615
0.0208056
0.798297
0.0210252
0.0211322
0.0208199
0.781013
0.890403
0.0288743
0.0240716
0.021223
0.0208223
0.0210203
0.0222432
0.592211
0.019811
0.0212864
0.918636
0.781483
0.020894
0.0213049
0.0203496
0.724216
0.0204694
0.0221086
0.0197931
0.0210009
0.0209412
0.0203786
0.0223263
0.0209929
0.507317
0.0214136
1.1068
0.704676
0.960547
0.42797
0.0206593
0.0204848
0.0231435
0.0241542
0.0206008
1.49355
0.0203467
0.0229826
0.0462008
0.925965
0.0204477
1.10609
0.0204943
0.0213458
0.021712
0.0232643
0.0214718
0.0208566
0.309376
0.0206844
0.0209303
0.0213262
0.831984
0.0209083
0.859627
0.0214122
0.571827
0.0202008
0.0210595
0.0209635
0.0208746
0.020605
0.0205989
0.0317952
1.49004
0.785917
0.0279343
0.752368
0.0209957
0.906412
0.0211276
0.0253526
0.0203939
0.0224351
0.213576
0.0209873
0.02022
0.0211981
0.0210615
0.0203143
0.460745
0.0212908
0.664464
0.021325
1.13034
0.021357
0.0231686
0.0210564
0.0203871
0.0206148
0.0208743
0.134131
1.02081
0.0208038
0.021214
0.418033
0.021253
0.0211822
0.11886
0.0206055
0.0212504
0.383956
0.892343
0.0209976
0.266227
0.781913
0.843203
0.0208623
0.0211052
0.0208841
0.0210779
0.851102
0.0210124
0.0203723
0.0211017
0.104879
0.0211839
0.021596
0.0212555
0.0206878
0.0208888
0.0211445
0.0219591
0.865709
0.024986
0.0198074
0.0330951
0.0226046
0.0301929
0.0208179
0.0239638
0.020928
0.0208196
0.973534
0.0222387
0.021201
0.0328325
0.0203819
0.020819
1.46087
0.0211621
0.0210325
0.0212817
0.0204935
0.279335
0.0220131
0.0211216
0.860098
0.975477
0.0212384
0.0211301
0.0210517
0.0206765
0.0200364
0.020641
0.280445
0.301475
0.0351083
0.02122
0.021147
0.0308078
0.0269207
0.858822
0.0223098
0.221543
0.776808
0.0214184
0.0224679
0.0229774
0.0261598
0.0725774
0.0215031
0.0213256
0.0202766
0.0210298
0.240625
0.366206
0.0200003
0.103113
0.0207211
0.021166
0.0308669
0.0213244
0.0214009
0.020279
0.0210619
0.792665
0.0252777
0.0216541
0.0206514
0.0202117
0.714751
0.144571
0.0231349
0.271082
0.0211011
0.103682
0.0305072
0.0206337
0.362647
0.0227478
0.0210862
0.0195316
0.43818
0.309785
0.0231294
0.107413
0.290697
0.0213793
0.0203635
0.0216345
0.0209955
1.25305
1.04014
0.0213541
0.0202016
0.0250913
0.870033
0.0234222
0.78226
0.0203565
0.0213869
0.682567
0.0212459
0.0427214
0.0213463
0.275619
0.0236491
0.0259152
0.0198244
0.0203847
0.760424
0.0206277
0.563991
0.0213724
0.0213212
0.0210368
0.307344
0.025074
0.0256411
0.782537
0.574891
0.0204265
0.388356
0.022172
0.0208615
0.856259
0.78324
0.0220213
0.0202426
0.0263291
0.516556
0.0242408
2.3899
0.021234
0.697305
0.828349
0.0205918
0.395501
0.0211825
0.0209417
0.0209491
0.0205672
0.0212624
0.318122
0.0218747
0.0202148
0.380894
0.0212213
0.0203472
0.364174
0.0206005
0.0223306
0.0209321
0.592257
0.0212023
0.0209675
0.0203091
0.496957
0.0752692
0.110621
0.0210012
0.788298
0.186239
0.0208541
0.0208024
0.0210639
0.0585755
0.0221945
0.764477
0.0223396
0.0417199
0.0213176
1.49642
0.0203825
0.0252458
0.0213387
0.0216824
0.0210076
0.0208083
0.0210857
0.0204366
0.0652296
0.0202019
0.0203259
0.0211396
0.020986
0.951204
0.0210685
0.0210418
0.718745
0.0210363
0.0229095
0.0210976
0.0206517
0.52866
0.0208375
0.0208019
0.0217962
0.0262671
0.0216759
0.0209921
0.0210719
0.911491
0.39047
0.408434
0.0209813
0.0211746
0.0197551
0.0216758
0.0212574
1.23264
0.0210269
0.0210138
0.0220542
0.0211335
0.763663
0.0211314
0.286313
0.0233141
0.0287421
0.0226167
0.916577
0.0208895
0.0242552
0.0505691
0.0212911
0.634324
0.487273
0.217617
1.16171
0.0270609
0.386226
2.35906
0.0203709
1.05041
0.0210759
0.0204507
0.019894
0.908019
0.021076
0.0206346
0.021093
0.0210468
0.0214133
1.1034
0.709061
0.0208099
0.0195353
0.0209623
0.0211194
0.0216881
0.0214774
0.0211574
0.0945407
0.0213558
0.126483
0.0210879
0.0211427
0.0211353
0.0212711
0.0219282
0.0571696
0.0211597
0.0212722
0.0212165
0.0218132
1.06356
0.0223142
0.0206219
0.0213148
0.16472
0.22872
0.0210673
1.24034
0.0217267
0.0209293
0.783574
2.8407
0.0211122
0.0211626
0.0208722
0.0204284
0.0247191
0.313768
0.0212983
0.269837
0.0215553
0.0509365
0.833458
0.0213403
0.0214814
0.0198405
0.0204919
0.543166
0.155428
0.021108
0.0202111
0.197971
1.11263
0.0210888
0.0211435
0.0230535
0.0246633
0.0212137
0.0213302
0.0215712
0.0213475
0.0204228
0.0212444
0.0212725
0.0225663
0.0199723
0.0196169
0.0214925
0.0197788
0.0567368
0.0216342
0.028469
0.024745
0.0202872
1.07818
1.55827
0.0212641
0.271734
0.0210967
0.038006
0.0203155
0.0212831
0.310658
0.0288546
0.0206019
0.021118
1.07083
0.0212012
0.0269282
0.0205108
0.0213022
0.0211671
0.0209753
0.0205284
0.021716
0.0208233
0.88698
0.0205173
0.0213697
0.0244003
0.0211644
0.259279
0.0212702
0.264948
0.0255022
0.127546
0.134788
0.0212271
0.0210823
0.0214128
1.0613
0.0213208
0.0211764
0.0205826
0.318383
0.0206394
0.553674
0.0212168
1.15196
0.0209657
0.274142
0.0202065
0.0212952
0.0214843
0.283433
0.0305272
0.0210852
0.0215511
0.707947
0.0214145
0.0644701
0.0210904
0.0207959
0.0324189
1.14737
2.41002
0.0206534
0.0242791
0.0197297
0.021313
0.542619
0.0215622
0.308644
0.0212321
0.0203287
0.0203315
0.0211738
0.798796
0.874225
0.0211613
0.0216425
0.0203103
0.0199847
0.0206702
0.0218142
0.0219753
0.0203554
0.0579292
0.0484656
0.0225868
0.0219002
0.315727
1.29904
0.500986
0.0246851
0.0219285
0.020843
0.864616
0.0180036
0.0213721
0.0211806
0.027129
0.0213538
0.0208035
1.55496
0.321923
0.0220487
0.0205974
0.0205892
0.103292
0.02094
0.245174
0.0255769
1.12699
0.0210706
0.0207239
0.0212372
0.343387
0.0512168
0.0214958
0.0210351
0.0328448
0.704986
0.0214213
0.0469285
0.0217286
0.0282597
0.0208785
0.0211949
0.203829
0.0205585
0.0211995
0.0211665
1.14066
0.041274
0.0212135
0.0205237
0.558258
0.0234068
0.0202108
0.0222021
1.15399
0.0359587
0.0228204
0.0208171
0.0204273
0.020852
0.901045
0.271998
0.0458932
0.0214416
0.0214465
0.0301249
0.021194
0.0213541
0.0273
0.561528
0.0557136
0.0212133
1.10672
0.0259776
0.0290205
0.0213117
0.141168
0.0212771
0.0325879
1.52098
0.0211748
0.0262144
0.364586
0.020837
0.326991
0.0212324
0.022961
0.0218291
0.0219432
0.191038
1.19412
0.0224573
0.0213481
1.0415
0.307833
0.0214221
0.0213714
0.0210251
0.0205862
0.0242731
0.0220669
0.0216958
0.0216225
0.391584
0.0210627
0.0214692
0.0238504
0.020798
0.0321251
0.0204284
0.0223806
0.830468
0.0196622
0.0220079
0.8093
0.0202961
0.0262962
0.888432
0.0274097
0.0251834
0.90858
0.0209686
0.0285749
0.0206492
0.0225643
2.57328
0.0203798
0.3345
0.0325095
0.0206007
0.0344337
0.0211603
0.180684
0.0208665
0.0309606
0.646221
0.0401063
0.0202026
0.0205382
0.0197696
0.0227786
0.840682
0.0222165
0.0221127
0.0259608
0.0211551
0.0213232
0.0678463
0.049928
0.0527967
0.0231246
0.0213347
0.940687
0.0212708
0.0202671
0.0212561
0.0212596
0.0212726
0.0207572
0.820009
0.278803
0.021132
0.0211087
0.0210839
0.219738
0.0261406
0.0204031
0.0234622
0.0211052
0.0208426
0.0269678
0.0221784
0.020346
0.0914307
1.14214
0.0223998
0.0209555
0.493317
0.0205861
0.0225292
0.020815
0.0212665
0.0211368
0.0240745
0.0210775
0.0208554
0.0213913
0.0213363
0.0228212
0.0212583
0.548219
0.0273887
0.0195931
0.512205
1.10787
0.391197
0.0231525
0.0197104
0.310458
0.0212512
0.0311715
0.0209803
0.206446
0.0219368
0.0213425
0.0221161
0.0432509
0.0495482
0.0216968
0.280802
0.894094
0.672426
0.0212432
0.0213961
0.318848
0.480872
0.0212945
0.0210103
0.0212758
0.0213965
0.021363
0.436124
2.95028
0.0324065
0.0212538
0.019744
0.021107
0.229771
0.0211526
0.0204106
0.0255702
0.0213682
0.0211001
0.139955
0.0213131
0.0205412
0.0216957
0.857041
0.172515
0.0211661
0.0210423
0.697249
0.020413
0.02246
0.186683
0.350335
0.0213308
0.0203115
1.12692
0.0216224
0.506516
0.0356451
0.0229197
0.0203682
0.0203103
0.0213002
0.0214757
0.0769049
0.0599304
0.0361875
0.0238246
0.0262687
0.0257796
1.06746
0.0207806
1.42606
0.0247204
0.0207921
0.0196227
0.0197233
0.0212586
0.0234121
0.0225865
0.0223114
0.0243226
0.0213672
0.0212403
0.0228872
0.0207487
0.0221573
0.0206986
0.0203251
0.0958343
0.0305533
0.0223787
0.0207108
0.862184
0.0435948
0.0237395
0.01969
0.0214175
0.029156
0.0211091
0.0250085
0.0378315
0.036529
0.0213319
0.0197106
0.23788
0.0214096
0.0217783
0.027586
0.0215412
0.557491
0.0214262
1.00865
0.0203926
0.226308
0.0210755
0.0211464
0.0213179
0.0214061
0.0239762
0.021255
0.883694
0.0213187
0.0210814
0.0212602
0.107324
1.20633
0.02127
0.0213545
0.0238992
0.021141
0.0214004
0.0213883
0.0651838
0.0215267
0.0210761
0.0213643
0.0264173
0.0214479
0.0212644
0.0213388
0.0211532
0.0203047
0.0244606
0.0213453
0.857281
0.0213408
0.0389101
0.263184
0.459828
0.0203561
0.0214353
0.0210854
0.0207083
0.0219165
0.0506548
0.021337
0.0212126
0.0209668
0.0212351
0.0207926
0.451219
0.0201907
0.0346132
0.100485
0.285848
0.021296
0.0202703
0.402859
0.0270749
0.0197244
0.0411806
0.495814
0.0218956
0.0211171
1.59194
0.0216495
0.384774
0.0212244
0.022278
0.0310508
0.366667
0.0223012
0.0236325
0.0211258
0.025219
0.0217922
0.0206095
0.131118
1.59395
0.256662
0.193485
0.0213345
0.0216694
0.0201646
0.0210268
0.0197401
0.0218852
0.868258
0.0294445
0.0213962
0.0205721
0.785761
0.0219171
0.021358
0.0211394
0.0212388
0.542408
0.0213578
0.313547
0.395581
0.0212439
0.505894
0.375999
0.0206886
0.0203476
3.11925
0.0216375
0.0218795
0.0211216
0.0225295
0.0215613
0.0232601
0.0213391
0.0213354
0.0212839
0.0422479
0.525002
0.0204756
0.0206576
0.0205639
0.0196574
0.0245878
0.320923
0.0214358
0.0213655
0.0372233
0.0453699
0.0197067
0.0217069
0.0214008
0.0213359
0.885706
0.0202955
0.0217
0.0278974
0.0207103
0.0213055
0.0196904
1.57479
0.0268366
0.029267
0.149825
0.220604
0.0281244
0.216178
0.0205378
0.0213266
0.0197055
0.937031
0.0280579
1.01608
0.303253
0.395902
0.0215944
0.0969062
0.0203173
0.0213899
0.0219296
0.193139
0.0210659
0.0215352
0.191961
0.0216684
0.0210148
0.0352497
0.021358
0.0292232
0.0231681
0.0211087
0.0215078
0.0212316
0.0210339
0.0213859
0.0197038
0.206276
0.14204
0.0210523
0.103097
0.02168
0.775407
0.0216152
1.14881
0.0215894
0.157391
0.0213617
0.0330105
0.0213605
1.14342
0.0212677
0.0211542
0.0212508
0.0218334
0.0204099
0.0213053
0.0231846
1.48145
0.0214069
0.0213238
0.0212121
0.796348
0.573964
0.0213824
0.0213306
0.0229179
0.0212079
0.0214756
0.0872275
0.023135
0.0275256
1.40826
0.0212748
0.0210183
1.68861
0.0196435
0.38442
0.543525
0.146863
0.0204699
0.0224357
0.0811272
0.0207012
0.0233676
0.0212493
0.0214798
0.0214664
2.41135
0.021225
0.020185
0.0211863
0.0211541
3.25317
0.0231541
0.0199898
0.0195976
0.0281924
0.0205523
0.0232018
0.111511
0.528002
0.0196875
0.222959
0.0216707
0.0203849
0.0221227
0.0263403
0.0209264
0.0201159
0.0210972
1.26107
0.0201938
1.0835
0.0200078
0.020782
0.0211611
0.0214425
0.063664
0.0213709
0.020572
0.0215755
0.0214823
0.0216521
1.52033
0.0207875
0.0784225
0.0669614
0.0212819
0.0204158
0.389544
0.0206707
0.0212326
0.023349
0.0210535
0.0212058
0.0212555
0.0203951
2.49885
0.0241729
1.52037
0.616162
0.0212172
0.0228528
0.901859
2.50367
0.0207458
0.0195455
1.00456
0.96068
0.0457998
0.0196178
0.0211628
0.0214192
0.0212864
0.0221523
0.0961996
0.0200217
0.0203341
0.0212406
0.0198791
0.0217309
0.0223023
0.0211791
0.690722
0.354312
0.0211483
0.0206948
0.023399
0.105612
0.0206827
0.0203321
2.49811
0.327029
0.130981
0.020182
0.0196713
0.0209528
0.023888
0.0504143
0.0476139
0.0203957
1.26397
0.0212568
0.0211327
0.0207035
1.15064
0.0557169
0.021488
0.333068
0.0499215
0.0582441
0.0853605
2.18775
0.0214119
0.150059
0.0255815
0.020394
0.02149
0.0213858
0.847068
0.262096
2.67106
0.0208892
0.319212
0.254393
0.903597
0.0213392
0.0207294
1.75924
0.0453506
0.0561037
0.0213247
0.57671
0.020604
0.0211944
0.0209424
0.0201938
0.0205878
0.316037
0.032199
0.0211955
0.0211815
0.0470465
0.0220698
0.0207402
0.0227335
0.0203296
0.0220482
2.85799
0.0213959
0.965905
0.0212309
0.763652
0.0212129
0.0204418
0.137381
0.0650429
1.04295
0.219131
0.333631
0.0244414
0.0212453
0.302307
0.0213063
0.300928
0.020245
0.0209717
0.0214071
0.0211129
0.0211113
0.275682
0.0211534
0.0204103
0.307785
0.0820676
0.0195058
0.0195136
0.0333721
0.0196307
2.27164
0.856179
0.021339
0.855495
0.0215187
0.0208566
0.0213487
0.0213517
0.0781676
0.0212884
0.0224176
0.0215973
0.0216246
0.0209662
0.0211324
0.0212059
0.0209566
0.0214235
0.332065
0.0213875
0.0213734
2.76054
0.0212181
0.0761618
0.111582
0.255708
0.0223864
0.322075
0.0236428
0.302413
0.0205826
0.858377
1.18784
0.930883
0.0202626
0.0647685
0.0299812
0.0252459
0.148668
0.021369
0.0210377
0.0213174
0.0281605
0.420886
0.0501574
0.0270258
0.0201783
0.321274
0.0212854
2.54086
0.0220516
0.0264506
0.0214708
0.365811
0.0212588
0.0860877
0.019678
0.0222151
0.0960337
0.33697
0.0212671
0.0272244
0.0209235
0.172735
0.205759
0.0537524
0.0270615
0.0211247
0.0790585
0.0280628
0.0500968
0.0281722
0.0204716
0.020298
0.0208955
0.595073
0.0213785
0.664387
0.0214133
0.0202119
0.0206906
0.0219408
0.0204488
0.786591
0.634126
0.0430946
0.0204584
0.0215544
0.0325538
0.021295
0.0214022
0.149376
0.872538
0.188481
0.0213768
0.096619
0.0309422
0.030258
0.0401142
0.0207127
0.0214356
0.0213521
2.44526
0.265243
0.021385
0.0214118
0.0210817
0.0205328
0.0211755
0.686536
0.0498805
2.51621
0.0213142
0.870847
0.0456217
0.305988
0.0417913
0.0383243
0.0301413
0.0207298
0.0224233
0.0251434
0.770432
0.0213539
0.0832903
0.0226868
0.055204
0.0704454
0.0440156
0.277227
0.0209437
0.395624
0.0599649
0.0256336
0.0212846
0.0261495
0.0213068
0.0254982
0.0329344
0.0255536
2.39598
0.0197025
0.0211656
0.0211331
0.035468
0.0387499
0.0664344
0.138316
0.356252
2.72292
0.0700406
0.0227961
0.0211448
0.0196297
0.0210541
0.027165
0.0921026
0.0213217
0.0228575
0.0210898
0.0214023
0.0210075
0.0628778
0.0217908
0.0292245
0.0485103
0.0717825
0.348518
0.0369682
0.0205009
0.0557726
0.0237357
0.0229937
0.0217253
2.73125
0.0534462
0.278359
0.030093
0.0906455
0.812631
0.539076
0.030543
0.0496679
0.0213204
0.0218081
0.0205522
0.0233036
0.0204145
0.0453548
0.0218175
0.0414189
0.0427418
0.0207235
0.351654
0.0213508
0.0211938
0.0727296
0.102645
0.0414448
0.72947
0.324487
0.0213268
0.0213792
0.128541
0.0210776
0.0531037
0.0213521
0.0202253
0.0216791
2.7797
0.116089
0.0221788
0.0204471
0.0999285
0.0215243
0.382614
0.104326
0.02041
0.0196364
0.0210417
0.0211406
0.0221843
0.0207554
0.021188
0.0821827
0.057032
0.0202657
0.0201494
0.019674
0.110031
0.0204534
0.0204486
0.0212311
0.0350801
0.0211894
2.41734
0.0259397
0.0216101
0.0215702
0.119143
0.0630234
0.0247859
0.0219917
0.382529
0.634446
0.0209838
0.0195817
0.0242865
1.04088
0.0643363
0.022875
0.515269
0.091215
0.0207634
1.14077
0.141511
0.0195834
0.021711
0.121422
2.61547
0.0214493
0.0210156
0.021491
0.369734
0.0209577
0.0206345
0.0211192
0.0208524
0.062888
0.130289
0.0222299
0.0214772
0.0203141
2.48563
0.0207693
0.0220398
0.0209467
0.0228716
0.073248
0.0195717
0.0218905
0.117721
0.0226889
0.0207455
2.57654
0.0211991
0.596381
0.505906
0.0342899
0.0216538
0.0207709
0.526583
0.0206707
0.0216905
0.0212826
0.931844
0.712786
0.0213784
0.021399
0.626361
0.357186
0.058968
0.442
0.0227241
0.0206854
3.08711
0.0210778
0.0541836
0.0214078
0.0201778
0.0215453
0.473782
0.0210465
0.0218004
0.0197716
0.0199314
0.0979254
0.0212198
0.020583
0.0212007
0.0209924
0.0217559
0.844749
0.0214676
0.0207094
2.67949
0.561773
0.504651
2.68482
0.0211053
0.0204732
0.0233647
0.887417
0.333821
0.0201567
0.0295691
0.0211769
0.0613808
0.100349
0.0211076
0.0214141
0.0224484
2.97199
0.0213085
0.705651
0.0205772
0.0211606
0.0378845
0.21843
0.700668
0.0207081
0.0202237
0.185491
0.0195896
0.0208754
0.0202166
0.896805
0.0209501
1.08137
0.0847924
0.0208655
0.0196899
0.0205802
2.38216
0.281693
0.020441
0.0215159
0.0204269
0.122627
0.0209301
1.23586
0.0211138
0.0212891
2.10851
0.0213538
0.0207739
0.0206605
0.703751
0.0220625
0.0199657
0.0145719
0.0212533
0.0201834
0.968844
0.657168
0.917988
0.0206006
0.0209312
0.0208574
0.0398516
0.0197235
0.021216
0.0226735
0.814601
0.683253
0.0203566
0.884972
0.0215213
0.183001
0.0603574
0.858316
0.0480826
0.0221523
0.0211544
0.894779
0.0210794
1.04917
0.0525016
0.59459
0.502196
0.0198369
1.04585
0.0210912
0.021225
0.021052
0.0258311
0.0351595
0.0229284
0.0207711
0.0200505
1.04161
0.0210955
0.429739
0.89665
1.36468
0.0212726
0.0288009
0.0198564
0.0205308
0.103164
0.0210632
0.0212645
0.0207487
1.11194
0.0677735
0.576366
0.071294
0.0300439
0.957653
0.459043
0.065555
0.0226842
0.0211249
0.0211632
0.0205734
0.0208434
0.0201394
0.0223015
0.0212129
0.259215
0.02143
1.26346
0.0207869
2.44055
0.562344
0.2619
0.0208845
0.608959
0.0200346
0.0196318
0.0213767
1.30637
0.280917
0.392825
0.0202837
0.0195477
0.0207012
0.0209278
0.0208083
0.0234091
0.25169
0.123566
0.0225207
0.0213576
0.0203535
0.928147
0.112291
0.0213003
0.0253447
0.0506266
0.022729
0.0207564
0.0211113
0.928548
0.0220753
0.0224139
0.463925
0.986575
0.0207421
0.751061
0.0207915
0.94587
0.019961
0.0205902
0.0195396
0.0219665
0.019984
1.69811
1.07683
0.486118
0.0213889
0.0214317
0.0363031
0.0211268
0.02027
0.0212184
0.312658
0.0316016
0.0211501
0.0210475
0.0340743
0.0258893
0.0230345
0.0205326
0.255219
2.13584
0.021585
0.166132
0.0216001
0.0208363
0.998592
0.0195985
0.0229098
0.17222
0.0215641
0.0405155
2.78026
0.0208554
0.0202328
0.021075
1.14524
0.021046
0.0207963
0.0229423
0.290661
0.0258619
2.6068
0.0320263
0.0212068
0.023457
0.0200088
0.0206665
0.0209454
0.0209086
0.0214043
2.31228
0.0211416
0.206217
0.0230051
0.0861643
0.0214339
0.0199953
0.0206824
0.0322334
0.0213746
0.253346
0.0153966
0.0218128
0.34352
0.243086
0.0741046
0.0211377
0.0351806
0.0211207
0.0208104
0.0196713
0.0205328
0.0220166
0.0375314
0.0293512
0.296652
0.398852
0.75727
0.0212839
2.22634
0.0412427
0.020166
0.0208149
0.0195579
2.50508
0.566674
0.0377803
1.20902
0.0218935
0.0214375
0.0212994
0.141919
0.0416481
0.57883
0.520554
0.0200413
0.0564179
0.0991658
0.0247643
0.0210281
0.0211093
1.90972
0.0213331
0.0272218
0.0208341
0.0211738
0.0205543
2.4191
0.0256459
0.0210019
0.0222693
0.0302698
0.0206435
0.0213634
0.0206175
0.0722863
0.0289421
0.0213676
0.0198607
0.024739
2.48862
0.0217477
0.0223327
0.0198795
0.0203437
0.0219496
0.51122
0.0200375
0.0221713
0.0510431
0.0206029
0.551027
0.0209209
0.0207468
0.201999
0.0196497
0.0207426
0.0205498
0.0270902
0.109232
0.0210312
0.119502
0.0208241
0.0263188
0.0222773
0.0202799
0.146685
0.0229923
0.0201035
0.0205345
0.021345
0.133692
0.0214498
0.0205378
0.0221255
0.0220261
0.0213679
0.545959
0.0232667
0.663329
0.0211905
0.0561154
0.0212471
0.36775
0.503748
0.0212377
0.0211481
0.0299674
0.0209063
0.020786
0.740631
0.0199743
0.0212473
0.0219739
0.0223767
1.23409
0.0238726
1.14739
0.390351
0.0229166
0.0858722
0.0198433
0.0198952
0.428981
0.0353621
0.0326217
0.0206637
0.0210981
0.0208337
0.0222879
0.696555
0.0455383
0.0231232
0.0206462
0.0201632
0.0278101
0.0209996
0.0194996
0.480476
0.0196578
1.16381
0.0212704
0.0211337
0.825632
0.0229761
0.021953
0.139292
0.286039
0.0212605
0.0205328
0.0195753
0.0253564
0.0213721
2.4354
0.0207086
0.0208205
0.0210523
0.0207377
0.114891
0.364132
0.0219274
0.0209427
0.0212395
0.0209901
0.296288
0.0223921
0.020837
0.166831
0.0204651
0.0202905
0.0207651
0.115573
0.0407845
0.134994
0.520384
0.0229259
0.725011
0.0200955
0.132251
0.0206715
0.410531
0.0210648
0.182314
0.0207712
0.0210311
0.0241547
0.0205486
0.155728
0.0209367
0.0203015
0.515442
0.0212176
0.0213509
0.511319
0.540422
0.0202587
0.185008
0.0210553
0.0335084
0.0219298
0.0243351
2.47
0.0207756
0.209016
2.42191
0.0481871
0.0220061
0.0204643
0.792015
0.0381092
0.0198615
2.49337
0.0214866
0.0213286
0.0211818
0.020202
0.022624
0.0207389
0.0212262
0.303871
0.660557
0.0205971
2.45049
2.60342
0.798383
0.0207612
0.0207215
0.355965
0.0209793
0.0212313
0.582214
0.123907
0.0351517
0.0221178
0.0213859
0.0200323
0.102897
0.348442
0.0213076
0.0272968
0.0380533
0.0243686
0.829804
0.044391
0.0207488
0.0202674
0.0198908
0.0209768
0.0217478
0.0184239
0.495922
1.41474
0.0219019
0.0786139
0.0210575
0.0223789
0.0549165
0.0209006
0.02027
0.619961
0.020591
3.13343
0.020774
0.0205445
0.0166202
0.0205584
0.0226327
0.0207623
0.0228701
0.0323453
0.0382007
0.0378712
0.0213637
0.0207139
0.291477
0.021622
0.0212021
0.0207588
0.124832
0.0210895
0.266377
0.0282122
0.0207774
0.0213109
0.019746
0.0209367
0.02079
0.0696296
1.02344
0.0282906
0.0206973
0.20116
0.0202352
0.0212511
0.0312705
0.0209157
0.341889
0.082219
0.0208754
0.0208118
0.437769
0.0217873
0.0205604
0.130953
0.399718
0.0211898
0.0279544
0.0215501
0.0210682
0.0556273
0.0213715
0.0210482
1.31434
1.01571
0.0228324
0.0206749
0.020698
0.0199638
0.416064
0.0213173
0.025242
0.475556
0.763352
0.049125
0.0211172
0.021559
0.0215026
0.0210329
3.10903
0.0214701
0.0259898
0.0207405
0.0220166
0.0202597
0.0229829
0.0265527
0.388939
0.0228007
0.0207561
0.0206663
0.0401707
1.36436
0.42181
0.0208615
0.0205303
2.73932
0.0212996
0.0210867
0.0213153
0.0207496
1.50914
0.022844
0.0208415
0.0878817
0.019984
0.0207752
0.0212815
0.0206802
0.027763
0.021115
0.0205488
0.0209711
0.0212326
2.50635
0.0209433
0.882204
0.0235023
0.0200457
0.0227249
0.0219757
0.518722
0.0233754
0.0205393
1.03871
0.0206044
1.07084
0.0226298
0.0196087
0.0214377
0.27278
1.09043
0.820182
0.0199562
0.0205925
0.0562952
0.0229263
0.0219742
0.388106
0.0205481
0.0203969
0.0223992
0.0276466
0.0204882
0.0361191
0.0243397
1.15338
0.0209757
0.379991
0.0206213
0.117889
0.0199702
0.0228319
0.0239133
0.0219377
0.0210009
0.257169
0.0262003
0.0198866
0.0211149
0.0207167
0.0214558
0.0199608
0.0213182
0.109974
0.526097
0.0207606
0.0956578
0.020419
0.0408908
0.022617
0.0730302
0.0212134
0.0212018
0.0199062
0.0371519
0.0243399
0.0209231
0.0199177
0.43708
0.0205513
0.0220029
0.0201646
0.089846
0.43902
0.84896
1.15937
1.56604
0.0207638
0.0229971
0.449038
0.0210465
0.0201278
0.38785
0.0332363
0.0214274
0.457415
0.0232588
0.0231362
0.0211755
0.863022
0.0207352
0.0220439
0.0200112
0.0455444
0.0269944
0.0199046
2.42402
0.319414
0.440491
0.0210586
0.0205289
0.0197816
0.0203944
0.0207837
0.10931
0.0195363
0.0196294
0.036685
0.0211741
0.0221818
0.0221905
0.0210791
0.503743
0.0246816
0.0213005
0.019572
0.0216667
0.865339
0.021351
0.0907036
0.0201301
0.0236986
0.0601411
0.0210157
0.0203948
0.0227457
0.0213761
0.0226535
0.0258635
0.0197865
0.594877
1.42476
0.0213785
0.0210766
0.021052
0.0215813
0.0228484
0.0255383
0.0205329
0.0306696
0.365182
0.0211482
0.151842
0.0805016
0.0208791
0.486457
0.020493
0.0212255
0.0202476
1.03166
0.0212658
0.654359
0.019566
0.0223888
0.0213764
0.381045
0.0208862
0.0238958
0.020028
0.0218252
0.0218296
0.0248921
0.0210582
0.0202757
0.0214093
0.0204189
0.0199937
0.209856
0.0361615
0.0218281
0.0252731
0.27326
0.784469
0.0862198
0.0224808
0.0213054
0.0200477
0.0285374
1.29277
0.0210031
1.38569
0.274797
0.0206796
0.0206883
0.876208
0.0209682
0.209789
0.0198373
0.0217355
0.0444095
0.0204279
0.0227239
0.0205724
0.258365
0.0195912
0.0936995
0.0231845
0.0214684
0.0196371
1.31953
0.0206924
0.0222671
0.0214598
0.0228305
0.0226931
0.0199081
0.0200638
0.762283
0.0220211
0.0199517
0.473627
0.0424091
0.0289537
0.246833
0.497694
0.0198653
0.563445
0.0278459
0.0827085
0.0200355
0.0224558
0.5776
0.0232982
0.0201309
0.645592
0.0210345
0.0210392
0.0313833
0.0202289
0.0174736
0.0218331
0.0354198
0.314903
0.391582
0.392785
0.0213529
0.298612
0.0222747
1.07683
0.0212263
0.0198383
0.0229759
0.0231517
0.297155
0.0216911
0.0200244
0.0208862
0.0315936
0.0207485
0.0216848
0.021266
0.0231535
0.0219523
0.0219369
0.0249202
0.0214016
1.06217
0.0437193
0.0207722
0.0196012
1.59935
0.245724
0.0211374
0.0197311
0.0222975
0.483839
0.0206789
0.383252
0.0209658
0.0764243
0.203499
0.0205846
0.489189
0.0220695
0.0229054
0.0241737
0.0210533
0.0209816
0.0210415
0.64095
0.0205193
1.08609
0.528122
1.18697
2.56955
0.0213591
0.0317103
0.0211803
0.645711
0.0198778
0.441931
0.0213241
0.0207041
0.0217856
0.0210324
0.609981
0.035176
0.0219799
0.020685
0.0838506
0.752818
0.022484
0.0217445
0.0210407
0.0214212
0.0208114
0.0221153
0.411199
0.0269115
0.0209712
0.0213345
0.0220817
0.027078
0.0231488
0.0210626
0.0206137
0.0202224
0.0567985
0.0207674
0.01978
0.0210459
0.838862
0.559782
0.0214787
0.0195509
0.0197939
0.0970441
0.0204637
0.0210258
0.0644533
0.0224388
0.0213402
0.0155042
0.407397
0.0206494
0.0269247
0.021353
0.0417531
0.0229367
0.0207746
0.0205378
0.0213855
0.416628
0.0201923
0.021699
0.0295394
0.0208913
0.385043
0.0213807
0.0212331
0.286756
1.06567
0.0200586
0.0218215
0.322783
0.0202721
0.0207928
0.0206051
0.180591
0.0250062
0.0213873
0.851148
0.0211705
0.0211439
0.0209723
0.488785
0.0260186
0.0421607
0.0826533
1.36358
0.0346671
0.0199642
0.741789
0.0213684
0.0213837
1.07663
0.0218357
0.0939261
0.0212702
0.579641
0.0210568
0.0198803
0.0223717
0.0197966
1.12654
0.0213406
0.0208542
0.0211223
0.0211774
1.04798
0.569242
0.0211033
0.0365016
0.0208906
0.418438
0.0234444
0.0208752
0.932171
0.0211877
0.0275751
0.290293
0.0210496
0.575557
0.0757144
0.0206728
0.0227421
0.0207231
0.0209915
0.0220987
0.0210114
0.0211981
0.0208318
0.0211852
0.0269248
0.0188303
0.55781
0.052262
0.415085
0.021006
0.0212084
0.020839
0.0238656
0.0239354
0.0209412
0.0916416
0.0497286
0.0201563
0.0397247
0.0216518
0.0213715
0.022567
0.0210199
0.0220495
2.5382
0.467879
0.0213285
0.022385
0.0201243
0.021308
0.0357938
0.0219261
0.0198562
0.0301107
0.0208499
0.0201969
0.0197534
0.914877
0.0214099
0.554867
0.0433942
0.0207562
0.0210431
1.06672
0.0208869
0.0344107
0.131242
0.0219396
0.0196257
0.0770862
0.0207253
0.422135
0.0209342
0.0210649
0.0210684
0.0208758
0.571987
0.0285824
0.0201831
0.582528
0.0221975
0.0199343
0.0208417
0.020946
0.0199481
0.0214674
0.0220493
0.0211308
0.0206996
0.0195519
0.0216035
0.0222016
0.0203361
0.0245207
0.0243909
0.0259513
0.020628
0.072578
0.0218892
0.0218629
0.0217295
0.0209473
0.0210567
1.7819
0.0208324
0.0210442
0.216981
0.0207884
0.0210997
0.021461
0.313793
0.0198583
0.0205711
0.402409
0.0215532
0.0214092
0.179343
0.0273293
0.0200629
0.0285429
0.0692811
0.0210471
0.0201898
0.295767
0.0238419
0.499928
0.0206075
0.0208435
0.0209786
0.529426
0.0213999
0.408881
0.0216578
0.0215894
0.0209773
0.0198864
0.912414
0.0229885
0.0208026
0.0201302
0.0420235
0.0219099
0.526784
0.0229017
0.0201716
0.0209867
0.02079
0.0384647
0.813269
0.0246903
0.0209349
0.0207572
0.553305
0.622252
0.0210364
0.0437695
2.44375
0.0199017
0.0202071
0.0227948
0.298807
0.0223437
0.0218646
0.0682422
0.0207267
0.0221295
0.944155
0.0213644
0.0210713
0.0213146
0.197117
0.0210958
0.0220112
0.0207343
2.18785
2.48605
0.0208654
0.0531108
0.4655
0.0229598
0.0213342
0.0205602
0.0207549
0.0219604
0.0353183
0.0203013
0.0931034
0.0229886
0.02074
0.0235523
0.0209359
0.428152
0.0211338
0.418085
0.0196613
0.0210982
0.0248094
0.0203088
2.347
1.38038
0.0660162
0.377908
1.30589
1.41709
0.0539282
0.0211931
0.0202309
0.0210345
0.0211051
0.0209695
0.020227
0.706874
0.020817
0.348212
1.16524
0.0207477
0.0213176
0.500518
1.60201
0.0204777
0.259759
0.0202027
0.0206901
0.0224601
0.0208587
0.0210893
2.3251
0.0200938
0.0213238
0.36839
0.0210397
0.3146
0.0213341
0.0207603
0.022037
0.0214009
1.0572
0.0630162
0.0209319
0.0210787
0.0221133
0.0242847
0.0215164
2.34034
0.0246778
0.0208782
0.0221306
0.0209053
2.00447
0.020029
0.0249794
0.44285
0.0212541
0.0209535
0.450486
0.0296051
0.0212113
0.0207707
1.33459
0.410418
0.0218365
0.021091
0.0213886
0.02136
0.0214934
0.0212475
0.0210546
0.0221129
1.14639
0.0209663
0.0245171
0.0201371
0.0205947
0.568085
0.0778904
0.0206082
0.267181
0.0208036
0.0496279
0.0222148
0.0213785
0.0217982
0.0251376
0.414735
0.0217989
0.0214921
0.0215149
1.50699
0.021193
0.0239706
0.0206971
0.0189991
0.0222003
0.0219013
0.0208306
0.0253728
0.0201461
0.201946
0.0208124
0.38339
0.0206949
0.0210786
0.264725
0.0201908
0.0220851
0.0230366
0.295721
0.0201187
1.2446
2.45607
0.450532
0.0211979
0.898281
0.0214391
0.0210955
0.669152
0.0258504
0.0201502
0.0218452
0.0198156
0.0215246
0.0221325
0.041565
0.805037
0.0241711
0.0217799
0.400993
0.0215141
0.0239186
0.0213068
0.644742
0.712547
1.31744
0.021035
0.0207431
0.0204986
0.0232726
1.12017
0.0929873
0.0207925
0.297148
0.0216156
0.021213
2.58502
0.0209436
0.802598
0.652078
0.0447814
1.13983
0.0711071
0.0212892
0.0199913
0.165173
0.899139
0.0211617
0.0215378
0.0195665
0.0204579
0.0210688
0.0211866
0.0207281
0.0214313
0.0203581
0.0206585
0.0217566
0.0203741
0.0203824
0.0201328
2.52271
0.349089
0.390124
0.0212435
0.0219852
0.818612
0.648506
0.0212121
0.0212349
0.0199945
0.15262
0.0195946
0.0214796
0.0209134
0.0208941
0.0210249
0.0214926
0.020251
0.0509992
2.35799
0.0210584
0.0231486
0.0211805
0.0347227
0.02083
0.021441
0.0222057
0.0216699
0.0205798
0.0218734
0.0212504
0.0234923
0.735337
0.0379605
0.398131
0.0201829
0.396476
1.07095
0.925293
0.0208925
0.887247
0.0210236
0.0234662
1.29334
0.115189
0.0200931
0.396853
0.0333662
0.0214697
0.83569
0.0217031
0.0206939
0.811325
0.0201485
0.0202423
0.385472
0.0207423
0.0213357
0.0232169
0.0208507
0.0220966
0.0214811
0.0954469
0.0815237
0.0210714
0.0340303
0.021855
0.0224807
0.0199544
0.0217831
0.771101
0.021118
0.0293119
0.0234372
0.0317462
0.0213587
0.0218818
0.021229
0.0204749
0.0278634
0.0702438
0.022872
0.0208241
0.43404
0.0213188
0.0203697
0.0234756
0.0232419
0.0206167
0.0212002
0.0214571
0.132925
0.021189
0.0213084
0.0666336
0.0241776
0.0229183
0.0215679
0.290195
0.0199895
0.0214077
0.0208001
0.0213252
0.0208893
0.0206367
0.548827
0.855299
0.021814
0.0259218
0.101299
0.021874
0.0195716
0.0201382
0.0213622
0.0458758
0.0212628
0.0221083
0.0214483
0.0203783
0.642103
0.0208158
0.0217605
0.0227103
1.39589
0.0208416
0.0214122
0.027336
0.0214359
0.0202993
0.0197939
0.0295349
0.021959
0.0201503
0.0214721
0.0199415
0.378703
1.14648
0.0203187
0.0212779
0.0635945
0.0226287
0.0216228
0.0204545
0.0211948
0.0204535
0.0213101
0.712231
0.0511852
0.0209668
0.0211174
2.11137
0.0213779
0.0337847
0.020978
0.0210372
0.392511
0.0209188
0.0210655
0.531315
0.0218683
0.0213875
0.0232349
1.01649
0.0212333
0.0208659
0.021159
0.0212132
0.0212166
0.0269072
0.0199959
0.021479
1.29417
0.0226276
0.0601851
0.0199057
0.0212149
0.0223254
0.0203375
0.0200676
0.0211364
0.0387809
0.022685
0.0216925
0.0733608
0.0207386
0.0195694
0.0667026
0.0209916
0.0222287
0.0211334
0.0212298
0.021103
0.0195877
0.0229869
1.27092
0.0208472
0.0205335
0.0211392
0.0226697
2.51736
0.0207213
0.0236444
0.0215787
0.0545897
0.019924
0.019579
0.72929
0.0201906
0.0202228
0.021052
0.0211563
0.0217319
0.0209952
0.0211891
1.09806
1.38508
0.0213534
0.0245777
0.0202747
0.0207001
0.0213266
0.609442
0.0210661
0.0533725
0.0212484
1.08967
0.0221194
0.0206132
0.0228725
0.0212922
0.446243
0.0202624
0.0200433
0.0211966
0.661596
0.67685
0.0365284
0.148568
0.0247723
0.02141
0.0226342
0.0224167
0.0213563
0.0207101
1.3593
2.40507
0.0857911
0.0198729
0.0226938
0.0201539
0.0203677
0.0486923
0.0211059
0.0221772
0.0208286
0.0728376
0.02109
0.27743
0.0209097
0.0225178
0.802491
0.0213735
0.0228799
1.13435
0.044998
0.0733626
0.603221
0.0438604
0.0252907
0.0211371
0.022064
0.0226056
1.49278
0.0202427
0.0210335
0.0214423
0.0200271
0.0210785
0.0222451
0.0230408
0.0210157
0.0213377
0.384965
0.491078
0.399786
0.0211998
0.0206975
0.0210565
1.13454
0.0201338
0.049491
0.0206652
0.0793868
0.0496401
0.0201791
0.26502
0.0206595
0.0213704
0.0211665
0.0223782
0.0204927
0.0209418
0.0200461
0.0205161
2.38
0.0214884
0.0215202
0.0213821
0.027853
2.48892
0.0214283
0.0212013
0.0215644
0.0220504
0.0224324
0.228328
0.0498633
0.0219142
1.07561
0.0219229
0.0208482
0.0212238
0.0196261
0.0208254
0.0202578
0.0266361
0.0536215
0.0210577
0.0212511
1.81617
0.021868
0.0196569
1.07513
0.0211646
0.0331472
0.659018
0.0224346
1.11184
0.0205669
0.0203978
0.020547
0.0220922
0.020923
0.0211845
0.021049
0.649744
1.19587
0.0212795
0.0210056
0.0250588
0.332276
0.604952
0.0214948
0.0218474
0.0210823
0.0459377
0.367386
0.273078
0.0215249
0.072977
0.0228362
0.401592
0.0210221
0.081612
0.537005
0.0201353
0.0217759
0.0231831
0.900429
0.0210546
0.0210156
1.1228
0.398836
0.0237396
0.0211119
0.0219225
0.0209488
0.0548198
0.0210524
0.0209891
0.0209201
0.020904
0.0211837
0.0224274
1.17961
0.0213264
0.0455113
0.90184
0.0227748
0.0220648
0.0226838
0.0230866
0.0201286
0.0695457
1.26418
0.0223585
0.0201117
0.028072
0.0206405
0.538824
1.84759
1.04716
0.0200534
0.0216326
0.0233411
0.0205179
0.0209589
0.0213172
0.875585
0.0211007
0.0211235
2.12277
0.0220023
0.0217389
2.2381
0.840743
0.0235449
0.0259427
0.0728603
0.0204424
0.0218187
0.0212493
0.021717
0.491627
0.0205512
0.02485
0.0301922
2.43852
0.983543
0.0271268
0.0629482
0.0219891
0.0211976
0.0207998
0.0205312
0.0226816
0.861871
0.0206193
0.608994
0.0212349
0.0350979
0.127342
0.0213524
0.0211688
0.0232988
0.02276
0.020387
0.0208837
0.0198152
0.191665
0.433381
0.0209544
0.0206179
0.0212625
0.0219399
1.10472
0.0227525
0.0216043
1.08329
0.0231174
1.11477
0.641592
0.0288934
0.0217331
0.0212441
0.020716
0.0197571
0.0205348
0.021451
1.05792
0.0257522
0.0204084
0.020338
0.0204147
0.0217961
0.0200521
0.0217521
0.0205904
0.0209083
0.027811
0.433047
0.0200889
2.48508
0.0198504
0.708092
0.0218445
0.0213354
0.0213763
0.257488
0.0216807
0.0212073
0.0207408
0.507679
0.0335717
0.0299523
0.0209579
0.0206625
2.12525
0.0198219
0.568622
0.0400377
0.350317
0.0211463
0.0582801
0.0206835
0.0213359
0.0212454
0.474879
0.0203452
1.02267
0.0209078
0.0212719
0.0213465
0.0211253
0.0274245
1.08786
0.944035
0.381294
0.0713361
0.0205423
0.0222922
0.021219
0.036089
0.948206
0.0203673
1.42243
0.0394628
0.0211582
0.0240376
0.0208418
0.0211723
0.436456
0.0219346
0.0213175
0.0218799
0.021719
0.0266466
0.0239544
0.964929
0.0373897
0.020909
0.0214772
0.218525
0.0212169
0.0216191
0.0213535
0.0341208
0.0220395
0.0214581
0.0667528
0.0220407
0.0545006
0.0219937
1.31841
0.081439
0.0206428
0.0217681
0.0624001
0.022037
0.0214222
1.00517
0.0208779
0.0218817
0.0208411
0.376535
0.0201529
1.05421
0.0780272
0.0235083
0.0202847
0.0229921
0.0246858
0.0205813
0.0223066
0.0211771
0.0219231
0.0202903
0.0210084
0.0247126
0.522042
0.0302598
0.84569
0.020874
0.0205032
0.0208558
1.03216
2.43658
1.41381
1.08331
0.0221626
0.022232
0.0209345
0.0397453
0.0206606
0.0420827
0.0210689
0.021182
0.0213058
2.37698
0.0238631
0.0232863
1.28812
0.0204134
0.0202753
0.0208838
0.0447298
0.0297584
0.0236369
0.260968
0.022097
0.0201463
0.0209349
0.0200968
0.379508
0.0221702
0.0216711
0.022176
0.020868
2.4218
0.0208975
0.556183
0.0210025
0.0204317
0.272757
0.0218347
0.0202059
0.0209547
0.0242484
0.0204522
0.0202185
1.3973
0.0223472
0.0376818
0.662155
0.0217907
0.0244461
0.26625
0.0217509
0.0214127
0.0206269
0.0385922
0.0197453
1.20645
0.627117
0.0209885
0.0198139
0.0234131
0.0275124
)
;

boundaryField
{
    frontback
    {
        type            empty;
    }
    topbottom
    {
        type            fixedValue;
        value           uniform 0.0223;
    }
    outlet
    {
        type            zeroGradient;
    }
    inlet
    {
        type            fixedValue;
        value           nonuniform List<scalar> 0();
    }
    walls
    {
        blending        binomial2;
        n               2;
        beta1           0.075;
        type            omegaWallFunction;
        value           nonuniform List<scalar> 0();
    }
    procBoundary1to0
    {
        type            processor;
        value           nonuniform List<scalar> 
80
(
2.44873
0.030547
0.0217898
2.48703
0.021621
0.0236837
3.13392
0.0227211
0.0223962
0.0227211
0.0214549
0.0231475
0.0283854
0.0283854
0.037938
0.0213848
3.48277
2.70414
3.44719
0.0223962
0.0270971
0.0215792
0.0213917
0.0264146
0.037938
0.0215432
0.0214314
0.0214416
0.236267
0.236267
0.0221647
0.0213908
2.48597
0.0214151
0.021685
0.0214243
0.0213988
0.0213945
0.0215145
0.0252407
0.0214021
0.0213852
0.0344024
0.0214021
0.0609216
0.0530133
0.0344024
0.128807
0.0214372
0.0213854
0.0214745
0.0214929
0.0213988
0.0609216
0.128807
0.0220795
2.5934
0.0314449
0.0214189
0.0922853
0.0511948
0.0243745
0.0455913
0.0922853
0.0213865
0.0213945
0.0213932
0.0227201
0.0218438
0.0722545
0.0213932
2.78841
0.0722545
2.78925
0.87622
0.0415744
2.52433
0.87622
0.0217648
0.0219426
)
;
    }
    procBoundary1to2
    {
        type            processor;
        value           uniform 3.04412;
    }
    procBoundary1to3
    {
        type            processor;
        value           nonuniform List<scalar> 
147
(
2.18368
0.857576
1.44742
1.40954
0.73828
1.32369
1.28992
1.43086
0.473857
2.47615
0.462965
2.53433
0.296766
0.325967
0.298291
1.48586
1.03552
1.37335
0.379615
1.03681
1.4155
2.09573
1.70735
0.728992
0.538232
0.778711
1.34368
0.472937
0.576075
0.344422
2.49619
2.46509
0.309397
2.02387
0.760565
0.313236
0.762957
1.27721
1.45062
0.989569
0.36545
0.36545
0.303545
0.745148
1.0971
0.652426
0.349429
0.514505
0.319297
0.33494
0.337778
0.297326
0.341698
0.361439
0.354222
0.315854
0.302531
0.293352
0.313873
0.348247
0.320998
0.320146
0.282958
0.257946
0.341698
0.373378
0.308045
0.323227
0.30311
0.309054
0.272652
0.314258
0.440673
0.407264
0.380593
0.399404
0.346805
0.377191
0.487855
0.41687
0.467607
0.481593
0.6231
0.49387
0.49387
0.475046
0.457365
0.541954
0.488462
0.624129
0.474933
0.474933
0.488161
0.581206
0.486725
0.625512
0.585376
0.68148
0.488296
0.605746
0.636943
0.614242
0.57612
0.645023
0.677428
0.668309
0.668309
0.614036
0.678637
0.659429
0.691991
0.307156
0.93769
0.580371
0.471221
0.967399
0.967399
2.02387
0.843248
0.971246
0.725645
0.390488
1.00601
0.641882
0.73765
0.78589
1.48603
0.999067
0.399254
0.224921
2.40755
2.48032
2.48657
0.247353
1.34443
2.52506
2.5098
2.7305
0.33335
0.26807
0.804493
0.165297
0.165297
0.258395
0.258395
2.46509
0.346301
)
;
    }
}


// ************************************************************************* //
