/*--------------------------------*- C++ -*----------------------------------*\
| =========                 |                                                 |
| \\      /  F ield         | OpenFOAM: The Open Source CFD Toolbox           |
|  \\    /   O peration     | Version:  v2012                                 |
|   \\  /    A nd           | Website:  www.openfoam.com                      |
|    \\/     M anipulation  |                                                 |
\*---------------------------------------------------------------------------*/
FoamFile
{
    version     2.0;
    format      ascii;
    class       volScalarField;
    location    "600";
    object      omega;
}
// * * * * * * * * * * * * * * * * * * * * * * * * * * * * * * * * * * * * * //

dimensions      [0 0 -1 0 0 0 0];


internalField   nonuniform List<scalar> 
9793
(
0.0224666
15.4005
0.021934
2.51128
0.0222597
0.278872
0.0918458
5.53523
0.0222448
22.2145
0.0221974
0.0221882
0.0219153
2.00086
0.0218167
0.0274444
0.0608508
0.0219278
1.75122
0.0215662
0.0216361
0.0222916
2.57474
5.52962
2.16671
0.0270697
0.0221015
0.022262
0.0215765
0.0939778
8.41959
0.834677
0.022011
0.021941
0.0218705
0.0308391
0.0250391
0.0251558
1.26506
0.0333643
0.0790678
9.28723
3.42792
0.0222717
0.0219627
0.022043
7.33963
0.0222843
0.0217197
0.0219346
0.0304437
0.0218522
0.0424175
0.0222686
0.0340058
2.11002
0.021925
0.117018
0.0217283
0.0222914
0.0273725
0.102747
0.0219486
0.0401572
0.0219642
0.0221612
28.5088
0.0248543
0.0255645
2.13721
0.0219976
0.10499
5.59261
4.27972
3.11679
0.0222624
0.0472923
9.21808
0.0219809
0.0222705
0.0518065
1.65573
0.0591135
0.0243823
0.0256459
0.30232
0.0222611
0.0849368
1.27508
0.0983352
1.82579
4.23291
3.91387
0.0444561
2.94741
0.021901
3.56893
0.0563553
0.0254748
0.0222685
1.40707
0.0399309
2.63373
0.0219676
2.54435
8.3133
3.21113
0.0218777
0.0219851
0.0222834
0.0222337
2.14712
3.16922
8.09478
0.021972
0.0221147
0.0244646
0.0220512
1.78006
0.0220288
2.12092
0.092166
5.36979
0.0488218
0.0250862
0.0220345
0.0702307
6.58577
0.241102
0.2442
0.0242903
0.0218068
0.0223567
0.0238171
0.0292188
0.188432
2.64918
0.0245376
0.0222736
0.0717856
1.64772
0.0296026
0.0219588
0.0683159
8.1521
0.674398
0.0220352
3.34911
0.0218045
0.0220292
0.022072
10.8454
0.0249064
0.0220943
0.0219261
3.4481
0.0656968
0.0219429
1.85024
0.0219245
0.0796577
0.0244354
0.0216435
0.360053
0.0221294
9.78609
2.21213
0.0223627
0.0218791
0.0222177
0.021976
6.31998
23.8442
1.50247
0.0219086
0.254048
0.150316
0.774047
0.0219652
0.0247776
2.96675
8.59845
0.100434
0.0220358
0.022074
0.0218724
6.19108
5.49831
22.6421
2.80751
0.0220729
17.3935
0.443368
0.025708
0.0217539
0.0235882
2.0106
0.0216026
0.0219249
0.0222046
0.0220224
0.0216352
0.0320624
0.0259897
1.55118
0.0219367
0.0300134
0.022358
0.0224426
0.518174
0.0678008
1.68784
0.021639
1.78972
0.0243922
0.0487109
0.021832
0.184272
0.0221234
0.051573
0.0609007
0.021639
1.45011
1.64487
0.0422784
0.0218888
0.0610188
1.75148
0.0508327
0.0518366
1.44341
0.177499
0.045842
0.0411409
0.380462
0.021596
5.46957
6.94765
0.0216082
0.0222227
9.238
0.0219095
0.0222314
0.146157
0.164206
0.0221521
0.0248137
0.0314848
0.0397886
0.0249033
0.0219716
0.0472402
2.85602
0.0216365
1.55307
0.022262
0.0221713
0.0216646
2.02089
0.0219796
6.43819
1.76718
0.0221046
0.0221331
8.60036
0.0218574
0.0222398
0.0218208
1.60582
0.283139
0.0253386
0.477108
0.108597
2.36617
3.91897
0.0223997
25.0442
0.0222643
1.76238
7.35337
1.34409
2.16993
0.172651
0.0243081
0.0536477
0.0255179
0.0217824
0.0224525
0.502866
0.0272412
0.0221415
0.0222838
0.0216368
0.0216992
0.0216402
2.54171
0.021868
0.0218061
0.0219171
0.0219178
5.22517
0.652183
0.0653425
0.0230091
0.0689214
0.0220407
1.14735
7.90504
0.0219731
2.14289
0.0376143
0.0219569
23.9749
1.96352
0.0220193
0.0496867
13.4867
0.0222072
0.034447
0.0218064
0.0223041
1.87198
0.0425005
0.0219505
0.0220221
0.0228641
0.19265
3.24831
0.0219384
0.0218715
0.0217652
6.99917
4.82129
5.5968
0.0215929
0.0451458
0.0352539
2.16183
0.0847119
0.0215874
0.0216436
0.021766
0.0519453
0.0221446
5.41101
0.02209
0.0217848
2.35609
2.48139
1.56351
0.0217793
1.37871
0.0252533
3.99634
5.40225
1.51565
0.0240108
0.0342257
3.3218
1.7233
2.05197
0.0267163
0.0222634
0.02574
0.021686
0.0218525
0.0221164
0.0220837
0.022292
5.78448
0.0222071
0.0702421
0.0330732
7.35013
0.0215825
0.024493
5.24652
0.499288
2.00004
0.0817535
0.021787
0.0241102
0.0219376
0.545222
0.0215726
1.51788
0.174038
0.0921346
5.14732
1.86152
0.0221384
0.0218877
4.62605
0.467599
0.0219354
5.13485
0.0221325
0.0221768
6.37982
0.0216374
0.119764
0.0216068
2.02166
0.0220955
0.02214
2.25141
0.0980415
0.0624458
0.0257019
0.0220761
0.0218445
4.71243
0.0560849
0.0215787
0.0221953
0.0353082
0.0351513
0.0615483
9.6835
0.0221965
0.0219373
0.399264
0.0220826
2.42929
0.745725
0.0220657
0.0220161
0.0224199
0.0221176
0.0217486
1.4065
0.0520536
10.9554
0.0292102
0.0235093
0.0490972
0.0248618
1.65347
0.0265993
0.0222677
0.0248745
0.576646
0.0219618
0.0219289
0.0219972
0.0215754
0.0219852
0.0218281
0.0220448
0.0221584
0.0230847
0.0254547
0.144859
0.0220007
1.50857
0.0260477
0.233857
5.05355
0.0217932
2.60163
0.0904279
0.0217667
0.0215758
0.0219711
2.76279
0.110678
0.0215725
0.022122
0.022198
0.0685034
0.167911
8.83874
0.0219776
0.0219279
0.0321977
7.52731
1.33382
0.023926
0.023571
1.59389
9.75323
0.450436
0.0222606
0.0217958
1.43741
0.0219057
0.148431
7.62694
0.021567
0.243101
0.0285392
1.4137
0.0218433
1.58879
0.474799
0.0268315
8.6504
0.0219039
1.94368
0.0220963
0.021884
0.0222234
0.0219422
2.51373
0.0218961
0.021714
0.0229693
0.0216027
0.0217966
0.0494538
0.0230149
0.0392939
0.0220352
0.0220396
4.16331
0.0765952
0.023872
1.53855
0.0249241
0.0222935
0.0219841
0.021747
6.49723
0.0217025
0.0220698
8.41039
9.42468
0.040644
0.0219233
0.0222841
0.0222146
0.0222411
1.55419
0.0222611
3.37735
0.0246566
1.90331
0.022262
19.6584
0.0222891
0.256244
0.021912
0.105339
4.28458
0.0221049
8.51122
0.0219023
0.0222182
0.0216256
4.03448
1.61983
0.0219776
0.02963
0.0216952
1.60716
0.0218709
0.0480909
1.47116
0.0254541
0.0220274
0.0472841
0.0222451
0.0222705
0.0217853
0.133657
0.0219569
1.70545
0.0220532
0.0221673
0.0456171
0.0798574
5.86801
0.0217919
17.4889
0.0218826
0.223493
0.0219196
0.0222971
0.0219011
0.0220511
0.0222681
0.242866
0.0464287
8.32887
0.134801
0.0360355
0.0352799
5.06323
0.0241868
1.54388
3.5641
0.296156
12.6838
7.6872
0.198925
0.0222788
3.32139
0.0451826
0.02219
0.407124
0.022251
0.498353
0.0373451
0.313095
0.027891
2.1981
9.39078
0.0424977
0.285253
0.0222165
0.68602
0.0229495
0.021915
0.0221213
0.0235431
0.0513641
1.3779
0.307345
8.49517
0.0238215
0.0237101
1.42829
0.362255
0.0232878
0.0741239
0.0224702
4.74441
2.41226
0.0220597
0.0655216
0.262904
9.68625
0.0219591
0.0262429
5.68397
0.0310325
6.93779
0.110416
7.2519
0.0262333
0.0243311
0.0219724
0.0219247
0.338204
0.0222842
0.391686
0.167526
0.0887901
0.0222596
0.022224
0.023773
0.0220769
0.0218338
0.0219112
0.122363
2.9778
2.26181
0.0222796
0.401928
0.0219493
4.04978
0.0553285
0.0478901
0.0346418
0.388905
0.0217493
0.0220625
0.0443869
0.0219052
0.0221524
0.0713333
1.6345
0.0216344
0.32868
1.31514
0.0251956
1.80048
1.32167
0.0218479
0.0618385
0.0283728
0.022065
0.0216226
0.106278
1.33589
6.16496
0.0219816
0.0220165
0.0216724
0.0248436
0.0230517
0.0241747
0.5792
0.0548319
0.0221523
9.70173
0.0321583
0.0342882
0.022101
20.5133
0.0240824
0.0219189
0.0920246
2.11592
0.0215829
0.0220508
0.0219441
0.0261258
0.021745
0.0435953
2.55203
0.0222759
0.132729
0.0230589
0.0220418
6.23489
2.427
0.752603
0.0220773
0.0215958
5.94124
0.0261619
2.56956
0.0215608
0.0219049
7.34281
3.15686
0.0321296
0.130671
0.0643034
0.0218858
0.0222717
0.0220103
2.52538
0.0220579
0.0222928
1.61233
0.02773
0.391105
0.033299
0.0219345
2.2185
0.022268
0.0219124
0.0219974
0.0314235
3.22607
0.0221634
0.0219731
0.0219032
0.0218922
0.0219406
0.0219885
12.9064
0.0324254
0.0229823
0.022112
0.0324917
0.0707729
0.0272837
0.0287919
0.0222839
0.0216656
0.0236614
2.00409
2.31638
0.0232992
6.73539
0.0222157
0.0257546
1.95989
2.12946
0.021805
0.0221814
0.354848
0.0608903
0.0219079
0.0222487
1.71535
0.0222682
0.0786382
0.022011
0.607849
0.0222476
0.0223142
0.0221284
0.0325031
0.0220243
0.0248505
0.0263266
0.168624
0.0218626
0.0219966
0.0222498
0.021879
0.0222278
0.0219722
0.0333484
0.0221128
0.0628344
2.15997
0.0477233
0.0748671
0.0222025
0.0217847
7.16387
4.88557
0.0216128
1.77459
8.01061
0.021602
0.0219688
0.0218752
0.108612
0.0654245
2.31779
0.0218562
0.0258328
0.0218594
0.0223584
0.0223015
0.0939521
0.0221987
0.313123
0.0220956
0.0607615
0.0218931
0.0233393
0.021915
0.0429761
0.0610379
7.21562
3.92495
1.73123
0.0559346
0.0219063
2.89059
3.64621
0.0758178
0.0220924
0.0220872
2.01554
0.0218682
3.00092
0.0216098
0.031899
0.0222799
0.0222698
0.0218132
8.91771
2.26002
2.73655
0.0739605
5.74884
0.0219476
2.24485
8.04657
0.0222705
0.0221472
0.0217303
6.61223
0.0215624
5.60696
0.0330326
0.187747
0.0223897
1.40442
14.9777
1.73948
0.0302926
0.0350377
0.0220416
15.4739
0.0215412
0.62161
0.311671
0.0724825
8.52883
2.29318
0.0243972
0.023753
0.0219499
0.112307
5.66375
5.27627
0.0217445
3.94609
0.0266451
0.163339
0.125838
1.65035
1.75361
0.0216362
0.0264317
0.0336021
0.0246315
0.0240253
2.42437
0.0221977
8.97831
0.0217979
0.0216167
0.0885901
0.146122
6.40345
0.0227919
22.623
14.2499
1.11787
0.0271026
0.022233
0.0227963
0.022227
0.0219194
1.26874
1.95215
0.0222748
0.0219209
0.0354307
1.67719
0.0267443
0.0219291
0.444916
0.0219357
0.0222749
0.0215507
0.0735356
0.02203
0.025641
4.10173
0.0701988
0.0223485
4.30281
0.133207
0.0219308
0.023073
0.0373839
0.0222624
0.0219645
0.0217685
11.0608
0.540401
0.0223113
0.0394604
0.0367491
0.689282
0.0219581
2.38273
0.0218612
0.0217521
0.675872
0.460366
0.0792406
0.022086
0.0218915
9.75591
1.37717
0.336633
2.80614
0.022105
0.0237843
0.0220151
9.04555
0.0245523
3.94252
0.022806
0.0219846
0.0237385
0.0216822
0.0218755
0.0676056
0.0217822
2.40117
0.0218216
0.0222468
0.0215695
0.0255699
1.97248
2.64658
0.0632325
6.03012
0.0219804
0.0373873
0.0235607
7.63395
0.0218105
0.0216277
2.87098
0.0356848
0.0335234
0.0221138
0.360127
9.13722
1.51017
0.0222026
0.0351432
0.930659
0.0347052
1.99732
0.155729
0.0907314
0.0217884
0.0226549
0.0752904
0.0817223
0.021988
0.117383
0.0217379
0.022184
0.0223655
0.0217845
0.0219084
0.0219913
0.774179
0.0266287
0.023206
0.0491703
0.0217549
0.0219283
0.0405459
1.84915
0.0864626
0.0686958
2.50773
0.022234
6.1792
0.0302347
5.17464
0.0651929
0.0222023
0.0221443
0.0238611
5.97931
1.76392
0.0547349
0.170878
0.0216618
0.0219266
0.0222481
0.0222017
8.20892
0.0267044
0.0220099
0.206808
0.296414
5.31321
0.0229556
2.6807
0.0569728
0.0459991
0.0357648
0.438025
0.282429
0.0223619
1.75533
0.590838
0.0394914
1.43726
0.0527204
0.0222934
0.0222638
0.0219142
0.0233562
0.0275011
15.3147
0.060353
0.0218718
0.536513
0.0220049
4.16282
3.37783
0.0219557
24.5759
0.0218152
0.0217725
0.0220268
1.88308
13.6477
0.0581893
0.0317715
0.0217112
0.781934
0.0222313
0.0323928
0.0220929
0.0221825
0.0219512
4.82777
0.0229666
0.0428407
0.0299282
0.0222117
0.381786
0.156932
0.0386043
0.0259239
0.024241
1.39888
2.27159
0.0218709
0.0217823
0.0218675
0.0227445
11.9211
11.0394
0.2593
0.0261928
0.0217875
7.51844
5.87765
0.0223083
20.5913
0.0217152
0.101326
9.63938
0.0217454
12.4025
5.63771
0.147578
6.75073
5.32959
0.0218588
0.0228206
2.43265
1.34936
0.0226822
5.21162
0.0257139
0.0219076
0.0222738
0.0234181
0.0457086
0.0261312
0.322554
6.91125
0.238799
0.0349286
0.0220795
0.0657435
2.21314
0.0217752
3.52894
0.0519416
0.0222201
0.0251085
0.0222416
0.0222677
0.0321278
2.27227
0.0225605
0.0217906
5.03923
1.51389
0.0877588
0.0222613
0.0630591
0.0219282
0.0219324
3.54034
10.3472
0.0219218
0.0214941
2.00884
4.36355
0.0527465
0.0223286
8.2033
0.0228563
0.0219274
0.0237821
0.0219329
0.0216553
0.0216259
8.49228
0.259894
0.026532
1.63815
0.0532417
1.37149
6.65861
1.36225
0.215326
0.0219471
0.0222388
0.0224054
0.0219936
0.0788249
0.0218806
0.112211
0.0314876
6.55198
0.0220478
1.57739
0.0367501
4.96847
0.021926
1.73136
0.0328168
0.238138
0.385246
0.032586
0.0216228
6.79971
0.0654196
2.78259
0.02161
5.08269
0.0220268
5.7271
0.567517
0.0444868
0.0219207
0.0220893
1.49374
11.9506
0.0354978
0.0215624
2.7526
0.0936271
0.0516727
3.67651
0.0836972
0.0219503
3.92557
0.0219176
0.0373825
0.0216186
10.4386
0.0216267
0.0235151
0.645601
3.52327
0.0222221
0.0773705
0.0248765
0.0826282
0.021879
0.397481
0.0235462
0.0673989
0.0219621
0.0219864
1.84834
0.0309267
5.7903
4.9485
5.54152
0.0228407
0.0216457
0.0217803
0.0267218
0.0417211
0.0344446
5.20027
0.0239333
0.545097
0.0436001
0.022281
0.0219976
0.0865032
1.29671
9.80865
0.0219098
1.54039
0.0218625
4.51659
1.48628
0.0551965
0.0219964
0.0217476
0.0470373
4.28946
0.0248968
0.0222686
0.0238084
0.051461
0.022913
1.55861
1.71346
3.93588
0.0221573
0.027627
8.46632
0.0221877
0.063141
0.0218365
1.02767
0.037848
0.0219495
0.0450169
0.193077
0.0219233
1.89128
0.0219144
0.184279
0.277176
1.6211
0.356514
0.0221677
0.0222599
19.6237
0.0222363
0.0416225
0.105811
0.0239468
0.0215316
8.92179
0.0250576
0.419628
0.0232897
0.0696021
0.0226927
0.414343
0.0256205
0.0253954
2.18244
1.20208
0.0220915
0.022273
0.178829
1.42117
1.90567
0.807223
0.0318345
0.0219274
0.0218115
1.35056
0.0221397
5.06762
0.111316
1.95103
0.0221073
0.0217217
0.0217939
0.0477937
0.0528249
3.71649
1.51795
1.67664
0.358306
0.0216083
2.43149
0.0233045
0.0777548
0.0230612
0.0443252
0.0618322
0.0219264
0.0215789
0.079825
0.0216414
0.0418342
0.0718397
3.04521
3.38344
0.0429262
1.30858
0.0217596
0.0216392
0.0220752
0.205643
0.0643344
0.0512998
0.130214
9.17416
0.0408894
0.16847
0.0218423
0.0221855
11.4032
0.0219536
0.299067
0.0214718
0.0218666
2.36466
0.347296
0.0218792
0.0943679
0.528259
2.32864
1.94475
0.0258053
0.082389
0.0592565
9.59447
0.0221377
4.28452
5.08557
0.0238524
0.0265594
0.0216165
0.538052
0.0217259
0.0219842
1.87513
0.0223439
0.021569
0.249865
0.072253
1.41546
1.45783
3.33493
1.9781
0.0216097
0.0219101
0.0218825
0.0222057
8.87857
0.0221633
1.68766
0.0232824
6.10008
0.0246824
0.0221692
0.0216829
0.0222876
0.0311982
0.0220838
0.0215215
0.863466
0.0218232
0.0623149
0.022586
7.71005
0.0246806
0.0220792
0.02192
0.0622533
0.021906
0.0217612
0.0220908
0.022215
0.0244678
0.0218666
0.0237524
0.0320675
3.823
4.97597
7.04968
2.29433
0.0217702
0.0220059
0.0219277
0.0214338
0.0219315
0.0217383
0.226038
0.021863
0.0222518
0.0220698
0.0220434
0.0219989
5.39047
0.0241409
0.0219709
15.8364
0.051186
0.0217122
5.73988
8.00648
0.0220207
0.51119
0.736571
0.0221212
0.0469341
0.0241519
0.0215626
0.0282388
0.0220947
0.045891
0.0220135
0.0222474
0.0217497
24.5275
0.0299197
0.0470759
0.0220333
0.0222653
6.63827
0.0260698
0.0220372
0.0243298
0.0247966
0.0222519
0.248062
9.75426
2.47189
1.91867
0.232201
0.0386758
0.0222597
12.5379
0.194358
0.02298
0.0708587
0.0222931
0.0218988
0.0222464
2.23388
0.0482899
0.0219988
0.0220424
0.248523
0.0217332
0.473379
0.0219834
1.8305
0.332094
6.55507
0.0220802
0.0233897
0.0323579
0.0367857
0.0223928
0.0402117
0.08975
7.56196
0.0220213
0.505993
7.75014
0.0215718
1.32927
0.0450883
0.343399
0.123389
0.0219183
0.0287149
0.0470155
0.021686
0.0259528
0.0215487
4.82205
4.02271
0.0335514
0.0218269
0.181966
0.0769176
2.87023
0.289837
0.0237051
0.0302097
0.0219481
0.0219465
0.0470932
0.0538504
16.5618
0.0218189
0.458505
0.0226694
9.07452
0.222191
1.81383
0.0216045
0.0230814
1.96357
1.77122
0.0445028
2.30232
0.0228982
0.23554
0.021913
0.0218628
2.54667
0.982603
0.0249326
0.0220957
0.078763
2.14067
0.198674
0.0692481
0.021775
0.0220147
0.0217168
2.39764
10.1312
0.0217724
0.0530709
1.85259
0.0880254
0.325694
1.59817
5.32775
1.88163
0.0217927
0.0227612
1.3815
0.0218874
0.0510825
1.54975
6.57334
0.0235336
0.0307058
4.82428
0.652689
1.99516
4.91218
1.28538
1.45469
0.0221127
0.0216236
0.0219912
0.0226582
25.2457
0.0560307
0.391075
0.488029
0.0587914
0.0219966
0.393591
0.0217149
0.0337101
0.0219209
0.0419548
5.55294
7.21036
0.022072
0.0216086
0.0433066
5.18144
0.224448
5.4397
0.0459187
0.0221391
0.0838258
0.0214695
0.0976834
0.0324696
0.0219129
5.17935
0.184181
0.641856
0.0633464
0.0223665
0.0215824
12.0778
0.0254327
0.021627
0.0221463
0.0222559
0.0216842
5.56062
9.54214
1.71823
1.37734
5.19723
0.0240298
0.021946
2.19763
0.0249361
0.0995998
6.3268
0.0218662
5.47051
2.54936
0.0676656
0.0344645
0.807777
0.023396
1.83961
0.0398429
2.04757
0.0218255
0.0231103
0.0425305
3.18934
0.141735
0.0713537
5.16567
1.84338
0.0733851
0.216431
3.2204
0.0248283
0.374381
15.074
0.0375343
0.0660472
2.38822
0.0358752
0.0382249
0.0221055
0.0418563
0.0453629
0.0618933
0.0220906
7.97611
0.171576
1.90134
5.69938
1.91238
0.0411424
1.5712
7.79352
0.021846
0.381827
3.7067
9.08186
0.0287305
0.0243798
2.05444
9.96965
0.0216181
0.247108
0.0217523
0.0219072
4.2183
0.0256019
2.182
1.65883
1.45153
8.56272
0.0216245
0.0401176
0.0220058
0.021843
0.115506
0.0678785
0.0280002
2.79683
1.74128
0.022273
0.0274967
1.3471
0.0237373
0.433939
0.0488918
1.31182
1.30493
0.943621
7.9105
7.91993
1.76933
1.32089
1.45913
0.0326805
0.0255182
0.126511
0.13015
1.85927
8.55346
0.0221331
0.0227327
5.00861
2.22604
0.0253022
5.08141
0.0219338
0.839236
4.07035
5.23418
0.0219224
1.75797
1.51438
0.0276265
0.0359976
5.67068
5.45456
8.28857
2.9885
0.0220533
10.7969
1.51476
0.0418333
0.253446
0.111769
0.0217345
0.0280233
3.32747
1.51826
0.025263
0.0221717
1.93022
0.0872571
1.55185
0.0847917
2.20277
1.34964
0.0219915
9.20412
0.0222852
0.0331382
0.0221121
0.0218653
0.0217044
0.0395069
0.304901
0.0214984
17.8805
0.086991
9.48597
5.6005
1.92779
0.0219087
3.80618
1.53693
1.90831
0.0356961
0.0219266
7.67482
0.501077
1.41756
0.0560087
0.0235854
0.021688
9.75167
5.19597
0.0344989
18.448
0.0314059
0.0222751
1.50146
0.0550253
19.5272
0.0219481
0.0306909
1.6342
6.9156
1.3173
0.37039
1.29785
1.59477
9.62082
0.0220488
6.64653
0.0498305
0.0218453
0.0215598
0.0219387
5.34524
0.0503958
1.30281
1.35874
0.0407894
0.168581
0.0922138
2.44216
0.269912
5.76953
5.07423
1.31839
0.0935109
0.0216577
1.50582
0.0589495
0.120579
1.45194
1.7498
1.70373
0.0220953
0.0246782
0.0496031
0.0220609
0.0220145
0.0292339
1.32455
0.0296036
0.0253206
1.49847
0.0887359
0.654224
6.38473
1.38739
0.527251
1.3759
5.14937
2.04627
0.0649291
0.0343913
0.0221476
1.28444
0.123884
0.311687
0.0644868
0.062192
0.0214552
0.235606
6.06614
0.0271572
0.02159
0.0232759
9.62294
0.0218729
0.0220254
0.0702208
1.44026
0.0298749
0.0568219
0.189731
0.0310467
0.0726555
0.0218839
0.0219797
0.0442949
0.332047
0.0223226
0.0327028
0.276807
6.70381
0.0221661
8.67806
0.0218912
1.35541
0.0233754
0.0235806
0.0215575
0.222765
0.038444
5.30287
8.16051
0.0695679
0.0221632
0.02196
4.39676
9.2078
0.0218035
0.283424
1.40243
0.0584725
0.0792391
0.0214318
0.0228585
0.0219217
1.50666
0.0462425
0.022052
5.66111
0.0224811
0.0584973
0.466237
0.021736
0.102487
0.0677634
15.0822
0.0224841
0.0264791
0.0235152
0.0604036
0.0214079
0.0219007
5.79336
0.377452
0.0883763
0.0219503
1.32067
0.0224706
0.0224843
0.0219586
0.581888
5.77412
0.024214
7.95835
6.46475
0.0719575
2.83148
9.70457
4.96082
9.57772
0.0643421
0.0777918
0.269441
0.0527529
0.0219516
0.0305186
0.0323349
5.69851
0.0220813
2.27847
0.0219791
0.423921
0.104295
0.0230379
0.023157
12.1117
8.05334
5.2833
1.57406
0.0218111
0.0813855
5.3299
0.0271315
9.53479
0.0419648
0.10924
1.2832
0.0361062
0.0219939
0.146352
0.179088
0.0219185
1.40858
1.69882
0.0217103
0.0222395
0.0221217
0.0220105
5.23892
0.0219744
0.0523113
0.0220262
0.0223804
0.0327178
0.0219433
1.57227
0.100912
0.0222397
0.0216324
0.135383
0.0236647
0.056458
5.49701
5.06222
0.0575924
0.266011
0.0415573
0.0215981
0.177338
6.73383
0.0397267
1.35059
6.77786
0.0772415
0.0410505
0.0287161
0.0769505
0.0390521
5.78195
0.0221155
0.0222564
0.0217952
1.54338
10.0823
0.037011
0.110199
0.0219047
0.0272668
0.138726
0.424246
0.0219291
0.0651219
1.29186
0.0896956
0.0219907
0.0219388
18.212
6.20442
0.0219329
0.924492
0.0332661
0.269084
0.538708
0.021859
2.87837
0.0314487
0.0220259
2.32435
0.266621
0.0219188
0.0221634
0.420024
0.0217889
0.022042
0.184963
0.0429033
0.0466657
6.91505
0.0261226
0.0484203
1.2784
0.021851
8.85522
5.40428
0.0259579
0.0715295
0.239942
0.0219826
0.210102
0.0214725
1.80298
1.48588
0.0220041
8.64093
6.18821
0.0219504
0.021946
0.58326
0.0430936
1.73209
1.62037
0.0220962
0.0469938
5.38195
0.0227233
0.0574939
0.0852009
0.0348379
2.46304
0.275418
0.023306
0.302382
9.72062
0.0463229
4.08067
0.0219112
0.0215553
0.0222674
0.0429546
4.60623
0.0220665
0.0366294
16.59
2.32461
0.0222181
0.0309722
2.02284
1.46671
0.022225
8.68228
0.0370026
0.100378
0.0385854
0.023347
0.0270065
0.0219722
0.0219612
6.2522
0.0219345
0.0531495
0.0219807
3.2178
0.0232821
0.0238159
0.0215948
0.0241999
0.0219814
0.0450907
5.23374
1.59791
0.0402583
0.0430905
0.0219684
0.0321711
0.0589483
2.03746
5.00456
0.0218304
2.57019
0.0220232
2.28715
1.49716
5.1408
0.021827
0.114642
0.0877542
5.52929
0.237832
0.0218582
2.42794
0.330304
0.0383949
2.3467
0.022235
0.0220087
0.0404928
2.73321
0.0219292
7.17216
0.0344743
5.06739
0.0925525
0.0224593
1.8423
0.0289437
0.0221529
0.526009
0.0219829
2.82117
9.09623
0.211993
0.0278808
0.159747
0.0219391
0.118634
0.0479366
9.39181
0.0220354
0.0216237
0.0276048
0.0307489
0.0500755
1.59626
3.52878
0.0362909
0.229715
0.0218156
3.69466
8.84413
0.206671
0.0219237
0.0222602
0.0230549
2.04122
0.0220804
0.0275432
1.85324
0.104737
0.0219972
0.276889
0.0974749
0.0219864
0.0257792
0.139594
1.51983
0.0758508
0.0462806
1.3681
1.57706
0.741977
0.0273287
0.0221383
0.0248881
0.0247667
0.166059
0.0653963
0.0290548
0.0956301
3.87054
0.0241711
0.0219959
5.16966
0.31317
1.90972
0.242363
0.0263799
0.0238055
0.0238902
0.0217788
0.0218991
0.0501185
0.0215525
0.0229874
0.0220853
0.0231569
0.0238498
0.0219471
0.0395834
0.0405841
0.0221319
0.0219349
0.0221204
0.0227858
0.022368
0.255235
0.0220579
0.0235049
1.48049
0.0217022
0.023475
0.0222765
0.0287027
5.21989
6.51873
2.45417
2.2647
2.92186
0.294897
0.0218711
0.0653796
0.0220639
2.80418
0.0230804
0.0300837
0.0221991
0.0621877
0.0219557
0.0336922
0.0217858
2.16967
0.200898
0.0220804
2.84074
2.63488
0.0221851
0.102481
0.0219464
0.0216003
7.46436
0.0221728
0.073733
0.24181
0.0221061
0.0215593
0.0839052
1.41341
0.0251266
0.0237149
1.61449
0.0219389
4.08705
0.0564957
12.0008
0.0216751
1.48643
0.0219303
0.0222476
0.363635
0.0679893
1.77474
1.5678
7.40287
2.29697
0.189963
0.159475
0.0220474
0.160878
0.0220217
0.0218204
0.0945308
0.0219043
0.0219837
0.0216085
0.0216161
0.0667323
5.08217
1.47976
0.45454
1.70506
0.0238714
0.0306927
0.0229338
0.0229099
0.091305
0.0220952
0.0217145
0.0218148
0.0240345
0.023228
0.201763
0.0954856
0.0504208
0.022111
0.0553274
0.056351
1.51772
5.60987
0.0254019
0.0443635
0.0220894
10.2857
2.04144
0.0219175
0.0219341
0.0249625
0.0222133
0.673588
0.542438
5.19714
0.0221471
4.27846
0.0221674
2.63569
0.0567915
0.0218107
0.0292466
4.61699
0.0272387
0.0291113
0.0324416
0.0960609
3.91314
0.0217447
0.0219154
0.0285373
0.167121
0.0218791
1.7732
3.48706
0.0219692
0.0214265
6.41375
0.0768318
0.021925
5.89187
16.8094
1.81742
2.2331
0.0295795
1.9243
0.022073
5.77791
2.42295
0.83759
0.075956
0.0242775
5.04112
0.025535
0.0218659
0.0214535
0.19713
0.0216388
8.97844
0.0226158
0.0222287
0.0253489
1.36838
0.0242512
0.0229912
0.0220744
8.87038
3.80283
10.0639
1.39529
0.0481187
0.021931
0.0242276
0.287602
0.114243
0.0219863
0.0581503
0.181295
3.47289
0.0219801
4.02405
5.25483
0.0428152
0.022064
0.0241966
0.021951
0.0217513
0.0219389
0.0220323
0.0220926
0.0979942
0.022098
0.148361
0.0226249
0.0228614
5.41457
0.0801147
0.0232463
0.0229736
2.07422
0.0215586
0.0229017
0.0267942
0.021815
3.14966
0.0338948
0.0229305
0.0448908
0.0220108
0.0286765
0.0217777
0.188813
0.0218216
0.0219203
6.54335
0.0235341
0.248555
0.0363504
0.023872
0.0999333
0.0214118
0.0220902
0.0227952
5.6678
0.024097
0.0219222
1.95665
0.0220388
0.0216275
0.0218842
1.22117
0.0326406
0.163446
0.033843
0.0311172
0.0503463
0.0242524
0.0278713
0.0481625
2.12943
0.0223157
0.0292657
0.0218277
0.276673
0.283259
0.0219057
0.029695
2.51999
0.030218
0.0215512
5.60826
0.0265448
0.0857052
2.28486
0.0301531
0.0219122
0.0306741
0.0219217
0.0241096
0.0219045
0.0235966
0.0266154
0.0219713
0.022069
0.0321518
0.0221957
0.109906
0.0219475
0.0238144
0.021946
0.030575
1.51285
0.0221522
0.0220297
0.100026
0.0231009
0.0219986
0.432698
4.80261
2.76834
0.0220827
0.0249553
0.0385359
0.0222447
0.0221274
0.0372908
0.195844
0.0215392
0.0542655
0.0219807
0.0218866
0.0217704
0.0215305
0.0229387
0.046371
0.0374851
0.0281335
1.37695
0.0246786
0.0287484
0.0217372
2.28872
0.83037
1.936
0.0220592
0.0517629
0.0293567
0.0220448
0.0221222
0.0423479
1.31749
2.27664
0.021924
0.0290951
5.9404
0.0228126
0.236148
10.4101
1.34796
0.0313886
0.0220043
0.0414631
0.0507685
0.15942
9.70723
8.13583
1.32818
0.0228828
0.0221743
0.0219381
0.126461
0.0219625
0.0216911
0.042727
0.0219239
0.0219063
0.0218776
0.0524599
0.0219998
0.0217775
0.0219693
2.30536
0.0215467
0.0220428
0.022109
0.0226107
0.02194
0.0737391
0.0816634
8.349
0.0215804
0.0290672
0.138764
5.14805
2.08578
0.0223114
0.0222752
0.0540871
0.0968762
0.0264427
0.368245
0.0219315
1.80246
0.0222781
1.34147
0.0230118
0.021928
0.0511402
0.0219541
0.0219708
0.0229246
0.717789
0.0249316
0.0224898
0.0221787
0.0219744
0.0454174
0.0219111
0.0219141
0.0269735
0.107112
0.0248358
0.0218259
1.32761
5.81119
0.022041
1.21479
0.0221451
0.0307602
0.0846529
0.297986
0.0237619
0.0231947
0.0220877
0.270518
0.0294636
0.0222305
0.0219033
0.0234864
0.170688
0.0220222
0.0387138
0.0243042
0.0352773
0.0508704
0.0426932
0.0925083
3.638
0.0255294
0.0220405
6.82524
0.73296
0.0219327
0.0214941
0.0220639
0.0219808
0.0219216
0.0243148
0.0216774
0.0220791
10.0904
1.42068
0.0347473
0.0219499
2.224
0.0242871
0.0217009
5.25688
0.0239416
0.0216564
0.0220949
0.0220377
0.0407
0.0221238
0.0570653
0.021925
0.0217817
0.0219613
0.0354762
0.0400969
0.0218906
0.0676606
1.43055
0.0232337
0.0218887
0.0617721
0.0217279
0.0220662
0.0218613
0.0328609
0.0220538
5.53256
0.0224026
0.248179
3.11971
0.0607757
0.0234622
0.0223456
0.0220991
0.0219375
0.0305226
0.213531
0.14299
0.021811
0.0239067
4.92551
0.0215888
0.181829
0.0219633
0.023088
0.0324013
0.0635851
0.0219559
0.0365368
0.0286522
0.0603466
1.55539
5.41812
0.0218744
0.0219271
0.0328846
0.0227426
0.0228032
0.0550005
0.0228169
0.125849
0.0217823
0.0706735
0.0221068
0.0825309
0.0616845
1.36971
5.12148
0.0219187
0.0434024
0.91854
0.272598
0.021601
0.0217527
0.162275
0.0219425
0.021976
0.0217467
0.0215181
0.0739229
0.084574
18.5754
0.0220214
0.0512265
0.0222551
0.021593
0.0233206
1.77561
0.211063
0.0219306
0.0221407
0.0218424
5.69217
0.0220432
0.0219466
0.0224984
0.0219617
0.0440593
0.0218338
1.62008
0.0219837
0.0226172
0.022448
0.0219272
0.021759
0.0220074
14.0388
0.0217823
0.0219567
0.316268
0.0219282
0.0220433
0.022114
0.0221572
0.0604691
0.0219201
0.021973
2.41548
0.0237217
0.0220394
0.0222826
0.0215235
1.26653
0.0230495
0.0222557
0.0219153
0.0270733
0.0219654
9.04643
0.0217947
0.0220102
5.47262
0.0219782
0.0685431
0.0222048
0.0214158
0.0215121
0.0308901
0.0389552
0.0218666
0.0222861
0.0242826
0.0219069
0.0221113
0.0221185
0.0218799
0.0217341
0.0217889
6.70956
0.0219548
0.0218419
1.39169
0.0219545
0.0282017
0.153189
1.47167
0.0218219
0.0220951
0.0219554
0.0216415
0.0230037
0.0417765
0.0241322
0.0405676
0.0217869
0.0260143
0.0220528
0.0214792
0.0285492
0.0635503
0.0237875
0.0296006
0.0220276
0.0219547
0.0221205
1.48348
0.023544
0.022012
3.37805
0.0228882
2.5325
0.022064
0.0219277
0.0217506
1.66113
0.0220036
0.0256144
0.0230495
0.0220728
0.0219663
0.0220887
0.0220665
0.024748
0.0219117
0.0396098
0.022248
0.0443842
0.0215032
0.0216372
0.0242191
7.19336
0.0221501
0.0220492
0.022635
0.0219356
0.0245013
2.42566
0.0227969
0.0275816
1.96396
1.37924
0.0227796
0.0227449
0.172014
0.115532
0.0232687
0.0221169
0.0218776
3.1295
0.0226245
5.80896
0.0217026
0.0215448
0.022105
0.0218695
0.0232634
0.0215897
0.0219889
0.0222651
0.0707184
0.0238531
0.0226373
0.0216344
0.353999
0.0748037
0.0215178
0.0221045
0.0235166
0.0222391
0.0220598
0.021595
1.69561
0.0216076
0.0219493
0.0692987
0.0215846
1.36636
0.021822
0.0480952
0.0278327
0.0219682
0.0215438
0.0219223
0.0220918
0.0220436
0.0217443
0.0216247
6.29593
1.70273
1.67371
0.0216176
9.11519
0.0220246
0.0664198
0.0219216
0.0219238
0.022111
5.97188
0.0219468
0.021907
0.022128
0.0220226
1.188
0.0219412
1.41706
0.0214531
0.0224974
1.62189
4.91514
0.021984
0.0219563
0.0283524
0.0220163
0.163659
0.021753
1.98418
0.0217827
0.0373502
0.0221402
0.0218178
0.021942
0.02201
0.0232412
0.0218992
0.0340232
0.0385869
0.127357
0.0217125
10.8015
0.0218919
10.2285
0.021911
5.76551
4.11416
0.02175
0.021908
0.0216044
0.0219058
0.0220446
0.0219705
0.0215929
0.0225037
0.0214464
0.100363
0.022111
1.50805
0.0215843
0.0215374
0.0219251
0.0219252
0.0227274
8.83255
0.0230824
3.96883
0.021547
0.0221208
0.038472
0.0215891
0.189813
0.0235186
0.0219286
0.0426579
0.021512
0.021973
0.0225831
0.0217007
0.029408
0.0431671
0.021643
0.0221128
0.0220466
5.88222
0.0235516
0.0215824
6.17627
0.0622498
0.0216325
0.0219126
0.19965
0.0228866
0.021445
1.27583
0.216323
0.0228965
0.0214516
0.0222399
0.0373095
0.0215741
0.20449
0.0216241
0.0216891
0.0481531
0.0584701
0.0216175
0.0216181
0.0215111
0.0217518
0.0217658
0.0419564
0.0219666
0.0217749
0.022112
0.0218542
1.94999
0.0222722
8.41907
0.0275654
0.0297229
0.0221423
1.35747
0.0219624
1.97102
0.0215328
0.0219561
0.478771
0.0219724
0.0230446
0.0216622
0.0253556
0.0217202
0.0284698
0.0215707
3.26226
0.0222086
0.0215796
0.0215424
0.0215803
0.118343
0.0217977
3.06083
0.0219116
0.025422
0.0215059
0.0220167
0.320173
0.0219989
0.116001
0.0218181
0.0233505
0.0221939
0.0221345
0.022595
0.0219312
0.0219799
0.258256
0.0215782
0.0219423
0.0226203
0.022059
0.0220558
0.0363951
0.021836
0.0219121
0.0218579
0.0216299
0.0217637
0.0219947
11.3979
0.215081
6.34121
0.0214416
0.023905
0.0221279
0.0278313
0.138592
0.229404
0.0355056
0.0215768
0.0219782
0.0219182
0.0221456
0.0221166
0.0219064
7.86429
0.054877
0.0219289
0.183487
0.0221388
5.82945
0.0219586
0.0218879
0.0218046
0.02157
0.0214887
0.021841
0.0216656
0.0218203
0.0424742
0.0230592
0.0219226
1.34138
0.0215719
0.0227532
0.0219846
0.0215999
0.0219371
0.347936
0.0218106
6.13912
0.0219223
0.0216037
0.0371467
0.0219099
0.0279582
0.0949557
0.021684
1.67253
0.0882395
0.0216118
0.0227429
0.0215345
0.263699
0.0216171
0.0294785
0.0229132
0.0218059
0.0217463
0.0218581
0.0219625
0.0224938
0.0217581
0.0223929
5.50151
2.06977
0.0232144
0.0219599
0.247181
0.034845
7.03281
0.0218022
0.0218814
0.0219608
0.0223841
0.0219336
0.0216284
0.0216011
0.0219716
0.0427718
0.0216643
0.0220369
0.0263637
0.0219856
0.0301436
0.022043
1.91193
0.0218671
0.0219252
0.0232448
0.0443473
5.41862
0.0219159
0.0221569
0.0218791
0.0221401
1.48421
0.0225517
0.0219479
1.34467
0.0218649
0.0219947
4.85028
0.0221032
0.0218573
0.0214759
0.0219121
0.0218185
0.0220003
0.0370187
0.0217948
6.1471
0.0221002
0.0238943
5.63901
0.0220098
0.0216515
0.022064
0.0214466
0.0216222
1.87571
0.0219681
0.0220101
0.0225757
0.0218965
6.18824
0.0218099
0.166922
0.0217331
0.0790827
0.201135
0.0864614
2.74027
0.0281164
0.0366609
0.0305939
0.0218775
0.0219907
0.0235647
0.189711
0.0651986
0.0215276
0.022008
0.0219684
0.0217675
0.021609
0.163887
1.27754
0.216041
0.0222781
0.0221637
0.0310855
0.0220563
0.0220838
0.0219203
0.0220738
0.0219435
5.1441
0.0233581
0.022375
0.0215104
0.0733748
0.0216417
0.0220734
0.0217274
0.0215613
0.0219001
0.0220488
0.0583389
0.0217964
0.0258059
8.71757
0.0216735
0.0221055
0.0216737
3.70686
0.0215308
0.021787
0.0505309
0.0219794
0.0838552
0.0217721
0.0215331
0.0226365
1.85724
0.0222525
0.0220951
0.0216865
0.0217784
3.78461
0.0234048
0.0217555
0.202358
0.0219091
0.0217676
1.42112
0.0222936
0.0222941
0.022293
0.0222925
0.0222918
0.0217551
0.0238639
0.0233484
0.0816303
0.0215861
1.60813
5.44469
0.0320512
0.021861
0.021806
0.0219027
0.02214
0.0217788
0.0221342
0.0217628
0.173372
0.0219387
0.0217911
0.0217773
8.50786
0.0219026
0.0221356
0.0220593
0.0219577
0.0218928
0.0218184
0.0227764
0.0236043
0.0222088
0.0229738
0.0232946
0.0223234
0.022453
0.0225868
0.0219751
0.0222858
0.0215515
0.0218197
0.0217055
0.0226566
0.0217932
6.19321
0.0218679
0.0218579
0.021998
0.0214272
0.0228892
0.0219766
0.022036
0.0219298
5.12211
2.28121
0.0215689
0.0218097
0.190484
0.0361696
2.5682
0.0218349
0.0247501
0.0366754
0.0215589
0.0222034
0.02196
0.0222345
0.0219245
0.198631
0.0308626
0.0352404
0.0219589
1.8087
0.0221267
0.0221365
1.35205
2.2521
0.0217373
0.0218651
0.0222615
0.0229751
0.0219152
0.0219961
0.021878
0.0239623
0.0215679
0.15402
0.0218048
1.87527
0.0217918
0.0220139
3.62379
0.0227452
0.0218196
0.0224799
0.0218873
0.0220258
0.0288681
0.0221692
0.359744
2.96213
6.19355
0.0217677
0.140071
0.021875
0.0221932
0.0219788
0.0218446
0.0217209
0.0219951
1.86545
0.0218159
0.0219305
0.0216031
0.021885
0.0218896
0.0215774
0.022646
0.0219814
0.0217414
0.0219399
0.0220284
2.55407
0.0219294
2.37971
0.0222944
0.0220033
0.0217931
5.22358
1.41754
0.0216022
0.0216509
6.12817
0.0475397
0.0219331
0.0220282
0.0329004
0.0217785
0.0219179
0.0217839
2.0989
0.0220926
0.0220556
0.0222839
0.0218922
0.0219886
4.23314
0.0217233
0.0216967
0.0218073
0.0220789
0.0219156
0.0218935
0.0219486
0.0219384
7.35146
0.0221034
0.0220061
0.0216819
0.0317412
0.0217162
0.0333481
0.0220401
0.0216826
0.0219504
0.0217835
0.0219291
0.0220089
0.0221229
0.021634
0.0218018
10.6227
0.0219675
0.0340349
0.0219719
0.0218999
0.0216483
0.0218762
0.0315146
0.02202
0.0215248
0.0219519
0.0219159
0.0243208
0.618003
0.0217392
0.0214924
0.0220325
0.0220592
0.0219991
0.213738
0.0218068
0.0220059
0.0323589
0.0217549
0.0547971
0.0218367
3.13446
0.0219357
0.0217823
0.0221036
0.0218183
0.021945
0.0267153
0.0218755
0.0220244
0.0219046
0.0219829
0.0221269
0.021763
0.021887
0.0216597
6.11715
0.0219718
0.0222321
0.105475
0.0242343
0.021798
0.0215556
2.21962
0.0226186
5.11422
0.0217968
0.0967546
0.022284
0.0244255
0.0215428
0.0220308
0.0219141
0.0217641
0.0219179
0.0219125
0.0219516
5.34773
0.0214235
0.0220406
5.88193
0.0221218
0.0216269
0.0222857
0.0219185
0.0336092
0.0217023
0.0310038
0.0218627
0.0221232
0.022127
0.0221302
0.0218375
0.0219608
0.024685
2.4482
0.0222505
0.0221324
0.0218462
0.0220075
0.0216175
7.32506
0.0230614
0.0220776
0.0218957
0.021593
0.0216993
0.0270657
0.0217928
0.0214756
0.0220672
0.0219718
0.0215022
0.0225051
1.25605
0.0221296
0.0218121
0.022277
0.0220094
0.0220439
0.0214606
0.0220737
0.022026
0.0220753
0.0221408
0.021507
0.021912
0.0220227
0.0219336
0.0221578
6.2021
5.14384
0.022058
0.0237999
0.0218517
0.0262521
0.134665
0.0215999
0.0217959
0.0281345
0.0228435
0.0335997
0.0220579
0.0219642
0.0219405
0.0219876
0.0216042
0.0219018
1.77326
0.0338372
0.0215764
0.0248674
0.0224005
0.258041
0.0216673
0.0216343
0.0215275
0.0217362
0.0219043
0.0960106
0.021842
0.104297
0.0517024
0.0249098
0.0219158
0.0220837
0.0218475
0.0219101
0.0223888
0.0218947
0.0219339
0.0309167
0.0220475
0.0218246
0.022161
0.0220352
0.0219727
0.0220103
0.0219858
0.0217327
0.0220118
0.0218964
0.0220298
0.0220154
0.0383607
7.75201
0.0365782
0.0217217
2.01964
0.0220537
0.0216858
0.0732874
0.0223949
0.0218777
0.0219418
0.0218988
0.0219411
0.0216786
0.0220318
0.0225082
0.0219239
0.0219506
0.021799
6.34792
0.0217805
0.0219008
0.030928
0.0217672
0.0217613
0.0219834
0.022293
0.0221502
21.1615
0.0218826
0.0425401
0.0219719
0.0488408
0.170784
0.0214599
3.3732
0.0219504
0.0219611
0.0217148
6.64424
2.42359
0.0215983
0.0283596
0.022186
0.0231544
3.52045
0.024852
0.0219538
0.0216027
1.11303
0.0219738
0.0229868
0.0220379
4.5092
0.0219369
0.0215345
0.0217695
7.42342
0.0217974
0.0219799
0.0220011
0.0216839
0.0220149
0.0220903
0.0219998
2.09342
10.4272
0.0219951
0.0238075
0.0250129
0.0964778
0.0217205
0.247282
5.95585
0.0215675
0.0216527
8.45851
0.0279014
0.0220166
0.0217999
0.0222928
1.97142
3.47225
0.0221645
0.0221377
0.0227346
0.0220764
0.0219738
0.0224875
0.0222561
0.0220486
0.0219179
0.0343742
0.0215338
0.023811
0.0226636
10.1968
0.0215651
0.0220605
0.0218344
0.0227176
12.5868
0.022131
0.0602716
0.0228029
0.0219961
8.85205
0.0220798
3.80058
8.33357
0.0218463
0.0221224
0.0219313
0.022608
0.0219994
0.0218358
0.0278291
0.0214392
1.01655
1.83951
1.30296
0.0219997
0.0250963
0.0219501
0.0215765
0.0219944
0.0221449
1.41823
0.0220852
0.0220807
0.0218161
0.0221392
0.022183
0.022165
0.0219988
0.0219954
0.0221065
0.0215243
0.122214
0.022746
0.0888626
0.0221496
0.0219326
0.0218732
0.0220297
0.0216993
0.0220483
0.0226201
0.0252627
0.0216882
1.28812
0.0220985
0.127063
0.021919
0.0219499
0.076576
0.0293893
0.0219365
0.0219808
0.0220323
0.0219412
0.0216135
15.0216
0.0487834
0.0219497
0.0215423
0.022116
0.021999
0.109473
0.021995
0.0214963
0.0220449
1.32138
12.9919
0.0216954
0.0218283
0.0219757
0.0219538
0.0236542
6.97407
0.0319261
0.0821183
0.0215998
0.045798
0.12612
0.022102
0.0222379
0.149218
0.0227532
0.021659
0.220269
0.0241337
0.0233682
0.0217863
0.0552167
0.0220356
0.0219981
0.073587
0.0219659
0.024056
0.0220373
0.0815469
0.021522
0.0220267
5.11315
0.0263503
0.0221275
0.0324129
0.0216242
0.0292593
0.025526
2.48523
4.83496
0.0222821
0.021716
0.0331153
0.0220304
10.3106
1.43784
0.0220839
0.0220566
2.94262
0.0216467
0.0222075
0.0508276
7.05801
0.0767007
0.0216506
0.0219344
0.0219192
0.0217976
0.0217382
0.0220325
0.0459602
0.0220288
0.0215049
0.0219036
0.0219606
9.08138
0.0332728
0.0221832
0.0237531
0.0215399
0.0220223
0.0308801
0.0221143
0.0371662
0.0218909
8.0924
0.0214916
0.0218124
0.0390747
0.0221813
0.0221001
0.0221928
0.0257085
0.0215276
0.022644
0.0215706
0.0218782
0.0216898
0.0233782
0.0219915
0.0219131
0.022067
1.43307
0.0429538
0.0215904
0.0219202
0.0219247
0.0215258
0.070209
0.0780304
0.021863
0.0220447
0.0218129
11.246
15.5876
0.0220654
0.0215966
0.0215545
0.0216215
0.0222183
0.021875
0.0218026
0.0218794
0.0481067
0.0219273
1.26178
0.0220284
0.0218283
0.0220185
0.0696274
0.021722
0.0433774
0.0218092
0.0219529
0.0219191
0.0333814
0.0220125
3.00105
0.0219893
0.0222926
0.0220125
0.0217327
0.0325195
0.0227833
0.0218518
0.0215869
0.0221136
0.0220442
1.58344
0.0497157
0.0220784
0.11118
0.0218436
0.0221424
0.0260149
3.19523
0.0220171
0.0222997
0.030445
0.0267727
4.14577
0.0216325
0.0218889
0.0720286
0.0574692
0.0214302
0.0221151
0.0221748
0.0217965
0.0236613
0.0219291
0.0219055
0.0278555
0.0215185
0.0527184
0.0218049
0.021818
0.0219552
0.0218586
0.0216575
0.0220505
0.23253
0.0222521
0.0218435
0.0217588
0.0216879
0.0218124
0.0219217
0.0348649
0.0644324
0.0217098
0.0222534
17.4758
0.0561796
0.0736262
6.72935
0.0219127
0.0217605
0.0217225
0.021726
0.0620445
0.0221247
0.126588
4.48869
1.37317
0.0220481
0.0224231
0.0215778
0.0222383
0.0219769
0.0269492
0.022263
0.0263711
16.8108
0.0218102
1.13573
0.025867
2.23504
0.022066
0.0217713
0.0217061
5.33904
0.0217974
0.0222589
2.02337
1.25805
0.0219158
0.0218558
0.0223616
0.0216502
0.0217838
0.0654428
0.0217931
0.0218497
0.0275225
0.0221386
0.0218148
0.0216118
0.98719
0.021926
0.022132
0.0219518
0.0580108
0.0217699
0.0220104
0.0287289
0.023646
0.0218704
0.0649565
0.0409279
0.0243187
0.0592572
0.0232404
0.0219951
0.0218705
0.0217565
0.0217059
0.0218617
0.0221587
0.0221569
0.0265498
0.0221864
0.0219798
0.0613337
0.0531942
0.0219273
0.0215899
0.0220214
0.0220397
1.50683
0.0217491
0.0232612
0.036637
0.503478
0.412224
0.0218561
0.0361802
0.0573876
2.42099
0.0218814
0.0219812
0.022654
0.0218608
0.0222724
0.0218925
0.04278
0.0214392
3.69378
0.0219174
0.0219803
0.0217434
0.0219658
0.0220369
0.0222654
0.0220259
0.0221278
0.0222454
0.0219348
3.66029
0.0217935
0.0219354
0.678338
0.0220217
0.02201
0.0544654
0.0219943
0.022104
0.0284338
0.0221472
0.0218445
0.0222717
0.0219453
0.0218222
0.0219192
2.72306
0.026648
0.0227812
0.0218847
0.0219025
0.0218877
5.22173
4.95097
0.0227672
0.0219994
0.0219377
0.024351
0.0219561
0.0303905
0.0219696
0.022196
0.0220421
1.03879
0.0414527
0.0217585
0.0386185
0.0219471
0.0317076
0.0221215
0.0217077
0.022106
0.0221456
0.0218065
0.0217823
0.0219097
0.0221698
0.247086
0.0239973
0.0218599
0.0271439
0.0245496
0.048984
0.0226711
0.0222527
0.0219745
0.0232025
0.0218862
0.0224584
0.0217094
2.57621
0.312802
0.022769
0.0385473
0.0215373
0.0219577
0.0219506
0.0217039
0.0219045
0.0223778
0.0220948
0.0219922
0.022232
0.329448
0.0242577
0.0217173
0.0219168
0.141736
0.0220169
0.02187
0.050414
4.55849
0.0219737
0.0218538
0.0219384
0.0218226
0.0219582
0.208204
0.0218267
0.0217263
0.021917
0.0220076
0.0222513
0.0221702
0.0216899
0.0265678
0.0219589
0.160033
0.0221778
0.0235333
0.040672
0.0219896
0.0220951
0.0219232
0.0222941
0.0221209
0.0221366
0.0226485
1.63906
0.0220355
0.0217307
0.0499954
0.0220059
1.0658
0.128451
0.0219668
0.0220223
0.0221484
0.021773
0.0220729
0.0216858
0.0219881
0.0428456
0.0222926
0.0216013
3.6594
0.0222046
0.0221107
0.0222076
0.0217938
0.0746832
0.0278039
0.0220775
0.0219454
0.0216647
0.0220388
0.0219319
0.0221094
0.0294064
0.0294395
0.0219789
0.0221539
0.0214604
0.0219811
0.021666
0.0219299
0.0219905
2.88703
0.0234762
0.0219433
6.44676
0.0221484
0.0220935
0.0222932
0.0221168
0.021982
0.021936
0.0221237
0.0221646
0.0220221
0.0218378
0.0222849
0.022142
0.0219058
0.0222937
0.0221369
0.0221759
0.021889
0.0221755
0.0216777
0.0222865
0.0217641
0.0221252
0.0221252
6.36696
0.022072
0.0220277
0.0218196
0.0404809
0.0220461
0.0219068
0.0217865
0.0219255
0.0234156
0.022293
0.0221461
0.0217341
0.0222935
0.0221743
0.0221325
0.0228079
0.0222917
0.0222277
0.0219088
0.022293
0.0221057
0.139236
0.0218626
4.85706
0.0222728
0.022059
0.0305765
5.43909
0.0228566
0.0219423
0.0220419
0.0215814
0.0221143
0.0220289
0.0217193
0.0272642
0.0217946
0.021977
0.022112
0.0429462
0.0236754
0.0218062
1.25335
0.0576906
0.0218929
0.0218411
0.0220576
0.0233286
0.0219017
0.0239788
0.0248055
0.0217704
0.0215132
0.0221357
0.0220253
0.0220875
0.0220765
0.0221868
0.0222497
3.67009
0.0219873
0.0220447
0.0221194
0.0216909
0.0462419
0.0217057
0.0221571
0.0221757
0.0221297
0.0220663
5.82767
0.0412626
0.0218627
0.0218034
1.38813
0.0217544
0.0221241
6.51214
0.238591
7.42297
0.0221735
0.0221685
0.0454418
0.0227328
0.0220056
0.0218453
0.021724
0.0219441
0.0218086
0.021994
0.0329189
0.0221062
0.0221276
0.0218496
0.0215273
0.0219965
0.0217215
0.0218703
0.0221427
0.0215565
7.67084
0.0221787
0.0220196
0.0365271
0.0220393
0.021849
0.0220633
0.28035
0.0218129
5.17088
0.0219734
0.0218233
0.0228543
10.6792
0.0220461
0.0220323
1.49383
0.0221983
0.0233128
0.0220429
0.0219106
0.0363438
0.0216765
0.0305468
8.93641
0.0219309
2.01626
0.0222419
6.77137
1.75077
0.0953622
0.0222428
0.0218887
0.0214056
0.0221282
0.0218382
1.45741
3.03184
0.0216741
0.0221764
0.0733295
0.0218841
0.022236
1.05263
0.0218834
0.0222756
0.0219941
0.0469299
0.116398
0.021846
0.0227197
0.0221472
0.0219875
0.0216888
0.108295
2.01313
0.0237277
0.0259266
0.0219889
4.57306
5.30782
0.0220651
0.0219116
0.0221999
0.0217061
0.0220239
0.0220451
0.0221968
0.0226743
0.0214212
0.0345439
7.09236
1.65752
0.0221446
0.0221826
0.255944
0.0221631
0.0224392
5.743
0.0221558
5.00807
0.0261602
0.0221811
0.0219776
0.0280163
0.0217546
0.243056
0.0222002
5.15205
5.07886
0.0220016
0.0222002
0.0221213
4.90037
2.8158
0.0214929
5.77301
0.0219696
0.0222301
0.0218048
0.0216765
0.219417
0.0277242
0.0218329
0.0221622
0.0247738
0.0218074
0.0220084
0.022223
0.0221429
0.021854
0.0216861
0.0883954
0.0222259
0.0214897
0.0634529
0.022179
0.0222031
0.0221394
0.0221271
0.021457
1.30422
0.022559
0.0270631
0.190881
0.0221906
0.0220931
0.0215861
0.0221728
0.0221909
0.0604287
0.0268848
0.0216659
0.0217315
0.0222036
0.0217434
0.022229
0.026742
0.0219772
0.0222081
0.0221175
0.0222072
1.31461
8.24184
0.0216364
0.0226004
0.0218671
0.0215576
0.0981013
0.0315578
0.022153
0.0221865
0.0217388
0.0219627
0.0220715
0.0219534
0.021455
0.0244591
0.0222436
0.0222154
0.022209
0.022162
0.0219939
0.0216846
0.0221531
0.0217663
0.022079
0.021667
0.0221521
0.0222195
0.0615298
0.0215379
0.0221161
0.0218037
0.0221551
0.0219633
0.0221447
0.0227377
0.186153
10.5658
0.0221969
0.022498
0.0220478
0.0218427
0.0222455
0.0216735
0.0216993
0.0219505
0.0219842
0.0239259
0.022246
0.0221993
0.0219141
0.0219307
1.33246
0.0222327
0.0219559
0.0216415
0.0218404
0.0218029
0.0215514
0.0261246
2.53761
0.0221002
5.45116
0.0220823
0.0223978
0.0221124
0.0217543
0.0543396
0.0222545
0.0220586
0.021932
0.0246604
0.0216627
0.0220271
0.0221844
0.0218975
0.0216656
0.146574
0.0220535
0.0217254
0.0219513
0.0217657
0.0218179
0.164899
0.0218769
0.0243818
0.0221085
0.0220816
0.231858
0.0224926
0.0216019
0.0219359
0.0217762
0.0217974
0.0221722
0.0221188
0.0216741
0.0249441
2.77739
0.0221934
0.02183
0.0215594
0.021881
0.022227
0.0220586
0.0220747
0.0222133
0.101791
0.0214877
0.0218879
0.0214712
0.0436635
0.0222192
0.0221789
0.0218867
0.0221098
0.0222706
0.0216247
0.0216679
0.0218646
0.0216083
0.021866
0.0220259
0.0216281
0.0215915
0.0221653
0.0222272
5.91424
5.53067
0.0220654
3.98637
0.0220312
4.95386
0.0222885
0.0219704
0.0542696
0.0220356
0.0219063
4.91978
0.0218106
0.0217873
0.245889
0.0217704
12.7837
0.0223919
0.0221319
0.022186
0.0217917
0.0216667
0.022499
0.0218048
0.0221585
0.0218524
0.0221559
0.0221369
0.0218003
0.0217784
0.0223009
0.0223759
0.0221582
0.0219024
5.35147
0.0220101
0.0482908
0.0221509
0.0221501
0.0215697
0.0217651
0.0504642
0.0221091
0.282881
0.0217393
0.0221296
0.0219245
0.0217804
0.0220153
0.0221956
0.0293742
2.13626
0.0219447
0.11289
0.0220709
0.0215556
0.0220584
1.36016
0.0219163
0.0217519
0.0223073
0.0219371
0.0652925
0.0314179
0.0220585
0.0219388
0.0218658
0.0219531
0.021736
0.0219235
0.0221654
0.0218585
0.0261609
0.0220587
0.0219571
0.0220147
0.0220847
0.0221518
0.0220897
0.0221311
0.0218767
0.0218401
0.0218368
0.0219539
0.0221312
0.0219693
0.203391
0.0219862
8.03191
0.0217247
0.27617
0.0219854
0.0218556
1.48523
6.22156
0.0218746
0.0217414
1.46802
0.0218997
0.0220588
0.0514477
0.0250592
0.0220876
0.0256824
10.0713
0.0220171
0.033536
0.0222004
0.0220012
0.0221731
0.02209
0.0220332
0.0222657
0.0222425
0.0219986
5.71814
0.0215107
0.0227584
0.0220747
0.0408888
0.0218669
0.0222122
5.1083
1.79294
0.0221373
0.0222074
0.0248414
0.0215287
0.0216944
0.0219222
0.0220603
0.0273105
0.0219121
0.0215119
0.0221164
1.88796
0.0220956
0.022042
0.0308132
0.022079
0.0222228
2.9377
5.08473
0.021494
0.0221888
0.0219079
0.187926
0.0221512
0.0214867
0.0216615
0.0217983
0.0220598
0.0221072
0.0220496
0.0222856
0.0218554
0.0218856
0.0215863
0.0215086
0.0218061
0.0220718
0.02147
0.0293365
0.0217383
0.0222847
0.022024
4.40649
0.0216552
0.0218139
0.0218032
0.0220821
0.0220249
0.0217952
0.022093
0.0222005
0.0220603
0.0221453
0.0216804
0.0220537
0.022122
0.0222182
0.0216314
0.022185
0.0214739
0.021712
0.0218059
0.0219319
0.0221605
0.0221639
0.0221043
0.0218859
0.0219647
2.23398
0.0219325
0.0219644
0.0220022
0.0221262
0.0218847
0.0277903
0.0254623
0.034527
1.36533
0.0673792
0.021979
0.0215001
0.0217161
0.0221768
0.0221966
0.0227954
0.0216986
0.0220901
1.4516
0.0220605
8.99253
0.021535
1.91357
0.0220752
0.0223892
0.0216854
0.0216266
0.022183
0.0215469
0.0219593
0.0219683
0.0218022
0.029878
0.403581
0.0221494
0.0219812
0.0217257
0.0221824
0.0404612
0.0220219
0.0219386
0.0221684
0.021985
0.172411
0.0214457
0.0221854
0.0220322
0.0220417
0.0221675
0.0221885
0.0220616
0.0217658
3.89566
0.0220973
0.349552
0.0300045
0.0219315
0.0218888
0.0218944
0.0219817
0.0234693
0.0222191
0.0222459
0.0490373
0.0220084
0.0221699
0.0218851
0.0485923
0.180106
0.0222255
0.0220024
0.0216836
0.0218639
0.0219832
0.0221818
0.0273843
0.0220695
0.024129
0.0367984
1.75056
0.0219639
0.0219408
0.0219469
0.0318055
0.0399946
0.0221607
4.42043
2.34554
0.0219567
8.79271
0.0219263
3.46265
0.0218893
0.0219433
0.0220665
0.021713
0.0220584
0.0221696
0.0219456
0.0221531
0.0222034
0.0232847
0.0219475
0.0221111
0.021442
1.43846
0.0215849
0.0218429
0.0259361
0.033221
0.0216871
0.0225091
0.0220363
0.0217982
0.0221518
0.0216452
1.47992
0.0220496
4.89433
0.0219905
0.0221348
0.022549
0.0219015
0.0216516
0.0226129
0.0219305
0.0218316
0.0215962
0.0217494
0.0220295
0.0220493
0.0237296
0.0222054
0.0234947
0.0220149
0.0221173
0.0220036
0.0220976
0.0298624
1.85282
0.0220031
0.0215262
0.021962
0.0221391
0.0218374
0.0218573
8.47197
0.0217932
0.0220104
0.0262237
0.104876
0.167928
0.0219376
0.0215168
1.94281
0.0220451
0.0215589
0.0365933
1.59206
0.0218448
0.0219165
0.0219527
0.0216955
0.0220037
6.10103
0.0489853
1.98947
0.0217345
0.0251813
0.0221453
0.0218558
0.0215877
0.0214654
0.0217031
0.0218635
1.52804
0.02201
0.187656
0.0218731
0.0217003
0.0220034
0.0219508
0.0218135
0.0222672
0.0216968
3.33312
0.0222068
5.59705
0.02212
0.0218668
0.0219757
0.0347311
0.0216948
0.0218497
0.0217185
0.0215609
0.046182
0.0237698
1.34358
0.0218937
0.021887
0.0214076
5.58066
2.1507
0.0219088
0.021842
0.0224053
5.89906
0.0218586
0.0217133
0.0222244
0.0216914
0.144114
0.0217751
0.021822
0.463806
0.0219247
0.0219945
0.0219477
7.82633
0.0377764
0.0218255
0.0216877
0.021892
0.0219502
2.75201
0.0218444
0.022118
0.0218093
0.0219909
0.026454
0.0218353
0.0219688
0.0217396
0.0218366
0.0222053
0.0238876
0.0330406
0.021964
0.0218949
0.0220972
0.0221401
0.021937
0.0220643
0.0219716
0.0222265
0.0218434
0.0219045
0.0248128
0.0225644
0.0219444
0.0226144
0.022108
0.0221912
9.64316
0.0220781
0.0226716
9.48296
0.0219835
0.022158
0.0219957
0.795441
0.0215482
0.0234348
0.0434813
0.0216715
0.0222539
0.0221884
0.214421
0.0220584
0.0219453
0.0217969
0.0221109
0.0220079
0.0817242
0.0270136
0.0247397
0.0218723
0.0217331
0.0221933
0.0218482
0.0219956
0.0216305
0.0227117
0.361171
0.0219161
0.0221152
1.99751
6.85377
0.0219628
0.0219762
0.0221029
0.0701951
0.0886289
0.0219024
0.0219198
6.73008
0.0219367
0.0219471
0.0220951
0.0216794
0.0220878
0.0222285
1.29889
0.0221624
0.0221073
0.0219167
0.0218343
0.0221297
4.1646
0.0218875
0.0219038
0.0218928
0.0364083
0.0221979
0.021857
0.0219648
1.87852
0.0216528
0.0221454
0.0218199
0.0222062
0.021743
0.0237631
0.0219631
0.0218595
0.0219038
0.0670756
0.0221498
0.0222083
0.0221453
0.0220641
0.0222274
0.0220686
1.84416
0.0220498
0.0681802
0.0222344
0.021738
0.022214
0.0222051
0.0216382
0.0217186
0.0216738
0.0218162
0.153939
0.0270252
0.0218306
0.0549614
0.0214715
0.210611
0.0221376
0.0217307
0.0216803
5.52054
0.0217294
0.0218298
0.0215424
0.0218305
0.027338
0.0220649
0.0218719
0.0216668
0.0215878
0.0220147
0.0217196
0.0214904
0.797627
0.135933
0.0218184
0.0220648
0.0220628
0.021826
0.0277493
0.0216208
0.0220759
0.0218303
0.0219437
0.0222467
0.0219083
0.0216623
0.0267218
0.03201
0.0221689
0.021821
0.0218007
0.0216058
0.0227816
0.0219304
0.0221142
0.0219605
1.29378
0.0219686
0.0221147
0.0217693
0.0219263
0.0230824
0.0217875
0.0217765
0.0218736
0.021665
0.0214577
0.0326093
0.021823
0.0219632
0.0216018
0.0220388
0.0216562
0.0220576
0.0950686
0.0221875
0.021581
0.0227012
0.0219423
0.0219443
5.68287
0.0217752
0.0218345
0.0216894
4.07128
0.0217461
0.0219254
0.0382217
0.0408671
0.021474
0.0222464
0.0222195
0.0217645
0.0219582
0.0219276
0.021875
0.0417609
0.0227265
0.0221101
0.022121
0.0219863
0.0221025
0.0218331
0.0217228
0.0238899
2.34527
0.021957
0.0219387
0.0219425
0.0216839
10.7041
0.021893
0.0219396
0.0219838
0.0220967
0.0225545
0.0215092
0.0218356
0.0220141
0.0224686
0.0219548
0.0219387
0.0401758
0.0266311
0.0220809
0.0900087
0.0218233
0.0217558
6.26958
0.0218812
0.022037
0.0219225
0.0222002
0.0219586
0.0217568
0.0222078
0.0217951
0.0218086
25.8521
28.6342
26.4474
2.57764
0.0216236
0.021893
0.021755
0.0219094
0.0228498
0.0217769
0.0217225
0.0221445
0.0220763
0.0220654
0.0215255
0.106548
0.0221289
23.7414
0.0221511
0.0221128
0.0221816
0.0879617
0.0217532
0.0218549
0.022129
0.0217563
0.0218775
26.2281
0.0218051
7.62657
0.340671
0.0219445
6.58022
0.0218373
0.0675594
0.0217504
0.0221812
0.070384
0.0239979
0.0220645
0.0221448
0.0218707
0.022064
0.0219023
0.0218494
0.0217547
16.7635
24.3098
29.6767
19.7906
22.9389
30.6994
26.8476
13.9017
21.2186
12.2963
23.9759
23.5079
13.3101
25.9432
25.9049
27.5091
12.764
23.6384
6.48619
21.644
0.0221578
0.0217718
0.0215445
0.0816843
0.0217521
0.0216882
0.0218867
0.0222402
0.0222268
0.0219419
0.0220354
0.0218321
0.0218341
0.0218584
2.63265
0.0220021
0.065511
0.0219343
0.0221395
0.0216486
0.0218903
0.0218382
0.0220253
0.0214434
0.0218452
0.0219297
0.0219171
0.0219381
0.0221823
0.0218628
8.2589
8.79428
8.47997
7.48526
6.05411
0.0219261
0.0222195
0.0777066
0.022181
0.0218414
0.021916
0.0217877
0.022124
0.0218767
0.0773433
0.0220807
0.0218372
0.0218345
0.021949
10.5668
0.0218325
0.0219289
0.0219032
0.0215542
1.412
0.021891
2.02375
0.042293
7.67473
0.0261555
0.0457875
6.46259
0.0220118
0.021729
7.53091
0.194501
1.84939
1.68051
0.0384172
0.0214938
0.0231986
0.0216085
0.0218619
0.0215204
0.0217335
0.0217956
0.0222001
0.0222168
0.0701486
0.027381
0.0219038
0.0217253
0.0220786
0.0222399
0.0231057
0.0219129
0.0217901
0.0263433
0.0217019
0.0218817
0.0217378
0.0218737
2.31405
0.0217716
0.0222395
0.0221793
0.0220902
0.0216403
0.022044
0.0221631
0.0216465
0.0222
0.0219328
0.0216786
0.0219307
3.25944
0.0215037
0.0219612
0.0216091
0.064143
0.0219254
0.021945
0.0222119
0.0218478
2.07585
0.1818
2.07818
0.0216331
0.0218553
0.0218482
0.0218961
0.022132
0.0221373
0.0219691
0.0218397
0.0218821
0.0218288
0.0218445
0.0259998
0.101273
0.0216408
0.021923
0.021929
1.58027
0.0218338
0.842356
0.0226762
0.0218398
0.0218289
11.8992
0.0216661
0.0219342
0.0220977
0.0219739
0.0214372
6.44209
0.0215478
0.0222165
0.0533128
0.0220708
0.0219666
0.0310362
0.0442227
0.0216664
0.0218301
0.0226224
0.0218947
0.0216951
0.0590392
0.0220992
0.0218768
0.0225001
0.0216089
1.62698
0.022571
0.0219735
0.0222355
0.021932
0.0219925
3.2074
5.5634
0.0218554
0.0219504
0.0220933
5.75374
0.0216694
0.0368237
0.0216482
0.022031
0.0216218
0.0218408
0.02196
0.0219547
0.0216702
0.0216052
0.0216752
0.0222186
0.0287144
0.022075
0.0217051
0.0215377
0.0217096
0.0223777
0.0246735
0.0218337
0.0218002
1.88337
0.0218293
0.021423
0.0216874
0.0367471
0.0217766
0.0214881
0.021403
0.05429
0.0220479
0.0217744
0.0220666
0.021673
6.87164
6.48853
0.0247227
0.0214042
0.0222299
0.021769
0.0220858
0.021965
0.0219489
0.0215046
0.0218163
0.0222937
0.0227719
0.0216804
0.0266899
0.0523206
0.0220421
6.43784
0.0220084
0.0221298
0.0217715
0.0221335
0.021657
0.021731
7.05788
0.0228289
0.0215401
0.0217394
5.13335
0.0221449
0.0221826
0.0528515
8.788
0.021932
0.0214911
0.0294169
0.218871
0.0217127
0.0219617
0.0503378
0.0216299
0.0220043
0.0221631
0.0215415
0.0221701
0.0216741
0.021671
0.0220081
0.0215508
0.128124
0.0223
0.0361606
0.0450353
0.0221723
0.0220651
0.184014
0.0214536
0.0220125
0.0216821
0.0220725
0.0214926
0.0218884
0.0257778
0.0220502
0.0221756
0.0220091
0.0219548
6.40538
0.0218354
0.0218904
0.021966
0.251803
0.0217245
0.0221163
0.0222598
0.021925
0.0465959
24.872
24.5955
0.0218439
0.0220358
0.0221951
0.0222485
0.0217879
0.0626967
0.0218837
0.317923
2.05587
0.0468946
0.0215388
12.7019
0.0220809
0.0222603
0.0215424
0.0222319
0.0217553
19.8846
0.022235
0.0426603
0.0478828
0.0214892
1.5517
0.0217315
3.10838
0.0215726
0.0217393
0.02176
2.12876
0.0297208
0.0220398
26.2115
0.027483
0.0220081
0.0216923
0.021964
0.0238314
0.021714
0.0220748
0.0219058
0.0220986
0.0218425
0.0218901
0.0217792
0.021491
0.0222392
26.4327
25.0723
0.0219179
0.0222165
0.0224978
0.0221878
0.0232388
0.0217286
0.0218114
0.0219328
0.0218383
0.0221273
0.0215084
0.125991
5.06752
0.0218253
0.0215725
0.0220085
0.0215052
6.50503
13.5268
0.0216809
0.0237109
0.0222557
0.0218806
0.208655
0.0218809
0.021723
0.0220916
0.0236126
0.0221267
0.0216321
0.0215456
0.0219299
7.75883
0.0219453
0.0255461
1.33698
0.0291906
0.0219708
0.0216606
0.0218806
4.28576
0.0221645
2.77159
0.190738
0.0235679
0.0221103
0.0218749
0.0328658
0.0221384
0.0216392
0.0345114
0.0221881
0.0232933
0.0220458
0.163967
0.021949
25.4011
28.6612
0.0220917
0.0218247
0.0340485
0.0220739
0.0218465
0.022012
0.0221088
0.0218804
0.0219719
0.0216559
3.36939
0.0218399
0.0215499
0.0230632
0.0219208
0.0306122
0.0216891
0.0218845
0.021538
0.0219385
0.0220747
0.021845
0.0218747
0.0218957
0.021873
0.0220259
0.0219887
0.205642
0.0215396
0.0225768
0.0221297
17.3927
0.037168
0.0216578
0.0253643
0.021899
0.0431076
1.48879
0.0231219
0.0219392
0.0852906
0.0218422
0.0221618
0.0230022
0.021883
0.0958859
0.0219256
0.0228303
0.0219683
0.0218495
0.0220907
0.0216576
0.0216717
0.0214946
0.0217003
6.72859
11.5637
0.0303294
0.0216936
0.0221795
0.0506131
0.0216421
0.0220008
0.0218769
0.111246
5.76382
0.0221979
26.8996
0.23125
0.0219208
0.0218781
0.0214819
0.0727022
0.021836
0.0218311
0.0220967
27.0462
0.0634747
0.021907
0.0221469
0.0217848
0.0217699
0.0489505
0.0218521
0.0217401
0.0231904
0.0214906
0.0220469
0.0252471
0.0221221
1.17464
1.78727
0.168571
0.022055
0.0219433
0.0218362
0.0217177
0.0218645
0.120718
0.0218356
20.4801
0.0270994
0.0220051
0.0218048
1.89946
0.0218458
32.2875
0.0883007
0.023559
6.9465
0.0215702
0.022139
0.0220601
0.0218987
0.0221944
0.0437597
0.0243191
0.0802309
26.9821
26.742
0.0221067
0.0221229
0.0342562
0.0239653
0.02194
0.0220217
0.022748
0.0217611
0.0219354
0.119407
0.0219955
0.022075
7.70437
6.14821
0.0219509
0.025661
0.169507
0.0222135
4.82881
0.0224879
0.0475678
0.0219275
12.2183
0.0218227
2.04888
1.47872
0.0215348
3.92964
1.52471
0.170679
0.0222078
0.0215709
0.0349504
0.144345
26.314
0.0218421
24.4138
0.0220101
0.0220775
0.137448
1.23721
0.0219411
22.3501
4.014
0.0215855
29.7353
0.0217906
3.05921
0.0219317
0.0221497
16.6763
0.0220434
0.0218793
12.2516
3.30276
0.0218818
0.0248841
0.022016
8.68648
0.03291
0.0218464
0.0219047
0.021535
0.021726
0.0214391
0.0216756
24.4515
0.0215212
1.28424
0.0220748
0.0218273
0.0218441
0.0220604
0.0218618
0.0221552
0.0220454
0.0225845
0.0784797
0.185037
0.0266812
0.0215742
6.24672
7.07421
0.0219096
0.022174
0.0277954
8.77745
0.0222284
0.0297605
0.541035
3.59585
0.0409767
0.0367688
0.0221752
2.12767
4.96564
1.16659
0.0250203
0.0876236
0.0221523
4.17151
0.0221868
0.0219732
0.0358458
0.0363528
0.0214822
0.021887
0.0218965
0.0220306
4.48759
0.0220926
0.0219376
0.188121
0.021648
1.75481
0.0218736
0.0260334
0.0217536
0.0364924
0.0221816
0.0221324
0.0221534
0.0263598
0.0217876
0.0219132
15.3935
0.0220727
4.39978
0.0219072
0.0219378
0.0220036
0.0217421
0.0359704
0.0218809
0.0219672
0.0221906
0.021854
0.119355
0.0218791
10.2763
0.0280263
0.0218807
0.0217795
0.0218554
0.0220165
0.0219287
1.54812
0.0259274
0.022222
0.13809
0.0224986
0.0220854
0.0220311
26.7362
8.24135
0.0481907
0.790868
3.2022
0.0248487
0.285214
0.0221399
0.0218707
0.0222369
0.0652138
0.0219742
0.0216483
0.105545
0.0269247
2.12053
0.0221571
0.0745002
0.02221
0.0217642
16.714
1.65546
1.04129
0.0219512
0.0218477
0.0219819
0.0216604
0.038445
0.0252349
12.4789
0.0218604
0.0225405
0.0215169
0.0222472
0.0215473
0.0217156
2.23448
0.0219791
0.0224614
0.0221064
0.0321507
0.0219001
0.0479394
0.297937
1.74661
0.0218146
0.183416
0.0267265
0.0224043
0.026993
0.0219386
0.0219125
0.026495
0.022173
26.6735
0.0219231
0.0257638
0.227548
0.021973
0.146073
0.0217506
0.212805
0.0225697
0.021844
2.39782
0.0869366
0.0221493
0.021572
0.0298644
0.0217822
0.0392111
0.0353726
0.0397965
0.022774
0.0218517
0.0219029
0.0217156
14.8572
0.0221912
0.0214195
0.0219284
0.0421456
0.030981
0.0217658
0.0222786
0.0224066
0.0217757
0.022139
0.0220124
0.0220123
10.8778
8.12268
0.0238502
0.022285
0.0222837
0.0980699
0.0217717
0.0221784
0.0837031
0.0222445
0.0232486
0.0216381
0.0220422
0.0217901
0.0215614
0.0219914
1.64845
0.0965018
3.95243
0.0366502
0.0220196
5.20256
0.0220584
0.0217581
0.0219124
0.0792936
2.23393
0.0217664
0.0335109
0.0221882
0.0246085
1.41429
0.0217828
0.0221952
0.0221447
2.24139
27.0874
0.0248959
0.0461089
3.79642
0.0216889
0.0219595
0.0218893
0.0217327
0.0217243
0.0216972
1.70998
2.13795
8.56151
0.0219617
0.0217377
0.0237003
0.0230057
0.0222945
8.03881
7.81784
1.98606
0.0215254
0.0217111
0.0283221
0.0217371
0.0220008
0.0227973
0.0233511
1.94173
0.0221447
0.0217725
0.0218427
1.51874
0.147035
0.0216047
1.59073
1.35763
7.16636
0.0219378
1.73855
0.0537004
0.0222745
0.02176
10.0114
0.028924
1.27682
0.0218508
1.53506
0.0217662
0.0218282
0.0240514
0.0220116
8.29167
0.0969396
0.023936
0.0245554
0.0220805
2.05256
0.508533
0.255747
0.185505
0.0217029
0.0545024
0.0231095
2.25364
1.27807
0.0218557
2.13113
0.021728
1.65453
0.0222015
0.0251042
0.0217001
3.01561
17.2623
0.100002
1.98242
0.0217737
0.0217316
0.0222866
0.0214582
0.0219474
0.0224028
0.0218748
24.901
0.0277579
0.0221721
27.6531
0.0219965
0.022107
0.0217893
1.75165
0.0227114
0.0217561
0.0217277
1.93529
0.0233035
0.0821637
21.1983
0.13171
0.0216978
0.022494
1.37882
0.0303822
25.211
0.0261754
0.0286442
0.0215243
31.6513
0.0397204
0.0490674
0.0221251
0.022274
0.0220857
0.0232304
0.0225601
0.036839
0.108444
0.0215757
0.0215082
0.0215069
0.0216385
0.0217014
17.6273
2.06098
0.136346
2.38153
0.150372
1.49446
0.0220747
0.0221904
0.0216217
0.0216874
0.0222221
0.0265517
0.0219028
0.0234075
0.0215166
0.0223391
0.25461
0.0377247
0.022136
0.0215546
0.022949
0.0221389
0.0223753
0.12412
0.025406
0.0220676
0.021637
1.64947
0.0220936
0.0235804
18.7138
0.0216244
0.0218109
0.0723389
0.0219593
0.0222236
0.0225062
27.2959
0.0216839
0.0223489
0.0226697
0.0230323
0.0232359
0.0230233
0.0217874
0.0274268
0.174236
0.0221932
0.0224298
0.032031
0.043597
0.0217727
0.0223289
0.0217447
0.0221755
0.958664
0.0214766
16.5269
0.0215212
0.0226444
0.12139
0.0753974
0.0268116
0.0305354
1.07692
0.0218389
5.31475
0.0220847
0.0927795
0.0223407
0.0288246
0.0218941
0.0224592
0.0225475
2.62647
0.168603
0.0224168
0.371474
0.0222426
0.0227221
0.0220509
0.370559
0.203342
0.0290276
0.108653
0.303375
0.0242351
0.0220404
0.316153
0.0226514
0.0220189
0.0391727
17.3529
0.445097
0.02882
0.022209
0.0935938
1.5705
0.79092
0.02228
0.0221721
0.0367813
0.02297
0.0215216
0.620387
30.3649
0.0277022
0.182771
0.0267066
0.0220387
0.0217086
0.0218222
0.025439
0.0219308
0.0220783
0.0668671
0.0214644
0.0218276
0.0227283
0.0221919
0.0221927
0.0218506
0.0222635
0.149993
0.0220972
7.33712
0.0227693
0.0218831
11.5696
0.0287422
0.0227842
0.907033
0.0215336
0.0219738
0.0234297
0.0321417
0.0625714
0.0220166
0.0220235
0.0234996
0.0218881
0.0221502
0.0454549
0.0765702
0.0229807
0.222899
0.0221605
0.0221903
0.0214706
0.0232827
0.0662145
10.0322
0.275729
0.0219468
0.0300612
0.0291783
0.070136
0.0277813
0.0260231
0.0247787
16.355
0.0343778
0.0218964
0.0251935
0.0265316
0.0220437
0.0218571
0.0252205
0.0553134
0.119217
4.02748
0.0216224
17.5484
16.6289
0.0233067
0.0224714
0.0217503
0.0224506
0.391121
0.0230918
0.0254428
14.0609
0.101881
0.0214731
17.4265
9.37913
0.0228875
0.0223759
0.023482
0.0245704
5.10871
0.066358
0.0239476
1.51382
2.78621
4.14525
0.0584511
0.0286666
1.048
15.1389
0.0308668
0.396627
0.0220485
16.2949
14.8999
0.0224673
0.022003
0.0220197
0.021672
0.0551938
0.0222112
0.902204
2.18141
0.0225694
0.202377
0.104912
0.0230486
0.0236946
0.0218036
0.035298
0.185416
0.0244598
0.0222957
2.30503
0.0237155
0.0219868
0.0220803
0.021555
0.022063
0.0320562
0.0238843
1.62432
0.0221616
0.023394
0.0219597
0.0484367
11.1034
0.0217576
0.0255321
0.0217442
2.19538
0.0218346
0.0214558
0.037703
0.0219429
8.86475
0.0221606
0.0219283
0.022307
0.0218741
0.0215161
1.96519
0.0397978
0.0559946
0.0758494
0.0220009
18.6703
0.0221562
0.0230028
1.26249
1.03295
5.17708
0.0303936
0.0223963
4.89473
0.0243592
20.762
22.5364
0.0249801
0.0220741
1.56837
0.022421
0.0222194
2.10947
0.129111
0.0259172
0.229751
1.53909
0.024275
0.0218872
0.0220469
2.78769
5.68943
0.0367876
3.40225
0.0713804
0.149518
0.0253637
0.0220084
0.024935
3.92582
0.0275266
0.0243153
3.82753
13.9257
0.0217192
0.117549
8.73837
0.0292323
1.87735
0.0251405
0.0214995
0.0297566
0.0218937
0.0517348
0.0219535
0.134749
0.0215055
0.0219637
0.0214377
0.0220515
0.0220016
10.8993
0.0221618
0.122051
0.0225221
0.0219136
0.0216452
0.0218749
0.0554748
0.0222233
6.91186
12.4636
0.0242119
0.0258261
0.0223099
0.0280395
0.0225956
0.0219964
0.0242431
0.0222289
0.0215987
0.0219398
0.0217171
0.0216999
0.441581
0.0225856
0.0218787
0.0220903
0.0220239
16.7558
16.4216
0.0497276
0.0234546
0.02307
0.156386
0.0219268
0.0220815
0.022271
0.0325126
0.0217638
0.0218478
0.027301
0.0296959
1.58604
16.7396
0.0218587
0.0219367
0.0216783
0.0233731
0.0217133
0.0217554
0.021482
0.0231742
2.37201
20.9924
0.0246643
0.022147
0.0286843
0.0219486
0.0223828
0.0304627
2.02241
25.4782
0.0220355
4.59203
0.0246756
0.0217731
0.0222478
0.0255187
0.0219517
0.0233551
1.23558
0.0218853
0.0218057
0.0215499
0.0232104
5.7949
0.0221088
0.0304908
1.98436
17.3968
0.0251128
11.0428
0.0265681
0.0311139
0.022047
2.1041
0.0221023
1.78702
0.0218811
0.0221129
0.0389742
0.0326225
0.0223904
2.19509
0.0221446
0.0221964
0.0218079
0.0221634
0.021741
0.0240558
0.0253592
0.022302
0.0302197
17.1136
0.0236768
0.962996
0.022201
0.0268712
13.9698
0.027396
0.022738
10.0224
0.0218268
0.0221558
0.022075
0.0226579
0.0348931
0.022302
7.16783
0.0246881
0.0218533
0.0286023
3.52962
0.0221683
0.0224527
0.0223668
1.99683
1.42803
3.69528
0.254789
2.0303
0.0270255
0.147443
0.0261263
0.0281698
0.0217063
0.0222402
0.0240853
0.0222063
0.0222793
0.0216542
5.46339
0.024044
0.0219004
0.145081
0.0221417
1.69579
0.0686703
0.0230162
0.0218883
0.0223593
0.0235681
0.022541
0.0257631
0.0246634
0.0219101
0.0219388
0.021767
0.023555
0.0550053
6.78393
0.0280693
5.23166
4.17219
2.23606
9.59062
0.0227564
1.87217
0.0766088
1.38636
0.0341309
0.0237066
0.0223962
0.0219946
33.3496
0.0254665
2.54105
0.0291461
0.0227999
0.0245474
0.0287505
0.0221785
0.0224287
6.23829
0.0217146
0.025216
21.4392
0.0229206
0.0219553
0.0295309
0.0216939
0.0218719
0.0353507
0.0226144
2.40418
0.0222395
0.151069
0.0226589
1.83791
0.0235339
0.0222199
5.02753
0.0230062
0.19367
0.0216576
0.0225795
5.24151
16.2859
0.0215215
4.1944
1.53485
1.69578
0.165332
0.0258035
0.0217863
0.0267237
7.90746
7.95772
0.0229479
0.0221421
31.5587
0.0219404
0.0655588
0.0228084
0.022123
0.0971927
0.0720395
0.022011
0.0218777
0.0228538
0.0215571
0.0216819
0.04641
0.0265076
0.031388
0.0425198
0.0275888
2.37509
0.037035
0.0320181
8.03337
0.0303828
0.022166
0.187042
0.0291164
0.0242256
2.96292
0.0216721
0.0665749
0.0229119
0.0217067
0.0224113
0.169607
0.021808
9.85129
8.5613
1.52784
0.0217855
0.0214914
0.0309561
0.0220419
0.0871393
17.7905
17.5415
0.022475
0.0218955
0.0266802
0.0331641
0.0283633
5.73126
0.0264207
0.0269937
0.0422305
0.0221969
0.0299041
0.0259462
1.65613
0.0291461
0.0216503
1.58779
1.61446
0.0219315
0.0222003
12.8866
0.032383
1.64812
18.6092
0.0232339
0.0249347
0.0241988
0.0236517
0.0219844
0.0223827
0.0277848
0.0231365
0.0460633
9.41837
0.0220893
0.021927
0.245425
1.48285
0.0221975
0.0222358
0.0218112
0.0306988
0.13168
0.0219034
0.0220773
1.81647
0.023479
0.0222247
0.0219289
1.79647
0.0216463
1.31465
16.9003
0.0217893
0.118412
0.0346943
1.68989
0.0233652
0.0885294
5.61429
6.95543
0.0316017
0.024277
0.0222876
0.0329813
0.0534066
24.675
0.0217841
0.0214833
0.0219746
1.30529
0.0280478
1.7022
0.0219157
0.0711733
0.0359533
0.0326441
0.0221066
0.0676014
0.0219221
0.0831625
8.23
0.0347856
0.021743
0.0221061
1.5925
0.0222273
0.0221473
19.609
0.021668
0.0246328
13.2358
7.90044
0.0216464
0.0230878
0.0220655
0.0289566
4.38336
0.0240128
0.0506414
0.0214733
2.51571
0.0216385
0.14734
14.5849
0.0219187
0.0221993
1.53748
0.0222229
0.0216939
0.0216601
1.76614
3.57532
0.0222874
0.0219284
0.0218153
0.0218314
0.0217429
2.7105
0.021901
16.6625
0.0217367
0.0217057
0.0218573
0.0218218
0.0222801
0.031452
0.0222534
14.9666
15.383
0.0246836
2.20545
0.165007
0.16359
0.0249832
0.0218898
0.0330792
0.179347
0.0219568
0.151888
0.0216693
1.84366
0.0222746
0.0218954
0.0253888
0.0269869
0.0241437
0.0216426
1.66012
0.0230584
11.39
0.110081
8.89681
0.0220423
2.04504
0.136633
0.0222162
0.0933006
0.133871
0.0254878
0.0318252
0.0214885
0.0763501
1.84831
0.0218977
3.62321
0.0221131
0.165569
0.0219247
0.225025
1.73982
0.0230737
1.81862
0.0215575
0.0232656
0.10662
0.0350801
1.86567
0.021906
0.0234205
0.0348887
0.100765
1.2966
0.0218888
0.0218788
0.0219687
2.30706
0.0244325
0.0287087
1.74884
0.0225778
0.023153
0.0214372
0.0400992
2.99357
0.0659114
0.0320285
0.0221454
1.12964
3.62259
0.0223367
0.0280692
0.0219038
0.021787
0.0222077
13.8041
0.0675167
0.0622969
0.0383048
0.0216133
20.6954
21.6451
0.0222246
0.0237983
5.54529
0.0244302
0.0232454
0.0217223
0.0258242
0.0217676
0.0222483
0.0313156
0.0251841
0.0224997
0.817471
0.021992
6.92877
0.0946324
1.39716
0.0636785
0.0414286
0.0215238
0.334615
0.0334154
0.0222397
0.0218899
7.51362
0.0215098
1.28408
2.01133
4.1862
0.0391005
0.0259356
0.0264119
0.0223784
0.0221657
5.69606
0.0217954
0.077559
0.0218964
15.443
0.021896
0.0217771
0.0242108
0.0223525
1.79188
0.0268005
0.0487823
17.4685
0.0555196
0.0269744
8.32407
0.0219172
0.0233356
0.222795
6.05211
2.24123
0.279812
0.0218999
0.0221517
1.81409
0.0278332
5.35173
0.105452
1.10578
1.58967
0.0220207
1.3953
0.0893622
0.0216686
0.254995
0.0220834
0.0332755
4.18449
0.022072
0.0296284
0.0221462
7.83553
0.0230533
0.0221395
0.0218693
0.022016
2.55763
1.80103
0.838141
1.65858
1.73187
8.415
0.0289506
0.0219192
0.0274149
0.0216403
0.021474
0.998297
0.0219667
13.9293
0.0308168
16.1607
0.0252106
0.122084
0.0716848
0.0220317
0.0216392
0.0217022
0.0297743
0.022295
0.0338925
5.17946
17.4207
0.0225759
5.19324
0.0218388
3.45088
0.0222395
0.10932
10.8688
0.131719
11.37
0.0221019
0.0219921
0.0444507
0.0219371
0.0288828
5.46416
0.128244
4.9107
0.0399203
5.03037
0.037231
2.69117
0.0214233
1.47933
0.0345986
0.0219552
0.0221935
0.0233992
1.55466
0.0303418
0.0216159
1.00793
1.6551
0.0225107
17.1236
0.0222303
0.0326767
0.0220206
0.0403493
3.83764
0.0361585
21.1247
5.48821
0.0223803
0.0219721
0.0389405
0.111789
0.0591184
1.94591
1.2682
0.0222526
5.05684
0.021939
0.0216968
1.94453
0.192365
4.57271
0.0304376
0.0218973
0.0580769
1.59646
1.28319
5.20231
0.428676
17.5718
1.26519
0.135509
0.112846
28.0946
16.9415
4.13926
8.93379
11.2353
16.9035
16.5259
0.0216532
3.1712
0.0215116
0.0309642
8.6317
0.0266061
0.0279239
1.64509
0.0361328
0.0273386
0.0222812
0.0376523
0.104269
0.0370754
0.021999
0.0222631
0.0229586
1.14289
0.0220226
0.125331
0.0220583
0.0222762
0.021473
0.0224957
1.6604
1.90779
0.0303576
9.26003
0.0221926
9.76771
0.0216558
0.0219317
0.140669
0.022016
0.0221393
0.0221748
0.0649027
0.0261941
0.0488636
0.0219481
0.0220552
0.0397924
1.539
1.52426
0.071521
1.98174
0.740597
0.0219396
1.31051
1.3917
14.3824
0.0219938
0.0222382
0.0229385
0.265935
0.0219773
1.26344
0.0219337
0.118221
0.0220193
6.599
0.0224367
0.092491
0.0256068
0.0221917
0.022415
0.132241
0.0237479
1.72468
1.4191
0.0218942
0.0217028
1.63549
0.113333
2.05376
0.0222262
0.168432
0.0223808
0.0216016
0.0899536
7.88975
0.123965
0.0415537
0.0227086
0.0279985
0.03972
0.0221264
0.373815
0.0231568
0.0391492
0.109778
2.60533
0.0383921
0.0220787
0.021768
9.27754
0.0227764
0.0376679
0.021786
5.6585
5.28074
0.0220445
0.0217068
0.234339
6.46568
7.11583
1.40042
0.0231622
0.133699
0.0510804
1.51675
7.15531
0.0270475
0.0241436
0.027986
0.106353
0.0222273
0.099539
0.0299445
0.121063
0.597965
0.0216551
0.022476
0.036948
0.0219318
7.04026
0.0218413
0.0219958
0.737245
0.107647
5.95622
0.0266219
0.153882
0.0390933
0.0219151
0.0328383
0.0240606
0.057932
1.63101
1.98359
0.023038
0.0215238
0.0630123
0.0868501
0.0247022
0.0256866
0.0225352
0.0214025
0.055994
0.0771847
0.0219934
11.0184
0.0220589
3.04314
1.75507
0.0222939
0.0375992
0.0226753
0.024698
0.0492825
0.0628452
0.0233008
0.0222882
0.102774
0.0218208
0.258535
0.0216663
1.46813
0.0379333
1.44073
1.47105
1.38778
0.0790611
0.0214633
1.32522
0.021428
0.0232977
0.0221847
0.0224747
0.0335676
0.0232841
0.0370177
0.022288
0.199669
0.0577603
0.0966833
0.0654046
1.59157
0.0218735
0.0370893
0.0218215
0.0221818
0.0217942
0.021876
3.69183
0.0225822
0.02223
0.035281
0.228462
0.0504751
0.0219233
0.131137
0.388394
5.67236
0.0254345
1.90985
1.8158
0.0220082
0.023779
0.0819265
0.0697598
13.2082
0.15034
0.0220868
0.0507098
0.0215008
0.158255
1.07017
11.0707
0.227077
0.0218515
28.322
0.0218117
0.0218053
0.0263191
0.0584395
0.0426287
0.11694
0.0383663
0.0214916
15.4691
0.0704363
6.63762
1.99386
1.48216
0.0293889
0.0237783
0.0229849
0.0231719
0.0219903
0.0262205
31.3719
14.7326
4.486
0.316455
0.394973
0.0219902
0.0220418
0.0233694
0.0255114
4.89975
0.0233487
0.0222381
0.0217382
0.0217483
0.0215878
0.0400374
0.0346326
0.0218954
0.028801
1.87305
7.99388
0.0378917
5.80905
0.0218687
6.45032
1.90398
0.133554
0.0217909
0.0218665
0.0221966
3.52126
0.0276387
0.0294817
0.0475033
0.372413
0.0426727
0.0222869
0.0221489
0.0757629
0.0220087
0.115015
0.0259566
0.0323078
0.0217433
1.2846
0.0344056
0.0219503
4.75421
0.022286
0.130997
0.0223031
0.0220344
1.32972
0.0603442
0.0457434
0.0219063
0.0217705
0.0217144
0.0216116
0.0222696
0.112607
5.64619
0.294033
0.0468217
0.0897258
0.0217909
0.121299
0.0222785
7.82002
3.48505
0.0267966
0.021887
0.0218233
1.96533
2.13669
0.0248272
0.158711
0.0337821
0.0222265
1.68029
0.0221918
0.105054
14.2518
0.0225215
9.9755
0.0214065
0.022745
0.0441426
31.0283
0.0217748
0.0247311
10.9456
0.723501
1.27006
0.0217281
0.0222212
2.77563
8.18135
4.88759
15.2964
0.0594221
0.0221965
0.0218182
0.0225877
0.0217
0.0221569
3.66138
1.56619
4.19913
1.9484
0.0215165
0.0216778
2.25739
0.0294824
0.0225631
0.021724
0.0221309
1.32838
0.0468973
1.87937
0.0222322
0.0219939
0.0222197
0.040022
0.0260381
0.0232535
0.0257056
6.81843
1.65796
0.0236316
1.29082
0.0220753
0.0221319
0.135681
0.822842
0.0214553
0.12957
0.0219409
22.5882
0.0220478
0.874617
0.0222953
0.0385519
0.0218019
0.0225784
0.0235647
0.132892
0.0718083
1.54888
0.0220204
0.0221983
0.0215294
16.0551
5.83462
0.0248379
0.148465
0.0893218
0.0236534
0.0279054
4.18342
0.0466323
0.0215636
2.55298
5.88181
0.130816
0.022274
0.0217091
0.0222137
0.0220202
0.0512954
0.0222714
0.0221666
0.0278526
2.01986
0.0222492
14.4522
7.36606
2.97591
0.0864244
6.90234
7.3202
2.81054
1.24235
1.4109
1.20466
0.0745583
0.152052
0.021826
0.711167
0.021974
18.3969
2.35756
0.0214745
8.4071
0.0464195
0.021712
0.157118
1.70413
0.0217909
0.0712678
0.0218321
1.41598
5.17593
5.77733
0.0220614
6.78845
4.86646
9.30674
0.0589258
0.0456514
2.92814
0.0215085
1.44537
4.54913
1.88962
0.0220849
0.0264119
0.0216291
17.2513
0.0220447
0.800367
0.0400725
0.0298339
3.23582
0.0252583
0.0221946
0.0219674
0.0220443
0.0225497
10.1554
0.0218941
0.0283334
17.7169
5.60356
0.165504
0.023069
0.0369564
1.55506
0.0216032
0.0225097
0.0244896
6.88258
0.0257122
0.7263
0.0222315
0.0216211
0.0828133
0.0485134
0.0402874
19.0848
0.0217428
1.54718
0.0266221
0.0220293
0.0542712
0.93015
0.0220754
18.3179
0.0297558
0.731314
1.86281
0.189981
0.0219097
14.7897
7.43696
0.0345421
0.0275571
5.02805
0.356509
0.0219132
0.0218379
2.65913
0.0217107
0.0215946
0.0233084
0.130664
1.66588
0.021576
0.0392112
0.0823225
0.0912823
2.73015
0.0219306
0.0222776
0.0219233
0.0222659
7.71986
1.30895
0.0516078
0.0219568
0.0214376
0.148861
0.0220971
0.0257283
3.40933
0.022528
0.0251868
1.88822
0.021825
0.0220357
0.0288979
0.0221799
0.0219056
6.22359
0.0809833
0.119305
0.0222113
0.022997
0.0453419
0.057068
0.0222235
0.0491679
0.0215086
0.0258248
2.60804
0.0225733
9.56249
0.0214638
23.6016
1.64818
0.0217905
0.0289913
3.42709
0.0263522
1.69001
6.63418
0.022295
0.0393739
0.0218177
2.90503
1.22263
0.0220769
10.9477
0.0222977
0.0218044
4.63637
0.114927
0.650814
4.67386
0.141062
0.0217002
1.70638
0.0218492
20.6581
0.0225568
0.113529
26.6132
0.0222454
0.0217374
0.0407253
0.0215438
0.536559
6.27003
0.021842
0.0216614
0.0217547
0.0216855
2.31779
1.11305
0.0415457
0.966657
0.0289754
0.0273431
0.0244522
0.0336889
0.0303059
0.0215409
0.0223603
0.0216689
0.0218349
0.0253928
0.106121
0.0222522
0.373308
7.63692
0.0216817
2.12857
0.0216117
0.826082
0.0228373
1.27978
3.34874
0.0221627
0.269782
0.0222863
0.74726
0.813875
0.0221726
0.0222689
0.0998505
0.0323846
0.0222253
0.0453003
11.5716
0.0222833
41.5604
0.0234085
0.021877
0.192707
1.79203
0.0235025
0.0218877
0.0287581
0.0220817
0.0424847
0.0217436
0.0218864
0.0214994
0.0222388
1.76642
0.0281442
0.0222286
0.0217497
0.0283834
1.53138
2.97115
0.151004
0.0216956
0.309618
0.0445947
0.0214363
0.022011
1.84297
0.0222509
0.0217632
31.8257
0.0321322
7.14604
0.0229819
0.0492967
7.0768
2.20232
0.804746
0.0218426
0.0817693
0.0221629
0.0231705
0.0216568
26.6405
0.0597766
0.0217903
0.811142
2.62932
1.29855
0.0219948
3.34041
0.0226225
0.0223243
0.216605
11.5654
0.0271329
7.36849
0.0906058
6.8655
0.021669
0.0317001
0.0759764
0.0220864
0.0222065
0.485546
0.0395396
12.0658
12.5041
0.0218089
17.5796
0.0262521
7.50526
0.0221805
2.16776
1.29294
0.0933703
0.0222197
0.0219246
7.21404
0.0220738
0.0216185
0.183742
0.0325773
0.0219193
24.758
0.0219576
0.0217633
0.0221818
0.0221907
0.0216274
0.0219371
0.0216393
4.93264
5.92131
0.0225898
0.0215898
0.0219954
0.0218795
0.0291495
0.0217679
2.4318
0.0343827
1.603
0.0313005
0.0299483
3.11201
0.0218359
0.100702
3.44877
0.0261476
0.861483
8.42964
2.38155
0.0214209
0.0220462
0.0218549
7.82504
1.15832
1.91103
8.02192
0.0340318
0.021813
12.0805
0.0312616
0.0223368
0.0218996
0.0223374
4.65833
0.0367686
0.251292
0.0219059
0.0221949
4.52176
0.0216811
0.0233087
0.021816
5.20962
0.0216161
0.0218297
0.079934
0.0222164
0.0221716
0.0255853
0.104569
0.039452
0.768015
0.0899369
0.0222462
5.5176
0.0342376
0.0217881
0.0220039
7.54324
0.021984
10.6295
2.04652
0.0216414
5.29592
0.0218083
1.43503
0.687193
1.67599
0.0516265
0.221201
9.84555
0.0390052
7.49346
0.732295
0.0219289
0.0217772
0.0605898
0.0776591
5.9684
0.0289285
0.0294991
0.0219981
0.0229374
0.0218707
0.033501
0.048436
5.44302
0.0516921
0.0222004
3.11959
0.0428941
0.022079
0.0219278
0.0218707
0.0215552
0.02347
0.0222314
0.0490752
0.0345879
4.18537
12.042
2.37303
0.0217455
0.0218646
0.0407754
0.0272964
0.0217538
0.0267232
0.0216601
1.36765
0.021956
0.0832745
7.52541
0.0222122
0.0220158
0.0218778
5.23135
0.0871809
0.0624809
1.26506
0.0219088
0.0236485
1.54835
5.53437
0.022231
13.6923
0.0229364
0.0543945
1.81948
0.0218706
0.0221487
0.0221283
1.83083
2.85442
6.74016
22.8573
0.0222515
0.0220648
0.0219704
0.101392
0.0221513
0.0217252
0.0224203
0.0217719
10.974
0.0222927
0.0222917
1.87023
0.507472
7.67713
0.027391
0.0307695
0.0349252
0.225093
0.131843
1.4059
1.54824
0.562369
0.0218356
1.44599
0.0217459
0.0251659
0.0221204
5.32412
0.0215554
0.0218165
0.0221081
0.0222762
7.81802
0.0228321
0.022294
0.312952
17.6105
0.0218685
0.0217676
0.0770396
0.0217132
0.0221561
0.0218226
0.0218951
0.0366684
0.144107
0.0289376
0.3179
17.287
0.0257493
3.55425
0.133275
0.0313969
1.7155
0.0216779
1.68875
4.26894
25.9869
6.00101
1.27063
5.59158
0.0356725
0.0219236
0.0233361
0.02187
1.52078
0.0219269
1.2736
7.94733
0.022181
6.4699
0.0735266
0.021748
24.2866
0.122012
0.0214727
13.6514
0.022625
0.0345887
5.91541
0.0239315
0.180166
17.3803
0.0216043
1.2745
3.09062
0.0220808
11.3543
0.0217156
0.0531028
0.0220217
0.0218778
1.25432
0.0218158
0.0220133
1.30663
18.2864
4.13747
0.021928
2.33788
1.28462
0.130582
1.46165
0.02171
0.0218465
1.60389
0.0217631
0.0217468
0.0222106
0.0223003
1.29207
21.3612
0.0466013
0.0216549
0.0295904
0.0219635
9.50539
0.0221639
0.0257531
8.67447
7.54959
7.63586
4.96285
0.30433
0.0219062
7.43062
0.0218454
8.84884
8.92104
0.16667
0.0224236
0.0221567
0.515491
0.0218215
2.35485
0.0217806
0.0215508
0.0216072
7.14962
1.71372
0.0218652
0.0214207
0.19609
8.33283
7.40537
10.5418
0.0219068
8.96834
0.025885
0.0220787
0.0324881
7.03196
0.0219333
0.0228084
0.0219272
7.30401
3.03787
0.0219992
0.0220797
5.99659
0.079933
4.39662
8.67803
0.899102
0.313284
0.0585645
0.021921
15.836
0.0218114
6.55284
0.0221799
5.40843
0.0218461
0.0501782
0.443124
0.282872
7.7782
0.0219002
0.116387
0.0257639
0.0219551
0.0605447
0.0219284
0.0453813
0.0221368
0.0218763
0.0220782
0.0510839
0.0281949
0.0214392
0.0220287
0.0217237
0.0983222
0.022131
0.0598782
0.0217069
0.0225925
1.55085
0.0236494
0.0752153
0.121121
0.0217546
0.021822
35.3896
0.116253
0.0216715
4.93188
0.0216571
0.0219351
6.54013
0.0214158
0.0222005
0.0423706
0.0224799
0.188215
0.890836
0.760579
0.0900447
0.0221436
11.8372
0.0222944
0.0222785
0.155402
0.0245177
32.8332
0.0219059
0.0215551
0.0221314
17.7076
18.9165
0.0218165
0.0285517
0.0222486
0.0625056
0.0217037
0.0219046
10.9778
0.0222502
0.0218711
1.72821
0.022492
1.36225
0.0219407
2.3475
0.0219483
2.79301
0.105938
0.0221926
0.0219571
0.0222507
0.0225991
6.8288
0.0365556
0.0549666
8.80666
9.34907
0.0219721
0.022539
5.01486
0.0960538
0.0224136
0.0220777
0.0219422
0.0560526
0.0396588
0.110362
0.030526
0.0216802
0.0219778
11.1023
0.0222572
0.0218536
0.0251822
0.0336426
0.0219961
0.0219405
0.0243363
0.0442674
0.0216703
2.57708
0.0217507
0.262363
0.02142
2.47688
0.0216175
0.02398
6.1166
3.90367
5.6563
0.733382
3.15349
0.0219475
6.53007
0.0217124
0.0216784
0.0404978
2.70924
6.95958
0.0216007
1.42996
15.781
1.2866
0.0222639
0.0217821
0.0217502
0.0224128
1.48452
0.114774
0.0748701
0.736674
0.0222171
0.0214359
0.0216614
0.0218266
0.266825
8.95891
0.0220845
20.9467
0.139062
0.257643
0.0622802
5.07214
2.18621
0.02174
0.0219933
16.8653
14.2995
2.68204
0.0221798
0.182691
14.9372
0.0215497
0.0221924
17.7531
0.0216744
0.137371
0.136047
0.0231091
19.318
0.0219324
0.0737395
13.7793
0.0280567
3.29957
0.0219337
2.65768
3.67499
0.0218624
16.9437
0.0216993
0.0297846
0.0219056
7.65571
2.74825
0.0285893
0.0215345
15.2292
0.0222875
0.0214687
0.0218801
0.0285643
2.48948
0.0215007
0.0232515
0.0217655
11.2582
5.49023
0.0234149
0.185907
0.566997
0.134009
0.125078
0.0221998
0.0534884
0.0283123
22.9913
0.0242354
0.0239138
14.445
0.0346382
0.126392
0.0287584
0.0220434
3.04188
0.0219664
0.0219889
0.021758
1.95942
0.0219369
2.382
0.0221268
1.46493
0.0220485
0.0345326
5.5448
1.91955
0.0217104
0.0222619
0.0221311
3.8029
0.0216554
1.42198
0.182087
0.893258
0.0219514
0.0215124
2.3772
0.10149
21.4413
0.0329975
22.6797
0.0304972
0.0220342
0.0219481
0.0771108
1.47704
0.0218948
0.0349226
0.0218997
1.33031
0.021865
0.134885
3.81825
0.0217187
0.0214556
0.0852476
0.0217809
0.390097
21.2227
0.0222244
0.491061
0.268965
0.0498422
0.0215934
0.021811
0.0438228
0.0399949
0.0263057
0.055518
0.2971
0.0220234
0.0312496
0.0508613
0.0217906
0.647011
0.0227348
3.86538
14.8554
0.022109
0.0229812
1.69676
16.436
6.55771
4.29635
0.0217413
1.29117
0.626226
0.021686
0.0274875
0.0218444
0.021989
0.0216558
0.0220039
0.0225425
0.045013
0.0215859
0.0230288
0.0287564
1.74413
0.0222168
4.66332
5.29474
0.0216407
0.0220925
0.0220648
0.0220979
5.21142
0.608277
0.0221987
0.0218598
0.0219578
0.0222692
0.0219658
0.0249562
0.0217409
0.341949
0.576055
9.34268
0.0284697
0.0221382
0.027703
0.0245278
0.0220044
0.132689
0.0222457
9.67435
0.0319309
0.272095
0.0222876
0.022015
9.73587
0.021921
0.0578225
0.0220605
0.137209
0.0883281
0.0969501
0.022174
0.0248954
0.67733
0.0218701
0.0222151
0.0242861
0.0220766
0.0217368
3.02028
0.636956
0.02175
0.0218125
1.94518
0.136874
0.0218592
0.0219794
0.0567583
0.0227934
0.0287308
0.981009
3.47021
0.0234007
0.0569707
2.35941
0.0219299
0.0221935
0.0219489
0.0217514
0.0218584
1.45306
6.7312
5.83284
0.0251606
0.0397295
0.0219067
0.0222595
0.0276454
4.01685
0.0544255
0.0274424
0.0627581
0.0850486
6.09241
0.0219969
0.63491
0.0457146
0.523029
0.0376052
0.0217688
0.692219
4.11063
0.0352986
7.6321
1.00473
0.0217186
0.061528
1.7349
0.021566
0.0222328
13.3276
5.63469
0.0214858
0.0218362
0.125173
0.0215912
5.49052
0.0216612
0.02187
0.0220985
1.3893
0.0309965
0.0818997
7.1539
0.084927
0.0305926
6.30042
0.0216738
0.0216605
0.0218913
0.198843
0.74653
0.0535455
0.0250491
0.021848
0.0218778
4.72366
0.0219242
0.0220051
27.1457
12.5825
0.449134
0.0220084
2.91871
0.0219217
0.0220478
0.290467
0.48469
0.0219616
0.955516
0.0219194
0.0230653
0.028508
0.0238651
0.0218512
0.0215996
6.18561
5.69067
0.0217262
0.0216554
0.172641
0.0321288
0.0220805
0.0274061
0.0223857
0.0218092
0.0426629
0.0216764
0.0222579
2.80291
10.7407
0.0270329
0.021958
7.11988
0.0214046
0.0217277
5.42437
0.0220235
3.37676
0.201094
0.027532
6.90246
0.0219098
0.0218367
0.0218963
0.0218089
0.23288
0.0291705
0.0219268
0.0218762
2.94468
1.46405
0.021754
6.14508
4.98617
0.0219691
13.2412
5.88548
0.0287423
0.0220139
18.6241
0.0220218
0.0218708
0.0218568
0.0218222
0.0220675
0.0880957
0.0930141
5.69503
0.0222502
5.33738
0.39748
5.11071
0.0220712
0.350735
0.0217277
0.0304139
9.51428
0.0219296
0.0804712
6.56445
0.0268964
0.0418792
0.121466
0.0214652
0.0218339
0.0573482
0.0220001
5.28889
0.533204
0.0221651
0.0219451
0.0282023
0.0221496
0.0511581
0.0221314
0.327261
0.0218714
0.0218149
0.0629341
0.0333155
5.19729
0.131341
0.0234939
2.29131
0.0945034
0.191544
0.0222136
1.07175
0.491351
0.0221124
1.28371
28.8337
0.0217672
0.0222945
0.146048
0.110038
0.0218189
0.0457025
6.33941
0.0214765
0.0221542
0.0465381
0.0222185
0.0583043
0.0220879
4.22292
1.74198
0.0426944
3.00175
0.0215195
0.759973
4.65829
5.21685
0.033501
0.0217638
0.0230394
0.111086
0.0220856
0.0216434
0.0222491
0.207375
0.0219166
0.0216921
0.0222665
0.0214752
0.0227538
3.46528
1.2187
0.0221999
0.0218132
0.0218575
0.0220239
0.223254
0.345369
5.33219
0.0791778
4.96784
0.0220142
10.2014
0.641225
0.0298961
0.0220627
0.0390524
0.0220202
0.0219171
0.0214864
0.0887716
3.42588
0.02185
0.130986
0.0961476
0.0349183
0.0221473
8.82167
0.0221599
0.024208
0.123609
0.367531
0.0223953
0.0220773
0.0216195
0.0235385
1.78005
0.0225306
2.37931
0.0221564
0.0218929
1.28852
0.0230394
0.0219517
0.0222359
7.91344
0.0222174
0.122949
0.0325024
14.6924
0.115939
7.21515
0.0218778
0.022628
0.0217011
0.0218188
0.0281022
0.0220996
0.0219283
5.71369
0.0222855
0.0224401
8.41597
3.14873
0.0218519
0.0617507
0.0217324
0.0214777
0.0232725
0.0216531
1.53198
8.57765
0.0214477
0.0221619
0.0782941
1.97
0.022024
0.0562764
9.82564
0.022074
28.1493
0.022841
1.47716
0.0222232
0.949273
5.54096
0.0218352
1.26099
0.0241203
0.0216532
0.022028
1.36429
3.36041
0.0648616
0.0221726
4.86543
0.0219967
0.0230098
0.0219357
14.5964
0.098726
0.045424
11.9983
0.0218187
1.50186
14.2242
9.22889
5.09069
0.0375923
0.0370306
5.8016
0.0219878
0.0230439
0.0793424
1.8276
0.0214577
0.0222853
0.0219011
0.0219544
0.0219844
0.0345465
0.414808
0.0218503
28.0172
0.0219076
0.0233519
0.0220366
0.0567187
1.8423
0.0221655
0.0217276
0.0562283
12.6389
1.39755
14.0458
0.622839
0.0218746
0.0218563
0.021503
2.06252
0.022809
0.022101
21.04
0.0220006
0.120478
11.8389
0.021959
5.7169
3.27263
0.902655
0.0546736
0.123279
15.6247
0.324482
0.0219135
0.0216553
0.0367388
0.0224281
0.054131
27.9638
10.8289
0.0308018
5.48642
1.16617
7.43906
0.0214524
0.0221803
0.0219441
0.0217108
0.0220851
1.47595
1.54702
0.0220832
3.3346
0.0220793
0.0219156
0.486794
0.0217858
0.755288
1.30119
9.45131
0.0217387
0.0218694
0.022247
0.0222439
9.74943
0.0219687
0.0268797
0.0223767
0.112217
0.0243196
0.0222335
0.0219422
4.64618
0.021672
0.61111
0.021874
3.16706
0.0220289
0.0219526
0.0232462
0.580374
0.0216883
0.0220833
11.2901
0.0219154
0.0391323
0.280412
0.977761
0.0390202
0.0217627
0.0219287
0.877393
0.0295537
0.021699
0.103303
0.15038
2.26479
0.0219667
0.0220113
0.0219321
0.0217541
0.0220396
0.0224839
6.09278
0.022943
12.6117
1.4123
0.0430237
0.023046
0.0218631
0.613875
5.49795
0.021724
0.0220755
0.0927972
0.0222745
0.0231054
8.18508
1.69576
0.0218884
0.690749
0.0228364
4.43632
0.0217114
0.0220181
0.0218981
6.12957
0.0216455
0.0218977
1.46814
0.021856
0.0360753
0.073635
0.0219122
12.5926
0.0274815
1.93266
1.25186
0.0219452
0.0222535
2.54293
0.021846
0.0221014
0.0219742
0.029925
0.0220743
9.94916
16.5075
1.92405
1.82438
0.0217122
3.91151
0.0218638
1.8156
0.0273249
0.0297938
0.0220287
5.89634
0.0220586
0.0228713
5.04169
0.0217365
0.0422242
0.0357026
0.0222791
11.8058
0.0217406
4.34567
0.0282267
0.0219799
0.0218537
0.0214658
1.39023
0.02175
1.25409
0.0222666
0.0251776
0.0239617
0.0263219
9.01229
0.0220934
0.0245976
0.172254
0.0538485
0.154235
0.0220649
0.0218665
12.6197
0.021447
8.42407
0.0315455
0.0218617
0.0219023
9.03695
0.363806
0.0221522
8.51587
0.0218304
0.0231302
0.021826
0.0599358
0.0236802
0.0570911
4.06853
0.0218925
0.0217205
0.0219324
7.03502
0.0218818
0.0225498
1.31979
0.0218759
0.144171
0.022023
0.0280385
0.0220418
0.022292
0.0223735
0.206418
0.0337443
0.0218061
0.134448
0.022106
3.97871
0.0219656
0.149489
0.0219408
0.0219089
0.0219337
36.2793
0.0276213
0.0224111
0.37398
0.0222135
0.0303462
0.0227821
0.025372
0.0222729
0.0218947
0.0221629
5.58306
0.0219767
0.0218268
1.66195
0.0220041
0.0217688
0.0219778
1.39552
0.0222055
0.0550933
0.0292973
0.529001
0.0222112
0.0471575
0.0217301
0.0222966
0.0281193
7.89169
0.0222927
0.0216893
0.0219212
0.185455
1.9185
0.0226178
0.0218544
0.0219182
4.77413
0.0216239
0.0351035
0.0435027
6.77918
0.0222948
0.0216909
8.13513
0.0225689
0.0526474
0.0304834
0.0214613
0.0416098
0.0219803
0.0283879
0.0215193
0.0217578
0.0219331
13.6218
0.0220105
0.549738
0.0216904
6.45363
3.69896
0.216134
0.0220095
7.2474
0.417405
0.0321857
0.0219969
0.0312593
20.8308
0.0220837
4.55336
0.0222559
0.163845
0.0255422
0.022215
0.141264
3.4796
0.0218292
0.0246968
0.0219232
0.0340908
0.0218538
0.0217224
0.0220395
3.29405
14.4984
0.0222912
0.0219318
0.0219667
1.33192
0.0219364
0.131878
0.022102
2.31372
6.22091
6.07592
0.0444728
0.0222519
0.0220898
7.5729
0.0219674
0.037361
0.0222661
0.0355666
20.5111
2.97549
0.0222869
0.0216714
0.0321283
4.52724
0.0682905
0.0218117
4.60311
21.3456
0.021618
1.16098
0.0215175
0.046099
0.0219369
0.0226511
0.0222856
0.0356172
0.0219906
0.0215083
5.86168
0.0243459
0.022767
1.31048
3.32423
0.0220302
5.18083
0.0220995
6.41254
0.0242586
0.0215248
0.0215896
0.0220155
0.0264131
0.417772
0.487449
0.0220047
0.0227017
5.11476
0.0220405
0.0216275
0.02186
0.0219855
0.396458
0.0219271
0.0216239
0.0216406
5.25321
0.0222667
0.0219275
0.0216557
2.31334
0.0221641
4.64708
9.76191
0.0219091
6.24715
33.7872
0.0221662
0.0587355
0.125707
0.0215775
0.0216973
0.0231655
0.0220123
4.3142
0.0267071
0.0221364
0.0216505
0.0218897
0.0220289
0.0218543
0.0222293
2.85714
0.0216599
0.0218578
0.0268012
0.0219291
1.36749
0.0218759
0.0220549
0.0221212
0.0221433
2.49448
4.49193
1.32318
2.04341
0.0224337
8.41389
0.0218537
0.0216194
0.254385
4.49522
0.0222142
0.021983
0.0864604
0.149492
5.14664
18.6251
0.0461613
2.07152
0.0229339
6.18847
0.0219038
0.0260553
0.021864
3.74459
0.021945
13.5444
0.0222535
0.0243374
0.0221464
0.0227584
0.455586
0.0216192
0.0214907
2.65624
0.0570167
0.0222464
0.0216481
0.021614
0.0228718
0.0222551
0.0222555
0.0218751
19.7718
0.0218213
0.0224782
0.0222552
0.0216137
0.0216969
0.0373097
0.0222971
0.0399234
0.0221652
5.18727
0.0217241
0.102341
0.0731153
0.0218051
0.902625
0.0214763
1.83724
0.0220441
0.022018
0.0219266
0.0215961
0.109883
0.0218618
0.0225191
0.0215879
1.50866
0.207307
0.0220234
0.0222711
0.93294
1.82726
31.3848
0.381635
4.86026
0.021852
0.0218662
0.035091
0.0221676
31.3927
0.0222583
0.100426
0.0219111
0.0222473
0.0294429
0.0215407
0.0222506
0.0418158
1.23063
0.0216686
0.021584
0.0222091
0.0219798
0.0219613
0.0216696
0.0219432
0.0218663
0.0307536
0.0540896
6.31698
6.15154
30.5303
0.0215935
1.84626
0.0219095
0.142732
0.985942
0.0220319
2.03472
0.0218705
1.75133
5.94814
0.0783341
0.0220692
19.7432
0.0242612
0.166517
0.0227415
0.0307256
8.84779
2.00943
0.52102
0.0246751
23.6116
0.260575
37.8114
0.027843
13.059
41.4534
12.6506
0.021654
0.022274
1.25846
0.0214854
0.021947
0.416496
0.0219866
0.0220971
0.0376111
8.77949
1.25623
5.22206
0.0218742
0.0218319
0.0222075
8.15406
1.75206
0.728728
0.0257613
7.65719
0.0218911
0.0313805
1.93424
0.0253911
0.973635
0.0225092
0.0222341
1.25745
0.0218094
0.959306
0.0219646
0.0226567
0.0452424
0.021793
0.0241368
0.0865248
0.0222666
7.3193
0.0218785
0.0214809
3.14977
0.0225695
0.0219115
2.486
0.0932837
5.23985
2.15396
11.7109
0.0222894
0.120242
6.39448
0.106248
0.0289059
0.0222943
5.13402
0.0217676
0.0220568
0.173308
0.0928598
0.0438677
0.0223814
0.0222312
0.0218243
1.25475
0.0514226
1.93092
0.0222712
12.8067
0.0218706
0.0453287
0.0243554
0.0217545
0.263932
0.451616
0.0341507
0.14606
4.9289
0.0222725
0.0239303
0.0278527
0.0327152
0.0223802
0.0281658
0.0277941
0.127233
0.0215563
15.1636
5.09521
0.0223836
2.07347
7.40645
2.09995
0.022271
0.0216131
1.74527
0.0219404
6.23965
0.0222309
0.0222724
2.13668
0.0239719
0.0219212
27.2461
0.026623
0.0827059
0.0219025
4.51433
0.061496
0.109522
0.0352855
0.0226153
0.137038
0.0225809
33.8903
0.0267645
0.407802
0.676468
3.94932
0.163597
4.89831
0.0245696
0.0857331
0.0372529
0.736026
12.5573
0.0218181
0.499494
0.022047
0.0218906
3.38903
0.0687977
0.0216351
0.0782665
3.4484
6.13525
2.3861
4.29354
0.0746501
0.0222637
0.0243011
0.0217028
4.95581
0.0220496
1.98158
0.576236
0.0239954
1.94363
5.74489
0.0216656
4.51314
11.4946
3.07981
0.0219714
0.021913
0.0223785
0.0449094
0.022273
2.02831
11.6624
0.0425746
1.97811
0.0227484
2.90059
1.25935
1.37557
0.0220914
0.699243
0.0267719
0.112394
0.032626
0.260709
0.0390748
4.42153
0.0222481
0.0218503
0.0216363
0.817507
4.30317
0.0219285
4.98663
0.0752318
0.101224
0.0218669
0.127703
0.0221608
2.82753
1.66772
1.60604
0.162157
5.10359
0.076373
1.63485
0.108726
0.0220882
0.510176
0.0218282
0.0457915
0.021947
3.1381
0.0219141
0.0257602
5.05364
0.0498222
0.045997
0.0823559
17.5752
9.79362
3.86713
1.60001
0.0414286
0.0219099
0.0218813
0.0441215
13.4578
4.83053
0.032485
0.0295049
0.107421
0.043718
0.152501
0.490169
0.10736
0.0521182
0.0635513
1.43669
0.0216169
7.87837
0.0217522
0.0222807
0.152137
0.0313419
6.25477
23.8938
0.141464
0.873572
0.535415
0.0218661
1.35898
1.67316
0.0419034
0.0288124
1.73814
0.0396011
0.0489543
1.9248
3.10755
0.0218984
3.26488
4.41904
0.0216961
1.73882
0.0225849
0.0216286
0.0214735
0.0320466
0.650299
1.82793
0.570714
0.0569051
0.0542203
0.0415707
1.92209
)
;

boundaryField
{
    frontback
    {
        type            empty;
    }
    topbottom
    {
        type            fixedValue;
        value           uniform 0.0223;
    }
    outlet
    {
        type            zeroGradient;
    }
    inlet
    {
        type            fixedValue;
        value           uniform 0.0223;
    }
    walls
    {
        blending        binomial2;
        n               2;
        beta1           0.075;
        type            omegaWallFunction;
        value           nonuniform List<scalar> 
120
(
22.2145
28.5088
23.9749
24.5275
25.8521
28.6342
26.4474
23.7414
26.2281
16.7635
24.3098
29.6767
19.7906
22.9389
30.6994
26.8476
13.9017
21.2186
12.2963
23.9759
23.5079
13.3101
25.9432
25.9049
27.5091
12.764
23.6384
6.48619
21.644
8.2589
8.79428
8.47997
7.48526
6.05411
24.872
24.5955
12.7019
19.8846
26.2115
26.4327
25.0723
13.5268
25.4011
28.6612
17.3927
26.8996
27.0462
20.4801
32.2875
26.9821
26.742
12.2183
26.314
24.4138
22.3501
29.7353
16.6763
12.2516
24.4515
6.24672
7.07421
26.7362
16.714
26.6735
27.0874
8.03881
7.81784
8.29167
17.2623
24.901
27.6531
21.1983
25.211
31.6513
17.6273
18.7138
27.2959
17.3529
30.3649
7.33712
8.86475
18.6703
6.91186
25.4782
33.3496
21.4392
7.95772
31.5587
8.5613
18.6092
24.675
8.89681
13.8041
8.6317
9.26003
9.56249
23.6016
31.8257
26.6405
25.9869
24.2866
13.6514
18.2864
32.8332
21.4413
27.1457
28.1493
28.0172
11.8389
27.9638
10.8289
19.7718
31.3848
31.3927
30.5303
19.7432
23.6116
37.8114
41.4534
12.6506
)
;
    }
    procBoundary0to1
    {
        type            processor;
        value           nonuniform List<scalar> 
80
(
2.54248
0.0353319
0.0220565
2.98242
0.0219092
0.0252249
3.86227
0.0235237
0.0235237
0.0241244
0.0215608
0.0244314
0.0334681
0.031258
0.0514154
0.0213973
3.63849
3.45254
1.63044
0.0230544
0.031258
0.0218055
0.0214126
0.0295076
0.04522
0.0217327
0.0215006
0.0215268
0.164419
0.212636
0.0230544
0.0213929
2.07257
0.0214551
0.0220211
0.0214815
0.0214279
0.0214279
0.021674
0.0276234
0.0214458
0.0213923
0.04522
0.0214367
0.0810383
0.0810383
0.0397567
0.164419
0.0214323
0.0213883
0.0215907
0.0216274
0.0214367
0.094024
0.133799
0.0226898
1.94508
0.0397567
0.0214667
0.133799
0.0695572
0.0263049
0.0597429
0.110999
0.0213865
0.0214198
0.0214126
0.0237727
0.0222962
0.110999
0.0214198
0.489656
0.094024
1.98072
0.309428
0.0542654
2.21285
0.212636
0.0221494
0.0224725
)
;
    }
    procBoundary0to2
    {
        type            processor;
        value           nonuniform List<scalar> 
165
(
6.58071
15.8652
17.2073
0.157323
0.0220291
5.68647
3.9869
6.64273
6.0154
12.6231
15.8652
0.0279991
0.0293166
0.0219734
0.0219962
17.2073
0.0219795
4.66908
2.18736
0.0259917
0.0229583
0.022771
0.124058
2.54744
7.32046
0.022771
0.116711
7.11328
2.68605
0.023165
5.93295
0.0220793
2.57975
2.6974
2.57975
0.0220046
8.68716
0.0219468
0.0724115
0.0724115
7.70977
7.53676
2.73118
0.0221109
0.712076
0.396628
0.0219451
2.01801
0.0456054
2.24747
0.712076
0.0220884
2.08971
0.0252341
2.70081
2.73988
2.60307
0.0245937
0.0241989
0.0221206
6.69622
0.396628
2.20907
0.0219852
0.0220493
0.022058
5.57688
6.77295
0.0219594
0.0562649
0.022351
0.0237645
0.0219369
0.0219509
2.55366
0.0222937
0.0422445
0.0219633
0.0221441
0.0225968
0.0219633
0.022268
0.0508733
0.0630483
0.0219594
0.0277152
0.262827
6.59017
0.0219312
0.0219349
2.61056
0.022004
2.20907
0.0224732
0.0315619
0.0221785
0.0264543
0.0882396
0.0508733
0.0219375
0.0328397
0.022214
1.96318
2.4155
0.0220795
0.0393443
0.0220418
2.56787
2.21728
2.27796
0.0222661
0.0221547
0.0219295
2.76897
7.72495
7.1106
6.8716
2.4634
2.40227
0.0234709
7.94805
0.0367139
0.0393443
2.32269
0.0219288
7.23847
7.60726
7.19839
0.0221867
0.0347962
0.0219288
2.405
0.0222524
7.19676
0.0293166
7.31228
0.216006
0.0882396
0.0221311
0.0220207
2.0151
0.0221894
2.91565
7.44229
9.18292
5.73427
2.66843
9.09374
7.42608
7.02461
7.34448
19.8611
7.23581
6.99141
1.96397
9.02101
2.2105
0.0303489
8.27984
33.9528
0.0222255
1.95075
1.30372
7.34895
8.86853
)
;
    }
}


// ************************************************************************* //
