/*--------------------------------*- C++ -*----------------------------------*\
| =========                 |                                                 |
| \\      /  F ield         | OpenFOAM: The Open Source CFD Toolbox           |
|  \\    /   O peration     | Version:  v2012                                 |
|   \\  /    A nd           | Website:  www.openfoam.com                      |
|    \\/     M anipulation  |                                                 |
\*---------------------------------------------------------------------------*/
FoamFile
{
    version     2.0;
    format      ascii;
    class       volScalarField;
    location    "1000";
    object      omega;
}
// * * * * * * * * * * * * * * * * * * * * * * * * * * * * * * * * * * * * * //

dimensions      [0 0 -1 0 0 0 0];


internalField   nonuniform List<scalar> 
9793
(
0.131981
0.27939
0.178786
0.0210062
1.88265
0.0225753
0.0218193
0.0207633
0.0215616
1.8185
0.0543107
0.0358222
0.0210509
0.0203319
0.0228435
0.0202591
0.0211271
0.0213983
1.20364
0.0203089
0.0790764
0.0227879
0.377245
0.0195612
0.0216523
0.0211473
0.0202552
0.0207947
0.0405696
0.0215506
0.0327015
0.361625
0.483992
0.0218572
0.045774
0.303155
0.0223632
0.0227693
0.0208255
0.0210204
0.032564
0.0228737
0.0220867
0.0219261
0.0221052
0.0213275
0.0441141
0.0857029
0.629179
0.0209793
0.0474431
0.0590163
0.0228261
0.021576
0.134082
0.105489
0.021429
0.0940961
0.475771
0.020809
0.0216203
0.0227919
0.547714
0.0218681
1.81094
0.465479
0.527468
0.648742
0.0440098
0.0533219
0.134889
0.0207865
0.021122
0.272395
0.0527703
0.386085
0.021422
0.0200382
0.0212812
0.0209167
0.462458
0.0212145
0.273623
0.087633
0.0290928
0.100544
0.021031
0.0214167
0.0223336
0.0213718
0.283248
1.3318
0.0203675
0.360178
0.0225434
0.107609
0.0982847
0.280959
0.0203406
0.0202432
0.0202294
0.0212702
0.0203994
0.0203889
0.0200434
0.0285776
0.0221961
0.0217032
0.0225236
0.172781
0.0209699
0.0700084
0.0214114
0.274633
0.0585122
0.0214309
0.486659
0.0513935
0.0215008
0.340832
0.128915
0.0225999
0.0213281
0.0228266
0.0218349
0.0723226
0.0376499
0.11784
0.0217587
0.0211487
0.0213696
0.0214258
0.0211483
0.0214336
0.0215282
0.021413
0.0221951
0.0217606
0.0214043
0.0199617
0.0213177
0.0215666
0.0211746
0.0202434
0.0204119
0.0205676
0.243647
0.0202482
0.0203449
0.876857
0.57121
0.0213685
0.72592
1.82087
0.0203305
0.0219965
0.0206339
0.0214926
0.0202357
0.0211261
0.0207605
0.020787
0.0201263
1.30738
0.26942
0.109297
0.108061
0.0248548
0.0202187
0.0209941
0.0211766
0.590631
0.26804
0.591864
0.0217845
1.28913
0.0214215
0.0195676
0.021165
0.026348
0.558605
0.0221875
0.0202465
0.0215776
0.313159
0.0211073
0.104192
0.0211585
0.0213019
0.0201414
0.0217934
0.0213305
0.666911
0.0702805
0.655366
0.0260881
1.48414
0.0209031
1.80402
0.0200302
0.0215201
1.39204
0.122425
0.0211562
0.0214204
0.0198654
0.141915
0.0201989
0.0264925
0.022273
0.0291735
0.604087
0.666036
0.0215996
1.54642
0.0205233
0.0210933
0.344878
0.0198516
0.833207
0.0677815
0.0213633
0.0218442
0.0213328
0.110579
1.37036
0.0226004
0.0203311
0.066212
0.0448955
0.0195941
0.0195662
0.0222586
0.0201683
0.0427711
0.823114
0.0213866
0.0211047
0.0861768
0.0211366
0.0261427
0.0203253
0.0210601
0.478513
0.0210708
0.0203333
0.0207507
0.0214812
0.0203499
0.0216891
0.0216739
0.0235178
0.0543319
0.0401991
0.0210162
0.0233578
0.0211622
0.0237652
0.0225821
0.0201815
0.29134
0.0210865
0.0540188
0.0215102
0.0252721
0.0196662
0.0196548
0.0290798
1.39361
0.0219789
0.0202017
0.0200073
0.0254061
0.0213829
0.277
0.276675
0.0211584
0.07874
0.0213673
0.0403021
0.0214152
0.0196272
0.0221228
0.0208998
0.0376156
0.0213604
0.0216695
0.0244861
0.0210603
0.0214118
0.0213931
0.483488
0.022126
0.022462
0.0214196
0.0214119
0.02196
0.0249387
0.0212441
1.1779
0.0203423
0.397675
0.48946
0.022136
0.021912
0.020225
0.0260808
0.0236962
0.0213419
0.414714
0.0217313
0.0202126
0.023832
0.0217866
0.0215085
0.0212534
0.0897735
0.0210669
0.0246932
0.0223286
0.0209884
0.273259
1.48873
0.256986
0.0197318
0.328058
0.022053
0.603614
0.0593974
0.0200508
0.0229591
0.0576967
0.0211422
0.0247725
0.0635566
0.0207244
0.0219723
0.021502
0.0210436
0.0208466
0.989352
0.0211587
0.0209762
1.23249
0.0211462
0.0202336
0.0197189
0.0222215
0.020738
1.39561
0.0218932
0.0213677
0.0216229
0.0212604
0.487573
0.0215538
0.0318195
0.019576
0.0342243
0.125634
0.104309
0.0365052
0.0221684
0.0218142
1.54242
0.0217108
0.286878
0.0211373
0.0202156
0.489162
0.0244796
1.45347
0.0213711
0.0458133
0.427214
0.0224283
0.0210876
0.487105
0.0249283
0.257863
0.0233797
0.0215307
0.522824
0.0212707
0.0221601
0.0217856
0.021263
0.0202942
0.0215561
0.0230254
0.511671
0.0216977
0.439173
0.355421
1.53168
0.0452455
0.210755
0.020928
0.0215014
1.60785
0.35543
0.0203399
0.0217916
1.37829
0.019996
0.443643
0.0211231
0.0230476
0.0199824
0.0304562
0.0211509
0.0254251
0.0839187
0.0202189
0.378395
0.0235458
0.0219658
0.0236354
0.0210454
0.0220352
0.0206541
1.33108
0.0213429
0.0215286
0.0626881
0.0215154
0.0225364
0.0220539
0.0201007
0.0270981
0.0211322
0.0215354
0.0199331
0.394526
0.0204805
0.396039
0.0210163
0.67408
0.022863
0.0210647
0.0222694
0.0216977
0.34093
0.0208829
0.100974
0.0201739
0.0211895
0.0221508
1.39429
0.0356323
0.135729
0.638589
0.0228344
0.0212597
0.0369414
0.0268263
0.0293227
0.277488
0.44249
0.0216314
0.0226058
0.0458727
0.0213328
0.0213305
0.0213121
0.0203862
0.0220425
0.178304
0.0254391
0.419595
0.0204003
0.026419
0.0195532
0.0216836
0.021529
0.0212419
0.0373133
0.021077
0.0222352
0.0199729
0.0213979
0.0228515
0.0752005
0.0211663
0.0212584
0.494312
0.0235613
0.0219005
0.497403
0.677828
0.0215114
0.0219762
0.0222623
0.0229156
0.02155
0.0223349
0.0220829
0.0209452
0.0211801
0.021031
0.207156
0.0602134
0.0206315
0.312052
0.0307287
0.0202926
0.0221418
0.0213127
0.0652587
0.021407
0.0550186
0.0200757
0.0210725
0.0499893
0.0212916
0.0317357
0.457406
0.0253153
0.0202849
0.474408
0.0233303
0.0205429
0.0211717
0.0539666
0.020901
0.0205286
0.0212679
0.0208969
0.473062
0.0428533
0.0298652
0.0223331
0.0211417
0.0210233
0.0214758
0.0208695
0.0212835
0.056155
0.112448
0.0200215
0.0222108
1.65341
0.02133
0.0251604
0.0326886
0.0207259
0.0575059
0.461032
0.0213777
0.14178
0.0196356
0.14919
0.0242955
0.552301
0.0211017
0.0210442
0.0211449
0.290816
0.0218961
0.460689
0.468291
1.77024
0.0328106
0.0912131
0.0292023
0.0228629
0.0291285
0.0220372
0.330058
0.0215432
0.659873
0.0198959
0.247365
0.0219766
0.0219149
0.0210065
0.152744
0.0199359
0.020742
0.0221975
0.0224958
0.0259365
0.0211338
0.0212574
0.0213071
0.0212848
1.19633
0.0209763
0.440946
1.04695
0.0209879
0.0218075
0.0270111
0.0217904
0.0213082
0.0217202
0.0224728
0.0243039
0.0221463
0.0225045
0.0204897
0.0214411
0.0220275
0.023839
0.0217344
0.0223249
0.723212
0.0213201
1.42873
0.0245615
0.0219287
0.0212674
0.0206956
0.0219342
0.0222334
0.021058
0.0206677
0.0195271
0.021045
0.0206483
0.0211687
0.023174
0.0198581
0.0219145
0.0220266
0.0215352
0.0230332
0.0221979
0.0303317
0.0222707
0.0210079
0.0212776
0.0205273
0.0199365
0.0209507
0.0199692
0.020959
0.0213294
0.0199243
0.0319927
0.021027
0.0221761
0.0213436
0.657397
0.0210302
0.0199713
0.0530968
0.0196322
0.0215078
0.162261
0.0216704
0.0223569
0.0214081
0.0945582
0.020706
0.0495174
1.79222
0.390601
0.446632
0.0214529
0.0213506
0.385535
0.0213661
0.0199464
0.221573
0.658409
1.63772
0.0212883
0.0586634
0.0213537
0.0213369
0.238099
0.0211835
0.0455546
0.0215348
0.0599273
0.0209944
0.0229957
0.0219717
0.152592
0.887551
0.0211519
0.0214155
0.0262223
0.0209517
0.0228277
0.0496982
0.236123
0.0210765
0.0204949
0.0213706
0.328645
0.0215971
0.490762
0.349188
0.0209757
0.0272239
0.382925
0.0210308
0.0211547
0.0221415
0.0214367
0.0199217
0.125561
0.0199214
0.456655
0.0228284
0.189491
0.0531455
0.0214915
0.122552
0.541071
0.0217875
0.559128
0.0266328
0.0742454
0.0199334
0.0196229
0.360674
0.0213205
0.857705
0.0209544
0.329766
0.0204818
0.0693284
0.371852
0.0209684
0.734986
0.0214141
0.0222756
0.0338404
0.823271
1.06277
0.0199344
0.0204971
0.0199837
0.42654
1.31173
0.0227138
0.0241342
0.0275999
0.0199587
0.0209883
0.0215494
0.0508907
0.0236379
0.0213913
0.0208665
0.0207838
0.450772
1.59078
0.188428
0.0205332
0.0209226
0.654245
0.0211677
0.52268
0.0399824
0.461959
0.247897
0.343735
0.0208529
0.0214982
0.0230291
0.0220592
0.0240482
0.0212155
0.058233
0.378831
0.0204213
0.558261
0.0207748
0.395733
0.0216243
0.33686
0.0241103
0.0227944
0.0210904
0.0203948
0.0296437
0.380067
0.383789
0.0213927
0.0308734
0.0208537
0.0224307
0.0232261
0.300647
0.0240094
0.0744957
0.0208461
0.0266896
0.0211355
0.0198824
0.0218628
0.0209489
1.63504
0.0211411
0.0225059
0.0223045
0.0218313
0.0199081
0.0507548
0.0215205
0.0220205
0.0208688
0.0209986
0.306507
0.0210425
0.0644275
0.0204313
0.0206145
0.0208565
0.0418456
0.0210498
0.0683261
0.0215707
0.0213532
0.0208824
0.336817
0.310193
0.40029
0.169543
0.647788
0.0213053
0.0228931
0.286471
0.0199424
0.351653
0.305466
0.0502944
0.0993143
0.0224034
0.305657
0.0232402
0.383984
0.288613
0.0223618
0.0215695
0.30348
1.09803
0.023839
0.0231863
0.0211994
0.021852
0.0331329
0.0209227
0.0199212
0.0221161
0.0894823
0.033747
0.0227742
0.374605
0.0208999
0.0199815
0.255078
1.37039
0.0342661
0.0219796
0.0907596
0.0205262
0.0199285
0.490873
0.0199087
0.0222863
0.308418
0.319579
0.0210602
0.48215
0.148149
0.0596208
0.201958
0.280862
0.0223335
0.713491
0.0216694
0.0208339
0.0213377
0.0215919
0.0209407
0.394925
0.0213422
0.492303
0.0203197
0.0361213
0.0217889
0.0341034
0.0224464
0.0211716
0.0400482
0.0203206
0.0199412
0.0742539
0.0219431
0.0277062
0.0211129
0.0200486
0.315003
0.883984
0.0225422
0.0195451
0.0195352
0.0204073
0.0217168
1.34487
0.0732287
0.191693
0.0305795
0.308735
0.0214266
0.0271663
0.0247503
0.0232568
0.100013
0.0211024
0.0210052
0.140906
0.0328038
0.362896
0.0210573
0.360084
0.385569
0.023899
0.0383225
0.0231591
1.34797
0.0214169
0.0242648
0.361494
0.0221146
0.0210693
0.0802441
0.0216205
0.0205024
0.0209877
0.169761
0.0216817
0.0251321
0.313517
0.0367728
0.0243471
0.0307755
0.175297
0.465385
0.157265
0.0199543
0.0214958
0.0219924
0.02253
0.0212304
0.635903
0.351507
0.0231846
0.44334
0.0468595
0.442538
0.0215195
0.342784
0.0212468
0.327558
0.0695477
0.0206167
0.676416
0.427638
0.0208553
0.0214613
0.0213378
0.211657
0.480987
0.0252351
0.0463729
0.0265518
0.0639876
0.320567
0.338212
0.0210512
0.0213875
0.356363
0.237799
0.0210836
0.0212763
0.0199547
0.0217222
0.0215339
0.0242096
1.16901
0.0212653
0.0233441
0.359269
0.0216568
0.0216927
0.0238032
0.649623
0.0215109
0.0224965
0.158348
0.0217843
0.0200257
0.0218378
0.0209114
0.0223088
0.380474
0.454761
0.021512
0.165976
0.0238466
0.161298
0.0213488
0.021921
0.0221676
0.0216838
0.324185
0.021299
0.0220728
0.0252177
0.0218303
0.0204528
0.0248407
0.0212164
0.0923172
0.0214748
0.0210426
0.589973
0.0210812
0.705584
0.0253966
0.0209504
0.0407687
0.0222362
0.0303453
0.0970035
0.0202154
0.338859
0.0209751
0.021376
1.34532
0.495056
0.0202302
0.0214686
0.0206707
0.0216327
0.0784704
0.0220927
0.021441
0.0219323
0.0217254
0.021941
0.0212709
0.0202547
0.0209567
0.0211837
0.425506
0.0236037
0.0200065
0.0383923
0.0214603
0.244663
0.0691022
0.0317113
0.0214536
0.0212368
0.0697622
0.0230211
0.0213505
0.0216271
0.386167
0.125895
0.0213582
0.0198106
0.0638254
0.047717
0.0196008
0.395725
0.0358557
0.0214154
0.0217945
0.0254434
0.0215787
0.0276424
0.453016
0.0214887
0.0546208
0.0264835
0.0299229
0.0198068
0.0213423
0.0198385
0.0198174
0.126705
0.0210762
0.0575352
0.0448798
0.0198267
0.0218416
0.0299455
0.0215599
0.021634
0.0213829
0.0223033
0.445976
0.019829
0.0214837
0.346159
0.0220708
0.0215854
0.0228895
0.0210941
0.0216075
0.0211866
0.0214797
0.0222365
0.0216923
0.095407
0.478778
0.0198198
0.0214139
0.0198231
0.0848812
0.0210088
0.0238207
0.0212826
0.0201839
0.0264943
0.0204117
0.028191
0.021395
0.0204261
0.310086
0.3484
0.0217212
0.0215943
0.0209562
0.077018
0.147353
0.0213851
0.385179
0.710245
0.0218417
0.0282346
0.386488
0.023253
0.376261
0.0400986
0.0407956
0.0211955
0.0293054
0.091968
0.0203668
0.301671
0.382164
0.021381
0.776355
1.6733
0.0234714
0.381532
0.0198036
0.025684
0.0428386
0.0212423
0.312513
0.0198035
0.0390969
0.0624729
0.0198047
0.348608
0.0217481
0.0218918
0.030973
0.0233781
0.231854
0.408206
0.0200648
0.0235195
0.278998
0.0207036
0.0241643
0.020809
0.385247
0.648534
0.0210964
0.021277
0.0244316
0.267576
0.299558
0.027612
0.0198181
0.0208981
0.305083
0.431456
0.0807223
0.0225977
0.0227174
0.0249607
0.020033
0.0221625
0.0239198
0.0228735
0.0208698
0.0238043
0.405201
0.112155
0.0209676
0.168319
0.0236151
0.0880321
0.74135
0.0416373
0.722073
0.0846208
0.0198172
0.115352
0.12309
0.438594
0.322461
0.021247
0.124042
0.327895
0.0400612
0.0241855
0.32449
0.321032
0.0210724
0.0245728
0.0239154
0.0212164
0.0685062
0.0212708
0.0220107
0.0206207
0.0198059
0.0216883
0.0213491
0.0224834
0.0248213
0.338145
0.0239914
0.315589
0.0208219
0.0256509
0.0215391
0.270766
0.612751
0.0211852
0.0429166
0.0212988
0.0202106
0.0212928
0.0201708
0.0210646
0.0914577
0.0215818
0.209376
0.0210277
0.0209459
0.420023
0.0223335
0.0217822
0.0211267
0.0212506
0.372831
0.0682136
0.42028
0.180507
0.657943
0.0215053
0.0217181
0.0213542
0.0236498
0.040382
0.0797226
0.358751
0.0209586
0.0396641
0.0220582
0.166649
0.334885
0.0241794
0.609637
0.790487
0.0224239
0.0373956
0.0209018
0.043875
0.0225608
0.0881911
0.0418699
0.0198173
1.47667
0.466708
0.0216296
0.0226634
0.021838
0.178815
0.0207675
0.0216878
0.44367
0.0208068
0.495317
0.0255929
0.0235893
0.0220502
0.0217574
0.481668
0.0211423
0.432431
0.023919
0.0212909
0.0207138
0.0540043
0.0223956
0.363717
0.0222568
0.0240134
0.0239862
0.0668597
0.0228191
0.0213121
0.328733
0.0216631
0.0204122
0.101492
0.32799
0.0238926
0.0205205
0.0220353
1.38215
0.0596358
0.0211533
0.0317914
0.0204343
0.10084
0.0424302
0.0218822
0.0211124
0.0871266
0.0209598
0.0207359
0.0213668
0.081193
0.619484
0.0217011
0.023847
0.0217503
0.0219809
0.385849
0.030091
0.0215761
0.02169
0.0210344
0.063143
0.454158
0.483789
0.0212263
0.133037
0.0202069
0.0201552
0.0217801
0.0219298
0.0384744
0.0213486
0.0466829
0.347843
1.4785
0.0236615
0.0214897
0.0215216
0.0362781
0.0206083
0.0212497
0.0316898
0.0214796
0.0212582
0.022092
0.0238989
0.0199961
0.584765
0.0408567
0.0235393
0.0231811
0.0263989
0.0229883
1.67666
0.0213628
0.0212565
0.0214759
0.0210461
0.0214558
0.0208689
0.121098
0.0894245
0.0215599
0.0220195
0.0212268
0.0234848
0.0227242
0.0479015
0.0220025
0.251873
0.0213024
0.0217931
0.0207126
0.076965
0.0214804
0.258143
0.021479
0.0215049
0.0195455
0.277376
0.0228836
0.070457
0.31296
0.0218764
0.0214719
0.0211256
0.0213987
0.0212793
0.0219567
0.024258
0.404856
0.0215631
0.0577744
0.207287
0.0231009
0.0987242
0.0215058
0.0231954
0.0209832
0.0203534
0.0202185
0.0213506
0.251305
0.0845866
0.0208314
0.498742
0.0542221
0.0212491
0.469477
0.0203288
0.0315047
0.0220474
0.0210192
0.633984
0.0214685
0.0223753
0.023567
0.0458725
0.0757965
0.0218982
0.0209711
0.0223049
0.619493
0.267311
0.0361976
0.0260901
0.0214475
0.0214023
0.347413
0.0216819
0.0278546
0.0280828
0.430792
0.0214549
0.0347
0.0214684
0.021752
0.0307387
0.0295729
0.0296678
0.0220512
0.0218406
0.025072
0.402581
0.0436372
0.0204053
0.0245189
0.091042
0.0230957
0.0381485
0.0216052
0.0216996
0.0213394
0.0239379
0.649499
0.0547966
0.0214573
0.963804
0.0235256
0.0256649
0.0214974
0.02134
0.0213586
0.0199144
0.0476971
0.0222661
0.0222706
0.0220051
0.0213423
0.0214461
0.164972
0.0214061
0.0213887
0.0217378
0.416077
0.139393
0.0214358
0.0211514
0.0214712
0.314971
0.0219671
0.0993725
0.0214622
0.0471413
0.02144
0.0216215
0.0409332
0.0216645
0.0309551
0.0216902
0.0214368
0.0203417
0.0224008
0.155814
0.0217513
0.0219387
0.32583
0.0215274
0.0222291
0.0219939
0.0215728
0.0212308
0.0219042
0.0314975
0.0207481
0.0208181
0.0209454
0.346059
0.0236343
0.397613
0.021501
0.0216715
0.59613
0.350881
0.314984
0.0252848
0.0293193
0.336238
0.0214916
0.41225
0.0219667
0.114238
0.02097
0.112121
0.339709
0.0195546
0.023249
0.022057
0.0222306
0.0198529
0.439062
0.0208953
0.33321
0.0216568
0.0213878
0.0217429
0.0198688
0.021753
0.115568
0.0213406
0.0211339
0.0211317
0.021569
0.0213696
0.164286
0.688157
0.460359
0.0214872
0.0201935
0.0234283
0.0214718
0.0213187
0.106435
0.03896
0.0223111
0.0213187
0.255125
0.0225201
0.0200483
0.451084
0.022579
0.0203045
0.0212838
0.0264113
0.349788
0.0214671
0.0212167
0.0536511
0.123416
0.0437407
0.620716
0.0212969
0.0236736
0.0234838
0.019897
0.0217229
0.324092
0.325358
0.428559
0.0212668
0.609283
0.0217013
0.0214741
0.0239268
0.0218848
0.0238991
0.0331779
0.0212304
0.0214716
0.0213184
0.0208833
0.0199569
0.0211295
0.0242867
0.315455
0.0260903
0.0195481
0.0199819
0.0212707
0.0218004
0.0213271
0.0785626
0.0219328
0.0219833
0.0218914
0.3299
0.0212475
0.0229252
0.529537
0.0213019
0.0212754
0.374169
0.021204
0.0213585
0.021223
0.185581
0.0269634
0.0369722
0.0217444
0.242527
0.0201636
0.0201458
0.0204176
0.0212473
0.0352292
0.0212665
0.0216402
0.0417785
0.0213465
0.398588
0.022534
0.027937
0.0217219
0.105279
0.0304324
0.021464
0.0211277
0.0219201
0.0215449
0.021318
0.384696
0.0209668
0.0439353
0.0211646
0.021574
1.61799
0.0210645
0.986801
0.0811566
0.0212939
0.0523055
0.0211445
0.0218292
0.0212479
0.0217403
0.0207246
0.0213262
0.021291
0.0213547
0.106495
0.0214864
0.0209625
0.0217955
0.0207939
0.0212057
0.0212064
0.0214132
0.020514
0.0213065
0.0212602
0.02137
0.021253
0.0218538
1.38805
0.0211282
0.0218758
0.0447488
0.322992
0.0199295
0.0254407
0.0209777
0.0210431
0.0212815
0.0214328
0.66111
0.325835
0.0211075
0.0225998
0.320637
0.0215384
0.0198421
0.390976
0.0199265
0.354205
0.0214687
0.0667007
0.0235503
0.237389
1.41294
0.460142
0.0209883
0.021102
0.01997
0.0239707
0.0617197
0.0223922
0.0571598
0.425791
0.0213688
0.249035
0.0451794
0.0205803
0.0203988
0.0307359
0.029585
0.0212907
0.0210235
0.0200986
0.0238589
0.0237822
0.0240775
0.0237126
0.02396
0.400822
0.0210728
0.021242
0.0211528
0.219226
0.0238921
0.0239248
0.158996
0.418419
0.0230833
0.0210403
0.0237498
0.0212188
0.0330512
0.0213517
0.0219865
0.0500767
0.0239736
0.0999229
0.0198197
0.301901
0.0331682
0.0872849
0.327597
0.640833
0.0211135
0.0213404
0.0213305
0.0908351
0.0214054
0.0208836
0.0213319
0.0278541
0.591928
0.271048
0.0236334
0.0228173
0.398947
0.0358681
0.287073
0.0441127
0.0441657
0.0366751
0.531064
0.306193
0.0211084
0.0211219
0.0211323
0.0385952
0.0233157
0.0375349
0.0208363
0.0212347
0.0212199
0.193733
0.021174
0.0211805
0.0210536
0.0324009
0.0209489
0.0211539
0.0203174
0.0246539
1.22377
0.0271431
0.023607
0.0214928
1.10293
0.0255608
0.0199143
0.0213236
0.0199101
0.181004
0.0215334
0.0215754
0.17814
0.021145
0.0210013
0.0209641
0.0214133
0.0834085
0.0209991
0.0215243
0.0211112
0.0216189
0.0212334
0.0211374
0.0210562
0.0212331
0.0213337
0.399222
0.0212422
0.0206812
0.0775382
0.048448
0.0256514
0.0624887
0.0209794
0.212459
0.0212862
0.027608
0.0210802
0.458809
0.0211139
0.0212276
0.0201305
0.318938
0.0240239
0.0211975
0.805347
0.0212073
0.0201266
0.0212126
0.0219586
0.0262714
0.0209589
0.405774
0.0214439
0.0363427
0.0381604
0.0213421
0.0317321
0.0210004
0.0206083
0.0211846
0.344102
0.0246112
0.0246372
0.0385944
0.820002
0.025679
0.0313808
0.024034
0.0213006
0.0197742
0.175903
0.405949
0.0209775
0.0333553
0.0208956
0.0210169
0.391677
0.0205118
0.0212746
0.139444
0.0389119
0.477109
0.0212905
0.0210314
0.0349982
0.020941
0.0200119
0.3996
0.0211957
0.0259945
0.841567
1.3538
0.0213244
0.0221476
0.021121
0.0198272
0.0238883
0.0215677
0.0213985
0.0316726
0.0206744
0.0244259
0.0213465
0.0222981
0.0233545
0.588
0.0239114
0.0216797
0.167136
0.317229
0.0212349
0.267783
0.02162
0.0212619
0.0213261
0.0209803
0.0235597
0.0195075
0.316637
0.0211596
0.0236564
0.0217627
0.0197353
0.0210357
0.0212756
0.0232388
0.0208136
0.0211423
0.0218657
0.0214265
0.368322
0.0213636
0.0219891
0.0469961
0.0221416
0.020216
0.317058
0.242665
0.371728
1.44636
0.063616
0.0205559
0.0220199
0.564913
0.721599
0.025824
0.240719
0.31962
0.0214636
0.282808
0.411101
0.0214944
0.195633
0.0218503
0.570073
0.2625
0.42224
0.0219143
0.0210049
0.0499026
0.0212604
0.0213517
0.13599
0.0867946
0.0213287
0.021407
0.0211045
0.689915
0.021085
0.0210588
0.021227
0.0209988
0.0210121
0.181185
0.0217972
0.0209579
0.0213689
0.0286417
0.260319
0.632775
0.0212786
0.0211268
0.0224885
0.0212725
0.0209901
0.0211224
0.615743
0.0212207
0.0338073
0.0211316
0.0214526
0.0202998
0.0213099
0.454781
0.24188
0.0205351
0.0216587
0.303506
0.415072
0.0396959
0.508541
0.0213052
0.0287228
0.021103
0.0197239
0.0210977
0.020142
0.0210617
0.0212381
0.0215733
0.110224
0.0199103
0.371409
0.600384
0.0198166
0.0294115
0.0419966
0.0218315
0.0211217
0.021204
0.0211144
0.0210326
0.311479
0.0197863
0.0210703
0.213907
0.0210946
0.0212862
0.0209781
0.0292984
0.0213706
0.0213592
0.651594
0.0206626
0.0205972
0.0210856
0.0327872
0.0212414
0.019607
0.0210922
0.0199181
0.517389
0.138885
0.0210279
0.127382
0.0197584
0.0212454
0.0216625
0.261742
0.87054
0.0200044
0.0228154
0.0213072
0.0211406
0.021097
0.0210907
0.27209
0.319739
0.0212793
0.021807
0.0259862
0.0209571
0.0210611
0.0239431
0.0261466
0.658857
0.0212936
0.023403
0.413433
0.0211178
0.0234987
0.292181
1.35436
0.0206578
0.0209453
0.0209146
0.0211174
0.0209687
0.276147
0.021047
0.419114
0.26613
0.021827
0.0235156
0.307228
0.0199965
0.132689
0.344106
0.101771
0.0246903
0.0211758
0.0222187
0.273014
0.0208169
0.0261237
0.0209522
0.0200083
0.0200708
0.0201231
0.0211257
0.412491
0.0215698
0.449761
0.111686
0.0761231
0.479626
0.0197489
0.0213692
0.0225604
0.343851
0.0211636
0.62789
0.0235009
0.0200002
0.0209269
0.268934
0.0209214
0.0251642
0.321819
0.0210422
0.332368
0.0217662
0.0416226
0.156809
0.0213779
0.0205894
0.037547
0.120113
0.0211897
0.0225739
0.0201759
0.0211434
0.0208631
0.397046
0.0209919
0.0198938
0.0543081
0.0200986
0.334768
0.0213959
0.0211711
0.0211143
0.532828
0.0209662
0.0208873
0.507172
0.120928
0.408038
0.0213087
0.0201137
0.0320203
0.731694
0.0764459
0.152596
0.0235403
0.0238401
0.0215257
0.0212639
0.02394
0.0217114
0.0210815
0.0203743
0.0298398
0.0238985
0.0209184
0.0196082
0.0214918
0.0205773
0.0211912
0.0235894
0.100623
0.439311
0.0246728
0.449131
0.4014
0.0206292
0.0209379
0.02193
0.0326349
0.0201963
0.0213713
0.0209043
0.0209915
0.0211362
0.049735
0.0212648
0.0376058
0.0212581
0.0208378
0.0129218
0.0338666
0.0213756
0.0208694
0.0208426
0.642755
0.0678799
0.021463
0.0202222
0.0215503
0.0209295
0.0212273
0.0210049
0.107495
0.0209896
0.0208394
0.0920951
0.0204704
0.0671947
0.0235137
0.0210227
0.0213023
0.252454
0.0412242
0.272755
0.512782
0.0233563
0.0221218
0.0216603
0.0212376
0.0269972
0.0208113
0.699914
0.634735
0.0224845
0.0344474
0.279358
0.0208392
0.463762
0.0229851
0.247369
0.0218171
0.020773
0.0207895
0.0217047
0.0210707
0.0529007
0.395576
0.0330711
0.0211656
0.0209027
0.0208487
0.0653158
0.0230455
0.0135728
0.0208719
0.0212069
0.0317525
0.0210193
0.114004
0.0469765
0.0208674
0.0213671
0.0197121
0.0211659
0.330179
1.4713
0.0208511
0.0210439
0.0206534
0.309502
0.0211426
0.0233978
0.140729
0.109306
1.38698
0.147938
0.509137
0.0212379
0.0261948
0.021527
0.0210695
0.0226937
0.04625
0.020457
0.0210992
0.0356145
0.0212463
0.0201428
0.322949
0.0198647
0.0210524
0.0348901
0.344897
0.0200067
0.0201973
0.0421003
0.317819
0.038151
0.347196
0.0212741
0.654746
0.02097
0.0242054
0.0457331
0.776429
0.413832
0.0244287
0.668319
0.0739186
0.20496
0.0206006
0.0210063
0.0202138
0.0212365
0.104817
0.0207589
0.0471719
0.0199677
0.0214943
0.0213125
0.426939
0.021316
0.168123
0.0231237
0.0257097
0.0276623
0.0214287
0.0582999
0.0197029
0.0344647
0.0212322
0.0652637
0.0214015
0.0367182
0.233662
0.0254317
0.372287
0.0207825
0.389189
0.0234486
0.0244068
0.0213763
0.748996
0.0215143
0.0208814
0.0211954
0.154548
0.0214393
0.0197292
0.0396204
0.0244325
0.064823
0.0208316
0.0199977
0.788795
0.0360997
0.328077
0.504098
0.0208448
0.0190759
0.453221
0.0450547
0.0206666
0.033216
0.328757
0.0207604
0.0215835
0.0197744
0.0655844
0.373984
0.276403
0.0348427
0.0207921
0.0206519
0.0216641
0.0201732
0.022212
0.0236264
0.0219506
0.0203739
0.496893
0.0216871
0.0212034
0.0215636
0.272492
0.141553
0.0214158
0.0230978
0.0236776
0.466657
0.0207748
0.325323
0.0212984
0.0337487
0.530715
0.0213763
0.374031
0.0203956
0.0197874
0.0207904
0.0208255
0.0206402
0.0208163
0.0197538
0.132761
0.0234556
0.0209939
0.477907
0.020869
0.0212735
0.0206314
0.662395
0.0208905
0.0226064
0.03937
0.0361301
0.0208979
0.0197628
0.618694
0.0211898
0.477595
0.283945
0.0212687
0.021632
0.030744
0.233892
0.0260287
0.02017
0.0206286
0.0223539
0.027198
0.0228441
0.0299877
0.0377826
0.0217674
0.0216883
0.0236449
0.0219265
0.0342018
0.492863
0.0205461
0.338749
0.0319072
0.0212755
0.0209154
0.0208759
0.020848
0.0206373
0.020999
0.0207357
0.0215762
0.0275838
0.0224788
0.0210238
0.022998
0.0242256
0.0205828
0.020702
0.0889435
0.0223355
0.0225795
0.0205662
0.021383
0.0205423
0.0199727
0.432626
0.0213311
0.0210535
0.438086
0.527958
0.381868
0.0208749
0.249773
0.0214515
0.10168
0.482088
0.021699
0.535642
0.0206712
0.020288
0.456937
0.0208333
0.0480108
1.38608
0.4497
0.0235491
0.226378
0.0211698
0.0208197
0.021956
0.0206396
0.439238
0.384265
0.0208602
0.454893
0.0731372
0.0197102
0.0206545
0.0244179
0.208659
0.0738884
0.0243785
0.289315
0.489231
0.0212169
0.446832
0.4685
0.15641
0.559544
0.0206976
0.465126
0.0197488
0.297809
0.304467
0.0197868
0.791656
0.398791
0.0374175
0.0196237
0.345026
0.0203869
0.0206599
1.66937
0.703293
0.02067
0.0211083
0.14269
0.0197398
0.0242415
0.0207848
0.0410309
0.121152
0.0220153
0.0214493
0.317298
0.0339125
0.232885
0.330071
0.0207664
0.288034
0.0210174
0.363081
0.0245909
0.0200835
0.400955
0.0213233
0.160171
0.0213457
1.60097
0.0210879
0.0210254
0.0202244
0.0213307
0.0204858
0.0214962
0.15053
0.614648
0.020585
1.1999
0.0712127
0.0203083
0.0205506
0.48796
0.0616494
0.174577
0.45334
0.23843
0.0205536
0.0211857
0.229689
0.0248648
0.361239
0.0288254
0.0206149
0.0212156
0.0205955
0.0197856
0.0205882
0.0328315
0.0205704
0.337117
0.0208926
0.0213437
0.0757909
0.0197528
0.0330502
0.682588
0.0207915
0.0207699
0.020947
0.0276791
0.0196231
0.020153
0.268688
0.369133
0.0258101
0.0213565
0.0297193
0.0205215
0.0209481
0.0212367
0.301167
0.190096
0.315226
0.412012
0.0306577
0.0408181
0.0834652
0.0210089
0.0226996
0.019633
0.0196192
0.0231318
0.0208036
0.416115
0.290241
0.0228702
0.627336
0.0282867
0.421468
0.313398
0.0200113
0.066579
0.0230165
0.0357316
0.0213041
0.020445
0.0201095
0.0292173
0.414451
0.461018
0.445079
0.0209576
0.189755
0.0205738
0.174517
0.412448
0.0204643
0.0217673
0.0208837
0.680144
0.314502
0.021618
0.0196131
0.0326893
0.0223993
0.307782
0.0214353
0.0209689
0.475554
0.301424
0.0205166
0.0237002
0.0206774
0.0233291
0.0214959
0.462655
0.020696
0.0215343
0.0461436
0.0213302
0.020837
0.238746
0.0452332
0.0214388
0.0212533
0.0216371
0.0205827
0.0204906
0.0942004
0.406116
0.0208258
0.0237115
0.0208156
0.0213525
0.0213408
0.0211125
0.418599
0.372287
0.0745072
0.377495
0.020746
0.0241509
0.0208319
0.02113
0.0524286
0.0212706
0.15342
0.0207129
0.284098
0.021405
0.232619
0.318931
0.0202051
0.0208251
0.0464983
0.0343028
0.11108
0.340398
0.216238
0.419169
0.0236557
0.021177
0.302333
0.0207469
0.315896
0.0199217
0.0743803
0.0273733
0.0208148
0.0210068
0.020859
0.036316
0.281393
0.0209538
0.0823846
0.0213682
0.0442551
0.0204646
0.0236903
0.0291052
0.0204317
0.55309
0.0678213
0.0201856
0.388172
0.0616709
0.0712365
0.0204526
0.354591
0.0206526
0.0202141
0.0314761
0.0204505
0.160765
0.019959
0.0207975
0.0204986
0.0233228
0.335716
0.0207359
0.383286
0.019704
0.0248217
0.33562
0.0209237
0.340756
0.0486164
0.0319392
0.0980842
0.0210385
0.0205279
0.930525
0.0204712
0.020355
0.0206584
1.7307
0.33459
0.160855
0.703304
0.0200912
0.0210204
0.020555
0.0321724
0.0206485
0.526138
0.102893
0.0212281
0.367556
0.0223178
0.293929
0.020373
0.0201616
0.0230279
0.0213
0.202732
0.472141
0.0203109
0.0218002
0.0206807
0.431605
0.135248
0.020826
0.423284
0.020967
0.0212919
0.0197199
0.0200403
0.0844975
0.321853
0.0204288
0.355271
0.390309
0.019761
0.440451
0.0205939
0.0208797
0.0633173
0.0203142
0.444551
0.0197916
0.0217676
0.362257
0.0197487
0.0200716
0.0208694
1.93785
0.0245786
0.667354
0.157241
0.0239113
0.0232164
0.161847
0.0204928
0.645114
0.0346971
0.0206259
0.292775
0.622951
0.0442584
0.121678
0.0251896
0.0203596
0.434531
0.0644202
0.289912
0.314969
0.0204622
0.0203081
0.0207299
0.388373
0.0202882
0.0201353
0.274198
0.0250483
0.0212732
0.0203422
0.0208263
0.0202696
0.0202566
0.109581
0.0208142
0.202726
0.329596
0.0208504
0.0227606
0.0206158
0.0203791
0.268467
0.120506
0.504449
0.489919
0.0204951
0.0206603
0.0352509
1.38
0.334672
0.020399
0.550379
0.384119
0.0199081
0.0379163
0.0272146
0.0201299
0.0208315
0.0205873
0.0209155
0.0200774
0.0597247
0.405872
0.020754
0.28778
0.0213192
0.0331834
0.0208961
0.0213233
0.0267171
0.0598954
0.0257774
0.0203193
0.0197973
0.0202752
0.0202708
0.386996
0.0455531
0.390193
0.0707253
0.295868
0.0217109
0.0202949
0.0510864
0.294655
0.0212162
0.354071
0.0220986
0.0197485
0.149469
0.367161
0.0214368
0.0245779
0.0729565
0.619793
0.0281175
0.0202575
0.0234283
0.0206942
0.215616
0.0206472
0.359177
0.35699
0.0343281
0.209117
0.04068
0.0354777
0.303284
0.0208523
0.020306
0.0206517
0.0207256
0.329853
0.0206054
0.0206125
0.0237295
0.0210351
0.0201769
0.237423
0.252047
0.314511
0.0202016
0.350282
0.31817
0.260221
0.0207036
0.0203239
0.021854
0.0201547
0.306931
0.0232201
0.0202642
0.0278923
0.0205618
0.336373
0.0471497
0.0205938
0.583752
0.130258
0.0203402
0.321496
0.38756
0.0948552
0.0207282
0.304424
0.366336
0.0196296
0.0204932
0.36425
0.0199651
0.0208317
0.403804
0.0210695
0.0203583
0.020503
0.0203236
0.289354
0.020162
0.020333
0.317616
0.0817293
0.0204766
0.020732
0.234407
0.30862
0.021047
0.107024
0.0203726
0.662009
0.0701718
0.0215325
0.0202044
0.312688
0.466055
0.0216778
0.0200863
0.385723
0.0231307
0.0201862
0.713852
0.0209066
0.0776509
0.0204584
0.364571
0.326543
0.262655
0.346108
0.0204057
0.284323
0.0208434
0.0284156
0.316188
0.0201416
0.0481859
0.019806
0.385574
0.020678
0.0203309
0.019958
0.0204404
0.0202118
0.0200976
0.0448028
0.0214317
0.0640132
0.0216736
0.0196926
0.0218849
0.380275
0.0205392
0.288236
0.0202553
0.0210703
0.466969
0.0211279
0.317282
0.0233378
0.148562
0.0200596
0.0201181
0.0214322
0.021483
0.0202037
0.0223786
0.0212613
0.284902
0.020139
0.0215044
0.0205183
0.367905
0.335336
0.0215406
0.0630065
0.0207434
0.0364399
0.0236499
0.0202089
0.309241
0.0208078
0.0199065
0.328823
0.620723
0.226256
0.328566
0.0217169
0.358979
0.0262525
0.0211875
0.344013
0.340204
0.0204071
0.381056
0.354256
0.0212564
0.0201932
0.027349
0.431682
0.281494
0.265923
0.32494
0.0233782
0.0201758
0.305169
0.331149
0.0207504
0.0197736
0.0208272
0.0221652
0.0202101
0.0200822
0.292663
0.0477647
0.0200408
0.372984
0.386618
0.0510304
0.320958
0.0201034
0.0201081
0.0626256
0.136276
0.237025
0.0233021
0.381776
0.0200343
0.323507
0.347078
0.0263786
0.0214891
0.0211061
0.0203182
0.3387
0.0204769
0.0200855
0.30994
0.0442461
0.0204782
0.329432
0.182348
0.0262434
0.0615748
0.373257
0.020467
0.0202865
0.0208695
0.0408843
0.0210598
0.0369503
0.0213148
0.0201394
0.307171
0.0200459
0.262758
0.325441
0.0200421
0.342486
0.30837
0.0200867
0.0206531
0.0201391
0.0200656
0.389088
0.0202922
0.377195
0.775207
0.320887
0.0309408
0.0335357
0.0209457
0.0210506
0.0276986
0.319167
0.0205457
0.327381
0.302656
0.284891
0.0197753
0.328885
0.0362052
0.367324
0.519865
0.0200671
0.020465
0.365059
0.0207374
0.0200602
0.324312
0.0208767
0.0212182
0.484949
0.30631
0.0200742
0.0203849
0.325677
0.324916
0.318778
0.385502
0.0197156
0.131885
0.0202341
0.0199481
0.344439
0.0202027
0.0202117
0.019788
0.315803
0.0196902
0.0197503
0.250914
0.0201711
0.021282
0.0205297
0.0221389
0.0202771
0.329111
0.18181
0.0201536
0.0202352
0.0204735
0.0198236
0.0199714
0.0200919
0.0202917
0.0205064
0.0197747
0.0203914
0.339134
0.0201772
0.0209692
0.0208992
0.0196804
0.475295
0.0197162
0.0201201
0.0404803
0.241159
0.0221995
0.345683
0.0212886
0.0198054
0.0201493
0.339407
0.0202921
0.0489644
0.0264132
0.243979
0.0209414
0.0199518
0.317103
0.0364978
0.320032
0.210563
0.01928
0.0199755
0.0196777
0.0305148
0.0207279
0.136524
0.282915
0.0213785
0.0211005
0.0199468
0.26418
0.019924
0.0197524
0.0206165
0.0960163
1.38527
0.319321
0.020117
0.0210429
0.0207046
0.36339
0.0220615
0.0210701
0.0215371
0.0335279
0.0229729
0.145951
0.0285545
0.156292
0.516747
0.020271
0.0201973
0.0228577
0.269633
0.0199801
0.0198949
0.0251819
0.0550942
0.37634
0.0200842
0.0212451
0.0203193
0.022146
0.0198339
0.021278
0.372665
0.382019
0.0201926
0.0220703
0.0207507
0.0215424
0.0205299
0.0201563
0.298222
0.02412
0.0196912
0.292779
0.0220306
0.0393689
0.0217938
0.0271707
0.282692
0.0209777
0.283504
0.0204774
0.0197999
0.378695
0.265961
0.271548
0.0221143
0.0206778
0.0201843
0.0215152
0.265453
0.0202021
0.0637663
0.023081
0.0201066
0.6743
0.0198948
0.0198952
0.0206153
0.0201738
0.274797
0.0209947
0.0201497
0.0220502
0.0528648
0.43317
0.0199044
0.0207573
0.0204177
0.0283614
0.322394
0.0203513
0.0199927
0.0202807
0.285948
0.027094
0.355812
0.0200206
0.0210686
0.0371561
0.0205867
0.019732
0.381489
0.116313
0.0203843
0.302301
0.0199891
0.211802
0.157041
0.146663
0.250589
0.020345
0.020189
0.02002
0.0199329
0.0211926
0.0196724
0.0201771
0.0197585
0.0263642
0.288185
0.0239859
0.0210924
0.0201216
0.0210813
0.0268425
0.115423
0.019935
0.0206605
0.0200084
0.0208338
0.021463
0.0200534
0.0201528
0.0229851
0.333125
0.3584
0.0199628
0.130683
0.0910665
0.0199572
0.021759
0.0199006
0.299513
0.0198964
0.292712
0.0572434
0.270668
0.315558
0.0893972
0.0227681
0.116461
0.0200109
0.317709
0.223353
0.288963
0.0309051
0.0211819
0.310366
0.0201182
0.0251533
0.338715
1.39975
0.0198631
0.340984
0.022599
0.0213083
0.0200955
0.326201
0.0198085
0.0202664
0.132974
0.0668914
0.312455
0.0201928
0.308239
0.0200318
0.0219466
0.0232507
0.0367461
0.0196069
0.0200862
0.189843
0.0208814
0.0663257
0.0246855
0.145877
0.334106
0.0211751
0.329192
0.222
0.0207648
0.0208911
0.517313
0.168102
0.267382
0.210714
0.0223465
0.0197022
0.0560233
0.285767
1.07675
0.020335
0.229496
0.0268443
0.0218374
0.0207722
0.0201508
0.0231572
0.0197884
0.0199066
0.0209528
0.0202771
0.0225679
0.0202981
0.0208399
0.0208382
0.0206362
0.0203366
0.0197819
0.020409
0.264822
0.0205893
0.342427
0.880965
0.441379
0.0314076
0.352657
0.0233673
0.0206176
0.0197867
0.0203303
0.373795
0.020551
0.368359
0.0688953
0.0221079
0.0193939
0.0229671
0.0202168
0.109685
0.0230698
0.0426171
0.0222946
0.325584
0.0296576
0.0296481
0.0197853
0.0213813
0.020715
0.284067
0.0205245
0.0210137
0.02012
0.0197794
0.300905
0.0326444
0.0205089
0.0204198
0.02
0.0201829
0.0197947
0.328352
0.0202147
0.0197003
0.296911
0.0209904
0.0206104
0.0230558
0.0199117
0.308629
0.0205611
0.020969
0.0202463
0.019733
0.0203671
0.0196952
0.0452473
0.380173
0.0197457
0.0209048
0.0206478
0.316082
0.0223113
0.0220808
0.256958
0.0208266
0.0220188
0.0218863
0.0200316
0.0204032
0.0195921
0.260207
0.0204319
0.0197993
0.0197901
0.0197756
0.313894
0.0202464
0.0211135
0.0205254
0.0198738
0.228126
0.019782
0.0209797
0.328864
0.336225
0.0197542
0.304252
0.0197188
0.0213173
0.0287856
0.365442
0.277665
0.546042
0.020097
0.0197571
0.0206213
0.301754
0.0196725
0.0200309
0.020203
0.0197412
0.0215472
0.0197338
0.0214993
0.0201299
0.0205026
0.0198667
0.0253668
0.0197314
0.0198067
0.293628
0.0201211
0.0207042
0.0197297
0.0197659
0.0198941
0.0197188
0.0198785
0.208899
0.0197198
0.0205274
0.0226563
0.0196847
0.342846
0.0197467
0.0196078
0.0244113
0.0204004
0.0196832
0.0198795
0.019776
0.0197817
0.638996
0.171708
0.0199778
0.02286
0.0230284
0.020284
0.297815
0.0215558
0.0202441
0.0198191
0.323714
0.0198991
0.0205008
0.0198839
0.0203482
0.0224378
0.0201945
0.256966
0.0228507
0.0209511
0.0216884
0.019991
0.274978
0.0331239
0.0196995
0.0210067
0.341639
0.238968
0.294821
0.0821226
0.0206939
0.0201183
0.379065
0.0197335
0.0211319
0.0219939
0.0237993
0.290883
0.020574
0.0198284
0.020309
0.0201101
0.425529
0.0229469
0.0215864
0.0204629
0.0206826
0.0196716
0.0227587
0.0207756
0.0200245
0.392908
0.0211006
0.0212213
0.0201583
0.0197979
0.327053
0.0232306
0.0197863
0.0229887
0.0200221
0.0200765
0.0214218
0.0198785
0.0209304
0.417697
0.0197299
0.257983
0.0207804
0.019904
0.0201498
0.0320987
0.0209376
0.0203143
0.020236
0.605064
0.0197887
0.0201315
0.163617
0.456015
0.0197877
0.266246
0.342688
0.0207029
0.0198788
0.282179
0.0201872
0.288746
0.0204116
0.0202263
0.022538
0.021111
0.0214413
0.0209351
0.0204582
0.0208701
0.281312
0.0197316
0.284639
0.0252222
0.0212078
0.0228301
0.0198798
0.0202227
0.0498762
0.0198954
0.0206332
0.0212998
0.02172
0.0198147
0.0219112
0.0224636
0.0197609
0.0214639
0.0207228
0.0197426
0.0201263
0.0205592
0.428453
0.208321
0.325436
0.0199591
0.0197013
0.0197345
0.385036
0.0204583
0.145193
0.0202814
0.290153
0.29695
0.16059
0.0197038
0.276511
0.0207506
0.0522225
0.0260542
0.0200661
0.310101
0.0212563
0.019662
0.0207246
0.0197104
0.0196851
0.0200783
0.0435311
1.24941
0.0207498
0.0222831
0.0196836
0.0198002
0.02078
0.818585
0.200257
0.0626547
0.0203121
0.0197007
0.0297521
0.0197305
0.280364
0.0202513
0.0209622
0.0206912
0.0205241
0.0220897
0.0208568
0.0199157
0.0199573
0.290037
0.270546
0.0195843
0.0207886
0.0197595
0.266977
0.0197672
0.0202797
0.0196094
0.019729
0.0224274
0.0224642
0.0241273
0.0202932
0.0298352
0.302792
0.0232918
0.0206437
0.0197963
0.0195916
0.0198576
0.0211835
0.0199403
0.0195959
0.0298759
0.0224649
0.0224366
0.0196558
0.256059
0.0198685
0.0201994
0.0246388
0.0200102
0.0198829
0.0347984
0.0197167
0.420439
0.0631049
0.0196684
0.0196201
0.0208342
0.020927
0.188389
0.021426
0.0196685
0.0203473
0.0201234
0.0224613
0.0224396
0.270252
0.01972
0.0224588
0.0209031
0.0199696
0.0208083
0.0224471
0.0202195
0.0199807
0.0201639
0.0200449
0.0224311
0.0205618
0.0438827
0.0215004
0.0198157
0.277789
0.0342043
0.0199477
0.443996
0.0197063
0.417731
0.329494
0.020814
0.0230891
0.0205695
0.0230667
0.0224402
0.0201618
1.14991
0.0204932
0.0201242
0.0198624
0.235796
0.0232313
0.0195779
0.0203628
0.0206585
0.0224252
0.0203169
0.291951
0.424684
0.0278508
0.0221114
0.0201188
0.0197759
0.0240553
0.0204535
0.0230157
0.0349538
0.0200093
0.020846
0.0208893
0.343961
0.0196931
0.0203311
0.314062
0.022469
0.0195963
0.020715
0.0197751
0.328564
0.0413041
0.0198141
0.0196106
0.020662
0.0197539
0.0203527
0.305958
0.0197463
0.325869
0.0224548
0.187353
0.0285564
0.0209355
0.0230697
0.0239315
0.247714
0.242825
0.655885
0.0232696
0.0195857
0.0200978
0.0206116
0.303502
0.0196037
0.282264
0.275377
0.0228207
0.0232215
0.0224823
0.0224923
1.24192
0.316677
0.019695
0.0200553
0.0200237
0.0206727
0.0201806
0.0230762
0.0214
0.0224783
0.0225349
0.0197579
0.0196801
0.226713
0.0203826
0.0198178
0.0203798
0.0199816
0.0198783
0.0229028
0.0229247
0.0197822
0.0230377
0.241803
0.0234854
0.0195512
0.0195549
0.0270112
0.908963
0.0207516
0.0308424
0.0210811
0.0197448
0.280712
0.0203237
0.0205666
0.33772
0.0207591
0.0195884
0.0205995
0.0196503
0.0224489
0.0198971
0.0196517
0.0228655
0.0201064
0.0203638
0.0195951
0.0207244
0.0224846
0.0195779
0.285316
0.163147
0.0196606
0.0207845
0.0198896
0.317368
0.0206114
0.0196494
0.0196686
0.280665
0.280155
0.0212597
0.0227595
0.0227196
0.0227732
0.022736
0.0226895
0.0227302
0.0227515
0.022766
0.0227129
0.0226269
0.0227241
0.0226834
0.0226068
0.0224715
0.0224999
0.0224584
0.0224462
0.267321
0.0225328
0.0225394
0.0226183
0.0225195
0.0225234
0.0226342
0.0224655
0.0225259
0.0226207
0.0195419
0.0195311
0.0225165
0.02248
0.11847
0.26105
0.256568
0.0264752
0.0203165
0.0197679
0.0195916
0.0195207
0.0198618
0.0225473
0.0225355
0.0225189
0.0224265
0.0224564
0.022465
0.022479
0.0224614
0.0224667
0.0225312
0.0226024
0.022586
0.230035
0.022587
0.253599
0.0213421
0.0224576
0.0226013
0.0225421
0.0225362
0.0224902
0.0226163
0.0225447
0.02001
0.0225419
0.0226224
0.0207266
0.0223885
0.269925
0.0203491
0.0205031
0.0213385
0.0206044
0.0205836
0.0234824
0.0197034
0.0208794
0.924699
0.329665
0.020927
0.35342
0.019961
0.0196861
0.020963
0.324743
0.309538
0.0198595
0.019774
0.0197442
0.545722
0.0198651
0.021832
0.0198695
0.0201786
0.169391
0.351528
0.0397837
0.230364
0.0198212
0.0207359
0.0210749
0.019784
0.0197664
0.0585742
0.301655
0.0210602
0.0198658
0.0196305
0.268117
0.0197218
0.0198106
0.0200345
0.04313
0.230459
0.0863686
0.0202407
0.1014
0.0206174
0.0371265
0.231397
0.0197678
0.230081
0.0198955
0.0402595
0.0211874
0.0335203
0.255742
0.0195923
0.0199801
0.443842
0.0197064
0.258708
0.281646
0.0199103
0.600121
0.0208078
0.0204512
0.0198662
0.0205024
0.0202463
0.0198677
0.01974
0.0198279
0.0199515
0.0201034
0.279915
0.022676
0.362996
0.339205
0.0200314
0.0196555
0.106548
0.0200874
0.0198215
0.0197731
0.0205718
0.0200116
0.0204892
0.0197405
0.0206237
0.0198956
0.0224376
0.0198013
0.0205109
0.0198483
0.643134
0.020752
0.0225273
0.0197034
0.0205385
0.0203235
0.0200641
0.0208101
0.064501
0.021897
0.0210569
0.0200638
0.0195971
0.0195794
0.019575
0.021444
0.280527
0.0201821
0.0197032
0.0198926
0.0205872
0.101881
0.0208374
0.0198669
0.262584
0.0203285
0.0212017
0.442234
0.0206948
0.0362602
0.0224562
0.0198258
0.020107
0.0154975
0.0204067
0.0225479
0.0199017
0.0198677
0.0418078
0.273889
0.0200012
0.0196793
0.0196412
0.0202154
0.0197488
0.0197315
0.0198288
0.0196731
0.0204707
0.0208673
0.0404736
0.027891
0.0201242
0.0196542
0.153644
0.0196676
0.0199808
0.0216121
0.019578
0.29575
0.0201432
0.0198789
0.027014
0.0214336
0.0210909
0.0198311
0.0196379
0.384743
0.0198154
0.020475
0.0201659
0.0195783
0.0203155
0.021321
0.0203489
0.0197053
0.021965
0.0206237
0.0201604
0.0226092
0.0200701
0.0204945
0.0210311
0.32928
0.0375814
0.0231686
0.906422
0.019599
0.0202219
0.0200283
0.0198859
0.0200566
0.0202274
0.0196452
0.0195619
0.0201834
0.22521
0.0216736
0.0199296
0.0202548
0.02011
0.020029
0.317028
0.0204082
0.0210066
0.0201626
0.0196135
0.0197192
0.0326209
0.0204365
0.0197666
0.0203166
0.0196526
0.0198207
0.157426
0.0215996
0.0195751
0.0197164
0.022226
0.025853
0.0203631
0.0199925
0.0196548
0.0204498
0.0195868
0.0217543
0.0198109
0.0204846
0.019804
0.0196688
0.0223014
0.0198905
0.0198714
0.0200788
0.0196378
0.0196551
0.0199097
0.0228538
0.187277
0.0196927
0.0231944
0.0196778
0.0200948
0.0197519
0.0199401
0.0201112
0.0219567
0.206542
0.0218487
0.0337026
0.0198324
0.0196342
0.0199515
0.0197169
0.0197645
0.0199277
0.0208797
0.0210307
0.0197896
0.021421
0.019959
0.0196984
0.31165
0.0210785
0.0204966
0.0196886
0.0245808
0.0270685
0.020227
0.0207302
0.0197253
0.157429
0.0201281
0.472445
0.0196377
0.0198105
0.232683
0.0449092
0.0206803
0.0203103
0.020195
0.0196543
0.0205081
0.0206572
0.0202781
0.27438
0.0199258
0.0197646
0.298961
0.0227117
0.0206261
0.0232454
0.0196532
0.0207283
0.0318171
0.0200698
0.0203775
0.0202451
0.0207804
0.0198998
0.31333
0.0196429
0.0197089
0.0200768
0.0207282
0.0208081
0.0207319
0.020969
0.18326
0.0201345
0.021381
0.0197931
0.0199678
0.0426849
0.0198757
0.0500442
0.0197448
0.0203983
0.0205163
0.0198943
0.0195656
0.0967632
0.0205179
0.0201249
0.0208305
0.321855
0.32265
0.158465
0.0199155
0.0197527
0.0205228
0.0200124
0.0210387
0.0221865
0.0208175
0.019824
0.0200541
0.0198788
0.0243152
0.0201242
0.0324472
0.0195935
0.021622
0.0205901
0.0198663
0.0204064
0.0208581
0.020835
0.0224408
0.0209667
0.0197664
0.0205835
0.0201174
0.0391734
0.105149
0.0201296
0.0195598
0.0204213
0.0203964
0.0196148
0.0201127
0.199957
0.021758
0.0207237
0.0209718
0.0196817
0.0200848
0.0216528
0.0198797
0.0201717
0.166497
0.0204849
0.0205948
0.0200268
0.215346
0.0197981
0.0203981
0.0459794
0.247059
0.0198481
0.382393
0.0196684
0.0207999
0.0218827
0.0238719
0.0198635
0.0769586
0.0398416
0.0212038
0.019721
0.020135
0.0197049
0.380941
0.019632
0.0196555
0.0197087
0.020001
0.019681
0.0214142
0.0207318
0.023162
0.0946246
0.0196267
0.0386361
0.62563
0.0214128
0.0214237
0.0203109
0.0198553
0.0223289
0.0196868
0.0198881
0.0196381
0.0196701
0.382254
0.0202563
0.0209361
0.0264995
0.0211507
0.0478965
0.0197517
0.0208801
0.0197307
0.0195656
0.0202217
0.0201055
0.0201393
0.0206878
0.0220745
0.11266
0.0196861
0.0197713
0.0202781
0.0196537
0.0661647
0.0248885
0.019863
0.0203369
0.271536
0.0201302
0.0205259
0.0210214
0.359174
0.0213495
0.019767
0.339228
0.0217362
0.0208532
0.0207247
0.187813
0.26364
0.019784
0.019643
0.0199683
0.019999
0.0213403
0.0197637
0.0207658
0.021146
0.130587
0.276873
0.0204004
0.149045
0.346159
0.0196421
0.0206935
0.0196803
0.0213389
0.0201073
0.0200518
0.0210098
0.0810793
0.0509619
0.0199454
0.0196871
0.0201283
0.268867
0.0217643
0.0210281
0.0198486
0.0198272
0.022858
0.0202232
0.0197467
0.379826
0.275423
0.271044
0.0196734
0.0219297
0.0199667
0.0212243
0.262904
0.0205064
0.327231
0.282329
0.0197575
0.0212543
0.0214087
0.019722
0.020168
0.0217032
0.0210756
0.0199766
0.0202405
0.334812
0.0217898
0.0209375
0.268329
0.188134
0.0204244
0.0214969
0.0204092
0.285343
0.266826
0.261219
0.265495
0.296664
0.308794
0.299347
0.281007
0.0208627
0.413161
0.0225752
0.0198045
0.0207767
0.0208095
0.0209702
0.0242997
0.03337
0.294523
0.0289978
0.0196963
0.0196527
0.0198957
0.020429
0.0199085
0.048146
0.0283149
0.0201479
0.331097
0.031101
0.0203225
0.020001
0.0207136
0.0220507
0.0199433
0.020625
0.0209793
0.0228747
0.377125
0.0198954
0.097113
0.0227994
0.0201257
0.307472
0.0223578
0.0231361
0.0200993
0.281852
0.0208146
0.0196758
0.198147
0.0199498
0.0212435
0.0203019
0.332711
0.0203731
0.0205267
0.0201736
0.0202575
0.0197364
0.12147
0.0197307
0.0217291
0.0211519
0.0200428
0.0196985
0.0203729
0.0222029
0.207797
0.104858
0.0214975
0.0272516
0.0198491
0.315544
0.0203606
0.0211221
0.0202871
0.020348
0.0715325
0.0197079
0.0206114
0.0199478
0.358452
0.0196682
0.268774
0.220199
0.0322417
0.0200791
0.33802
0.0654442
0.0197673
0.0226834
0.0199002
0.0197999
0.0202913
0.0221396
0.0201517
0.0372125
0.0427199
0.0204131
0.0197436
0.0222072
0.0212567
0.0206948
0.029967
0.258709
0.0204881
0.0202925
0.0202991
0.279157
0.27464
0.288325
0.0198809
0.314411
0.0200113
0.020255
0.0823729
0.0231932
0.316097
0.0211532
0.0180943
0.0201142
0.0199425
0.278614
0.385298
0.0219891
0.242749
0.26419
0.327925
0.3307
0.327923
0.0466929
0.272963
0.0198803
0.0238835
0.221468
0.0210158
0.286718
0.286449
0.0211062
0.0200996
0.0199194
0.333341
0.117872
0.254341
0.0205347
0.0198632
0.019999
0.165419
1.98643
0.375053
0.211878
0.0211744
0.102493
0.377248
0.0199808
0.0528333
0.0201496
0.0915821
0.0199415
0.0206102
0.0247965
0.0241964
0.239675
0.0198596
0.0200958
0.0198817
0.161673
0.0203817
0.0200104
0.147782
0.0240654
0.0204741
0.106431
0.0203959
0.0198948
0.31224
0.0253117
0.0204806
0.022654
0.0201246
0.102545
0.0200781
0.125855
0.0214608
0.0200108
0.0201361
0.0207752
0.252529
0.162962
0.273319
0.271636
0.0210002
0.0276013
0.0211231
0.0664159
0.0200468
0.0200647
0.0198788
0.304132
0.0197209
0.0909688
0.0205258
0.0200217
0.0220531
0.21323
0.0360605
0.0241478
0.0201408
0.0198812
0.0199495
0.275916
0.0209475
0.100882
0.295537
0.0204571
0.0204361
0.256299
0.256211
0.0199918
0.0209793
0.0204441
0.0448372
0.253026
0.0198886
0.0204561
0.757308
0.280836
0.0207177
0.0199626
0.032121
0.0209466
0.0203739
0.020982
0.0204768
0.29255
0.0205105
0.363651
0.0207917
0.29521
0.0248529
0.274784
0.32116
0.0200134
0.266737
0.0200234
0.256072
0.280891
0.31034
0.020663
0.0266806
0.268018
0.0224496
0.274105
0.294624
0.34471
0.0207705
0.0199161
0.0198946
0.020285
0.0232705
0.0203906
0.173622
0.0297862
0.0207844
0.019828
0.0547083
0.0203746
0.238062
0.171143
0.274888
0.353502
0.021737
0.0276177
0.0205417
0.0205279
0.0217659
0.03093
0.0197941
0.019864
0.0199638
0.197622
0.0200484
0.135134
0.0205905
0.0201818
0.02029
0.0290508
0.0203425
0.325236
0.0206623
0.0203365
0.0204883
0.331529
0.32984
0.319434
0.0202136
0.0705693
0.0224717
0.288956
0.285427
0.0202028
0.0204391
0.0220945
0.331562
0.020063
0.0206737
0.0204005
0.0201877
0.504051
0.0235086
0.0204444
0.0134221
0.424421
0.0214595
0.369529
0.0202945
0.367221
0.047827
0.0207361
0.316488
0.0198505
0.0203619
0.020023
0.0226273
0.0199907
0.0200199
0.73121
0.0202655
0.019836
0.020531
0.0200898
0.0200922
0.0201091
0.020148
0.217197
0.385461
0.0218297
0.0204985
0.023431
0.0191416
0.0199723
0.0213723
0.349977
0.0225057
0.0321924
0.0206046
0.025427
0.0198347
0.0226594
0.0198484
0.0220573
0.0207845
0.0197663
0.23614
0.0208378
0.0178891
0.437862
0.0218765
0.0203505
0.228758
0.277547
0.0223364
0.376714
0.314549
0.0202972
0.0204138
0.020528
0.0204438
0.0236062
0.0197096
1.09853
0.0202859
0.0215635
0.0204138
0.0205772
0.321981
0.329778
0.0208292
0.0204865
0.39539
0.364762
0.0203148
0.0201451
0.0211718
0.0648338
0.020271
0.0216934
0.0201472
0.0200293
0.0199607
0.0204542
0.020618
0.0198504
0.0201279
0.0198351
0.0205852
0.0199382
0.0199716
0.0199716
0.0218432
0.0200615
0.374467
0.419512
0.0208412
0.0201667
0.0212627
0.0205664
0.0199595
0.277782
0.64583
0.0199614
0.135461
0.0199667
0.0199601
0.0695312
0.0196427
0.0203366
0.169504
0.0199912
0.0196751
0.0205792
0.2819
0.0207124
0.453974
0.274866
0.0202663
0.020184
0.0198362
0.192197
0.0216905
0.0212944
0.0232304
0.70544
0.0209675
0.0208281
0.0204111
0.0210389
0.0203221
0.0241689
0.681731
0.0485621
1.31067
0.0229069
0.0200328
0.0206025
0.0199468
0.200065
0.020153
0.270886
0.0202262
0.0223497
0.0199583
0.0203834
0.379728
0.0200071
0.0199928
0.0199834
0.025385
0.0851785
0.0200413
0.0199485
0.0225987
0.0204498
0.0218143
0.273073
0.0214366
0.0202444
0.33254
0.0710325
0.185759
0.0208536
0.316693
0.155399
0.0202651
0.0215611
0.0200072
0.0218934
0.0198379
0.020677
0.0199793
0.0213852
0.350494
0.0206316
0.304839
0.0212533
0.0242319
0.426028
0.0202683
0.0206042
0.375424
0.0207722
0.0221155
0.188387
0.0196888
0.669917
0.0198443
0.0204539
0.378872
0.0198534
0.0208895
0.0209144
0.35714
0.0204723
0.0247092
0.250781
0.0214676
0.296293
0.0245472
0.0199865
0.0203279
0.0204342
0.020743
0.0200193
0.0200782
0.0203425
0.0314359
0.0213005
0.0912009
0.289482
0.0204675
0.0207071
0.020049
0.0205307
0.326875
0.0203095
0.694927
0.276743
0.251594
0.0202345
0.0277828
0.0204504
0.275468
0.214392
0.020919
0.147909
0.0198483
0.0201634
0.0238966
0.02061
0.0202013
0.449131
0.454212
0.0244222
0.282975
0.0204873
0.0201067
0.0597568
0.0337149
0.375512
0.0222302
0.0205928
0.0200306
0.680001
0.0206242
0.302651
0.0227661
0.019726
0.0234426
0.0198458
0.020091
0.021351
0.265107
0.0205547
0.0215469
0.0577883
0.0200577
0.020835
0.0207691
0.332128
0.0204579
0.0206799
0.0203954
0.0204225
0.539305
0.0200249
0.0199784
0.0209446
0.020365
0.0205055
0.0275721
0.0200439
0.021473
0.080371
0.0201237
0.0205604
0.305355
0.0200573
0.020362
0.356244
0.0209296
0.0202767
0.0206475
0.0625841
0.0207129
0.0208588
0.235138
0.0198188
0.0205321
0.0204284
0.0200759
0.153441
0.0201089
0.0202442
0.0205975
0.0198697
0.33886
0.301648
0.0201081
0.0208112
0.020929
0.0199127
0.0202405
0.0212983
0.0201165
0.0212022
0.0205059
0.0205809
0.0200307
0.300252
0.0204174
0.0204124
0.273037
0.262486
0.188851
0.0202598
0.0214041
0.0205497
0.271357
0.0207023
0.044648
0.424262
0.357652
0.0876066
0.330079
0.0201288
0.0204811
0.028029
0.021711
0.387254
0.420497
0.0198684
0.0203242
0.0202072
0.0207449
0.0198414
0.0204316
0.0199573
0.0210114
0.0211991
0.0492476
0.0198575
0.20152
0.0722654
0.0200563
0.330136
0.0196626
0.0200527
0.0217011
0.0201245
0.0203901
0.0198156
0.0218088
0.0226671
0.0200897
0.0206503
0.0218115
0.0204639
0.0207305
0.0221838
0.0204665
0.0200641
0.303966
0.110907
0.0204416
0.0204038
0.0199922
0.324491
0.0528467
0.0200857
0.0240463
0.0219797
0.0236409
0.0298719
0.304281
0.020739
0.195103
0.292092
0.0912388
0.334075
0.340984
0.20944
0.0202236
0.0206761
0.0201616
0.0408129
0.0202282
0.0203056
0.0493593
0.0203664
0.154475
0.020497
0.374253
0.0205779
0.0202381
0.0202085
0.0198965
0.489938
0.0216742
0.020194
0.0199437
0.182744
0.155152
0.152808
0.0202327
0.0204393
0.28509
0.0206102
0.366932
0.0196221
0.0208027
0.268973
0.0251524
0.218706
0.0208854
0.0735029
0.0211814
0.0202394
0.0212062
0.0201142
0.0210577
0.0205491
0.0209351
0.382234
0.195345
0.320732
1.38344
0.0208214
0.021128
0.0202975
0.019669
0.0698092
0.0205169
0.0204381
0.0196539
0.0204367
0.0202255
0.0205694
0.0673583
0.372699
0.377107
0.0275812
0.0215166
0.0202247
0.0202324
0.0202617
0.38398
0.0210415
0.0915361
0.0224521
0.384142
0.0199751
0.0206037
0.349093
0.0205412
0.0202454
0.0214356
0.0210041
0.0202942
0.0202601
0.0201217
0.0200907
0.0199451
0.0204364
0.0200796
0.0203062
0.302887
0.0201431
0.0203338
0.0207454
0.0200158
0.0202772
0.0216948
0.483756
0.0207211
0.0206667
0.0205039
0.316978
0.218616
0.0273132
0.367035
0.0204305
0.0205303
0.0204041
0.0207757
0.0206396
0.0205754
0.020241
0.0202914
0.020379
0.0424688
0.0208033
0.0200606
0.477371
0.0204788
0.0209255
0.690575
0.0209458
0.0283037
0.209712
0.0200552
0.0214412
0.0221173
0.376646
0.489605
0.536193
0.0205068
0.0203163
0.0203065
0.0205775
0.020443
0.0203927
0.0219373
0.0263271
0.0226966
0.023735
0.38457
0.0200767
0.02216
0.0228142
0.325552
0.0202068
0.335154
0.0203347
0.0204387
0.0196277
0.0200353
0.451013
0.020724
0.0202892
0.0203069
0.020486
0.0268896
0.320771
0.020043
0.0205645
0.0211195
0.463599
0.0211055
0.0224781
0.385722
0.347216
0.0204143
0.0204167
0.376629
0.0203121
0.0203294
0.2097
0.021065
0.0203908
0.0200769
0.0205974
0.392358
0.0250787
0.0231761
0.0207071
0.0200289
0.0204484
0.024238
0.0204136
0.0212173
0.0203241
0.0241329
0.328738
0.0203762
0.0205818
0.0203622
0.319192
0.0225797
0.0462178
0.362444
0.0217988
0.0207378
0.0199903
0.348486
0.0206717
0.554457
0.0204098
0.23135
0.0203957
0.295313
0.0410776
0.0206323
0.0212368
0.410816
0.0206636
0.0235923
0.0212039
0.233475
0.0205039
0.0203743
0.0204157
0.0203591
0.0272596
0.0204961
0.0204756
0.0206459
0.356511
0.0296869
0.0207634
0.0210401
0.378446
0.0205339
0.587775
0.0216133
0.362149
0.0321387
0.315735
0.0199749
0.321425
0.020095
0.0203905
0.58737
0.0206336
0.0206826
0.0209851
0.0237385
0.0211994
0.0201917
0.020337
0.0252147
0.0202591
0.0214555
0.169273
0.0196142
0.382526
0.0205467
0.35079
0.0212513
0.021401
0.0200731
0.485907
0.0206756
0.11318
0.0203956
0.0213227
0.0212617
0.0221344
0.0202081
0.0196245
0.020484
0.020176
0.0201286
0.423921
0.0202676
0.0218098
0.145053
0.0206084
0.0210534
0.562351
0.0204003
0.0207421
0.501274
0.028842
0.0203901
0.020784
0.0214036
0.0215841
0.0203937
0.0215173
0.213459
0.425211
0.0205118
0.416381
0.0208136
0.0207226
0.0207428
0.020775
0.498368
0.427654
0.0279254
0.0211437
0.0205854
0.0656607
0.0204646
0.0203798
0.0207346
0.437168
0.0201979
0.0196239
0.0204281
0.0217474
0.371713
0.0228764
0.0205407
0.022085
0.0202462
0.0203728
0.0225542
0.439419
0.0222717
0.320915
0.0243691
0.0201468
0.0240988
0.0201716
0.0241626
0.021336
0.192644
0.384014
0.0199107
0.0203354
0.0246274
0.0265632
0.332103
0.702069
0.0204299
0.38515
0.0206481
0.0209631
0.020343
0.0448451
0.0210041
0.0337601
0.0205401
0.0214594
0.43214
0.0212627
0.19558
0.0203712
0.146506
0.0636322
0.0202039
1.53821
0.0211362
0.210321
0.0984438
0.062734
0.0202358
0.0214552
0.0203271
0.0214826
0.0206961
0.357466
0.0207581
0.019831
0.020939
0.0202908
0.156159
0.0208463
0.0218163
0.0205148
0.0231976
0.0207123
0.022219
0.0206743
0.0206844
0.0199992
0.0208922
0.0207428
0.0213763
0.0210874
0.0206477
0.227885
0.0211474
0.0204836
0.0204972
0.488495
0.188128
0.0205113
0.0199637
0.0213909
0.10225
0.313566
0.0338571
0.020023
0.374422
0.0202467
0.0202511
0.0215266
0.0214444
0.0209698
0.496392
0.0202077
0.0206275
0.0207841
0.022678
0.0207049
0.0202815
0.0204927
0.0205354
0.0211548
0.020879
0.0208204
0.0208616
0.0226791
0.0257704
0.0207675
0.0206138
0.2655
0.0218714
0.304942
0.020452
0.0205108
0.39095
0.0220536
0.202058
0.0231203
1.2843
0.0205691
0.021858
0.0205307
0.0204714
0.372587
0.0209798
0.0221019
0.0205929
0.0213829
0.020573
0.0244949
0.146636
0.0236198
0.0208596
0.0211263
0.46285
0.0204
0.0208695
0.0222564
0.0205837
0.208081
0.0206627
0.0199307
0.375163
0.0231511
0.0264651
0.02109
0.0211817
0.0211143
0.0203755
0.0203868
0.0205383
0.0203176
0.0207797
0.375618
0.0200244
0.455762
0.026634
0.0214319
0.0217891
0.0212642
0.020962
0.0208099
0.0204512
0.369419
0.0233675
0.201968
0.0203852
0.723378
0.0205135
0.117535
0.0209434
0.0224294
0.429103
0.0206987
0.0381426
0.0207879
0.0202574
0.0205094
0.0207883
0.765379
0.387199
0.0376997
0.0206147
0.0207828
0.020625
0.492128
0.0207
0.0212012
0.0236001
0.0259979
0.730675
0.0205119
0.020564
0.0208464
0.020327
0.336157
0.0205249
0.023948
0.0203734
0.0198321
0.49867
0.0206166
0.0203328
0.0233808
0.48708
0.0204963
0.160731
0.0218534
0.0215298
0.0212045
0.0211969
0.0216236
0.208009
0.223786
0.408748
0.0214116
0.0563356
0.0196192
0.0219727
0.0205818
0.0216581
0.380944
0.0201578
0.284047
0.0240736
0.0222393
0.0219019
0.438145
0.241393
0.105687
0.0211039
0.0210303
0.0234921
0.0209376
0.0199182
0.0199748
0.37484
0.651365
0.0196253
0.0366822
0.0214298
0.0275792
0.424405
0.0202799
0.431754
0.194216
0.0208857
0.0305124
0.433147
0.0212618
0.559894
0.0206311
0.0198447
0.022813
0.128508
0.0212797
0.0295564
0.0206252
0.025617
0.0273023
0.0230857
0.0207485
0.243114
0.484206
0.0201302
0.0198847
0.0205573
0.0212226
0.0212338
0.0195936
0.0208356
0.019974
0.0877075
0.0207967
0.520128
0.0210844
0.021662
0.088528
0.0210706
0.0200901
0.474789
0.0207366
0.020597
0.0208981
0.0200712
0.022061
0.0207215
0.0196485
0.0642231
0.0199831
0.0257237
0.0208905
0.0212914
0.0202433
0.020571
0.548517
0.0200341
0.0205963
0.488652
0.374958
0.0208272
0.0211504
0.432872
0.0207974
0.0207363
0.0203702
0.0364157
0.0210559
0.020649
0.0308194
0.0213222
0.0214734
0.0208744
0.0205828
0.0206819
0.0206427
0.0205548
0.0319435
0.28912
0.0270922
0.0206871
0.0205509
0.0209119
0.328281
0.947103
0.0226399
0.433573
0.0926564
0.0199298
0.0196275
0.275599
0.353662
0.0209135
0.020074
0.539657
0.298436
0.0287567
0.0214414
0.0198336
0.0207023
0.375318
0.0211423
0.0264195
0.406351
0.0206088
0.421917
0.0269203
0.0213496
0.0205437
0.0206825
0.0206881
0.0445546
0.0210592
0.0271246
0.0207285
0.0214601
0.0212063
0.0204413
0.0320838
0.0209536
0.0207463
0.0206155
0.375252
0.0200398
0.0206918
0.0213118
0.674584
0.275097
0.0204285
0.0435472
0.0204964
0.0202197
0.0206045
0.0218945
0.0240902
0.0200497
0.0204748
0.0211239
0.201977
0.0205954
0.298108
0.0200623
0.0228795
0.0211306
0.0205965
0.0199128
0.0204095
0.0218823
0.109524
0.0219497
0.020756
0.0210296
0.362206
0.0211102
0.0206415
0.0233997
0.021919
0.0209018
0.0207793
0.349369
0.0228066
0.0277943
0.0233355
0.0242311
0.0202609
0.0209734
0.020594
0.0208234
0.0216337
0.381223
0.0208366
0.0210514
0.0208256
0.0240385
0.0260168
0.0208325
0.696694
0.0237252
0.0208352
0.0348312
3.07829
0.137568
0.111197
0.021421
0.0206371
0.021001
0.0217027
0.0207919
0.138371
0.0284933
0.0206595
0.432213
0.0204584
0.0212099
0.0207933
0.0206571
0.328362
0.0207627
0.0206871
0.037935
0.0695363
0.0306878
0.389444
0.0206155
0.425876
0.370577
0.472886
0.0213353
0.0200829
0.0572155
0.0196445
0.0223395
0.0218904
0.42544
0.0205736
0.0252715
0.0200233
0.0216271
0.0205829
0.0200935
0.0207306
0.226148
0.23589
0.0209971
0.480895
0.0213452
0.0203915
0.0263581
0.0841739
0.0210936
0.0320143
0.649327
0.0255825
0.021043
0.0207395
0.0220005
0.0211823
0.664181
0.0207041
0.0207771
0.0210344
0.0206908
0.0207233
0.023644
0.0200403
0.0207812
0.0311647
0.0207608
0.0198348
0.0216151
0.0238019
0.0331017
0.0589096
0.0210494
0.702127
0.0213261
0.0207155
0.0219501
0.0319288
0.0346543
0.0206334
0.0206976
0.0207582
0.0208362
0.058603
0.189522
0.645045
0.0211837
0.0201668
0.0218826
0.0200517
0.0224249
0.0207177
0.242506
0.486078
0.0237752
0.0208126
0.0326736
0.426709
0.0209014
0.738406
0.0200613
0.348329
0.306231
0.0206863
0.156705
0.0219671
0.0520885
0.0208263
0.715709
0.0233232
0.29481
0.0209506
0.0208474
0.020991
0.0225499
0.020712
0.351023
0.0205782
0.0402063
0.251339
0.0535325
0.0353134
0.0200493
0.0206097
0.020717
0.0202564
0.0210836
0.0211633
0.0298517
0.0912261
0.0791431
0.0209896
0.0209369
0.0211264
0.0210539
0.0222847
0.324963
0.0207161
0.0210171
0.0207469
0.0217599
0.0210259
0.0209279
0.409752
0.28587
0.0263746
0.0207695
0.0249131
0.0196296
0.644274
0.0211721
0.0204749
0.327702
0.0209131
0.0216385
0.0244111
0.0215281
0.0212464
0.0208034
0.02579
0.0208476
0.0237747
0.795961
0.0211566
0.0288991
0.0205238
0.0256692
0.0205398
0.020729
0.423838
0.0209877
0.0232657
0.0238953
0.0207799
0.0230102
0.0200256
0.0213122
0.542967
0.0203075
0.0209309
0.696911
0.0215116
0.0347952
0.019914
0.295927
0.0202934
0.139051
0.020862
0.0242906
0.0210961
0.175127
0.0207579
0.0202734
0.0207203
0.0212783
0.0203393
0.0225826
0.0205869
0.261597
0.0210165
0.0213548
0.0206549
0.0205486
0.0208041
0.0207985
0.0207975
0.400381
0.0243529
0.0233361
0.0207029
0.0210556
0.0216577
0.0203845
0.0205962
0.10242
0.0224872
0.0199327
0.020069
0.0207751
0.0210947
0.233591
0.0272391
0.0210234
0.0207158
0.0210759
0.0208131
0.0208835
0.0201908
0.162765
0.105029
0.0207122
0.0199121
0.0205779
0.0207118
0.0209294
0.0207473
0.0208984
1.19748
0.020766
0.0215877
0.105338
0.310342
0.0207107
0.0288885
0.0233926
0.714398
0.0611936
0.0206016
0.0220135
0.0233812
0.0213407
0.0222256
0.0211558
1.8803
0.410997
0.0335303
0.0229799
0.0316696
0.0233984
0.0208332
1.40081
0.0211901
0.110474
0.0206891
0.0293535
0.0424798
0.517631
0.0210187
0.02096
0.49874
0.0295351
0.0242696
0.49797
0.0203933
0.0291609
0.0203511
0.224924
0.0206913
0.0210709
0.0212951
0.0211048
0.0203607
0.0215964
1.78873
0.0595305
0.0204636
0.025956
0.0212813
0.28539
0.0227302
0.0210994
0.0219206
0.281147
0.832606
0.0211002
0.021984
0.0204847
0.0208843
0.0200808
0.0203572
0.335069
0.0211033
0.0422406
0.083788
0.0226846
0.0208012
0.0208003
0.356974
0.0213651
0.0213805
0.0202168
0.020796
0.0213482
0.0211515
0.314591
0.314868
0.0204642
0.333214
0.0252526
0.0207979
0.0202584
0.0214308
0.0202734
0.0226837
0.105578
0.0234167
0.0212274
0.631648
0.0211457
0.556498
0.0210206
0.0207052
0.0209517
0.0204325
0.02092
0.203139
0.0401466
0.0209466
0.228614
0.0205196
0.0233391
0.840432
0.0214276
0.0210398
0.0220102
0.0209787
0.0213224
0.156847
0.0305405
0.0207912
0.0199937
0.0221523
0.286367
0.0215805
0.0200073
0.457585
0.383297
0.0211109
0.0205612
0.231412
0.0219905
0.0205449
0.563305
0.0713631
0.337608
0.0219861
0.0720823
0.0240903
0.0244367
0.0232758
0.0206411
0.215336
0.0205866
0.0209142
0.602944
0.020878
0.0206965
0.0213821
0.0847385
0.0204689
0.0209658
0.0209167
0.0222516
0.020059
0.0209343
0.0226922
0.31443
0.0218366
0.399619
0.0484634
0.0199268
0.0242897
0.0436049
0.0211708
0.0210329
0.869695
0.0212248
0.0636132
0.0209684
0.0211898
0.0791233
0.019992
0.0207253
0.0209247
0.437187
0.020915
0.0301147
0.0202401
0.0207668
0.0200745
0.453453
0.0212239
0.0208261
0.0206784
0.30218
0.021342
0.0808947
0.0212215
0.020838
0.025454
0.402846
0.0210177
0.491802
0.105604
0.020037
0.0213992
0.0265569
0.0199929
0.0207778
0.475815
0.021145
0.0215774
0.733111
0.0201421
0.0212378
0.0221705
0.0286638
0.494595
0.0243865
0.503065
0.38154
0.0210823
0.29665
0.0295896
0.0377693
0.0215194
0.422769
0.0275808
0.0203423
0.128162
0.0210103
0.127809
0.0210577
0.42517
0.413171
0.0211448
0.020557
0.177434
0.0204569
0.0512611
0.0201912
0.0203568
0.0214244
0.106826
0.0209249
0.020412
0.0209318
0.0212488
0.0212893
0.021259
0.0196547
0.0209702
0.0255206
0.22682
0.0209953
0.204609
0.0209315
0.0215072
0.8737
0.115534
0.0222253
0.540726
0.0220961
0.0215708
0.0206189
0.0267966
0.0321764
0.0201855
0.0228654
0.0236304
0.224746
0.0209426
0.0209083
0.019969
0.0230572
0.0207032
0.0282885
0.657204
0.025238
0.0214319
0.0204441
0.0228335
0.0201753
0.0198448
0.0265469
0.658198
0.0201454
0.0352919
0.0221983
0.0212356
0.0274438
0.021111
0.021424
0.0205593
0.0201577
0.0200293
0.0199273
0.0253584
0.021901
0.0204626
0.0218279
0.0234916
0.0196038
0.0205437
0.022
0.0210693
0.0235113
0.0211952
0.0225032
0.0208588
0.0296132
0.0213458
0.0212083
0.711147
0.0283677
0.0209606
0.0266373
0.0208773
0.0203913
0.020927
0.02067
0.0218343
0.0214078
0.0252677
0.0216663
0.393258
0.0211524
0.0206732
0.0343631
0.0200721
0.0210477
0.0302444
0.0209347
0.586632
0.0209987
0.0203592
0.264688
0.0305058
1.41481
0.0209136
0.0209298
0.0207835
0.0228503
0.0201404
0.0208198
0.0596753
0.0347608
0.424612
0.445708
0.0214911
0.371688
0.0244473
0.0550219
1.03831
0.0318044
0.705021
0.0224163
0.188482
0.143441
0.0198612
0.452693
0.0208296
0.0208397
0.0202923
0.0211428
0.020932
0.0209178
0.0227932
0.854153
0.0224786
0.0278008
0.232724
0.0209471
0.107883
0.020266
0.0207482
0.0199277
0.600355
0.0211125
0.429983
0.571908
0.823301
0.0238174
0.136258
0.0200256
0.0373065
0.0334008
0.0203916
0.0223102
0.0312247
0.0211966
0.020775
0.0210425
0.0209137
0.0632012
0.0221857
0.932728
0.0360872
0.0207497
0.0580973
0.020925
0.0212442
0.0409521
0.488974
0.0225919
0.0210373
1.46247
0.091288
0.021853
1.44225
0.0211966
0.0215913
0.0213501
0.0394259
0.019923
0.021143
0.0208685
0.0206833
0.0203761
0.023942
0.0210109
0.0212977
0.0237463
0.021419
0.763036
0.0209238
0.0212917
0.341999
0.0210459
0.0204312
0.161072
0.778007
0.0212476
0.0207443
0.0286441
0.0217268
0.0212962
0.021345
0.0206361
0.0211727
0.33181
0.0207622
0.0201732
0.0207234
0.0209652
0.0204583
0.0339993
0.0398203
0.0284711
0.0195422
0.356761
0.0211036
0.0211708
0.0206444
0.0207514
0.10696
0.020258
0.020728
0.0231338
0.0203862
0.0228191
0.029746
0.0205689
0.0228685
0.0359986
0.021156
0.398395
0.023879
0.067174
0.0256192
0.419492
0.0213204
0.0220903
0.0203731
0.0208141
0.0208363
0.0738129
0.0213527
0.0203059
0.0200629
0.304245
0.0210244
0.0202343
0.0203526
0.0225306
0.0214227
0.0210998
0.0322024
0.284273
0.625966
0.0231422
0.0306214
0.0208456
0.0327475
0.0444607
0.0202412
0.0240493
0.0315448
0.0207076
0.0218767
0.0211202
0.0204502
0.225806
0.025407
0.0224392
0.0293691
0.362328
0.0281533
0.0202591
0.02001
0.0776806
0.0207025
0.0261164
0.022316
0.0212016
0.0273424
0.0227638
0.0245233
0.0210595
0.0205639
0.0667154
0.0235001
0.722282
0.0539698
0.0388361
0.0219199
0.021365
0.0244776
0.0209886
0.0220802
0.0202736
0.0208671
0.399974
0.0236768
0.362614
0.13955
0.0302933
0.0213122
0.0867837
0.62109
0.104459
0.0201205
0.0215076
0.0284571
0.0216452
0.149732
0.314221
0.0209704
0.0527133
0.0651844
0.127331
0.145841
0.0205287
0.0215195
0.0275076
0.022864
0.877133
0.0456331
0.0532895
0.362743
0.0213954
0.0207391
0.0728993
0.0213735
0.019933
0.0219659
0.0210343
0.819149
0.0211424
0.0208518
0.027848
0.0228532
0.021049
0.0213473
0.021206
0.0211397
0.0217543
0.0343605
0.0203265
0.327117
0.0234758
0.716572
0.022589
0.0212167
0.0236585
0.027792
0.0265912
0.0595192
0.0209811
0.021164
0.0201576
0.0216187
0.0313429
0.0209247
0.0212956
0.0214124
0.0275828
0.0208169
0.686943
0.0211908
0.0220622
0.0228911
0.0266357
0.0226119
0.02113
0.0227943
0.0212237
0.0214136
0.0209872
0.0212384
0.0213616
0.0421405
0.020229
0.0210994
0.0214153
0.674753
0.0222714
0.0217659
0.021184
0.0222822
0.0296429
0.021203
0.0426989
0.83809
0.0209176
0.0216758
1.25751
0.0213382
0.0203287
0.0202674
0.0227534
0.0217566
0.0389595
0.0215611
0.0219173
1.03736
0.0203401
0.0207046
0.0214248
0.0251679
0.0253088
0.0213073
0.0278192
0.0210934
0.722152
0.0220626
0.0233692
0.387066
0.0307814
0.021246
0.0229408
0.0223653
0.021421
0.0238948
0.021122
0.0214182
0.0214531
0.0210399
0.0208005
0.021071
0.0209782
0.0228038
0.0320107
0.0205536
0.0212114
0.0203467
0.265382
0.037284
0.0214008
0.0201862
0.0209046
0.803859
0.0448853
0.0211663
0.106282
0.0213812
0.0205978
0.02055
0.020929
0.0214524
0.0212521
0.0210595
0.122083
0.0210492
0.0240489
0.0219092
0.0208592
0.109275
0.317166
0.0210099
0.0257555
0.36537
0.0206631
0.0207136
0.0210102
1.5078
0.688069
0.319657
0.545524
0.0215479
0.0299838
0.854117
0.0214522
0.0455568
0.208322
0.0863246
0.0210567
0.0315212
0.021373
0.0255519
0.42536
0.0213218
0.0248815
0.021183
0.0225224
0.0239713
0.371997
0.0227405
0.0203561
0.0208808
0.0201579
0.715102
0.0208302
0.0222369
0.0218794
0.0430856
0.0210755
0.0329973
0.35616
0.770432
0.29783
0.0257516
0.58938
0.0205631
0.0210126
0.0213461
1.20668
0.0211965
0.0210614
0.0220988
0.0200275
0.0212677
0.0216721
0.0218992
0.0207924
0.0212718
0.0213852
0.020663
0.0204246
0.109171
0.0208472
0.0207607
0.0223043
0.284399
0.02161
0.0430811
0.0220595
0.0242723
0.281561
0.0231479
0.0209134
0.021283
0.406371
0.0216255
0.706604
0.02309
0.0211852
0.0234069
0.163947
0.0209499
0.0201785
0.0203461
0.021084
1.27551
0.367002
0.0204244
0.020282
0.0249739
0.021071
0.021313
0.0458931
0.0462981
0.0205904
0.0225487
0.0214187
0.0292527
0.817116
0.0254606
0.0201651
0.0579021
0.0645509
0.0210753
0.0261973
0.0210562
0.713399
0.0205436
0.0625401
0.021102
0.0615353
0.0227204
0.0211574
0.0234188
0.0225419
0.0214033
0.0237976
0.0242902
0.0210799
0.0225068
0.0211228
0.0469197
0.0230834
0.0206692
0.0230011
0.0213906
0.0211725
0.0727701
0.0233806
0.0238878
0.0209476
0.0211538
0.0202115
0.0212666
0.020934
0.0210395
0.0212598
0.0207877
0.405739
0.0308157
0.0214816
0.0206779
0.04904
0.155866
0.0334441
0.0202778
0.0210949
0.0238608
0.0211018
0.0263366
0.0248891
0.0213725
0.0219954
0.0211845
0.299398
0.277683
0.402364
0.0218049
0.130883
0.0230405
0.0208039
0.0209198
0.0201423
0.0490508
0.0211032
0.0199527
0.0206578
0.458602
0.393578
0.0217512
0.0199359
0.0214524
0.0203391
0.0210833
0.372334
0.0209044
0.0210167
0.0232056
0.0210889
0.0213022
0.0453738
0.403858
0.0246816
0.0212929
0.102065
0.0210867
0.0215121
0.0213478
0.388687
0.0210888
0.0211492
0.0212799
0.021454
0.0705687
0.17981
0.0269806
0.0352294
0.0207088
0.0207704
0.0315029
0.0210941
0.0204357
0.035229
0.0200138
0.0219577
0.0207291
0.0212151
0.387613
0.0520429
0.0260099
0.0209386
0.0310404
0.32776
0.0221127
1.22692
0.0217487
0.0210387
0.0205107
0.0202805
0.0202996
0.0218489
0.0207618
0.0213801
0.0237285
0.021071
0.0210818
0.0227181
0.0210428
0.035592
0.020891
0.0201403
0.0211145
0.0213747
0.40639
0.020608
0.0213156
0.0397476
0.02518
0.0200069
0.037038
1.34378
0.0240193
0.263925
0.0628793
0.0212384
0.0209021
0.0302574
0.021187
0.0529141
0.0322907
0.0213213
0.0213893
0.0208587
0.0206607
0.0210366
0.0377868
0.0216258
0.0209857
0.0230882
0.0217509
0.0213673
0.0207003
0.273474
0.0260032
0.0203591
0.021229
0.0214489
0.0227105
0.280381
0.0771819
0.0200458
0.996382
0.0575963
0.082284
0.0199102
0.0205893
0.281316
1.44956
0.0213217
0.0213926
0.0212092
0.020297
0.0200405
0.0200261
0.0207456
0.0216025
0.0274893
0.0209027
0.0201432
0.0211138
0.0271454
0.0216645
0.0208936
0.0254273
0.0201318
0.492911
0.0257074
0.0213512
0.999152
1.35184
0.0174692
0.020021
0.0202774
0.0210747
1.33741
0.0270754
0.02136
0.0214073
0.0215409
0.0212092
1.45428
0.0212333
0.0268458
0.0212706
0.0200251
0.0334777
0.0717854
0.0216708
0.0262572
0.0213987
0.0211735
0.276272
1.80143
0.0208131
0.0205466
0.0263815
0.0333905
0.025283
0.0204427
0.0282814
0.0349281
0.0257686
0.0209912
0.0211898
0.020909
0.0207575
0.0232211
0.0209302
0.0251445
0.0348709
0.0225491
0.0476609
0.0277543
0.0212038
0.0213562
0.0722081
0.929179
0.150321
0.0937698
0.0200287
0.0423141
0.021408
0.0203976
0.022362
0.0221328
0.0215974
0.125727
1.09703
0.124391
1.39235
0.0212619
0.0586269
0.020152
0.0203251
0.0223782
0.0247276
0.276956
0.0215025
0.0250497
0.0253987
0.103538
1.34763
0.0210311
0.0214126
0.0184934
1.40728
0.0208598
0.421573
0.276069
0.0211894
0.0219374
0.0199877
0.0219031
0.0214162
0.0273718
0.424154
0.0213069
0.0201624
0.397551
0.120394
0.0327838
0.027641
1.36988
0.0507749
0.39253
1.24171
0.0218764
0.0210664
0.0299082
0.0211337
0.0213713
0.0202526
0.0207767
0.405134
0.0269168
0.0264606
0.323933
0.023116
0.0265693
0.0212104
0.025701
1.29168
0.0198401
0.0459867
0.418019
0.0454082
0.0214087
0.0228141
0.0222835
0.0200465
0.0204945
0.347614
0.0236493
0.0210494
0.0302122
0.0271393
0.0217672
0.0843088
0.0239954
0.0225624
1.15826
0.0205445
1.27902
0.021509
0.0245451
0.051134
0.0236183
0.277224
0.0214159
0.0250831
0.0211772
1.58033
0.026477
0.0387967
0.020163
0.0704556
1.63821
0.231963
0.02063
0.0247342
0.0270056
0.0207696
0.0203567
0.0247518
0.42341
0.0204237
1.59757
0.0224647
0.0212812
0.0212491
0.0224158
0.0244946
0.326119
0.112492
0.0273002
0.0216292
0.0212653
1.67978
0.0204435
0.0210505
0.151655
0.442067
0.0221049
0.0207457
0.0211855
0.0394249
0.852988
0.0288615
0.0214147
0.0547634
0.0203405
0.0312528
0.0213519
0.0203567
0.416604
1.73762
0.0286404
0.022237
1.7977
0.0295006
0.0230452
0.0213777
1.32425
0.0232199
0.0210054
0.0288728
0.0297607
0.245307
0.0301854
0.0213927
0.0939516
0.028156
0.0261427
0.0205551
0.0947875
0.0295756
0.0210018
0.176172
0.0214212
0.0213684
0.215011
0.0210192
0.044595
0.0206492
0.0327064
0.0250651
0.0209992
0.157852
0.0390666
0.0202131
0.588955
0.0208916
0.0209022
1.0463
0.655694
0.0476047
0.71265
0.0296151
1.70084
0.021358
1.23909
0.0248282
0.0206366
0.0312737
0.290715
0.0203036
0.0213516
0.0200948
0.0213759
0.0215897
0.0201654
1.29013
0.022939
1.51671
0.0214438
0.383255
0.0214021
1.60343
0.0207442
0.0206398
0.0213777
0.0214006
1.61106
0.740517
0.0203681
0.021632
0.985094
0.078198
0.0219948
0.020443
0.0205604
0.0393481
0.403739
0.422989
0.0261812
0.0203314
0.0203173
0.0219955
0.0220398
0.0213634
0.0223555
0.263651
0.0236497
1.46296
0.0217365
0.0202742
0.0252671
0.142179
0.0201891
0.0221903
0.0195917
0.0242623
0.0213657
0.0219002
0.0214405
0.0217643
0.0213657
0.268279
0.0335328
0.020921
0.0213686
0.0218294
0.021852
0.179505
0.0332447
0.0512169
0.0204274
0.0213724
0.0210754
0.0693086
0.300091
0.0599001
0.0221951
0.0227045
0.664513
0.338818
0.0201909
0.677677
0.0532415
0.0216633
1.73369
0.0213341
0.0619006
0.0211851
0.0210173
0.136713
0.3689
0.0212159
0.0555243
0.182103
0.0201825
0.156736
0.0213477
0.151148
0.401983
0.0287687
0.096384
0.48045
0.0211741
0.0243844
0.0220765
0.0213654
0.0200118
0.0626342
0.112915
0.0216275
0.0204406
0.0213895
0.0233362
0.0595702
0.0213826
0.274735
0.641653
0.0763764
0.149082
0.0216784
0.0207802
0.0208461
0.02387
0.0224805
0.0242941
0.0225858
0.135842
0.0318864
0.021696
0.215499
0.834462
0.037112
0.0206229
0.0228902
0.031071
0.0296547
1.39171
0.0209427
0.0208167
0.393086
0.0204244
0.0310923
0.0206108
0.020636
0.0279071
0.0323945
0.0440571
0.124864
0.105015
0.128445
0.0435581
0.292361
0.0518639
0.431011
0.0211036
0.417472
0.267067
0.0654059
0.0222019
0.0230019
0.0210896
0.0204289
0.0245763
0.021993
0.0235744
0.0407863
0.147456
0.0309035
0.0220613
0.0217937
0.0716076
0.0286117
0.0510065
0.0209893
0.0213993
0.239617
0.0633495
1.61636
0.019532
0.0195363
0.0217401
0.0467235
0.277148
0.02013
0.0345163
0.0215982
0.0621693
0.0212221
0.0450896
0.021088
0.0205483
0.528231
0.0210925
0.0205062
0.0215577
0.046247
0.0232451
0.0223548
0.0206506
0.0219421
0.0304123
0.025599
0.0206782
0.0318141
0.0279555
0.0228041
0.0560987
0.0266626
0.0206806
0.0271972
0.0252359
0.0933363
0.0227112
0.0221491
0.020591
0.0714928
0.020218
1.39943
0.0202692
1.32967
0.0203777
0.0265802
0.0202468
0.0236445
0.0200552
0.0266597
0.0224672
0.0210197
0.0228493
0.0204283
0.0213771
0.391095
0.0205286
0.0277806
0.0265716
0.0209477
0.0205613
0.0215001
0.027054
0.109225
0.0210191
0.023266
0.0202069
0.0368491
0.0220557
0.0244175
0.0208059
0.0215466
0.0598107
0.0299777
0.0318807
1.16363
0.0285697
0.0234649
0.0207621
0.0243747
0.289953
0.0204308
0.0208753
0.0271207
0.0206124
0.0918267
0.0292187
0.0198508
0.0277199
0.0243438
0.0213361
0.0208806
0.0205104
0.299554
0.0207235
0.0214752
0.0218318
0.0218695
0.020373
0.0220498
0.0198374
0.0213237
0.0206367
1.75618
1.7652
0.0210906
0.0528969
1.36167
0.0233175
0.262417
0.0215019
0.0206173
0.0215848
0.0280168
0.0209765
0.0221905
0.0280321
0.0205621
0.154906
0.201943
0.0203177
0.0212188
1.51454
0.0206295
0.0212981
0.0266112
0.021135
0.0317079
0.0479267
0.513116
0.0207998
0.0212009
0.0211152
0.0765323
0.0217234
0.0207126
0.0206025
0.0211139
0.0232082
0.0208846
0.0219369
0.0199532
0.0280465
1.32222
0.0506442
0.02136
0.0210125
0.289986
0.0201835
0.021013
0.64007
0.14664
0.0377328
0.660676
0.0222331
0.0205422
0.0202116
0.0262213
0.020316
0.0291638
0.0223707
0.0254051
0.0210906
0.621615
0.0206937
0.0224815
0.0212048
0.0206821
0.0225909
0.0206274
0.0206316
0.0228585
0.0651591
0.0209548
0.0358083
0.091261
0.0253456
0.40345
0.0276893
0.159472
0.018049
0.0301828
0.0212446
0.486581
0.0205397
0.0213175
0.0206494
0.276815
0.0214646
0.0206875
0.0297447
0.0207491
0.290781
0.0205963
0.141959
0.0204422
0.0264245
0.0206758
0.02689
0.0215994
0.0335409
0.0233971
0.27596
0.0226455
0.0226371
0.0210505
0.0210798
1.39092
0.0211958
0.0268395
0.0214369
0.136967
0.0206614
0.217291
0.05569
0.0770168
0.0200732
0.0215582
0.0203504
1.02063
0.0251931
0.0204175
0.0244937
0.0207611
0.0210969
0.0218429
0.0212197
0.0211184
0.021842
0.338635
0.0256001
1.27473
0.134761
0.14629
0.0211275
0.0202593
0.0260333
0.0207608
0.0213377
0.0214718
0.315902
0.123664
0.0211292
0.0244057
0.0210565
0.473783
0.0221514
0.165998
0.0204856
0.0224976
1.33741
0.0210711
0.0207657
1.41861
0.0204465
0.0207463
0.14505
0.0204228
0.717591
0.178984
0.813365
0.0212671
0.0507765
1.35532
0.0269928
0.0202581
0.0211153
0.0238454
0.0213714
0.0236109
0.272787
0.358652
0.0206302
0.079471
0.0211381
0.0213163
0.021705
0.0259926
0.0203152
0.426509
0.0244322
0.516606
0.0219651
0.0204774
0.0214699
0.0208876
0.0208823
0.0218632
0.688115
0.0205689
0.272857
0.0261073
0.0226277
0.0214095
0.020673
0.0212029
0.0252616
0.0206359
0.020764
0.0266692
0.0211164
0.0251059
1.53917
0.334663
0.0250383
0.0204433
0.0206486
0.0213473
0.0228603
0.0505101
0.0214327
0.0212287
0.0213662
0.0243258
0.0221284
0.024703
0.020676
0.0467711
0.0213803
0.05278
0.0211324
0.0211367
0.0228612
0.0206646
0.0207649
0.0240992
0.0420684
0.0209388
0.0297276
0.346325
0.359181
0.02056
0.0213647
0.0203714
0.023654
0.0206336
0.0227326
0.0186344
0.475567
0.0299835
0.0208664
0.0966265
0.0259689
0.0208844
0.596629
0.0210309
1.03854
0.0207646
0.0208923
0.0228382
0.0208921
0.0202496
0.0213858
0.020629
0.0232874
0.0214399
0.0206385
0.45331
0.462322
0.35445
0.0204521
0.0239281
0.0213844
0.0232275
0.726133
0.575088
0.0210565
0.801477
0.0214024
0.0210237
0.020869
0.0211411
0.0207135
0.0214042
0.0261931
0.021039
0.0222782
0.276518
0.0206529
0.0252177
0.0215958
0.116565
0.256077
0.27727
0.106657
0.0205436
0.449485
0.021282
0.0267077
1.48709
0.0211768
0.277935
0.0203689
0.0205765
0.0222354
0.0731587
0.0946432
0.0232515
0.45448
0.0212463
0.358728
0.26693
0.0683513
0.340182
0.0206363
0.329518
0.0550642
0.021396
0.0206848
0.0225841
0.0292336
0.0466691
0.0260883
0.0335154
0.0213759
0.0236508
0.0211075
0.0223838
0.0204169
0.0288119
0.0205076
0.0210295
0.104693
0.0289183
0.0209624
0.0205586
0.387271
0.0216087
0.0224718
0.0218411
0.0207635
0.0211219
0.021393
0.0213872
0.0481041
0.0221678
0.0213937
0.0214416
0.0210514
0.0234433
0.0211856
0.278178
0.59571
0.0236362
0.0229382
0.0211945
0.0552801
0.427445
0.0201952
0.0211889
0.489927
0.0217216
0.0290471
0.0208428
0.351263
0.0213948
0.0213214
0.021548
0.0214355
0.0219645
0.0240792
0.0230166
1.77565
0.429152
1.80759
1.41663
0.393896
0.022911
0.04789
0.0206795
0.047815
0.0220369
0.0214394
0.026475
0.0213555
0.0213496
0.020284
0.0219015
0.0207321
0.024612
0.0204667
0.0227153
0.0204972
0.0213876
0.0200796
0.0776192
0.0210234
0.0207861
0.0199569
0.0289266
0.0208164
0.0225944
0.0214332
0.0237934
0.272953
0.707508
0.0279277
0.0206446
0.0249083
0.021042
0.0211505
0.0246478
0.0218257
0.0207641
0.0212806
0.0273155
0.020266
0.0204995
0.0208362
0.118434
0.0215869
0.674761
0.0204954
1.56375
0.0202752
0.0207984
0.0199402
0.0206902
0.0208706
0.279958
0.0208638
0.16896
0.0206009
0.0202268
0.211523
0.0221271
0.115217
0.0208079
0.0205779
0.146824
0.555732
0.0497242
0.0210707
0.0205704
0.020087
0.020416
2.7268
0.0207453
0.032113
0.0284844
0.0285092
0.0238746
0.0213367
0.0244458
0.4993
0.0237296
0.132477
0.0208714
0.689286
0.0204559
0.186744
0.0204348
0.277089
0.128501
0.783
0.0230551
0.0206535
0.0214201
0.0656138
0.0205523
0.0404323
0.0197157
0.155127
0.820513
0.639754
0.0481168
0.022702
0.0196022
0.0213265
0.0200398
0.0586898
0.0205701
0.0483113
0.0420043
0.340326
1.49796
0.0222754
0.0211491
0.0199896
0.0528655
0.502478
0.0221002
0.0227273
0.0371771
0.0215291
0.0208473
0.0229664
0.0210052
0.0206444
0.822458
0.0225778
0.0206236
0.0785031
0.0212695
0.0207716
0.0417591
0.0273777
0.0268401
0.0989576
0.0471643
0.919889
0.715741
0.0213383
0.0209645
1.79588
0.0195657
0.0209781
0.0215155
0.0209584
0.0207049
0.0224661
0.0218764
0.044874
0.0337551
0.0225564
0.259323
0.021162
0.0470393
0.73021
0.0210392
0.0435259
0.0264067
0.0210116
0.0339
0.0704722
0.0205451
0.0274539
0.0246465
0.0212671
0.0199809
0.0849073
0.0213167
0.0244295
0.0198753
0.0198497
0.0268056
0.0218234
0.0209051
0.0219562
0.0214327
0.0202731
0.0206181
0.0712506
0.0220651
0.0210704
0.0212057
0.0211903
0.0210097
0.021313
0.0293828
0.0209701
0.0265053
1.71727
0.585712
1.43076
0.0282269
0.0429226
0.0208511
0.0225985
0.0831799
0.0243351
0.0214263
0.197245
0.0209326
0.0218787
0.0208285
0.139833
0.0198471
0.0208871
0.0211142
0.0205948
0.0296631
0.0211507
0.63037
0.0210289
0.0213785
0.0207175
0.0213507
0.0204857
0.0212669
0.0224726
0.0506526
0.0211335
0.0212958
0.0288833
0.0217474
0.0371488
0.0207018
0.0199537
0.156811
0.0248853
0.0213041
0.0225271
0.0203887
0.0774725
0.0454126
0.0213859
0.0234082
0.0222229
0.0211924
0.0205055
0.0240754
0.0238466
0.144401
0.193787
0.0195218
0.0279935
0.021878
0.0218188
0.101033
0.0206594
0.381997
0.0275399
0.0217542
0.0223716
0.0205137
0.0210597
0.0202611
1.40985
0.0210295
0.172155
0.0213023
0.0208487
0.0231162
0.212302
0.168708
0.0208803
0.0279484
0.214
0.21081
0.0228587
0.0206444
0.021536
0.0198478
0.45824
0.0216364
0.0224858
0.0211501
0.0224755
0.0207351
0.411209
0.0209564
0.0253645
1.55108
0.0206652
0.0212778
0.0198483
0.0229286
0.0209538
0.0204222
0.0264325
0.0213937
0.0206008
0.0210522
0.0303466
0.0301577
0.0204823
0.0198542
0.0220424
0.171296
0.020675
0.115303
0.100606
0.594223
0.0729558
0.0206483
0.0212744
0.390222
0.0213849
0.0245311
0.0219521
0.0231984
0.494788
0.0209002
0.0208861
0.0211127
0.364288
1.16747
0.0211757
0.0497083
1.39176
0.0222579
0.0211651
0.027697
0.0206524
0.0211809
0.0258718
0.0214383
0.0212983
0.0583613
0.021393
0.0316046
0.025303
0.02123
0.0258548
0.0427741
0.0398533
0.020822
0.0229932
0.0205808
0.237526
0.0221394
0.397563
0.702142
0.0205472
0.0215167
0.0226748
0.0564745
0.0362411
0.0221215
0.0221448
0.0210407
0.0389863
0.373582
0.0218398
0.0198392
0.140868
0.283206
0.249858
0.0211049
0.273156
0.0373057
0.0209429
1.64287
0.0232419
0.362442
0.0209036
1.82788
0.0199224
0.0211989
0.0210623
0.0212574
0.313626
0.0204255
0.0366254
0.107591
0.0207183
0.0208803
0.0238448
0.0221059
0.0211239
0.0206058
0.0212549
0.0221102
0.599968
0.0206095
0.0318575
0.0202316
0.020403
0.0209126
0.0300183
0.023983
0.022181
0.0210799
0.0210312
0.0205389
1.39199
0.021351
0.0197151
0.0401709
0.0209561
0.0499079
0.0209327
0.0211654
0.0212207
0.0196569
0.0244635
0.019653
0.0238742
0.0232876
0.0203929
0.0285547
0.0220544
0.0226705
0.0213115
0.0461695
0.0281796
0.0251648
0.0718186
0.0213646
0.309297
0.0226428
0.0203976
0.0238062
0.0275965
0.794591
0.0291207
0.0203161
0.0290361
0.101874
0.0291825
1.56441
0.0203039
0.019969
0.0211648
0.0219225
0.0205207
0.0205839
0.0282375
0.0900893
0.0224471
0.02142
0.0224443
0.0214554
0.0225407
0.0219042
0.0451784
0.0213524
0.0212214
0.0195453
0.0954196
0.806222
0.703077
0.57382
0.0211582
0.0211312
0.0208914
0.019874
0.0212939
0.712499
0.0248374
0.0206355
0.0203054
0.0208478
0.0342027
0.0233529
0.0246103
0.0234536
0.0212079
0.0216174
0.0564678
0.329016
0.150197
0.019998
1.20849
0.02118
0.0208505
0.0272747
0.0215299
0.0203933
0.0215541
0.095507
0.0211668
0.0216007
1.25358
0.0253292
1.34124
0.027411
0.0212537
0.457957
0.0206341
0.731894
0.0311604
0.0831848
0.0213399
0.0208304
0.0273731
0.0206126
0.0222853
0.0200538
0.0211846
0.02093
0.574753
0.0244126
0.597161
0.0238205
0.594524
0.0319655
0.29088
0.349966
1.79324
0.0208586
0.022588
0.0206244
0.020463
0.835034
0.0216951
0.0221794
0.0271456
0.275082
0.0726183
0.0204967
0.0205729
0.0218331
0.0267193
0.0226899
0.023362
0.0276077
0.0200361
0.020893
0.0443458
0.0259968
0.0210192
0.0202956
0.0208634
0.0200929
0.373868
0.0536728
0.0213629
0.0207112
0.0217232
0.0204817
0.025163
0.0202591
0.0227956
0.0221234
0.0720906
0.0209558
0.0209931
0.0212324
0.381347
0.0518498
0.0206229
0.0299452
0.450743
0.0240563
0.0210631
0.0209736
0.0213054
0.0398191
0.126921
0.0240416
0.212899
0.0218209
0.0198441
0.0206232
1.34017
0.0212888
0.0413126
0.57794
0.0212292
0.0211661
0.0216692
0.0196215
0.0473137
0.0213155
0.0274962
0.0221532
0.451154
0.0787318
0.0210748
0.0210881
0.0213151
1.14668
1.46142
0.0238678
0.0217203
0.0835051
0.0203258
0.0219158
0.0211222
0.0209022
0.534813
0.0195666
0.572905
0.190107
0.0225202
0.0264652
0.0229771
0.0213887
0.0209217
1.05943
1.454
0.0272491
0.0217774
0.0211117
0.183659
0.629459
0.0203607
0.606655
0.912072
0.0202711
0.0217329
0.020362
0.0206632
0.0223751
0.366991
1.19465
0.0222308
0.0207572
0.0217845
0.0210056
0.0203426
0.741811
0.0226031
0.0201673
0.0225555
0.020744
0.0217503
0.0224715
0.0214207
0.0239722
0.0210016
0.0207631
0.0241034
0.020865
0.0211307
1.52601
0.0216879
0.0292435
0.0209199
0.021232
0.0200825
0.0254859
0.0224113
0.346839
0.253002
1.79309
0.0213975
0.0206838
0.0377762
0.0222787
0.0202811
0.0224378
0.022516
0.0249269
0.0205427
0.0204362
0.0212494
0.0207976
0.021293
0.0213332
0.0203701
0.0263553
0.0251414
0.0216386
0.447802
0.0289389
0.0220995
0.256547
0.262982
0.0211463
0.0206693
0.13429
0.333813
0.0391782
0.0237338
0.0213901
0.0214762
0.0212339
0.0208899
0.0209827
0.140747
0.0215107
1.39296
0.0252348
0.0240775
0.261469
0.0380423
0.718042
0.0217559
0.0582818
0.437986
0.0211969
0.0351769
0.355625
0.0195781
0.480642
0.38487
0.0212098
0.0204826
0.0211979
0.0210365
0.0210068
0.0203527
0.021276
0.0248588
0.442902
1.56891
0.0211535
0.0203583
0.0238695
0.021481
0.313819
0.895917
0.377948
0.0203872
0.021202
0.0237694
0.0208643
0.025711
0.0204289
0.0205643
0.0263214
1.38937
0.0212828
0.0213052
0.444177
0.353966
0.0208199
0.0235971
0.71877
0.299005
0.021174
0.0225101
0.0466583
0.0520808
0.0221121
1.02052
0.0216319
0.0201798
0.0274536
0.0205463
1.36361
0.183192
0.0221848
0.57513
0.020709
0.0225228
0.0212666
0.0215101
0.312707
0.0998863
0.0253374
0.0212759
0.0209828
0.225541
1.38438
0.0204622
0.0243962
0.0214388
0.0214163
0.0212747
0.0343297
0.0444451
0.021146
0.0216207
0.0206351
1.00631
0.0213199
0.0223656
0.0311209
0.0238116
0.021399
0.019621
0.0217669
0.0213834
0.0259019
0.172065
0.0205289
0.0368052
0.020572
0.0418854
0.0219258
0.02114
0.492436
1.58436
0.0215981
0.277393
0.0213974
0.0325661
0.0212427
0.0216315
0.0216341
0.0195478
0.021504
0.0214247
0.0211805
0.0209247
0.0205148
0.0205582
0.0208912
0.582984
0.021538
0.0225261
0.0213413
0.0320566
0.0197733
0.0212193
0.0212764
0.0211925
1.32054
0.458572
0.0209432
0.189555
0.0220993
0.0679549
0.0406121
0.0206055
0.746453
0.845883
0.0213246
0.0213138
0.0215739
0.0216102
0.0253046
0.477724
0.0213755
0.0205362
0.0212848
1.42578
0.0216188
0.111865
0.022273
0.0215947
0.0359718
0.0214006
0.0204488
0.0220861
0.0208631
0.0239892
0.546251
0.027033
0.0209794
0.0212425
0.0592018
0.0221088
0.570846
0.0207268
0.0214223
0.530299
0.0195593
0.0205253
0.120079
0.0204945
0.0257889
0.0213634
0.0211522
1.67245
0.020789
0.0205855
0.0224348
0.0203048
0.0215089
0.0322075
0.0203478
0.0491412
0.0211366
0.019596
0.0215227
0.0225261
0.0240208
0.0318376
0.343695
0.0214236
0.0425966
0.29745
0.0765856
0.205763
0.0213966
3.56007
0.0212806
0.0212637
0.0237214
0.602279
0.0215659
0.0220452
0.0233256
0.076451
0.0218116
0.0215258
0.0230674
0.0228986
0.0217431
0.0222788
0.055404
0.0380181
0.0250205
0.0224916
0.0218103
0.0212873
0.180876
0.021366
1.14625
0.0211645
0.0560221
0.0215717
0.0300513
0.284038
0.0898663
0.0215419
0.0226698
0.0223813
0.212394
0.328081
0.280827
0.19449
0.02088
0.0874834
0.0204012
0.0230218
0.0212029
0.0790821
0.0210533
0.0258666
0.0207865
0.0209772
0.0214815
0.021589
0.021169
1.49515
0.0210294
0.0211589
0.0211535
0.309071
0.350404
0.0202062
0.0202868
0.441094
0.048874
0.0211143
0.0284469
0.0268609
0.485363
0.0212857
0.0221186
0.0209624
0.0213836
0.0213796
0.0225263
0.0228192
0.0280922
0.0453561
0.02218
0.0213737
0.0626016
0.0224354
0.0206949
0.0228266
0.0414311
0.0211601
0.400713
0.0222609
0.0855626
0.0212851
0.0213076
0.0202477
0.0215843
0.0214431
0.0204028
0.0409206
0.0206902
0.0211952
0.021837
0.163141
0.021331
0.0213898
0.0268598
0.0272226
0.0226789
0.0213837
0.458587
0.022529
0.0213364
0.750777
0.0213964
0.0212358
0.027973
0.0216087
0.379833
0.020982
0.0215452
0.0653614
0.0219429
0.0212499
0.0223049
0.0216932
0.0209288
0.0212339
0.411855
0.0211736
0.021723
0.0206934
0.0725405
0.0226169
0.0205442
0.020905
0.0289759
0.0224865
0.0206823
0.0210012
0.0211269
0.0208767
0.0207242
0.758363
0.0212387
0.0205704
0.334629
1.74433
0.0208323
0.0224136
0.0208799
0.27527
0.195546
0.210202
0.0207126
0.0208912
0.0212887
0.0210034
1.13928
0.022789
0.0209129
0.0214583
0.0246339
0.0213001
0.0215848
0.387401
0.0260817
0.021199
0.021276
0.0211357
0.0213728
0.0205266
0.0222039
0.108957
0.0206917
0.404232
0.0198581
0.0218041
0.0214852
0.021285
0.0212999
0.959461
0.0207651
0.0211909
0.0196248
0.021495
1.16728
0.151762
0.0280614
0.0210831
0.373274
0.466779
0.021814
0.38957
0.0208654
0.365326
0.0229742
0.0237486
0.0217445
0.0208731
0.0239264
0.0195554
0.022155
0.0323994
0.621194
0.0208285
0.0539466
0.0212582
0.0542032
0.0238662
0.0204959
0.0405999
0.587339
0.0590173
0.0443505
0.0292162
0.0212498
1.68555
0.0213967
0.0217796
0.0213226
0.022134
0.0211981
0.0339271
0.0198725
0.022132
0.0212143
0.0217203
0.82811
0.0218703
0.0224421
0.486357
0.0212249
0.0584817
0.68717
0.0215409
0.0224696
0.0349147
0.0214271
0.0213637
0.0915413
0.0218742
0.0225237
1.27256
0.024863
0.0211572
0.687824
0.0210585
0.186339
0.0219774
0.105328
0.390239
0.0211809
0.376956
0.0210316
0.0214352
0.0214479
0.0195587
0.0256962
0.0211736
0.0218299
0.0204182
0.0196703
0.0196683
0.17723
0.426069
0.0225844
0.021893
0.0211361
0.021873
0.0196871
0.721511
0.0212876
0.227999
0.280012
0.0218312
0.0213201
0.0219533
0.100775
0.0209638
0.0219814
0.0212123
0.0211745
0.0219333
0.0468928
0.0207206
0.0223716
0.0222044
0.021273
0.0212446
0.437686
0.0337991
0.183461
0.0214876
0.569496
0.0215959
0.0218294
0.556834
0.022133
0.0727875
0.040889
1.38794
0.0221041
0.0390514
0.021271
0.021375
0.021202
0.0215804
0.0212775
0.0211472
0.0215937
1.5034
1.77422
0.435242
0.0223619
0.0214991
0.0220658
0.0208114
0.0215639
0.0224638
0.0205131
0.0218979
0.0215988
0.0205425
0.0760611
0.0214113
0.0323543
0.0217242
0.0201315
0.022282
0.0204515
1.76244
0.301782
0.0219747
0.46034
0.0200815
0.125663
0.0213866
0.0223512
0.0215906
0.0212668
0.0253179
0.0214301
0.0547547
0.0216613
0.0212684
0.403686
0.021341
0.0232341
0.372124
0.0822045
0.0219594
0.0240249
0.0204836
0.0990121
0.0535458
0.0213508
0.0381933
0.021338
0.021694
0.325424
0.021216
0.118897
0.0212613
0.271481
0.0213981
0.310221
0.019578
0.0219774
0.444134
0.0215343
0.529007
0.025939
0.037398
0.0210708
0.39885
0.0360612
0.0196487
0.0212911
0.0215333
0.0212053
0.0213598
0.0202596
0.143135
0.0209045
0.0209162
0.0740257
0.0216626
0.0208779
1.36494
0.0202356
0.0215618
0.0208894
0.0216118
0.402013
0.0217991
0.0215504
0.191094
0.331249
0.0197598
0.021749
0.0209304
0.0341648
0.0219006
0.246312
0.0220011
0.0216658
0.0219062
0.314822
0.0217813
0.0212856
0.0250111
0.0234714
0.0436231
0.0213453
0.0219004
0.0214385
0.0244263
0.132365
0.037219
0.0213657
0.0349213
0.0209243
0.0203543
0.0216143
0.0213317
0.0204061
0.0230826
0.0221609
0.0389182
1.69754
0.0215323
0.274696
0.0435912
0.0214931
0.021278
0.0215931
0.0541828
0.0260055
0.0301607
0.377946
0.0408375
0.0233623
0.41706
0.021586
0.0222678
0.0217094
0.0209534
0.41833
0.0220003
1.74053
0.0301214
0.0233812
0.0252557
0.0533416
0.0222834
1.85845
0.0215616
0.0213213
0.0213637
0.048252
0.0214262
0.0215945
0.0210982
0.0225896
0.0214907
0.0495044
0.0204727
0.278493
0.0286547
0.0703331
0.0222795
0.703773
0.0216867
0.443832
0.0213743
0.0214933
0.215505
0.0220221
0.0199349
0.552487
0.0224209
0.035493
0.0219098
0.021369
0.14158
0.684917
0.021349
0.126531
0.0196102
0.0222038
0.0211307
0.417079
0.025576
0.0217189
0.0215851
0.022398
0.388133
0.0213335
0.0216944
0.0204375
0.0360101
0.0211799
0.0212602
0.0216603
0.386494
0.0213251
0.0212723
0.0196201
0.0213683
0.0212571
0.701541
0.0217229
0.0230583
0.0210097
0.0493813
0.369173
0.0220425
0.0491434
0.020958
0.0213511
0.020749
0.0212235
0.0225805
0.0216094
0.0216676
0.349645
1.2
0.0211732
0.389376
0.0208366
0.0895328
0.0244311
0.0221077
0.186679
0.0213832
0.0215212
0.0214698
0.020336
0.035332
0.216299
0.0223754
1.7153
1.36654
0.109035
0.0213408
0.0217217
0.0241941
0.793973
0.36937
0.0218428
0.022081
0.0203627
0.0219808
0.157606
0.0292138
0.0196494
0.0217385
0.0215834
0.0208157
0.0314143
2.94713
0.0220232
0.0213859
0.0209426
0.0213018
0.372881
0.747518
0.0204626
0.0371644
1.23483
0.0201952
0.0215443
0.0232783
0.0213992
0.0208693
0.0213642
0.0416072
0.0843175
0.0220123
0.0216994
0.0226079
0.446551
0.0223824
0.021784
0.448247
1.77153
0.369261
0.0215691
0.0203905
0.571495
0.0209683
0.0208048
0.27489
0.261791
0.0219016
0.0223032
0.0213621
0.0214167
0.42809
0.0203708
0.0226735
0.0203598
0.0207059
1.38713
0.0212255
1.86732
0.401798
0.0213187
0.0578177
0.0218295
0.26925
0.0209653
0.0221524
0.0216508
0.0202551
0.0212689
0.0577969
0.0708272
0.419678
0.0218076
0.0214268
0.0223677
0.0213155
0.264133
0.369766
0.0214689
0.403453
0.575419
0.391349
0.109599
0.0225642
0.0215437
0.0207839
0.0953126
0.0415752
1.406
0.651872
0.0213317
0.365418
0.852542
0.020989
0.0211322
0.0209954
0.0213853
0.299038
0.79018
0.0210195
0.0210117
0.330532
0.0210987
0.0423103
0.0212763
0.0202579
0.0202634
0.0197664
0.385968
0.0195988
0.0221343
0.266166
0.0213005
0.50068
0.02038
0.0212216
0.0215121
0.18685
0.0226742
0.0206069
0.0651729
0.0206087
0.020314
0.720492
0.0209949
0.225361
0.0220277
0.275986
0.0337827
0.10099
0.928775
0.020605
0.02416
0.339917
0.0225047
0.0226889
1.11166
0.379924
0.325715
0.02055
0.558418
0.0296643
0.0206169
0.0350685
0.0213951
0.0238188
0.0208699
0.520727
0.0391479
0.456621
0.0498495
0.0211125
0.80485
0.378034
0.0211885
0.0199092
0.0366206
0.0219415
0.251618
0.0203127
0.057544
0.695643
0.0211688
0.022139
0.0280432
0.0216322
0.0317629
0.0235286
0.0210538
0.222093
0.0214972
0.0219253
0.0271117
0.0208057
0.317925
0.0224592
0.428969
0.0208453
0.383819
0.0206592
0.0217456
0.0235571
0.0213001
0.0213439
0.046913
0.0283048
0.0321934
0.0219664
0.0209913
0.0213596
0.0210443
0.0212822
0.0221913
0.0213637
0.293409
0.0283672
0.0222547
0.0201773
1.4534
0.0211582
0.0205636
0.0207688
0.0903137
0.0222298
0.0319459
0.0223446
0.0208509
0.0213001
0.384493
0.0213059
0.0261689
0.0202162
0.0200648
0.0226032
0.102764
0.0230437
0.021229
0.737538
0.0218198
0.0212871
0.0214978
0.0208876
0.331048
0.359138
0.0275004
0.0217058
0.0207534
0.326243
0.0819645
0.0217855
0.310071
0.0210876
0.174083
0.443868
0.0202691
0.0219003
0.0207774
0.0208232
0.0209927
0.173378
0.0210816
0.0209803
0.0215564
0.0209007
0.0209576
0.118506
0.0216856
0.602263
0.61391
0.194558
0.0216926
0.0208584
0.0209029
0.0213405
0.0687073
0.0360153
0.0219837
0.0218907
0.0215931
0.021595
0.0212632
0.0260031
0.0213113
1.80963
0.0210362
0.0249757
0.0214912
0.0214406
0.0216832
0.0222529
0.0213307
0.102239
0.367408
0.0213305
0.0216746
0.0213364
0.0207675
0.39442
0.0213355
0.0210204
3.66997
0.616823
3.12283
0.0215504
0.275651
0.0213602
0.0213318
0.0219894
0.358883
0.389328
0.0215692
0.386379
0.0215224
0.021717
0.0389455
3.6929
0.021468
0.0217852
1.66958
0.0211393
0.0216657
0.237227
1.86404
1.7155
0.0215459
0.0212171
0.0211939
0.503433
0.063431
0.0214046
0.0218863
0.0218657
0.0214144
0.0214786
0.0212762
0.0226841
0.0473959
0.0435936
0.0213025
0.231912
0.0208938
0.391118
0.0230429
0.0213122
0.0335125
1.38301
0.0931092
0.0214024
0.0220457
0.0244394
0.0210807
0.0216137
0.0208974
0.0698954
0.0367469
0.0211299
0.455728
0.0219293
0.0213825
0.0474184
0.0213205
0.274302
0.0214532
0.0216524
0.498253
0.0291906
0.0234888
0.0214199
0.0220323
0.271204
0.304364
0.0209577
2.80454
0.0334028
0.0226603
2.75904
0.0215873
0.0223253
0.0208553
0.0233114
0.0278277
0.0212985
0.0216449
0.0213679
)
;

boundaryField
{
    frontback
    {
        type            empty;
    }
    topbottom
    {
        type            fixedValue;
        value           uniform 0.0223;
    }
    outlet
    {
        type            zeroGradient;
    }
    inlet
    {
        type            fixedValue;
        value           nonuniform List<scalar> 0();
    }
    walls
    {
        blending        binomial2;
        n               2;
        beta1           0.075;
        type            omegaWallFunction;
        value           nonuniform List<scalar> 0();
    }
    procBoundary3to1
    {
        type            processor;
        value           nonuniform List<scalar> 
147
(
1.8071
0.884085
0.952971
1.22342
0.573534
0.439894
0.585809
1.04023
0.371654
1.23083
0.453444
3.51278
0.343521
0.366723
0.320463
0.929756
0.663655
0.769383
0.385251
0.540371
0.37844
0.695097
1.97292
0.335487
0.23093
0.684527
1.35816
0.908789
0.926083
0.28359
2.65629
2.65629
0.287607
0.458188
0.519655
0.265282
0.613336
0.335142
1.35632
0.837856
0.374856
0.34498
0.33507
2.02492
0.277512
0.942064
0.34498
1.8784
0.283646
0.338113
0.309272
0.349584
0.351032
0.335581
0.322936
0.304766
0.332153
0.301458
0.302387
0.326726
0.266255
0.275241
0.305706
0.266861
0.334398
0.351451
0.309168
0.350065
0.302345
0.313193
0.294591
0.295721
0.350733
0.395165
0.384335
0.407008
0.295042
0.380076
0.456517
0.363021
0.367109
0.436773
0.505365
0.460744
0.462724
0.416825
0.355362
0.496192
0.407974
0.476224
0.486725
0.453444
0.462724
0.504376
0.426915
0.378354
0.486217
0.501716
0.369772
0.410865
0.423037
0.495971
0.438266
0.597581
0.599704
0.536808
0.578599
0.586235
0.602403
0.578599
0.357026
0.331032
0.636153
0.565292
0.717435
0.715133
0.710565
0.911403
0.715177
0.710565
0.307363
0.403236
0.165571
0.30971
0.46673
0.698954
1.19203
0.135534
0.409856
0.808258
0.911403
1.79002
1.61421
1.53764
1.28561
1.72853
1.42079
3.71058
0.39436
0.412104
0.931549
0.671914
0.412104
0.27589
0.292597
3.44029
0.334398
)
;
    }
    procBoundary3to2
    {
        type            processor;
        value           nonuniform List<scalar> 
73
(
0.0221192
0.0220582
0.0214378
0.0214214
0.0382038
0.0351298
0.0229925
0.0786066
0.0542427
0.142709
0.0219487
0.0218643
0.167345
0.0216658
0.0219487
0.030488
0.0326446
0.0351298
0.0214945
0.0244485
0.025167
0.0213975
0.0220035
0.0217846
0.0233264
0.123032
0.106974
0.0217206
0.0214289
0.0226689
0.0627172
0.0261252
0.0214163
0.0216214
0.0214798
0.0326446
0.0238835
0.0224411
0.0218643
0.0215818
0.197076
0.197076
0.028689
0.0214006
0.021462
0.0213958
0.0477747
0.02141
0.0215261
0.0922119
0.167345
0.0215499
0.0447292
0.0213989
0.405252
0.244827
0.0222506
0.0234044
0.244827
0.405252
0.0214474
0.0214048
0.0716413
0.0397977
0.0272823
1.0873
1.67505
0.0922119
0.0214298
0.0214777
3.77538
3.13851
0.0215035
)
;
    }
}


// ************************************************************************* //
