/*--------------------------------*- C++ -*----------------------------------*\
| =========                 |                                                 |
| \\      /  F ield         | OpenFOAM: The Open Source CFD Toolbox           |
|  \\    /   O peration     | Version:  v2012                                 |
|   \\  /    A nd           | Website:  www.openfoam.com                      |
|    \\/     M anipulation  |                                                 |
\*---------------------------------------------------------------------------*/
FoamFile
{
    version     2.0;
    format      ascii;
    class       volScalarField;
    location    "750";
    object      omega;
}
// * * * * * * * * * * * * * * * * * * * * * * * * * * * * * * * * * * * * * //

dimensions      [0 0 -1 0 0 0 0];


internalField   nonuniform List<scalar> 
10042
(
0.0219093
0.0220511
0.0219384
0.0231626
9.24683
0.0220719
5.01476
6.25788
0.0217767
0.0220104
5.28804
0.023099
0.0215355
0.0214994
0.023697
0.0220334
0.0220249
0.0222585
0.0219123
0.135052
0.0219044
0.26388
0.0215863
0.0216192
0.0220582
0.0300679
0.022133
0.0228255
0.021811
0.022471
0.0220207
5.43347
0.0220212
0.022371
0.0267986
0.0216309
0.0291318
0.0351909
0.0216327
0.0302684
0.146614
0.0232891
4.80332
0.022012
9.42374
0.0643766
0.0223638
0.105956
0.0281185
0.0522065
0.022167
0.0223257
0.0232975
0.0230847
0.0291874
0.0220648
0.0218134
0.0223257
0.0223598
0.0230853
0.0220461
0.0220039
0.0270152
0.0219152
0.0222538
0.0223803
0.0220414
0.0747738
4.38201
0.0218836
0.0230056
0.16161
0.0220181
0.0323446
0.0220176
0.0216166
8.71962
0.0219231
0.0303344
4.69173
0.0272781
10.4915
0.0220305
0.0228775
0.0220477
0.0222139
0.0218865
0.173197
0.0219385
0.0218884
0.0222732
10.8254
0.0229185
0.0222453
0.0224139
0.0218933
0.0219341
0.021872
0.0297184
0.0218157
0.0222908
0.118991
6.77755
0.0222026
0.0226814
0.0534656
0.0219105
0.0219275
0.0219129
0.0214543
0.0217106
0.0218277
0.0263031
4.8399
0.0222416
0.0218382
0.0219425
0.0219184
0.0218915
5.09221
0.0219304
6.44162
0.0220547
0.0219838
0.117925
0.0220329
6.25957
0.0289882
0.0514465
0.0218799
0.0313426
0.0220077
4.53479
0.260203
0.0218161
0.0621224
4.82814
0.0222814
0.111601
0.200157
0.0228123
0.0219396
0.0225371
0.172596
0.0219299
0.0218273
0.0618305
0.021544
0.0218881
0.0257489
0.0218013
0.0222555
2.96769
4.7636
0.022186
0.0215311
0.0226187
0.0219954
0.0623909
10.5258
6.42547
0.150872
0.0219872
0.0218027
0.022116
0.0219886
0.0621555
23.3527
5.97447
4.9243
0.0226615
0.0218398
11.832
0.172476
0.038918
4.25898
11.7415
0.0220349
0.0868868
0.0328238
0.0227688
5.26666
0.0220972
0.0288563
0.0231487
5.47136
0.333998
0.0221358
6.59042
0.0241761
2.84904
0.0225343
2.92001
12.1797
0.11529
10.8855
0.0259619
0.0219236
0.0215355
0.0236483
0.0376016
0.0221772
0.0218216
0.178501
0.0220809
0.0216853
4.65078
0.0221575
0.0222603
0.0222428
8.91197
0.0218707
0.0574157
0.351953
0.0225914
0.349566
0.0219659
0.0219905
0.0708153
0.0217693
0.0264229
0.0227565
0.429504
0.0365068
0.0256444
0.0311499
1.00433
0.0218328
0.199299
0.0232667
0.0217759
0.139975
0.0218484
0.0232224
0.0219818
0.0259725
0.021712
0.0214855
0.0234528
0.0265672
0.0219945
0.022058
0.0220597
0.0263919
0.0218385
0.0220298
0.0216201
0.02276
0.0228398
0.0222689
0.021537
0.0218734
0.0245769
0.572947
0.152168
7.98405
0.0394767
0.0382505
0.023889
0.0729797
5.1067
0.0232058
0.0219144
0.0215037
0.0235645
0.0217105
0.375737
0.0234911
0.0218815
0.0222504
0.0394397
0.0228919
0.318366
0.0388429
0.212466
0.0242518
0.0265271
0.0217131
0.02555
0.0219604
0.0341211
0.0219052
0.0301483
4.49392
0.021686
0.0218817
5.31348
0.0662054
0.0220992
0.0220448
0.0242628
4.21809
0.0589409
0.18131
0.022182
0.021532
0.0218336
0.0217929
0.698484
0.0218756
0.0220401
0.0218366
0.0219676
0.0363856
0.0239585
0.0818095
8.00989
0.0228856
8.39576
0.0218413
0.02528
0.0221246
7.83129
0.118314
9.80961
13.7671
0.0216025
0.0235037
0.0218909
0.0242015
0.0312404
0.0222417
0.0339217
0.0217045
0.0215018
0.0220386
0.0875986
0.0222839
0.0238227
0.0219677
0.0237842
6.94162
0.0218411
0.0221766
0.0219894
0.021884
0.043935
0.115554
0.0381187
8.50406
0.0368444
0.0277477
0.021985
0.0214823
0.0223655
0.022268
3.44638
0.0219051
0.0223793
0.115428
0.0218242
0.0249638
0.0230098
0.122957
0.0219326
0.0254331
0.0483523
0.033616
0.0235801
0.0219299
8.64864
0.0628956
0.0223924
0.0435538
0.0219488
0.0218524
0.0219468
0.024903
2.43927
0.0247035
0.0222493
0.0228364
0.0222923
0.0222708
0.133578
0.0219277
0.0216241
4.79876
0.0218384
6.55591
4.06126
0.0330084
3.75334
9.42244
0.0284053
0.14364
0.0221592
0.0541391
0.0222913
0.022257
0.39683
0.0220666
0.0244758
12.511
0.022001
0.0219056
0.0509595
2.21591
0.0222861
0.0215438
5.5163
0.119103
0.0218358
0.0751049
13.009
0.0217683
0.022264
0.0216433
0.0218627
0.0214825
0.0216781
8.49654
6.70734
0.022296
8.63704
0.0215012
0.0218763
0.862693
0.0221028
6.7127
0.0640877
0.0228855
0.0215962
0.0215361
0.152028
0.02278
0.0284034
0.0224491
4.91276
0.0224715
12.5119
0.0234815
0.0219364
0.0218383
0.840326
0.0219523
0.0258339
0.021863
0.021909
6.69636
0.026041
0.0219313
0.0217481
6.07292
0.021871
0.0264463
0.0235339
0.0217148
9.02931
3.77882
0.0218844
0.0221784
0.0248972
0.0215364
0.0220103
0.0219723
5.91155
0.0219959
0.0217382
0.0289957
5.55527
0.0636119
0.0222685
0.032481
19.717
0.0385488
0.0219379
0.0219361
0.265148
0.0223001
0.0219427
0.0295212
0.0218255
0.021679
0.0229127
0.0215678
0.0389573
0.0219072
0.0219564
6.68104
0.0217615
0.022561
0.0220685
0.0223779
0.0337899
0.0218888
0.0218588
6.64719
0.0225991
4.67052
0.0231698
0.022282
0.0222767
0.147069
0.0219001
0.0219362
0.0220137
0.0224795
0.0280844
5.26999
0.0218749
0.0388778
4.46754
0.0384061
0.0222611
0.0219587
0.022101
0.0222034
0.0218526
1.67749
5.13961
0.0220766
0.0290166
0.0296567
0.0289913
0.0220264
0.0216564
2.41064
0.142025
3.27304
0.0215914
0.0221585
0.0220571
0.0218432
5.09837
0.0359542
0.0224851
0.0218788
0.0218065
0.0219943
3.91349
0.0260338
0.0221404
7.15326
1.40418
0.454258
0.0545718
0.0220179
0.0218241
0.0594394
0.0561451
2.1033
24.1958
0.0249194
0.0261355
0.0222107
0.0237535
0.0221708
0.0222
5.86973
0.0216139
0.0218447
0.0610918
0.0222105
0.642178
0.0229603
0.164345
0.0300019
0.0222448
0.0233722
0.026797
0.0404729
0.0544797
0.0860685
0.0222823
0.052106
0.0230969
0.02189
0.0221195
0.0223975
0.0220354
0.0251778
0.0638854
0.0416619
0.0221436
0.0226704
0.0220097
0.0219148
0.132745
0.0219309
0.0234931
0.259096
0.0215694
0.0562189
0.0781994
0.0220422
5.41534
0.0444442
0.0222101
0.369077
0.0220388
0.0222686
0.0219635
0.0219807
0.0222924
0.0242695
0.0220024
1.0097
0.0228092
0.0219638
0.0222846
0.0342934
0.0349674
0.021979
0.0245708
0.0218247
0.0340041
0.0219368
0.030122
0.0216296
0.0229965
0.0215361
0.0219329
8.01357
0.0216494
0.1185
0.0219676
0.0228613
0.0217425
0.0349045
0.0220769
0.0459689
0.0220976
0.307341
0.0222621
5.20102
0.0215383
0.0236061
0.0222715
0.021982
0.0219607
0.0242072
0.0220351
0.12663
31.5971
0.495701
0.0241646
0.0372054
0.0218162
0.0394002
0.0642233
0.0220135
0.0292182
0.0904397
2.19351
0.0785028
13.8601
0.0276955
0.0221559
0.0222314
0.025177
0.0242599
0.0372158
0.0216064
0.0236345
0.134762
0.0222649
0.0219161
0.0249984
4.5701
0.0234401
0.0313096
0.0591857
0.0222515
4.51613
0.021622
0.0218249
0.0224999
0.0218324
6.78274
0.0735581
3.95315
0.0220572
8.57517
8.08738
2.74432
0.0370387
0.0733635
0.197676
0.0416742
0.0219687
0.021867
0.0303795
8.65225
0.0218104
0.0297087
4.69919
0.021901
0.0219084
0.0218957
0.0230032
0.0219525
0.0219765
0.142165
10.6692
0.0219507
0.0220012
4.5668
2.47265
0.0218199
0.0219417
0.0221551
0.0218664
0.934851
0.0733902
0.301879
0.0226791
0.0219021
0.0217766
0.0227942
0.0220548
0.0342124
0.0226521
7.46086
0.0220083
0.0220762
0.0423146
0.0218049
0.0348379
0.0676454
0.0231448
31.3095
3.16682
0.022163
0.0218487
7.86334
6.38456
0.0362996
0.0220108
7.01677
0.194539
0.0257723
0.0219514
0.021996
0.0219245
0.371582
0.0241237
0.0969887
0.0222686
6.39751
1.879
0.0219618
0.0219902
0.119223
0.0221512
0.0217397
0.0254184
4.84194
2.10402
8.42758
0.0224222
0.0638564
0.0399901
0.0216441
0.0218815
0.022194
0.347549
0.0222062
0.0219584
0.063671
0.0220146
0.0696289
0.0221117
0.0221081
0.0216897
0.0221517
0.235162
0.0221993
0.0218659
0.0436409
0.0575838
0.420254
0.0222102
0.0999141
2.16616
4.75504
0.0229997
6.26658
7.65309
0.0219026
0.021547
0.022722
0.0233402
1.56778
0.0236178
0.0221233
0.0222064
2.49341
0.0382149
0.0223504
0.0221427
0.0219369
0.0440457
0.0217539
0.0218394
0.0328299
0.022916
0.0222046
0.0217833
1.4332
0.0218824
0.022843
0.0220295
0.0224284
0.1726
0.0222033
0.0231223
0.0220731
0.0254096
0.828101
0.0222919
0.382853
0.0264031
1.73795
0.0216615
0.0236443
0.0322198
0.0998033
0.0512817
0.0226402
13.7603
5.83591
0.0225166
0.0218005
2.80133
0.0220801
0.0222512
0.0217299
0.0222418
0.0539998
0.0222928
0.0222931
0.0667184
0.0290013
0.0229575
0.0317114
0.0227554
8.42272
0.0233606
0.884219
0.0218588
0.0611805
0.0377064
3.7005
0.024428
4.97017
0.0222695
0.0256263
0.0220431
0.0221032
0.0219062
0.153649
0.0409037
0.0496321
7.99808
0.0221204
11.3833
0.0259361
0.0217832
0.0315599
0.0313521
2.93257
0.0219845
0.0283542
0.0528353
0.0235642
0.0422231
0.0222838
0.0215773
0.0222833
0.351187
0.0221352
0.0220054
0.0217367
0.0217258
0.0219372
0.0219907
0.0223835
0.0218466
0.022152
0.0224699
0.0256305
0.031214
0.0219908
1.95091
0.0219882
6.55206
0.0376287
2.23678
0.0377387
0.0254248
5.85631
0.0354974
0.37287
5.81861
0.0436282
0.0221995
0.0218435
0.0230293
0.178587
0.0218967
4.78348
0.0218759
16.9776
4.96793
0.0560604
0.0229546
5.08426
5.46249
0.023212
0.0219797
0.0222639
0.0245769
0.0215678
0.0216684
0.0610573
0.325828
0.0220793
0.0218877
0.0223647
0.82226
0.0628199
0.0221572
0.0256419
0.0998399
0.0225223
0.0220294
4.63578
0.022317
0.0218731
11.152
0.0242239
0.0219515
5.41499
3.41931
6.98746
0.021911
0.0232598
0.743846
0.0217357
0.0218889
0.0222843
0.0298893
0.0220453
0.0221118
0.023472
0.0466273
0.194032
0.0217818
0.0219334
0.02208
0.0218477
0.0226078
0.0216003
0.166156
0.0291608
0.0219655
0.0219852
0.0217657
0.0219769
0.022537
4.9094
0.029675
0.0215353
0.0219261
0.0415899
3.12412
0.0220435
0.0219838
0.0220297
0.0215441
13.6955
0.0496361
0.0217289
0.0220673
0.030447
0.111523
0.0221697
0.0222828
0.0252245
0.0220504
0.0262841
0.0224037
5.71956
0.0361427
0.0220714
0.0264074
12.3346
0.0285643
0.182735
0.0255199
0.681553
0.0222709
0.0221759
0.0253734
0.0694041
0.0218936
0.0217998
0.0222437
0.0227662
0.110482
0.13004
3.5405
0.022762
0.0219934
0.0287376
0.0219811
0.0219767
6.17524
0.0238805
0.022033
0.0219842
0.31347
6.16822
0.021992
0.0221228
0.101277
0.0218047
0.0221046
0.0219346
0.0981896
0.0232293
0.0263017
9.77339
0.0223141
0.0221689
2.14539
0.021908
0.177118
0.0218991
0.0236303
0.0432355
0.0219907
0.0220904
0.0222561
0.0236828
13.5807
0.0219187
0.0221357
0.232309
0.0258683
0.779445
5.41445
0.048732
0.0222123
0.54313
0.0218693
9.61353
0.0221685
0.0220541
0.0217155
6.63409
0.0222124
0.0223799
0.0221604
0.0348706
1.92728
0.0287397
0.0519344
0.021903
0.0221358
0.0385046
0.0298693
0.0218344
0.0257155
0.0218802
3.52189
4.51511
0.0221399
0.0229512
0.022223
3.63252
0.0221579
15.5728
0.0219787
0.0218518
0.021723
0.0225496
0.0240401
0.0222715
0.0219914
0.0220043
6.83144
0.118749
0.0218891
0.0248428
0.0241911
0.0421705
0.0218749
0.0258953
0.0230662
0.0219633
0.0232392
0.0314504
0.0222802
0.0219147
0.0270351
0.0217656
0.180208
0.023305
0.152926
0.0221217
0.0220394
0.0218314
0.0722745
0.0409758
0.0217681
0.0248686
0.0777035
0.0224836
0.0217712
0.0259629
0.0222247
9.50451
0.240801
0.0253283
7.3485
0.0231439
0.0357096
0.102223
0.0385521
0.0342704
5.50407
0.0304944
0.148839
0.0220669
0.023139
0.0218649
0.0219473
0.0269741
0.0217701
0.207158
0.0220154
0.0219978
0.0790001
0.0219411
0.0572036
0.0260822
0.0258249
0.0218796
0.0432241
0.223299
0.0214246
0.0324942
5.13471
0.0426468
0.0217784
0.030507
0.0219952
0.0217918
11.9104
0.02183
0.0217831
0.0521497
0.0219693
0.0273096
0.0217752
0.0220034
4.037
0.0218837
0.0216685
0.0250616
0.0219092
0.021525
0.0222518
12.633
0.0221642
0.0220854
0.0215814
0.0907122
0.0224224
0.0248753
0.0219276
0.0352303
0.0227577
0.0218965
0.02304
0.0221016
0.0217792
0.125389
0.0436614
0.0296697
0.0235503
0.0476317
0.08017
0.027635
0.0283569
0.0230001
5.13568
0.0219378
0.022025
0.0219252
0.0222384
0.0361612
0.0218955
9.20267
4.64507
8.17863
0.0220853
0.0250808
0.0400448
0.0215393
0.0915968
0.0489611
1.12848
0.0690803
4.75588
0.0803678
0.232234
1.44362
0.0289993
0.0231313
0.0255677
0.0217852
2.48382
0.022708
0.029498
0.0217976
0.025444
0.0220466
5.31714
3.11872
0.0222038
5.25076
0.885399
0.223378
0.0484938
0.0703642
0.0216718
5.01969
0.0219812
7.99591
5.13756
0.0222045
0.0219028
0.0220031
0.0234725
0.0251888
0.036829
0.230858
0.0221256
0.0220411
0.0256206
0.0224758
0.0220369
0.0265606
0.0218336
0.0220608
0.264359
0.0666713
0.0220433
6.08765
0.0230359
0.0222721
0.0234868
0.383744
0.0219397
0.0217318
0.126011
0.211176
0.0218271
0.025688
1.99839
0.0577957
4.572
0.0217796
0.190692
3.97131
8.29617
0.0220846
0.0219155
0.0650632
0.0265588
0.0426874
0.0223742
5.76207
0.0521976
0.226353
0.0220797
0.0219778
5.55176
0.213253
0.0221509
0.0222723
5.02906
0.0219215
0.021608
0.0218006
0.0236867
0.022197
0.0299388
0.0221326
0.0239484
0.0216235
0.0340785
23.0055
0.0623013
0.0359981
12.5725
0.0833973
0.021649
0.0217882
0.0218958
0.0222837
0.145238
0.0300747
0.022117
0.0219992
0.021973
0.0216072
0.0328984
0.0216167
0.0495594
0.0243167
0.0221248
3.57408
5.96877
0.0221034
5.84023
0.0345995
0.0343768
0.0222641
0.0216289
8.11901
0.0812386
0.0219234
0.0217302
0.0219337
0.0270464
0.0222624
0.172263
0.0215269
0.022061
0.0220681
1.71016
5.15881
0.021525
0.0220073
0.164423
0.523994
0.0247716
4.22287
5.97017
0.021768
0.0221423
0.0221466
0.0231342
1.54998
0.0220396
0.0222844
0.213952
0.103592
0.0222123
0.0219452
0.074119
0.0222836
0.0220763
0.120218
0.0892564
4.80337
0.0219844
0.0754383
0.0419266
0.0592867
0.0231459
0.02801
0.0219378
0.0219838
0.126361
0.0262966
0.0219985
0.0252484
5.09627
0.0215456
0.0218109
0.0215379
0.0808607
0.0219474
0.0220873
0.0214467
0.0219457
1.03088
7.64653
0.0222454
8.07721
4.85547
4.52648
0.0219345
0.0219435
0.0218286
0.0218881
0.0221178
0.0221509
0.0216267
0.0220832
0.0217802
0.0244837
12.4189
0.037162
0.654616
0.0308914
0.0220329
0.0232839
0.0332573
0.0222001
0.0218452
0.0415838
0.0329107
0.828567
0.0443204
0.0215056
9.91604
0.0228632
0.0215009
0.0218907
0.246346
0.0458894
0.0227986
0.0263128
0.0220736
0.0220959
0.0327742
0.0433158
0.0288008
7.6479
0.0220854
0.022031
0.854388
0.0386053
0.0255986
0.157864
0.0233706
0.0691454
0.360516
0.071665
8.37506
0.0218494
0.0217326
0.0219414
0.022049
0.0220958
0.0233549
0.0423988
0.052679
12.1772
0.0220746
6.97809
9.43976
0.0247214
2.08902
0.0222669
0.106943
6.26505
0.0219121
0.106396
0.0215669
1.89266
0.0221978
0.287251
0.0218565
5.11602
0.0405288
5.7277
0.0218478
0.210038
0.0216433
0.0233769
0.54753
0.0218384
8.41767
4.9279
1.01621
9.42566
0.106374
4.71816
0.0408724
0.0220183
0.0466309
0.0491678
5.18999
0.022079
0.0220179
0.0228561
0.0511897
0.0219487
0.0222649
0.0222747
13.2116
1.93832
0.0219083
9.10959
0.061107
0.0217278
0.0396598
0.0278545
2.11225
0.0307084
0.0217832
0.725548
0.0220732
0.0219392
0.0220907
0.145037
0.0678528
0.0218269
0.027004
0.0221114
0.0222606
0.0217932
7.33153
0.0222856
0.021815
5.34133
0.317184
0.0244158
0.0218393
1.4373
0.028787
0.0234143
0.0219627
0.0533658
0.0234048
0.027824
0.0252034
7.71533
0.0453081
0.0658308
0.0214998
0.0330099
0.0481421
0.0284853
0.022445
7.41559
0.0222527
0.192534
0.0218843
0.0221939
0.0322487
0.252471
0.0237684
0.0256376
0.022115
0.0381409
0.0712459
0.0963116
0.028618
0.0222924
0.0219663
0.0284118
0.0913167
0.0219376
0.0463717
0.0220166
0.0219392
5.1574
0.0218865
5.82055
0.0219426
0.0273946
0.0777707
0.0219398
0.0292563
0.108005
0.119395
0.0219682
0.0857277
0.0227253
0.0222634
0.0218944
4.81146
2.79953
0.0219036
0.0219295
0.0216262
0.0218158
0.105365
3.41958
0.021943
1.42419
0.0217327
0.0217985
0.0218905
4.3033
0.0229955
0.0241283
0.0219469
0.0220103
0.0219151
0.0222568
0.0222595
0.0336076
14.3398
0.0216366
0.0219232
0.0424369
0.0761071
0.0217956
7.88113
0.0562197
0.0217944
0.021521
0.0222571
0.132243
0.0217519
0.0847238
0.0296687
0.0238207
0.0217902
0.0484912
0.0215308
0.144933
0.0283416
0.022436
5.94924
6.34811
0.021432
0.021855
6.80511
0.142599
0.0852197
0.0244993
0.084726
0.0215567
5.54456
0.0672034
0.0217644
1.53545
3.34446
0.0233795
0.0472551
0.0577951
0.0217752
8.40519
0.022216
0.0275943
0.0310461
0.0223086
0.02205
0.0542501
0.0218672
0.0218902
0.0218665
6.43451
0.0218538
0.0219397
0.0217638
0.0218865
0.021867
0.0222304
0.0569845
0.0463272
0.0238551
0.0222499
2.32052
0.0223322
0.0218386
0.0218938
0.0216246
0.0220868
0.021973
0.0296585
0.101658
0.0222241
0.0319232
0.0515187
0.0217593
0.0282323
2.248
0.0228687
0.0215347
0.022082
0.0863409
0.0222032
0.0222031
0.0247004
0.0252766
8.28115
11.9126
0.0218242
0.0218646
0.0219432
0.0718627
0.0232133
0.0218005
0.0287436
0.0790219
0.0222024
0.0273864
0.0221341
0.122356
0.247329
0.0230623
0.135919
0.0264721
5.23635
0.0222054
0.0218909
5.68163
0.123609
0.0248353
0.206728
0.0956737
28.3088
0.0474856
0.720231
0.0263505
0.0254466
4.95991
0.0272857
0.231293
0.0309664
0.145315
6.41321
0.0222933
0.0221679
0.0219776
0.404048
0.0214542
5.30277
0.0387913
18.615
0.0230757
0.12349
0.256518
0.0219486
0.0222464
0.0826776
0.0306163
0.022089
0.0253097
0.0811892
0.0853492
0.0864974
0.123984
9.20194
0.162914
0.0221157
0.0222015
3.99077
0.0792655
0.0228186
0.0392585
3.14879
0.0223931
0.0241935
0.0219409
0.0294613
0.0220404
0.0221061
0.0396057
0.0221194
0.0227308
5.17362
29.1517
0.0217274
0.0261344
0.0276215
0.218786
0.0446174
0.0225033
0.0219272
0.108905
20.567
0.0219287
0.0253534
0.0221435
5.68012
0.0218273
0.0312153
2.25655
1.37927
0.0222721
0.14857
0.0972569
0.0625588
0.0260944
0.0220219
6.35791
0.0218138
0.0269281
0.0222738
0.0299086
0.0216159
0.0216345
0.0221835
0.0734804
0.0218191
0.0219792
0.0217995
0.0220449
0.0218643
0.0220919
0.101651
9.65516
1.93308
0.0261109
0.0220579
0.0326876
0.0240349
5.52699
0.022285
0.190649
0.0216199
0.0219963
0.0225722
0.0365159
3.25742
0.0219588
5.11057
0.0223587
0.0215269
0.0233493
7.31216
0.0235739
0.0460629
5.48886
0.0222848
0.0222122
7.29436
0.0218811
10.3427
0.0220893
0.0333882
15.1262
0.0227607
0.0220986
0.0218586
7.76241
0.0273529
0.0218648
0.830941
0.0219591
0.0228572
0.0929415
19.2181
0.211957
4.54908
10.466
0.0776541
0.0237609
0.199427
0.314863
0.021843
0.021859
0.0230339
0.0275768
0.0823882
0.0219914
0.0257552
0.0219035
0.0219613
1.79866
0.0222253
6.65023
0.0215649
0.0329556
0.0655238
0.0218268
0.0215207
4.93334
5.30128
0.0709049
0.0220825
0.02551
0.055236
0.0217655
0.0367731
0.116459
0.0423172
0.0233459
5.19485
22.0977
0.021547
0.0221336
0.0216493
0.0221946
0.022941
0.0279633
20.7778
0.0221208
0.0219618
0.0463008
15.9919
0.0215738
6.68329
0.0216012
0.161615
0.0630644
5.57732
0.0709607
0.0557823
0.0583878
0.0215161
0.0215132
0.320145
0.0261793
0.0220893
2.30731
0.0218252
0.0220859
0.0216234
0.0531146
0.239555
0.860997
0.15445
0.0292938
0.0305022
0.0220472
8.20439
0.255513
0.0233068
0.0219737
0.0217644
0.0987785
7.40665
0.0371647
8.53654
0.0229649
0.0217792
4.55324
0.0219531
5.10317
9.30714
0.0216901
0.0308858
0.508518
0.0245699
0.0370525
0.0218337
4.6335
0.0271191
0.174488
5.49023
9.8861
0.028869
0.0288526
0.022137
0.171693
8.30709
0.0231282
0.0243348
4.69378
0.0512123
0.0705569
0.0222636
5.60407
5.07998
0.101202
0.0219453
0.0273272
0.0218941
7.15206
0.0824079
0.0356494
8.84845
5.07945
0.021515
0.190394
0.0221024
10.1169
0.0986811
0.0272447
0.0256639
1.74099
0.0214063
0.0664435
6.57996
3.59096
0.0232637
0.0220325
0.0217883
0.0943162
6.8568
0.20873
5.01367
0.099731
0.0439845
0.0217688
4.95106
0.0891609
0.0292071
0.209265
5.32128
4.80596
4.88937
6.77599
6.94609
4.9627
0.0221057
0.0294546
0.034551
0.0219275
8.21223
1.74398
0.0220207
6.94611
0.0221309
0.0219921
0.0217704
0.0326099
0.0218635
5.52919
0.0634367
0.282848
0.0217004
0.828521
0.0497898
0.854052
5.05294
0.0228349
0.0287121
0.0394361
0.0696169
0.0217795
0.0216324
0.0218892
4.95786
0.0217776
0.0217807
0.201789
0.0235544
16.0717
0.0220462
5.30456
0.0219497
0.0220608
0.0219736
0.0219989
0.0275915
0.0249482
6.10736
0.031924
0.0389977
4.25193
0.0218291
6.09533
0.0217925
5.4725
4.03194
5.09075
0.0734922
0.0219978
0.0222726
5.05883
0.0221003
0.0269431
0.0221131
0.0309401
5.53946
0.0218861
0.0218452
0.0218689
0.0222651
9.81552
9.08587
0.0218417
0.0214465
5.36492
8.06236
0.0218576
4.73798
0.0222642
6.9337
5.26925
0.0741899
0.402068
1.08909
0.0901736
4.66722
0.08551
0.0219735
0.0215464
0.0217831
6.16961
8.6564
0.0232408
0.0287765
4.65508
0.0218319
5.28804
0.0218663
0.0219756
0.0216291
10.0321
0.0795354
0.0217608
4.50141
0.0222527
7.50551
4.05322
0.0217437
0.0221111
0.141234
0.0219528
0.0219366
0.0218294
2.71926
0.0327991
0.0220324
0.0221311
2.65364
0.0219338
0.0428391
0.0219865
4.99458
0.0221022
0.11403
0.023599
4.6006
6.87402
0.0325674
0.0915794
0.0612229
0.0220763
0.0823836
4.84955
0.0217635
0.0939972
0.0217634
0.827874
0.0218896
5.22175
2.76396
0.113559
4.68288
4.51479
0.042024
0.0226806
9.27539
0.0219323
8.35471
0.0257419
2.44004
0.0218686
0.0336318
0.0509669
0.0311394
0.0221269
0.0219416
0.0221957
5.06675
0.0811828
4.54799
1.83649
0.0280352
0.0216219
0.0574548
10.5579
0.0346437
0.0218016
0.0220813
11.4564
9.80512
10.7647
5.59847
0.0380701
0.0223196
0.0217749
0.0563092
0.0554924
1.65683
0.0220004
0.022071
33.7353
0.0735227
0.0222853
0.0683007
2.19838
0.123347
0.0216195
0.0507008
0.843704
2.4751
5.8085
0.323073
0.0218665
0.0222691
0.0220888
0.0222849
0.0219546
0.0220922
0.0344457
0.241859
0.0359982
0.0284569
0.0297695
0.0221878
0.0265815
0.0226765
0.0361157
0.0337627
0.0218295
0.0292554
0.0218883
0.0218413
0.0226286
0.022121
0.477221
0.0215983
0.0822047
1.849
5.81234
6.28882
7.21837
0.0224499
0.0222368
0.0218988
4.72609
0.0218845
0.0214753
0.0221749
5.13446
0.0320338
0.0359986
0.754014
0.0236006
0.0220337
0.0308351
0.0218743
0.0505783
0.0222854
0.0354569
0.0217924
0.0219316
0.0231647
0.023747
0.025682
1.42939
0.0410861
0.123994
0.0663396
0.149456
0.0471525
0.076378
0.0218721
4.97263
0.0246831
0.0271229
0.0219373
0.0228578
0.137321
0.0219836
0.0690173
7.06004
0.0297851
0.385397
0.11935
0.0570427
0.0760877
0.0642086
0.0219285
0.0298369
0.0220919
0.08749
0.0553402
4.33028
0.0217573
0.0515898
0.026761
2.73358
4.77519
0.0497971
0.0220995
0.0567448
0.0215728
0.0753925
0.0229571
3.26323
0.0216557
0.026166
0.0220185
0.0376793
0.14839
0.0319548
9.24536
0.0220407
0.0317062
0.0649031
0.0220175
7.31461
6.5403
0.194501
0.0576121
0.0516512
0.0218361
0.021783
8.88579
0.116523
0.0216339
0.022614
0.0252204
0.0218958
0.525424
0.0217869
5.7116
0.172739
0.179557
0.039325
0.0223803
0.021664
0.021852
0.173616
0.0859402
0.0269684
4.94952
0.0221744
0.0232508
0.0277118
7.0545
0.0215035
2.98417
0.0214065
4.68443
0.021909
0.0218946
0.0390168
0.0219856
0.0222738
0.166551
0.0220961
0.0223695
0.0217923
0.047511
0.0261926
1.42526
0.0219914
0.0221249
0.0218473
0.156416
0.0218016
0.0291149
0.0449413
4.78244
8.95125
11.4138
0.885121
0.522606
0.0440301
0.066156
0.0276799
0.0222512
0.0221214
5.8572
0.0605037
0.0215427
0.0219644
0.021955
0.0287134
0.0913566
0.0222518
0.0307533
0.141238
0.205145
0.128018
0.0219674
0.0222376
2.21245
0.0240507
0.0215903
3.0528
7.19219
0.0216998
0.0214349
0.027428
0.0220565
0.0390316
0.0222485
3.98816
0.0222726
1.42641
0.0220252
5.02602
0.031035
0.0219557
0.0653727
0.0215931
0.0220193
0.0222647
0.034479
0.780046
0.0218569
0.205723
0.0222855
0.0221997
0.120429
0.0217108
0.0221289
0.0221028
0.0214737
0.021983
0.0215086
0.022167
7.83058
0.0218542
0.0217686
0.0608643
0.0216329
0.0219343
0.0221681
0.0222782
8.03064
0.430402
0.0220887
0.023055
0.0219656
0.0222855
0.260503
0.0220559
0.0219848
7.61285
0.0219609
0.0490529
0.0601542
0.0395741
0.0218958
0.279601
0.0219106
0.413276
0.0718767
0.021918
8.09601
1.67817
0.0286658
0.1313
0.0218471
0.0218642
0.0472348
0.288572
0.0217795
0.0218569
0.0223185
0.0436687
0.0221052
0.037866
0.0221124
0.0510979
7.04601
0.0409809
0.22726
0.0218502
0.025232
0.022828
0.0236094
0.0216898
0.0218912
0.023098
0.0234642
0.0721408
0.0224315
0.0995058
0.0219271
4.70093
0.0215241
0.0217734
0.081907
0.0222715
0.12006
0.0923005
0.0392064
0.0219799
0.023113
0.0219964
0.0393712
0.0220931
0.0576974
0.0264209
0.0221988
0.0216811
0.0280518
6.22302
0.0332706
0.0547367
3.67474
2.72926
0.0407707
0.0215744
4.96609
0.0219804
0.0239524
0.0224504
0.118628
0.0219812
0.036786
0.0283386
0.0238234
0.022122
0.0260319
0.0222001
0.0662163
0.0219322
0.0221861
0.0219956
0.0295205
7.87548
0.0220466
6.56846
0.0897421
0.0214564
7.63789
1.10096
0.0218444
0.0236205
0.0919692
0.0217928
0.0218971
2.78284
0.022028
3.50105
0.0257607
0.0251581
0.0227177
0.0225403
0.0219255
0.02186
0.0634124
0.0225797
0.0219614
0.0219181
0.0223459
5.08008
0.0383937
0.022103
0.0295094
0.181519
0.0693592
0.0218788
0.0220879
0.0219541
0.0255927
0.022868
0.0224462
0.0282847
6.25662
0.0218353
0.0233305
2.69133
0.0250834
0.106588
0.173064
0.0218717
0.02227
1.43769
0.0975936
0.192579
4.94137
3.44965
0.251212
7.50674
0.0218042
0.0235571
0.0216796
0.0221871
4.45535
0.0219932
0.060773
0.0682049
0.0309971
0.0253708
1.4419
0.0219002
0.0221179
0.0259528
0.0219342
0.02205
0.0217887
0.0221182
0.0772765
0.0219378
0.0221672
0.0217932
0.0475892
0.0221327
6.08682
0.0219141
0.0233068
0.0218146
0.0222521
0.0229547
0.0220039
0.0400585
0.0230447
0.0219283
0.029194
0.0221088
0.0222646
0.0220164
0.0316833
0.0224796
0.0220349
0.0220483
0.0220615
0.0302882
0.0220214
0.0220088
0.122861
0.0220764
0.0219349
0.0243155
2.60358
0.056203
0.0225377
0.0570603
9.2955
0.137749
0.296858
0.0242646
0.0230324
0.0279526
0.8926
0.0221646
0.370278
0.0227338
0.0218919
0.0293692
0.0220535
0.0788929
0.0868532
0.0715814
0.0232085
0.0219952
0.0296497
0.0279312
0.0229871
0.0248845
0.0238161
0.0460172
0.0787439
0.0793324
0.0219582
0.0244861
1.46959
0.0232345
0.0222853
4.9986
0.662376
0.0219871
0.0225952
0.0235453
0.0835459
7.10256
0.0219572
0.455761
7.08033
0.0393675
0.0650967
0.0216789
0.0240279
0.0229082
0.0929576
0.0222319
0.0300462
0.02385
0.426485
0.0221938
0.0220629
5.89091
0.0239532
0.023093
0.0222656
0.0222127
0.0400886
4.87263
0.02876
0.022044
2.35057
0.0990572
0.0224552
0.0219663
0.0218257
0.0246031
0.0217361
0.246889
0.0218569
0.0248808
0.0253568
0.0647511
0.0268342
0.0218584
0.0280003
0.024732
0.0218447
0.105875
0.0219876
0.0238059
0.0216897
0.0222719
23.4871
0.0298267
0.0224342
4.54024
0.0230434
0.021949
9.54009
0.0737521
4.6402
0.0219327
0.023356
0.0218696
0.022797
0.0232888
5.58433
0.0226897
0.101037
0.0218059
0.0221903
0.0241289
0.0220217
0.0376903
10.0518
0.805607
0.0219509
0.0217187
0.317788
0.0226023
0.0222503
0.0269381
0.0282833
0.527821
0.0933232
0.0230451
5.30226
0.092394
0.022501
0.0217688
0.0223553
0.0290495
4.60958
0.0222839
0.0683195
0.0229953
0.0220919
0.0215804
0.0224642
11.5071
0.0273495
0.0217917
0.0240868
0.022096
0.0256135
0.0214436
0.0235533
0.0220213
0.023211
0.551053
0.0220799
0.0222131
0.111177
0.0216146
0.0215726
6.25093
0.0218754
4.88689
5.5056
8.24673
0.0272065
0.0221683
0.0215107
0.0221393
0.0214839
0.0239934
0.234941
0.0554934
0.550628
0.0950241
0.0245654
0.0216073
0.0232914
0.0228046
0.0222726
0.0221652
0.0215622
0.0788105
0.0227129
22.2639
0.022362
0.0229133
0.0222635
0.0221635
7.45595
0.152266
0.0290397
0.0215089
0.0573579
0.0234618
0.0219723
0.0856697
0.0214563
0.0237432
5.65191
0.0219592
0.0218911
0.0218897
7.0132
4.91949
0.021635
0.0228216
0.0252133
0.0221299
0.0216565
0.0220024
0.0220764
0.0219043
0.0218553
0.0219002
0.0249086
4.95452
0.0391398
0.0219346
0.0219321
0.0224589
0.0222505
0.0221777
0.02647
0.0279081
11.2237
0.026682
0.0222383
0.0228693
0.0219465
0.107113
0.0216092
0.0222237
0.0233883
0.0297861
0.027103
6.64964
0.0221797
0.0323307
0.0228162
0.0227815
0.0221053
0.0216086
0.0232872
0.132181
0.201412
0.0217631
0.0397766
0.0837648
0.0222647
0.042742
0.0405361
3.54797
0.0222494
0.023899
0.0227254
0.0216006
0.0850294
0.0219592
0.0219994
0.0554882
0.284923
0.238513
0.0217944
0.0219156
7.24476
4.50832
0.0215957
8.98625
6.32821
0.0218215
0.0215972
0.0217367
0.0220919
0.0221409
0.0215552
0.0294774
5.49276
0.0218293
0.0219599
0.0217007
0.0221584
0.0217972
0.021867
0.0215456
7.76971
0.0221009
0.375665
0.0222076
0.0218126
0.0232835
0.0218483
0.022176
0.0306349
0.0221558
0.0223481
6.13198
0.0219926
0.0258863
0.022052
0.021983
0.0221415
0.0218131
0.138143
0.0220597
0.0221079
0.0220901
0.243441
0.0345753
0.0222683
0.0221757
0.0219384
0.0233883
4.77598
0.023648
0.0239539
0.0219508
0.0221242
0.0219446
0.0560879
0.023563
0.0231386
0.53484
0.0475873
0.0218248
0.0259577
0.0221042
0.0225704
0.0218554
5.20386
0.0219621
0.0220587
0.021807
0.0302457
0.0238905
0.0230549
0.0219467
0.0217988
0.0677536
6.32076
0.0218417
0.0574745
0.0237721
0.0236426
7.55323
0.0217702
0.0219857
0.0219509
0.0242505
0.0236456
0.0217928
0.0247881
0.0219064
0.111911
0.0215228
0.0217199
0.0259929
0.0221432
0.105628
0.0268323
11.0795
0.071483
0.0222122
0.12115
4.71712
0.0227231
0.0252235
0.0220688
0.0257144
0.0217877
0.0422892
0.0471433
0.0218793
0.0297327
0.0218401
4.84653
0.0223703
0.0241375
5.96056
0.0471833
0.0246134
0.175144
0.022157
0.0219966
5.11513
0.0217759
7.58102
0.0218434
0.0218608
0.0799881
11.2759
0.0219106
0.0445093
10.428
0.0218524
0.0221753
0.0220341
0.0287866
0.026421
0.0230898
0.0220066
4.61828
0.0219642
0.0228386
0.0219382
0.0218976
0.0220384
0.0238596
0.0288895
6.00734
0.0222315
6.03012
0.0219395
0.0229406
0.0250806
0.0228583
0.0639007
0.0686422
0.0226262
0.0219306
0.0218252
0.0992457
0.0217498
0.0218285
0.773013
0.141787
0.0217532
0.0220044
0.0217739
0.0220911
0.0252177
0.0857962
0.0219663
0.0221274
0.0217468
0.0223157
0.0219648
0.0215123
0.0284072
4.41505
0.0217012
0.0223961
6.78484
0.0219042
0.0406307
0.0220708
0.0318847
0.0593126
22.811
0.0222612
0.0220565
0.0217879
0.0222803
0.0220434
0.0214546
0.0221451
0.0221275
0.0236258
0.0597071
0.0258018
0.0239616
5.75903
0.0220298
0.16416
0.0217487
0.0218955
0.0220168
4.09257
0.0218366
0.0595491
0.0233361
0.0228359
0.0219357
0.0217689
0.0218533
0.0225388
0.0218501
0.0218149
0.0513348
0.380939
5.51249
0.0217907
0.0533754
0.0223599
0.0220863
0.0218165
0.0220802
0.310534
0.0218739
0.021916
0.055216
0.021603
9.21961
0.0285224
0.167364
0.0220707
4.91279
0.0228103
0.027953
0.024897
0.0222493
0.0245991
0.118714
0.0234944
0.0218581
0.0460819
0.0218762
0.0217811
5.93575
0.039523
0.0218329
8.35294
0.0217075
0.0875112
0.0217533
0.0234272
0.0219178
0.0222444
0.0219667
0.0219967
3.17881
0.0227845
0.0247449
0.0221401
0.0352025
0.0218568
0.0250958
0.0218204
0.0218993
0.0220402
0.0369385
0.0217619
0.026594
0.0219316
0.0219396
0.0218709
0.0240638
0.021862
0.0219493
0.0215851
0.0221023
0.0222059
0.0217431
0.0275194
0.0218067
0.0254299
0.0219613
0.03082
0.179406
0.0218619
0.0218517
2.05055
0.0215687
0.0221871
0.0218631
0.0215035
0.0219747
0.0218038
0.0220793
0.0388201
0.0218616
0.0218936
0.0216162
0.0790406
0.0219399
0.0232508
0.0221305
0.0246246
0.0216963
0.021985
0.0218544
0.0270952
0.021863
0.0220276
0.0406461
0.0222249
9.08468
13.0577
5.71471
0.0261601
0.0321451
0.0298544
0.0784285
0.0289281
0.0217399
0.0221339
0.0221932
0.0219433
7.55888
0.0219343
0.021609
0.0510154
0.0218546
0.0230002
0.0258133
0.0216365
0.0219033
0.0232142
0.0389201
0.0219083
0.0412047
0.0219567
0.0221126
0.0217357
0.0219317
1.51508
0.0217998
0.105793
0.0219269
0.0217626
0.0217507
0.0217854
7.1525
0.0219115
0.0404463
0.0218577
0.0218315
0.022231
0.0218108
0.0216851
0.0512634
0.0304205
0.0931189
0.0717655
0.0250316
0.0218359
0.0222006
0.0286898
6.02756
0.0224571
0.0225784
0.0216482
0.0214399
0.03422
0.021778
0.0221677
0.0217736
0.0261567
0.0217069
0.0219328
0.022715
0.0219133
6.82469
0.0342351
0.0219245
0.0221522
0.024292
0.0220258
0.0220382
0.0218605
6.06474
0.0221932
0.0218857
0.0219163
0.0218883
0.0218923
0.0218966
0.021902
0.0219092
0.0218948
0.0848939
0.0256138
0.040294
0.0218605
0.163442
0.0219481
0.0368496
0.058911
0.0223499
1.8678
4.35116
0.0219462
0.0219692
0.0220604
0.0217852
0.0219061
0.0508307
0.0220031
0.0265586
0.0218602
0.0218089
0.0219458
2.18365
0.021891
0.0222537
0.0742616
0.0233171
0.0219455
0.0216821
0.0218714
0.0218661
4.89323
0.0218915
0.92341
0.0310238
0.0214982
0.0217609
1.88748
0.0230689
0.0217837
0.0217247
0.0216498
0.0217481
0.21482
0.0249934
0.0215894
0.0217016
0.051755
0.0338531
0.0219743
0.021975
0.0219728
0.0221573
0.0247047
0.0219753
0.0218471
0.0219895
0.0218333
0.0506431
0.0238926
0.0217132
0.0219733
0.0387722
0.0549386
0.021813
0.0921849
0.0221857
0.0219763
0.0411184
0.0217283
0.0218957
0.0215698
0.0221087
0.022014
0.021811
0.0216955
0.0219958
0.0636342
0.0220047
0.0220115
0.0219711
0.0219526
0.0220043
0.0217077
0.0217382
0.0215714
6.67923
5.31101
0.0218465
5.54602
0.0218552
8.29145
0.0215833
0.0933749
0.0218376
0.0221691
1.51737
0.0217773
0.0233352
0.0217961
0.0218513
0.0217615
0.028217
0.0220138
0.0217083
0.0217368
0.0217851
0.021953
0.0215223
0.0219706
0.0336283
9.75995
0.0217403
15.3643
0.132761
0.021866
0.022862
0.0218168
0.0220801
0.0221565
0.0218956
0.0222035
0.0215943
0.021587
0.0218775
0.0216766
1.73773
0.0218045
5.25751
0.0215968
6.2231
0.0272207
0.0219452
0.0216587
0.0261908
0.0218555
0.0219921
5.49156
0.0220938
0.0215274
0.0216244
0.0218245
0.0217928
0.022174
0.0214857
5.40518
0.0222549
0.0220009
0.0220215
0.10793
0.0218248
7.02647
0.0217959
0.0219246
0.0218042
0.0216035
0.0218209
0.021863
0.0461539
0.0218122
0.0261969
0.022063
0.0218092
0.0220749
0.0219248
0.0216855
0.0218848
0.022206
0.0265492
0.02154
0.0222723
0.0222476
0.0219301
0.0221293
0.0217949
0.0218087
0.0221933
0.0218369
0.0218094
0.565936
0.0217573
0.0223589
0.0217853
0.0220209
0.0222251
0.0565529
0.0220934
0.0218613
0.0748804
4.69507
0.0974972
0.0534601
20.9126
0.0385279
0.148373
8.98911
0.0247131
0.021854
0.0221934
0.0218743
0.0222862
0.0218864
0.0216433
0.0220277
0.0338752
0.0411146
0.0218244
0.0218177
0.0261427
0.676364
0.10344
0.0222122
0.0217564
0.0216119
0.0230297
10.968
0.408834
0.0220696
0.0218253
0.0220105
0.0219186
0.0217481
2.79122
0.103548
0.0223362
0.0228121
0.0229948
0.0219116
0.0221198
0.0230501
0.0217332
0.0311706
0.0554025
0.0221872
0.0430967
0.0216755
0.0225988
0.0218995
0.0222148
0.211596
0.0216434
6.65742
0.0218559
0.0267258
0.0217801
0.0262316
0.0219261
0.0216138
0.021618
0.0222707
0.022016
0.0268941
0.0260798
1.356
0.0249134
0.0218839
0.0219352
7.71076
0.0219405
0.0701839
0.0252271
0.0224365
0.0217831
0.0693982
0.0218583
0.0219414
0.24372
0.0217922
0.0217058
0.0219232
0.0217513
0.101735
0.0524934
0.0224374
0.0220198
0.0218755
0.0219631
0.0229071
0.022134
0.0217093
0.02258
0.0442033
0.0216401
0.0221694
0.0215042
3.39383
0.0219439
0.0217897
0.0215634
6.22765
0.0554458
0.0219499
0.0227549
0.0230446
0.0271102
0.0216336
0.0462895
0.0219494
0.0220378
0.022063
0.0222319
0.0218675
0.0218091
0.0440022
0.109755
0.0218186
0.0226894
0.0223751
0.0222603
0.0477895
0.0232164
0.023623
0.249905
0.0217826
0.0215814
0.0995086
0.0215497
0.0219686
0.024246
0.0629729
0.0219435
0.0217986
0.0220582
0.0219215
0.0232905
0.0216769
0.0279871
0.023117
0.0217941
0.0238956
0.0218842
0.0221556
0.021539
0.0219038
0.0367795
0.0217768
0.0218328
0.0513897
0.0239803
0.0220874
2.79625
0.0222063
0.0215836
0.0219535
4.68811
0.32724
0.0789214
0.02357
2.95728
0.02232
0.0230054
0.201443
0.312079
0.0218398
0.0219335
0.0927767
0.0215606
0.0216567
0.0222741
0.0221677
0.02159
0.034784
0.0221268
0.098687
0.0255986
0.0214438
0.0221084
0.0219505
0.0219143
0.021842
0.0219276
0.0218887
0.0218181
0.021941
0.0219325
0.0215531
0.0276204
0.0497682
0.0214965
6.32667
0.0220466
0.0221297
0.0218892
0.0215734
0.0220284
0.0219436
0.0225408
0.0218384
0.0220244
0.0219266
0.0221113
0.0217444
5.26684
0.026092
0.0221778
0.0219563
0.0658468
0.0218665
0.0218555
0.021958
0.02214
0.0220143
0.0232221
0.0664248
0.0217647
0.0217726
0.0221585
0.0319159
0.0216711
0.0217694
0.10284
0.0217408
0.0217903
0.0215846
0.805875
0.0221693
8.73049
0.0217435
0.0220146
0.0220058
6.28271
0.0220558
0.0220594
0.0234548
0.0324687
0.0220298
0.0219028
0.0228094
0.0216845
0.023082
0.0215542
0.030349
0.0453832
0.0222517
0.0246127
0.0217928
0.0218029
0.0221327
0.0219457
0.0217123
0.0218001
0.0221513
0.0219956
0.0218671
0.0216839
0.0318969
5.04625
0.0222444
0.0279912
0.0237394
0.0219788
0.0217568
0.073698
0.0217419
0.0215189
0.0234708
5.41645
0.0218922
0.0222314
0.0218305
7.21399
0.54052
0.0474339
0.0219698
0.0897256
0.021577
0.0221936
0.0217458
0.0218618
3.51839
0.0222932
0.0222934
0.0222937
0.0222942
0.0222928
0.0222931
0.0218659
0.0220665
0.0228384
0.021422
0.0218017
0.021788
0.0222252
0.0225698
0.0217058
0.0219378
7.69511
0.0326511
0.0216833
0.0284765
0.02183
0.02191
0.0220857
0.0223789
0.0218669
0.0219433
0.0220703
0.0219624
0.0914711
0.021793
0.0216285
0.0409576
0.0220567
0.0218811
0.0219488
0.0221346
0.0216972
0.0221184
0.0221676
0.0271129
0.0619557
0.0807138
0.0229513
0.023722
0.0230331
0.0233642
0.0223028
0.022469
0.0227118
0.0222166
0.0222857
0.481042
0.0220991
0.145037
2.88032
0.022193
0.0750521
0.077813
0.0218292
0.0220239
0.021619
0.0217507
0.0268565
0.0429914
0.0405036
0.0220583
0.0219567
0.0222032
0.0270615
0.166908
0.0218958
0.0429038
0.0267597
0.0318343
4.31811
0.0222272
0.0219439
0.0220907
0.0220044
2.55263
0.0220969
0.0219977
0.0219483
0.021933
0.0223744
0.0218759
0.0219406
0.0219004
0.0216078
0.0222921
0.0216291
0.0244684
0.0219577
0.0215681
0.0218098
0.0850261
0.0221059
0.0220153
0.0219673
0.0342685
4.37971
0.0219061
0.0220508
0.0216823
2.39245
7.78553
0.0746192
0.0219359
0.0220354
0.246846
0.033443
0.0218583
0.0218931
0.0221414
0.0219315
0.0226038
0.021892
0.0215482
0.021617
0.0284899
0.022061
0.0216009
0.0219306
0.0219315
0.0219592
0.030174
0.104972
5.7042
0.0282158
0.0221045
0.0218955
0.0226335
0.0218246
0.0216116
0.060085
0.247906
0.0221023
0.0244766
0.0220991
0.0216501
0.0223336
0.0533823
0.0222225
0.0216758
0.0218142
0.0220111
0.0263497
0.0221169
0.0237272
0.0222268
0.0214205
0.0218633
0.0221481
0.0332869
0.0219443
0.0216841
0.0237434
0.0218823
0.0214995
0.111051
0.036825
0.0554788
0.0250922
0.0217826
0.028486
0.0215568
3.2219
0.0218728
0.0221116
0.0220455
0.0218152
0.0216795
0.0216714
0.0220329
0.0218649
0.0217528
0.0216294
0.0342901
0.0221867
0.0817546
0.0220937
0.0222671
0.0222725
0.0217378
0.0217991
0.0219509
0.0219726
8.38531
0.0215261
0.023491
0.0453166
4.23594
0.0276491
0.0220474
0.0218634
0.0219494
0.0227604
0.0217431
0.0584111
0.0220023
0.0222618
4.79492
0.0244031
0.0244287
0.111455
0.0219252
0.0320254
0.088878
0.0352785
0.0220313
0.0219038
0.0216952
0.0219193
0.0246103
0.0294659
0.0221859
0.0220355
0.0342
0.0218312
0.0219237
0.0231221
0.0222258
0.118829
0.0793363
7.53238
0.022328
0.0584546
0.0219171
0.0218782
0.0220988
0.0284
0.0221769
0.0219121
0.0219382
0.021771
0.0214286
0.0230004
0.0243769
0.0217365
0.0218545
0.0259317
0.273495
0.0222998
0.021951
0.0224495
0.022092
7.49018
0.0220525
0.0366752
4.7865
0.0219108
0.0710937
0.022754
0.0222724
0.0217185
0.0243283
0.0221045
0.0216998
0.0221378
0.0221378
0.0222654
0.0658609
0.0219198
0.0221361
0.116329
0.0217304
0.0219488
8.23926
0.021916
0.0219616
0.0220832
0.0219589
5.62974
0.0733402
0.0228637
0.0217868
0.0219299
0.0216089
4.30471
0.024336
0.021936
0.0219494
0.0220448
0.0221741
0.0219739
0.0218605
1.22661
9.07005
0.0221681
0.0221351
0.0348725
0.0222241
0.0231443
0.028176
0.0218413
0.0221512
0.0218458
0.0226788
0.0220241
0.0226631
0.0217355
0.0452256
0.0218827
0.0218102
0.0221829
0.126846
0.0219127
0.0215035
0.0672687
0.0219444
0.0716386
0.0789973
0.0219195
0.0220949
4.52471
0.0306907
0.0256407
0.0242555
0.02195
0.0221487
0.297186
0.0219669
0.0650951
0.0219488
0.0280354
0.0220919
0.0222242
3.06221
0.083307
0.025982
0.0219459
0.032528
0.0217039
0.0221127
0.043523
7.92167
0.0221108
0.0304951
0.0217311
0.0249109
0.0220932
11.4363
0.0254569
0.0215374
0.0219531
4.65238
0.0219514
0.022205
0.0596837
0.0242698
0.0218761
0.0219505
0.022337
0.0963545
0.0220681
0.0223329
0.0222652
0.0406261
0.0217824
0.0285507
5.05549
0.0219484
0.0217118
0.0219793
0.0215797
0.0219814
0.132454
0.0871611
0.021981
0.0219589
0.026437
0.0248028
0.0216234
0.0244333
0.0221012
4.15975
0.0242439
0.0219805
0.022205
0.022298
3.34594
0.0220301
0.0230621
0.0215732
0.022071
0.0219786
0.0231674
0.0220809
2.81676
0.0220183
0.0219783
5.33164
0.0217151
4.89348
0.0220172
0.0924779
0.0221189
0.0226442
0.0278288
0.0220856
0.0220155
0.0215598
0.0221694
0.0219824
0.0220154
0.0230078
0.0221944
0.0222932
0.0222934
0.315391
0.0218368
0.0281355
0.0220185
0.0219636
0.0222643
0.0219759
0.0218915
0.0219504
0.0216199
0.0217348
0.0219848
0.0226229
0.0219468
0.0221789
0.0233466
0.0512184
0.0221465
0.0230593
0.0221812
0.0216162
0.0219578
0.0222449
0.0227439
0.0222207
0.0218092
0.0218282
0.0355783
0.0241806
0.0223396
0.0220996
0.0222412
0.0272521
0.0239277
0.0236529
0.0219735
0.0219775
0.0362272
0.0217975
0.0222888
0.0221446
0.0220202
0.0218202
0.0736931
0.021948
0.0222933
0.0446611
2.71268
0.0230045
0.189112
0.0228298
0.0222855
0.0220374
0.139125
0.0221843
0.0222894
0.0262301
0.0225195
0.021966
0.0316334
0.0220208
5.08404
0.0234145
0.0482932
0.0643501
0.0275821
0.0217182
0.0219799
0.0360816
0.331091
0.0227782
0.0218128
0.0252189
0.02756
0.0218453
0.021908
0.0220861
10.0985
11.7087
0.0500083
0.0220196
0.0218921
0.0221579
0.0214286
0.0215958
0.0218938
0.024928
5.33246
0.022547
0.025237
4.03947
0.0366771
0.0219924
0.0308907
0.0219721
0.0214746
0.0218053
0.0217164
0.0303005
5.85963
0.022314
3.54359
0.0216041
0.0369924
0.0221079
0.0217017
0.0219343
0.021974
9.27344
0.0280704
0.0368139
0.282688
0.022097
0.0217596
0.0283198
0.0223092
0.0221241
0.0230912
0.0217847
0.0370333
7.17613
0.0507145
0.0220755
0.0218948
0.0218217
0.0219727
1.48606
0.0218528
0.0218068
5.29
0.344557
0.0219637
0.0225919
0.0247274
0.0218157
0.0217803
0.0221215
0.0219995
0.0220371
0.0217553
0.0217978
0.0272958
0.0234474
0.0464147
0.0219356
0.0215889
0.0547317
0.0215125
0.0215762
0.0477782
0.0219963
0.0216513
0.022709
0.0219368
0.0221151
0.0219461
0.021956
0.0217421
0.0228922
0.0220998
0.0217561
0.0219809
0.0219622
0.0215804
0.0215684
30.8534
0.0220498
0.0219677
0.0218389
0.0216188
0.0219549
0.0221395
0.071635
0.0217326
0.0219749
0.0219876
0.0215292
0.0221114
0.0256913
0.0226674
0.0220043
0.0215884
0.145594
0.0221328
0.0222246
0.0220806
0.022036
0.0220943
0.0268902
0.0225767
0.0215543
0.354807
0.0220725
0.0329798
0.0262313
0.0221405
5.3085
0.022007
0.0222129
0.0954655
0.0219738
0.0219261
0.0235958
0.021759
0.0218062
0.021615
0.0217758
0.0452769
0.0215864
0.0221856
0.0219735
0.02179
0.0373871
0.0220221
0.0217808
0.0218203
0.0221008
0.0220603
0.0849224
0.0219371
0.0218675
0.0221289
0.0217551
0.0222247
0.0222747
0.0215386
0.0222351
6.25013
0.0217465
0.0221038
0.0501403
0.0218444
0.0221285
0.0221038
0.0512064
0.0219692
0.0221213
0.0226617
0.0688708
0.0222249
0.0218415
0.0221026
0.0217823
0.0283387
0.0216359
0.0221416
7.74452
0.0222422
0.0221593
0.0247393
0.0342954
0.0217761
0.148935
0.0218042
0.0215984
0.0222525
0.0220228
0.0219927
0.037742
0.0219513
0.0218435
0.0214371
0.0217988
0.0310183
31.3168
0.0217882
0.0293545
0.0222618
0.022214
0.0269895
0.0222045
0.0219287
0.105224
0.021597
0.0215822
0.022032
0.0262552
0.0220949
0.02224
0.0596056
0.0221819
0.0220373
4.91824
0.0218935
0.0215306
0.0220454
0.0220641
0.0219621
0.0222339
0.0214945
14.4434
0.127761
2.73409
0.0220877
4.63814
0.0218468
0.0220341
0.0610164
0.0218595
7.12618
0.0220311
0.0228647
0.0220311
0.0240591
0.0276922
0.0220811
0.0216572
0.0217991
0.0369208
0.0222394
0.0220543
0.02213
0.0693623
0.0298823
0.0254639
0.0215664
0.0318209
0.0222353
0.0549331
0.021927
0.0219219
4.80167
0.0222387
0.021918
0.0222664
0.0217683
0.021954
0.105784
0.0220045
0.0218747
0.0215483
0.0221574
0.0217508
0.0218161
0.0254712
0.0220867
0.0234198
0.0217454
0.0222366
0.021536
0.0221449
0.0219201
0.0222377
0.0216789
0.0266017
0.0222935
0.0224576
0.0218855
0.0218888
0.0219123
0.0218932
0.0218987
0.0219046
1.71542
0.0222005
0.0214464
0.022223
0.0219344
0.0220376
0.0218521
0.0358698
0.0221198
0.0216919
0.0219282
0.0432493
0.0221201
5.05318
0.0219861
0.0218627
0.0220304
0.0216773
6.60335
0.54832
0.0289971
0.0219221
0.0218811
0.0282082
0.0214444
0.221393
0.0231847
0.308725
0.0236732
0.0221212
0.0218158
0.0221004
0.525579
0.0219696
0.0220379
0.0266893
0.0514814
0.0218462
0.0246027
0.0220998
0.0274782
0.0220569
0.0222137
0.0220536
0.0221075
0.0269093
0.0220898
0.0216979
0.0218503
0.0235055
0.0222344
0.0644174
0.0404294
0.0219103
0.023814
0.364209
0.0644249
0.0221113
0.0239688
0.022197
0.0218298
0.0218301
0.0222214
6.26812
0.0250285
0.0224951
0.0218484
0.021661
0.0226351
0.0218988
0.0217043
0.0219177
0.0219906
0.0239509
0.0311021
0.0217642
6.84449
0.0221565
0.0218658
0.0656004
0.0222161
0.255434
8.07152
3.68476
0.0365371
0.0507918
0.0233006
0.0218535
0.399466
0.0222338
0.0263313
0.0884391
0.0273194
0.0218835
0.372289
0.0218786
0.0222132
2.11132
0.0219791
0.0259026
0.0220893
0.0219784
0.0219945
0.02198
0.0219447
0.0220093
0.0224208
0.374075
0.0216951
0.0219088
0.0435655
0.0220388
0.0221522
0.0221236
0.0566688
0.0217011
0.021814
0.375383
0.02177
0.0221394
0.02475
0.0217417
0.0217129
0.0218125
0.115421
0.0217594
0.0219224
0.0217508
0.0220783
0.0218604
0.0221747
0.0267662
0.0379476
0.0285777
5.19924
0.0218385
0.373826
0.0561313
0.0518255
0.0275784
0.0222148
0.0233562
0.0278626
4.69797
0.0221186
6.49733
0.0297279
0.0219532
0.0220566
0.0221174
0.0254736
0.0218991
0.0219516
0.515591
0.021966
0.0217093
0.638393
0.0221281
0.0618672
0.0234041
0.150796
0.0505066
0.0254422
0.0216842
0.0732336
23.8878
0.0376825
4.789
0.0601451
14.4154
0.0220355
0.0218201
4.99393
0.0220742
0.0232976
0.0217752
11.9333
0.021736
4.049
4.83737
0.0222289
0.0265189
0.0218905
0.117811
0.0219787
0.0220644
0.0219007
0.0219568
0.0219071
0.0439123
0.0218836
0.0218806
0.0218657
0.0219099
0.0617628
0.0222933
0.0220288
0.0220322
0.0222932
0.022113
0.0218455
0.260441
0.0283453
0.0217796
0.0220703
0.0221194
13.7095
0.021834
0.0221557
0.0221703
0.021557
8.58906
0.023649
0.0219175
0.0221633
0.082696
0.0218251
0.0226981
0.0221472
0.0230817
0.0500907
4.14895
0.0780486
0.0226223
0.0260342
0.0420931
0.0583874
0.0215996
0.0310528
0.0577572
6.22438
0.0222184
0.0222924
0.0221039
0.0229995
0.0220588
0.0219126
0.0222415
0.021763
0.0219236
0.0222165
0.0224099
0.0219678
0.0218942
0.021815
0.742419
0.0218884
0.0220418
0.0221081
0.262956
0.0334633
0.0219737
0.02218
0.0218784
0.0228123
6.47775
0.0220918
0.0222924
0.0221222
0.0219181
8.5558
0.0219163
0.0225547
0.0220964
0.145887
0.0218688
0.0222922
0.0221387
0.022016
0.0221273
0.0218823
0.0222204
0.0224576
0.0443746
0.021852
0.0246125
0.0219868
0.0234089
0.022296
0.0221681
0.0222924
0.0222269
0.0222708
0.022239
0.0216833
0.0218628
0.279746
0.0226495
0.0694867
0.0218549
0.0487548
0.0222857
5.69996
5.94044
0.427944
0.0217255
0.0222036
0.0317696
0.0217485
23.752
0.0231947
0.0222447
0.0215444
0.0218592
0.0243204
0.024598
0.021924
0.0663635
0.0220083
0.0219762
0.0399522
0.0219299
0.0220063
0.0217245
0.0220917
0.0399939
0.0292606
0.0993659
0.0219681
0.0218816
0.0219028
0.022153
0.0528694
0.0218991
0.0397251
0.0222172
0.127457
1.4539
0.0217459
23.1663
0.0217986
0.0218864
0.024919
0.022132
0.0231633
0.0220048
0.0295332
0.0219591
0.0303993
6.69501
0.022179
0.0230005
0.0222448
0.0222281
0.0367309
4.62162
13.2312
0.0222757
0.0244023
0.0259679
0.0231432
0.0218708
0.0225554
0.0221438
0.0849492
0.132589
8.6367
0.0221489
0.0228508
0.0218504
0.0222935
2.79845
0.022947
0.022128
6.95843
2.30131
0.0219165
0.0221113
0.022305
0.388752
0.0233945
0.708318
2.35791
0.0216271
0.0217118
0.223444
0.0218874
0.0222451
0.022093
3.90475
0.0222192
0.0248768
2.33745
0.0215726
0.0236506
0.0221046
0.0221444
0.030286
0.0275408
0.0221604
7.11099
0.0217661
0.0218145
0.0222126
0.14725
0.0221881
0.0218399
0.022161
0.0665428
0.0221263
0.0218905
0.0219105
0.0225622
6.97309
0.0221642
0.0219145
0.0253875
8.45942
0.0218041
0.0218947
0.0219386
0.0222458
0.0218784
0.0220337
0.0217435
0.0226231
0.0222032
0.0222462
0.307609
0.0221603
0.0256997
0.0215627
0.0219949
0.0222231
0.054578
0.0248129
0.0221018
0.0222137
0.0255992
0.0218097
0.0217988
12.8318
0.0216659
0.0546026
0.022155
0.0221568
0.0217544
0.102586
0.0221929
0.02663
0.0215096
0.0244001
0.0221578
0.0218595
0.0221628
0.0497026
0.0339765
0.0418861
0.0243942
0.0221597
0.0218866
0.0222464
3.3868
0.0218599
0.0443908
0.0378144
0.0222483
0.429835
0.0217988
0.0223937
0.0230691
0.0345756
0.0217863
0.0222124
9.3284
0.0304934
0.0220178
0.0217181
0.0217497
0.0219656
0.0228693
0.022089
0.0221471
0.0218414
0.074885
0.0217376
0.0327224
2.27247
0.0257452
0.0221485
0.022188
0.0219454
0.0218905
0.0283865
0.0222205
0.0324844
2.99782
0.0222516
0.0221662
0.0215001
0.0355663
0.0222472
0.0216017
0.0231087
0.0219924
7.3192
0.0220333
0.0222115
0.0311197
0.0226148
0.0218173
0.0221678
0.022016
0.0217264
0.0254984
0.0217252
0.027903
0.022154
0.0221928
0.0221158
0.0284169
0.021954
0.0221158
0.0222315
0.0220037
0.0231256
0.0218769
0.0222113
0.0220178
0.0410667
0.0218997
0.102172
0.0221479
0.101196
0.021961
0.0224125
0.0250261
0.0218943
0.0243879
0.0218553
0.0223031
0.0248273
0.0219695
0.0222619
0.0219206
0.0283221
0.0219796
0.0219849
0.0222408
0.0252465
0.0217997
0.0221645
0.0221149
0.0222901
0.0443228
0.0227473
0.0407852
21.8959
0.0221172
0.0820847
0.0217288
0.0219921
8.76127
0.0218325
0.0228002
0.0220046
0.0218588
0.353874
0.021778
6.98848
0.0219112
1.64079
0.0218241
0.0219026
0.022113
0.0222052
0.0218359
0.0221584
0.0328215
0.0220699
0.0813047
0.0218308
0.138823
15.0327
0.0220453
0.407726
0.0218165
0.0226487
0.0229633
0.0218697
0.022231
0.0222324
0.03159
0.021952
0.0243678
0.0221844
0.0282674
0.0220628
0.0439738
0.0218188
0.0222125
0.0218986
0.0351603
7.54597
0.022049
0.0253578
0.0318317
0.0219986
0.0215121
0.0221415
0.0217229
0.16877
0.0218087
0.0219611
0.0222543
0.02215
0.021676
0.0249161
0.0243023
0.0218759
0.0576877
0.0325228
0.0219381
0.0995998
0.0222537
0.0219815
0.0219593
0.0216866
0.0382602
0.0218249
0.0436152
0.0274951
0.0219078
0.0359335
0.0257469
0.0220063
0.0221533
0.0317178
0.0225474
0.0218011
0.0226456
4.26121
0.021914
0.0315637
0.0221314
0.0226407
2.14481
0.0219247
0.0242431
0.0221913
0.0220194
0.0979026
0.0219745
0.0217432
0.0516076
0.196933
0.0219325
0.0216983
0.0222298
0.0364032
0.151075
0.0215712
0.0222166
0.0446079
0.0218753
0.680303
0.0216704
0.0219246
0.0222039
0.0219712
0.0510356
0.0281519
0.0221018
0.0217358
0.0221875
0.0220022
0.670525
0.0318278
0.021943
0.0909445
0.0333143
0.0220466
0.386018
0.023739
0.0220286
0.0224643
0.0216352
0.0219499
0.0262928
0.0219074
0.0223362
0.0219731
0.0361474
0.021483
0.0219282
0.0220078
0.0216424
0.0228706
0.0221524
0.0243857
0.0217934
0.0221527
0.0470201
0.0217478
0.0221935
0.0214857
0.0221765
0.241576
4.6939
0.0221524
0.0241503
0.0214858
0.0226194
0.025023
0.0216186
0.0222103
0.021622
0.0215941
0.0220588
0.0291849
0.154861
0.0329756
0.0220547
0.0887825
0.0217742
0.0219111
0.0279605
0.022021
0.0216038
0.021573
0.0220537
0.0217496
0.0345942
0.252571
0.0221723
0.0219078
0.022246
0.0218303
0.0217472
0.0221641
0.0220129
5.38472
0.0214896
0.0217721
0.0221597
0.0220087
0.0216301
0.023483
0.0217842
0.0220916
0.0222518
0.0221743
0.0219197
0.0340105
0.0217858
0.0342668
0.0220067
0.0221622
0.0223472
0.0221628
0.021404
0.0222706
0.0217963
0.0242224
0.0219554
0.0218744
0.140928
0.0220438
0.0216884
0.0218255
0.0217942
0.0214948
0.0217309
0.0215518
0.0221607
0.0221593
0.0217409
0.0214212
0.0218697
0.0220629
0.0217192
0.0219964
0.0215483
0.0218211
0.021474
0.0216436
0.0293235
0.0217841
0.0250872
0.0218475
0.166158
0.0219902
5.62494
0.0266825
0.0220347
0.153501
0.0218112
0.0277822
0.0217506
0.0219272
0.0233206
0.0222201
0.0498834
0.0218383
0.021493
0.0221639
0.0220908
0.0214805
0.0216003
0.0219445
0.0215171
0.0216518
0.0221982
4.27129
0.0513766
0.0218611
0.0216118
0.0217699
0.0225948
0.20255
0.0222524
0.0220171
0.0219558
0.0434994
6.65921
5.43807
0.0268779
0.0221108
0.0215058
0.0456797
0.0221731
0.0216654
0.0215497
0.0221595
0.0247379
0.123784
0.0342357
0.0219172
0.021823
0.0457113
0.0240794
0.0221649
4.61037
0.0221189
0.0221922
0.022008
0.022775
5.44816
0.0221098
0.0218418
0.0221801
0.0217656
0.0214851
0.0752615
0.0216971
0.022251
0.0218942
0.0548462
0.0220603
0.0214823
12.8245
0.0221688
0.0218687
0.0218127
0.0214466
0.022213
0.0219611
0.0783274
0.0218435
0.0327494
0.0218133
0.0215801
0.0218416
0.0218159
0.0227052
0.0218749
0.0219039
0.027569
0.0219661
0.0218767
0.0220993
0.02163
0.0214282
0.0221666
0.0225056
0.0219955
0.0215296
0.0215189
0.0219315
0.021626
0.336407
0.0216446
0.0220365
3.78147
0.0249748
0.0219655
0.0363074
0.0265098
0.0220823
0.0452644
0.0234548
0.0221345
0.0220004
0.0221762
0.02648
0.0724275
0.705928
0.027596
0.0347951
0.0219696
0.0219185
0.0221666
0.0214674
0.0239132
0.0217211
4.18987
0.205319
0.034562
0.0216868
0.0220121
4.22272
6.88256
0.0216636
0.0215551
0.0224419
0.142555
0.0217944
0.0487637
0.0894166
0.0220472
0.0232301
0.0217386
9.61697
0.0237878
2.09928
0.021974
0.0483091
0.0391228
0.0215634
0.0471001
0.0323094
2.54983
0.0219481
0.0221543
0.0214839
0.0216804
0.0214685
0.022262
0.0238752
0.021969
0.0235982
0.0552812
0.0218594
2.05433
0.0383588
0.0215877
0.0993204
0.0222089
0.0218459
0.0236425
0.0366962
0.0217538
0.051747
0.0217769
0.0219655
0.0217623
0.0285013
0.0221674
4.64361
0.0219186
0.0283233
0.0215628
0.0447311
0.0217565
0.0220333
14.8087
0.200435
0.333294
0.0235149
1.00501
3.09837
0.0273066
0.0219496
0.0219056
0.0219157
0.0527585
0.0219016
0.0216712
0.0226626
0.0222396
0.0218404
0.0215147
0.317385
0.0247627
0.0312497
0.0234092
0.0217767
0.0354064
0.0220732
4.34596
0.0217361
0.0243793
0.0386969
0.0756473
0.0222314
0.0219603
0.0220691
0.0220508
0.0232869
0.0280546
0.096065
0.0226684
0.0221746
0.0220811
0.0615306
0.0218452
0.0360863
0.0216791
0.0218867
0.0216477
0.0220508
6.26605
2.46618
0.0219246
0.0219523
0.0222243
0.0218082
0.0220367
0.0219027
1.71904
0.0299225
0.0218774
0.0221084
0.0218004
0.0216705
0.0366227
0.0219222
0.0219107
0.0226744
0.0292195
0.0220507
0.022172
0.0216734
0.0218494
0.179798
0.0357818
0.0220512
0.106016
0.0220318
0.0216885
0.0217452
0.0461131
0.0215747
0.0217519
0.0220504
9.94814
0.0259808
0.0501055
0.0244171
0.0218531
0.0381599
0.0219336
0.0224043
0.0438767
0.0221777
0.0216692
0.0219062
0.021942
0.0254422
0.0219585
0.0216909
0.0214139
0.022435
0.0221526
0.0217132
0.186082
0.022051
0.0297457
0.0226131
0.239753
0.0218465
0.0216678
0.021728
0.0696769
0.0216402
0.0420473
0.0218091
0.0221518
0.0216543
0.022059
0.022004
0.0269534
0.0230744
0.021692
0.0220766
0.0219307
0.178886
1.84441
0.0220545
0.0219588
0.0289692
0.0399339
0.0217541
0.0221537
0.0369591
0.0221405
0.0219333
0.0219175
0.0544444
0.0218563
0.0220108
0.0228545
0.0226509
0.0220693
0.021691
0.0221399
0.0216528
0.0219131
0.0220357
0.0221735
0.0221772
0.02192
0.0629783
0.251713
0.0218617
0.021437
0.021492
0.0239917
0.0220587
0.0216693
0.0221546
0.0218562
0.0218145
0.118833
0.113496
0.0222546
0.0219177
0.0217561
0.0231962
0.0229654
0.0219798
0.142058
0.022147
0.0219644
0.0221222
0.0373338
0.226589
0.0219489
0.0218991
0.0217687
0.0221209
0.0221219
0.0313931
0.0240847
0.0219661
0.0220492
1.5308
0.0216209
0.0661611
0.0222441
0.0218797
0.021484
0.0222298
0.0217433
0.0218935
0.0234102
0.0218901
0.0219265
3.4195
0.0219576
1.73403
0.0486649
0.0280768
0.0218913
0.0377564
0.0221228
0.0217976
0.023505
0.0222139
1.58633
0.0220529
0.021739
0.0233063
0.0216974
0.159015
0.0564662
0.0475786
0.0219667
0.0911211
0.0219694
0.0266267
9.50055
0.0390054
0.0217287
0.0375601
0.022046
0.0219872
0.250859
0.0231833
0.0219907
0.0219894
0.0272778
0.0282347
5.26982
0.0219953
0.121365
0.0600694
0.0215604
0.0225808
0.0227697
0.0218859
0.0221308
0.0221875
0.0220575
0.0217246
0.022004
1.44313
0.0220682
0.0221793
0.0220567
0.0218676
0.0335263
0.0219119
0.0217598
0.0221727
0.047204
0.0221797
0.022192
0.0218347
0.021937
0.0217284
0.0218798
0.0241204
0.128713
0.0376146
0.040146
0.0220338
0.0215858
0.0214683
0.0224985
0.021776
0.0436201
3.0103
0.021955
5.53352
0.271982
0.0218412
0.260267
0.0218341
0.0220474
0.0218753
7.41604
0.0233857
0.021501
0.10487
0.0215548
0.0217671
0.0636666
2.17172
0.0220541
0.0339721
0.0219852
0.0215631
0.0221944
0.0219562
0.0215235
0.0218019
0.0220333
0.021942
0.0219221
0.0262973
0.0219574
0.0219088
0.0265166
0.0219208
0.0218596
0.0221793
0.0217374
0.0222937
0.0219116
0.0216139
0.0220163
0.0219748
0.0217778
0.0220251
0.293506
0.0220284
0.0216148
0.0243719
0.0531777
0.0221076
0.219506
0.499159
5.89846
0.0220251
0.0222121
0.0221071
0.0216361
0.0222851
0.0230701
0.022656
0.022018
0.0219317
0.195023
0.0219298
0.0220953
0.0221063
8.25082
0.0219963
0.022406
0.0224816
0.215149
0.0217438
0.0508181
0.0218744
0.0359106
0.0426852
0.0218821
0.0218003
0.0224253
0.0217251
0.0219121
0.315042
0.0259667
0.0219462
0.0216578
0.0215703
0.021919
0.0396221
0.608956
0.307022
0.0436864
0.234572
0.0249115
0.0222497
0.0219059
0.0218178
0.0215192
0.0216969
0.0221098
0.130128
6.89017
0.021602
0.0219636
0.02154
0.0222657
1.65668
0.0221162
0.135535
0.51499
5.02166
0.0221807
0.021876
0.0224863
0.0216958
0.0219253
0.0227633
0.0244844
0.0217353
0.0218827
0.325613
0.0220768
0.0218908
0.0220223
0.0216817
0.0218799
0.0220012
0.0217058
0.0226111
0.0219221
0.028051
0.0238358
0.0229634
0.0220022
0.0259771
0.0216636
4.4854
0.0216097
0.0379422
0.0215866
0.0219068
0.0215654
0.160505
0.022731
0.0226065
0.0417792
0.0216472
0.0219187
0.0220141
0.0220464
0.022
6.27144
0.0222237
5.22747
0.0218615
0.0222301
0.0217437
0.021879
0.0220294
0.0216329
0.02177
0.0219361
0.0228749
0.0219186
0.0221707
0.140406
0.0484299
0.0221801
0.02228
0.0219859
0.030274
0.114409
0.0216483
0.0218753
0.0219136
0.0218084
0.0220126
0.269451
0.0218894
0.0223309
0.0218047
0.0216336
0.0615269
0.0220631
0.0218343
0.0505192
0.0216885
0.0220536
0.0604633
0.0228995
0.0215715
0.021885
0.0218987
0.0218651
0.0222107
0.033364
0.0217598
0.0358131
0.0217821
0.0230095
0.0216186
0.0219078
0.0221737
4.351
0.0219424
7.26009
0.0223699
0.0221653
0.0221927
0.0219075
0.022856
0.0218969
0.0219349
0.0214766
0.0218305
0.0220154
0.0342111
0.0217176
0.0217582
0.0219962
0.0214809
0.0220619
0.0221552
0.0214053
0.457572
0.0219415
0.022234
0.0222401
0.0253102
4.43143
0.0214266
0.0335414
1.98217
0.0214393
0.025644
0.0220616
0.0215928
0.0214692
0.0258353
0.0215885
0.27205
0.0220717
0.0214862
0.0215701
0.0216828
0.0243849
0.0231105
0.0214927
0.0440186
0.0747436
0.0215894
0.0215415
0.0219249
0.0218449
0.021544
0.0610175
0.0219121
0.0220897
0.0219724
1.37241
0.0219167
0.0382036
0.0245458
0.0325292
0.0215488
0.0217967
4.57002
0.0219173
0.0214828
0.0218968
0.0271311
0.0215647
0.0323733
0.0218786
0.0248458
0.0219284
0.0220411
0.0219177
0.0219691
7.87735
0.0214958
0.0218481
0.0218957
0.021997
0.0354988
0.0244974
0.0299757
0.0214691
0.0228904
0.74591
0.0215084
0.0219257
0.0215573
0.483389
0.0216387
0.0228306
0.0313034
0.0219809
0.0221378
0.0436733
0.0220302
0.0218345
0.022762
0.022129
0.0220689
0.0387924
0.0216154
0.0238348
0.021782
0.0216295
0.338125
0.0219646
0.0221836
0.0216664
0.029442
0.0220131
0.0218675
0.0221816
0.43711
0.0221918
0.0214211
0.0219687
0.0218799
0.021952
0.032711
0.0217797
0.0221111
0.0215217
0.0220485
0.0327198
0.0218915
0.0219191
0.0222225
0.022025
0.0222045
0.0221138
0.0224175
0.02199
0.0221851
0.021954
0.0218089
0.021924
8.57859
0.0221728
0.0226598
0.0220018
0.0361691
0.0221939
0.0219925
0.0217832
0.0218567
0.0215882
0.0546193
0.0219729
0.0218001
0.0215547
0.0219585
0.0220387
0.0220298
0.0217566
0.0216218
0.0470657
0.387716
0.0574936
0.0218013
0.031885
0.0217321
0.0380683
0.0219249
0.0219171
0.0313385
0.0215812
0.0220087
11.0038
0.0227058
0.0218753
0.0218394
0.0429118
0.0218149
0.0217116
0.0229148
0.0217743
0.0220488
0.0398004
0.0219681
0.0218253
0.0219276
0.0230332
0.0216436
0.115773
0.0219046
0.0232754
0.216922
0.0218821
5.03131
0.0218415
0.0217998
0.0221036
0.0217373
0.022509
0.0216152
0.0216951
0.0218946
0.0341178
0.127223
0.0225338
0.0217481
0.0220624
0.0352674
0.0219104
0.0216825
0.0236765
0.0218387
0.0217926
0.0226597
0.0253107
0.0217577
0.0221316
0.0310189
1.1748
0.505847
0.0219297
0.255627
0.0265223
0.0219023
0.0215168
0.02204
0.0220271
0.0217128
0.0218847
0.0221667
0.0217523
0.0219367
0.0618749
0.0217546
0.0296385
0.021915
0.0219914
0.0251046
0.0216702
0.0219412
0.0228278
0.0215999
5.05001
0.0219192
0.0312023
0.0219808
0.0503639
0.0626465
3.74331
0.0219429
4.03585
0.0223824
0.345961
0.0222237
0.0219151
0.0219111
0.0254461
0.0220906
0.0638532
0.0222036
0.0223387
0.0222054
0.182732
0.0265866
0.0217904
0.02188
0.021753
0.39965
0.04433
0.360594
0.0217459
0.0222292
0.36356
0.178087
0.021822
0.0217596
0.0217602
0.0264737
0.364691
0.022102
0.0218521
0.0217379
0.0217153
0.0219226
9.20718
0.0381111
0.0228403
0.0220131
0.0215567
0.0217331
0.02175
0.0283989
3.05956
0.0226544
0.0217653
0.0217595
0.0221116
0.0215218
0.0219135
0.0222421
0.0219899
0.0216677
4.83705
0.0220163
0.0216716
0.021973
0.0451976
0.0222012
0.0276412
0.0221546
0.0217643
0.0221258
0.0216647
0.0218988
0.0217634
0.0218829
0.022115
0.0221488
0.0219336
0.0220744
0.0407506
0.0249966
0.0240116
0.029891
0.0217348
0.0219237
0.0219223
0.0216825
0.0219432
0.0218076
0.0417188
0.0222252
0.0216691
0.0218246
0.0235003
0.0214071
0.021879
0.0218263
0.0217646
0.0219596
0.0239028
0.0226726
0.0218664
0.0215928
0.0542041
0.0289796
0.0446393
0.0225754
0.0218086
0.0219337
0.0214926
0.035333
0.0218931
0.0219275
0.0223931
0.0265344
0.0706532
0.021571
0.0219026
0.0217182
0.0216517
0.021905
0.0217348
0.0219259
0.0220864
0.0216356
4.1715
0.0218123
0.0217746
0.0216296
0.0226088
0.0220653
0.0221333
4.81712
0.0219328
0.0217098
0.0218509
0.0218877
0.0216733
0.0367956
0.0215774
0.0219226
0.0254342
0.0219245
0.0216098
0.0220208
0.0334888
0.0220303
0.0217419
0.0216634
0.0214845
0.0217843
0.0214758
0.137725
0.0222302
0.393807
1.36369
0.0232476
0.0215225
0.0216638
0.0222625
0.0221401
0.0218919
0.0321558
0.027309
0.0215015
0.024669
0.0223298
0.0216768
0.0218656
0.02181
0.298629
0.0250158
0.0219766
0.0216872
0.0220246
0.136743
0.022833
0.0218797
0.0221828
0.0218833
9.51287
0.0216441
0.0214222
0.0995176
0.238023
0.443943
0.0222368
0.0215424
0.0216432
0.0224615
0.0360564
0.0236737
0.0216856
0.0217238
0.0217621
4.95993
0.0218753
0.0219305
0.0214714
0.0293967
0.0216609
0.0216669
0.0217424
0.021929
0.0220307
0.0215786
0.0220474
0.021689
0.0215594
0.021941
0.0221544
0.0219357
0.0217599
0.0219157
0.0223536
0.0332316
0.0281199
0.0217691
0.0215851
0.022484
0.0217581
0.0217405
0.0219907
3.77082
0.0263828
0.0217756
0.0217356
0.0222732
0.0223416
0.0220678
4.75124
0.0544382
0.0244348
0.0219219
0.0220859
0.0221496
3.4034
0.0221828
0.0219059
0.0219092
0.0220356
0.0573001
0.0220577
0.0223265
0.0221768
0.0219644
0.0758351
0.0225061
15.4274
0.0218874
0.0221189
0.0222439
0.0218603
4.73085
0.0253313
0.0214747
0.0221816
0.0214845
0.0214573
0.0214657
0.0222609
0.0221434
0.336813
0.021802
0.022014
0.711621
0.021831
0.0221237
0.0227324
0.0222487
0.0214943
0.0221938
0.0219584
0.0218074
0.0216419
0.0273519
0.0216945
0.0220349
0.0408862
0.0765057
0.0214956
0.141375
0.20509
0.0317193
0.0215305
0.022
0.0229018
0.0215262
0.0217578
0.0468489
0.0513061
0.119979
0.0217314
0.0220387
0.0219088
0.0219248
6.28585
0.0244327
0.0214754
0.0345878
0.0218694
0.0269605
0.0221832
0.0219038
0.0214653
0.021503
0.0218808
0.0214571
0.0265434
0.0322319
0.0219173
0.0271492
0.0219101
0.674224
0.0232112
0.0219286
0.0215849
0.0226561
0.0216518
1.20751
0.021501
0.0438228
1.39879
0.0221025
0.0224666
0.0214993
0.0220434
0.0219571
0.512391
0.0217842
0.0220859
0.0248707
0.0219881
0.021707
0.055763
0.0469337
0.0219136
0.0219272
0.169669
0.021841
0.0255326
0.0220608
0.021972
0.0231489
0.0216362
0.323663
0.0219137
0.022124
0.0219288
0.0217064
0.0218255
0.443788
0.0601075
0.0217224
0.0219128
0.0217486
0.0369576
0.040684
0.022118
0.149681
0.0225908
0.0216076
0.0216619
0.0224353
0.0429911
0.0215785
0.0229163
0.103185
0.0215731
0.0296955
0.0218497
0.0215784
0.132402
0.0218867
0.021779
0.0229205
0.0600674
0.0219302
0.0217741
0.156001
0.0217745
0.0216621
0.0239309
0.0221907
0.0221663
0.0216573
0.0217674
0.0220798
0.0221932
3.38559
0.0228672
0.0219299
0.0219328
0.0219913
0.0216538
0.0219311
0.0216396
0.0216919
0.023027
0.0221761
4.13254
0.0219403
0.0217141
3.94524
0.0220108
0.0217217
0.0219092
0.0219281
0.021845
4.23764
0.0220098
0.0383738
0.0216587
0.0219104
0.160114
0.0222156
0.021776
0.024114
0.0218829
0.0219749
0.039521
0.0258785
0.0219274
0.0262409
0.0218691
0.0221736
0.0225003
0.132768
0.0222249
0.0468399
0.0218753
0.0256459
0.0236982
0.1989
0.101402
0.0219096
0.0241136
0.0222409
0.0236089
0.0645436
0.0215324
2.60703
0.0218805
0.0215864
0.0235144
0.0219253
6.92107
0.0216563
0.0721488
0.0222104
0.0402727
0.0470448
0.0220244
0.0221346
0.0215463
0.0225126
0.0220524
0.0221001
0.0428937
0.0240324
0.0225671
0.0217311
0.0222228
4.7207
0.0219245
0.0854535
0.024997
0.0217086
0.0861444
0.036495
0.0411485
0.02219
0.022677
0.0218816
0.0219364
0.0219461
0.0417309
8.71582
0.0221866
0.253336
0.0785424
0.0222733
0.0217754
0.0219237
0.0226489
0.0289788
0.0217814
0.0221097
0.021929
0.0220816
0.0485762
0.0385201
0.0217137
0.0724789
0.0217119
0.201173
0.0217004
0.0402566
0.0217205
0.0271782
0.0321797
0.0218558
0.0218213
0.024612
0.0219713
0.0273462
0.021919
0.0218659
0.0219579
0.0239526
0.021714
0.0219254
0.0224201
12.5172
0.0218419
0.0227176
0.0219583
0.0217008
0.0267368
0.141961
0.0217411
0.0312293
8.7568
0.0216931
0.0316368
0.0219646
0.0274403
0.0487133
0.0221905
0.0216754
0.0220944
0.0241833
0.0216584
0.0219359
0.172532
0.0218634
0.0218493
0.0362348
0.0237484
0.0217203
0.0812301
0.0224043
0.475342
0.0439589
0.0217167
0.0434334
0.0283946
0.0218153
0.0419527
0.0396153
0.0220967
0.0368217
0.0219199
5.55769
0.0217222
0.0324885
0.0290007
0.0218451
0.0217091
0.0220165
0.0225452
0.0233296
0.0219278
0.0218423
15.5541
0.0221731
0.0215159
0.0279668
0.0459894
0.0240008
0.402279
0.027002
0.0216902
0.0225703
5.82669
0.0219045
0.0216989
0.0216718
0.17649
0.022865
0.0249447
0.0298844
0.025427
0.0217256
0.0238112
4.60629
5.00096
0.0223431
0.0291129
0.0272591
0.0218785
0.0219098
0.021664
0.0219929
0.027406
0.0230868
0.0217709
0.0347413
0.0221939
1.75287
0.0320403
0.0229128
0.0219514
7.03391
5.17883
0.153883
0.0263922
0.0273941
0.0293069
0.123927
0.0770046
0.0307138
0.0217748
0.0839503
0.0503805
0.0221597
5.44132
3.16325
0.0216807
0.0219038
0.0216775
0.0221845
0.041259
0.0218985
0.021798
0.0216945
0.0216859
0.0220297
0.0385413
0.0495598
0.0216972
0.0217198
0.0226796
0.142632
0.0215143
0.644428
0.021842
0.0332703
0.0455879
0.0221733
0.0337208
0.0218761
0.0221848
0.0216716
0.0324631
0.0325613
0.0419237
0.0359944
0.0235131
1.99424
0.0225263
0.0218712
0.0217876
0.0216653
5.65971
0.0216481
0.0220214
0.059197
0.0240019
20.6104
0.0219208
0.0216602
0.0390662
1.4596
0.0269862
0.0243988
0.0217982
0.0216358
0.0799403
0.0308937
0.0219693
0.0220227
0.0217249
0.0221092
0.0218025
0.0217813
0.0220364
0.021894
0.0218782
0.0222857
0.0221396
0.0251488
0.024552
0.0218005
0.0222107
0.0222424
0.0237093
0.241183
0.0221248
0.022102
6.20575
0.0297602
0.0215794
0.021718
0.0219359
0.0219194
0.0233413
0.0470282
0.0472778
0.0220903
0.0220649
0.0219696
0.0227731
0.0303746
0.0218458
0.0216365
0.0218574
0.0221271
0.37097
0.0236664
0.0258066
6.76083
0.0221847
0.0285014
0.0322592
0.0231908
0.49605
0.0218878
0.0219806
8.22058
2.82552
0.0230321
0.034215
0.0220301
0.0221494
2.29101
0.0219136
0.451644
0.0220378
0.106191
0.0222714
0.0473529
0.0358156
0.0220113
0.0222039
0.0218923
0.0219204
0.026325
0.0215776
0.0232863
0.0505527
0.0219127
0.021593
0.0215957
5.28553
0.0283273
2.04448
1.36098
0.0224734
0.194822
3.74982
0.0224282
0.0220075
0.0234741
0.0220299
0.0224911
0.0215146
0.0219315
0.0222269
0.0219292
0.0346637
0.0515779
1.51221
0.0222334
0.0312002
0.0222312
0.025297
0.0218555
8.8204
0.597675
0.0218168
0.0217781
0.0220164
0.0220813
0.0217618
0.0218954
0.022319
0.0348284
0.0221549
0.0462077
0.0218753
4.72093
0.0427959
0.107811
0.0217203
0.0468969
0.0244172
6.37295
0.106039
0.0221288
0.0217645
0.0222893
0.0218437
0.0235781
0.0254703
0.0218259
0.0228148
0.0217006
0.0233933
0.0218652
0.0219398
1.66293
0.0218479
0.0217403
0.0217923
0.0220428
0.0466484
0.0283409
0.0225011
2.83315
0.192894
4.23322
4.1098
8.34724
0.0216527
0.0295108
0.0217823
0.0221873
0.021898
0.0495846
0.106577
1.98271
0.0411318
0.0217381
0.0219654
0.0216666
0.0217309
5.11875
4.50007
0.0249578
4.83986
0.14947
0.021882
0.0243036
3.19983
4.40602
0.0351842
0.0333761
0.0220119
0.022087
0.0249476
11.4067
0.158115
0.0217163
0.12968
0.0559517
0.0220259
9.33563
0.0427442
0.0287988
0.0217333
9.15705
0.0507513
0.0222029
0.0217509
0.0219852
0.640408
0.0344036
0.0544153
0.0311969
0.0230371
0.0275146
1.69908
0.0265719
5.06516
0.0387387
7.52818
0.0222895
2.78043
8.73465
2.5215
0.0216902
0.0220952
0.0218139
0.0219634
7.32787
0.193134
0.0220641
0.0221324
0.0222093
0.021796
0.0225926
0.951669
0.0218374
0.0234406
0.0217668
0.0221782
0.0303043
0.0271852
0.167502
0.0725195
0.0221363
0.0328515
0.0221332
0.188515
0.022413
0.0219158
0.0278029
0.0218522
0.0590683
4.44409
0.022182
0.0214679
0.0219935
0.0216562
0.208255
0.0319797
0.0345023
0.0806137
0.0221842
0.0216262
0.0242411
0.0216511
0.0217666
0.125726
0.0896301
0.0225098
0.374239
0.0217357
0.0243769
1.53466
0.0347685
0.0218888
0.0217596
0.0220824
0.0218262
0.0227397
0.02198
0.0662083
0.0216686
0.438331
1.75008
0.0218844
0.0222491
0.0350276
0.0222426
1.69485
0.0222105
0.022065
1.01715
0.0217019
0.0221028
0.0217877
0.047825
0.0217811
0.0597871
0.021951
11.0509
3.69672
0.087777
2.13859
4.78143
0.0857786
7.59257
0.0218253
0.0217039
0.0299063
0.0216652
0.0246327
0.0229437
0.0214397
0.0220485
4.73648
0.0219213
0.0218808
4.80281
0.0220536
0.0221712
0.0246589
0.0217835
0.0295527
0.180021
0.035513
4.08514
0.0220164
1.36517
0.0218477
4.21474
0.743614
0.044146
0.0221261
0.120311
0.0244929
9.50358
0.0536703
4.58522
0.273793
0.572808
0.0274188
0.0372124
0.0218835
0.022034
0.0218539
0.0218844
0.021992
0.024998
0.0219142
0.0414643
0.0257009
0.0219316
0.0218879
0.0512154
0.0221383
0.021978
0.0218941
0.0695473
0.0322615
0.021668
4.48669
0.0382603
0.124171
0.021964
0.0218098
0.0216962
6.36659
0.0798092
0.0243877
0.0267945
0.022511
0.0215999
8.95514
0.0716591
0.0217961
6.46321
0.0219322
0.166822
0.0219753
0.0217499
0.0214351
0.450058
0.0218111
0.0217023
0.0312921
0.0216504
0.0214509
0.021929
0.0222246
0.0218518
0.0322569
0.0226411
7.04037
0.199808
0.0218987
0.0225105
0.0215532
0.0371511
5.73635
0.0219197
7.86378
0.0471265
0.788232
0.0453305
0.0219696
0.0218045
0.123093
0.0398617
8.61098
0.0239822
0.0217476
0.0219175
0.0222201
0.0218453
0.10601
0.0589448
0.0332219
0.0240188
0.0219229
0.173868
4.7674
4.53538
0.021904
0.144833
0.0478763
10.8602
0.0218211
0.0223792
0.0431775
0.286093
0.162793
0.0436139
0.216019
0.0220401
0.356931
0.0218127
0.0920604
0.0254557
0.363078
0.0220516
0.0219262
0.0221611
1.34868
0.0221797
0.0222782
0.349248
0.172233
0.0220739
0.0216509
0.183749
0.0221795
17.1322
0.134798
0.0219819
0.117038
0.0216536
0.137415
0.044441
0.0401486
0.0216654
3.7709
0.0561585
0.0218808
0.172631
0.0214331
0.0220141
0.0218219
0.0228995
0.0314033
0.121535
1.78352
0.123197
0.0239967
0.0219917
0.021969
0.0218621
0.0217343
0.0651037
4.2536
0.022148
0.0233264
0.0217033
0.169024
0.147789
0.0217882
0.0960239
0.0221656
0.0216964
0.0216563
0.0219002
0.202069
0.0218615
4.29678
0.022321
0.455286
5.17879
0.271482
0.253363
0.0252465
0.0219017
0.0224034
0.0216685
0.0222436
0.0220894
0.0606955
0.0219118
0.326879
0.0307727
1.529
0.0244924
0.31889
0.0217226
0.0216379
0.0217589
0.0219779
0.0590031
0.0413187
0.021918
0.0219039
0.022129
4.79131
0.0219213
0.0408764
0.0219373
0.0216245
0.113208
0.0254264
19.5474
0.026636
5.02696
0.0251003
0.0216742
5.72979
0.0600615
0.0215621
0.0221765
0.0290562
0.0311349
0.0592145
0.0218363
0.022264
0.0220039
0.0219252
0.0736536
0.021466
0.0556485
7.36758
0.045762
0.0219248
0.0328186
0.28121
0.147834
8.34718
0.0220163
0.0214765
0.0217618
8.532
0.0408997
0.0214774
0.0215723
0.0218936
8.92026
0.0214904
0.0241337
0.0490925
0.0214889
0.0241762
0.638475
0.0222952
0.0273265
0.0235939
0.0214627
0.042447
0.021739
0.0218232
0.368076
0.0220069
11.3344
0.0219245
0.0214779
0.363857
0.021766
0.0239726
0.0225081
0.0220518
0.0543622
0.0693686
0.0217443
0.0226799
2.87118
0.0219256
0.0503582
0.0262099
0.0217697
0.0219273
8.44162
0.0219086
0.021415
0.122173
0.0467544
0.471394
0.0220788
0.0222501
0.0219906
0.0235263
0.0249711
0.0220523
0.0219163
0.0218162
0.0221723
0.505179
5.3307
0.0214692
0.226189
0.0501679
0.0639141
0.0244844
0.0218384
0.0220211
10.6745
0.0217534
0.0218795
0.0217605
0.283432
0.14249
0.0219924
0.0218806
0.0219059
0.0221763
0.0721807
0.0218785
0.0228196
0.169814
0.0267721
0.0215031
0.0220181
15.5142
0.0220212
5.06569
0.0219705
1.6963
0.0218753
0.0805796
0.220215
0.0216721
0.0736307
0.0217983
0.207785
8.16922
0.278835
0.0542799
0.0219041
0.0678618
6.19993
0.0775191
0.0398047
3.20124
0.0217963
0.0219224
0.0218258
0.261054
0.182674
0.0221494
0.0217658
0.0308183
0.0222447
0.0220512
0.0424495
15.0958
0.0219218
3.44274
0.0258608
0.0219203
0.0215878
0.0218985
0.291435
0.021997
0.0221599
0.0216028
0.051763
0.994993
10.5218
0.0219263
3.84224
0.0436876
0.0537709
0.340794
0.0218464
0.0238874
0.021842
0.0218253
0.0237224
0.0273473
0.21912
0.0451218
0.0219533
0.0401576
3.99016
0.447959
0.119002
0.0584386
0.0217112
0.022423
3.62954
0.0220837
0.681338
0.027011
0.0219145
14.829
2.75471
0.0216442
0.0220706
5.56365
0.0224828
0.0558263
3.30909
0.0297011
2.15604
0.0215637
0.0274561
0.0221392
0.02183
0.210318
3.03483
0.0627668
0.0218653
0.257303
16.2316
0.969156
0.0330432
0.0238144
0.0259663
0.0220863
0.219806
0.0217005
0.794549
5.80859
15.4346
0.03082
0.0217156
0.179792
0.0220005
0.0220323
0.360167
0.0226836
0.0221837
0.0218672
0.0235006
0.0222524
0.0219466
0.0475447
0.0529864
2.50996
8.99454
0.0232811
0.0258961
0.0218479
0.0219504
0.0219161
0.231204
0.02213
0.0671041
0.0318388
0.0246345
0.0351823
0.0221916
0.0218652
0.0217279
0.023895
0.0221329
0.0299749
0.0217203
0.477621
0.0219468
0.0221883
0.0257513
0.0221569
0.502159
0.0239376
0.277561
0.0302838
0.0366715
0.0224873
0.0218798
0.0220563
0.0263757
0.0214653
0.0222218
0.0220021
0.0223542
1.59415
4.13038
3.76112
1.91497
0.0219349
6.40475
0.0693709
0.0309578
0.0423696
0.0219251
0.0219487
0.0241035
8.85746
3.86986
0.0310613
0.0217813
0.0222514
0.0401771
0.184218
0.0221901
0.0218728
0.0220956
0.0220657
0.0365212
0.0321473
0.03478
0.0214659
5.51462
0.028408
0.0381875
0.0218993
0.0221063
0.0227612
3.51591
0.0217152
0.0340575
0.0219711
1.81987
2.37136
0.0218823
7.20946
0.0217251
0.16524
0.0218475
0.179467
1.39063
0.0214926
0.0228782
0.0220687
0.0217924
0.0222697
0.0218583
0.0405538
0.0418757
1.6312
0.0671013
0.0242233
0.0260881
0.0220332
0.0330785
0.0295323
0.0220684
8.44848
6.92663
0.0219238
0.0422521
10.2097
0.022251
0.0556993
0.436432
0.313108
0.0218518
0.0217352
0.267279
0.132054
0.0216889
0.0218964
0.0291192
0.0217613
0.0221345
0.0267486
0.0223437
0.021654
0.0219317
0.0218317
1.51024
0.167253
17.6077
0.0946331
12.9563
0.027302
0.0262993
0.0221426
0.0217123
0.0223903
2.29644
0.0218533
1.16976
0.455139
0.022109
0.0308085
0.0348414
5.13156
0.022273
0.0486153
2.90599
0.0217723
0.0221361
0.0215528
0.0218526
0.0218758
0.0469902
0.0216583
0.0259357
0.0222297
0.0221843
0.0221395
0.0745195
0.0217685
0.0386095
0.0220554
0.0525312
9.91789
0.0218351
0.0246261
1.79485
0.0218433
0.0272041
15.4925
0.0218822
0.0216934
0.0269818
0.0217296
0.0579401
8.90152
0.0246206
0.0222891
5.53542
0.0222325
0.0219629
0.0219322
0.0221036
0.0221543
0.0910478
0.0216875
0.023219
0.0263811
0.0219046
5.31339
0.0348954
0.0219854
0.0405682
0.0250585
0.623251
0.0218973
0.0219506
0.0523835
0.0223229
2.98886
0.0217761
4.72931
0.054418
3.79144
0.0216128
0.0217688
0.0228279
0.032555
0.264923
0.0229382
5.86683
0.0222298
0.0216576
0.0220627
0.216552
0.0218119
0.0222609
0.0220931
0.021958
4.06415
0.0222467
2.62749
0.0214522
0.0221915
0.0227719
0.0216014
0.512827
0.0216836
0.021552
4.99924
0.021756
0.0216951
0.194922
0.0220204
0.0217671
0.214336
0.0879373
1.12148
0.0219219
0.0218552
0.0219214
0.0214632
0.197466
0.0237367
0.0219508
0.0216258
1.35443
5.42362
0.108204
0.303845
0.0322098
0.0224582
0.0707572
5.47445
0.0302774
0.0316475
0.0218992
0.0222303
8.00802
0.0221756
4.63815
0.0219937
0.0230921
0.0254876
0.0334463
0.280389
0.0223845
0.0223305
0.0265436
0.0222311
0.0214459
0.0217308
0.0231686
0.967045
0.021635
2.50107
0.0218295
5.70563
0.59332
0.0218797
0.154004
0.0216799
0.0274184
0.26226
0.0235067
0.0316799
0.0216128
0.0220717
0.0222448
0.406293
0.0221391
0.0219948
0.14347
0.0226202
0.563697
0.0219154
4.66663
0.0374277
0.0872112
3.11976
0.0297848
0.021793
0.0219096
0.049464
0.305552
0.11835
0.0220742
0.0233095
0.0314928
0.0952932
0.0310732
0.0220942
0.10631
0.0224556
0.0868102
0.0220152
0.0405884
0.0216504
0.0217374
1.67521
0.024669
0.0260378
1.55327
0.0228935
0.0238939
0.0221492
0.0218769
0.0220736
0.021737
4.70466
0.0222841
0.0239509
0.0221579
0.0230845
8.02486
0.0221114
0.0215229
0.0328137
0.109148
0.0224114
0.0372346
6.12262
0.021989
0.0432581
0.0220449
2.07464
0.0225343
0.0217614
7.24011
0.212356
0.0348102
0.0233176
0.0219392
0.0215669
0.0229293
0.021673
6.72302
0.0294076
0.0333536
0.0348062
0.0220211
0.0252279
1.93382
0.0222703
0.0615453
0.0215628
0.0243828
0.0221899
0.0232664
0.0218704
0.192522
0.022091
0.0220667
0.357572
0.246526
0.0343822
0.070253
0.0342395
0.0218244
0.0328726
0.0243099
0.0220616
0.0222503
0.0468835
0.0342779
9.72536
0.0340139
7.37344
0.0497608
0.0334695
0.107085
0.0290239
3.1441
0.872772
0.0219684
0.117832
0.0569989
10.6798
0.0220502
0.0893308
0.0219005
2.67762
0.0220601
0.0225004
0.0222626
0.0218964
0.0796349
0.0220215
6.66466
0.0221373
0.0214607
0.0246525
2.87251
0.0407948
16.2703
0.0218965
0.0617493
0.0219221
0.0551636
0.0232809
3.99999
0.0216379
0.214649
0.757701
0.0754427
8.61014
0.0465012
0.0216824
0.0219911
0.0220042
0.0215638
0.021902
0.0226515
0.0218709
0.0369394
5.07619
0.0221276
0.0232004
0.354284
0.0397757
0.0267672
17.1113
0.0349655
0.02501
0.0219716
4.74509
5.62906
0.0252639
0.0218467
0.0238859
8.85741
2.48689
0.0754387
5.61069
18.2724
0.0336921
0.0253411
0.021807
5.5058
0.0216599
0.0863313
0.0215177
0.0219304
0.0257699
0.0646665
0.028511
0.0219038
0.0219009
4.50159
0.0221309
0.0227465
0.0430515
0.0257554
3.45066
0.0229087
0.210021
0.0222798
0.0219132
0.257895
0.0216632
0.032543
2.23348
0.0219225
0.0219856
0.268229
0.023843
0.0219933
0.085011
0.0219005
0.534425
0.0215096
3.87942
0.171747
0.371271
0.0376169
0.244357
0.0220584
0.0222757
0.0220659
0.0423899
0.0219226
0.0218971
0.0306259
0.0833615
0.153635
0.0244922
8.93667
3.56504
0.0215586
0.0221229
16.1367
0.487456
0.0222232
0.263604
0.364864
0.0679512
0.218075
0.165542
0.092984
0.280954
0.0218897
0.0219703
0.0217051
0.0218093
0.0220382
0.0222307
0.0219047
0.0225342
0.0219213
0.021741
1.66714
0.0218904
6.00936
0.0226848
0.22072
0.0218626
0.0316811
0.0219142
0.0394773
0.0230993
2.38252
0.0221242
0.170773
0.0220357
0.0218626
0.0215679
0.0422412
0.0222821
0.0226922
0.145508
0.0279547
0.0219291
0.0221902
0.0219147
5.97509
0.0217116
4.68759
0.0228185
0.0217274
4.91844
0.0517639
0.0327978
0.0239633
0.996915
0.0215318
4.7273
7.85805
0.0220831
0.17203
0.0217321
0.0305749
0.0219271
0.0218772
0.174033
0.0401011
6.6617
0.023957
0.021418
0.115375
0.0219137
0.168126
8.79823
0.0217351
0.0633256
0.034875
0.0219255
8.93901
0.0232974
0.021796
0.0220611
0.0216462
6.12248
0.0410223
0.107031
0.0466721
0.0216685
0.05855
7.51106
0.0215559
0.0749562
0.0281971
0.0218001
3.19955
16.3565
7.17362
10.6112
0.107173
1.58441
3.71729
0.0220568
0.0835035
0.0217326
0.0609305
0.0219012
7.57728
0.0214101
0.167882
6.17981
0.0245539
8.58681
8.32422
10.4444
0.0320989
0.022109
0.0217271
0.0219767
1.06688
5.33148
0.0218726
17.3812
0.0219558
0.022038
0.0246175
0.021555
0.0399853
0.0421054
0.0442231
0.0217075
18.0928
0.0220729
12.0936
0.044242
0.0215485
0.136302
3.47554
0.152204
0.0218609
0.0303099
0.0221507
0.0220603
0.025571
0.0215232
4.45049
6.97719
0.0279876
0.273478
0.903439
0.02208
0.0218266
0.0219473
0.0215621
0.488997
0.0216922
14.6477
0.142473
0.0220861
0.0222873
16.8178
0.0221166
0.0218049
0.0219209
0.0220158
1.78815
0.0216559
0.103964
0.0222702
0.0834193
19.3127
0.0489282
0.0224431
0.021901
0.021535
4.96975
0.133893
0.070309
0.0219194
0.271697
0.0239657
17.6958
0.0466558
0.0428309
0.0216385
0.0218704
0.0257311
0.0216563
0.0297488
0.022228
0.0444918
2.97136
0.133823
0.0216298
13.4658
0.0355127
0.022214
0.0513412
4.6286
8.43142
0.0330534
0.253148
14.0005
0.0216302
0.0862126
0.119765
0.0471745
0.0221894
2.14115
0.0219071
0.0223504
0.0217077
0.0265043
0.47057
0.0220638
0.0221169
0.0220961
7.04324
0.0234984
4.01403
4.93231
5.28687
0.0234941
0.0222232
0.0228824
0.0221785
0.187312
0.022359
0.0294777
0.0217357
0.0217895
0.023449
7.69086
0.0529109
2.25035
0.0219835
0.0216524
0.0223892
2.77498
0.0398967
6.66339
8.73729
4.09561
0.0214366
0.0218732
0.0258501
6.83013
0.0223272
1.98446
4.58021
0.0352324
0.0217167
2.13115
0.022242
0.274741
0.244049
0.0467892
0.0242141
0.0216985
0.0218495
0.0329199
0.0219257
0.0220115
6.32324
0.0221345
0.0220032
2.69784
0.022072
0.0217701
0.0259986
0.024787
0.0219215
0.0222666
0.0219106
0.0220312
0.0219768
0.0217296
0.230154
0.0279818
0.123714
4.79859
0.0219012
0.022104
0.0220224
0.0240992
0.0217357
0.484283
0.0227036
2.44922
0.0216155
0.0216095
0.0264769
0.021643
0.215544
11.5605
0.0378853
0.0252726
2.82905
5.84063
0.0219253
5.31454
0.0594024
0.0219657
0.021688
0.0219025
3.57339
0.599106
0.0216705
0.0219272
0.0448895
0.0218357
0.021993
0.166685
0.0220861
0.0222297
4.49036
0.0219598
0.0215996
0.0220777
0.114313
0.0240078
0.0636398
0.024208
0.0219828
0.0225365
11.4976
3.02219
0.0217164
0.0221718
1.66987
0.100199
0.216279
0.0218121
0.0225083
0.0220609
0.0219005
0.0358953
0.0271845
0.0222103
0.0224097
0.0220647
5.89625
0.0218719
0.0924419
0.0222931
0.0222912
8.82429
0.021695
0.0219059
0.0219214
0.0216427
0.0218991
0.0221031
0.0221712
0.0222813
0.0222885
0.0295959
0.0348998
0.0222915
0.100632
0.176785
0.0215621
1.88471
0.0609521
0.0216672
0.0717239
0.0329059
0.0217648
0.0218095
0.0221499
0.0220298
0.0218722
1.1144
0.0225482
0.0222525
0.0217897
0.0237117
0.0218096
5.72806
0.0240952
4.75089
8.40228
0.0284818
0.022093
0.0218576
0.0217276
0.0462718
0.0966553
0.021904
0.0221178
0.0218919
0.0219273
0.0518145
0.0221216
0.0273985
0.0220038
0.0215797
0.759041
0.0220448
0.0219891
0.0220063
0.0219108
0.0217158
0.0216168
1.67289
0.0221459
0.0220103
0.0216035
0.0222295
0.0216622
0.0313124
0.0219057
0.0216504
0.0241148
0.0216984
0.0216765
0.0834851
0.021935
0.92672
5.1033
4.86166
0.13882
0.0219093
0.0221529
0.0218251
0.0219279
0.11991
0.0993151
0.0219029
7.46116
0.0217517
0.0246135
0.0351148
0.14484
0.0216834
0.0218897
10.4986
0.132588
0.0597987
0.0217108
0.0219993
0.0219218
0.0217833
0.0215337
0.0220723
0.026827
0.0216122
0.0222737
0.022062
9.65722
0.0561577
0.149562
0.0214358
0.0219163
0.0225144
15.3127
0.0215835
0.0244671
0.0282012
0.0539308
0.0223321
1.22956
2.31785
0.0219208
0.0214346
0.022261
0.0222109
0.178798
11.7467
0.0216547
0.022009
0.0219842
0.0220951
0.047084
12.1321
0.0220537
0.0249331
0.129242
3.60054
0.0219042
0.0231133
4.56812
0.0214282
0.0219559
0.0218968
0.0220716
0.0218664
0.0216152
0.0218137
0.021992
0.0807541
0.0690406
2.53974
0.0364291
0.0355609
0.0242132
0.0273989
0.0292862
0.0434601
0.0219224
0.0217199
6.68012
0.0252425
0.0605058
0.0220681
0.0216315
0.827741
0.0220346
2.24612
0.0251846
0.344257
0.0217329
0.0376293
0.0217248
0.021694
0.0434432
0.0260986
0.0274683
0.0218985
0.0223948
0.0220653
0.0218294
0.0248285
0.0216014
0.021901
0.0224551
0.0220758
0.0218617
0.0219232
0.0582141
0.0465959
0.269289
0.0266722
0.0218878
0.0223937
0.0217922
3.00775
7.94714
0.0218086
0.0219494
0.0216666
0.0557506
0.0220045
0.0221005
0.0239737
0.0469437
0.0220533
4.65056
0.0321436
0.0220894
0.0220269
0.178009
0.0737367
0.177752
0.0219197
0.0218725
0.0219919
0.0220207
0.030078
3.76121
0.0218381
0.0215939
0.0224052
0.255952
0.0220663
0.0218552
0.0225074
10.6091
0.0216797
0.0216728
11.8232
0.0231266
0.0215243
0.0219384
0.0465231
0.0237497
10.8711
0.165593
0.0913074
8.01653
0.0218402
0.0303629
2.22355
0.0217963
0.0216807
0.0219538
1.96627
0.272828
0.0216899
0.0218196
0.0217254
0.021938
0.0620027
0.0801152
0.0220003
0.0218005
0.0307697
0.0366962
0.0216609
6.10743
15.8022
0.0217962
0.02164
0.023949
0.021901
0.102807
0.0325676
0.122163
0.0216534
0.0282023
0.0219159
0.0240052
0.0221759
0.90452
0.0219558
0.0220704
0.0216626
0.0217918
0.021622
0.021583
8.729
0.0409237
0.032781
0.144503
0.412997
5.38549
0.534569
0.0216983
2.77924
0.855172
0.0221
0.0221687
11.9872
0.0216809
0.0219244
0.165229
0.0370993
0.0226403
0.0326709
0.0216199
0.0217312
0.0286672
0.0569202
0.0224812
0.0220619
0.675826
0.0227064
0.0219154
0.0219216
0.0222066
8.36344
0.247197
0.0219261
0.0219282
0.0216476
0.0218332
0.0255675
0.219584
0.319096
0.0275262
0.0219151
0.0216637
0.0325201
0.021964
0.694111
0.0218109
0.0218434
2.34618
0.0856297
0.0217255
0.0217299
0.200394
0.0312446
0.0221073
0.0219947
0.140553
0.0217322
0.106268
0.0227037
0.0917672
7.81576
0.0214187
0.0218139
0.0415992
0.0359264
1.31603
0.021876
0.0646279
0.241248
9.05722
0.0220762
0.0760176
0.0829856
0.0219135
0.0218628
0.138462
5.9553
0.0225099
0.16189
0.0272671
2.67143
0.036278
0.0668792
10.1042
17.2168
0.0219014
0.0220381
0.0517334
0.593995
5.78337
0.0237054
0.0264308
0.0216928
0.0992434
0.0218775
0.0934932
0.0219194
0.0217277
0.0220995
0.0217117
0.0215127
0.0298817
0.346514
0.136909
0.0215642
0.121238
2.78303
3.76067
0.0217029
0.0337772
0.089559
0.0217966
0.0225302
0.0226169
0.0215497
0.0308094
0.022276
0.118937
0.0220351
13.7512
0.0582642
0.559706
0.232146
0.0217793
0.0222612
0.0381583
0.081262
0.0219725
0.0289968
0.0216378
1.37076
0.021658
0.197499
0.0220009
0.106455
0.0388123
0.473519
0.0218393
0.118286
0.0216956
0.0219512
0.0387434
5.02617
0.0292033
0.114561
0.0219108
3.27586
0.030484
0.0360512
0.0219738
0.021574
0.0374304
0.0218687
0.0726759
0.0488611
0.0271839
0.0217646
0.302244
0.0217505
0.0218656
0.0606563
0.0325668
0.0214733
0.0217544
0.279375
0.063074
0.0218016
0.0217219
0.0233145
14.1678
0.0495302
0.0223521
0.114362
0.0218929
0.0220491
0.0236293
0.0236796
0.0214419
8.12497
0.0227605
0.0218049
0.0222513
8.16673
4.75021
0.0250504
0.0215269
0.0218225
0.0218962
0.0402733
0.129363
0.022001
8.29233
0.0303754
0.104468
0.0218905
0.0341203
0.0526066
0.0310992
0.0920448
0.0606085
3.04987
3.35346
0.0789121
0.0218825
0.0217452
0.985799
0.0218088
0.0220773
0.270604
0.0220034
0.0221751
0.138829
0.0216934
0.0217137
0.0218945
3.79814
0.0218032
0.162952
0.0276193
0.0283591
0.0278508
0.0293435
0.0218297
0.0278249
0.0499664
5.93181
0.06845
0.0225992
0.0221336
8.52157
0.0376135
0.0217432
0.102615
0.0219205
0.0219599
0.0278859
1.21905
0.273371
0.0215941
0.0895773
0.164974
0.0217028
0.0220174
0.0219858
5.61555
0.0551658
0.022646
0.0214661
0.119402
0.0218911
0.0662292
5.5131
0.0217068
0.263926
0.0222168
6.97631
0.0218136
0.0220499
0.264234
0.0216891
5.95155
0.0259754
0.0222102
0.02171
4.41815
1.07379
0.0220709
3.01312
0.0252148
0.104483
0.0218183
0.0216073
5.16969
0.0219682
0.0368227
0.0217659
0.0220383
0.0218744
0.0462105
0.0640487
0.140925
0.283536
0.0217044
0.0215208
0.0278198
0.0217127
0.0217243
0.0217472
0.0247858
0.0218252
0.0214525
0.0244297
0.0220714
0.0220364
0.0320571
0.0216903
0.0221506
0.02187
27.7622
0.0285716
8.56928
0.072634
1.8694
0.356928
0.198046
0.0221397
0.0446648
0.0216526
0.0216851
0.0222321
0.0227322
1.46573
8.83588
0.0241751
0.0218724
0.0216439
0.0219196
0.0218134
0.217441
0.0273238
0.0218966
0.0218696
0.0221202
0.0220768
0.021871
0.024127
0.0221022
0.0219703
0.031406
0.0803925
0.189341
0.0495266
0.148265
0.116478
0.0218276
0.0460801
0.0447439
0.0256681
0.0215528
2.42229
0.0218275
0.0221391
0.0215469
0.0653562
0.0217172
2.50054
0.0217657
2.24488
0.0217885
0.0778161
0.0355487
7.10301
0.0218798
0.11458
0.0217125
0.0641613
0.0476989
0.0220283
0.0218249
4.56294
0.0775839
0.0220049
0.0220113
0.0218219
0.297754
6.67663
0.021755
0.0219318
0.0217506
0.07217
0.0217618
0.0336651
0.022126
0.113729
0.0220875
0.0253114
0.0225305
0.0219672
0.0221222
0.0219196
0.0234518
0.0220632
0.0218504
0.156666
0.0955789
0.028593
1.35496
0.0217049
0.0216681
0.0789181
0.0220165
0.0216837
0.0220274
0.0219459
0.0264635
0.0900904
0.0292042
0.0217
4.85521
0.125418
0.0437417
8.41461
0.0670917
2.37776
0.0219196
0.101666
0.021726
0.217187
0.0219186
2.78659
0.0214952
0.044008
0.021991
0.0236408
0.0246102
0.0216916
0.0219241
0.0216453
0.0218583
0.0218732
0.0218734
0.022061
0.0264188
0.353388
8.60827
0.686913
0.0220776
0.023926
0.273798
0.0216094
0.086909
0.0218216
0.0215077
6.70676
0.0240497
0.0220384
0.0218621
0.0218676
0.0907317
0.0332634
0.0216765
0.0217528
0.0235323
7.60542
0.0220415
0.0220039
0.0219705
0.0219574
0.0216361
0.0218747
15.4468
0.0218935
0.508089
0.0217154
0.123838
0.216421
3.62082
0.0916808
0.0221956
0.569721
0.0218661
0.0219555
0.0343642
0.021915
4.64124
0.0218146
0.024849
0.0220758
0.0220301
3.20022
14.3702
0.238817
0.0214422
17.4469
0.0547333
0.0216121
0.0428946
5.90435
0.0223869
8.24593
0.0234365
0.0225238
0.0215966
5.22439
0.0222355
0.0762953
0.0349226
7.95513
0.102355
8.48397
0.021967
0.0218599
0.0649624
0.0334423
0.0317552
0.357056
0.0244067
0.0215976
0.161326
0.0219543
5.63255
0.0218364
0.0217386
5.14246
0.0514725
0.184228
0.0219155
0.0214497
0.0220262
0.0214608
0.0221894
0.021935
3.23029
2.69445
1.31443
0.0218254
0.0219238
0.0562079
0.0382452
0.035868
0.021929
0.0220892
0.0220345
0.0425322
0.0219759
0.0222661
0.0216502
0.0507216
8.62786
3.49001
1.30994
0.16902
0.0244638
0.0217714
0.0988465
3.18764
0.11911
0.0225463
0.0218349
0.0348136
0.0216217
0.0233579
1.4316
0.0606021
0.0216854
0.0242889
5.4719
3.18237
0.0223763
0.0216847
0.0220982
0.087338
0.0216989
8.96982
0.0215074
0.0217084
0.0224455
0.0540327
0.0688675
0.022013
8.66737
1.33673
0.0462694
0.0216049
0.0487456
3.45313
0.748
0.0219248
2.6584
0.0346483
3.38214
6.27478
0.0222831
0.021664
0.0214482
0.0266518
0.0221379
0.0220524
0.206066
0.0216378
0.0216743
0.303493
0.0219974
0.021832
0.0237245
8.35441
0.0247307
0.0336188
0.041555
3.79131
2.90965
0.0216292
0.0216131
0.0215216
5.0561
0.587361
0.0218647
0.0219207
0.0219186
0.0237671
0.0225749
0.02165
0.021809
0.0217792
0.0219366
0.0532556
0.021931
0.148277
0.0222891
0.0217866
10.2835
0.0216625
0.331127
0.0215147
0.0337035
0.0218378
0.20807
0.022194
0.02181
0.0222841
0.0320678
0.0219023
0.0218347
0.0242375
0.0219017
0.127288
0.0219814
0.0335447
1.72007
0.172323
10.9269
0.0219084
2.20308
0.0377171
0.0225822
0.0222027
0.0216067
0.0218494
0.0216663
0.0233792
0.0561488
0.0227564
0.0241746
0.021461
13.5894
0.378981
0.0622817
0.0219332
3.21696
0.0218776
0.0379855
0.0216336
0.0214485
0.0302319
0.0356633
0.0217222
0.021833
0.0217466
0.030352
2.10501
6.26548
0.0219538
0.0259194
0.0219635
0.0215378
0.0352608
0.0221275
0.0236421
0.0218827
0.0216722
0.103861
0.101796
0.0219242
0.0217171
0.0237134
0.0581381
0.0217044
0.0259172
0.0218436
0.0939442
0.022137
0.0248831
0.0215147
17.6016
9.45601
0.127557
0.188527
0.0244337
0.026113
0.0216321
0.0220752
4.57799
0.0224024
0.029799
0.0216481
0.0234558
0.0222634
0.0253447
0.0214589
0.0231055
0.0677363
0.306758
0.022252
1.38217
0.022296
0.0219264
0.192437
5.41514
0.0290722
0.0220024
0.0217913
0.0216668
0.021702
0.0220118
0.0221653
0.0854521
0.0217508
0.0220021
0.023498
0.021844
0.0260776
0.0835648
11.0464
0.0216943
0.0507382
0.0232354
0.0233655
0.0272874
0.0231396
0.0220759
3.2162
0.15401
0.0900669
0.021886
0.0216084
0.0225213
0.0333549
0.0220366
1.94585
0.0218953
3.50341
0.0243483
0.547753
0.0248568
2.03009
0.0317928
0.0264661
0.0492562
0.0311059
9.74474
0.0377903
0.0423112
0.0220316
0.428402
0.021651
0.040963
0.0220018
0.0241049
0.0547916
0.296458
0.0215003
9.28288
0.050555
0.0218851
12.6894
3.0664
0.0220622
0.0555825
9.44198
0.0237441
0.0219749
0.0220958
0.0307606
0.0220448
0.0220875
0.263817
0.0220493
0.0217114
0.0357047
0.0765528
0.0215888
0.0219284
2.97145
2.02258
0.111598
0.0216805
0.0218186
0.0218515
0.071434
1.35511
0.0225214
0.0216741
4.84517
4.48751
0.059385
0.0536581
0.705982
0.0217512
5.21885
0.0218316
0.0220154
0.0248137
0.0313641
0.0216007
5.26836
0.0236411
0.0244697
0.0325756
0.0245215
0.0224982
0.022386
0.0230078
0.021842
0.0219422
0.0222292
5.00867
0.0239777
0.0214926
0.0652525
13.304
0.0224882
0.0223423
0.021634
0.0220174
0.0220551
0.0215896
0.0218406
0.112824
0.0244321
0.0215479
0.0410419
0.021945
0.0215123
0.0312534
0.0243942
0.0708972
17.1401
0.0608396
0.0249296
0.622566
0.0650174
0.0220195
5.24878
0.108694
0.0221951
0.0239609
3.79041
0.0305528
0.21454
6.8944
0.0701977
9.90119
0.0215798
0.0218682
7.61649
12.375
0.0259176
0.0241182
0.0221071
0.0317296
0.029476
0.0533781
0.03036
0.0220025
0.0219221
0.0222255
1.90288
7.90321
0.0219452
4.98804
0.021472
0.0216378
0.140912
0.0219376
0.0219095
0.0220725
0.0215979
0.0215331
0.025515
0.0217659
0.0222549
0.0236986
0.0217568
0.0229103
0.0217889
0.0220881
0.0218808
0.0911321
0.0215367
0.0222653
0.418439
0.0217461
0.031556
0.0219181
0.0317834
0.124157
0.113543
0.036622
0.0218984
0.0247666
0.0219489
0.02237
0.0219433
0.0219813
0.0935901
0.957841
0.0218449
0.126571
0.174725
0.436791
11.0996
1.94643
0.0219861
0.0222754
0.0220215
8.88252
0.315576
0.104614
1.92857
0.023779
0.0221192
0.025352
0.0217137
0.0250705
0.726389
0.0219719
0.0217569
0.0920419
0.0218911
0.0267736
0.0219272
0.0264501
0.0215949
12.6841
1.11601
0.0214537
0.0585435
0.0218096
0.0219877
0.0220239
0.0247822
0.0690056
0.0221226
0.350831
0.0341169
0.023972
0.0215555
0.0226226
0.0220921
0.0219392
0.0221267
0.0218684
6.37112
0.0686349
0.0216428
0.0219877
0.0219407
0.02488
0.0220878
0.0241145
0.0304337
0.0301238
0.0224787
2.07449
0.0224026
0.0217153
0.0222816
0.0691593
0.0220646
0.0531538
0.0220836
0.0215133
0.0219075
0.0243079
0.0219527
0.02224
0.0218395
0.0223408
0.0216916
0.0215672
0.0223393
0.101368
1.60254
0.0220762
0.872055
0.266144
0.0238165
0.0741715
0.0219065
0.0216029
0.0222707
0.0535024
0.0289901
3.79843
7.86579
0.0238477
0.0220513
0.0214603
0.0219086
0.108192
0.0218543
0.0617605
0.0219805
0.0269685
0.0214711
12.7403
0.0216468
0.029861
0.647844
0.02197
0.0219789
0.0361045
0.0221678
2.28134
0.0220701
0.428979
0.0221523
0.145497
0.0299559
0.0225046
0.041398
0.0267058
0.0218874
0.0221368
0.0219081
0.0217174
2.44747
0.0217118
0.0502342
0.0224659
0.0663677
0.0249244
0.0219352
0.0291516
5.003
0.135992
0.0492773
0.0485129
0.516995
1.26418
0.0218424
0.022295
0.144789
0.0218659
0.0216443
0.0219674
0.0269644
0.0220616
0.494461
0.0220528
0.0221819
0.0222907
0.0224176
0.0225791
1.14366
0.0218772
1.83904
0.0219098
0.0793339
0.0220214
0.0218872
0.0215533
0.449981
0.0218012
0.0237597
0.0460691
0.021528
0.022003
1.37264
4.78547
0.0230284
0.030614
0.0220792
0.362329
0.0219977
0.0686384
4.53957
1.78246
8.81329
0.021827
0.0222954
0.0222412
0.021907
0.0219592
0.0220686
0.0214534
0.0220565
0.0218243
0.0218674
0.0738515
3.30469
0.0641951
0.0214503
3.97953
1.14163
0.0218293
0.0220944
0.0218766
10.894
0.0218637
0.0218562
0.0217863
0.0219815
0.047742
0.0218919
0.0963674
0.0389708
5.87708
0.0215325
0.0342044
0.145382
0.977033
0.973371
0.0498628
0.860027
0.0797273
0.0220092
0.0217103
0.0220149
0.0222523
0.0227175
0.0911295
0.0568899
0.0220712
0.0943221
0.0215829
0.0625523
0.0218802
0.22582
0.0220353
0.0218873
0.0219892
0.0446102
0.0220036
7.04445
0.0214388
0.0241915
0.0218523
0.0356893
0.0532255
0.0327826
0.0674844
0.0738176
0.0218796
0.0242321
0.0257809
0.138647
0.0220402
0.0236917
0.0216988
0.242307
0.0271981
0.0238321
0.0730503
0.021702
0.0409613
0.056508
0.022592
0.0238529
13.1118
0.0221394
0.21548
0.0224048
0.0219225
0.292804
0.0220625
0.021672
0.105841
0.0229839
0.0219392
2.05311
0.0235672
0.0219032
0.0336239
0.0221951
0.0219342
0.0285877
0.093597
2.55281
0.0221283
0.0959651
0.0221016
0.0953433
0.0442065
0.0308417
0.0217149
0.0219125
0.115313
0.125967
0.0219027
6.4517
4.87458
0.0463866
0.0216501
0.0304834
0.0819572
0.0347524
0.0221117
0.0683583
0.0232091
0.0217044
0.0218986
9.19515
0.0688407
0.43398
0.0216525
0.0233837
0.0301324
0.178076
0.0219206
0.0216788
0.0301929
0.161316
0.115501
0.0216537
0.0450658
0.536673
0.0217061
0.0246221
0.132892
0.0226916
0.285704
2.17909
0.0344451
0.0220088
0.0373099
0.0218369
0.0650219
0.0225304
0.0217605
0.021872
2.42936
0.132425
0.0471693
0.0224942
0.0216401
0.3806
0.0647362
0.0218465
0.95453
0.469651
0.0692472
0.0221995
0.0270225
0.022247
0.0225183
0.0218092
0.0268485
0.0216911
0.0244759
0.0220859
0.0687003
3.23099
0.0215932
0.0412637
0.0220365
0.021881
0.0218322
5.01873
0.125594
0.0365259
0.974494
0.0216246
0.0434196
0.0219035
0.108333
0.0927881
0.0314967
0.0342466
0.0334323
0.0215923
1.34295
0.0452236
0.081421
0.0219556
0.0331697
0.0218825
0.060838
0.0438087
0.0474604
0.09966
0.0238191
0.0610256
1.82316
0.0425543
0.0216201
0.12208
0.0216996
0.0219669
0.0218253
0.0275546
0.0238255
0.698258
0.0322565
5.70613
0.0222471
0.0218228
0.0216172
0.0218857
0.0237741
0.0219957
0.0215876
0.0344699
0.0430929
0.0218294
0.0236554
0.0226081
0.0219147
0.0273856
0.0218301
1.36292
12.45
0.0321009
0.0216668
0.0356716
6.22644
0.0218344
0.0263132
0.02185
5.95681
0.0216362
0.0220449
0.0218994
0.038098
0.0738134
0.0219533
0.0219325
0.0251098
0.0219756
0.0215842
0.0219515
0.0218358
0.130797
0.0216756
0.0218328
0.0253835
0.0252788
0.0219348
0.021981
0.0215778
0.0267752
0.022081
0.0287527
0.373181
0.0216008
0.0214589
0.0220898
0.72645
0.0849895
0.023688
0.0224129
0.0218229
4.9956
0.0225679
0.562924
0.0789485
0.0222086
0.0223269
0.0254255
0.0216205
3.0887
0.0468912
1.83239
0.0219907
2.04138
)
;

boundaryField
{
    frontback
    {
        type            empty;
    }
    topbottom
    {
        type            fixedValue;
        value           uniform 0.0223;
    }
    outlet
    {
        type            zeroGradient;
    }
    inlet
    {
        type            fixedValue;
        value           uniform 0.0223;
    }
    walls
    {
        blending        binomial2;
        n               2;
        beta1           0.075;
        type            omegaWallFunction;
        value           nonuniform List<scalar> 0();
    }
    procBoundary2to0
    {
        type            processor;
        value           nonuniform List<scalar> 
165
(
12.82
12.6311
12.6311
0.168381
0.0220357
9.83269
4.14405
18.1819
23.5355
13.595
15.6485
0.0294071
0.0294071
0.0219679
0.021991
25.2631
0.0219837
4.9411
1.85283
0.0260966
0.0229771
0.0229771
0.1391
1.56347
20.1351
0.0227832
0.107074
18.6681
2.13779
0.0232455
9.59937
0.0220734
1.93054
1.93054
1.7526
0.0220086
17.073
0.0219419
0.0868336
0.0700368
14.3696
17.9798
1.74561
0.0221049
0.524248
0.524248
0.0219453
1.52591
0.0468908
1.3612
0.842118
0.0220953
1.30933
0.0252109
2.45586
2.36475
2.49228
0.0248593
0.0242364
0.0221278
13.4395
0.325626
1.3739
0.0219795
0.0220442
0.0220644
10.3394
11.9846
0.0219608
0.0572177
0.0223737
0.0239069
0.0219353
0.021953
2.57101
0.0222869
0.0426774
0.021958
0.0221379
0.0226329
0.0219679
0.0222703
0.0572177
0.0642371
0.0219453
0.0274316
0.325626
18.9133
0.0219302
0.0219312
1.9295
0.0220086
1.45852
0.0224773
0.0318311
0.0221723
0.0268621
0.0868336
0.0513849
0.0219385
0.0333856
0.0222078
1.37408
2.68699
0.0220864
0.0426774
0.0220426
1.62801
2.88497
2.81298
0.022274
0.0221616
0.0219292
2.32571
20.6075
20.5027
15.962
2.60355
1.45852
0.0234975
22.7626
0.0373309
0.0396103
2.71885
0.0219272
17.5909
21.1125
21.1149
0.0222005
0.0350992
0.0219266
1.513
0.0222462
20.7394
0.0307595
19.964
0.225618
0.107074
0.0221334
0.0220163
1.31659
0.0221966
2.24624
19.0901
25.7027
10.5666
2.05402
17.7271
16.5907
9.49991
16.4587
19.0144
19.935
10.2886
1.29679
18.8813
2.44317
0.0307595
15.0824
22.3297
0.0222327
1.28182
1.32739
13.3644
21.1409
)
;
    }
    procBoundary2to1
    {
        type            processor;
        value           uniform 3.15069;
    }
    procBoundary2to3
    {
        type            processor;
        value           nonuniform List<scalar> 
73
(
0.0223629
0.0221923
0.0214446
0.0214247
0.0397747
0.0397747
0.0234347
0.0799969
0.0558133
0.147674
0.0220539
0.0220539
0.157277
0.0217281
0.0221923
0.0321926
0.0362695
0.0362695
0.0215168
0.0252863
0.026151
0.0213934
0.0217716
0.0218804
0.0238652
0.122685
0.105044
0.0217996
0.0214363
0.0230474
0.0636623
0.0272746
0.0214182
0.0216701
0.0214945
0.0335808
0.0245962
0.0227364
0.021939
0.0216248
0.197323
0.311354
0.0302452
0.0213999
0.0214742
0.0213876
0.0497586
0.02141
0.0215517
0.085508
0.197323
0.0215859
0.0442964
0.021392
0.866462
0.866462
0.0225393
0.0239924
0.311354
2.33481
0.0214573
0.0214045
0.0727022
0.0442964
0.0286226
2.33481
3.78676
0.099854
0.0214145
0.0215147
3.6099
3.93328
0.021526
)
;
    }
}


// ************************************************************************* //
