/*--------------------------------*- C++ -*----------------------------------*\
| =========                 |                                                 |
| \\      /  F ield         | OpenFOAM: The Open Source CFD Toolbox           |
|  \\    /   O peration     | Version:  v2012                                 |
|   \\  /    A nd           | Website:  www.openfoam.com                      |
|    \\/     M anipulation  |                                                 |
\*---------------------------------------------------------------------------*/
FoamFile
{
    version     2.0;
    format      ascii;
    class       volScalarField;
    location    "200";
    object      omega_0;
}
// * * * * * * * * * * * * * * * * * * * * * * * * * * * * * * * * * * * * * //

dimensions      [0 0 -1 0 0 0 0];


internalField   nonuniform List<scalar> 
9793
(
0.0635379
0.25569
0.0632599
0.0209881
1.0948
0.0217553
0.0215825
0.0207423
0.0214661
1.13779
0.0453084
0.17879
0.0210211
0.0201912
0.0229771
0.0201577
0.0206558
0.0207815
0.192506
0.0201869
0.642101
0.0221398
0.170087
0.0196173
0.0215311
0.0210932
0.0202372
0.0205946
0.0337629
0.0214582
0.0264079
0.11199
0.578269
0.0216305
0.0375881
1.36698
0.0223107
0.0221107
0.0208086
0.0208637
0.0264906
0.023003
0.02182
0.0217912
0.0218289
0.0212317
0.0362701
0.0205469
0.0524951
0.0209653
0.0387066
0.0493294
0.0218324
0.0214286
0.4291
1.38201
0.0213934
0.0985722
0.523074
0.020795
0.0213534
0.021822
0.531738
0.0216374
0.592324
0.589
0.521845
0.369621
0.109198
0.0439575
0.332405
0.0210775
0.0210572
0.279888
0.0429515
0.515215
0.0213831
0.0210711
0.0213152
0.0207133
0.604598
0.0215179
0.247297
0.0237028
0.0247657
0.0281571
0.0207455
0.0213738
0.0216314
0.0219767
0.261807
1.30148
0.0202562
0.0952801
0.0217215
0.0239539
1.38676
0.248897
0.0202466
0.0201595
0.0201499
0.0217656
0.0203371
0.0203351
0.0205907
0.0248045
0.0215736
0.0214456
0.0217112
0.16867
0.0213311
0.669692
0.0213831
1.40164
0.0487336
0.0213924
0.560304
0.0414818
0.0218076
0.0714619
0.131273
0.0231381
0.0212746
0.0218607
0.0215951
0.657121
0.0312338
0.0308329
0.0215733
0.0211041
0.0219008
0.0213826
0.0211002
0.0219672
0.0214449
0.0213648
0.0218693
0.021592
0.0213784
0.0199344
0.0212672
0.0214813
0.0210955
0.0201417
0.0202208
0.0204609
0.15831
0.0201468
0.0202633
1.29567
1.76628
0.0218602
1.75567
1.31565
0.0202589
0.0225523
0.0206645
0.0214359
0.0201452
0.0210533
0.0207412
0.0205835
0.0200899
0.124649
0.222653
0.941635
0.023855
0.0237914
0.0201999
0.0212216
0.0210588
0.62979
0.21425
0.652953
0.0215703
0.105749
0.0213731
0.0196053
0.0211061
0.0244053
1.36409
0.021848
0.0201532
0.0214861
0.595989
0.0210462
0.119057
0.0210982
0.0212453
0.0200928
0.0215831
0.0213112
0.0517511
0.705403
0.405688
0.0242424
0.108832
0.0210896
1.44458
0.0199947
0.0214389
0.352301
1.40169
0.021115
0.0213654
0.0202989
1.17854
0.0201111
0.0235974
0.0219022
0.0263353
0.0510056
0.0496322
0.0214437
0.165586
0.020539
0.0213612
0.608561
0.0202209
0.453962
0.0531623
0.0213155
0.0216085
0.021315
0.0285768
0.151665
0.0217569
0.0202685
0.0542983
0.0369137
0.0196856
0.0196184
0.0218868
0.0201231
0.0352846
0.409925
0.0213605
0.0210116
1.29519
0.0214908
0.0235966
0.0201728
0.0209781
0.577933
0.0209897
0.0202512
0.0207301
0.021431
0.0202577
0.0214252
0.0214232
0.0227487
0.0445606
0.0332755
0.0209498
0.0223983
0.0210518
0.0229015
0.0218616
0.0200982
0.302329
0.0210005
0.0440796
0.0213068
0.0240532
0.0199263
0.0199256
0.0262796
0.542717
0.0214759
0.0201105
0.0199719
0.0240366
0.0213354
0.272419
0.261508
0.0211148
1.05303
0.0213298
0.033327
0.0213941
0.0197708
0.0219343
0.0207541
0.0312381
0.0213129
0.0214135
0.0234986
0.0209712
0.0213564
0.0213656
0.564727
0.0215406
0.022337
0.0220001
0.0219359
0.0216589
0.0237855
0.0212252
1.34024
0.0202713
0.603722
0.514231
0.0220151
0.0216322
0.0201275
0.0244063
0.0229391
0.0213466
0.615224
0.021601
0.0201185
0.0230069
0.0214521
0.0213456
0.0216622
0.0292533
0.0209826
0.0235943
0.0219481
0.0209252
0.27061
0.164852
0.248048
0.0200937
0.985222
0.0217075
0.531337
0.0467487
0.0200101
0.0222739
0.0454664
0.0215336
0.0228462
0.054691
0.0207065
0.0217225
0.0214274
0.0208308
0.0206336
0.0807569
0.021095
0.0209172
1.49324
0.0215317
0.0201498
0.0200495
0.0217807
0.0207188
0.117874
0.021625
0.0212891
0.0213656
0.0217294
0.650356
0.0214172
0.025526
0.0196276
0.0293311
0.886149
0.119722
0.0306105
0.021726
0.0228787
0.20658
0.0215226
0.282915
0.021453
0.0201691
0.500357
0.0228019
0.322953
0.0212935
0.037838
1.30805
0.0220233
0.0210373
0.572302
0.0234924
0.190928
0.022424
0.0214122
0.692222
0.0212412
0.0217665
0.0218662
0.0210696
0.0202452
0.0214268
0.0222345
0.600524
0.0215229
1.46005
0.153422
0.188628
0.0372056
0.182129
0.0207564
0.0214283
0.97361
0.1463
0.0201864
0.0216048
1.61543
0.0199659
1.40817
0.0210242
0.0222664
0.0199534
0.0272406
0.0210876
0.0237757
1.0191
0.0201195
0.189575
0.0237098
0.0216706
0.023827
0.021294
0.0215026
0.0204589
0.0907114
0.0213112
0.021355
0.0536779
0.0214118
0.0218474
0.0217155
0.020068
0.024874
0.0210528
0.0213523
0.0199158
0.341268
0.0203719
0.340094
0.021241
0.152534
0.0225173
0.0213745
0.0220936
0.0215164
0.526919
0.0210411
0.809451
0.0201177
0.0210671
0.0217718
1.64361
0.0274333
0.764374
0.0427872
0.0218476
0.0212329
0.0273535
0.024756
0.026656
0.250192
0.431915
0.0215274
0.0231768
0.037797
0.0212741
0.0218702
0.0212561
0.0203245
0.0219229
1.39647
0.023814
0.638579
0.020328
0.024606
0.0195759
0.0214194
0.0220367
0.0216207
0.0273507
0.0213471
0.0224621
0.0199503
0.0213103
0.0220718
0.0693521
0.021067
0.0212343
0.54787
0.0223078
0.0216374
0.571587
0.158356
0.0214651
0.021952
0.0218404
0.0220912
0.0213599
0.0220001
0.0218019
0.0211779
0.0210625
0.0209599
0.118582
0.0496776
0.0206072
0.550564
0.0278687
0.0202065
0.0215466
0.0214161
0.430519
0.021389
1.23576
0.0200279
0.0209878
0.0409183
0.0212384
0.0274283
0.485089
0.023968
0.0201991
1.75971
0.0222606
0.020502
0.0210597
0.044722
0.0208676
0.0204882
0.0212493
0.020863
0.575171
0.0353689
0.0273545
0.021633
0.021036
0.0209493
0.0213758
0.0212086
0.0212614
0.108476
0.135885
0.0199844
0.0233914
1.32568
0.0211864
0.0209638
0.0262379
0.0210133
0.0486745
0.671173
0.0213297
0.16922
0.0197933
1.41749
0.0233141
0.648474
0.0210463
0.0209672
0.0206657
0.269017
0.0230066
0.557597
0.608613
0.52891
0.0279688
1.04907
0.0265901
0.0229647
0.0258346
0.0231465
0.30328
0.0213901
0.354849
0.0198981
0.205403
0.0218294
0.0216808
0.0209375
0.204897
0.019926
0.0205883
0.0218592
0.0220567
0.0241031
0.0210671
0.0212149
0.0211772
0.0211646
0.290597
0.0209633
0.448287
1.46942
0.0209744
0.0216205
0.0249192
0.0216036
0.0212564
0.0214295
0.0220472
0.0233241
0.0218172
0.0220671
0.020463
0.021643
0.021647
0.0229823
0.0214202
0.0218435
0.984393
0.0212047
0.095574
0.0232402
0.0217669
0.0212211
0.0206834
0.0234412
0.0245302
0.0209796
0.0203952
0.0195378
0.0209648
0.0203877
0.021154
0.022225
0.0198497
0.0216806
0.0217996
0.0214233
0.0220997
0.0218505
0.0265304
0.0221876
0.020953
0.0212325
0.020497
0.0200851
0.021024
0.0201438
0.0209052
0.0212125
0.0199189
0.0280851
0.0208533
0.0220284
0.0212907
0.227948
0.0210121
0.0199473
0.0440309
0.0197532
0.0212734
0.222155
0.02154
0.0220955
0.02189
0.0979219
0.0206934
0.0409663
0.532578
0.485827
0.593346
0.0212369
0.0212909
0.289917
0.0206178
0.0199279
0.17134
0.309828
1.51657
0.0212388
0.0495811
0.0212946
0.0212847
1.39317
0.021167
0.789264
0.0205971
0.0493428
0.020943
0.0224007
0.0216018
0.191953
0.799995
0.0210425
0.0205044
0.0240897
0.0209016
0.0219425
0.0409944
1.66936
0.021026
0.0208621
0.020625
0.475469
0.0218857
0.567835
0.320716
0.0208336
0.0235097
0.573218
0.0210116
0.0211394
0.0219965
0.0211716
0.0199114
1.39438
0.0199088
0.433404
0.0222095
0.0434103
0.0436355
0.0213883
0.256104
0.644501
0.0215614
0.689254
0.0232721
0.0668959
0.0199193
0.0197223
0.376624
0.0211644
0.698113
0.0209084
0.380592
0.0204226
0.0150348
0.377614
0.0208034
2.45044
0.0213663
0.0219071
0.0287009
1.3565
1.36892
0.0200665
0.0204266
0.0199581
0.483041
1.60639
0.0222479
0.0223588
0.0199187
0.0199387
0.0209601
0.0221037
0.798104
0.023096
0.0212006
0.0206625
0.0207662
0.60339
1.25208
0.0636994
0.0204982
0.0209026
0.220568
0.0211512
0.653615
0.0334072
0.419852
0.229232
0.362944
0.0208264
0.0213993
0.0223983
0.0217694
0.0231117
0.0211997
0.0491483
0.350118
0.0203715
0.640697
0.0207572
0.693431
0.0214992
0.299483
0.0226002
0.0224677
0.0210258
0.0180934
0.0223407
0.487325
0.550226
0.021223
0.0277821
0.0205115
0.0219105
0.0225453
0.883549
0.0232674
0.0666374
0.0208203
0.0243322
0.0210343
0.0198692
0.0216619
0.0209258
0.905364
0.021125
0.0220091
0.0221871
0.0224484
0.0199056
0.0407539
0.0212318
0.0217424
0.0208401
0.0209673
0.43636
0.0210266
0.377971
0.0203727
0.0213763
0.0206515
0.797426
0.0209363
0.245856
0.0213413
0.021182
0.0208665
0.317944
0.445247
0.654739
1.91081
0.360905
0.0211514
0.0223197
0.282082
0.0199583
0.334984
0.287327
0.0405515
0.099841
0.0219197
0.406582
0.0223829
0.408497
0.260526
0.0219178
0.0214048
0.436401
1.19132
0.0230595
0.02224
0.0211845
0.0221496
0.0281741
0.0210017
0.0200917
0.0218067
0.0431676
0.0287556
0.0218123
0.480801
0.0208824
0.0201258
0.225279
1.06505
0.0289074
0.0217444
0.0342279
0.0204616
0.0199521
0.560843
0.0199129
0.0218443
0.382558
0.352659
0.020969
0.623402
0.79093
0.174202
0.195441
1.66592
0.0219666
0.165427
0.0213918
0.0208099
0.0212442
0.0213668
0.020524
2.53248
0.0208798
0.555331
0.0221941
0.0310411
0.0214611
0.0288008
0.0219982
0.0214856
0.0333966
0.0221636
0.0200302
0.0644278
0.0208366
0.0253876
0.0208194
0.0200046
0.388797
1.46882
0.0333461
0.0195663
0.0195431
0.0202972
0.0214501
0.253532
0.0655039
0.249685
0.0273175
0.309203
0.0212416
0.0237542
0.0225734
0.0225597
0.0879374
0.0210355
0.0209458
0.769551
0.0284656
2.46232
0.021007
0.487918
0.393666
0.0231042
0.0318149
0.0223963
0.327647
0.021292
0.0231001
0.365069
0.0238937
0.0210152
0.035174
0.0213556
0.0204737
0.0209419
1.75262
0.0213748
0.0234521
0.737749
0.0306887
0.0228066
0.0277407
0.0256917
0.623348
0.0250914
0.0200207
0.0213632
0.0217281
0.0219821
0.0210447
0.364213
0.318679
0.0224057
0.707923
0.0427853
0.574971
0.0213752
0.341716
0.0212036
0.332481
0.0616214
0.0205963
1.37881
0.412109
0.0208402
0.0213697
0.0212301
1.1543
0.644819
0.0240684
0.0332537
0.0218387
0.069323
2.63283
0.311898
0.0213506
0.0213631
2.20875
0.868129
0.0210377
0.0211352
0.0201119
0.0214389
0.0213218
0.0230179
0.996771
0.0211577
0.0223957
0.877624
0.0215146
0.0221936
0.0225931
0.247884
0.0213985
0.0253621
0.031856
0.0215506
0.0199905
0.0215767
0.0208762
0.021795
0.385034
0.608381
0.0213786
0.0388275
0.0231123
0.0640439
0.0213165
0.0233025
0.021722
0.021384
0.379766
0.0218012
0.0219334
0.0240829
0.0215733
0.0207347
0.0233109
0.0211797
0.098877
0.0213495
0.0210256
0.677432
0.0210257
0.958245
0.0235743
0.0209001
0.749672
0.0244785
0.0265597
1.32234
0.0201563
0.73997
0.0209325
0.0213484
1.58344
0.530675
0.0201678
0.0213653
0.0206638
0.0214984
0.070982
0.0216573
0.0212453
0.0217594
0.022052
0.0216932
0.0211537
0.0201918
0.0209297
0.0211692
0.553576
0.022395
0.0199727
0.0318837
0.0212601
0.856408
0.0411462
0.0272608
0.0213536
0.0211973
0.0614458
0.0220817
0.0212395
0.0213471
0.375749
0.151831
0.0213242
0.019833
0.0552212
0.0385042
0.0196955
0.401266
0.0305869
0.0212277
0.0215432
0.0212165
0.0214435
0.0241657
0.588496
0.0218346
0.0921336
0.0214257
0.019158
0.0198353
0.0212809
0.0198417
0.01983
0.168865
0.0210157
0.0435122
0.0334904
0.0198326
0.0215872
0.025472
0.0220397
0.0215043
0.0213658
0.0216161
0.487351
0.0198392
0.0214042
0.354121
0.0216462
0.0214691
0.0226652
0.0210348
0.0214839
0.0211442
0.0214141
0.0254467
0.0223498
0.0870485
0.0491369
0.0198439
0.0213763
0.0198413
0.0804567
0.0209798
0.0226174
0.0212211
0.0201095
0.0299254
0.0203703
0.0252393
0.0213472
0.0203824
0.13261
0.48645
0.0216106
0.0215142
0.0209312
0.194411
0.058488
0.0213692
0.290417
0.938274
0.0216928
0.0219029
0.411674
0.0225552
0.360378
0.0295237
0.7924
0.0211558
0.0241688
0.0957338
0.020322
0.150455
2.76675
0.0213573
2.91395
2.99967
0.023438
0.364968
0.0198702
0.0240605
0.0356541
0.0212172
0.409383
0.0199
0.0323946
0.0493535
0.0198444
0.0449304
0.0213962
0.0217266
0.0270198
0.0225343
0.376959
2.09519
0.0200189
0.0227254
2.5617
0.0206883
0.0229476
0.0207867
0.384883
0.101149
0.0207328
0.0214881
0.0230757
2.35621
2.24735
0.0249374
0.019849
0.0208663
1.71886
0.732852
0.141999
0.0219865
0.0219641
0.0234942
0.0199906
0.0219682
0.0233027
0.0219703
0.0208497
0.0233212
0.412697
0.232838
0.0209374
0.266661
0.0224178
0.298562
2.32156
0.0314452
0.969307
1.23141
0.0198699
0.12836
0.138042
0.62143
0.171495
0.0211459
0.148402
0.454145
0.0337459
0.0232593
0.17849
0.290087
0.0210305
0.0232409
0.0228308
0.021182
0.0597672
0.0212073
0.0227287
0.0206029
0.0199084
0.0213666
0.0212724
0.0218683
0.0233037
0.236413
0.0231962
0.458255
0.0207986
0.0237543
0.0214345
1.66827
0.678912
0.0211494
0.0355057
0.0217571
0.0201664
0.0212695
0.0201055
0.0210063
0.0940848
0.0214619
0.327836
0.0207154
0.0209242
0.403716
0.0219635
0.021603
0.0211075
0.0211414
0.722126
0.059486
0.482925
0.294947
0.209748
0.0214136
0.0215644
0.0215749
0.0227035
0.0295391
0.0725741
1.33747
0.0209136
0.0335793
0.0217685
0.325859
2.66271
0.0229537
2.88564
1.7254
0.0222313
0.0321403
0.0208698
0.0361435
0.0219403
0.088502
0.0345271
0.0199031
3.05758
0.625134
0.0214922
0.022111
0.0216247
0.361328
0.0204577
0.0215291
0.501099
0.020785
1.40593
0.0236312
0.0229019
0.0217638
0.0215722
0.0359064
0.0211081
0.561953
0.0228309
0.0212163
0.0206979
0.0398305
0.0217897
1.75385
0.0217373
0.0232212
0.0230428
0.054956
0.022206
0.0212078
0.231046
0.0215333
0.0203822
0.0303819
0.251872
0.0231944
0.0204855
0.0216377
0.0921296
0.0458136
0.0211362
0.01897
0.020307
0.0824938
0.0271724
0.0216573
0.0210755
0.0863342
0.0209244
0.0207161
0.0213361
0.076296
2.14908
0.0217463
0.0230586
0.0215828
0.0217208
0.416219
0.0256454
0.0215226
0.0215477
0.0209892
0.344964
1.79869
1.79192
0.0211861
0.172665
0.0201556
0.0200945
0.0227851
0.0216891
0.0325219
0.0213178
0.0284178
0.104244
2.65896
0.0227075
0.0214012
0.0214228
0.0312002
0.0205889
0.0211238
0.0280447
0.0213631
0.0211983
0.0216514
0.0231107
0.0199614
2.64399
0.0337694
0.0233225
0.0224376
0.0248643
0.0223123
1.46703
0.0213188
0.0212165
0.0213948
0.0209968
0.0213747
0.0208494
0.214211
0.0898081
0.0214465
0.0218197
0.0211099
0.0234489
0.0219764
0.0395644
0.0217294
2.46062
0.0212679
0.0215347
0.0204197
0.0698891
0.0214083
2.45822
0.0214195
0.0213876
0.019553
1.96227
0.0223174
0.0258624
1.44856
0.0215544
0.0213991
0.0210844
0.0213561
0.0216851
0.0217446
0.0231006
0.529918
0.0214558
0.0479747
0.452495
0.0224678
0.111828
0.0213275
0.0224429
0.0209335
0.0203111
0.0201666
0.0213121
0.20886
0.0823027
0.0208078
0.777735
0.0500737
0.0212218
0.0559975
0.0202891
0.0278847
0.0217613
0.02099
0.0669808
0.0213391
0.0221764
0.0227682
0.0428166
0.0691295
0.021607
0.0209327
0.0217845
2.54006
0.727279
0.0302595
0.0239843
0.0213584
0.0213547
0.0952638
0.0213568
0.0254381
0.0245034
0.389115
0.0213402
0.0292011
0.0212999
0.0214973
0.0271206
0.026156
0.0269872
0.021764
0.0216293
0.0236496
0.550227
0.0294813
0.02037
0.0231586
0.0884739
0.0224679
0.0322975
0.021474
0.0214956
0.0213055
0.0211627
0.134905
0.0441688
0.0213172
0.07254
0.0234024
0.024058
0.0214156
0.0213037
0.0213312
0.02079
0.0390541
0.024107
0.0219012
0.0217322
0.0212631
0.0213435
0.24126
0.0213817
0.0213476
0.0215299
0.0408157
0.290735
0.0213544
0.0210473
0.0214106
0.236674
0.0215947
0.511123
0.0213503
0.0364686
0.0213483
0.0213364
0.0296119
0.0214832
0.0270145
0.0215344
0.021373
0.0202994
0.0218783
0.229463
0.0214054
0.0216915
0.353299
0.0213099
0.0217095
0.0217285
0.0213624
0.021098
0.0216172
0.0469351
0.0207278
0.0207961
0.0209251
0.0484644
0.0228746
0.377498
0.0213737
0.0214015
0.0362716
0.32061
0.298051
0.0235742
0.0245819
0.297416
0.0213508
0.417758
0.0214708
0.127783
0.0209237
0.0318286
0.578019
0.0195682
0.0225477
0.0208442
0.021719
0.0203956
0.575023
0.0208658
0.294421
0.021506
0.021349
0.0215126
0.0202537
0.0215056
0.143246
0.0212722
0.0211126
0.0211011
0.0213205
0.0213308
0.734602
0.577641
0.629802
0.0213409
0.0201931
0.0225939
0.0214058
0.0212537
0.108762
0.0322564
0.0216254
0.0212971
0.739308
0.0220706
0.740338
0.56806
0.0219668
0.0202673
0.0212625
0.0250337
0.699547
0.0212314
0.0211735
0.0396285
0.150799
0.0361027
0.61986
0.0212354
0.0229558
0.0228486
0.0199285
0.0215494
0.0419856
0.476331
1.21026
0.0212276
0.0942297
0.0215053
0.0213099
0.0232651
0.0216596
0.0233288
0.027091
0.0211798
0.0214176
0.02122
0.0208563
0.0199342
0.0210323
0.0233941
0.215005
0.0212371
0.019553
0.0199511
0.0212503
0.0215997
0.0212539
0.028189
0.0216907
0.0217216
0.021658
0.297961
0.0212105
0.0223372
0.0733791
0.0212689
0.021217
1.81093
0.0210827
0.0213294
0.0212031
2.03624
0.021284
0.0319366
0.0215221
0.992509
0.02016
0.0200924
0.0203826
0.0211882
0.0262527
0.0212299
0.0215179
0.0344244
0.0212632
0.233392
0.0251801
0.0256941
0.021555
0.630874
0.0264732
0.0213278
0.0211104
0.0216636
0.0214438
0.0212447
0.108971
0.0209528
0.0293562
0.0211261
0.0212881
1.60967
0.0210183
1.40779
0.0754196
0.0212261
0.0599069
0.0211073
0.0216487
0.0212136
0.0215396
0.0207056
0.0212449
0.021184
0.021199
0.135498
0.0213737
0.0209493
0.0216007
0.020773
0.0211685
0.021167
0.0213783
0.0204854
0.0212863
0.0211697
0.0213456
0.0211983
0.0215702
1.67932
0.0212318
0.0216474
0.0326543
0.296416
0.0206383
0.0263406
0.0209497
0.0209223
0.0212171
0.0212221
0.759285
0.296207
0.0210909
0.0218573
0.427886
0.0213434
0.260303
0.521158
0.0199298
1.29356
0.0213797
0.0670496
0.0227542
0.0941598
0.111515
0.543266
0.0209622
0.0210648
0.0201288
0.0230377
0.0450285
0.0217781
0.0739455
0.291519
0.0213236
2.05744
0.0361552
0.0149432
0.0203721
0.0270504
0.026943
0.0211994
0.020979
0.0209268
0.0230814
0.023036
0.0233063
0.023002
0.0231599
0.040405
0.0210074
0.0211267
0.0211206
0.361345
0.0232618
0.0233651
1.51613
0.0312386
0.0221207
0.0209878
0.0232884
0.0211724
0.0281095
0.0213254
0.0216567
0.0368586
0.0222921
0.0535184
0.0199249
0.292682
0.0255955
0.0870537
0.36
0.144219
0.0210686
0.0213113
0.0212982
0.0591125
0.0213668
0.0208678
0.0212911
0.0253431
1.36635
0.21307
0.0233523
0.0215083
0.0330157
0.0309628
0.293179
0.0342898
0.0342796
0.0305954
0.033351
0.313336
0.0210935
0.0211064
0.0210781
0.0431406
0.0216318
0.0337887
0.0210922
0.0211795
0.0210965
0.381427
0.0211381
0.0210713
0.0210074
0.0289195
0.0209139
0.0211193
0.0202774
0.0225452
0.0781593
0.0236914
0.0229175
0.0214179
1.35728
0.0237136
0.0208208
0.0213028
0.241545
0.130327
0.0213319
0.0213322
1.92914
0.0210463
0.0209614
0.0209229
0.0212035
0.0348092
0.020975
0.0213893
0.0210777
0.0213856
0.0211355
0.0210882
0.0210425
0.0211505
0.0211773
0.035194
0.0212192
0.0206488
0.0351208
0.0359533
0.0274485
0.0531707
0.0209437
0.550887
0.0212666
0.0255083
0.0210461
0.0399068
0.0210243
0.021196
0.0200815
0.038389
0.0232393
0.0211548
0.06201
0.021102
0.0200732
0.0210982
0.0217641
0.0244907
0.0209141
0.512734
0.0213642
0.0246897
0.0277764
0.02117
0.0272835
0.020982
0.0205748
0.021151
1.408
0.0260506
0.0879744
0.0285062
0.0662168
0.0237684
0.0326297
0.0233333
0.0212086
0.0198487
2.0628
0.0357671
0.0209565
0.0255707
0.020867
0.0209695
0.49561
0.0204575
0.0211731
0.370288
0.0323514
0.502392
0.0211503
0.0209896
0.0217391
0.020904
0.0201736
0.0570273
0.0210818
0.180918
0.074805
1.70669
0.0212789
0.0216496
0.0210902
0.0204504
0.0232031
0.0214638
0.0213749
0.0254363
0.0206621
0.0195488
0.0211885
0.0217079
0.0233811
0.648001
0.0231166
0.0213477
0.229368
0.348965
0.0211082
0.0352754
0.0213269
0.021163
0.0211566
0.0209264
0.0233879
0.0216907
0.0339505
0.0210569
0.023378
0.0213804
0.0197812
0.0209793
0.0211254
0.0227477
0.0207976
0.0210344
0.0214249
0.0212138
0.514313
0.02134
0.0214801
0.0383488
0.0215515
0.0201778
0.265533
0.702117
0.511771
0.0861394
0.0550829
0.0204988
0.0215985
0.0450658
0.81927
0.040327
0.203818
0.298463
0.0213842
0.309431
0.513426
0.0213034
0.0331309
0.0215624
0.493738
0.0304449
1.37643
0.0215546
0.0209407
0.0355738
0.0211228
0.0211666
0.0769374
1.2811
0.0212633
0.0213653
0.0210066
1.38219
0.0210041
0.0209909
0.0211929
0.0209728
0.0209716
0.0321099
0.0216044
0.0209255
0.0211791
0.0241094
0.0376989
0.454762
0.0211679
0.0210341
0.021877
0.0211797
0.020954
0.0211086
1.77168
0.0211132
0.029415
0.0211032
0.0212225
0.0202672
0.0211901
0.525476
0.0294162
0.0205084
0.0213326
0.313479
0.516132
0.034264
0.517806
0.0211623
0.0241569
0.0210624
0.0197718
0.0210194
0.0200841
0.0210191
0.0211914
0.0213519
0.183093
0.0199328
0.539011
0.534513
0.0204741
0.0225578
0.0311736
0.0215193
0.0210884
0.0211869
0.0212232
0.0209579
0.369525
0.0198741
0.0209825
0.0331032
0.0210496
0.0212275
0.0209554
0.0444633
0.0213297
0.0213221
0.428763
0.0206498
0.0205768
0.02101
0.0216438
0.0211907
0.0196489
0.0210505
0.019998
0.0472689
0.0244696
0.020979
0.0561756
0.0198243
0.0211601
0.0221701
0.233555
0.494283
0.0199735
0.0223505
0.0212454
0.0210874
0.0210134
0.0210568
0.310627
0.355286
0.0211513
0.0215219
0.0237929
0.0209386
0.0209982
0.023149
0.0242264
0.284089
0.0211627
0.0222385
0.392768
0.0210689
0.0234218
0.0643881
0.0506167
0.0206478
0.020904
0.020741
0.021023
0.0209359
0.285873
0.0209884
0.370269
0.402768
0.0216282
0.0233319
0.318027
0.0187401
0.0326288
0.0384072
0.0409572
0.0225606
0.0211374
0.0219909
0.330568
0.0208007
0.122011
0.0209137
0.0199719
0.0200418
0.0200808
0.0210821
0.719646
0.0213109
0.497417
0.020671
0.0683641
0.508642
0.0197999
0.0213429
0.0220595
0.487202
0.0211316
0.0687635
0.0210292
0.019967
0.0208949
0.284135
0.0208851
0.0278874
0.298301
0.0210003
0.304875
0.021492
0.032641
0.0510338
0.0213411
0.0205665
0.0290144
0.0539059
0.0210728
0.0221154
0.0201463
0.0207493
0.0208368
0.196778
0.0209359
0.0205732
0.0324932
0.0200524
0.300995
0.0213591
0.0211513
0.0210152
0.0475444
0.0209162
0.0208566
1.19816
0.0504522
0.313977
0.0212032
0.020063
0.0271324
0.05384
0.266202
0.228375
0.0228863
0.0230729
0.0212985
0.0212091
0.0233346
0.0214702
0.0209911
0.0203496
0.029806
0.0233877
0.0208849
0.0196177
0.0212914
0.0205539
0.0212971
0.0212104
0.0126679
0.0962965
0.0264108
0.251188
0.385913
0.0206117
0.0209054
0.0216053
0.0290472
0.0201404
0.0212443
0.0208758
0.0209314
0.0210956
0.0405456
0.0211358
0.719439
0.0212237
0.0208168
0.087737
0.0294238
0.0212925
0.0208414
0.0208183
0.119542
0.302589
0.0212865
0.020178
0.0205403
0.0208946
0.0211846
0.0209612
0.135107
0.0209689
0.0208164
0.0370281
0.0204398
0.0538576
0.0234349
0.02097
0.0212261
0.333103
0.466446
0.157116
0.589397
0.0234231
0.0219152
0.0215257
0.021215
0.0321082
0.0207892
0.128507
0.741667
0.0217764
0.0310911
0.310632
0.0208153
0.553647
0.0236778
1.10922
0.0206071
0.0207518
0.0207676
0.0214869
0.0210322
0.00122473
0.472581
0.0376015
0.0210573
0.0208665
0.0208264
0.0175326
0.0235931
0.128575
0.0208464
0.0211853
0.108192
0.0209485
0.0966546
0.295166
0.0208393
0.0211933
0.0197536
0.0210512
0.312121
0.116003
0.020827
0.0209809
0.0206429
0.320129
0.021114
0.0225414
0.209893
0.0309527
1.61917
0.0289292
0.0300131
0.0212062
0.0244584
0.0214335
0.0209939
0.0221435
0.0247116
0.0204293
0.0210105
0.363852
0.0211095
0.020236
0.335286
0.0206194
0.0209703
0.498524
0.0628752
0.0199695
0.0201565
0.0348848
0.0343689
0.0279722
0.507986
0.0220043
0.103056
0.0209517
0.0189398
0.0329646
0.0754359
0.405733
0.0209618
0.266982
0.0291293
1.63997
0.0205789
0.0209911
0.0201312
0.0211304
0.0236522
0.0207387
0.0390226
0.0206417
0.0218814
0.0211447
0.380469
0.0212957
0.144718
0.022759
0.0261079
0.0208495
0.0195762
0.0272653
0.019724
0.0295699
0.0211422
0.027404
0.0211939
0.0300562
0.279543
0.0191227
0.806389
0.0207617
0.529276
0.0234588
0.0199182
0.0212875
0.0539272
0.0212558
0.0208564
0.021162
0.0957883
0.0212829
0.035692
0.681063
0.0233705
0.177253
0.0208161
0.0199632
0.264251
0.0271386
0.320372
0.662383
0.0208217
0.277391
0.445391
0.0369551
0.0206563
0.676225
0.308832
0.0207395
0.0210254
0.0197977
0.269178
0.424162
0.320943
0.632381
0.0207725
0.020638
0.0214726
0.0201356
0.0206049
0.0233992
0.0216916
0.0203229
0.71205
0.0222586
0.0211836
0.0227503
0.122067
0.0577389
0.0216074
0.0241223
0.0208666
0.631319
0.0207529
0.133646
0.0212781
0.0289683
1.5059
0.0217503
0.736748
0.0203719
0.0202739
0.0207692
0.0208055
0.0206256
0.0207958
0.019775
0.194125
0.0234582
0.0209512
0.708482
0.020839
0.0212996
0.0206153
0.718172
0.0209952
0.0218722
0.664183
0.488619
0.0208835
0.0197875
0.593768
0.0210838
0.552906
1.81528
0.0212962
0.0214622
0.0262358
0.118472
0.762191
0.0200985
0.0206122
0.0221638
0.0263051
0.0222409
0.770498
0.52038
0.0205457
0.0215446
0.0270057
0.0215997
0.348614
0.70143
0.0205199
0.479602
0.36903
0.0212522
0.0208862
0.0208468
0.0208228
0.0206219
0.0209515
0.0207161
0.0223496
0.283283
0.0221476
0.0211371
0.0223161
0.023022
0.0205571
0.0206846
0.118229
0.0216529
0.0243318
0.0205422
0.0217503
0.020519
0.0199441
0.324042
0.0212933
0.0210396
0.722859
0.623522
0.240596
0.0208471
1.41376
0.0213057
1.3825
0.734323
0.0214553
0.63732
0.0206572
0.0202585
0.515689
0.0208181
0.0389525
1.59973
0.631178
0.0234259
0.43672
0.0213735
0.0207971
0.0218089
0.0206246
0.383621
0.481431
0.0208367
0.501734
0.660442
0.0197377
0.0206422
0.376661
0.0548626
0.0431152
0.0255247
0.310757
0.546326
0.0211179
0.799423
0.56988
0.165684
0.634452
0.0664139
0.618934
0.0197621
0.345172
0.0383553
0.0198476
0.792346
0.533307
0.0421335
0.0196263
0.315232
0.020359
0.0206455
1.34115
0.691403
0.0206548
0.0212254
0.0489131
0.0199322
0.0208597
0.020763
0.0101334
0.311285
0.0217286
0.0213272
0.270352
0.0336282
0.758442
0.0633691
0.0205423
0.303152
0.0210035
0.465143
0.0232282
0.0201797
0.468748
0.0212591
0.0713741
0.021301
1.539
0.0210176
0.021331
0.02019
0.0212022
0.0204418
0.0213302
1.70579
0.466553
0.0205642
1.67768
0.284427
0.0202795
0.0205297
0.525601
0.0295967
0.386212
0.557159
0.715639
0.0205304
0.021088
0.500377
0.0251318
0.550324
0.0248651
0.0205981
0.0211242
0.0203079
0.0198104
0.0205606
0.0288976
0.0205439
0.304738
0.0208669
0.0213
0.0484431
0.01977
0.028301
0.457046
0.0207876
0.0207496
0.0209173
0.0244094
0.0196275
0.0200874
0.0507635
0.0867757
0.0190275
0.0214473
0.0262146
0.0204967
0.0209708
0.0211994
0.701036
0.277202
0.291378
0.508411
0.0247686
0.0232956
0.0831231
0.0209775
0.023644
0.0196306
0.0196717
0.0237941
0.0207838
0.524971
0.311042
0.0225095
0.43904
0.0350569
0.298259
0.0179606
0.0199765
0.194944
0.0223551
0.0708197
0.0212356
0.0204173
0.0200711
0.0241165
0.495022
0.58216
0.430023
0.0209377
1.9518
0.0205528
0.115183
0.0621598
0.020429
0.0211775
0.0209416
0.551997
0.373194
0.0215071
0.019629
0.361493
0.0218592
0.261126
0.0213042
0.0206676
0.545412
0.312533
0.0204761
0.0255603
0.0206684
0.023373
0.0212486
0.563426
0.0206772
0.0220695
0.0258434
0.0212995
0.0208165
0.105058
0.141484
0.0213288
0.0211646
0.0215148
0.0205634
0.0204523
0.0446175
0.321309
0.0208174
0.0262277
0.0207949
0.0213282
0.0213134
0.0210579
0.550354
0.177692
0.0228845
0.0832938
0.0207272
0.025555
0.020816
0.02132
0.635485
0.0216106
0.312478
0.0206945
0.490259
0.0212345
0.0703507
0.099838
0.0201041
0.0208073
0.0339818
0.0300359
1.38519
0.432744
0.241202
0.552031
0.0233255
0.0211553
0.266066
0.0207269
0.273588
0.0199057
0.0269931
0.0247875
0.0207922
0.0206104
0.0208315
0.0267131
0.31001
0.0210301
0.203089
0.021152
0.033246
0.0204408
0.0227678
0.072211
0.0204073
0.041168
0.0824278
0.0201447
0.37422
0.278405
0.830821
0.0204286
0.541955
0.0204376
0.0201472
0.52838
0.020418
0.687153
0.0199339
0.0207754
0.020454
0.0234188
0.0322431
0.0207169
0.395511
0.0198048
0.025266
0.144179
0.0205749
0.180849
0.182348
0.0251853
0.11377
0.0210928
0.0205072
0.807325
0.0204298
0.0203235
0.0204541
0.807236
0.302369
0.722542
0.835173
0.0200507
0.0209828
0.0203819
0.719776
0.0206337
0.666928
0.0468239
0.0212031
0.0594226
0.761684
0.103835
0.0203339
0.0200834
0.0212442
0.0212166
0.0592309
0.694936
0.0202797
0.0207475
0.0206652
0.398372
0.033588
0.0205328
0.263781
0.0209423
0.0211379
0.0198291
0.0190587
0.0797907
0.028831
0.0204066
0.450751
0.191651
0.0200213
0.4197
0.0205695
0.0208648
0.0245714
0.0202542
0.369741
0.0198217
0.0217223
0.0144349
0.0197608
0.0200319
0.0209946
1.48122
0.0225983
1.28144
0.406657
0.0208798
0.0233033
0.0853021
0.0204747
0.480572
0.328732
0.02061
0.313364
0.0584327
0.0923533
1.33091
0.0514687
0.0203234
0.420453
0.268098
0.315237
0.286537
0.0204403
0.0202552
0.0207107
0.570523
0.0202441
0.0200913
0.028323
0.0219306
0.0211884
0.0203141
0.0208031
0.0202336
0.0201358
0.0375751
0.0207984
0.321239
0.275837
0.069564
0.0223203
0.0205985
0.0203342
0.524124
0.031957
0.537971
0.520708
0.0204738
0.0206416
0.0307906
1.26454
0.311401
0.0203577
0.642754
0.55153
0.0198956
0.028838
0.0923201
0.0200912
0.0208366
0.0202995
0.020566
0.0200408
0.0359337
0.556299
0.0205236
0.313441
0.0211875
0.0255048
0.0208822
0.0212809
0.0203511
0.088852
0.0238699
0.0202927
0.0198197
0.0202336
0.0202219
0.366669
0.0270442
0.179592
0.0606598
0.268609
0.0200487
0.0202441
0.0251695
0.0942025
0.0211326
0.3249
0.0217764
0.0197583
0.0481431
0.881865
0.0206852
0.0221875
0.0981776
0.608963
0.156519
0.0202244
0.0234669
0.0206748
0.119329
0.0206345
0.0641276
0.0623501
0.168508
0.0550599
0.0301683
0.022873
0.02673
0.0208696
0.0202268
0.0203932
0.020689
0.306262
0.0205872
0.0205927
0.020846
0.0206144
0.0201234
0.030974
0.0828676
0.105838
0.0201365
0.508227
0.302066
0.0766058
0.0204175
0.0202333
0.0207617
0.0201123
0.0799007
0.026332
0.0202219
0.0145165
0.0205415
0.523963
0.0411917
0.0205753
0.0501727
0.289659
0.020314
0.334459
0.362187
0.0302723
0.0204286
0.0299852
0.13425
0.0196286
0.0204749
0.342768
0.0214267
0.0207595
0.257988
0.0210383
0.0203001
0.020464
0.0202891
0.106348
0.0201126
0.020278
0.414055
0.0413265
0.0204406
0.0207681
0.322044
0.0287693
0.0203992
0.0234775
0.0203494
0.189103
0.193654
0.0214417
0.020169
0.750379
0.608077
0.0207636
0.0200423
0.306235
0.0213101
0.0201249
0.790171
0.0208756
0.0313523
0.0204411
0.406326
0.286944
0.0464515
0.0471529
0.0203847
0.0273926
0.0205478
0.0223005
0.284597
0.0201028
0.027191
0.0204706
0.380884
0.0206585
0.0203012
0.019934
0.0204195
0.0201376
0.0200603
0.0447161
0.0213321
0.0531859
0.0226593
0.01978
0.0232136
0.13487
0.0205196
0.0328885
0.0202242
0.021
0.62238
0.021087
0.416909
0.0234309
0.0407854
0.0200219
0.0200712
0.0220796
0.0213916
0.0201453
0.0236713
0.0205391
0.107693
0.0200714
0.0206107
0.0204961
0.333755
0.29872
0.0205967
0.0198103
0.0203289
0.0289243
0.0210658
0.0201145
0.315246
0.0207594
0.0198994
0.479204
0.859114
0.0339316
0.303648
0.0207459
0.443334
0.0499991
0.0213854
0.293193
0.310825
0.0203852
0.360255
0.0434141
0.021138
0.0201563
0.0215356
0.420792
0.229988
0.23517
0.320331
0.0236975
0.0200977
0.0301998
0.0428043
0.0208047
0.0198703
0.0208059
0.0218704
0.0201823
0.0200354
0.0344883
0.0351272
0.0200037
0.440606
0.359959
0.0235975
0.0551724
0.0200608
0.0200518
0.0336353
0.295157
0.0642589
0.0234186
0.395855
0.0200018
0.302095
0.293535
0.0203847
0.0229386
0.0204903
0.0202926
0.343574
0.0204591
0.0200517
0.157085
0.0249728
0.0204602
0.0457923
0.127106
0.0208977
0.0350495
0.441669
0.0204193
0.0202583
0.0203611
0.0198021
0.0210251
0.239301
0.0212672
0.0200736
0.413408
0.0200117
0.0556074
0.334975
0.0200111
0.301896
0.378751
0.722128
0.0204249
0.0201026
0.0200308
0.363206
0.0202335
0.409494
0.224835
0.342265
0.0222655
0.0218285
0.0204249
0.0210122
0.0184822
0.321275
0.0203789
0.302775
0.248127
0.121302
0.0198763
0.312494
0.0234151
0.0932512
0.678283
0.0200245
0.0204094
0.411907
0.0203194
0.0200325
0.321857
0.0209028
0.0211416
0.700063
0.714149
0.0200404
0.0203462
0.313719
0.32833
0.308013
0.358729
0.0197258
0.170153
0.0202031
0.0199256
0.304468
0.0201688
0.0201834
0.0198896
0.298428
0.0197116
0.0201339
0.310045
0.0201354
0.0205178
0.020508
0.0218545
0.0202456
0.334574
0.052734
0.0200817
0.0202033
0.0204529
0.0199797
0.0199429
0.0200403
0.0202237
0.0204863
0.020322
0.020359
0.318796
0.0201472
0.0206263
0.0203695
0.0197114
0.604883
0.0197295
0.0200588
0.0210875
0.0245968
0.021839
0.288761
0.0205429
0.0198148
0.0200789
0.25708
0.0202145
0.123947
0.020345
0.0637164
0.0204144
0.0199291
0.237835
0.0277944
0.306473
0.0250469
0.559714
0.0199476
0.0197549
0.0245998
0.0204419
0.174699
0.309122
0.0211898
0.0210701
0.0199243
0.192954
0.0199074
0.0197593
0.0205991
0.0447284
0.0878809
0.299854
0.0200825
0.0204767
0.0205476
0.365122
0.0312109
0.0204704
0.0206653
0.0248108
0.0213042
0.295595
0.0248988
0.103373
0.0606348
0.0202401
0.0201684
0.0209227
0.0794764
0.0199571
0.0198925
0.0206617
0.0319432
0.38743
0.0200513
0.0211521
0.0202666
0.021638
0.0205067
0.0206012
0.0939184
0.364641
0.0201448
0.0218789
0.0205566
0.0216182
0.0205111
0.0200747
0.317157
0.0243648
0.0197246
0.317142
0.0216529
0.0910977
0.0212065
0.0253384
0.31553
0.0209568
0.319902
0.0204593
0.0198074
0.233131
0.293089
0.0538811
0.0215282
0.0206589
0.0201042
0.021056
0.0674359
0.020171
0.0232621
0.0421928
0.0200707
0.750884
0.0198892
0.0199028
0.0205945
0.0201433
0.0341496
0.0210204
0.0202113
0.0218971
0.0238537
0.484021
0.0200035
0.0205057
0.0203984
0.0502468
0.439982
0.0203277
0.0199681
0.0202458
0.248154
0.0750948
0.409022
0.0200727
0.0205792
0.0341769
0.0203718
0.0199117
0.382242
0.303056
0.0203635
0.278235
0.0199629
0.304138
0.707033
0.0994532
0.308452
0.0202896
0.0201342
0.0199918
0.019914
0.0218125
0.0196956
0.0201
0.0198585
0.0242228
0.317999
0.0229682
0.0209982
0.0200618
0.0210435
0.0315516
0.132942
0.0199158
0.0204076
0.0199817
0.0212571
0.0269439
0.0200218
0.0200833
0.21167
0.319229
0.449955
0.0199378
0.169211
0.0280914
0.0199325
0.0215777
0.0198896
0.319365
0.0198873
0.318445
0.0425345
0.309806
0.482009
0.0295149
0.0222438
0.0669312
0.0199821
0.35253
0.316758
0.318254
0.029979
0.0211627
0.309351
0.0200828
0.0206626
0.0339777
1.27125
0.0201479
0.459164
0.0213465
0.0212017
0.021204
0.307969
0.0199659
0.0202378
0.309566
0.030063
0.324758
0.0201213
0.390893
0.0200005
0.0217086
0.0233742
0.0286185
0.0196112
0.0200519
0.301344
0.0208494
0.0284846
0.025314
0.302836
0.300645
0.0210726
0.526547
0.0604352
0.0207399
0.0208986
0.680723
0.30816
0.326204
0.0672847
0.0235224
0.0197191
0.731298
0.139949
0.050668
0.0203013
0.0269594
0.0190325
0.0220899
0.0208435
0.0201153
0.0232554
0.0198281
0.0198962
0.0209313
0.0204268
0.0249675
0.0202722
0.0206497
0.0204136
0.0181991
0.0188643
0.0197903
0.0203919
0.0376218
0.0204019
0.299337
0.631816
1.7981
0.0248575
0.314674
0.245893
0.02069
0.0197913
0.0203068
0.345921
0.0203182
0.416986
0.0138439
0.0217972
0.140943
0.0230912
0.0216997
0.0248188
0.0232012
0.037889
0.0216949
0.319229
0.0210883
0.022469
0.0197968
0.021338
0.0207315
0.311973
0.0204864
0.0211931
0.0200633
0.0198132
0.265721
0.46618
0.0191493
0.0203946
0.0199734
0.0201487
0.0198097
0.328606
0.0201828
0.0197102
0.313842
0.0209271
0.0204322
0.0232047
0.019898
0.135008
0.0203262
0.0212148
0.0202175
0.0197429
0.0203216
0.0197563
0.0223403
0.376263
0.0198415
0.0212145
0.0478433
0.318359
0.0219104
0.021706
0.0256291
0.0205212
0.0215893
0.0220362
0.0200032
0.0258009
0.0195963
0.0266999
0.0202316
0.0198064
0.0199333
0.0197791
0.293419
0.0202117
0.0210292
0.0203411
0.0948602
0.306521
0.0197892
0.0209264
0.397265
0.323148
0.0197893
0.303257
0.0197259
0.0211754
0.0185645
0.166384
0.300228
0.477652
0.0200638
0.019845
0.0422769
0.266685
0.0197198
0.0201605
0.0203778
0.0197641
0.0215684
0.0197497
0.0216166
0.0200958
0.020316
0.0202661
0.0264115
0.0197967
0.0198191
0.310209
0.020058
0.0210017
0.0198139
0.0197993
0.0200351
0.0198079
0.0198894
0.175431
0.0197911
0.0205081
0.0212138
0.0196976
0.293527
0.0198459
0.0196154
0.0214612
0.0293691
0.0197326
0.0199116
0.0199174
0.0197912
0.696923
0.299568
0.0196644
0.0230128
0.0231621
0.0202329
0.254342
0.0214373
0.0203593
0.0202727
0.321162
0.0198876
0.0202922
0.0199695
0.0203113
0.0229087
0.0201943
0.086779
0.0230357
0.0209346
0.0220746
0.0200359
0.249706
0.562597
0.0197113
0.0209924
0.258622
0.0287096
0.311529
0.298836
0.0326607
0.0201218
0.171142
0.0197422
0.021187
0.0320671
0.0246743
0.283612
0.0203587
0.0202132
0.0184558
0.0200562
0.367365
0.0223713
0.0206928
0.0204451
0.020665
0.019688
0.0229143
0.0207708
0.0210845
0.373402
0.021285
0.0216513
0.020103
0.0198039
0.230016
0.0207718
0.0197996
0.180897
0.0199921
0.0202616
0.0213896
0.0198852
0.0208853
0.452826
0.0202596
0.311478
0.0207612
0.0200462
0.0201019
0.0292382
0.0209196
0.0201781
0.0195967
0.432143
0.0197933
0.0203113
0.324004
0.738375
0.0204003
0.291817
0.551197
0.020503
0.0198799
0.320476
0.0201571
0.200939
0.0307608
0.0203583
0.0208851
0.0210833
0.0212173
0.0208954
0.020441
0.0208474
0.319531
0.0197439
0.318623
0.0206905
0.0212474
0.0229948
0.0198771
0.0201459
0.027815
0.0198846
0.0202936
0.021281
0.0219982
0.0198188
0.0215454
0.0229334
0.0198061
0.021655
0.0205465
0.0197753
0.0200619
0.0205322
0.197082
0.126856
0.303364
0.0203898
0.0197417
0.0197527
0.209651
0.0204177
0.333755
0.0202224
0.313652
0.199203
0.0654291
0.0197797
0.459463
0.0203322
0.0150543
0.0218234
0.020035
0.0752664
0.0206137
0.0196993
0.0207052
0.0198551
0.0196998
0.0202136
0.0219102
0.0765721
0.0207813
0.0227928
0.0196924
0.0198045
0.0206453
0.25096
0.305073
0.0445057
0.0202661
0.0197083
0.123869
0.0198259
0.317085
0.0202118
0.0209495
0.0206742
0.0202758
0.0243914
0.0208299
0.0199004
0.0196134
0.30584
0.301895
0.0195999
0.0207147
0.0198854
0.536175
0.0197749
0.0202123
0.0196107
0.0197208
0.0225383
0.0226
0.0257881
0.0202555
0.111816
0.259733
0.02094
0.0206297
0.0201359
0.019598
0.0205592
0.022049
0.0199202
0.0196129
0.257098
0.0227021
0.0226608
0.019708
0.24897
0.0206342
0.0201272
0.0211019
0.0199782
0.0198773
0.0292906
0.02022
0.291947
0.22728
0.0196788
0.0196166
0.0208733
0.0208951
0.0427335
0.0213369
0.0197334
0.0201948
0.0200663
0.0227782
0.0227049
0.105878
0.0197266
0.0221282
0.0204386
0.0199451
0.0208113
0.0230886
0.0214881
0.0199542
0.0234486
0.0217004
0.0227897
0.0133627
0.12458
0.0213145
0.0198184
0.315023
0.0212689
0.0203529
0.448453
0.0197655
0.512766
0.301345
0.0207955
0.0232037
0.0206794
0.021502
0.0229682
0.0201234
0.243658
0.0204827
0.0200931
0.020291
0.0605449
0.0252603
0.0195848
0.0203361
0.0206433
0.0227314
0.0202875
0.306023
0.408832
0.0215471
0.0215423
0.0200546
0.019824
0.122787
0.0204066
0.0231697
0.0219113
0.0209542
0.0209648
0.0208006
0.462926
0.0197711
0.0201748
0.325608
0.0230468
0.0196351
0.0207386
0.0197632
0.304668
0.0110445
0.0198046
0.0196114
0.0206423
0.0197608
0.0203282
0.322533
0.0198226
0.304971
0.0230445
0.306985
0.021557
0.0211213
0.0231532
0.0228866
0.316938
0.0521205
0.0903273
0.0231574
0.0196145
0.0200445
0.0205932
0.3228
0.0196287
0.322423
0.316896
0.0230177
0.0233544
0.0231577
0.0231979
0.341844
0.322623
0.0197918
0.0200145
0.0201912
0.0206439
0.0201338
0.0232116
0.0204784
0.023222
0.0232565
0.0197475
0.0196681
0.307033
0.0201992
0.0198228
0.0203464
0.0200596
0.0200205
0.0800168
0.0230571
0.0197822
0.0231385
0.0362702
0.0205609
0.0195433
0.0195435
0.0246357
0.783819
0.0207421
0.0227928
0.0204751
0.0197412
0.310757
0.0203026
0.0444972
0.299253
0.0207365
0.0195755
0.0205152
0.0196431
0.0228089
0.0205649
0.0196856
0.0230303
0.0200485
0.0251782
0.0196063
0.0203583
0.0231162
0.0195873
0.320588
0.101412
0.0196828
0.0207637
0.0198808
0.319878
0.0205928
0.0196383
0.0196774
0.312928
0.311725
0.0214776
0.0229672
0.0229422
0.0229592
0.0229162
0.0229015
0.0229406
0.0229861
0.022986
0.0229551
0.0228
0.0229603
0.022915
0.022797
0.0232051
0.0232137
0.0224996
0.0225022
0.246198
0.0225784
0.0226036
0.0227712
0.0225633
0.0225909
0.0228233
0.0231559
0.0231177
0.0227953
0.019571
0.0195248
0.0225678
0.0225367
0.0830169
0.237297
0.246723
0.0351856
0.0238437
0.0201233
0.0196983
0.019524
0.0198831
0.0226156
0.022602
0.0225963
0.0225734
0.0228708
0.0229886
0.0231484
0.0231782
0.0231809
0.0232335
0.0227284
0.0227017
0.144372
0.0226946
0.216657
0.0217602
0.0227304
0.0227364
0.0226029
0.0225831
0.0225868
0.0227793
0.0225979
0.0200632
0.0226131
0.0227842
0.0210126
0.0354472
0.237953
0.0205025
0.0273047
0.0278201
0.0205871
0.0203875
0.0215462
0.0197911
0.0205541
0.741317
0.0364
0.020901
0.397433
0.0199811
0.0196919
0.0211161
0.320864
0.320412
0.0203953
0.0197614
0.019732
0.663198
0.0198804
0.0215125
0.0199679
0.0201867
0.0390602
0.404955
0.135322
0.0252869
0.0198175
0.0207184
0.0216288
0.02028
0.0197744
0.206064
0.311919
0.0205445
0.0199093
0.0196227
0.313975
0.0197089
0.0198113
0.0200367
0.0218793
0.309441
0.290343
0.0202144
0.0405924
0.0208731
0.023738
0.0391565
0.020406
0.100689
0.0198846
0.233884
0.0209733
0.172807
0.337298
0.0195942
0.0199556
0.596058
0.0197103
0.02595
0.319775
0.0200803
0.711442
0.0203791
0.0204321
0.019878
0.0204087
0.0203588
0.0198617
0.0201194
0.0198288
0.019982
0.0201174
0.31895
0.0236935
0.410736
0.296301
0.0200821
0.0196441
0.164195
0.0200651
0.0198293
0.0197897
0.0205529
0.0199851
0.0203042
0.0197453
0.0208727
0.0198848
0.0228529
0.0198055
0.0203271
0.0203194
0.383968
0.0203146
0.0257172
0.0198386
0.030294
0.0202774
0.0200332
0.0207913
0.0198811
0.0221056
0.0211582
0.0200186
0.0195957
0.0196199
0.0195789
0.0206812
0.312436
0.0202838
0.0196915
0.0198871
0.020417
0.120185
0.0208205
0.0198739
0.0257481
0.0198448
0.0211322
0.600117
0.0206726
0.0207632
0.0211795
0.0198191
0.0200474
0.0416318
0.0203898
0.0231711
0.0198898
0.0198699
0.112906
0.0252232
0.0199719
0.0197439
0.0196427
0.0201421
0.0197422
0.0197639
0.0908514
0.01966
0.0206357
0.020849
0.0707925
0.0176215
0.020093
0.0196661
0.0288645
0.0197448
0.0200054
0.0213181
0.0195785
0.218907
0.0202021
0.0198795
0.0240306
0.0213609
0.0210006
0.0198189
0.0196459
0.366663
0.0198185
0.0203617
0.020154
0.019578
0.0202019
0.0212855
0.0203
0.0196934
0.0214727
0.0205342
0.0200927
0.0221306
0.0201019
0.0202834
0.0209888
0.291451
0.00511884
0.0225318
0.77704
0.0195971
0.0171935
0.0211689
0.0200296
0.0200117
0.0201902
0.0196955
0.0195649
0.0202
0.0278097
0.0213411
0.0199118
0.0232766
0.0200773
0.0200015
0.31576
0.0203914
0.0209437
0.0201291
0.0196074
0.0198139
0.212317
0.0223922
0.0197691
0.0204729
0.0196599
0.0198214
0.157026
0.0213914
0.0195997
0.019731
0.0302138
0.262312
0.0203422
0.0200082
0.0196698
0.0204739
0.0195826
0.021375
0.0198086
0.0204653
0.0198035
0.0196747
0.0217478
0.0199032
0.019869
0.0200351
0.0196425
0.0196585
0.0199202
0.0207198
0.302896
0.0199971
0.0220693
0.0197678
0.0200455
0.020302
0.0199187
0.0200519
0.0596844
0.0238756
0.021418
0.134205
0.0198337
0.0196738
0.0199537
0.0199816
0.0197748
0.0199071
0.0208657
0.020478
0.0201519
0.021387
0.0199362
0.0200762
0.585919
0.0211291
0.0349904
0.0196806
0.022077
0.0127138
0.0201978
0.0207108
0.0197233
0.3016
0.0200977
0.617265
0.0196261
0.0203777
0.312932
0.0372389
0.0204678
0.0202867
0.0201631
0.0196589
0.0203788
0.0209157
0.0202522
0.318201
0.0200597
0.0197563
0.319461
0.0208897
0.0202855
0.00293869
0.0197186
0.0207089
0.099214
0.209119
0.0205365
0.0203314
0.0207552
0.0198882
0.320129
0.0197083
0.0197118
0.020046
0.0211785
0.0208038
0.0205656
0.0209559
0.974824
0.0200717
0.0212946
0.0197809
0.0199627
0.16069
0.0198666
0.0276845
0.0197474
0.0178288
0.0202679
0.0198822
0.0195754
0.105635
0.0204986
0.0201887
0.0208152
0.320994
0.302593
1.40628
0.0202322
0.0197435
0.0206373
0.0199821
0.0210253
0.0217636
0.0208009
0.0198236
0.0202489
0.0198724
0.0231998
0.0201216
0.0218957
0.0195866
0.0255153
0.0259539
0.0198604
0.0203146
0.0210682
0.0208196
0.0219966
0.0209438
0.0197787
0.0204538
0.0200763
0.645541
0.0389446
0.021075
0.0195657
0.0204518
0.0203777
0.0196043
0.0200483
0.374674
0.0230179
0.0203269
0.0206402
0.0197987
0.0200359
0.0225476
0.0198706
0.0202846
0.0493723
0.0203767
0.0204511
0.020063
0.0551867
0.0197884
0.0154648
0.245473
0.10441
0.019839
0.347494
0.0199406
0.020778
0.021553
0.0227754
0.0198588
0.0428829
0.049745
0.0211069
0.0197413
0.0618294
0.0197008
0.353154
0.0196554
0.0198044
0.0199579
0.01997
0.0199727
0.0220149
0.020712
0.0934963
0.271273
0.0197106
0.0217899
0.0802725
0.0212629
0.0213435
0.0202478
0.0199759
0.0235714
0.020056
0.0198791
0.0196477
0.0197556
0.134127
0.0202501
0.0209067
0.0215269
0.0211434
0.0365908
0.0203905
0.0204147
0.0197328
0.0195813
0.0201881
0.0200709
0.0200771
0.020486
0.0208508
0.328363
0.0198737
0.0197628
0.0201502
0.0196409
0.281056
0.0204132
0.0198581
0.0204546
0.318261
0.020099
0.0204245
0.0210194
0.33943
0.0212811
0.0197802
0.0666186
0.0208159
0.0208126
0.0205566
0.342785
0.173204
0.019779
0.0196683
0.0199448
0.0199731
0.0212541
0.0197609
0.0207559
0.0218894
0.282264
0.300644
0.0203174
0.285152
0.298337
0.0196579
0.020352
0.0198636
0.0211703
0.020076
0.0200213
0.0209724
0.113396
0.0204605
0.0199265
0.019692
0.0202608
0.212042
0.0211313
0.0205782
0.0198913
0.0198196
0.0256194
0.0201943
0.0198696
0.35655
0.271092
0.231352
0.0196758
0.0206916
0.0210033
0.0211694
0.262754
0.0204338
0.308563
0.311118
0.140166
0.0211669
0.0206709
0.0197499
0.0184032
0.0214778
0.0210634
0.0199475
0.0202143
0.304185
0.0269995
0.0207868
0.308568
0.0240667
0.0203951
0.0209579
0.020392
0.334432
0.300755
0.334622
0.325607
0.315442
0.31351
0.259154
0.284914
0.0204256
0.306418
0.0209848
0.0197997
0.0207201
0.020369
0.0214731
0.0210748
0.0254676
0.276777
0.0249582
0.0196966
0.0197313
0.0204409
0.0226468
0.0198954
0.0429474
0.242527
0.0200848
0.297386
0.180885
0.0203016
0.0199767
0.0205301
0.0214223
0.0199241
0.0152668
0.0460285
0.0209419
0.468049
0.0198789
1.3843
0.0211335
0.02094
0.472279
0.0219845
0.0207531
0.0200707
0.303779
0.0207987
0.0197844
1.42628
0.0199253
0.0209663
0.0202789
0.303357
0.0202715
0.0205077
0.0201142
0.0202227
0.0203189
0.399079
0.0198433
0.0214656
0.0210986
0.0200079
0.0196864
0.0203522
0.0234629
0.328199
0.22656
0.0213209
0.0215508
0.0198648
0.294951
0.0204211
0.0210965
0.0202501
0.0203129
0.154242
0.0201242
0.0205917
0.019931
0.401836
0.0196644
0.316185
0.216992
0.00535202
0.0200301
0.25522
0.129708
0.0200368
0.00729935
0.0198882
0.0205987
0.0202689
0.150256
0.0571138
0.142136
0.246033
0.166724
0.0197396
0.0206913
0.020577
0.0206111
0.0227935
0.29022
0.0204264
0.0202698
0.0202555
0.315204
0.268128
0.25231
0.019873
0.288244
0.0202032
0.0201898
0.0784175
0.0219429
0.313477
0.0206082
0.0261957
0.0202365
0.0199237
0.303657
0.220259
0.0206504
0.338491
0.309336
0.312429
0.31416
0.317146
0.0274431
0.317343
0.0198722
0.203579
0.18745
0.0216614
0.291867
0.300131
0.0210571
0.0200588
0.0199036
0.550825
0.328846
0.255761
0.0207641
0.0198498
0.0199706
0.0431826
1.33526
0.364179
0.0477871
0.0211444
0.0382396
0.376999
0.0199634
0.081524
0.020115
0.267505
0.0199216
0.020535
0.015485
0.0237961
0.108127
0.0198593
0.0200635
0.0198734
0.184711
0.0203627
0.0199858
0.270317
0.0206617
0.020325
0.212359
0.0202877
0.0198813
0.19546
0.0247326
0.0223033
0.206307
0.020143
0.30288
0.0200272
0.335367
0.0213897
0.0199849
0.0200793
0.0206227
0.312867
0.03935
0.320071
0.311148
0.0207987
0.258346
0.0205465
0.1703
0.020009
0.0200422
0.0198711
0.316151
0.0201396
0.049999
0.0203549
0.0199808
0.10013
0.132496
0.0209436
0.0233566
0.0200852
0.019873
0.0199284
0.281869
0.0209345
0.200599
0.252565
0.0202975
0.0203632
0.209724
0.23262
0.0199636
0.0209215
0.0202742
0.0563546
0.177553
0.0198785
0.0203357
0.289024
0.486072
0.0206097
0.0199357
0.0121745
0.0209339
0.0203561
0.020943
0.020459
0.330858
0.0207162
0.399695
0.0207714
0.31498
0.247128
0.313609
0.30911
0.0199758
0.339005
0.0200085
0.33411
0.321427
0.312048
0.0206432
0.229404
0.309671
0.0222516
0.296719
0.26744
0.404315
0.0205958
0.0198993
0.0198825
0.0207399
0.00648203
0.020702
0.0989015
0.0479872
0.0206843
0.0198161
0.0595172
0.0203564
0.286933
0.333302
0.247902
0.3136
0.0226179
0.0358223
0.0205173
0.0203833
0.0214844
0.305461
0.02041
0.0198591
0.0199477
0.212548
0.0200019
0.226836
0.0205369
0.0201485
0.0206285
0.00727032
0.0202164
0.309293
0.0206446
0.020288
0.0204685
0.310315
0.313728
0.317791
0.0201826
0.0327565
0.0220006
0.290922
0.29629
0.0201667
0.0204188
0.0215007
0.298842
0.0200328
0.0206356
0.0207047
0.0201277
0.707176
0.0964611
0.0204061
0.0295583
0.385767
0.0213956
0.113908
0.0201955
0.396881
0.0755294
0.0204931
0.314775
0.0199353
0.0202774
0.0199831
0.0225014
0.0199681
0.0199893
0.920686
0.0202376
0.0199342
0.0204917
0.0200364
0.0200366
0.0200772
0.020101
0.20311
0.363427
0.0205365
0.0204793
0.0227308
0.192759
0.0203662
0.021248
0.40256
0.0209983
0.0285121
0.0202943
0.607471
0.0198915
0.0219015
0.0198678
0.0206757
0.0204845
0.0203794
0.308603
0.0206552
0.0327226
0.254458
0.0211662
0.0203276
0.201293
0.316529
0.0210417
0.283739
0.303775
0.0202719
0.0202263
0.0205084
0.0202527
0.0244898
0.0197004
0.172895
0.0201657
0.0239535
0.0202991
0.0205069
0.297273
0.051671
0.0208336
0.0204443
0.6014
0.157823
0.0201692
0.020112
0.0210771
0.048632
0.0201857
0.0205031
0.0200953
0.019993
0.019939
0.0205806
0.0205963
0.0198606
0.0200896
0.0198632
0.0202997
0.019919
0.0199484
0.0199467
0.0206296
0.0200121
0.114033
0.598516
0.0208167
0.0201235
0.0216039
0.0204157
0.0199387
0.536894
0.424658
0.0199391
0.0739273
0.0199452
0.0199391
0.0228469
0.0196437
0.020191
0.295535
0.0199645
0.019677
0.0204552
0.327598
0.0205572
0.581839
0.444933
0.0202193
0.0201162
0.0198569
0.280489
0.0208128
0.0212634
0.0231518
0.738973
0.0206406
0.0209168
0.020561
0.0209602
0.0201903
0.00654924
0.502213
0.140405
1.36317
0.0214429
0.0199898
0.0203854
0.0199275
0.270378
0.0203071
0.319225
0.0201977
0.0211602
0.0199372
0.0203631
0.348656
0.0199822
0.0199679
0.0199525
0.0233634
0.285325
0.0200482
0.019928
0.0220967
0.0203678
0.0213218
0.312632
0.0244883
0.0202079
0.302968
0.0382162
0.0426497
0.0205111
0.308288
0.0778472
0.0202005
0.0213005
0.019983
0.0205729
0.0198548
0.0206316
0.0199553
0.020468
0.407328
0.0202981
0.304916
0.103602
0.0223765
0.476594
0.0201895
0.0203085
0.400174
0.0206329
0.0209073
0.0321096
0.0196864
0.356712
0.0203756
0.0202862
0.352783
0.0198584
0.0213163
0.0219289
0.409588
0.0204522
0.0234779
0.311719
0.147907
0.27438
0.0218199
0.0199566
0.0202826
0.0203187
0.0206135
0.0200152
0.0200836
0.0204193
0.1903
0.0205822
0.318437
0.278394
0.0203102
0.020494
0.020021
0.0203682
0.853126
0.0202866
0.211339
0.315187
0.291754
0.0201926
0.0251312
0.0202626
0.293836
0.0241218
0.0211059
0.0233897
0.0198507
0.0201172
0.0398851
0.0204571
0.0201208
0.625084
0.541653
0.0212398
0.693016
0.020375
0.0200756
0.239515
0.197016
0.335606
0.0207825
0.0205745
0.0200028
0.725099
0.0204497
0.453251
0.0224836
0.0197139
0.0209583
0.0198341
0.02006
0.0214427
0.332221
0.0229492
0.0214009
0.0222321
0.0200291
0.0207957
0.0207495
0.215004
0.0202446
0.0206637
0.0203772
0.0203687
0.660938
0.0199986
0.0199561
0.0211059
0.0201991
0.0204855
0.0223633
0.0200156
0.0206699
0.247417
0.0200902
0.0205406
0.41251
0.0200291
0.0202162
0.0686298
0.0209029
0.0201494
0.0206322
0.308189
0.0206945
0.0208367
0.315858
0.0198239
0.0202645
0.0203287
0.0200457
0.44866
0.0200783
0.0202185
0.0205112
0.0198643
0.397847
0.320426
0.0200777
0.0207375
0.0996268
0.0198984
0.0201783
0.02118
0.0200857
0.0211139
0.0202651
0.02056
0.0200158
0.312396
0.0203986
0.0202575
0.313983
0.334664
0.255705
0.0202321
0.0204624
0.0203977
0.318707
0.0207144
0.0334627
0.172459
0.364008
0.752744
0.70327
0.0200955
0.0203377
0.0260103
0.0214628
0.390976
0.414452
0.0198633
0.0202648
0.0201787
0.0216464
0.0198501
0.020394
0.0199364
0.0209607
0.0211828
0.0821076
0.0198558
0.151255
0.292831
0.0200285
0.308077
0.0196619
0.0200409
0.0205248
0.0200924
0.0203674
0.0198057
0.0215293
0.0211756
0.0200348
0.0204879
0.0207136
0.0203702
0.0207109
0.0207669
0.0204468
0.0200779
0.460137
0.717928
0.020366
0.0202332
0.019968
0.304367
0.169319
0.0200547
0.0265484
0.0207774
0.0214561
0.0214426
0.29554
0.0206311
0.130337
0.28302
0.289334
0.217748
0.314051
0.664094
0.0201958
0.0203362
0.0201289
0.0832414
0.0202767
0.0201911
0.0223515
0.0203361
0.035771
0.0203667
0.395967
0.0205587
0.0202625
0.0201788
0.0198787
0.605228
0.0208395
0.020163
0.0199241
0.0771404
0.0234618
0.0261364
0.0201777
0.0203948
0.32465
0.0204829
0.21177
0.019629
0.0207837
0.314609
0.0236888
0.160215
0.0208525
0.276937
0.0206908
0.0202093
0.0211752
0.0201371
0.0209846
0.0204688
0.0208063
0.345783
0.0786787
0.180015
1.51817
0.0206649
0.0240916
0.0201766
0.0196601
0.0306662
0.0204979
0.0204058
0.0196511
0.0203252
0.0201982
0.0204653
0.814455
0.396354
0.329888
0.0221566
0.0206187
0.0201978
0.0202053
0.0202282
0.344586
0.0211518
0.760563
0.0225487
0.366923
0.0199519
0.0205862
0.398521
0.0204187
0.0202173
0.021366
0.0208143
0.0202484
0.0202107
0.0200667
0.0200603
0.0199354
0.0203097
0.0200323
0.0202838
0.328616
0.0201102
0.0202017
0.0207314
0.0199833
0.020252
0.0693262
0.59926
0.0205717
0.0205274
0.0202613
0.313288
0.256977
0.0241818
0.51585
0.0203534
0.0203982
0.0202447
0.0206777
0.0204654
0.0204909
0.0202139
0.0202674
0.0203394
0.0317699
0.020513
0.0200118
0.599373
0.0203534
0.0208652
0.768785
0.0209189
0.0202208
0.45162
0.0200496
0.0213704
0.0208801
0.307627
0.471545
0.447719
0.0204789
0.0202927
0.0202849
0.0205574
0.0202312
0.0203028
0.0208685
0.203379
0.0207707
0.0229587
0.336303
0.0200244
0.0207159
0.0222359
0.30403
0.020133
0.299145
0.0203084
0.0203857
0.0198097
0.020009
0.444233
0.020705
0.0202662
0.0202852
0.0203951
0.145891
0.309425
0.0200153
0.020535
0.0211068
0.410854
0.0204955
0.0225589
0.396728
0.40336
0.0203867
0.0203978
0.388693
0.0202906
0.0203066
0.222417
0.0211257
0.0203733
0.0200261
0.0205531
0.4027
0.0236471
0.0206904
0.0225883
0.0200566
0.0203765
0.0200066
0.020311
0.0211885
0.0203023
0.0220605
0.280943
0.0203574
0.0204307
0.020342
0.306593
0.0211477
0.706366
0.402591
0.0207985
0.020623
0.0199666
0.402291
0.02065
0.612613
0.0203924
1.83189
0.0202228
0.301531
0.0302904
0.0205827
0.0212152
0.371547
0.0205047
0.0204713
0.0211222
0.309699
0.0204818
0.0202892
0.0202238
0.0202053
0.0414372
0.0202555
0.0204304
0.0205298
0.492429
0.02605
0.0206488
0.0210014
0.282992
0.0205132
0.574647
0.021453
0.405106
0.0614248
0.322098
0.0199525
0.310341
0.020065
0.0203733
0.0648432
0.0206085
0.0206619
0.0209379
0.0229962
0.02113
0.0201624
0.0203155
0.0238297
0.0202328
0.0216643
0.17947
0.0196421
0.367125
0.0204839
0.408232
0.0212303
0.0213395
0.0200437
0.494959
0.0203238
0.0311332
0.0203774
0.0210045
0.0211789
0.0221517
0.0201791
0.0196359
0.0204603
0.0201442
0.0297603
0.61489
0.020211
0.0247444
0.209936
0.0204672
0.0648005
1.35554
0.020215
0.020721
0.633343
0.0742626
0.0203727
0.0207498
0.0213704
0.0213886
0.0203761
0.0212872
0.0243753
0.398936
0.0204022
0.353781
0.0207952
0.0206741
0.0206806
0.0205253
0.623408
0.56639
0.023721
0.021142
0.0204996
0.0320371
0.0203804
0.0202843
0.0205926
0.469489
0.0201451
0.0196604
0.0202974
0.020613
0.392158
0.0224075
0.0202607
0.0209615
0.0202199
0.0203547
0.0210737
0.460583
0.0209687
0.395601
0.0260373
0.0201092
0.0252094
0.0201298
0.0240928
0.0209714
0.305104
0.339454
0.0198971
0.0383188
0.0233471
0.013844
0.681547
0.741345
0.020412
0.143053
0.0206316
0.0211623
0.0203218
0.0318545
0.020858
0.0355824
0.0205042
0.0214015
0.559025
0.0212207
0.343533
0.0202277
0.446203
0.363452
0.020144
3.11386
0.0211236
0.490633
0.0228116
0.314117
0.0201885
0.0212749
0.020237
0.021279
0.0206762
0.404659
0.0205963
0.0198317
0.0208841
0.0202674
0.299563
0.0207627
0.0211943
0.0203843
0.0255148
0.0206763
0.0207728
0.0206707
0.0205462
0.0199901
0.0208702
0.0206462
0.0213472
0.0212803
0.0205831
0.344611
0.0210957
0.0204647
0.0204785
0.438763
0.344901
0.0204926
0.0199476
0.0213735
0.0353658
0.309569
0.0258579
0.0199976
0.103343
0.0201998
0.0201818
0.0208153
0.0212954
0.0209527
0.583748
0.0209139
0.0205805
0.0208167
0.0207661
0.0207194
0.0202376
0.0204745
0.0202576
0.0211415
0.020798
0.0208039
0.0206881
0.0209235
0.111795
0.0206731
0.0205625
0.398873
0.021782
0.32881
0.0203377
0.0204923
0.516074
0.0207398
0.442931
0.0206699
0.700731
0.0205297
0.0217075
0.0205117
0.0203736
0.403308
0.0209447
0.0219745
0.0204515
0.0211831
0.02223
0.0253067
0.0232515
0.0204246
0.0209999
0.0208702
0.708176
0.0202989
0.0208477
0.0206183
0.0205653
0.345683
0.0206239
0.0199129
0.0122041
0.0266384
0.0205914
0.0210593
0.0211647
0.0210958
0.0203572
0.0203214
0.0205187
0.0202678
0.0207623
0.328204
0.0199986
0.589186
0.0233639
0.0212722
0.0206927
0.0212442
0.0209366
0.020897
0.0202366
0.698324
0.0226613
0.499299
0.0167218
0.859538
0.020494
0.0365198
0.0208227
0.0219807
0.189744
0.0206362
0.0227764
0.0208697
0.0202
0.0204907
0.0207824
0.672073
0.0336823
0.0236374
0.0205094
0.0207658
0.0205875
0.605887
0.020593
0.0212452
0.0236986
0.0290043
0.0535542
0.0204929
0.0204832
0.0208295
0.0415198
0.270345
0.0205031
0.0249347
0.0203059
0.0198333
0.623212
0.0205995
0.0208071
0.0236162
0.588075
0.0203885
0.0583651
0.0215461
0.02145
0.0210238
0.0211709
0.0207875
0.405325
0.519878
0.120085
0.0213817
0.0866028
0.019682
0.0217561
0.0205363
0.0215036
0.541512
0.0200831
0.334773
0.0232227
0.0217945
0.0205955
0.574232
0.34033
0.0266247
0.0210904
0.0212011
0.0241434
0.0209208
0.0199029
0.0199521
0.309885
0.490137
0.0196412
0.0321238
0.0212874
0.0234585
0.505645
0.0203123
0.571577
0.0243327
0.0210282
0.303714
0.551746
0.0211141
0.703147
0.0205951
0.0198315
0.0218547
0.37361
0.0212601
0.0241777
0.0206091
0.132773
0.0681946
0.0224073
0.020708
0.308028
0.593138
0.0201303
0.0198715
0.0204333
0.0211995
0.0212072
0.0196463
0.0214583
0.0199863
0.373117
0.0208541
0.557905
0.0209236
0.021463
0.680266
0.0210405
0.0200601
0.593788
0.0207171
0.0205786
0.0208847
0.0200232
0.0229648
0.0206062
0.0197418
0.361101
0.0199543
0.0242116
0.0209524
0.0175667
0.0201887
0.0205521
0.495205
0.0199923
0.0205779
0.433509
0.32491
0.0207001
0.0210843
0.605152
0.0208289
0.0207798
0.020497
0.0256905
0.0209338
0.0206359
0.026746
0.0212582
0.022177
0.021027
0.0205612
0.0206642
0.0206003
0.0205148
0.105235
0.332663
0.0262526
0.0206448
0.0205318
0.0210179
0.671422
0.937004
0.0244541
0.143856
0.022719
0.0199125
0.0196945
0.313076
0.270844
0.0209004
0.0200453
0.433112
0.313956
0.0257609
0.0213172
0.0198331
0.0207167
0.296096
0.0211895
0.0252844
0.2414
0.0205679
0.428659
0.0216785
0.0212363
0.0204407
0.0169106
0.02069
0.0342446
0.0210276
0.0307993
0.0206752
0.0214078
0.0211313
0.0204093
0.0275274
0.0209402
0.0207268
0.0205883
0.298774
0.0200129
0.0205724
0.0212748
0.332973
1.50038
0.020405
0.0411527
0.020478
0.0201254
0.020582
0.0278534
0.0250622
0.0207492
0.0203834
0.0209665
0.340485
0.0205753
0.312917
0.0200176
0.0222261
0.021107
0.0205758
0.019899
0.0203887
0.0217822
1.39692
0.0217454
0.0207694
0.0208533
0.394527
0.0209503
0.0206086
0.0226007
0.021765
0.0210373
0.0207621
0.397509
0.0225947
0.0243286
0.0230192
0.0233964
0.0201463
0.0210828
0.0205747
0.0209342
0.021632
0.388466
0.0208647
0.0209969
0.0208074
0.0237633
0.0334694
0.0241081
0.63096
0.0240396
0.0204446
0.0243116
3.01112
0.437618
1.26204
0.0212087
0.0206214
0.0210639
0.0167585
0.0207738
0.18006
0.0849926
0.0206483
0.547211
0.020441
0.0211408
0.020803
0.0205478
0.306192
0.0207608
0.0206641
0.0297403
0.766251
0.0260339
0.705523
0.0204892
0.508035
0.564686
0.590774
0.021614
0.0201011
0.705643
0.0197194
0.0223632
0.0216549
0.657267
0.0204758
0.0246683
0.020724
0.0214512
0.0205644
0.0200639
0.020754
2.2422
0.342716
0.0209905
0.597568
0.0213219
0.0204704
0.0246877
0.570018
0.0210034
0.026476
0.73271
0.0230609
0.0210089
0.0207329
0.0217133
0.0214961
0.453064
0.0206784
0.0240419
0.021017
0.0206736
0.0207068
0.025652
0.0200139
0.0208279
0.0272784
0.0208216
0.0198343
0.0213753
0.022834
0.0264998
0.108181
0.0210142
0.808665
0.0212756
0.0206965
0.0216885
0.0261578
0.0732264
0.0205056
0.0206774
0.0207387
0.0208162
0.807053
0.344673
0.605811
0.0210945
0.0200893
0.0216492
0.0200085
0.0234881
0.0207434
0.644348
0.860569
0.0258132
0.0207768
0.0283256
0.506741
0.0208933
0.55935
0.020014
0.399922
0.317549
0.0206898
0.148375
0.0209388
0.0281678
0.0207752
0.990628
0.0260288
0.327661
0.0209021
0.0209657
0.0210884
0.022056
0.0206924
0.400956
0.0205591
0.669928
0.529578
0.0303742
0.0314448
0.020004
0.020457
0.0206965
0.020231
0.0210951
0.0211336
0.0264697
0.0219569
0.310226
0.0209644
0.0209264
0.021039
0.024598
0.0210962
0.930816
0.0206968
0.0210681
0.0207395
0.0211498
0.021046
0.0208864
0.290488
0.332331
0.0244602
0.0207405
0.0233995
0.019683
0.370749
0.0211541
0.0204572
0.416892
0.0208929
0.0213609
0.0231788
0.0213993
0.0211153
0.0207865
0.0237986
0.0208276
0.0212676
0.624421
0.0210596
0.0273101
0.0204976
0.0192577
0.0246916
0.0207157
0.275981
0.020932
0.0224681
0.0255869
0.0207612
0.021958
0.0199875
0.021282
0.5766
0.0203243
0.0210234
0.755494
0.021423
0.0287177
0.0199
0.326224
0.0202049
0.196712
0.02091
0.0230948
0.0210614
0.0844501
0.0207189
0.0202488
0.0207014
0.0213811
0.0203191
0.0206707
0.0205476
0.341765
0.0209341
0.0211939
0.0205974
0.0205177
0.0207868
0.0207818
0.0207811
0.387929
0.0216175
0.0210064
0.0206229
0.0210432
0.0206128
0.0204637
0.0205719
0.137615
0.0226055
0.019914
0.0177571
0.0207816
0.0210978
0.345275
0.0253242
0.0210104
0.0205742
0.0210001
0.0208341
0.0208591
0.0201606
0.343856
0.648809
0.0206924
0.0198981
0.0205346
0.0206923
0.020873
0.0207457
0.0208831
1.5226
0.0208169
0.020683
1.38607
0.315885
0.0206461
0.0247935
0.0222172
0.876179
0.0393969
0.0204935
0.0217255
0.0220576
0.0213227
0.0210114
0.0210542
1.55801
0.516602
0.0284628
0.0258179
0.0327043
0.0258697
0.020949
0.867176
0.0211696
0.0347914
0.0206816
0.0240719
0.0306926
0.610688
0.020962
0.0210095
0.626083
0.042486
0.0223818
0.62097
0.0202023
0.177173
0.0203039
1.08164
0.0205526
0.0210589
0.021266
0.0210651
0.0203416
0.0225238
0.636878
0.180935
0.0204453
0.0235779
0.0212274
0.315654
0.0250476
0.0210864
0.021488
1.27577
0.708075
0.0210724
0.0216497
0.020369
0.0208677
0.0200518
0.0203379
0.298244
0.0210357
0.0350205
0.0460651
0.0226179
0.0208956
0.0207832
0.418662
0.0213432
0.0213643
0.0201224
0.0207794
0.0213316
0.0210853
0.319727
0.811096
0.0202316
0.303443
0.0263195
0.0207813
0.0202326
0.0213188
0.0202495
0.02214
0.305963
0.02259
0.0208422
0.67418
0.0210639
0.756355
0.0209538
0.0206334
0.0209366
0.0203255
0.0208778
0.50055
0.030092
0.0208968
0.0530163
0.0229181
0.0234209
0.601093
0.0212942
0.02105
0.0227825
0.02092
0.0212633
1.52417
0.15092
0.0207735
0.0200108
0.0221493
0.161417
0.0214832
0.0199829
0.0680951
0.0616352
0.0210857
0.0203969
2.31005
0.0217448
0.0205257
1.04667
0.873416
0.566517
0.0220086
0.438978
0.0225713
0.0227851
0.0222472
0.0205813
0.107272
0.0204708
0.0209008
0.0646372
0.0208664
0.0206777
0.0213604
0.0508559
0.0203559
0.0209593
0.0208316
0.0220103
0.0200316
0.0209122
0.0206891
0.624913
0.0216301
0.770993
0.0334427
0.0199102
0.0240938
0.0318542
0.0210414
0.020972
0.680196
0.0211473
0.0223175
0.0209172
0.0210939
0.073139
0.0199687
0.0207498
0.0208983
0.446582
0.020901
0.0281943
0.0201998
0.0208032
0.0200457
0.628625
0.021153
0.0207524
0.0206232
0.320394
0.0212956
1.2128
0.0211512
0.0208205
0.0227851
0.497813
0.0210018
0.600572
0.0227852
0.0199974
0.0213773
0.0249918
0.0199692
0.0208376
0.564404
0.0210645
0.0214487
0.332495
0.0201115
0.021127
0.0221628
0.027984
0.609542
0.0242939
0.704696
0.354456
0.0210639
0.311219
0.0441244
0.0401483
0.0212593
0.585768
0.0249265
0.0203217
0.414629
0.0209868
0.0233346
0.0210303
0.12628
0.396522
0.0143962
0.0204179
0.0126003
0.020361
0.0424557
0.0201621
0.020338
0.0212982
1.37645
0.0209064
0.0213407
0.0209181
0.0212025
0.021162
0.0212275
0.0197523
0.0209526
0.0219605
0.338968
0.0209821
0.0247613
0.0209187
0.0223612
0.73598
0.64246
0.0216032
0.703096
0.021772
0.0214158
0.0235508
0.0274839
0.029709
0.0210126
0.0219537
0.023095
1.44998
0.0210049
0.0209566
0.0209935
0.0227647
0.0206847
0.0261
0.641013
0.0214901
0.0220523
0.0203414
0.0222372
0.0201443
0.0200055
0.0239043
0.0563365
0.0201552
0.0296644
0.0218368
0.0211596
0.025357
0.0210396
0.0213223
0.0204616
0.0201261
0.0199938
0.0199109
0.0230169
0.0218952
0.0204447
0.021904
0.0230695
0.0196568
0.0204392
0.0220323
0.0210408
0.0231557
0.0211644
0.0217586
0.0209592
0.0270708
0.0212037
0.0211619
0.854713
0.0237566
0.0209073
0.0239986
0.0209646
0.0202066
0.0208827
0.0206537
0.0216723
0.0212461
0.0235679
0.0214541
0.369356
0.021068
0.0205947
0.027625
0.0200939
0.0209788
0.053157
0.020911
0.828787
0.0209367
0.0202651
0.336589
0.0249251
0.123902
0.0208994
0.0209165
0.0207661
0.0260297
0.020109
0.0208684
0.212246
0.0285922
0.274949
0.43395
0.0212998
0.394673
0.277674
0.0460841
0.747548
0.0810687
0.792703
0.0235775
1.11846
0.20318
0.0200158
0.698638
0.02081
0.0208292
0.0201589
0.0210492
0.0209169
0.0209013
0.0225937
0.667912
0.0217618
0.0256177
0.345419
0.0209332
0.117009
0.0210699
0.02079
0.0199112
1.48803
0.0210736
0.0801119
0.169914
0.683582
0.237062
1.39475
0.0199876
0.0310974
0.0255174
0.0203555
0.0219075
0.0282128
0.0210983
0.0207555
0.0209745
0.0208874
0.022194
0.0207703
0.355859
0.0301493
0.0207307
0.0900657
0.0209055
0.0211312
0.0296215
0.67464
0.0223754
0.0210236
0.0987889
0.096299
0.020781
0.0924022
0.0211726
0.021357
0.0211695
0.0332478
0.0199073
0.0210557
0.0208541
0.0206797
0.0204806
0.022888
0.0209945
0.0212786
0.0228737
0.0213273
0.0891279
0.0208996
0.0211344
0.525797
0.0210264
0.0216307
0.35711
1.03707
0.0211696
0.0207178
0.0254204
0.021437
0.0211671
0.0212496
0.0205517
0.0210926
0.42425
0.0207439
0.0202089
0.0207
0.0209498
0.0202306
0.0298476
0.0329742
0.0237709
0.0195439
0.183367
0.0210917
0.0210841
0.0205785
0.0207317
0.12348
0.0202334
0.0206993
0.022823
0.0203143
0.022278
0.0254414
0.0204555
0.0222742
0.0271623
0.0210659
0.664948
0.0229158
0.586837
0.0239711
0.470724
0.0212868
0.021705
0.020291
0.0207956
0.0207304
0.950604
0.0212052
0.0202124
0.0200947
0.328963
0.0210097
0.0201334
0.0203299
0.021763
0.021251
0.021027
0.0253522
0.335672
0.390381
0.0220435
0.0253509
0.0209065
0.0281792
0.0362735
0.0201306
0.0224401
0.483525
0.0206858
0.0215077
0.0211085
0.0204315
0.342197
0.0229862
0.0219952
0.0289155
0.203237
0.0239911
0.0202341
0.0199747
0.0705953
0.0206843
0.0231993
0.0216503
0.0213068
0.023795
0.0218445
0.0225794
0.0210334
0.0205448
0.0326374
0.0221595
0.900316
0.0432147
0.0233797
0.0225167
0.021176
0.023334
0.0209551
0.0209951
0.0202496
0.0207568
0.393809
0.0227642
0.396974
0.0190446
0.0248228
0.0212804
1.21037
0.055013
1.36847
0.0200637
0.0213068
0.0220219
0.0216403
0.0232823
0.318899
0.0209948
0.0593363
0.0548815
1.36549
0.426673
0.020696
0.0214445
0.0263398
0.0219597
0.601391
0.28109
0.023019
0.377769
0.0213608
0.0207587
0.425237
0.0213114
0.0199159
0.0214775
0.0210202
1.3074
0.0211163
0.0208302
0.0236897
0.0220974
0.0210226
0.0212989
0.0211778
0.0211275
0.0213742
0.0264158
0.0203058
1.43922
0.0234038
0.997141
0.0220892
0.0211905
0.0233209
0.163147
0.0232974
0.050863
0.0209424
0.0211501
0.020127
0.0213674
0.02607
0.0209238
0.0211324
0.0213488
0.0235377
0.0204546
0.201104
0.0211339
0.0215905
0.0225889
0.0250499
0.0221356
0.0210558
0.0261415
0.0212026
0.021341
0.0210012
0.0212185
0.0215665
0.0235378
0.0209017
0.0210548
0.021334
0.930375
0.0216748
0.0217154
0.0211033
0.0218091
0.0260253
0.0211829
0.0351906
0.182012
0.0209023
0.054093
1.4065
0.0211571
0.0201753
0.020242
0.0222367
0.0214432
0.0289041
0.0214113
0.0217191
0.0277719
0.0203206
0.0206959
0.0213057
0.0233402
0.023359
0.0211424
0.024471
0.0210646
0.951079
0.02146
0.0302858
0.130547
0.0267189
0.0211052
0.0223692
0.0222903
0.0212812
0.0226118
0.0210991
0.0207581
0.0213804
0.021018
0.0207628
0.0210583
0.0209478
0.0222296
0.0274734
0.0204843
0.0211609
0.0203267
0.161368
0.0294589
0.021347
0.0201168
0.0208866
1.47395
0.0411791
0.0211347
0.375629
0.0212477
0.0205675
0.0205309
0.0208971
0.0213868
0.0212332
0.0210379
0.152694
0.0210201
0.020991
0.0215151
0.0208399
0.351683
0.319591
0.0209409
0.0237593
0.39519
0.0205747
0.0207241
0.0209978
0.661326
1.39062
0.320608
0.256855
0.0214519
0.0253515
0.368084
0.0213929
0.0330955
0.692858
0.0790317
0.0210437
0.0272237
0.0212328
0.0230272
0.505724
0.0212932
0.0233673
0.021066
0.0225401
0.0229658
0.624771
0.0225888
0.0203372
0.0208594
0.0201271
0.956392
0.020913
0.0219959
0.0215605
0.299877
0.0210204
0.206454
0.0171217
0.120044
0.329835
0.02386
0.548516
0.0205441
0.0209559
0.0213228
1.49426
0.0211338
0.0210098
0.0215987
0.0200426
0.0212492
0.02137
0.0217915
0.0207715
0.0213728
0.0212126
0.0206456
0.0204076
0.203084
0.0208275
0.0207275
0.0216822
0.321502
0.0213117
0.0294298
0.0215842
0.0230795
0.319601
0.0225209
0.020892
0.0212648
0.333575
0.0214157
0.826078
0.022405
0.0211664
0.0225954
0.0578863
0.0209532
0.0204969
0.0201861
0.0210024
1.36131
0.494783
0.0204076
0.0201931
0.0206471
0.0210127
0.0212734
0.0327682
0.0379043
0.0205218
0.022483
0.0213407
0.166437
1.50233
0.0227982
0.0204608
0.0255812
0.0561837
0.0210632
0.0228579
0.0209777
0.897763
0.020524
0.0292702
0.0210817
0.044308
0.0222013
0.0210749
0.0227287
0.0209136
0.0213719
0.0228273
0.0231964
0.0210517
0.0220061
0.0210284
0.0448074
0.0219324
0.0206527
0.0219434
0.0212735
0.0211201
0.0393058
0.0237752
0.0222414
0.0209325
0.0211271
0.0201252
0.021231
0.0209207
0.0210155
0.0212093
0.0208598
0.489449
0.0261993
0.0213297
0.0206594
0.0327586
1.40072
0.0283987
0.0202544
0.0210785
0.0223953
0.021079
0.0242079
0.0226002
0.0213451
0.0217635
0.0211413
0.321054
0.32176
0.222293
0.0214291
0.180595
0.0225412
0.020863
0.0209061
0.0201103
0.0343674
0.0210847
0.0199313
0.0206422
0.612616
0.38174
0.021708
0.0199178
0.0213995
0.021983
0.0210681
0.394867
0.0208873
0.0209552
0.0220865
0.021076
0.0212749
0.0321981
0.265453
0.0234716
0.0212199
0.0530488
0.0210743
0.0212772
0.0213302
0.387913
0.021074
0.0211335
0.0212531
0.0214067
0.0631049
0.242432
0.0246337
0.0282856
0.0209127
0.0207519
0.0247913
0.0210758
0.0203977
0.0296038
0.0199886
0.0214954
0.020731
0.021086
0.423033
0.0354827
0.0238111
0.0209546
0.0265247
0.0577916
0.0215504
1.27428
0.0215802
0.0209775
0.0203735
0.0202561
0.0201678
0.0215064
0.0131391
0.0213651
0.0229552
0.021057
0.0210613
0.0218577
0.02103
0.0269721
0.0208315
0.0200709
0.0210253
0.0213539
0.414523
0.0205393
0.0212586
0.0328677
0.0238208
0.0200164
0.0308937
0.0749059
0.0231909
0.341054
0.0476753
0.0212093
0.0208007
0.0299802
0.0211701
0.0397836
0.0285658
0.0211474
0.0212915
0.0208227
0.0206458
0.0210219
0.0483606
0.0214317
0.020652
0.0219434
0.0215277
0.0213346
0.0206933
0.320594
0.0272677
0.0203404
0.021202
0.0212627
0.0218432
0.321304
0.0543967
0.0200192
0.665368
0.0437455
0.151428
0.0198928
0.0205308
0.0565572
0.099173
0.0208388
0.0213715
0.0211847
0.02027
0.0200142
0.0200007
0.0207267
0.0214684
0.0283142
0.020879
0.0201122
0.021093
0.0233774
0.0214458
0.0209099
0.0234205
0.0200721
0.570796
0.0242162
0.0212423
0.408971
1.46715
0.27091
0.020431
0.0202481
0.0210581
0.182002
0.0233475
0.0212338
0.0212582
0.020937
0.0211865
0.0880878
0.0212138
0.0232964
0.0212207
0.02
0.0270086
0.0831369
0.0214379
0.0246465
0.0212719
0.0210603
0.283933
0.684801
0.0209033
0.0205263
0.0231164
0.0269048
0.0234916
0.0204255
0.0273002
0.0305921
0.0283264
0.0209586
0.0211676
0.0209134
0.0207387
0.0224922
0.0208881
0.0227894
0.0280028
0.0217438
0.0391497
0.0251412
0.0211829
0.0213359
0.062578
0.53441
0.204172
0.0987812
0.020001
0.0349021
0.021298
0.0203678
0.0216926
0.0215707
0.0214903
0.0492678
0.495648
1.38972
1.4155
0.0212435
0.0421401
0.020121
0.0203047
0.0216577
0.0227726
0.315849
0.0209277
0.0230453
0.0233728
0.0489445
1.28484
0.0209861
0.0212704
0.252231
1.48358
0.0208119
0.395469
0.317805
0.0211435
0.0214683
0.0199885
0.0214535
0.0212953
0.0250229
0.0632984
0.0212808
0.0201324
0.173692
0.150651
0.0205647
0.0493039
1.4048
0.0414275
0.393201
1.00058
0.0216732
0.021053
0.0240068
0.0211101
0.0212607
0.0201383
0.0208009
1.28076
0.0238275
0.0231276
0.287777
0.0220391
0.0275959
0.021147
0.0165631
1.20294
0.0199514
0.0376354
0.215462
0.0368853
0.0212822
0.0219251
0.0220175
0.0200161
0.0204361
0.657579
0.0226668
0.0209738
0.0268454
0.0252871
0.021421
0.0797534
0.0224353
0.0217613
0.845172
0.0205254
1.40763
0.0213368
0.0254981
0.0423178
0.0226357
0.305149
0.0213072
0.0230906
0.0211538
1.20037
0.0235191
0.0251208
0.0201277
0.0616884
0.940985
2.37833
0.0206127
0.0227958
0.0250232
0.0207517
0.0203277
0.0228083
0.0396466
0.0203175
0.620634
0.022025
0.0212015
0.0212195
0.0216834
0.0233526
0.41581
0.13125
0.0238086
0.0214413
0.0212236
0.645352
0.0204261
0.021035
0.570956
0.0564736
0.0215647
0.0207847
0.0211577
0.265271
0.787329
0.024515
0.0213769
0.0457291
0.0203208
0.0273136
0.0213349
0.0202558
0.0631085
1.43751
0.025712
0.0216186
0.91279
0.0270334
0.0224029
0.0213585
0.340961
0.0219984
0.0210379
0.258851
0.0264551
0.173725
0.0360354
0.02133
0.100263
0.0260403
0.0246917
0.0205072
0.079341
0.026163
0.0209547
1.67733
0.0213506
0.0212764
2.31727
0.0209844
0.0319241
0.0206285
0.0273824
0.0204839
0.0209654
1.8343
0.0330583
0.0201241
0.68093
0.0208677
0.02088
0.542842
0.0319484
0.0337685
0.831961
0.0261363
1.19767
0.0213385
1.55386
0.0237695
0.0206041
0.0265465
0.0257506
0.0202696
0.021309
0.0200507
0.0213213
0.0213897
0.020134
0.727151
0.0222643
1.10587
0.021399
0.390703
0.0213145
0.811579
0.0207671
0.0208496
0.0213101
0.0213308
0.5088
2.87134
0.020316
0.0214822
0.334491
0.0702568
0.0218426
0.0203734
0.0205409
0.210632
0.429799
0.409955
0.0242529
0.0202933
0.0202448
0.0215009
0.0217289
0.0213466
0.0219201
0.24752
0.0228725
0.27757
0.0213668
0.0201684
0.0263627
1.15612
0.0206754
0.0220077
0.019659
0.0223817
0.0213498
0.0216521
0.0213838
0.0223343
0.0213483
0.248308
0.0279837
0.0209456
0.0213499
0.021413
0.0214206
0.0546778
0.0292367
0.0418163
0.020385
0.021355
0.0210606
0.0584243
0.346448
0.0511418
0.0216324
0.0221714
0.514638
0.437377
0.0201505
0.148634
0.0427805
0.0213321
1.49581
0.0213079
0.0919518
0.0211598
0.0212859
0.531039
0.250448
0.0210916
0.0456327
0.261713
0.0201489
0.886168
0.0213257
1.3262
0.434044
0.0219561
0.0775388
0.10367
0.0211468
0.0235112
0.0217907
0.0213126
0.0199874
0.0506616
0.131722
0.0214214
0.0204236
0.021257
0.0226403
0.0508585
0.0213218
0.321199
0.114605
0.0722828
0.0276793
0.02134
0.0207625
0.0208457
0.0227763
0.0220461
0.0268485
0.0221075
0.239314
0.0271919
0.0221271
0.92423
1.75319
0.0317621
0.0205571
0.0250481
0.0260062
0.284939
1.68044
0.0209094
0.0207642
0.375509
0.0204075
0.0281643
0.0205402
0.0205913
0.0398833
0.0277453
0.0361795
0.179211
0.113998
0.330063
0.0358565
0.0554782
0.0430818
0.593395
0.0210918
0.211442
0.312735
0.0566759
0.02186
0.0223502
0.0210776
0.0204113
0.0224902
0.0226898
0.0222864
0.0336945
0.308295
0.0263183
0.0219022
0.0215908
0.0572145
0.0264564
0.0412347
0.020927
0.0212836
1.46233
0.289031
1.62938
0.0195328
0.0195321
0.0214972
0.0378302
0.297742
0.0200792
0.0280636
0.0213037
0.0499028
0.0212058
0.0371375
0.0210765
0.0205275
0.166729
0.0205488
0.0204252
0.0212924
0.0461651
0.0225892
0.0216785
0.0205321
0.0215411
0.0231997
0.0260944
0.0206763
0.0283563
0.0249814
0.0222698
0.0457572
0.0248997
0.0205811
0.0288181
0.0239432
0.569329
0.0221734
0.0218863
0.0205568
0.063087
0.0201734
0.807417
0.0202135
1.69515
0.020331
0.0248977
0.020171
0.0226683
0.0200197
0.0316706
0.0220111
0.020984
0.022272
0.0204111
0.0213428
0.492095
0.020479
0.02587
0.0249449
0.0208974
0.0205414
0.0220412
0.0253288
0.133289
0.0209464
0.0225535
0.020118
0.0315785
0.0215729
0.0229913
0.0207982
0.0212835
0.031489
0.0262742
0.0243311
0.0714531
0.0264617
0.0226566
0.0207922
0.0228399
0.318615
0.0204128
0.021203
0.0253248
0.0203584
0.0978903
0.0177504
0.0198488
0.0258252
0.0232795
0.0213123
0.0208601
0.0204851
0.157736
0.0206888
0.0212671
0.0216725
0.0215858
0.0203469
0.0218933
0.0198393
0.0212968
0.0205228
1.24442
1.48352
0.0210653
0.0462174
1.58728
0.0255083
0.0909073
0.0212676
0.0210394
0.0214276
0.096519
0.0209169
0.0216205
0.0250896
0.0205416
1.76997
1.37436
0.0202391
0.0211988
1.58471
0.0206118
0.0212498
0.0265286
0.0210511
0.0270413
0.0348391
1.80287
0.0203845
0.0211826
0.0210369
0.780901
0.0216182
0.0206758
0.0205468
0.0205359
0.0224889
0.0210934
0.0215298
0.0199418
0.0257457
0.66861
0.0367719
0.0213406
0.0209948
0.321273
0.0201178
0.0208975
0.913415
1.35532
0.0315145
0.925198
0.0218428
0.0204938
0.0201617
0.0722505
0.0202559
0.0255364
0.0219728
0.0228404
0.0210679
0.70957
0.020692
0.0220433
0.0211857
0.0206704
0.0221085
0.0206087
0.0210656
0.016357
0.0544797
0.0210955
0.0305429
0.0896572
0.0236669
0.467505
0.0265509
0.364828
0.0343882
0.0268356
0.0212272
0.55551
0.0204909
0.0212357
0.0206331
0.321463
0.0212564
0.0206914
0.025179
0.0207305
0.32152
0.0205597
1.3642
0.0204253
0.0243283
0.0205755
0.0242488
0.0214325
0.0296906
0.0225215
0.122454
0.0228289
0.0228135
0.0210294
0.0210543
2.90545
0.0211037
0.0241793
0.0212508
0.493695
0.0206532
0.286603
0.0403851
0.0642242
0.0200372
0.0214677
0.0202491
1.69836
0.0240343
0.0202707
0.0231494
0.0207724
0.0210736
0.021495
0.0212014
0.0210467
0.0216205
0.342739
0.023707
0.929763
0.210245
0.296616
0.0210465
0.0203316
0.0230352
0.0207423
0.0213442
0.0212376
0.454003
0.146166
0.0210072
0.0225429
0.0210411
0.581602
0.0218212
1.37028
0.0204621
0.0220597
1.67143
0.0210519
0.020747
0.0581849
0.0204248
0.0207271
0.0235812
0.0203424
0.0780605
0.245385
0.0625948
0.021731
0.0371017
1.539
0.0218066
0.0201912
0.0209526
0.022372
0.0213508
0.0222223
0.320523
0.390833
0.02061
0.0146698
0.0211004
0.0212904
0.021553
0.0230065
0.0202377
0.473444
0.022576
0.0603428
0.0216876
0.0204507
0.0214201
0.0165711
0.0206996
0.0225305
0.643716
0.020547
0.385763
0.0246692
0.023117
0.0213106
0.0205925
0.0210776
0.0213708
0.0206208
0.0207458
0.0244465
0.0211013
0.0227595
1.49201
0.366149
0.0211228
0.0204261
0.0206318
0.0213291
0.22887
0.0399984
0.0213678
0.0210706
0.0213497
0.0234016
0.0217789
0.023596
0.0206698
0.0348081
0.0213649
0.0380954
0.0211191
0.0211219
0.0222759
0.0206445
0.0206913
0.0233528
0.0346013
0.0208953
0.0212721
0.400116
0.196581
0.0205369
0.0213489
0.0203123
0.0232681
0.0207314
0.0222667
0.0302133
0.561707
0.0274129
0.0204908
0.10032
0.0233403
0.020884
0.564402
0.0209581
0.0687193
0.0207461
0.0208727
0.0220817
0.0208733
0.0201932
0.0213528
0.0206093
0.0224932
0.0213768
0.0206163
0.428309
0.423079
0.344508
0.0204334
0.0230777
0.0213691
0.0224305
0.956662
0.492201
0.0208312
0.101263
0.0213017
0.0210075
0.0208739
0.0211073
0.0206957
0.0213242
0.024075
0.0210098
0.0219138
0.321315
0.0206258
0.0245495
0.0214217
0.1121
0.126267
0.317955
0.118335
0.0202721
0.453516
0.0211244
0.0240582
0.133566
0.0211027
0.321375
0.020273
0.0205475
0.0218364
0.0789752
0.0226303
0.0224213
0.614553
0.0211033
0.456534
0.194846
0.052616
0.060229
0.0206202
0.158687
0.017934
0.0213062
0.0206729
0.0220882
0.0246761
0.0282024
0.0200441
0.0296317
0.0211896
0.0229607
0.0210958
0.0219854
0.0203411
0.0253732
0.020474
0.0209947
0.0934947
0.0254496
0.02091
0.0205243
0.458173
0.0214888
0.0220276
0.0216143
0.0207457
0.0211101
0.0213214
0.0213682
0.01425
0.0218443
0.0213132
0.021391
0.021032
0.0228036
0.0211238
0.317864
0.664756
0.022629
0.022253
0.0211279
0.0412552
0.118022
0.0201294
0.0211734
0.581876
0.0213717
0.022259
0.0208254
0.374187
0.0213753
0.0212347
0.0214622
0.0213903
0.0216809
0.0228573
0.0252562
0.481741
0.451746
0.972032
0.0828256
0.403779
0.0235926
0.0340552
0.0206274
0.0374342
0.0217194
0.0213986
0.0292466
0.0212866
0.0212354
0.0201786
0.0216471
0.0207426
0.023073
0.0204415
0.022205
0.0204647
0.0208615
0.0206912
0.0680532
0.0210082
0.0207678
0.0199592
0.0256307
0.0204831
0.0231383
0.0213822
0.028888
0.234142
0.0665527
0.0267441
0.0206268
0.0233966
0.020969
0.0210749
0.0235201
0.0216274
0.020719
0.0212569
0.0247132
0.0201734
0.0204174
0.0207136
0.113145
0.0212935
0.646908
0.0204623
0.622538
0.0201829
0.0207837
0.0199403
0.0206615
0.0208534
0.300043
0.0208573
1.41636
0.0205702
0.0201578
0.087216
0.021772
0.137323
0.0207796
0.020552
0.816218
0.571925
0.0277187
0.0210499
0.0213386
0.0201511
0.0203501
3.15858
0.0207539
0.0277348
0.0254906
0.0247535
0.0250053
0.0208235
0.0230402
0.685435
0.0229452
0.156459
0.0208534
0.704119
0.0204258
1.5616
0.0203835
0.305932
0.183243
1.19619
0.0226604
0.0206255
0.0213576
0.0533079
0.0205217
0.0273402
0.0201024
1.1451
0.693352
0.0739695
0.0397231
0.0221285
0.0196841
0.0212185
0.0201294
0.0476737
0.0205225
0.0399299
0.0345972
0.393454
0.118327
0.0216125
0.0210995
0.0201533
0.0427424
0.463412
0.0218236
0.0222028
0.0169345
0.0212656
0.0208319
0.0258003
0.0209381
0.0206261
0.623668
0.0220866
0.0206057
0.0711242
0.0212474
0.0206992
0.0343893
0.0255744
0.0244585
0.10684
0.0384066
0.647845
0.989393
0.0212368
0.0209308
1.23454
0.019563
0.0209332
0.0213656
0.0209377
0.0207116
0.0220117
0.0216569
0.0369504
0.0288996
0.0231487
0.248689
0.0210864
0.0383539
1.00723
0.0210073
0.047554
0.0237195
0.0209947
0.015626
0.0572928
0.020477
0.0256073
0.0231074
0.0211157
0.0203716
0.0824717
0.0212977
0.0208522
0.0198653
0.0198481
0.0241629
0.0223209
0.0210958
0.0217156
0.0213748
0.0201984
0.0205083
0.0613704
0.0217684
0.0210473
0.0211658
0.0211148
0.0209858
0.0212902
0.0247013
0.0208779
0.0249143
0.52038
0.590252
0.1533
0.0247568
0.035415
0.0208345
0.0249498
1.03024
0.0211619
0.0212378
2.10948
0.020888
0.0216646
0.0207136
0.844066
0.0198454
0.0207103
0.0210139
0.0203697
0.0255624
0.0210402
0.0968152
0.0209969
0.021223
0.0207253
0.0213316
0.0204503
0.0211379
0.0222752
0.0415561
0.0210963
0.0212503
0.02561
0.0213792
0.028509
0.020685
0.0199287
0.213723
0.0233885
0.0212631
0.0220724
0.0202555
0.0686514
0.0868028
0.0212707
0.0220667
0.0220157
0.021124
0.0205739
0.0228426
0.0230404
0.716217
0.268924
0.0195176
0.0250687
0.0216577
0.0218918
1.49125
0.02065
1.67808
0.0273588
0.0215781
0.0219657
0.0204668
0.0210361
0.0201811
0.52567
0.0210027
1.001
0.0211935
0.0208339
0.0219731
0.140161
0.100873
0.0208663
0.0244271
0.341575
0.280475
0.0223077
0.0206251
0.0209261
0.0198454
0.403282
0.0214113
0.0232404
0.0210849
0.0232316
0.0207359
1.4725
0.020911
0.0240887
0.408418
0.0206585
0.0212072
0.0198459
0.0223391
0.0205046
0.0203345
0.0237748
0.0213645
0.020575
0.0208565
0.0287395
0.0275513
0.0204315
0.0198498
0.0218346
1.44214
0.020673
0.768226
0.0724972
0.548706
0.0640326
0.0206278
0.0212281
0.252294
0.0213542
0.0230663
0.0217183
0.0225837
0.602782
0.0208861
0.0208722
0.021352
0.333972
0.0687934
0.0211543
0.025462
0.158651
0.0224717
0.0211424
0.0242177
0.0206299
0.0211137
0.0239863
0.0213272
0.021199
0.0475264
0.0213385
0.0285088
0.023654
0.0210941
0.0239929
0.773901
0.0329862
0.0206821
0.0231503
0.0205432
0.355511
0.0220083
0.403311
0.784608
0.0202843
0.0214324
0.022165
0.0400837
0.0307587
0.0218092
0.0218274
0.0210013
0.738237
0.359638
0.0214155
0.0198343
0.0307791
0.144844
1.11157
0.0210095
0.803936
0.0277748
0.0208745
0.944836
0.0233124
0.326487
0.0208662
0.58951
0.0199016
0.0211406
0.0210436
0.0211228
0.162958
0.0202829
0.0660152
0.838688
0.0207057
0.0208491
0.0246256
0.0215413
0.021066
0.0205833
0.0212317
0.0217975
0.0846831
0.0205816
0.0279953
0.0201576
0.0203211
0.0208975
0.0252443
0.0231664
0.0218456
0.0209891
0.0209652
0.0205089
1.12257
0.0212085
0.0200204
0.0299995
0.0209027
0.0382335
0.0209158
0.0211405
0.0210877
0.0198798
0.023319
0.0198039
0.0234173
0.0226124
0.0202709
0.0314186
0.0216928
0.0224342
0.0211625
0.0219831
0.0247096
0.0237225
0.0594651
0.0212092
0.0460053
0.0228417
0.0202821
0.0230307
0.0250097
0.136981
0.0267814
0.0202469
0.0285233
0.117291
0.0258491
0.316882
0.0202344
0.0199653
0.0210579
0.0217978
0.0204324
0.020552
0.0252615
0.0717852
0.0226383
0.0219416
0.0225967
0.0214
0.0217165
0.0216851
0.0318649
0.0213348
0.0207658
0.0195427
0.114017
0.157848
0.583202
0.637491
0.0211374
0.0210303
0.0208578
0.020322
0.0212561
0.867781
0.0214022
0.0206179
0.0202448
0.0208331
0.0261458
0.0220666
0.0233461
0.0226586
0.0210876
0.0214771
0.047681
0.108946
0.0669363
0.019965
1.3035
0.021134
0.0208345
0.0257878
0.0217203
0.020346
0.021811
0.747285
0.0211256
0.0206712
0.580486
0.0239762
0.0776191
0.0247585
0.0211882
0.436877
0.0206129
0.0997932
0.0269928
0.0637107
0.0211693
0.0205844
0.0247369
0.0205889
0.020902
0.0200117
0.0215699
0.02059
0.675172
0.0234664
0.506841
0.0227438
0.651374
0.0215306
0.254333
1.79163
1.34205
0.02084
0.0217458
0.0206035
0.0203892
0.634261
0.021512
0.0219643
0.0253161
0.253085
0.0637984
0.0204742
0.020515
0.0214153
0.0243494
0.0221172
0.0220761
0.0308283
0.0199972
0.0208533
0.0310819
0.0233792
0.0209924
0.0201661
0.0208399
0.0200528
0.40961
0.0778215
0.021223
0.0204595
0.0214838
0.020413
0.0227593
0.0201777
0.0221843
0.0218699
1.36704
0.0209076
0.0209613
0.0211536
0.572864
0.0429539
0.0205979
0.0262649
0.614061
0.0232775
0.021046
0.0208599
0.0212615
0.0300541
0.120491
0.023077
0.188396
0.0208013
0.0198408
0.0205929
0.899046
0.0212071
0.0287409
1.44523
0.0211693
0.0204977
0.0214303
0.0197957
0.0389585
0.0212969
0.0313419
0.0218233
0.629439
0.0730697
0.0204083
0.0208558
0.0212731
1.71917
1.64561
0.0210802
0.0215627
0.817048
0.020219
0.0207714
0.0206269
0.0208822
0.0830353
0.0195627
0.644609
0.682525
0.0220134
0.0243868
0.0233884
0.0211982
0.0208517
0.922211
0.544839
0.0246306
0.0214704
0.0209419
2.06999
0.899738
0.0202446
0.463661
0.848169
0.0201567
0.0214117
0.0203106
0.0203401
0.0222264
0.205374
0.599096
0.0218962
0.0204424
0.021599
0.0209912
0.0202802
0.465718
0.0223903
0.0200904
0.0232462
0.0207258
0.0215563
0.0231292
0.0212395
0.0223352
0.0206166
0.0207006
0.0223782
0.0208493
0.0210693
0.749772
0.0215183
0.0242364
0.0208786
0.0212149
0.0200302
0.0282085
0.0222037
0.319781
0.635203
1.52248
0.0213737
0.0204082
0.726795
0.0216887
0.0202046
0.0231838
0.0232868
0.0238359
0.0203349
0.0203466
0.0212316
0.0205067
0.0212573
0.0213156
0.0203033
0.0250838
0.0236963
0.0215929
0.605784
0.0260624
0.0226153
0.177228
0.210278
0.0211262
0.0206432
0.0721182
0.292837
0.0294127
0.0228374
0.0212342
0.0213196
0.0212161
0.0211983
0.0209656
0.824049
0.0213861
0.373949
0.0227379
0.0223569
0.22916
0.0318224
0.933897
0.0215814
0.0488352
0.621319
0.0211426
0.0257765
0.340245
0.0195722
0.554879
0.304779
0.0211536
0.0204514
0.0204368
0.0212215
0.0205565
0.0202285
0.0212334
0.0236627
0.623796
0.268963
0.0211295
0.0202923
0.0222352
0.0213481
0.36894
1.06146
0.389484
0.0203162
0.0211752
0.0222162
0.0208492
0.0243376
0.0203621
0.0205343
0.0255084
1.56408
0.0212644
0.0212831
0.4229
0.63185
0.0206821
0.0222024
0.981595
0.283052
0.0211175
0.0219226
0.0285236
0.0502781
0.0218882
1.35962
0.0213635
0.0200987
0.0241265
0.0205111
1.50339
1.18917
0.0214987
0.652223
0.0207098
0.0231436
0.0211975
0.021353
0.374244
0.102292
0.0250868
0.021204
0.0209667
1.87338
0.0757546
0.020344
0.0233342
0.0212699
0.0212491
0.0211975
0.0267351
0.0321549
0.0211239
0.0220143
0.0206091
1.5129
0.0213018
0.0219683
0.0269634
0.0225955
0.0212484
0.0197032
0.0215732
0.0212965
0.0244561
0.27398
0.0204537
0.031153
0.0205386
0.0322915
0.0217717
0.0211219
0.597122
0.580527
0.0214129
0.280916
0.0211959
0.0278808
0.0211785
0.0214019
0.0213259
0.0195471
0.0214234
0.0213948
0.0209421
0.0208816
0.0204404
0.0204903
0.0206814
0.654651
0.0213709
0.0252402
0.0213218
0.0215138
0.0202378
0.0211599
0.02124
0.02107
1.48482
0.411816
0.0207536
0.807439
0.0215592
0.247835
0.0337023
0.0203536
0.646145
0.308964
0.0211635
0.0212943
0.0221252
0.0224464
0.0239934
0.69732
0.0212032
0.0204463
0.0212459
0.0938672
0.0215004
0.136794
0.0218941
0.0219655
0.0302474
0.0212106
0.0203863
0.0219132
0.0208484
0.0223315
0.659545
0.024732
0.0209648
0.0211034
0.0496159
0.0208314
0.875663
0.0208057
0.0213339
0.665545
0.0195601
0.0204703
0.15791
0.0204345
0.0229452
0.0213044
0.021138
1.61356
0.0207775
0.0205295
0.0219968
0.0202056
0.0205747
0.0260736
0.0202653
0.049211
0.0211235
0.0195858
0.0206698
0.0222408
0.0230379
0.0489596
0.628161
0.0213059
0.0309116
0.264096
0.0225434
0.336435
0.0212499
3.12986
0.0211076
0.0211882
0.0228501
0.920161
0.0213953
0.0223016
0.0226376
0.0690641
0.0214374
0.0218173
0.0219368
0.0221996
0.0215115
0.0218927
0.046602
0.03168
0.022636
0.0222762
0.0214159
0.0212621
1.96702
0.0212551
0.899709
0.021108
0.0221072
0.0209802
0.0817853
0.283663
0.0714451
0.0213789
0.0221789
0.0219556
2.25059
0.374841
0.273927
2.18997
0.0208481
0.869258
0.0203469
0.0224251
0.0211862
0.0727
0.0208897
0.0244896
0.0203879
0.0209641
0.0212452
0.0214327
0.0211543
0.108736
0.0210048
0.0211398
0.0211402
0.363256
0.322552
0.0203118
0.0201608
0.401605
0.0951996
0.0209006
0.0254831
0.0244712
0.878589
0.0212445
0.02188
0.0212893
0.0213033
0.0212458
0.022081
0.0222842
0.0254359
0.0359276
0.0220122
0.0212519
0.0538053
0.021935
0.0206933
0.0222486
0.0344005
0.0211371
0.311834
0.0221338
0.0831911
0.0212515
0.0211408
0.0201426
0.0213757
0.0212305
0.0202122
0.0303916
0.0206923
0.0210865
0.0216309
0.118289
0.0213124
0.0213719
0.0249525
0.0248701
0.0223631
0.0213298
0.623066
0.0232566
0.0213169
0.500783
0.0211941
0.0212169
0.025492
0.0214565
0.407038
0.0209687
0.0220943
0.05813
0.0217021
0.0211785
0.0228289
0.0215441
0.0208933
0.0211938
0.411831
0.0211593
0.0214584
0.0206788
0.94368
0.0224318
0.0204109
0.0208686
0.0260463
0.0226195
0.020668
0.020982
0.021023
0.0206804
0.0207171
0.582599
0.0211691
0.0204391
0.307816
1.50178
0.0208081
0.0220026
0.0207648
0.261701
2.1486
2.20756
0.0207066
0.0208135
0.0212674
0.020809
1.05893
0.0218338
0.0208759
0.0212467
0.0211955
0.0211536
0.0213302
0.412262
0.0602374
0.0210327
0.0212421
0.0211169
0.0213032
0.0204793
0.0220228
0.112141
0.0206755
0.39549
0.0198521
0.0223393
0.0212511
0.021254
0.0206896
1.70252
0.0203748
0.0204249
0.0196115
0.021259
1.41236
0.0304545
0.025448
0.0209039
0.345233
0.833797
0.0214467
0.268795
0.0208513
0.372815
0.0231412
0.0222052
0.0215808
0.0208498
0.023088
0.0195507
0.0245586
0.0288984
0.925766
0.0207162
0.0509069
0.0212373
0.0599222
0.0231018
0.0204442
0.766323
1.71258
0.202109
0.0356244
0.0267898
0.0212324
1.27787
0.0213333
0.0214799
0.0212279
0.0218179
0.0210832
0.0294836
0.0198599
0.0218172
0.0211505
0.0214491
0.688642
0.0214806
0.0220473
0.891518
0.0211599
0.0221585
0.748082
0.0212766
0.0220668
0.0270965
0.0208542
0.0207858
0.0961393
0.0214898
0.0221488
0.833219
0.0236494
0.0210911
0.621884
0.0209738
2.13038
0.0215248
0.100471
0.369067
0.0211325
0.413123
0.021225
0.0215056
0.0212378
0.0195511
0.0243293
0.0210354
0.0216579
0.0203608
0.0199136
0.0199119
0.776217
1.19805
0.0221827
0.0224534
0.0210756
0.0226241
0.0196776
0.302223
0.0212693
0.371086
0.292602
0.021431
0.0212962
0.0217818
0.0229863
0.0205263
0.0218529
0.0210839
0.0209571
0.0207392
0.0386815
0.0207206
0.0219702
0.0219661
0.021068
0.0212262
0.623065
0.0286762
0.821948
0.0214212
0.779358
0.0502816
0.0214247
0.629502
0.0219894
0.0635199
0.75355
0.140903
0.0215713
0.0328483
0.0211318
0.0213578
0.0211518
0.0214755
0.0212501
0.0209817
0.0214047
1.66586
2.21413
0.430966
0.0219551
0.0213909
0.0217698
0.0204803
0.0213831
0.0226656
0.0204494
0.0217049
0.0219355
0.0204852
0.684939
0.0212197
0.0277857
0.0215597
0.0222596
0.0219152
0.0203971
1.53279
0.0439025
0.0215154
0.459119
0.0200342
0.815332
0.0211794
0.0221985
0.0214495
0.021249
0.0241561
0.0213252
0.0433365
0.021521
0.0212363
0.348236
0.0211996
0.022585
0.363025
1.36599
0.0217646
0.0212326
0.0204038
0.108393
0.0524723
0.0212762
0.0318598
0.0212378
0.0215419
0.0730208
0.0211979
0.160361
0.021034
0.247557
0.021285
0.282983
0.0195681
0.0223947
0.412473
0.0215676
0.623236
0.0244709
0.0284994
0.0392352
0.478569
0.0302725
0.0198941
0.0210811
0.0214237
0.0211514
0.0212472
0.0201431
0.190127
0.0208668
0.0208907
0.187689
0.0215268
0.0208469
1.13308
0.0201679
0.0217323
0.0208573
0.0213228
0.586268
0.0223475
0.0205415
1.41699
0.653626
0.019756
0.0213849
0.0208867
0.0289407
0.0217052
0.630073
0.0215121
0.0205925
0.0214788
0.0675639
0.0207468
0.0211884
0.0513394
0.0220964
0.0324758
0.0211814
0.0217715
0.0212701
0.02348
0.159583
0.027006
0.0204464
0.026235
0.0208848
0.0203228
0.0214976
0.0213105
0.0203583
0.0219518
0.0218379
0.774985
1.58274
0.0212703
0.241012
0.078954
0.0214472
0.0212482
0.0214111
0.772759
0.0245729
0.0242985
0.398971
0.0338425
0.0226548
0.434741
0.0212942
0.0219926
0.021492
0.0206232
0.605568
0.0218256
1.51704
0.0243666
0.02205
0.679423
0.0377714
0.0221192
0.863228
0.0213778
0.0211777
0.0212805
0.789423
0.0212598
0.0212993
0.0208785
0.02202
0.0214273
0.0430701
0.020394
0.247749
0.0238268
0.0916264
0.0219082
0.608952
0.0213636
0.60578
0.0212708
0.0213626
1.88162
0.021744
0.0199745
0.079078
0.0222637
0.0301404
0.0214527
0.0212029
0.190918
0.385486
0.0212982
0.065331
0.0195982
0.0218639
0.020564
0.0802724
0.763355
0.0215595
0.0214753
0.0222853
0.338998
0.0213155
0.0214914
0.0322205
0.0309197
0.0210968
0.0212325
0.0213299
0.282563
0.0212286
0.0212493
0.0197942
0.0212807
0.0212355
0.0654705
0.0213659
0.0392664
0.0209874
0.0358127
0.252425
0.0228065
0.0415737
0.0207697
0.0212241
0.0210057
0.0210749
0.0224425
0.0214384
0.0214921
0.360412
0.324337
0.0211241
0.516034
0.0208163
0.0715833
0.0234673
0.0222066
0.310121
0.0211984
0.0213844
0.021324
0.0202297
0.0264023
1.93339
0.0219656
1.41773
1.51166
0.119123
0.0212111
0.021545
0.02326
0.0686165
0.253662
0.0214245
0.0225735
0.0277524
0.0225998
0.746942
0.0263789
0.0196358
0.0213696
0.0213175
0.0205616
0.024779
3.22463
0.0217455
0.0212791
0.0209006
0.0212806
0.282413
0.0479016
0.0203987
0.0274908
1.70906
0.0202998
0.0212838
0.0220387
0.021277
0.0346504
0.021261
0.0300671
0.0807831
0.0216822
0.0222367
0.0232316
0.621062
0.0219553
0.0215774
0.639061
1.44908
0.247509
0.0212898
0.0203096
0.954589
0.0207586
0.0207829
0.236931
0.370387
0.0216538
0.0219265
0.021273
0.0213018
0.418594
0.0202957
0.0221623
0.0202845
0.0204682
1.56804
0.0207342
0.861743
0.414778
0.0212174
0.0530958
0.0207458
0.243668
0.0203879
0.0219404
0.0213261
0.0201816
0.0212398
0.799957
0.0616002
0.41042
0.0225525
0.0213249
0.0219575
0.0212973
0.207504
0.243609
0.0212396
0.446331
0.651036
0.498174
0.0997499
0.0232806
0.0213147
0.0204492
0.10243
0.0325537
1.55839
0.518724
0.0212835
0.347786
0.501079
0.0209695
0.0210761
0.0209789
0.021263
0.270839
0.428173
0.0209993
0.0209524
0.348135
0.0209528
0.0334636
0.0210891
0.0230454
0.0201909
0.019771
0.548359
0.0196618
0.0219988
1.37742
0.0212824
0.90498
0.0202434
0.0210209
0.0214378
1.91331
0.0221821
0.0203513
0.82175
0.0290099
0.0202227
0.465755
0.0209799
1.85235
0.0222866
0.259138
0.0568543
0.103025
1.72377
0.0203679
0.0232942
0.212964
0.0229508
0.0231154
0.601266
0.239206
0.230827
0.0203433
0.68192
0.0214418
0.0203771
0.0259761
0.0212879
0.0234504
0.0208439
0.535193
0.0292638
0.628387
0.812201
0.0206775
0.0801754
0.389517
0.0204292
0.0199368
0.0263845
0.0216867
0.183294
0.0262372
0.157134
0.461433
0.0211171
0.022006
0.0259635
0.0214797
0.0248455
0.022173
0.0205691
1.90005
0.0212746
0.0224321
0.0235014
0.020466
0.289866
0.0255186
0.629233
0.020359
0.363275
0.0203322
0.0205735
0.0228273
0.021274
0.0212537
0.810531
0.0240083
0.0249595
0.0208193
0.0209772
0.0213056
0.0210205
0.0211371
0.0218562
0.0212676
1.01822
0.0260537
0.0219092
0.0200977
1.25113
0.0206086
0.0204296
0.0207534
0.0931666
0.0234211
0.0258498
0.0221641
0.0203543
0.021278
0.361645
0.0210739
0.0232033
0.0238108
0.0201331
0.0220431
0.119409
0.0224431
0.0210986
1.43045
0.0215966
0.0212652
0.0214318
0.020488
0.40817
0.339204
0.0254403
0.021526
0.020738
0.438477
0.0770483
0.0215855
0.269606
0.0208777
0.152273
0.598614
0.0201492
0.0214679
0.0207647
0.0204074
0.0209795
1.93859
0.0205711
0.0205143
0.0219876
0.0208643
0.0205073
0.211349
0.0216192
1.49906
0.60397
0.271006
0.0215292
0.0208415
0.021064
0.0212263
0.060795
0.0308427
0.0214838
0.0224059
0.0213885
0.0214894
0.0211225
0.0229935
0.0212244
0.736111
0.021379
0.0238574
0.0214268
0.0215084
0.0217998
0.0218657
0.0213086
0.0994035
0.346615
0.0213074
0.0217975
0.0213154
0.0206811
0.378676
0.0212242
0.0209985
2.81149
0.680628
1.8804
0.0214783
0.360238
0.0212949
0.0212582
0.0218254
0.352939
0.324936
0.021733
0.414341
0.02156
0.0220649
0.0298099
2.08668
0.02134
0.0215945
1.6247
0.0209161
0.0222592
1.22493
0.60103
1.4791
0.0214168
0.0212
0.0211626
0.622997
0.0641523
0.0213843
0.0216862
0.0221522
0.0213045
0.0213564
0.0211289
0.0222186
0.0219155
0.0323828
0.0212841
1.86895
0.0208666
0.388399
0.0210803
0.0212934
0.0253895
0.447144
0.657672
0.0212291
0.0218281
0.0234707
0.0209243
0.0207109
0.0208615
0.10924
0.0267405
0.0204075
0.626182
0.0224556
0.0212831
0.0389352
0.0211667
0.241553
0.0214182
0.02149
0.631071
0.0264114
0.0227901
0.0212271
0.0230909
0.171521
0.226527
0.0203909
2.52444
0.025274
0.0231383
0.751449
0.02148
0.0247194
0.0204775
0.0226233
0.0255875
0.0212748
0.0214771
0.0212731
)
;

boundaryField
{
    frontback
    {
        type            empty;
    }
    topbottom
    {
        type            fixedValue;
        value           uniform 0.0223;
    }
    outlet
    {
        type            zeroGradient;
    }
    inlet
    {
        type            fixedValue;
        value           nonuniform List<scalar> 0();
    }
    walls
    {
        blending        binomial2;
        n               2;
        beta1           0.075;
        type            omegaWallFunction;
        value           nonuniform List<scalar> 0();
    }
    procBoundary3to1
    {
        type            processor;
        value           nonuniform List<scalar> 
147
(
0.39324
0.936301
0.810783
1.60097
0.729789
1.24371
1.94729
1.11397
0.490649
2.54313
0.486112
3.28799
0.309611
0.477211
0.349798
1.37261
0.971824
0.836366
0.435303
1.15807
1.44991
2.21165
0.916758
0.68084
1.81569
0.775869
1.70869
0.670706
0.740208
0.301839
3.15979
3.15979
0.280753
1.00067
0.764235
0.276169
0.748631
1.69008
1.60909
0.914756
0.459391
0.480607
0.297655
1.19858
1.44767
0.880292
0.480607
1.62186
0.305057
0.294836
0.490833
0.302327
0.474441
0.422004
0.446497
0.475113
0.292301
0.266247
0.310971
0.292917
0.281284
0.277333
0.259384
0.249031
0.460926
0.411206
0.380132
0.299364
0.28516
0.311347
0.251465
0.270796
0.401593
0.409299
0.395183
0.416021
0.29344
0.394018
0.429907
0.400845
0.407021
0.400404
0.64889
0.417328
0.403996
0.40139
0.405427
0.547774
0.482346
0.449939
0.513525
0.486112
0.403996
0.642782
0.466757
0.537717
0.587039
0.703507
0.492813
0.573518
0.484834
0.611258
0.576591
0.465911
0.630754
0.703456
0.690232
0.446282
0.582397
0.690232
0.689496
0.307559
0.858494
0.505852
0.531953
0.959586
0.996803
0.785492
0.909537
0.996803
0.592018
0.460221
1.38223
0.530374
0.699428
0.792809
1.36835
1.39145
0.433241
1.6781
0.785492
0.416321
0.548027
1.65083
1.67848
0.497017
2.75895
2.87438
0.471086
1.73267
0.909001
1.67736
1.73267
0.24915
0.249531
3.24313
0.460926
)
;
    }
    procBoundary3to2
    {
        type            processor;
        value           nonuniform List<scalar> 
73
(
0.0217991
0.0217635
0.0214027
0.0213944
0.0315567
0.0294746
0.0222865
0.0689014
0.0449576
0.166501
0.0217008
0.0216516
0.209814
0.0215374
0.0217008
0.0264948
0.0278026
0.0294746
0.021434
0.0230792
0.0234652
0.0213816
0.0218143
0.0216055
0.0227397
0.132629
0.108804
0.0215685
0.0213977
0.0221114
0.0532405
0.0239959
0.0213926
0.0215099
0.0214257
0.0278026
0.0227764
0.0219844
0.0216516
0.0214857
0.262953
0.262953
0.0254383
0.0213833
0.0214148
0.0213813
0.0392331
0.0213888
0.0214523
0.0871445
0.209814
0.0214668
0.0365594
0.0213845
0.383561
0.308566
0.0218765
0.0225178
0.308566
0.383561
0.021408
0.0213857
0.0624461
0.0328114
0.0246417
0.535572
0.587901
0.0871445
0.0214064
0.0214418
1.00282
0.562083
0.0214376
)
;
    }
}


// ************************************************************************* //
