/*--------------------------------*- C++ -*----------------------------------*\
| =========                 |                                                 |
| \\      /  F ield         | OpenFOAM: The Open Source CFD Toolbox           |
|  \\    /   O peration     | Version:  v2012                                 |
|   \\  /    A nd           | Website:  www.openfoam.com                      |
|    \\/     M anipulation  |                                                 |
\*---------------------------------------------------------------------------*/
FoamFile
{
    version     2.0;
    format      ascii;
    class       volScalarField;
    location    "750";
    object      omega;
}
// * * * * * * * * * * * * * * * * * * * * * * * * * * * * * * * * * * * * * //

dimensions      [0 0 -1 0 0 0 0];


internalField   nonuniform List<scalar> 
9793
(
0.0223727
15.7086
0.0219368
2.62355
0.0222597
0.204172
0.0832411
5.22533
0.0221405
14.779
0.0221966
0.0221873
0.0219176
1.75217
0.0217844
0.0265195
0.0532717
0.0219321
2.17999
0.0215571
0.021625
0.0222917
2.64973
5.34543
1.83635
0.0265695
0.0220991
0.022262
0.0215675
0.0800292
7.73465
0.378656
0.0220115
0.0219457
0.0218679
0.0284875
0.0245756
0.0249274
1.59538
0.0307633
0.0687971
8.84352
4.15812
0.0222717
0.0219609
0.0220421
5.87964
0.0222844
0.0217161
0.0219393
0.0282042
0.021851
0.03743
0.0222686
0.0330754
2.19231
0.0219264
0.0904528
0.0217227
0.0222914
0.0270154
0.0978696
0.0219519
0.0350907
0.0219629
0.022067
25.756
0.0242139
0.0250545
3.19349
0.0219722
0.102284
4.77522
4.14101
4.2382
0.0222624
0.0460167
10.6276
0.0219821
0.0222705
0.0499083
2.11993
0.0514151
0.023941
0.0250778
0.243505
0.0222612
0.0681955
1.60817
0.0941881
1.84263
1.30952
1.58521
0.0411155
3.90637
0.0219047
4.77489
0.0502016
0.0247249
0.0222685
1.45056
0.0356144
2.37231
0.0219661
3.50763
10.3346
4.09186
0.021878
0.0219861
0.0222835
0.0222335
2.17633
3.28776
7.42543
0.02195
0.0221125
0.0243938
0.0220503
1.86721
0.0220278
3.03979
0.0730212
6.70013
0.0421829
0.0246071
0.0220335
0.0607189
6.07694
0.187495
0.195446
0.0238305
0.0218011
0.0222696
0.0234169
0.0273691
0.160514
0.622133
0.0244364
0.0222737
0.0609125
2.24237
0.0276304
0.02193
0.0556562
5.67787
0.618113
0.0220342
4.58752
0.0217973
0.0220282
0.0220697
14.7069
0.0242649
0.0220921
0.0219185
1.34415
0.056787
0.0219469
0.554693
0.0219134
0.0641446
0.023941
0.0216319
0.358147
0.0220847
9.61564
2.31067
0.0222816
0.0218792
0.0222173
0.0219432
6.19562
26.8995
1.95608
0.021911
0.186033
0.136963
0.738401
0.021967
0.0241533
3.88912
7.14118
0.0800957
0.0220349
0.0220729
0.0218726
7.22452
4.62816
21.7429
2.49725
0.0219924
22.1763
0.412301
0.0254118
0.0217601
0.023291
1.98568
0.0215941
0.02193
0.022204
0.0219907
0.0216252
0.0293004
0.025162
1.76129
0.0219249
0.0280881
0.0222795
0.022328
0.494781
0.0585455
2.39705
0.0216323
2.76557
0.0239607
0.0431225
0.0217972
0.156224
0.0221213
0.0503967
0.0537134
0.0216285
1.4218
2.06775
0.0393731
0.0218899
0.0511382
2.08777
0.0494547
0.0503357
1.60421
0.138514
0.0408203
0.035807
0.366182
0.0215911
4.54747
6.32952
0.0216
0.0222223
8.37851
0.0219011
0.0222313
0.109749
0.121877
0.0220575
0.0241842
0.0291543
0.0381701
0.0242551
0.0219732
0.044057
2.93847
0.0216258
1.97527
0.022262
0.02217
0.021659
2.12231
0.0219773
2.59045
2.786
0.0221032
0.022131
3.44665
0.0218348
0.0222397
0.0218002
2.52338
0.27048
0.0249372
0.449992
0.0848475
2.29853
3.93136
0.0223041
21.64
0.0222643
2.09451
7.80243
1.64466
3.13899
0.134876
0.0238599
0.0474905
0.024771
0.0217942
0.0223846
0.466275
0.0267368
0.0221395
0.0222838
0.0216297
0.0216553
0.0216291
2.50878
0.0218684
0.0217751
0.0218418
0.0219195
5.44725
0.59693
0.0638948
0.0228651
0.056183
0.021948
3.20792
10.7407
0.0219713
3.22867
0.0332693
0.0219552
24.9155
4.01805
0.0220194
0.0462676
13.2401
0.0221281
0.0339125
0.0217755
0.022215
2.24473
0.041029
0.021955
0.0220214
0.0227381
0.173307
3.34435
0.0219408
0.021872
0.0217473
6.89838
4.5462
7.33126
0.0215862
0.0433159
0.0347385
2.15096
0.0683775
0.0215862
0.0216441
0.0217476
0.045976
0.0220529
7.08439
0.0220881
0.0217768
2.61685
2.41435
2.41593
0.021727
1.44394
0.0246778
4.10888
6.38284
1.67828
0.0236035
0.0320011
0.726301
1.71022
2.09868
0.0264791
0.0222634
0.0253146
0.0216833
0.0218527
0.022034
0.0220813
0.022292
8.28853
0.0222065
0.0609286
0.0303583
6.12815
0.0215809
0.0240278
5.29829
0.49699
1.86104
0.0664823
0.0217806
0.0236846
0.0219405
0.46016
0.0215652
2.33954
0.1589
0.0835661
5.9136
2.28704
0.0221373
0.0218899
0.987308
0.402403
0.021924
5.55126
0.0221313
0.0221756
6.751
0.0216305
0.0922432
0.0216013
2.36372
0.0220934
0.0220967
2.67324
0.096532
0.0530476
0.0253986
0.0220746
0.0218322
6.08438
0.0499418
0.0215693
0.0221946
0.0342498
0.0347166
0.0525953
6.89554
0.0221956
0.0219425
0.320271
0.0220812
2.55073
0.724693
0.0220646
0.0220164
0.0223517
0.0221163
0.0217321
1.47149
0.0507755
5.87053
0.0289174
0.0233926
0.0423952
0.0246428
1.73309
0.0262651
0.0222678
0.0242271
0.514987
0.0219388
0.0219168
0.0219714
0.0215681
0.0219867
0.0217936
0.0220439
0.0221576
0.0228572
0.0247305
0.108907
0.0219319
1.46544
0.025636
0.214988
5.02783
0.0218016
2.79007
0.0812613
0.0217692
0.0215684
0.0219346
3.56849
0.0862839
0.0215649
0.0221205
0.0221972
0.0674207
0.153254
10.4871
0.0219763
0.0219203
0.0316033
6.50613
1.60169
0.0236774
0.0233135
2.05291
9.57643
0.248969
0.0221716
0.0217887
1.66602
0.0219096
0.134805
7.11455
0.0215576
0.238358
0.0269941
1.42884
0.0218332
1.93226
0.291259
0.0260211
2.58082
0.0219075
1.92881
0.0220945
0.0218863
0.022223
0.021947
3.58124
0.0218994
0.0217052
0.0228172
0.0215956
0.0217894
0.0461475
0.0227787
0.0344622
0.0220339
0.0220382
4.11056
0.0747453
0.0236292
2.01947
0.0243218
0.0221756
0.0219817
0.021731
9.2548
0.0216954
0.0220691
8.11444
8.61709
0.0388668
0.0219252
0.0222842
0.0221321
0.022241
1.8925
0.0221741
2.86766
0.0242269
1.86353
0.022262
18.9679
0.0222079
0.226182
0.0219161
0.088079
4.12277
0.0221032
8.86912
0.0218993
0.0222182
0.0216149
4.8301
1.80846
0.0219431
0.0277855
0.0216908
2.00442
0.0218206
0.0447082
1.84356
0.0252296
0.0220264
0.0456
0.0222451
0.0221807
0.0217646
0.101796
0.0219558
2.18877
0.0220518
0.02207
0.039061
0.0771975
1.52512
0.0217633
18.0245
0.0218845
0.201837
0.0219151
0.0222347
0.021905
0.0220496
0.0222682
0.217627
0.0409697
9.03148
0.110385
0.0352076
0.0342103
5.32846
0.023708
1.83994
3.62838
0.262454
11.5861
5.31141
0.178599
0.0221871
3.41599
0.0387151
0.0221371
0.357226
0.0222509
0.464814
0.0358527
0.216306
0.0276071
2.09233
4.66301
0.036819
0.197756
0.022216
0.642768
0.0228628
0.0219195
0.0220388
0.0236155
0.0463009
1.55301
0.278456
4.70935
0.0234209
0.0234042
1.42028
0.355791
0.0230678
0.0612945
0.022351
4.92684
2.77932
0.0220586
0.0641901
0.281853
4.85714
0.0219578
0.0257961
7.8646
0.0286271
7.81343
0.0915547
6.11304
0.0256731
0.0238161
0.0219156
0.0219191
0.253223
0.0222842
0.301796
0.131253
0.0811824
0.0222596
0.0222238
0.0236607
0.022118
0.0218328
0.021903
0.100858
3.69818
1.87082
0.0222797
0.342825
0.0219504
4.10939
0.0463186
0.0464533
0.0341761
0.266944
0.0217475
0.0220604
0.0431316
0.0219086
0.0220813
0.0600489
1.48212
0.0216244
0.234157
1.70209
0.0244592
2.12579
1.77782
0.0218103
0.0545479
0.0271827
0.0219851
0.0216118
0.102678
1.69601
4.68796
0.0219529
0.0220158
0.0216596
0.0248139
0.0228088
0.0237931
0.575969
0.0459915
0.0221514
6.46111
0.0294058
0.0335531
0.0220369
18.9636
0.0237025
0.021918
0.0824008
2.10775
0.0215736
0.0220499
0.0219472
0.0254964
0.0217432
0.0375516
0.623988
0.0221574
0.101273
0.022869
0.0219859
2.15438
2.84935
0.35744
0.0220749
0.0215875
5.25547
0.0258514
2.29051
0.0215519
0.0219002
6.60377
2.66223
0.0297467
0.0993707
0.0628826
0.0218861
0.0222717
0.0219399
3.27518
0.0220571
0.0222928
1.58795
0.0274476
0.293005
0.0328053
0.0219358
2.59311
0.022268
0.0219105
0.021929
0.0305781
3.44146
0.0221619
0.0219705
0.0219063
0.0218945
0.0219421
0.0219283
13.3855
0.0315442
0.0227827
0.0221098
0.0316439
0.0609464
0.0264652
0.0284843
0.0222839
0.021653
0.0232991
2.15853
2.45607
0.0232423
4.57134
0.0222153
0.0252136
1.18757
2.20048
0.0217753
0.0221804
0.34511
0.0510164
0.021907
0.0222486
2.26053
0.0222681
0.0686754
0.0220116
0.618812
0.0222475
0.0222421
0.0221268
0.030855
0.0220706
0.024479
0.0261027
0.16371
0.0218631
0.0219975
0.0222498
0.0218809
0.0221486
0.021961
0.0306756
0.0221112
0.0516753
1.96657
0.0427775
0.0630194
0.0222018
0.0217641
6.64182
4.49988
0.021602
2.05175
7.39411
0.0215937
0.0219662
0.0218774
0.0956991
0.0536458
2.43601
0.0218566
0.0250649
0.0218594
0.0222595
0.0222294
0.0856813
0.0221234
0.248731
0.0220931
0.0577867
0.0218937
0.0230892
0.0219102
0.0385062
0.0601454
6.89708
2.86007
2.02728
0.0476283
0.021899
2.96142
3.76983
0.0612982
0.0220353
0.0220847
1.98506
0.0218697
3.14953
0.0216064
0.0293767
0.0221986
0.0222698
0.0217818
8.54671
3.21879
2.9018
0.0723546
5.27028
0.0219517
3.04676
10.3479
0.0222705
0.0220548
0.0217268
3.42633
0.0215527
5.1009
0.0323858
0.141772
0.0222477
0.960579
7.89161
1.70947
0.0294579
0.0318378
0.0220407
18.6606
0.0215322
0.607094
0.218859
0.0687172
9.85173
3.37468
0.0238782
0.0233729
0.021949
0.0967972
5.31727
5.24449
0.0217419
3.94951
0.0260078
0.120596
0.122655
1.50899
1.55363
0.0216373
0.0259935
0.0304078
0.0242035
0.0239436
2.63366
0.0221969
11.4076
0.0217608
0.0216167
0.0784953
0.109301
3.03689
0.0226059
22.8504
14.3067
0.731555
0.0268526
0.022233
0.0226094
0.022227
0.0219112
0.806247
1.85018
0.0221651
0.0219152
0.0317307
1.71187
0.0258366
0.0219223
0.435769
0.0219395
0.0222749
0.0215418
0.0596898
0.0220293
0.0249644
4.3519
0.0608291
0.0222597
4.26049
0.129246
0.021935
0.0230015
0.0337079
0.0222624
0.0219653
0.0217449
12.7861
1.95252
0.0221857
0.0352712
0.0361659
0.642787
0.0219389
3.2801
0.0218616
0.0217498
0.69353
0.245931
0.0648457
0.022014
0.0218949
5.7418
1.51501
0.289807
2.85839
0.0221027
0.0238045
0.0220151
8.25979
0.0241902
2.30319
0.0226857
0.0219235
0.0236227
0.02167
0.0218756
0.0640325
0.0217756
3.23222
0.0218007
0.0221673
0.0215605
0.0249227
1.82124
2.79116
0.0519903
5.48114
0.0219809
0.0359581
0.0233073
7.97505
0.0218265
0.0216255
2.68124
0.0346233
0.0327471
0.0221115
0.219914
8.58082
2.35766
0.0221111
0.0343955
0.914643
0.0313728
0.891607
0.12269
0.0811291
0.0217618
0.0225526
0.0609459
0.0769141
0.021988
0.0998876
0.0217348
0.0221829
0.022236
0.0217596
0.0219038
0.0219891
0.817781
0.0256879
0.0229295
0.045901
0.0217448
0.0219263
0.0380352
2.8221
0.0843021
0.0609741
2.30889
0.0222339
9.36788
0.029255
5.32257
0.0614159
0.0222018
0.0220857
0.0234594
8.72229
1.73967
0.0506559
0.156157
0.0216499
0.0218913
0.022248
0.022201
7.69492
0.0255918
0.0219612
0.156686
0.288273
5.90927
0.0227279
2.5085
0.0557048
0.0401608
0.0320475
0.426701
0.247147
0.0222231
1.58461
0.283848
0.038699
2.22211
0.0449612
0.0222083
0.0222638
0.0219108
0.0231114
0.0271376
18.699
0.0502504
0.0218705
0.298572
0.0220039
4.30907
3.35403
0.021957
27.916
0.0217967
0.0217479
0.0220209
1.56992
14.7593
0.0484046
0.0312125
0.0217108
0.534682
0.0222313
0.0308551
0.0220906
0.0221256
0.0219081
5.22895
0.0227678
0.0420573
0.0289626
0.0222115
0.355493
0.1334
0.0340887
0.0252903
0.0237632
1.76346
2.59576
0.0218852
0.0217567
0.0218826
0.0225424
5.49126
12.8369
0.207729
0.0255767
0.0217795
9.34906
5.12322
0.022182
22.4838
0.0217064
0.084424
11.8029
0.0217373
6.43342
7.91861
0.125451
6.26856
5.63814
0.0218386
0.022643
2.47526
1.51701
0.0225208
4.8792
0.0249064
0.0219043
0.0222738
0.0231554
0.0398828
0.0251876
0.313292
6.46104
0.239567
0.0342011
0.0220789
0.0600632
2.1821
0.0217527
3.64095
0.0475063
0.0222198
0.0245673
0.0222415
0.0221709
0.0314766
2.30146
0.022475
0.0217881
5.17407
1.53454
0.0699629
0.0222613
0.0558804
0.0219272
0.0219312
4.13073
8.56818
0.0219211
0.0214857
2.80036
4.40085
0.0481602
0.0222316
9.95387
0.0226952
0.0219278
0.0239457
0.0219321
0.0216437
0.0216183
9.68807
0.201551
0.0258608
1.61125
0.0449599
1.48713
8.486
2.02255
0.158309
0.0219295
0.0222387
0.0223073
0.0219924
0.0749625
0.0218813
0.109092
0.0291054
2.93367
0.0220465
1.52151
0.0361695
5.15153
0.0219246
1.74604
0.0299175
0.175885
0.256831
0.0309866
0.0216152
9.01171
0.0560329
1.64452
0.0215992
5.31095
0.0220265
4.62849
0.503001
0.0431951
0.021921
0.0220886
1.88009
7.0463
0.0317679
0.0215594
1.36855
0.0851849
0.0447359
2.71822
0.0791216
0.0219088
3.7376
0.021915
0.0331045
0.0216119
8.82862
0.0216192
0.023601
0.318488
3.57036
0.0222218
0.0671379
0.0243456
0.0789928
0.0218795
0.339744
0.0234076
0.0637153
0.0219249
0.0219852
2.00847
0.0285378
4.75112
4.44785
5.15075
0.0227049
0.0216366
0.021754
0.0256098
0.0367056
0.0312308
5.56368
0.0235054
0.633785
0.0418565
0.022281
0.0219292
0.0690002
0.417155
8.91226
0.0219059
1.6211
0.0218624
5.26994
1.46054
0.0465897
0.0219951
0.0217264
0.0429045
1.86898
0.0242894
0.0222687
0.0238134
0.0446232
0.02289
1.52406
2.08621
3.90382
0.0221561
0.0262667
11.1133
0.0221866
0.061769
0.0218011
0.794797
0.0364004
0.0219489
0.0431678
0.185699
0.0219303
2.17884
0.0219142
0.138814
0.252766
0.472338
0.333093
0.0221662
0.0221813
19.3946
0.0221322
0.0398944
0.0825961
0.0235147
0.0215226
10.8909
0.0248667
0.404546
0.0234121
0.0663766
0.0225093
0.40506
0.0252242
0.024627
2.38068
1.20259
0.0220889
0.022273
0.164509
2.14869
1.94143
0.799971
0.0293119
0.02192
0.0217961
1.8489
0.0221382
5.55362
0.0987776
2.47905
0.022107
0.0217129
0.0217915
0.0429219
0.0457898
3.72497
1.56406
0.920638
0.224704
0.0216013
2.53173
0.0230072
0.0631203
0.0228709
0.0401611
0.0607906
0.0219239
0.0215697
0.0642276
0.0216313
0.0391919
0.0707616
3.33928
4.29948
0.0376881
1.79031
0.0217368
0.0216302
0.0220738
0.199938
0.0614182
0.0463129
0.112567
3.98933
0.0394451
0.154942
0.0218062
0.0220781
15.314
0.0219097
0.283922
0.0214625
0.0218544
2.08881
0.332762
0.0218444
0.0801152
0.508522
3.49316
2.55831
0.0250415
0.0667985
0.0491189
4.79714
0.0220424
4.94786
5.67257
0.0236995
0.0259784
0.0216059
0.515563
0.0217304
0.0219825
1.58856
0.0222116
0.021559
0.202908
0.0589474
1.52626
1.51332
3.34236
1.85372
0.0216096
0.0219057
0.0218501
0.0222051
8.44643
0.0220624
1.74958
0.022986
4.59643
0.0244615
0.022103
0.0216781
0.0222153
0.0303035
0.0220278
0.0215123
0.351578
0.0218159
0.0513704
0.0224433
7.0408
0.0245049
0.0220784
0.02193
0.0531052
0.0219064
0.0217597
0.0220884
0.0222146
0.0245649
0.0218424
0.0233721
0.0315285
3.75877
5.27378
4.60262
2.50947
0.021763
0.0220047
0.0219207
0.021425
0.021931
0.0217294
0.186734
0.0218541
0.0222517
0.0220683
0.0220424
0.0219353
6.9036
0.0241921
0.0219717
19.777
0.0432938
0.0217089
7.94668
7.581
0.0220194
0.454663
0.716327
0.0220283
0.0458989
0.0239373
0.0215541
0.0274038
0.0220204
0.0399945
0.0220122
0.0222473
0.0217401
27.977
0.0284647
0.0456647
0.0220321
0.0222653
4.59094
0.025758
0.0220356
0.0238321
0.0241905
0.0222519
0.242648
11.6397
1.19878
1.5606
0.230222
0.0374048
0.0222597
12.1674
0.1621
0.0227363
0.0598036
0.0222932
0.0218953
0.0222464
2.87861
0.0461818
0.0219985
0.0220414
0.185211
0.0217248
0.448015
0.0219408
1.8576
0.228642
3.86921
0.0220792
0.0231937
0.0317912
0.0355642
0.0222492
0.0388504
0.0857683
5.33796
0.0219756
0.490079
9.55102
0.021562
1.88463
0.0433941
0.333562
0.106211
0.0219176
0.0277935
0.0405024
0.0216817
0.0250365
0.0215399
4.2921
1.8256
0.0325705
0.0218266
0.151091
0.0749291
2.82617
0.27373
0.0233385
0.028104
0.0219467
0.0219143
0.0405727
0.0517899
20.0458
0.0218113
0.449351
0.0225519
9.69408
0.179373
2.40768
0.0215973
0.022933
1.99446
1.80333
0.0430076
2.16976
0.0228798
0.238062
0.0219132
0.0218468
2.645
0.520009
0.0248556
0.0220936
0.0752516
2.16501
0.196062
0.066222
0.0217678
0.0220139
0.0217138
2.39499
4.91095
0.0217489
0.0448648
1.84161
0.0748225
0.28127
1.6438
5.63577
2.20508
0.0217649
0.0227769
1.60642
0.0218905
0.0492602
1.5564
9.63262
0.0233748
0.0302194
4.95777
0.62711
2.0153
5.05374
1.72008
1.4865
0.0221107
0.0216137
0.0219895
0.0225607
25.1683
0.0548176
0.36898
0.452212
0.0565547
0.0219408
0.436779
0.0216995
0.030493
0.0219215
0.0406209
7.03743
2.43949
0.022071
0.0215983
0.038538
4.71939
0.188202
7.21091
0.0446219
0.0220425
0.0833772
0.02146
0.0957071
0.032014
0.021908
4.71177
0.171894
0.550044
0.0577398
0.0222275
0.0215737
6.36687
0.0252161
0.0216171
0.022145
0.0222559
0.0216803
5.57616
9.66418
1.96125
1.41019
6.19242
0.0239966
0.0219416
2.92815
0.0243262
0.0857643
6.53521
0.021866
5.3184
2.8512
0.059849
0.033694
0.79071
0.0230929
1.79037
0.037598
1.99946
0.0218166
0.0228512
0.0408774
3.25005
0.115098
0.0686943
4.91572
2.14494
0.0717632
0.161124
3.28791
0.0241955
0.364597
18.4298
0.0358387
0.0629247
3.14341
0.0321178
0.0368596
0.0221033
0.0368023
0.039069
0.0562406
0.0220881
8.60724
0.162628
1.81693
5.18143
2.15045
0.0396321
1.59864
8.68474
0.0218458
1.16939
3.05614
8.43548
0.0278249
0.0242138
1.64076
9.44757
0.0216072
0.241868
0.0217504
0.0219089
4.17468
0.025385
2.28884
1.56816
1.88095
8.50106
0.0216175
0.0352086
0.0219837
0.0218429
0.110801
0.0570619
0.0264938
2.79651
1.84073
0.0222731
0.0261377
1.3514
0.0234226
0.405263
0.0478666
1.48566
1.48628
0.41116
9.19451
7.11177
1.80684
1.50406
1.72904
0.0312615
0.0251653
0.117242
0.120338
1.81512
8.34349
0.0221318
0.0226073
5.50555
2.32242
0.0247063
4.87433
0.0219214
0.819571
4.66746
4.78677
0.0219228
1.65181
1.55266
0.026795
0.0346903
5.53684
4.90234
4.77049
3.6173
0.0219743
6.35814
1.6151
0.0407429
0.22363
0.108122
0.0217323
0.0265805
3.48674
2.3399
0.0245218
0.0221716
1.55968
0.085158
1.8178
0.0743538
2.21217
1.53728
0.0219904
11.0866
0.0222852
0.0303075
0.0220417
0.0218218
0.0217017
0.0371793
0.27969
0.02149
15.9937
0.0712462
6.91636
7.77484
1.98396
0.0219088
4.53787
1.52651
2.00656
0.0343495
0.0219237
3.78674
0.414085
2.113
0.0550464
0.023429
0.0216846
4.86145
5.34832
0.0333636
15.7536
0.0310233
0.0221601
1.456
0.0540067
20.0214
0.0218992
0.0295386
1.65937
4.69243
1.50132
0.223156
1.49078
1.70156
6.01377
0.0220474
7.739
0.0475707
0.02183
0.02155
0.0219149
5.1746
0.0493165
1.5032
1.5577
0.0364981
0.152202
0.0785575
2.58763
0.263667
5.74027
4.91636
1.29948
0.0888429
0.0216454
0.686864
0.0565437
0.110393
1.44143
2.6824
1.71503
0.0220944
0.0240822
0.0483046
0.0220591
0.0219539
0.0277114
1.53034
0.0286744
0.0253138
1.41543
0.0724127
0.315773
3.98407
1.57805
0.436652
1.9522
4.83081
2.23223
0.0625174
0.0311477
0.0220894
1.30341
0.106861
0.224483
0.0629223
0.0607608
0.0214485
0.178936
6.16889
0.0265598
0.021582
0.0230592
3.68174
0.0218744
0.0220252
0.0624517
1.5474
0.0284595
0.0545875
0.179754
0.0304794
0.0589879
0.0218494
0.0219823
0.0410962
0.224035
0.0222109
0.0311912
0.270758
6.88376
0.0221026
11.5427
0.0218687
1.57017
0.023225
0.0233726
0.0215486
0.180125
0.0342633
5.58942
11.7324
0.0681562
0.0221618
0.0219387
5.61548
2.90036
0.0218025
0.24659
1.60267
0.0524232
0.0770951
0.0214225
0.0226384
0.0219228
1.48003
0.0422667
0.0220502
6.44249
0.0223309
0.0576529
0.26274
0.0217338
0.0956744
0.0599116
18.3747
0.0223886
0.0261507
0.0233746
0.0541791
0.0213994
0.0219053
5.81163
0.327571
0.0751686
0.0218758
1.89883
0.0223358
0.0223339
0.0219574
0.47018
6.28426
0.0237252
9.95784
1.55699
0.0640965
2.98233
4.80853
5.09062
7.02148
0.0527342
0.0630522
0.217029
0.0479195
0.0219505
0.0300552
0.0295092
7.88979
0.0220788
3.29661
0.0219774
0.409801
0.0909325
0.0227819
0.0229525
8.64707
11.4487
5.42685
1.57572
0.0218102
0.0668093
4.58629
0.0259065
9.77169
0.0407009
0.107153
1.66166
0.0340614
0.021993
0.124115
0.14832
0.0219129
1.50357
0.799822
0.0217058
0.0222394
0.0221212
0.0220094
6.55819
0.0219757
0.0474317
0.0220248
0.0223372
0.0322652
0.021938
1.50538
0.0839967
0.0221251
0.0216221
0.110311
0.0233017
0.0551899
6.15046
4.82495
0.0533121
0.229214
0.0403687
0.0215891
0.136383
10.4391
0.0377356
1.48052
6.07692
0.0748512
0.038617
0.0280577
0.0667199
0.0377276
5.68925
0.0221131
0.0221382
0.021798
2.40087
9.478
0.0358173
0.0984484
0.0218646
0.026597
0.106977
0.273781
0.0219032
0.059903
1.86098
0.0874736
0.0219902
0.0219197
19.9349
5.56821
0.0219335
0.574956
0.030411
0.198819
0.292089
0.0218598
2.9575
0.0289611
0.0220247
2.71602
0.203228
0.0219206
0.0221622
0.262492
0.0217668
0.0220409
0.15221
0.0418395
0.0455383
6.38507
0.0251775
0.0414965
1.80011
0.0218347
9.13971
4.7153
0.0250427
0.0585935
0.17746
0.0219631
0.158679
0.0214645
2.18991
1.50696
0.0220037
6.49427
7.84877
0.02193
0.021932
0.57086
0.0378026
1.58074
1.53306
0.022095
0.0429222
4.99211
0.0226195
0.0479716
0.0682805
0.0336837
3.01854
0.19783
0.0233235
0.226761
5.70536
0.0452766
3.09681
0.0219116
0.021547
0.0222675
0.0420414
4.93763
0.0220656
0.0331114
14.9404
2.67656
0.0222177
0.0296908
1.97466
1.57281
0.0222247
9.29116
0.0334419
0.086767
0.0343436
0.0230431
0.0258402
0.0219485
0.0219616
6.11823
0.0219334
0.0519497
0.0219824
4.76614
0.023311
0.0239516
0.0215857
0.0237155
0.0219831
0.0412482
5.22813
1.00743
0.0376894
0.0422099
0.0219673
0.0315096
0.0511439
2.25187
5.25433
0.0218301
0.818806
0.0220228
2.30724
1.42322
5.07285
0.0218267
0.106244
0.0701006
5.88045
0.236603
0.0218397
2.53988
0.323924
0.0377501
3.17978
0.0221671
0.0219869
0.0392167
3.4581
0.0219193
6.99904
0.0338374
2.36584
0.0893559
0.0223743
2.18915
0.0279633
0.0220808
0.260193
0.0219191
2.80123
10.3249
0.156189
0.0274866
0.152415
0.0219256
0.101438
0.0438789
9.63819
0.0220043
0.021614
0.0267251
0.0293932
0.0426605
1.88619
3.70353
0.0356855
0.225887
0.0218009
3.2706
6.09863
0.180939
0.021917
0.0222602
0.0231478
2.76322
0.0220445
0.0261857
2.39145
0.0818612
0.0219719
0.26435
0.0769308
0.0219878
0.0250235
0.117881
1.5509
0.0685032
0.042856
1.97585
1.53283
0.419427
0.0265129
0.022096
0.0242958
0.0245986
0.137383
0.0559889
0.0273115
0.0754585
5.3042
0.0240246
0.0219952
4.87761
0.281147
1.74064
0.178913
0.0256098
0.023667
0.023533
0.021757
0.0218776
0.0427082
0.0215428
0.0228811
0.022019
0.0228886
0.0234767
0.0219469
0.0384171
0.03593
0.0220676
0.021934
0.0221191
0.0226961
0.022309
0.246024
0.0220572
0.0233733
1.43431
0.0216874
0.0231568
0.0222235
0.0270262
4.86603
9.90507
2.57117
2.98678
2.93721
0.198049
0.0218719
0.057746
0.0219809
0.680794
0.0230905
0.0292365
0.022152
0.0530042
0.0219596
0.0305736
0.0217805
2.49983
0.161962
0.0220785
4.31418
2.74206
0.0221298
0.0875977
0.0219511
0.02159
7.28949
0.0221012
0.0639464
0.190585
0.022105
0.0215494
0.0712887
1.66222
0.024936
0.0233595
1.48754
0.0219438
3.83
0.0490944
9.2819
0.0216662
1.55275
0.0219106
0.0221357
0.235816
0.0571185
2.2991
1.75224
6.65578
2.76956
0.16487
0.135743
0.0220461
0.132513
0.0220007
0.0218197
0.0924001
0.0219091
0.0219831
0.0215983
0.0216089
0.0547208
4.64197
1.50313
0.392243
2.63564
0.0234698
0.0301922
0.0227779
0.0226907
0.0727456
0.0220109
0.0217216
0.0218095
0.0235991
0.0231097
0.201094
0.0792468
0.0454757
0.0221088
0.0541093
0.0551706
1.9879
5.25164
0.024635
0.0386144
0.0220883
11.9053
1.64447
0.0219189
0.0219336
0.0243368
0.0222129
0.613304
0.277826
4.59719
0.0220972
3.51418
0.0220689
2.69604
0.0493159
0.0218102
0.0279273
3.58808
0.0268426
0.0276595
0.0296118
0.0799476
4.4435
0.0217545
0.0219153
0.0278005
0.156354
0.0218521
1.98959
3.549
0.0219485
0.0214178
6.17942
0.0627684
0.0219174
5.04126
15.5445
2.23152
3.68009
0.027648
1.96142
0.0220712
4.71978
3.05944
0.829391
0.0623436
0.0237937
5.1804
0.0248802
0.0218672
0.0214466
0.493383
0.0216298
5.72269
0.0226198
0.022126
0.0249208
1.51081
0.0237583
0.0227437
0.0220735
9.59398
4.05483
11.2651
1.61404
0.0408964
0.0219203
0.0240615
0.231653
0.108936
0.0219874
0.048326
0.189492
3.88754
0.0219306
4.04372
4.78718
0.03724
0.0220629
0.0237128
0.0219515
0.0217308
0.0219386
0.0220317
0.0221573
0.0954992
0.0220954
0.11885
0.0225443
0.0226401
5.07011
0.0659948
0.0233957
0.0227311
2.18534
0.0215494
0.0227469
0.0259277
0.0218146
1.89523
0.0306689
0.0226949
0.0439622
0.0219385
0.0270226
0.0218075
0.139198
0.0218191
0.0218981
6.41951
0.0234836
0.178011
0.0326407
0.0236887
0.0799157
0.0214037
0.022088
0.0225878
5.24163
0.0237236
0.0219167
1.91762
0.0219631
0.0216179
0.021884
0.732897
0.0318881
0.131707
0.033269
0.0305476
0.0493107
0.0237649
0.0269624
0.0471144
2.28815
0.0222101
0.0282196
0.0217938
0.250848
0.201163
0.0219046
0.0286263
2.90375
0.0297023
0.0215413
7.23836
0.0257071
0.0812717
2.36846
0.0280673
0.0218869
0.0290285
0.0219179
0.0241841
0.0219052
0.0232573
0.0257823
0.0219701
0.0220681
0.0316651
0.0221198
0.0896054
0.0218973
0.0236414
0.021922
0.0292294
1.55666
0.0220539
0.0219756
0.0970625
0.0230975
0.0219305
0.257942
5.77568
2.96965
0.0220427
0.024343
0.0343072
0.0222447
0.0221251
0.0330979
0.189588
0.021531
0.0522544
0.0219615
0.0218896
0.0217484
0.0215215
0.0227777
0.0422945
0.0332856
0.0266192
1.67264
0.0240822
0.0278668
0.0217176
2.13299
3.59397
2.53518
0.0220194
0.0458955
0.027959
0.0219895
0.02212
0.0409635
1.53417
2.39495
0.0219191
0.0273273
8.33149
0.0227171
0.178029
5.5196
1.61834
0.0288964
0.0219783
0.0379177
0.0430024
0.147422
11.1332
8.11678
1.57334
0.0226737
0.0221737
0.0219213
0.101641
0.0219075
0.0216818
0.0371036
0.021903
0.0218662
0.0218774
0.0515707
0.0219461
0.0217755
0.0219724
2.40598
0.0215373
0.0220119
0.0221066
0.0225721
0.0219389
0.0712373
0.0664952
6.80716
0.0215752
0.0280843
0.108678
5.34401
2.3816
0.02219
0.0222752
0.0520462
0.0943212
0.0257
0.360609
0.0219299
3.85861
0.0222781
1.48255
0.0227615
0.0219127
0.0432652
0.0219369
0.0219752
0.0226907
0.692522
0.024335
0.0224174
0.0221782
0.0219526
0.039042
0.0219508
0.0219177
0.0258097
0.10192
0.0242006
0.0218547
1.47262
6.36984
0.0219662
0.887045
0.022143
0.0297123
0.0739988
0.20586
0.0233754
0.0229218
0.0220519
0.263815
0.0282437
0.0221646
0.0219023
0.023168
0.149824
0.0220753
0.0341652
0.0238006
0.0347322
0.050052
0.0371227
0.0872072
3.59444
0.0248632
0.0220389
6.83477
0.33205
0.0219307
0.021486
0.0220632
0.0219615
0.0219066
0.0238279
0.0216691
0.0220785
5.10521
1.55661
0.0315982
0.0219339
3.09353
0.0237853
0.0216979
5.86969
0.0236923
0.0216439
0.0220942
0.0220369
0.035975
0.0220321
0.0540956
0.0219211
0.0217793
0.0219444
0.0318338
0.0351384
0.0218936
0.0553173
1.50139
0.0231037
0.0218921
0.0602886
0.0217097
0.0219843
0.0218602
0.0299749
0.0220521
4.63133
0.0222869
0.232395
3.14716
0.0547817
0.0232859
0.0222497
0.0220158
0.0219383
0.0292916
0.158807
0.112731
0.021807
0.0237575
4.95147
0.0215808
0.16809
0.0219653
0.0231606
0.0306129
0.0610262
0.0219567
0.0330993
0.0279275
0.0580662
1.4544
7.64026
0.0218662
0.0219269
0.0323773
0.0227676
0.0226017
0.0489244
0.0226911
0.0980493
0.0217806
0.0689621
0.022106
0.0796243
0.0557998
1.47303
5.16591
0.021922
0.0381104
0.921129
0.204554
0.0215906
0.021774
0.125111
0.0219419
0.021927
0.0217395
0.0215087
0.0700166
0.0706559
20.2255
0.0220201
0.0433591
0.022255
0.0215829
0.0230157
1.73499
0.16537
0.0219125
0.0221001
0.0218373
6.70856
0.0220078
0.0219321
0.0224279
0.021945
0.0427618
0.0218336
1.84704
0.0219858
0.0225764
0.022332
0.0218899
0.0217374
0.0220075
12.3168
0.0217804
0.021939
0.230814
0.0218833
0.0220425
0.0221116
0.0221559
0.0529638
0.0219029
0.0219748
2.46621
0.0235374
0.0220381
0.0222311
0.0215152
1.55544
0.0229298
0.0221787
0.0218984
0.025866
0.021969
5.37382
0.0217941
0.0220108
6.1009
0.0219769
0.0609763
0.022159
0.0214072
0.0215027
0.0304513
0.0370473
0.0218406
0.0222862
0.0239855
0.0219044
0.0221106
0.0220735
0.0218703
0.0217468
0.0218147
5.93242
0.0219589
0.0218352
1.87393
0.0219369
0.0266544
0.120855
1.6044
0.0218132
0.0220456
0.0219595
0.0216318
0.0228989
0.0385672
0.0238336
0.0364499
0.0217634
0.0254481
0.0219741
0.0214707
0.028026
0.0577389
0.0234759
0.0289532
0.0220262
0.021959
0.0221201
2.24342
0.0235
0.0220117
3.79334
0.0229448
2.56654
0.0220632
0.0219329
0.0217311
1.59799
0.0219336
0.0249067
0.0229271
0.0220724
0.0219654
0.0220882
0.0220061
0.0242185
0.0218993
0.0386699
0.0222479
0.0386372
0.0214938
0.0216278
0.0238766
8.29976
0.0221482
0.0220483
0.0225566
0.0219241
0.0240517
2.08642
0.0226997
0.0270569
1.94619
0.679438
0.0226552
0.0227119
0.146501
0.089985
0.0231444
0.0221146
0.0218783
3.97132
0.0226243
6.06615
0.0216888
0.0215364
0.0221045
0.0219049
0.0231365
0.0215809
0.0219877
0.0222651
0.0583281
0.0237195
0.0225254
0.0216234
0.347059
0.0618832
0.0215085
0.0221043
0.0233922
0.022239
0.0220586
0.0215846
1.48659
0.0215973
0.021928
0.0662035
0.0215745
2.04697
0.0218215
0.0429114
0.0272317
0.0219685
0.0215341
0.0219209
0.0221639
0.0220428
0.0217695
0.0216139
2.14061
1.62858
1.87667
0.0216074
4.95016
0.0219579
0.0547552
0.0219193
0.0219236
0.0221091
5.79204
0.0219473
0.0219061
0.0221259
0.0219546
1.6091
0.0219274
1.74203
0.0214442
0.0224882
2.51584
4.86235
0.0219827
0.0219571
0.0267636
0.0220163
0.140172
0.02175
0.566623
0.0217631
0.0353039
0.0221391
0.021815
0.0219424
0.0219475
0.0231259
0.0218724
0.0307585
0.0347187
0.118207
0.0217321
4.29464
0.0218951
12.6578
0.0219092
5.54642
1.28476
0.0217471
0.0219093
0.0215938
0.0218592
0.0220438
0.0220237
0.0215825
0.022492
0.0214378
0.0864157
0.0221106
1.506
0.0215743
0.021528
0.0219253
0.02192
0.0226536
4.1454
0.0230115
3.02953
0.02154
0.0221188
0.0347228
0.0215806
0.141739
0.0231921
0.0219294
0.0394279
0.0215038
0.0219717
0.0224116
0.0217024
0.0286427
0.0398323
0.0216318
0.0221124
0.0220458
6.38175
0.023376
0.0215788
4.71009
0.0514354
0.0216215
0.0219178
0.153718
0.02281
0.021436
3.80473
0.212135
0.0228197
0.0214423
0.0222398
0.0351874
0.0215651
0.185092
0.0216135
0.0216765
0.0410173
0.0523675
0.0216075
0.021608
0.0215021
0.0217302
0.0217421
0.0408253
0.0219701
0.0217499
0.022111
0.0218469
2.92908
0.0222722
3.1835
0.0262431
0.0277365
0.0221421
1.7563
0.0219084
1.91583
0.0215264
0.0219595
0.45396
0.0219721
0.0227912
0.0216533
0.0247269
0.0217035
0.0269151
0.0215651
2.63532
0.0221583
0.0215727
0.0215328
0.0215714
0.101301
0.021776
3.85116
0.0219163
0.0247862
0.0214978
0.0220168
0.212427
0.0219995
0.107712
0.0218145
0.0230402
0.0221229
0.0221329
0.0224216
0.0219166
0.0219824
0.256499
0.0215694
0.021947
0.0225155
0.022057
0.0220541
0.0327092
0.0218597
0.021917
0.0218474
0.021619
0.0217612
0.0219962
10.6719
0.189108
3.54911
0.0214331
0.0235985
0.0221258
0.0263864
0.116905
0.222876
0.0318804
0.021567
0.0219781
0.0219542
0.0221438
0.0221145
0.0219112
2.63517
0.0505269
0.0219285
0.453302
0.0221369
5.8052
0.0219625
0.0218914
0.0218027
0.0215628
0.0214808
0.0218358
0.0216565
0.0217899
0.0414907
0.0228812
0.0219161
1.75168
0.0215634
0.0227186
0.0219866
0.0215964
0.0219243
0.300632
0.021786
6.60176
0.0219086
0.0215937
0.0351915
0.0218769
0.027273
0.076512
0.0216711
1.50737
0.0710889
0.0216022
0.0226033
0.0215248
0.239102
0.0216102
0.0276502
0.0229535
0.0217851
0.0217263
0.0218278
0.0219452
0.0224509
0.0217514
0.0223735
7.17339
1.84104
0.0229345
0.0219638
0.237686
0.0316506
2.02715
0.0218017
0.0218841
0.0219641
0.0223208
0.0219312
0.0216216
0.0215916
0.0219746
0.041954
0.0216559
0.0220142
0.025903
0.0219876
0.0296613
0.022042
2.48941
0.0218675
0.0219262
0.0231013
0.0402745
5.21389
0.0219038
0.0221554
0.0218788
0.0220966
2.09753
0.0224566
0.0219332
1.45248
0.0218283
0.0219963
5.01729
0.0220558
0.0218558
0.0214681
0.0219173
0.0217857
0.0220012
0.0352142
0.0217891
1.67302
0.0220987
0.0236863
6.88949
0.0219487
0.0216419
0.0220622
0.0214386
0.0216128
1.95041
0.0219716
0.0220106
0.0224766
0.0218742
6.71235
0.0218065
0.126278
0.0217146
0.0660373
0.166745
0.0719515
2.37152
0.0266134
0.0349074
0.0284399
0.0218796
0.0219916
0.0232138
0.171168
0.0575451
0.0215181
0.0220079
0.0219715
0.0217467
0.0216002
0.135366
1.5282
0.158069
0.0222782
0.0221622
0.0306688
0.0220117
0.0220461
0.0219055
0.0220152
0.0219465
1.30921
0.0230561
0.0223336
0.0215024
0.0636237
0.0216356
0.0220727
0.0217202
0.0215522
0.0219035
0.0220476
0.0484722
0.0217782
0.0255061
5.62968
0.0216654
0.0221047
0.0216689
3.81853
0.0215222
0.0217683
0.0454367
0.0219819
0.0713243
0.0217708
0.0215258
0.0225478
2.45774
0.0222525
0.0220939
0.0216785
0.0217768
4.24884
0.0231123
0.0217357
0.155933
0.0219109
0.0217616
2.05042
0.0222936
0.0222941
0.022293
0.0222925
0.0222919
0.0217334
0.0234883
0.0231173
0.0711192
0.0215765
1.93209
5.21298
0.0312874
0.0219022
0.0218023
0.021903
0.0220358
0.0217775
0.0221339
0.0217394
0.161958
0.0219254
0.0217891
0.0217515
6.23401
0.021952
0.0221346
0.0220214
0.0219564
0.0218967
0.0217855
0.0226529
0.0233416
0.0221603
0.0228128
0.0230866
0.0222379
0.0223573
0.0224869
0.0219766
0.0222858
0.0215418
0.021789
0.0217022
0.0225492
0.0217886
6.9827
0.0218677
0.0218454
0.0219308
0.0214194
0.0230008
0.0219749
0.0220043
0.0219238
4.93718
2.36132
0.0215606
0.0217834
0.140164
0.0346158
1.95575
0.0218347
0.0241946
0.0350551
0.0215507
0.0221515
0.0219621
0.0221984
0.0219213
0.159951
0.0290626
0.0338531
0.0219553
1.61982
0.0221245
0.0220809
1.4533
1.94512
0.0217184
0.0218665
0.0222615
0.0228754
0.0219185
0.0219964
0.0218405
0.0237035
0.0215581
0.130558
0.0217818
2.22402
0.0217902
0.0220132
1.07415
0.0228203
0.0218186
0.0224137
0.0218878
0.0220248
0.0278118
0.022168
0.346672
3.59719
7.36037
0.0217652
0.114577
0.021877
0.022098
0.0219802
0.0218444
0.021707
0.0219964
1.97822
0.0218111
0.0219321
0.0215945
0.0218454
0.02189
0.0215693
0.0225355
0.0219836
0.0217215
0.0219415
0.0220276
3.58434
0.0219326
2.3512
0.0222944
0.0219764
0.0217735
4.61828
1.54758
0.0215922
0.0216452
7.74107
0.0454516
0.0219364
0.0220269
0.0299646
0.0217775
0.0219229
0.0217831
2.26124
0.0220907
0.0220546
0.0222839
0.0218924
0.0219247
4.37435
0.0217406
0.0216829
0.0218065
0.0220776
0.0219207
0.0218934
0.0219511
0.0219254
8.91591
0.0221024
0.0220064
0.0216759
0.0309798
0.0217134
0.032661
0.0220386
0.0216784
0.0219516
0.0217824
0.0218846
0.0219605
0.0221211
0.021625
0.0217833
8.00073
0.0219679
0.0334806
0.0219709
0.0219046
0.0216394
0.0218533
0.0307565
0.0220191
0.0215162
0.0219264
0.021913
0.0241144
0.58484
0.0217378
0.0214847
0.0220317
0.0220584
0.0219974
0.156567
0.021794
0.0220048
0.0318228
0.0217526
0.0458503
0.0218365
3.98782
0.0219367
0.021781
0.0220531
0.0218547
0.0219496
0.0256282
0.02187
0.0220236
0.0219078
0.0219831
0.0221246
0.021742
0.0218899
0.0216514
8.30861
0.0219742
0.0222321
0.0826122
0.0238807
0.0217937
0.0215494
0.762725
0.0226646
5.00751
0.0217954
0.0929663
0.022284
0.0239777
0.0215347
0.0220294
0.0219143
0.0217621
0.0219206
0.0219168
0.0219524
5.00621
0.0214154
0.0220393
5.43445
0.0221212
0.0216159
0.0222379
0.0219234
0.0304917
0.0216996
0.0305349
0.0218624
0.022121
0.0221253
0.0221282
0.0218373
0.0219617
0.0243497
2.41549
0.0221345
0.0221304
0.021846
0.0220063
0.0216072
11.1493
0.0229389
0.022
0.0218955
0.0215831
0.0216959
0.0267966
0.0217916
0.0214642
0.022066
0.0219723
0.0214926
0.02253
1.24956
0.0220861
0.0218118
0.0222298
0.0220082
0.0220425
0.0214528
0.0220724
0.0220256
0.0220735
0.0221388
0.0214977
0.0219117
0.0220214
0.0219355
0.0221562
8.91616
4.72135
0.0220563
0.0234014
0.0218515
0.0255614
0.106665
0.0215899
0.0217954
0.0271497
0.0227362
0.0311404
0.021986
0.0219391
0.0219415
0.0219864
0.0215971
0.0218588
2.2607
0.0332507
0.0215664
0.0242586
0.0224106
0.252749
0.0216625
0.0216282
0.0215193
0.0217347
0.0219079
0.0798392
0.021842
0.103172
0.0435469
0.0243246
0.021868
0.0220824
0.0218443
0.0219089
0.0222758
0.0218951
0.0218811
0.0294973
0.0220459
0.0218241
0.0221604
0.0220341
0.0219758
0.0220092
0.0219877
0.0217307
0.0220106
0.0218966
0.0220287
0.0220154
0.034106
9.2927
0.0327839
0.0217198
2.82828
0.0220442
0.0216805
0.0594634
0.0222539
0.0218802
0.0218862
0.0218987
0.0219399
0.0216665
0.022031
0.0224305
0.0219174
0.0218937
0.0217937
9.51313
0.0217751
0.0219005
0.0293671
0.0217651
0.021752
0.0219834
0.022293
0.0221484
23.0999
0.0218825
0.0416307
0.0219724
0.0422492
0.126873
0.0214512
5.03537
0.0219494
0.0219638
0.0217109
10.28
3.09615
0.0215888
0.0275392
0.0221225
0.0229677
3.59363
0.0242916
0.0219526
0.021593
1.09848
0.0219725
0.022892
0.0220096
4.37446
0.0219358
0.0215263
0.021768
11.455
0.0217962
0.0219789
0.0220021
0.0216723
0.0220137
0.022089
0.0219985
2.64532
11.4601
0.0219958
0.0234059
0.0245855
0.0760301
0.0217186
0.176339
8.80184
0.0215577
0.0216436
12.6748
0.026679
0.0220154
0.0217993
0.0222929
3.09909
4.54482
0.022163
0.0221376
0.0225942
0.0220387
0.0219767
0.0224232
0.022256
0.0220474
0.021916
0.0330571
0.0215241
0.0234128
0.0224752
14.5385
0.0215561
0.0220585
0.0218318
0.0225191
16.4441
0.022129
0.0541175
0.0225936
0.0219944
4.87373
0.0220787
5.46511
12.5427
0.0218294
0.0221215
0.0219206
0.0224302
0.0219983
0.0218355
0.0271285
0.0214313
0.397973
2.11443
1.51347
0.0220002
0.0247261
0.0219461
0.0215667
0.0219959
0.0221429
2.17806
0.0220841
0.0220794
0.0218132
0.0221383
0.022182
0.0221638
0.0219999
0.021995
0.0221053
0.021516
0.0962536
0.0225429
0.070771
0.0220852
0.0218854
0.0218755
0.0220286
0.0216949
0.0220467
0.0225495
0.0245199
0.0216792
1.52768
0.0220974
0.0969266
0.0219205
0.0218912
0.074851
0.028944
0.0219248
0.0219817
0.0220308
0.0219272
0.0216041
17.7178
0.0413671
0.0218912
0.0215326
0.022115
0.0219976
0.0889195
0.0219938
0.0214868
0.0220434
1.35196
9.44156
0.0216905
0.021828
0.0219745
0.0219516
0.0232941
6.06385
0.0295575
0.0662109
0.0215909
0.0399785
0.122764
0.0221008
0.0222377
0.144484
0.0226342
0.0216467
0.184095
0.0236645
0.0230534
0.0217856
0.0489703
0.0220341
0.0219969
0.0609911
0.0219674
0.0236092
0.02198
0.0708864
0.0215139
0.0219959
4.60633
0.0259834
0.0221273
0.0308217
0.0216152
0.028468
0.0251297
2.51818
5.88971
0.0222235
0.0217114
0.0322203
0.0219975
3.68044
1.43488
0.0220822
0.0220547
3.01582
0.0216359
0.0221411
0.049725
2.77332
0.0627076
0.0216421
0.0219372
0.021888
0.0217966
0.0217199
0.0220314
0.039347
0.0220274
0.021497
0.0218767
0.0219593
9.38445
0.0321536
0.0221831
0.0233647
0.0215314
0.0220944
0.0287451
0.0220524
0.0366504
0.0218938
7.52169
0.021482
0.0217818
0.0370226
0.02218
0.0220983
0.0221924
0.0249875
0.0215188
0.022546
0.0215624
0.0218803
0.021686
0.0231464
0.0219902
0.021911
0.0220653
1.62348
0.0373429
0.0215816
0.0219232
0.0219248
0.0215161
0.0580839
0.0644883
0.0218579
0.0220432
0.0218123
9.36246
13.8574
0.0220642
0.0215884
0.0215464
0.021611
0.0222179
0.0218715
0.021773
0.0218403
0.0410495
0.0219211
1.19702
0.022027
0.0218279
0.0220174
0.0577534
0.0217196
0.0374706
0.0217848
0.0219511
0.0219227
0.0306367
0.0220113
2.90827
0.0219881
0.0222927
0.0220112
0.0217147
0.0303089
0.0225781
0.0218487
0.0215787
0.0220896
0.022006
1.59221
0.0480848
0.022074
0.0876477
0.0218213
0.0221406
0.0256148
3.46538
0.0220168
0.022238
0.0293653
0.0262647
3.20587
0.0216221
0.0218652
0.064283
0.0514538
0.0214218
0.0221147
0.0221746
0.0217729
0.0234278
0.0219292
0.0219073
0.0266052
0.0215089
0.0450062
0.0217752
0.0218177
0.0219374
0.0218269
0.0216524
0.0220495
0.174135
0.0222521
0.0218436
0.0217455
0.0216845
0.0218116
0.0219178
0.0318985
0.054068
0.0216949
0.0222018
16.9629
0.0553286
0.0612897
6.71545
0.0219156
0.0217421
0.0217062
0.0217088
0.0562872
0.0221227
0.101907
4.49003
1.64908
0.0220471
0.0222809
0.0215678
0.0222382
0.0219757
0.0260525
0.0222631
0.0260038
18.0329
0.0218076
1.15673
0.0254063
2.34669
0.0220648
0.0217523
0.0217035
5.14113
0.0217938
0.0222589
2.14428
1.63082
0.0219178
0.0218476
0.0223072
0.0216384
0.0217794
0.0542152
0.0217777
0.0218289
0.0262037
0.0220965
0.0218055
0.0216032
0.984692
0.0219277
0.0221298
0.0219558
0.0558104
0.0217648
0.0220111
0.0277907
0.0234528
0.021868
0.0625928
0.0356505
0.0239592
0.0504719
0.0230746
0.0219967
0.0218717
0.0217509
0.0216903
0.0218344
0.0221585
0.0221047
0.0261498
0.0221855
0.0219823
0.0508858
0.0459711
0.0219184
0.0215798
0.0220198
0.0220219
0.657193
0.0217315
0.0231408
0.0334474
0.393641
0.331689
0.0218567
0.0348629
0.0512917
2.44862
0.021884
0.0219838
0.0225438
0.0218607
0.0222724
0.0218964
0.0412778
0.0214297
4.71303
0.0219171
0.0219794
0.0217373
0.0219162
0.0220359
0.0222654
0.0220255
0.0221259
0.0222454
0.0219394
4.31717
0.0217668
0.0219371
0.461715
0.0220206
0.0220105
0.0471601
0.0219955
0.0220314
0.0268969
0.0221458
0.0218207
0.0222717
0.021947
0.021819
0.0219187
2.68889
0.0255875
0.0225925
0.0218809
0.0219021
0.0218689
4.89104
5.24743
0.0226865
0.0220004
0.0219119
0.0241752
0.0219573
0.0297955
0.0219149
0.0221956
0.0220409
0.58764
0.0379692
0.0217466
0.0351398
0.0219325
0.0302522
0.0221205
0.0216921
0.0221053
0.0221455
0.0217958
0.0217665
0.0218632
0.0221696
0.180726
0.0236417
0.0218594
0.0267605
0.0241793
0.0480575
0.0225035
0.0222526
0.0219527
0.0230137
0.0218859
0.0223501
0.0217054
2.71349
0.319072
0.022561
0.0339369
0.0215287
0.0219566
0.0218917
0.0216969
0.0219092
0.0223124
0.0220944
0.0219927
0.0221607
0.284835
0.0239635
0.0217105
0.0219219
0.11197
0.022016
0.0218697
0.0443032
6.05439
0.0219738
0.0218536
0.0219431
0.0218208
0.0219585
0.155016
0.0218229
0.0217172
0.0219027
0.0220064
0.0221461
0.0221686
0.0216826
0.0259542
0.0219419
0.123393
0.0221777
0.0232013
0.0369766
0.0219894
0.0220934
0.0219191
0.0222941
0.022089
0.0221364
0.0225622
2.58263
0.0220345
0.0217242
0.0491462
0.0220052
1.09097
0.130703
0.0219677
0.0220212
0.0220501
0.0217669
0.022027
0.0217012
0.021987
0.039842
0.0222926
0.0215924
2.79805
0.0222045
0.0220934
0.0222076
0.0217929
0.0669731
0.0274758
0.0220758
0.0219479
0.021655
0.0220373
0.0219317
0.0221077
0.0288865
0.0276394
0.0219793
0.0221535
0.0214527
0.0219798
0.021657
0.021923
0.0219905
2.88641
0.0232014
0.0219422
4.29031
0.022148
0.0220907
0.0222932
0.0221091
0.0219606
0.0219354
0.0221234
0.0221644
0.0220217
0.0218289
0.0222849
0.0221413
0.0218942
0.0222937
0.0221342
0.0221747
0.021889
0.0221744
0.0216684
0.0222865
0.0217814
0.0221243
0.0221205
7.18269
0.0220064
0.0220266
0.0218193
0.0355235
0.022045
0.0218929
0.0217628
0.0219245
0.0231201
0.022293
0.0221448
0.0217265
0.0222935
0.0221737
0.0221303
0.0227012
0.0222917
0.0222277
0.0218906
0.022293
0.0221047
0.136475
0.0218636
4.43311
0.0221524
0.0220574
0.0300801
6.90215
0.0226919
0.0219429
0.0220404
0.0215714
0.0221137
0.0220276
0.0217061
0.0266256
0.0217693
0.0219781
0.0221001
0.0389506
0.0234387
0.021805
1.68462
0.0480655
0.0218945
0.0218224
0.0220567
0.0231777
0.0219047
0.0236707
0.0244934
0.0217694
0.0215042
0.0221352
0.0220239
0.0220864
0.0220757
0.0221867
0.0222497
3.3982
0.0219895
0.022043
0.0221183
0.0216768
0.0455743
0.0217159
0.0221568
0.0221747
0.0221283
0.0220641
5.24349
0.0390429
0.0218453
0.021803
1.44674
0.0217479
0.0221233
5.87283
0.172133
8.26293
0.022173
0.0221683
0.0392019
0.0225467
0.0219586
0.0218234
0.0217065
0.0219484
0.0218079
0.0219948
0.0314424
0.0221058
0.0221272
0.0218475
0.021518
0.0219953
0.0217071
0.0218663
0.022142
0.021549
9.5423
0.0221786
0.0220183
0.0327445
0.0220382
0.021849
0.0220613
0.239938
0.0217827
4.88308
0.0219758
0.021823
0.0229889
4.95009
0.0220446
0.0220316
2.0066
0.0221982
0.023024
0.0220132
0.0219104
0.0323931
0.0216689
0.0284077
4.176
0.0219337
2.34819
0.0222419
8.81995
1.1967
0.0847917
0.0222428
0.0218912
0.0213976
0.0221274
0.0218381
1.93561
2.46825
0.0216615
0.0221751
0.0709839
0.0218816
0.0222359
1.00794
0.0218775
0.0222757
0.0219264
0.0416951
0.0953376
0.0218455
0.0228129
0.0220806
0.0219894
0.0216935
0.0950566
2.31694
0.0234194
0.0256672
0.0219248
4.02726
6.12914
0.0220585
0.0219115
0.0221995
0.0217032
0.0220228
0.0220319
0.0221968
0.0225384
0.0214135
0.0311282
4.34223
2.50984
0.0221427
0.0221822
0.38291
0.0221615
0.0223185
5.7577
0.0221556
4.54727
0.0257617
0.022181
0.0219169
0.0271179
0.0217533
0.194576
0.0221995
5.51993
4.99041
0.0220024
0.0222002
0.022121
4.79858
3.0262
0.021483
5.23314
0.0219685
0.0222301
0.0217881
0.0216766
0.283682
0.0267711
0.0218324
0.0221606
0.024443
0.0218071
0.0220083
0.022223
0.0221411
0.0218542
0.0216725
0.0780538
0.0222256
0.0214815
0.0623865
0.0221786
0.022203
0.0221382
0.0221266
0.0214488
1.54682
0.0224434
0.0266348
0.181039
0.0221905
0.0220909
0.0215765
0.0221718
0.0221901
0.0546186
0.0266041
0.0216543
0.0217139
0.0222029
0.0217248
0.0222289
0.0257925
0.0219752
0.0222081
0.0221171
0.0222072
1.58534
9.66313
0.0216278
0.0226582
0.0218306
0.0215492
0.0790208
0.0308637
0.0221522
0.0221865
0.0217371
0.0219599
0.0220707
0.0219503
0.0214473
0.0240137
0.0222435
0.0222153
0.0222086
0.0221615
0.0219927
0.0216809
0.0221521
0.0217456
0.0219999
0.0216557
0.022151
0.0222194
0.055783
0.0215299
0.022115
0.0217747
0.0221539
0.0220222
0.0221426
0.022662
0.167395
8.9787
0.0220923
0.0224535
0.0220462
0.0218325
0.0222454
0.0216692
0.0216844
0.0219206
0.021983
0.0237386
0.022246
0.0221992
0.0219136
0.0219301
1.63068
0.0222325
0.0219547
0.0216358
0.0218402
0.0217884
0.0215417
0.0254186
2.33604
0.0220993
5.07373
0.02208
0.0223774
0.0221107
0.0217366
0.045559
0.022137
0.0220572
0.0219203
0.0243315
0.0216549
0.0219652
0.0221842
0.021897
0.0216554
0.117938
0.0220526
0.0217236
0.0219533
0.0217472
0.0218159
0.124212
0.0218791
0.0239984
0.0221079
0.022081
0.200348
0.0225254
0.0215942
0.0219239
0.0217575
0.021783
0.0221721
0.022118
0.0216703
0.0246508
1.89876
0.0221933
0.0218298
0.0215518
0.0218807
0.022227
0.0220173
0.0220724
0.0222132
0.080387
0.0214801
0.0218912
0.0214635
0.0392871
0.0222192
0.0221787
0.0218787
0.0221079
0.0222224
0.0216184
0.021656
0.0218643
0.0216016
0.0218668
0.0220256
0.0216222
0.0215844
0.022165
0.0222272
7.66451
5.46899
0.0220642
3.74057
0.0220306
2.48302
0.0222317
0.0219734
0.0501405
0.0220346
0.0219092
5.06819
0.0218011
0.0217721
0.198949
0.0217698
16.8799
0.0224064
0.0221316
0.0221857
0.021788
0.021663
0.0224035
0.0218019
0.0221568
0.0218384
0.0221552
0.0221361
0.0217999
0.021774
0.0223026
0.0223182
0.0221579
0.0219042
6.4312
0.0220104
0.0414049
0.0221506
0.0222104
0.0215616
0.0217601
0.0486947
0.0221066
0.195378
0.0217381
0.0221292
0.02193
0.0217798
0.0219672
0.0221952
0.0289318
1.99615
0.0219414
0.0878229
0.0220689
0.0215478
0.0220566
1.68667
0.0219153
0.0217464
0.0223064
0.021936
0.0638533
0.0310029
0.0220569
0.0219093
0.0218632
0.0219536
0.021737
0.0219263
0.0221649
0.0218525
0.0254689
0.0220571
0.021961
0.0220135
0.0220838
0.0221504
0.0220874
0.0220935
0.0218601
0.0218293
0.0218365
0.0219499
0.0221301
0.0219694
0.204585
0.0219883
11.5406
0.0217215
0.192997
0.0219852
0.0218552
1.73339
4.58552
0.021874
0.0217391
1.60157
0.021904
0.0220574
0.0433977
0.0247172
0.0220868
0.024934
5.02853
0.0220162
0.0325183
0.0222002
0.0220007
0.0221725
0.0220893
0.0220319
0.022221
0.0222425
0.0219985
1.31111
0.0215015
0.0225678
0.0220725
0.037141
0.0218528
0.0222119
5.20176
1.52031
0.0221369
0.0222072
0.0242641
0.0215194
0.0216898
0.0219254
0.0220595
0.0261796
0.021917
0.0214963
0.0221159
2.41383
0.0220949
0.0220406
0.028693
0.0220767
0.0222227
2.87363
5.79929
0.0214848
0.0221878
0.0218746
0.140072
0.0221495
0.0214768
0.0216502
0.0217976
0.0219873
0.0220456
0.0220478
0.0222857
0.0218547
0.0218851
0.0215761
0.0214993
0.0218012
0.0220695
0.0214622
0.0281063
0.0217324
0.0222847
0.0220228
3.80279
0.021649
0.0218136
0.0217779
0.0220811
0.0220238
0.0217933
0.0220922
0.0221997
0.0220589
0.0221434
0.0216749
0.0220526
0.0220484
0.0222179
0.0216258
0.0221847
0.0214671
0.0217052
0.0218012
0.021926
0.0221595
0.0221634
0.0221027
0.0218606
0.021967
2.14207
0.0219255
0.0219635
0.022001
0.0221255
0.0218652
0.0274919
0.0251147
0.0312515
1.83337
0.06565
0.0219799
0.0214902
0.0217135
0.0221763
0.022196
0.0227091
0.0216916
0.0220892
1.42711
0.022059
3.91865
0.0215259
2.67673
0.0220739
0.0223197
0.0216782
0.0216206
0.0221819
0.0215389
0.0219589
0.0219709
0.0217756
0.0278787
0.355847
0.0221477
0.0219203
0.0217193
0.0221814
0.0378464
0.0220206
0.0219388
0.0221669
0.0219838
0.135809
0.0214349
0.0221846
0.0220308
0.0220404
0.0221665
0.0221874
0.0220604
0.0217648
3.45401
0.0220949
0.228154
0.0296479
0.0219338
0.0218604
0.021892
0.0219842
0.023292
0.0222186
0.0222458
0.0442191
0.0220087
0.0221683
0.0218871
0.0412039
0.138569
0.0222251
0.0220011
0.0216796
0.0218567
0.0219821
0.0221808
0.0269768
0.0220684
0.0236607
0.0347118
1.75816
0.0219627
0.0219408
0.0219491
0.0295029
0.0388279
0.0221605
4.69033
3.17541
0.0219565
2.88887
0.0219306
3.97424
0.0218904
0.0219431
0.0220274
0.0216965
0.0220566
0.0221682
0.0219451
0.0221529
0.0222028
0.0232324
0.0219468
0.0221104
0.0214344
1.46472
0.0215752
0.0218424
0.0255937
0.0304807
0.021684
0.022424
0.0220355
0.0217978
0.0221498
0.0216368
2.20125
0.0220488
4.93926
0.0219482
0.0221325
0.0223827
0.0219041
0.0216462
0.022539
0.0219252
0.021838
0.0215868
0.021748
0.0220282
0.0220481
0.0233461
0.0222048
0.0233695
0.022015
0.0221156
0.0220028
0.0220957
0.0294613
2.33848
0.0220028
0.0215183
0.0219637
0.0221388
0.0218371
0.0218569
2.37801
0.0217924
0.0220091
0.0259747
0.0844048
0.123769
0.0219368
0.0215077
1.93613
0.0220159
0.021551
0.0342137
2.44714
0.0218444
0.0219193
0.0219519
0.021708
0.0220025
5.46833
0.0424781
2.21701
0.0217328
0.0249819
0.0221448
0.0218553
0.0215798
0.0214571
0.021693
0.0218629
1.46674
0.0220095
0.137985
0.0218323
0.0216972
0.0220019
0.0219503
0.0218129
0.0222673
0.0216821
4.0772
0.0222061
6.01352
0.0221184
0.0218664
0.0219744
0.031754
0.0216839
0.0218496
0.0217163
0.0215514
0.0394171
0.0233769
1.81344
0.0218961
0.0218865
0.0214001
5.29121
2.40013
0.0218607
0.0218412
0.0222693
6.75838
0.0218594
0.0217098
0.0222241
0.0216771
0.137218
0.0217746
0.021821
0.293561
0.0219299
0.0219946
0.0219474
1.94238
0.0367746
0.0218098
0.0216759
0.0218913
0.0219544
3.38482
0.0218443
0.0221176
0.0218087
0.0219897
0.026121
0.021831
0.0219655
0.0217383
0.0218096
0.0222051
0.0235193
0.0326389
0.0219474
0.0218989
0.0220966
0.0221389
0.0219376
0.0220622
0.0219706
0.0222261
0.0218421
0.021904
0.0242522
0.0223957
0.0219432
0.0224348
0.0221072
0.0221028
11.1916
0.0220761
0.0224822
7.32486
0.0219841
0.0221569
0.0219973
0.331435
0.0215396
0.0232047
0.0374563
0.0216641
0.0222538
0.0221881
0.213429
0.0220566
0.0219452
0.0218176
0.0221104
0.022007
0.0788207
0.0257779
0.0242067
0.0218718
0.0217312
0.0221926
0.021848
0.0219971
0.0216221
0.0225161
0.222727
0.0219149
0.0221127
0.575186
1.52112
0.0219365
0.021976
0.0221021
0.0623595
0.0774832
0.0218941
0.0219208
7.8419
0.0219391
0.0219325
0.0220931
0.0216861
0.0220858
0.0222282
1.65659
0.0221609
0.0221054
0.0219064
0.0218306
0.0221281
0.938287
0.021889
0.0218889
0.0218952
0.0333263
0.0221976
0.0218576
0.0219682
2.86885
0.0216418
0.0221436
0.0218197
0.0222057
0.0217259
0.0233711
0.0219627
0.021859
0.0219051
0.0652063
0.0221486
0.0222078
0.0221437
0.0220621
0.0222271
0.0220666
2.80409
0.0220486
0.0631418
0.0222343
0.0217281
0.0222136
0.0222048
0.0216322
0.0217023
0.0216702
0.0218159
0.146364
0.0267224
0.0218293
0.0463783
0.0214645
0.155803
0.0221362
0.0217194
0.021667
1.28696
0.0217267
0.021828
0.0215346
0.0218281
0.0260342
0.022063
0.0218731
0.0216687
0.0215793
0.0220147
0.0217026
0.0214829
0.659424
0.10984
0.0218181
0.0220629
0.0220612
0.0218257
0.0265518
0.0216142
0.0220738
0.0218286
0.021944
0.0222466
0.0219096
0.02165
0.0263743
0.0297345
0.0221673
0.0218207
0.02179
0.0215988
0.0226449
0.0219353
0.0221127
0.0219622
1.24518
0.0219698
0.0221128
0.0217563
0.0219269
0.0229528
0.0217869
0.021761
0.0218731
0.0216545
0.0214502
0.0298191
0.0218216
0.0219435
0.0215942
0.0219734
0.021654
0.0220557
0.0751725
0.0221864
0.0215716
0.0225367
0.021938
0.0218871
6.08362
0.0217648
0.0218335
0.0216859
1.01424
0.0217447
0.0219301
0.035032
0.0355501
0.0214666
0.0222463
0.022219
0.0217536
0.0219607
0.0219299
0.0218361
0.0386199
0.022526
0.0221075
0.0221203
0.0219867
0.0220508
0.0218316
0.021705
0.0235896
3.35471
0.0219558
0.0219407
0.0219471
0.0216789
11.567
0.0218965
0.0219438
0.0219844
0.0220953
0.0224406
0.0214994
0.021834
0.0219825
0.0224082
0.0219582
0.0219378
0.0369408
0.0255366
0.0220794
0.0765436
0.021823
0.0217547
7.0483
0.0218442
0.0220361
0.0219251
0.0221993
0.0219557
0.0217559
0.0222071
0.0217922
0.0218072
26.1024
29.258
28.1095
3.11193
0.0216142
0.0218942
0.0217503
0.0219105
0.0227346
0.0217738
0.0217204
0.0221442
0.0220742
0.0220638
0.021516
0.096845
0.0221283
24.438
0.0221491
0.0221116
0.0221803
0.0700962
0.0217359
0.0218225
0.022128
0.0217553
0.0218787
25.6604
0.0218047
11.6577
0.229517
0.0218874
9.13356
0.0218351
0.0641705
0.0217491
0.02218
0.0651828
0.0238029
0.0220631
0.0221442
0.0218598
0.0220619
0.0218918
0.0218496
0.0217538
17.4724
28.9172
26.3812
20.4691
23.1789
27.2604
18.4688
13.9543
21.277
12.3659
26.8904
24.6062
13.8878
28.7102
24.4414
27.2643
12.7166
30.1034
6.82211
21.7129
0.0221573
0.0217479
0.0215352
0.0658305
0.021751
0.0216822
0.0218464
0.02224
0.0222264
0.0218847
0.0219976
0.0218319
0.0218249
0.0218586
0.82634
0.0220033
0.0562977
0.0218816
0.0221388
0.0216392
0.0218897
0.0218331
0.0220246
0.0214365
0.0218428
0.0218788
0.0219219
0.0219251
0.0221816
0.0218635
8.18765
8.94959
8.43674
7.65911
6.58626
0.0219291
0.0222191
0.06527
0.0221798
0.0218165
0.0218675
0.0217609
0.0221234
0.0218761
0.0629919
0.0220785
0.0218343
0.0218156
0.0219459
9.49311
0.0218186
0.021919
0.0218593
0.0215463
1.98438
0.0218902
1.66856
0.0388661
7.7971
0.0253363
0.0423344
7.29136
0.0220106
0.0217234
7.56586
0.184176
1.81695
1.80455
0.0338044
0.0214847
0.0230895
0.0216008
0.0218328
0.0215112
0.0217186
0.0217835
0.0221993
0.0222166
0.0579202
0.0267318
0.0218564
0.0217121
0.0220762
0.0222398
0.0228524
0.0219138
0.0217717
0.0253388
0.0216956
0.0218809
0.0217209
0.0218732
2.3679
0.0217557
0.0222393
0.0221791
0.0220883
0.0216347
0.0220423
0.0221614
0.0216411
0.0221992
0.021885
0.0216657
0.0219351
3.29213
0.0214945
0.021961
0.0216024
0.0538535
0.0219294
0.0219487
0.0222114
0.0218475
2.51706
0.144655
3.24971
0.0216249
0.0218216
0.0218159
0.0218636
0.0221306
0.0221004
0.0219682
0.0218364
0.0218471
0.0218008
0.021827
0.0250943
0.0797363
0.0216336
0.0218853
0.021934
1.44602
0.0218267
1.4997
0.022506
0.0218359
0.0218285
8.99528
0.0216598
0.0219278
0.0220973
0.0219329
0.0214297
7.44426
0.0215294
0.0221861
0.0520911
0.0220685
0.021966
0.0300975
0.0409402
0.0216605
0.0218192
0.0224673
0.0218773
0.0216849
0.0502691
0.0220987
0.0218363
0.0224105
0.0216032
0.637604
0.022451
0.0219724
0.0222355
0.0219207
0.0219913
0.810329
5.24144
0.021855
0.0219355
0.0220927
4.60525
0.0216625
0.0356805
0.0216402
0.0220301
0.0216135
0.0218149
0.0219601
0.0219538
0.0216643
0.0215984
0.0216683
0.0222182
0.027008
0.0220728
0.0216899
0.0215299
0.0217067
0.0222675
0.0240967
0.0218127
0.0217907
1.65016
0.021814
0.0214157
0.0216761
0.0342535
0.0217677
0.0214808
0.0213956
0.047039
0.022046
0.0217609
0.0220643
0.0216667
2.14319
7.90143
0.0241948
0.0213972
0.0222297
0.0217574
0.0220836
0.0219686
0.021948
0.0214969
0.0217979
0.0222937
0.0226283
0.0216772
0.0263606
0.0473652
0.0220409
8.2851
0.0220081
0.0221016
0.0217671
0.0221312
0.0216494
0.0217203
6.24421
0.0227144
0.0215325
0.0217241
4.88607
0.0221428
0.0221817
0.0458394
10.0618
0.0219354
0.0214838
0.0289095
0.173656
0.0216968
0.0219611
0.0442413
0.0216221
0.022003
0.0221614
0.0215339
0.0221692
0.0216628
0.0216804
0.0220075
0.0215432
0.118851
0.0222745
0.0322516
0.0411333
0.0221722
0.0220637
0.180362
0.0214463
0.0219824
0.0216696
0.0220403
0.021486
0.0218879
0.025037
0.0220491
0.0221747
0.0220081
0.0219549
8.79374
0.02184
0.0218896
0.0219651
0.243816
0.0217123
0.0221137
0.0222599
0.0219239
0.0456479
26.4784
26.9995
0.0218315
0.022035
0.0221942
0.0222485
0.021764
0.0601023
0.0218686
0.330112
2.6517
0.0416221
0.0215311
13.315
0.0220785
0.0222604
0.0215348
0.0221187
0.0217337
19.9554
0.0222348
0.0394248
0.0438891
0.0214822
2.42943
0.021718
4.16497
0.0215645
0.0217378
0.0217532
2.68348
0.0279119
0.0219912
26.7928
0.0264229
0.0220069
0.0216785
0.0219419
0.0234321
0.0216975
0.022073
0.0218768
0.022096
0.0218421
0.021889
0.0217684
0.021481
0.022239
27.5271
25.8769
0.0219223
0.0222164
0.0224014
0.0221877
0.0229679
0.0217102
0.0218031
0.0219277
0.0218381
0.0221249
0.0215007
0.112029
5.0259
0.021825
0.021563
0.0220069
0.0214961
9.46837
13.5568
0.0216692
0.023535
0.0222557
0.0218816
0.173396
0.021878
0.0217024
0.0220893
0.0234146
0.0221244
0.0216264
0.0215362
0.0219205
4.13745
0.021888
0.0248572
1.46776
0.0287525
0.0219707
0.0216709
0.0218739
5.32309
0.0221635
2.69421
0.140752
0.0232576
0.022108
0.0218743
0.0299355
0.022138
0.0216283
0.0311104
0.0221874
0.0230334
0.0220447
0.14727
0.0218917
23.6419
25.828
0.0220893
0.0218244
0.0319296
0.0220922
0.0218144
0.0220119
0.0221063
0.0218455
0.0219731
0.021651
3.12809
0.0218398
0.0215445
0.0229125
0.0218832
0.029847
0.0216762
0.0218734
0.0215287
0.0219255
0.0220726
0.0218448
0.0218329
0.021898
0.021849
0.0220255
0.0219646
0.154896
0.0215304
0.0224426
0.0221285
18.1325
0.035148
0.0216622
0.0250832
0.0218985
0.0398201
1.70718
0.0228647
0.021938
0.0838469
0.0218419
0.0221615
0.0228841
0.0218825
0.0940427
0.0219178
0.0226492
0.0219292
0.0218497
0.0220893
0.0216457
0.0216588
0.0214857
0.0216859
10.1701
10.5104
0.0297413
0.0216909
0.0221792
0.0498329
0.0216343
0.0220019
0.0218602
0.109101
6.676
0.0221976
26.6346
0.179129
0.0219253
0.0218785
0.0214722
0.0708937
0.0218355
0.0218303
0.0220952
26.2393
0.056066
0.021887
0.0221457
0.0217719
0.0217465
0.0441353
0.0218169
0.0217203
0.0229917
0.0214807
0.0220456
0.0249671
0.0220959
1.1858
2.12635
0.160573
0.0220531
0.0219479
0.021808
0.0217007
0.0218653
0.10698
0.0218007
21.0979
0.0259398
0.0219795
0.0217784
2.07298
0.0218455
28.1909
0.0723089
0.0232235
10.68
0.0215623
0.0221373
0.0220581
0.0218933
0.0221938
0.0393049
0.0241127
0.0645379
27.805
28.4887
0.0221054
0.0221218
0.0329821
0.0237846
0.0218892
0.0220212
0.0225914
0.0217451
0.0219308
0.117204
0.0219955
0.0220742
11.8303
8.38657
0.0219488
0.0248939
0.1516
0.0221828
4.3354
0.0225581
0.0460549
0.0219002
12.5041
0.0218057
3.19579
2.30546
0.0215254
4.35349
1.62453
0.158531
0.0222078
0.0215615
0.0334479
0.13744
30.9116
0.0218417
26.3768
0.0219816
0.0220457
0.115791
1.18863
0.0219379
22.6322
4.38832
0.0215776
27.8641
0.0217749
4.50754
0.0219206
0.0221348
17.3387
0.0219785
0.0218741
12.7426
3.63677
0.0218807
0.0242357
0.0220149
12.7893
0.031847
0.0218455
0.021909
0.0215256
0.0217099
0.0214319
0.0216633
24.4733
0.0215134
1.50891
0.0220734
0.0218046
0.021844
0.0220593
0.0218614
0.022155
0.0220445
0.022514
0.0765979
0.162171
0.0255681
0.0215704
6.22063
7.05317
0.0218703
0.0220818
0.0266402
13.0111
0.0222284
0.0279356
0.272589
1.01902
0.0371793
0.0349011
0.0221743
2.53931
4.69873
1.16406
0.0247946
0.0858611
0.0220634
3.68206
0.0221858
0.0219291
0.0343184
0.0346568
0.0214726
0.0218721
0.0218803
0.0220299
0.935043
0.022092
0.0219426
0.15097
0.0216368
1.64377
0.0218746
0.0251184
0.0217397
0.0347281
0.0221803
0.0221319
0.0220554
0.025346
0.02177
0.0218891
17.9967
0.0220193
3.91966
0.0218584
0.0219341
0.0220035
0.021737
0.035093
0.0218803
0.0219687
0.02219
0.0218537
0.116742
0.0218622
14.603
0.0267705
0.0218713
0.0217672
0.0218555
0.022016
0.0219188
2.29044
0.0257542
0.0222368
0.133628
0.0224185
0.022051
0.0220303
27.8558
6.70015
0.0422667
0.785106
2.86748
0.0245237
0.193641
0.0221388
0.0218622
0.0221342
0.0543899
0.0219199
0.0216538
0.0946647
0.0259787
2.59471
0.0221561
0.0670278
0.0222098
0.0217503
16.6948
0.454513
0.536628
0.0219508
0.0218463
0.0219837
0.0216533
0.0352088
0.0246737
16.3439
0.0218605
0.0223878
0.0215072
0.0222472
0.0215382
0.0217095
3.37637
0.02198
0.0223092
0.0220504
0.03
0.0219041
0.0461315
0.2801
1.72845
0.0217968
0.139726
0.0258062
0.0222645
0.0257842
0.0219263
0.0218891
0.0254262
0.0221727
24.4245
0.0219176
0.0248882
0.169798
0.0219611
0.113144
0.0217459
0.156252
0.0224008
0.021842
2.37712
0.0755251
0.0220672
0.0215643
0.0294747
0.0217748
0.0382415
0.0324183
0.039055
0.0225689
0.0218174
0.0218543
0.0217013
17.3751
0.0221909
0.0214123
0.0219191
0.041654
0.0287253
0.0217563
0.0222787
0.0223032
0.0217751
0.0220563
0.0220123
0.0220117
11.4654
8.29831
0.0235826
0.022285
0.0222837
0.086887
0.0217709
0.0221776
0.0709732
0.0221398
0.0229791
0.0216351
0.0220171
0.0217785
0.0215518
0.0219918
1.92847
0.0824088
1.36584
0.0338831
0.0219781
5.95743
0.0219942
0.0217504
0.021917
0.0674317
2.79269
0.0217655
0.0329124
0.022187
0.0241092
1.46782
0.0217822
0.0221524
0.0221527
0.546668
26.6931
0.0244216
0.045398
1.56333
0.0216823
0.0219216
0.0218443
0.0217136
0.0217188
0.0216855
1.89151
3.06386
3.89882
0.0219608
0.0217325
0.0233225
0.0227616
0.0222695
8.22924
7.96082
2.65328
0.0215158
0.0217052
0.0275017
0.0217285
0.0219514
0.0226461
0.0230382
3.23103
0.0221431
0.021772
0.0218259
1.81325
0.124281
0.0215967
1.77564
1.4477
7.57759
0.0219045
2.70309
0.0475718
0.0222745
0.0217585
13.7182
0.0274362
1.7304
0.0218123
1.72158
0.0217505
0.0218076
0.0235996
0.0219862
8.21756
0.0913607
0.0236327
0.0239878
0.0220783
3.27835
0.904712
0.251711
0.161376
0.0216875
0.0457274
0.0228848
2.16632
1.28022
0.0218177
3.54836
0.0217131
2.02428
0.0221595
0.0243993
0.0216849
2.97993
30.876
0.0793846
2.35575
0.0217731
0.0217153
0.0222866
0.0214486
0.0219318
0.022262
0.0218676
24.5029
0.0274452
0.0221713
27.0736
0.0219952
0.0221048
0.0217889
2.1826
0.0228557
0.0217341
0.0217216
3.26555
0.0230033
0.0696993
21.7241
0.110494
0.0216916
0.0224067
1.74862
0.0292946
29.8857
0.0254383
0.0281834
0.0215167
27.4102
0.0386389
0.0415244
0.0221232
0.022274
0.0220528
0.0229629
0.022398
0.0346442
0.0859703
0.0215681
0.0214985
0.0214995
0.0216456
0.0216965
18.33
2.02839
0.123616
2.3159
0.116961
1.46389
0.0220731
0.0221902
0.0216153
0.0216734
0.0221505
0.0255655
0.0219049
0.02319
0.0215069
0.0222357
0.18699
0.0367237
0.0220787
0.0215405
0.0227599
0.0221382
0.0222498
0.122365
0.0246378
0.0220225
0.0216311
1.79254
0.0220913
0.0233914
18.3228
0.0216182
0.0217977
0.0608978
0.0219613
0.0221261
0.0223778
28.6776
0.0216774
0.0222316
0.0225279
0.0227775
0.0229491
0.0228471
0.0217613
0.026324
0.155539
0.0221927
0.0223047
0.0310314
0.0375439
0.021764
0.0222423
0.0217294
0.0221752
0.943624
0.0214661
18.0739
0.0215094
0.0224949
0.0970315
0.0645585
0.0265184
0.0287751
1.05891
0.0218386
4.93251
0.0220841
0.0775983
0.0222453
0.0272891
0.0218909
0.0223558
0.0223972
2.37778
0.124793
0.0223472
0.315696
0.0222425
0.0225608
0.022049
0.219834
0.212774
0.0275393
0.100185
0.211728
0.0237697
0.0219944
0.273896
0.0225238
0.0220454
0.0343506
18.0769
0.350271
0.0284831
0.0222089
0.0743358
1.55305
0.520393
0.0221676
0.0221319
0.0346377
0.0227334
0.0215124
0.440415
23.2255
0.0264803
0.146593
0.0262664
0.0220372
0.0216925
0.021792
0.0249701
0.0219231
0.0220776
0.065275
0.0214539
0.0218
0.0225438
0.0221914
0.0220993
0.0218503
0.0221465
0.112361
0.0220245
7.30694
0.0225624
0.0218519
7.6117
0.0270417
0.0225994
0.791688
0.0215244
0.0219302
0.023164
0.0301814
0.058866
0.0219803
0.0219668
0.0231646
0.0218914
0.0221497
0.0402629
0.0651016
0.0227813
0.224065
0.02216
0.0221902
0.0214633
0.0230259
0.0565209
7.8934
0.234009
0.0218922
0.0281382
0.0283706
0.0603875
0.027061
0.0257486
0.024533
14.1195
0.0323035
0.0218846
0.0244925
0.0258788
0.0220425
0.0218274
0.024849
0.0523706
0.11195
4.02278
0.0216176
19.8922
19.9988
0.0230635
0.0223425
0.0217347
0.0223626
0.755046
0.0228687
0.0249027
13.4094
0.0833144
0.0214659
17.5168
9.61395
0.0227331
0.0222976
0.0231955
0.024158
6.04098
0.0550799
0.0236085
1.83278
3.31816
4.22305
0.0503128
0.0283108
1.06985
15.7034
0.0299416
0.257812
0.0220006
11.9532
13.0211
0.0223144
0.0220023
0.0220195
0.0216663
0.0506535
0.0222111
0.910675
2.74312
0.0224383
0.200047
0.0983682
0.0228296
0.0234012
0.0218034
0.0316228
0.137922
0.0239542
0.0222225
3.23342
0.0233349
0.0219864
0.0220787
0.0215457
0.0220608
0.0293669
0.023512
2.35548
0.0221614
0.0230734
0.0219122
0.0411525
11.0027
0.0217568
0.0251766
0.0217237
1.75425
0.0218343
0.0214486
0.0342858
0.0218878
9.01522
0.022159
0.0219192
0.0221912
0.0218515
0.021507
3.06227
0.0371105
0.0477119
0.0614936
0.0219626
18.7256
0.0221556
0.0227779
1.68566
1.01246
6.10871
0.0296129
0.022441
4.84369
0.0238352
18.9513
20.0734
0.024548
0.0220225
1.69278
0.0222777
0.0222189
3.13624
0.12676
0.0250283
0.198363
1.75792
0.0239083
0.0218765
0.022045
3.19768
6.02555
0.0360944
3.74323
0.0664639
0.142449
0.0250999
0.0220086
0.0242939
4.36123
0.0272045
0.0240964
3.7674
14.4625
0.0217037
0.111118
10.1596
0.0273883
2.40141
0.0248733
0.0214899
0.0293973
0.0218803
0.0483529
0.0219552
0.125423
0.0214982
0.0219651
0.0214309
0.0220504
0.0220014
15.308
0.0220681
0.0951294
0.0223592
0.0219176
0.0216377
0.0218616
0.0534556
0.0223038
7.16239
15.7096
0.0237596
0.0253339
0.0222062
0.0268756
0.022698
0.0219964
0.0237737
0.0222287
0.0215996
0.0219341
0.0217147
0.0216882
0.415343
0.0224137
0.0218659
0.0220887
0.0220227
15.3776
13.3699
0.047277
0.0233415
0.0228094
0.141865
0.0219184
0.0220964
0.0222711
0.0305101
0.0217596
0.0218127
0.0260104
0.0290208
1.62171
17.0568
0.0218288
0.0219312
0.0216648
0.0230612
0.0216981
0.0217399
0.0214719
0.0229894
2.92753
19.9115
0.0240874
0.0221465
0.0270258
0.0219503
0.0222586
0.028325
1.69925
29.0559
0.022034
0.915243
0.0244529
0.0217724
0.0222478
0.0247117
0.0219218
0.0230459
1.10148
0.0218568
0.0217789
0.0215407
0.0231085
7.26211
0.0220539
0.0297714
2.49635
7.55435
0.0244084
10.5731
0.0262665
0.0304263
0.0220455
3.59791
0.0221018
2.16757
0.0218836
0.0221107
0.0359087
0.0298698
0.0222567
3.43003
0.0221441
0.0221268
0.0218061
0.0221631
0.0217341
0.0236017
0.0250008
0.0223311
0.0298809
18.6286
0.0234195
0.928968
0.0222005
0.0263332
14.5024
0.0261545
0.0225854
10.7518
0.0218268
0.0221553
0.0220729
0.0225628
0.0317994
0.0222151
8.93421
0.0243622
0.0218529
0.0281491
3.6379
0.0221679
0.022307
0.0223144
2.38464
2.02123
5.0512
0.248801
3.34171
0.0265933
0.113991
0.0257298
0.0275735
0.0216917
0.0221384
0.0238144
0.0222056
0.0221597
0.0216471
6.13372
0.0236279
0.021902
0.126203
0.0221707
2.52813
0.0574472
0.0227704
0.0218902
0.0222802
0.0233467
0.0223902
0.0248918
0.0242155
0.0219108
0.0219341
0.0217578
0.0232486
0.0507699
6.11314
0.0276129
5.18809
4.23084
0.604339
13.7567
0.0225623
1.6765
0.0690857
1.69378
0.0332883
0.0233506
0.0222806
0.0219936
35.0069
0.0252576
2.56649
0.0287094
0.0225885
0.0239839
0.0271876
0.0221779
0.0223241
4.1024
0.0217093
0.0249522
21.6015
0.0227686
0.0219383
0.0288946
0.0216793
0.0218714
0.032328
0.0224711
2.37028
0.0222393
0.112764
0.0224766
1.59467
0.02332
0.0222124
4.71188
0.0228784
0.189613
0.0216509
0.0224529
5.06221
19.3355
0.0215138
3.60602
1.43867
1.97358
0.13296
0.0255244
0.0217724
0.0257336
2.87807
8.10129
0.0227206
0.0221416
31.0786
0.0218887
0.0639299
0.0226552
0.0221217
0.0783154
0.0681575
0.0220098
0.0218678
0.0226731
0.0215496
0.0216718
0.045692
0.0254341
0.0309982
0.0419736
0.0262333
2.32686
0.0348093
0.0293753
6.98555
0.0284069
0.0220662
0.138725
0.0273646
0.0237541
3.50779
0.0216679
0.0617911
0.0226881
0.0216964
0.0222683
0.126764
0.0218077
9.08232
8.4822
1.65595
0.0217759
0.021482
0.0287071
0.0220405
0.07019
20.3428
20.4415
0.0225504
0.0218922
0.0256765
0.0303115
0.027588
5.48247
0.0262966
0.0263088
0.0416522
0.0221583
0.0290092
0.0253331
1.96774
0.0275456
0.0216435
1.68112
1.43782
0.0219211
0.0221995
15.2159
0.0314023
2.18105
19.3008
0.0229706
0.0244428
0.023808
0.023329
0.0219832
0.0224343
0.0265157
0.0229159
0.0451394
9.9847
0.0220874
0.0219186
0.176727
2.08595
0.0221973
0.0222357
0.0217991
0.0287786
0.113411
0.0218545
0.0220182
2.24406
0.0232127
0.0222244
0.0219187
1.93079
0.0216358
1.59006
17.1089
0.0217791
0.0937589
0.0327207
2.07664
0.0230628
0.0868309
5.70918
7.17653
0.0312467
0.0240789
0.0222265
0.032592
0.050051
34.3895
0.0217835
0.021473
0.0219735
1.71461
0.0275884
1.9192
0.0218925
0.0604186
0.035081
0.0306145
0.0221051
0.0553944
0.021914
0.0683803
8.09525
0.0343935
0.0217326
0.0221042
2.16195
0.0222273
0.0221327
20.3761
0.0216633
0.0244347
12.6933
3.82319
0.0216316
0.0229059
0.0220642
0.0284238
4.31285
0.0236827
0.0488149
0.0214645
0.729363
0.021631
0.128639
14.6185
0.0218892
0.0221988
2.13289
0.0222226
0.0216817
0.0216493
1.95574
3.42759
0.0222874
0.0219186
0.021801
0.0218019
0.0217291
0.909302
0.0218527
17.2563
0.0217245
0.021703
0.0218569
0.0218217
0.0222801
0.0307587
0.0221652
11.4127
10.8608
0.0242709
1.80741
0.147478
0.160287
0.0247909
0.0218833
0.0327071
0.15667
0.0219928
0.113956
0.021665
2.87237
0.0221793
0.0218482
0.0252534
0.0262815
0.0236983
0.0216355
1.74327
0.0228045
12.1828
0.098159
9.98161
0.0220406
2.46215
0.103739
0.0222339
0.0744868
0.103903
0.0250209
0.030764
0.0214791
0.068924
2.21825
0.0218963
3.85841
0.0221117
0.124065
0.0219237
0.170435
1.81143
0.0228164
1.88929
0.0215499
0.0231047
0.0888078
0.034174
0.501918
0.0218565
0.0232016
0.0330978
0.0800917
1.87825
0.0218441
0.0218813
0.0219479
2.31595
0.0239019
0.0271568
1.67162
0.0226901
0.022907
0.0214266
0.0361439
3.4281
0.0541624
0.0293987
0.0221447
0.424527
0.887368
0.0222513
0.0267731
0.0219047
0.0217761
0.022207
13.2016
0.0568595
0.0604374
0.0354731
0.0216061
18.6291
19.3847
0.0222156
0.0235454
4.93942
0.02413
0.0229577
0.0217202
0.0257481
0.0217635
0.0222482
0.0301571
0.0248292
0.0223612
0.330488
0.0219915
1.8185
0.0773559
1.90828
0.0534413
0.0359683
0.0215163
0.333053
0.0326417
0.0222396
0.0218854
2.3116
0.0215024
1.51577
3.01301
6.10637
0.0363411
0.0255467
0.0258833
0.0223072
0.0220669
1.3116
0.021787
0.0758939
0.0218901
14.5867
0.021849
0.0217746
0.0238447
0.0222366
2.64275
0.0263666
0.0453009
20.8706
0.0508329
0.0262388
7.79213
0.0219213
0.0230304
0.21868
6.73755
0.676386
0.190082
0.0219035
0.0221557
2.10702
0.0273398
6.97646
0.103353
0.511018
1.71182
0.0220196
2.14144
0.0861822
0.021664
0.207516
0.022082
0.0320337
5.54267
0.0220713
0.0288865
0.0221453
3.02233
0.0228344
0.0221386
0.0218689
0.0220147
3.84695
1.91347
0.816231
1.77251
1.8385
8.68869
0.0283086
0.0219091
0.026844
0.0216292
0.0214635
0.372602
0.0219654
19.5918
0.0296636
16.56
0.0245727
0.101425
0.0616215
0.0220305
0.0216279
0.0216966
0.02909
0.0223275
0.0324284
1.10413
17.1122
0.022414
7.07238
0.0218279
4.44755
0.0222393
0.0866025
16.1355
0.113951
16.0262
0.0221006
0.0219629
0.0389305
0.021903
0.0273042
4.82325
0.104633
4.74328
0.0371983
5.68484
0.0360871
0.637961
0.0214166
2.12513
0.0329543
0.0219254
0.0221537
0.0230808
2.33592
0.0296654
0.0216065
1.02522
2.24783
0.0223892
17.3057
0.0222301
0.0309415
0.0219803
0.0354581
5.54764
0.0337151
20.0941
6.78627
0.0222859
0.0219717
0.0359085
0.0877372
0.0504611
2.80829
1.72639
0.0221631
5.47774
0.021938
0.0216912
2.39283
0.161261
4.63447
0.0283134
0.0218895
0.0553544
2.2243
1.58092
6.38823
0.236805
17.9521
1.77169
0.132936
0.0954469
31.475
17.7782
4.55828
10.0444
21.2093
15.4684
14.4653
0.0216479
2.72432
0.0215042
0.0302895
8.55861
0.0256319
0.0276315
1.86299
0.0333789
0.0261908
0.0221627
0.0352724
0.0981958
0.032867
0.022
0.0221499
0.0227792
1.125
0.0220017
0.121938
0.0220563
0.0222762
0.0214631
0.0223558
1.65596
2.75623
0.0284286
9.4111
0.0221924
13.8397
0.0216437
0.0219219
0.129517
0.0219792
0.0221391
0.022174
0.0610874
0.0251979
0.0452527
0.0219082
0.0219912
0.0387756
2.18663
1.51628
0.0586833
2.98601
0.721972
0.0219387
1.67565
2.09004
14.9866
0.021958
0.0222382
0.0227516
0.202799
0.0219769
1.55446
0.0219217
0.115077
0.0220181
6.44698
0.022323
0.0868765
0.0248125
0.0221912
0.0222712
0.100722
0.0234551
2.05208
1.42453
0.0218852
0.0216891
2.41924
0.112481
2.24505
0.0222262
0.163523
0.0223064
0.0215896
0.0750381
11.6868
0.121512
0.0360575
0.0225583
0.0265532
0.038845
0.0221262
0.30241
0.0229097
0.0343431
0.099342
2.8479
0.0351553
0.0220619
0.0217673
13.085
0.022575
0.0342272
0.0217856
5.51669
5.18025
0.0220014
0.0216957
0.1997
7.88417
9.3057
1.80615
0.0229396
0.121138
0.0490008
1.41988
10.2345
0.0259137
0.0238439
0.0273065
0.104341
0.0222269
0.0976891
0.0293355
0.123439
0.386828
0.0216488
0.0223444
0.0346906
0.021931
8.54541
0.0218253
0.0219586
0.652081
0.0991162
1.59996
0.0256077
0.126893
0.0383865
0.0219144
0.0320705
0.0236374
0.0550477
1.92873
2.33107
0.0229025
0.0215163
0.0598872
0.0852903
0.02446
0.0248464
0.0224151
0.0213956
0.0528767
0.0745679
0.0219634
14.8401
0.0220579
3.17699
1.98011
0.0222939
0.0366651
0.0225453
0.0244985
0.0460358
0.0590722
0.0231333
0.0222883
0.0945337
0.021815
0.198758
0.0216611
1.46939
0.0370495
1.65959
0.44149
1.43331
0.0671583
0.0214543
1.85731
0.0214179
0.0229998
0.0221845
0.0223441
0.0303963
0.0230698
0.0328244
0.022288
0.184443
0.0534939
0.0822253
0.054276
1.81047
0.021856
0.0363969
0.0217974
0.0221815
0.0217936
0.0218754
4.09116
0.0224096
0.0222299
0.0316182
0.207197
0.0478949
0.021896
0.103491
0.371544
5.94172
0.0246613
3.03262
2.15459
0.0220085
0.0234247
0.0755174
0.0649855
12.14
0.114135
0.0220859
0.0480814
0.0214916
0.154603
0.846995
14.7952
0.779469
0.0218519
30.8232
0.0217903
0.0218038
0.0253687
0.0570052
0.0381321
0.094408
0.0372073
0.0214822
16.1715
0.0577052
6.71748
3.05687
1.67072
0.0287849
0.0234185
0.0228351
0.0229477
0.0219893
0.0252191
33.5875
15.2556
6.4728
0.242502
0.247149
0.0219914
0.0219969
0.0230558
0.0247103
4.78713
0.0230414
0.022238
0.0217363
0.0217348
0.0215809
0.0381448
0.0327659
0.0218626
0.0281139
2.60884
3.39138
0.0371703
5.47225
0.0218623
5.74771
2.92735
0.124452
0.0217906
0.0218659
0.0221965
3.66621
0.026379
0.0290664
0.0458567
0.220211
0.0380256
0.0222869
0.0221474
0.0636706
0.0219365
0.108811
0.0250484
0.0295128
0.0217286
1.74491
0.032611
0.0219356
4.22884
0.022286
0.109695
0.0224112
0.0220336
1.98809
0.0559946
0.043777
0.0218621
0.0217693
0.0217044
0.0216049
0.0221516
0.0950734
5.04856
0.47287
0.0397822
0.0836244
0.0217906
0.107649
0.0222785
2.44014
2.08831
0.0261871
0.0218864
0.0217928
2.3073
2.16685
0.0241602
0.138857
0.030544
0.0222265
1.46109
0.0221914
0.0943325
11.629
0.0223969
11.5595
0.0213993
0.022551
0.0379182
32.4808
0.0217742
0.0244853
8.08571
1.78427
1.78249
0.0217113
0.0222208
4.05092
7.74485
4.58865
15.7357
0.0580326
0.0221964
0.021817
0.0225165
0.0216922
0.022156
3.97991
2.37398
4.31846
2.07945
0.0215094
0.0216643
2.27984
0.0290991
0.0223942
0.0217204
0.022129
1.4635
0.0399053
2.6861
0.0222322
0.0219932
0.0222193
0.0374139
0.025809
0.0230789
0.0248602
8.46997
1.68486
0.0233816
3.03829
0.0219901
0.0221301
0.135361
0.818687
0.0214452
0.115615
0.0219447
20.2444
0.0220469
0.777471
0.0222953
0.0373832
0.0218016
0.022453
0.0232127
0.103424
0.0694823
2.28438
0.0219638
0.0221979
0.0215218
20.7933
5.82854
0.0244804
0.13295
0.0744481
0.0232842
0.02654
4.17728
0.0456489
0.0215544
1.60536
4.45213
0.130546
0.022274
0.0216952
0.0222134
0.0220194
0.0478917
0.0222714
0.0221663
0.0264944
2.04159
0.0222492
16.2842
7.81661
2.91717
0.0800312
7.21782
7.56605
3.68678
1.1871
1.88858
1.18588
0.0695948
0.12556
0.0217958
0.719505
0.0219758
19.1638
3.78808
0.0214661
8.15869
0.0456048
0.0217041
0.153763
1.49179
0.0217879
0.066307
0.0218029
1.69437
5.81858
5.39431
0.0220599
4.92432
4.78398
9.21424
0.0562757
0.042954
3.25922
0.021499
1.96573
3.88314
2.69754
0.022056
0.0254169
0.0216228
18.5399
0.0219939
0.785054
0.0360352
0.0292396
0.852624
0.0247009
0.02214
0.0219664
0.0220428
0.0223799
10.2618
0.021895
0.0277413
19.4232
7.23924
0.163685
0.0228884
0.0364551
0.422019
0.0215945
0.0223456
0.0240196
6.5613
0.0249065
0.73253
0.0221311
0.0216136
0.0681114
0.0425315
0.0394625
23.8702
0.0217313
0.587049
0.0256673
0.0220284
0.0518234
0.910802
0.0220596
10.034
0.0281095
0.730142
1.99579
0.185507
0.0218661
15.0111
1.74434
0.0326421
0.0263317
3.62732
0.260041
0.0219174
0.0218038
2.70181
0.0217055
0.0215876
0.0230076
0.10329
1.44255
0.0215687
0.0387369
0.066058
0.0737618
3.03805
0.0219202
0.0222324
0.0219116
0.0222659
2.13113
1.90071
0.0434788
0.0219597
0.0214308
0.112953
0.0220955
0.02494
3.84727
0.0224335
0.0244818
1.976
0.0218204
0.022035
0.0283563
0.0221293
0.0219096
4.53509
0.0747215
0.0943078
0.0222109
0.0228388
0.0390909
0.0552173
0.0221481
0.0415793
0.0214991
0.0252618
3.62036
0.0224682
9.89996
0.0214533
24.175
1.83106
0.0217901
0.0286786
2.5452
0.0253923
1.38529
5.9989
0.022295
0.0389023
0.0218162
2.98315
1.14939
0.0220754
11.0004
0.0222977
0.0218021
3.50951
0.0890003
0.600077
5.55881
0.138531
0.021688
2.62263
0.0218382
18.9139
0.0223872
0.0900004
25.7466
0.0222454
0.0217239
0.0387736
0.0215347
0.492763
5.65884
0.0218064
0.021649
0.0217496
0.0216715
2.04675
0.406717
0.0395556
0.906464
0.028362
0.0268854
0.0241233
0.0317622
0.0292778
0.0215326
0.0222852
0.0216588
0.0217996
0.0250398
0.0853149
0.0222522
0.337353
8.31844
0.0216711
2.15269
0.0216029
0.771285
0.0226557
1.54572
3.60094
0.0221613
0.227807
0.0222864
0.321024
0.781054
0.0220922
0.0222689
0.0967104
0.0312475
0.0222249
0.044522
14.4232
0.0222833
43.5883
0.0231984
0.021856
0.188505
1.53659
0.0232506
0.021885
0.0275391
0.0220522
0.0418544
0.0217329
0.0218881
0.0214897
0.0222388
1.91492
0.0275714
0.0222285
0.0217463
0.0271474
2.08951
3.12916
0.134927
0.0216825
0.275858
0.0437613
0.0214293
0.0219396
2.4818
0.0222508
0.0217602
27.9379
0.030856
9.77348
0.022784
0.0451303
8.89521
2.26671
0.777447
0.0218072
0.0749109
0.0221622
0.0229832
0.0216519
25.5337
0.0583443
0.0217622
0.334309
2.6782
1.82282
0.0219937
3.25834
0.0224672
0.0222656
0.195587
7.49486
0.0267877
4.50537
0.0732387
8.26702
0.0216639
0.030659
0.0741011
0.0220002
0.0222064
0.468499
0.0368965
11.7611
12.452
0.0217847
18.2103
0.0253857
8.93321
0.0221793
0.657533
1.6228
0.0763619
0.0222194
0.0219299
7.43506
0.0220729
0.0216218
0.179577
0.0314276
0.0219237
17.1358
0.0219609
0.0217598
0.0221807
0.0221906
0.0216305
0.0219028
0.0216337
4.73951
7.47978
0.0224833
0.0215824
0.0219297
0.021837
0.0273961
0.021765
2.5066
0.0328349
0.554973
0.0301974
0.0279269
2.44315
0.0218357
0.0824058
3.09172
0.0255671
0.43324
12.3257
3.39284
0.0214116
0.0220453
0.0218179
7.54073
0.501326
2.88979
11.1459
0.0325437
0.0217912
14.0943
0.0288446
0.0222256
0.0218997
0.0222248
4.77794
0.0357778
0.797284
0.021865
0.0221387
4.09556
0.0216739
0.0230667
0.0218097
5.05511
0.0216072
0.0218228
0.0783716
0.0222163
0.0221713
0.0248214
0.091405
0.036849
0.390601
0.0839736
0.0222462
6.26205
0.0326691
0.0217878
0.022003
7.34193
0.021983
13.8158
2.76233
0.0216298
5.18902
0.0218081
1.43916
0.427327
2.54311
0.0440071
0.173862
10.1986
0.0363426
11.0739
0.704998
0.0219214
0.0217735
0.0507893
0.0642693
6.36955
0.0283112
0.0275796
0.0219406
0.0227286
0.0218432
0.0326005
0.0448456
5.46718
0.0435232
0.022148
4.12111
0.0402014
0.0220772
0.0219192
0.0218721
0.0215475
0.0232209
0.0222313
0.0450417
0.032366
5.09811
5.619
2.3625
0.0217265
0.0218656
0.0386726
0.027037
0.0217425
0.0257423
0.0216489
2.05522
0.021955
0.08195
7.28746
0.0222122
0.0220148
0.0218785
4.99652
0.080903
0.0518053
1.67238
0.02188
0.0233348
1.43606
6.95736
0.0222309
14.7489
0.0227277
0.0457242
2.72232
0.0218295
0.0221469
0.0220458
1.65681
2.95288
7.20046
20.6099
0.0222515
0.0220639
0.0219734
0.0979224
0.0221495
0.0217139
0.0222819
0.0217551
11.3745
0.0222927
0.0222917
1.55933
0.493631
10.2187
0.026151
0.0292963
0.0340612
0.191488
0.117943
2.04617
1.55239
0.404256
0.0218017
1.85201
0.0217442
0.0246554
0.0220692
5.54995
0.0215503
0.0217975
0.0221058
0.0222146
4.44608
0.0226616
0.022294
1.31595
19.0181
0.0218686
0.0217642
0.0722747
0.0217004
0.0220805
0.0218096
0.0218945
0.0360022
0.14289
0.0280819
0.262747
9.69675
0.0249156
3.39527
0.127732
0.0289216
2.47382
0.021668
2.389
4.49171
25.389
7.82915
1.56665
5.29178
0.0349881
0.0219226
0.0231362
0.0218638
1.69035
0.0219223
1.53526
7.00423
0.0221804
6.27476
0.0720519
0.021736
25.17
0.120545
0.0214626
13.7254
0.022512
0.0321599
7.859
0.0237435
0.167015
17.3514
0.0215951
1.60419
0.760734
0.0220786
12.3796
0.0217133
0.0483995
0.0219758
0.0218796
1.7017
0.0217907
0.0219555
1.25029
18.2151
0.900141
0.0219316
2.31135
1.65103
0.132287
1.73967
0.0217062
0.0218466
1.42645
0.0217552
0.0217443
0.0222103
0.0221961
1.55333
20.7595
0.0439007
0.0216446
0.0277749
0.0219402
12.9867
0.022163
0.0249236
3.27368
10.1714
10.6342
4.66269
0.253993
0.021909
9.73085
0.0218456
12.4419
2.72903
0.126832
0.0222785
0.0220583
0.348383
0.0218003
2.37974
0.0217777
0.0215417
0.0215979
7.07537
1.68447
0.0218245
0.0214139
0.169555
11.9825
9.39114
13.5932
0.0218699
7.71739
0.025381
0.022077
0.0310929
8.6895
0.0219323
0.0225991
0.0219312
9.05134
2.50146
0.0219423
0.0220776
6.30423
0.0768721
4.272
9.23949
0.398336
0.297825
0.0571652
0.0219203
14.7077
0.0218035
8.25044
0.0220784
1.2214
0.0218398
0.0477746
0.249897
1.9978
11.1678
0.0219041
0.0934531
0.0249883
0.0219573
0.0527713
0.0219201
0.0401413
0.0221021
0.0218785
0.0219977
0.0491121
0.0269517
0.0214294
0.0220282
0.0217189
0.0952004
0.0220961
0.0558527
0.0216941
0.0224549
1.41707
0.023281
0.0610204
0.0945363
0.0217506
0.0218
36.9603
0.0933644
0.0216673
4.72813
0.0216523
0.0219315
5.53164
0.0214087
0.0222001
0.0400071
0.0223262
0.162063
0.363233
0.747813
0.0876998
0.0221419
14.2214
0.0222944
0.0222147
0.135506
0.0242754
28.5722
0.0219052
0.0215464
0.0220981
19.276
22.5872
0.0217933
0.028194
0.0222486
0.0585203
0.0216946
0.0218678
8.25799
0.0222502
0.0218295
2.08806
0.0223354
1.97649
0.0219395
2.3271
0.0219512
2.8727
0.0978702
0.022103
0.0219596
0.0222507
0.022426
4.42892
0.0355836
0.0525916
5.10441
9.89492
0.0219159
0.0223811
4.65854
0.0921564
0.0223328
0.0221167
0.0219407
0.0543619
0.0376761
0.08659
0.0290561
0.021675
0.0219772
11.2303
0.0221522
0.021854
0.0245678
0.0311769
0.0219573
0.0219061
0.0240463
0.0411992
0.0216594
3.73028
0.0217423
0.222242
0.0214132
3.06136
0.0215904
0.0235808
4.5448
4.01929
7.89311
0.718588
3.2944
0.0219454
6.85442
0.0217002
0.0216692
0.0382629
2.6939
6.5565
0.0215932
1.74026
15.0237
1.58353
0.0222639
0.0217774
0.021731
0.0222764
2.23276
0.105626
0.0700263
0.810033
0.0223005
0.0214276
0.0216488
0.0217967
0.18762
8.1129
0.0220541
20.249
0.106577
0.21303
0.0584997
5.79067
2.4582
0.0217361
0.021994
19.731
16.3437
2.738
0.0221793
0.178148
11.5315
0.0215404
0.022192
17.8598
0.021664
0.13088
0.104142
0.0228564
14.0052
0.0219363
0.0724591
13.767
0.0273855
3.38595
0.0219373
2.73341
5.10878
0.0218305
19.2823
0.0216908
0.0280962
0.0219094
7.12109
2.679
0.0280473
0.0215255
16.3568
0.0222875
0.0214594
0.0218828
0.0280229
2.42177
0.0214914
0.0230415
0.0217639
7.06221
5.06334
0.0232031
0.140138
0.561381
0.133526
0.115002
0.02214
0.0457449
0.0279216
20.7132
0.024051
0.023744
15.0268
0.0329538
0.121884
0.0271825
0.0220177
1.25332
0.0218934
0.0219882
0.0217502
1.76117
0.0219342
3.60634
0.0221266
1.41506
0.0219791
0.0327917
3.5612
2.98794
0.0217022
0.0222619
0.0220459
4.28975
0.0216496
1.7955
0.178993
0.9146
0.0219557
0.0215036
3.5499
0.0933503
21.7922
0.0315072
19.6634
0.0301835
0.0220007
0.0219514
0.0725053
1.41944
0.0218931
0.0324122
0.0219012
0.400367
0.0218243
0.103195
3.76943
0.0217074
0.0214453
0.0692087
0.0217773
0.358969
21.4073
0.0222243
0.305306
0.20887
0.0458999
0.0215867
0.0217896
0.0410801
0.0392413
0.0260649
0.0505738
0.235942
0.0220195
0.0293363
0.0480685
0.0217845
0.575006
0.0225734
3.31486
15.4533
0.0221066
0.022744
2.00288
16.6654
6.48829
4.45508
0.0217369
1.81585
0.571921
0.0216721
0.0271212
0.0218217
0.021937
0.0216433
0.0220027
0.0223748
0.0433686
0.0215783
0.0227747
0.028442
2.69971
0.0222625
4.54372
4.3809
0.0216352
0.0220902
0.022064
0.0220954
4.84445
0.582491
0.0221108
0.0218449
0.0219616
0.0222692
0.021969
0.0246789
0.0217377
0.337338
0.553231
9.41412
0.0280803
0.022168
0.0272226
0.0242739
0.0220032
0.124749
0.0222457
9.51761
0.0307175
0.190051
0.0222876
0.0220448
8.61575
0.0219199
0.0482844
0.0220591
0.13441
0.0839842
0.0914098
0.0221734
0.0244104
0.679108
0.0218426
0.0222151
0.0238231
0.0220354
0.0217324
3.078
0.603471
0.021746
0.0217933
3.2963
0.131893
0.0218572
0.021951
0.0552241
0.0225861
0.0271753
0.359095
0.834607
0.023099
0.0540655
2.63442
0.0219268
0.0221935
0.0219518
0.0217382
0.0218184
2.23685
6.43056
5.1161
0.0246267
0.0390825
0.0219058
0.0222594
0.0263632
0.876345
0.0519676
0.0269486
0.0520978
0.0690249
8.02277
0.0219973
0.613893
0.042978
2.67142
0.036677
0.0217555
0.353182
5.52054
0.0346397
8.45952
1.04831
0.0217079
0.0512763
1.47022
0.0215567
0.0222327
9.29486
5.79961
0.0214765
0.0218232
0.123646
0.021584
5.13367
0.021657
0.0218304
0.0220971
1.45083
0.029669
0.0772651
1.57367
0.0818081
0.0296195
5.74075
0.0216628
0.0216525
0.0218933
0.153558
0.722774
0.0502857
0.0245891
0.0218123
0.021836
6.85473
0.0219295
0.0219824
27.5574
15.4626
0.428295
0.0219857
2.38112
0.0218924
0.0220463
0.275197
0.470617
0.0219644
0.868298
0.0219234
0.0228109
0.0269662
0.0236388
0.0218314
0.0215807
7.22341
5.25981
0.0217162
0.0216455
0.137041
0.0308368
0.0219948
0.0268134
0.0222478
0.021807
0.0403757
0.021663
0.0221934
4.09983
8.659
0.0263314
0.0219129
6.6705
0.0213979
0.0217234
5.63475
0.0220221
4.65405
0.158319
0.026777
1.48976
0.0219134
0.0218363
0.0218977
0.0217922
0.178221
0.0280723
0.021932
0.0219012
4.12619
1.43559
0.0217506
3.24118
5.44665
0.0219519
14.9949
5.5402
0.027478
0.0220126
19.4221
0.0220207
0.021831
0.0218572
0.0218213
0.0220668
0.0853594
0.0756378
5.18729
0.0221984
6.09958
3.13981
4.72505
0.021987
0.27748
0.0217227
0.0282289
12.4146
0.0219257
0.076044
6.45376
0.0258692
0.0395149
0.110637
0.0214554
0.0218088
0.0480905
0.0219989
5.29209
0.522198
0.0220693
0.0219438
0.0278463
0.022148
0.0435986
0.0220861
0.262015
0.0218719
0.0218036
0.0621088
0.0321339
7.27887
0.100962
0.0231617
2.75734
0.080225
0.17075
0.0222134
0.968596
0.462595
0.0221103
1.84531
26.681
0.021752
0.0222945
0.119548
0.0882952
0.0218017
0.0431755
1.30033
0.0214602
0.0220594
0.0438216
0.0222183
0.0565234
0.0220856
4.08864
1.23185
0.0419052
2.99403
0.0215105
0.635612
6.26456
1.65786
0.0321008
0.0217534
0.0227895
0.100582
0.022084
0.0216382
0.0222491
0.15856
0.0219158
0.0216776
0.0222665
0.0214657
0.0226331
4.94323
0.484736
0.0221994
0.0218123
0.0218185
0.0220233
0.169627
0.246215
1.14431
0.0733579
4.88498
0.0220143
12.5529
0.641349
0.0282422
0.0219819
0.0383999
0.0220192
0.0219163
0.0214774
0.0727077
3.40767
0.0218501
0.126765
0.0933635
0.0332159
0.0221471
9.00611
0.0221591
0.0239974
0.112336
0.2985
0.0222934
0.0220468
0.0216113
0.0232805
2.48538
0.0223685
3.67661
0.0220769
0.0218964
1.26356
0.0228868
0.0219504
0.0222358
7.98802
0.0222171
0.0949943
0.0310116
12.6886
0.0946853
3.80952
0.0218797
0.0225129
0.0216977
0.0218117
0.0275721
0.0220973
0.0219199
5.36879
0.0222855
0.0223791
9.57436
3.24864
0.0218425
0.0591728
0.0217199
0.0214696
0.0231044
0.0216466
1.79915
8.16583
0.0214376
0.0221618
0.072467
2.86545
0.0220233
0.0530339
13.9813
0.0220722
32.4395
0.0226656
1.66082
0.0222231
0.965712
5.6204
0.0218096
1.7197
0.0236977
0.0216481
0.0219652
1.28877
3.43135
0.0625967
0.0221719
4.67728
0.0219956
0.0227819
0.0219407
12.3936
0.0800497
0.0436954
6.77245
0.0218054
1.45191
16.141
11.836
5.24209
0.0359763
0.0341828
6.5393
0.0219871
0.0227923
0.0746781
1.50712
0.0214481
0.0222853
0.0219005
0.0219564
0.0219641
0.0326895
0.326953
0.0218461
27.8899
0.0219068
0.0230523
0.0220112
0.0482287
1.71988
0.0221654
0.0217246
0.0528818
15.695
1.23933
9.61486
0.609121
0.0218768
0.0218569
0.0214942
0.531933
0.0225994
0.0220294
19.3339
0.0219667
0.0932188
11.7621
0.0219587
4.9946
3.28338
0.883933
0.0467125
0.119024
15.4992
0.275637
0.0219168
0.0216505
0.0340699
0.0222817
0.045745
32.3914
11.5563
0.0284745
5.58629
1.0903
7.11535
0.0214426
0.0221797
0.0219464
0.0217019
0.0220009
1.78511
1.41666
0.0220169
3.41301
0.0220087
0.0219076
0.335278
0.0217833
0.700205
1.61106
7.22087
0.021736
0.0218708
0.022247
0.0222439
12.2948
0.0219712
0.0262907
0.0222766
0.101345
0.024062
0.0221204
0.0219455
4.76038
0.0216588
0.555541
0.0218519
3.1735
0.022028
0.0219564
0.023079
0.301348
0.0216841
0.0220838
6.45619
0.0219081
0.0384741
0.215022
0.433532
0.036571
0.0217615
0.0219193
0.834786
0.0286119
0.02169
0.0814495
0.115752
2.68012
0.0219695
0.0219871
0.0219373
0.0217527
0.022012
0.0223889
1.27019
0.0227668
14.9032
1.41067
0.0405689
0.0228942
0.0218617
0.371685
5.14051
0.0217198
0.0219903
0.0752623
0.0222745
0.0229001
7.84495
2.04539
0.0218875
3.61953
0.0227091
6.10358
0.0216992
0.0220169
0.0218972
5.32528
0.0216336
0.0218997
1.83597
0.0218567
0.0332804
0.0675771
0.0219112
16.9635
0.027146
2.67194
1.63417
0.0219314
0.0222535
2.85321
0.0218381
0.0220383
0.0219736
0.0290283
0.0220723
14.1213
14.2265
2.20181
2.03451
0.0217014
0.820125
0.0218649
1.5152
0.0265538
0.0284937
0.0220348
6.13428
0.0220577
0.0226652
5.58627
0.0217327
0.0372285
0.034994
0.0222791
12.8623
0.0217383
3.6284
0.0276667
0.0219791
0.0218536
0.0214559
1.43639
0.0217485
1.61257
0.0222667
0.0244604
0.0237441
0.0257726
9.31959
0.0220911
0.0240927
0.168671
0.0515601
0.149898
0.0220244
0.0218682
13.205
0.021437
7.65132
0.0299212
0.0218622
0.0219016
12.0221
0.287638
0.0222104
11.0486
0.0218248
0.0229188
0.021815
0.0496871
0.0233248
0.0482765
5.7651
0.0218918
0.0217177
0.0219282
6.67028
0.0218838
0.0224112
1.47177
0.0218752
0.124661
0.0220341
0.0270586
0.0220149
0.0221699
0.0222456
0.160344
0.031683
0.0218059
0.129808
0.0221037
3.11938
0.0219481
0.148941
0.0219237
0.0219021
0.0219323
39.1114
0.026347
0.0223215
0.324662
0.0222591
0.0286373
0.0226456
0.0246341
0.0222729
0.0218968
0.0222468
5.21898
0.0219759
0.0218211
1.44007
0.0220029
0.0217674
0.0219468
1.38952
0.0222055
0.0503362
0.0281695
0.350786
0.0222109
0.0436788
0.0217278
0.0222966
0.0277033
9.54402
0.0222927
0.0216812
0.021926
0.142629
0.55248
0.0224765
0.0218506
0.0218579
5.10374
0.0216175
0.0345916
0.0414084
7.13364
0.0222948
0.02168
2.42053
0.0224036
0.047899
0.0292279
0.0214526
0.0395395
0.0219824
0.0279825
0.0214971
0.021756
0.0219307
10.1614
0.0220106
0.27799
0.0216805
8.82394
3.79227
0.18047
0.0220083
7.10377
0.391348
0.0299946
0.0219627
0.0295866
23.6674
0.0220209
3.86673
0.0222559
0.122593
0.0249652
0.0222149
0.136036
3.66731
0.0218247
0.0242037
0.0219223
0.0332211
0.0218541
0.0217145
0.0220382
3.43921
14.1066
0.0222912
0.0219366
0.0219803
1.97373
0.0218947
0.127104
0.0220275
1.95183
6.16171
4.83545
0.0422884
0.0222519
0.0220892
7.1772
0.0219848
0.036538
0.0222661
0.0345929
19.6267
2.92342
0.0222869
0.0216583
0.0308245
6.51709
0.0561082
0.0218115
4.70983
25.2512
0.0216081
0.480458
0.0215088
0.043926
0.0218924
0.0225002
0.0222856
0.0346011
0.0219374
0.0215
5.38105
0.0240746
0.0225663
1.553
3.4145
0.0220293
5.07906
0.0220991
6.81165
0.0241972
0.0215161
0.0215822
0.0220142
0.0254224
0.389331
0.26089
0.0220048
0.0225541
7.02726
0.0220391
0.0216207
0.0218606
0.0219649
0.258116
0.0219321
0.0216153
0.0216342
4.94636
0.0222667
0.0219195
0.0216502
2.95609
0.0221625
2.32697
12.2765
0.0219082
8.41461
35.5953
0.0221648
0.0490203
0.104727
0.0215694
0.0216931
0.0229794
0.0219874
0.932916
0.0264738
0.0220473
0.0216445
0.021889
0.0220275
0.0218752
0.0222292
4.11972
0.0216304
0.0218536
0.025768
0.0218885
1.45506
0.0218772
0.022053
0.0220758
0.0221431
2.98247
5.1913
1.96328
2.25217
0.0222959
10.7584
0.0218486
0.021611
2.50702
4.30656
0.0222141
0.0219623
0.0802085
0.1131
4.82888
9.45742
0.0432615
2.15183
0.0227066
6.16338
0.021903
0.0251985
0.0218652
3.77816
0.0219272
14.9052
0.0222535
0.0240438
0.0221463
0.0225828
0.444553
0.0216109
0.0214819
2.55296
0.0550679
0.0222464
0.02164
0.0216053
0.0227528
0.0222551
0.0221895
0.0218759
19.6875
0.0218117
0.0226022
0.0222552
0.0216065
0.0216875
0.0368724
0.0222971
0.03804
0.0221639
6.05736
0.0217215
0.0843605
0.0594658
0.0217975
0.852109
0.0214668
1.75103
0.0220426
0.0220178
0.0218818
0.0215866
0.0917801
0.0218593
0.0223902
0.0215801
1.7855
0.156449
0.0220231
0.0222711
0.93391
2.06589
36.9908
0.34508
4.62698
0.0218368
0.0218646
0.0324939
0.0221281
27.1522
0.0222582
0.0961811
0.0218746
0.0222472
0.0283677
0.0215182
0.0222506
0.0410493
0.425398
0.021658
0.0215747
0.0222091
0.0219466
0.0219942
0.0216641
0.0219407
0.0218669
0.0295684
0.0457389
6.26215
5.04379
34.9823
0.0215843
1.53126
0.0218709
0.11756
0.966631
0.0220312
2.19953
0.0218703
1.74342
6.28609
0.0660845
0.0219937
20.5843
0.0239785
0.163225
0.0225475
0.0296344
8.3456
3.50002
0.323443
0.0242858
23.6378
0.216261
42.1737
0.0268594
16.6259
42.416
13.1506
0.0216483
0.0222741
1.6205
0.0214761
0.0219491
0.397079
0.0219655
0.0220948
0.0368988
8.54997
1.65967
5.47515
0.0218748
0.0218314
0.0222075
10.7526
2.40002
0.303401
0.0255478
7.64254
0.0218903
0.029362
2.89692
0.0246361
0.388679
0.0223884
0.022234
1.57901
0.021809
0.961404
0.0219147
0.0224813
0.0432577
0.0217927
0.023702
0.0717766
0.0222667
9.11356
0.0218776
0.021472
4.42594
0.0224065
0.0219105
2.52569
0.0742474
6.72965
2.26292
13.1392
0.0223576
0.0994363
5.75702
0.0889114
0.0274543
0.0223614
5.01255
0.0217658
0.0220548
0.149186
0.0872443
0.0411731
0.0222555
0.0222311
0.021824
1.6108
0.0499055
2.64066
0.0222712
14.7213
0.0218721
0.0426948
0.0239741
0.0217397
0.198578
0.432522
0.032658
0.128062
6.91035
0.0222725
0.0236904
0.0267552
0.0313275
0.0224774
0.0271208
0.0270158
0.105541
0.021547
7.36111
5.94163
0.0224779
2.41331
1.82618
2.74116
0.022271
0.0215953
1.47734
0.0219381
5.58308
0.0222309
0.0222725
2.66439
0.0236683
0.0219386
29.876
0.0255895
0.0687826
0.0219052
4.6743
0.0518333
0.091937
0.0330523
0.022474
0.118585
0.0224149
34.9192
0.0256969
0.285255
0.64126
4.064
0.156428
4.88499
0.0243908
0.0711328
0.0365476
0.710295
14.3545
0.021807
0.379663
0.0220454
0.0218898
3.46847
0.0677411
0.0216268
0.0658202
2.00125
5.50805
0.585099
3.47192
0.0732247
0.0222637
0.0240812
0.0216992
5.17607
0.0219787
2.65502
0.562961
0.0239214
2.06822
6.87683
0.02166
3.76713
8.11159
2.88231
0.0219741
0.0219067
0.022242
0.0395603
0.022273
2.00568
6.77123
0.0418148
2.91752
0.0225712
3.12536
1.58172
1.43685
0.0220058
0.322663
0.0257579
0.0912355
0.0311716
0.216077
0.0385944
5.78725
0.0222481
0.0218433
0.0216267
0.422112
3.3929
0.0219194
4.81191
0.0637774
0.0815256
0.0218685
0.111255
0.0221593
3.00695
1.63195
1.43953
0.124558
5.0463
0.064424
1.79772
0.106527
0.0220876
0.499975
0.0218277
0.0426895
0.0219494
4.32381
0.0219334
0.0255456
4.74089
0.0470197
0.0439421
0.0684318
8.23378
8.93945
3.24896
1.42875
0.0391112
0.0219089
0.0219031
0.041968
11.9936
5.27349
0.0305869
0.0280155
0.100934
0.0408784
0.114973
0.312883
0.101615
0.0506248
0.0613431
0.464924
0.021608
10.936
0.0217503
0.0222807
0.152931
0.0295553
6.27
27.1905
0.126797
0.363017
0.505722
0.0218674
2.05077
1.46256
0.0395881
0.0277635
1.477
0.0389387
0.0462324
2.16246
3.20127
0.0218973
3.59965
5.17133
0.0216919
1.46861
0.0224398
0.0216202
0.0214648
0.0307931
0.574193
1.50722
0.505405
0.0496893
0.0473375
0.0408294
2.08926
)
;

boundaryField
{
    frontback
    {
        type            empty;
    }
    topbottom
    {
        type            fixedValue;
        value           uniform 0.0223;
    }
    outlet
    {
        type            zeroGradient;
    }
    inlet
    {
        type            fixedValue;
        value           uniform 0.0223;
    }
    walls
    {
        blending        binomial2;
        n               2;
        beta1           0.075;
        type            omegaWallFunction;
        value           nonuniform List<scalar> 
120
(
14.779
25.756
24.9155
27.977
26.1024
29.258
28.1095
24.438
25.6604
17.4724
28.9172
26.3812
20.4691
23.1789
27.2604
18.4688
13.9543
21.277
12.3659
26.8904
24.6062
13.8878
28.7102
24.4414
27.2643
12.7166
30.1034
6.82211
21.7129
8.18765
8.94959
8.43674
7.65911
6.58626
26.4784
26.9995
13.315
19.9554
26.7928
27.5271
25.8769
13.5568
23.6419
25.828
18.1325
26.6346
26.2393
21.0979
28.1909
27.805
28.4887
12.5041
30.9116
26.3768
22.6322
27.8641
17.3387
12.7426
24.4733
6.22063
7.05317
27.8558
16.6948
24.4245
26.6931
8.22924
7.96082
8.21756
30.876
24.5029
27.0736
21.7241
29.8857
27.4102
18.33
18.3228
28.6776
18.0769
23.2255
7.30694
9.01522
18.7256
7.16239
29.0559
35.0069
21.6015
8.10129
31.0786
8.4822
19.3008
34.3895
9.98161
13.2016
8.55861
9.4111
9.89996
24.175
27.9379
25.5337
25.389
25.17
13.7254
18.2151
28.5722
21.7922
27.5574
32.4395
27.8899
11.7621
32.3914
11.5563
19.6875
36.9908
27.1522
34.9823
20.5843
23.6378
42.1737
42.416
13.1506
)
;
    }
    procBoundary0to1
    {
        type            processor;
        value           nonuniform List<scalar> 
80
(
2.67153
0.0335859
0.0219613
2.40373
0.0219687
0.0252811
2.77495
0.0237111
0.0237111
0.0243241
0.0215579
0.0245561
0.0321084
0.0302939
0.0456993
0.0213889
3.15472
2.4956
3.56751
0.0232128
0.0302939
0.0218452
0.0214035
0.0289705
0.0411248
0.0217606
0.0214909
0.0215198
0.298946
1.46687
0.0232128
0.0213863
3.08595
0.0214443
0.0221015
0.0214714
0.0214176
0.0214176
0.0216903
0.0274326
0.021435
0.0213844
0.0411248
0.0214262
0.0702294
0.0702294
0.037055
0.298946
0.0214206
0.021381
0.0215913
0.0216344
0.0214262
0.0868517
0.125878
0.0228519
3.37834
0.037055
0.0214559
0.125878
0.0603185
0.0263096
0.0524614
0.110728
0.0213798
0.02141
0.0214035
0.0234852
0.0224108
0.110728
0.02141
3.65017
0.0868517
3.52418
3.27137
0.0474702
2.92625
1.46687
0.0222426
0.022609
)
;
    }
    procBoundary0to2
    {
        type            processor;
        value           nonuniform List<scalar> 
165
(
7.52093
12.2942
17.8509
0.152664
0.022028
5.91912
3.70749
7.72613
12.293
12.3238
12.2942
0.027753
0.0290277
0.02197
0.021994
17.8509
0.0219766
4.51939
2.0048
0.0257915
0.0228786
0.0226957
0.121565
2.07014
8.66108
0.0226957
0.114351
7.87956
2.90058
0.0230751
5.78826
0.0220789
2.31286
2.55183
2.31286
0.0219838
9.39669
0.0219415
0.0713593
0.0713593
8.27609
8.26082
2.34071
0.0221107
0.668751
0.370947
0.0219307
1.80562
0.0450348
1.77152
0.668751
0.0220881
1.66097
0.0250587
3.24258
3.21814
3.3345
0.0244306
0.0240683
0.0221205
7.00125
0.370947
1.75137
0.0219654
0.0220485
0.0220574
5.60577
7.1878
0.0219432
0.055523
0.0223021
0.0236467
0.0219238
0.0219461
3.38036
0.0222937
0.0417698
0.0219596
0.0221441
0.0225312
0.0219596
0.0222253
0.0501462
0.0622348
0.0219432
0.0274599
0.255119
7.43094
0.0219194
0.0219277
2.53169
0.0220022
1.75137
0.0224162
0.0312444
0.0221784
0.0262368
0.0867402
0.0501462
0.021931
0.0324979
0.022214
1.6759
3.55383
0.0220518
0.0388875
0.0220175
2.11868
3.75643
3.6906
0.0222661
0.0221547
0.0219208
3.04801
9.22377
8.52995
7.75228
3.50429
1.89046
0.023364
9.30561
0.0362924
0.0388875
3.65539
0.0219181
8.20869
9.0808
8.62712
0.0221504
0.0344016
0.0219193
1.9115
0.0222524
8.24573
0.0290277
8.74237
0.208643
0.0867402
0.0220996
0.0220193
1.65867
0.0221893
2.73065
8.68904
10.9912
5.97536
2.73892
9.57779
8.07251
7.02683
7.86816
18.9416
8.54179
6.69082
1.5928
9.94451
2.10766
0.0300444
8.55358
32.5435
0.0222255
1.57762
1.26559
8.53395
9.72157
)
;
    }
}


// ************************************************************************* //
