/*--------------------------------*- C++ -*----------------------------------*\
| =========                 |                                                 |
| \\      /  F ield         | OpenFOAM: The Open Source CFD Toolbox           |
|  \\    /   O peration     | Version:  v2012                                 |
|   \\  /    A nd           | Website:  www.openfoam.com                      |
|    \\/     M anipulation  |                                                 |
\*---------------------------------------------------------------------------*/
FoamFile
{
    version     2.0;
    format      ascii;
    class       volScalarField::Internal;
    location    "800";
    object      V0;
}
// * * * * * * * * * * * * * * * * * * * * * * * * * * * * * * * * * * * * * //

dimensions      [0 3 0 0 0 0 0];


value           nonuniform List<scalar> 
9793
(
0.0334278
0.00144294
0.0892338
0.00114519
0.186507
0.00698969
0.00914759
0.00216156
0.0527672
0.00154629
0.161501
0.136426
0.140704
0.00495609
0.0889742
0.0379427
0.0166881
0.0865016
0.00167732
0.11887
0.103447
0.179901
0.00189873
0.00171511
0.00449389
0.0228246
0.140658
0.203614
0.0983802
0.00864848
0.00129544
0.0061689
0.102268
0.101978
0.167529
0.0217409
0.0388284
0.0205779
0.00363616
0.0220498
0.0106072
0.0041393
0.00176047
0.175149
0.0819308
0.113158
0.00153425
0.170278
0.0768051
0.0974558
0.0281259
0.151576
0.0187152
0.173865
0.0170193
0.00197648
0.134724
0.0120121
0.0682226
0.179812
0.0179944
0.00547087
0.0927296
0.027473
0.168194
0.0603921
0.00131353
0.0331086
0.0386259
0.00337034
0.0469132
0.00431811
0.00185633
0.0166373
0.00494651
0.162007
0.0113846
0.00367764
0.0852421
0.156589
0.00738911
0.00200837
0.0146405
0.0320284
0.0369629
0.00587838
0.158961
0.0189385
0.0035955
0.00578043
0.0020533
0.00336403
0.0043346
0.0159385
0.00216689
0.0941914
0.00461064
0.0129319
0.0285649
0.187412
0.00364435
0.0201752
0.0156427
0.0877338
0.00548274
0.00275574
0.0194778
0.125275
0.0863846
0.180387
0.143483
0.00201184
0.00182106
0.00118391
0.0518517
0.130095
0.049911
0.0990509
0.00185309
0.0824093
0.00669092
0.019244
0.00367388
0.0182082
0.045758
0.0929093
0.0127526
0.00150598
0.0109386
0.0123148
0.0340589
0.102103
0.0362988
0.0366611
0.0295384
0.0059664
0.00638389
0.0411152
0.178196
0.00888731
0.00193525
0.020615
0.0603894
0.0182493
0.00147082
0.00356586
0.0956658
0.00210641
0.0850344
0.0825963
0.144167
0.00245562
0.0350289
0.116324
0.057649
0.00368509
0.0128408
0.0965798
0.00486733
0.0584371
0.0180296
0.0332365
0.0788442
0.00233489
0.0595337
0.0041152
0.0156342
0.0517442
0.134807
0.169318
0.0495921
0.00171435
0.00186486
0.00644652
0.127144
0.00794361
0.00588043
0.00231205
0.0995233
0.0337769
0.00699759
0.00142879
0.0165723
0.0985488
0.100902
0.128134
0.00489932
0.00179781
0.00228926
0.0146012
0.056824
0.00107128
0.00208501
0.0203637
0.06794
0.0321188
0.00197699
0.105607
0.0664575
0.148064
0.0496813
0.0637272
0.0248624
0.0312844
0.00217886
0.0512885
0.0209548
0.0483971
0.0417161
0.00287905
0.0123657
0.00196975
0.109159
0.00259834
0.0295395
0.02897
0.0709256
0.00642385
0.136862
0.00880289
0.0109184
0.0796036
0.0019283
0.00813522
0.0124005
0.0918544
0.0170167
0.0114135
0.00866056
0.0064144
0.00240017
0.0124155
0.0316941
0.0225691
0.00232356
0.080743
0.00124816
0.00139932
0.102158
0.153878
0.00467596
0.0765487
0.116396
0.0123762
0.0119611
0.0599313
0.0275008
0.0192595
0.0146405
0.0281735
0.0936979
0.0121904
0.00176537
0.092588
0.00848073
0.14212
0.156849
0.133022
0.00199699
0.0765091
0.00317854
0.00312265
0.162527
0.125879
0.00421555
0.161579
0.155113
0.159739
0.00248736
0.00329661
0.0242964
0.00356174
0.0115041
0.0158503
0.00149767
0.0523591
0.00123928
0.176247
0.0124581
0.00109339
0.00462616
0.00537923
0.0117273
0.0340284
0.0141578
0.0322035
0.074216
0.0419076
0.00363206
0.0170138
0.108998
0.170716
0.0863074
0.135741
0.0915523
0.00095862
0.126039
0.0826697
0.110209
0.116142
0.00136794
0.00311982
0.00555155
0.0301716
0.0170916
0.149884
0.0163026
0.00212916
0.0745902
0.00462872
0.0270127
0.0762704
0.00124248
0.0155585
0.0998776
0.0121115
0.00124299
0.0454558
0.0106509
0.0855542
0.0423759
0.0106881
0.0140144
0.110254
0.0885
0.0330218
0.0050123
0.00144877
0.0751861
0.119566
0.0636131
0.00144061
0.00162882
0.00200317
0.0802069
0.0125701
0.010672
0.00211397
0.0105644
0.0790887
0.0742996
0.0715285
0.0144542
0.0554918
0.00156863
0.104897
0.106465
0.00918034
0.00130569
0.00255121
0.152426
0.00305822
0.02995
0.00119794
0.00204945
0.00203
0.0313456
0.0167097
0.00614776
0.00201413
0.001764
0.0116775
0.19924
0.0212161
0.0706153
0.130596
0.0554572
0.13703
0.172335
0.00216862
0.154496
0.0122166
0.0214405
0.00758747
0.0668915
0.0283076
0.00128477
0.00274261
0.0058197
0.0134724
0.104433
0.0288956
0.0911784
0.00416311
0.146294
0.00316099
0.00556386
0.00710996
0.00159493
0.0111283
0.144044
0.0872426
0.00561842
0.00421348
0.0556794
0.00176481
0.144956
0.137946
0.00143537
0.0975433
0.01121
0.0789837
0.0132235
0.110214
0.0506268
0.00823059
0.00407863
0.0217161
0.0191868
0.14063
0.0619462
0.002923
0.0128008
0.100352
0.138417
0.0126602
0.0109852
0.0236499
0.00126539
0.141187
0.0766069
0.003517
0.145693
0.00167496
0.00260004
0.0953261
0.103854
0.0422736
0.162367
0.0737169
0.00419895
0.00719963
0.0037996
0.0135074
0.0450519
0.0168157
0.0196741
0.00195276
0.0175967
0.187772
0.0284166
0.00382822
0.0516965
0.0452118
0.0477199
0.147715
0.111864
0.0695845
0.0955121
0.158585
0.037187
0.0285038
0.0107495
0.137508
0.00204407
0.0220442
0.00439561
0.00148096
0.0691319
0.00969124
0.0094819
0.0652996
0.121211
0.0528911
0.00767538
0.0101343
0.136309
0.115121
0.139123
0.00398142
0.00609076
0.00304569
0.167567
0.0429337
0.0128062
0.00136776
0.00383658
0.0176423
0.0351791
0.00795929
0.00374081
0.00899715
0.046167
0.0928342
0.00231052
0.0878678
0.00556978
0.00510237
0.108613
0.00414645
0.0233357
0.00212846
0.0693294
0.00209516
0.00531544
0.0372959
0.00449426
0.0874235
0.00226393
0.125916
0.0851197
0.155879
0.0895452
0.00458313
0.0827723
0.0770569
0.0313068
0.0844172
0.0906151
0.011533
0.0432683
0.0236643
0.106844
0.132107
0.00137668
0.00436882
0.0230647
0.0072656
0.0317715
0.0515814
0.0722546
0.0646088
0.00208515
0.0735687
0.166274
0.00129687
0.00300587
0.0141945
0.118648
0.170867
0.0444976
0.159419
0.00772259
0.0411125
0.0146027
0.0367044
0.00158855
0.153489
0.00123398
0.16321
0.00474287
0.0667746
0.0205939
0.00153691
0.131062
0.00361198
0.0740453
0.166225
0.0957389
0.00610431
0.00188726
0.0472474
0.0220377
0.070688
0.00754725
0.116881
0.00958252
0.00228243
0.0156806
0.153682
0.01018
0.13258
0.0397207
0.070243
0.0120239
0.13032
0.0078912
0.142287
0.0561389
0.0205696
0.00620268
0.00713816
0.0803478
0.00126014
0.0820135
0.00562576
0.0644458
0.0573478
0.0933899
0.141626
0.169385
0.00341591
0.0320916
0.00357997
0.00701478
0.0116906
0.0166506
0.00144868
0.034736
0.0062684
0.00127948
0.00454862
0.00233498
0.00572415
0.00516863
0.0424408
0.00120346
0.0236796
0.0623909
0.00336956
0.13687
0.00312575
0.0167768
0.00718739
0.011594
0.00144018
0.00185712
0.0238914
0.00809243
0.147611
0.00303129
0.0241436
0.0631955
0.052232
0.0454798
0.0137944
0.00236918
0.00371956
0.00155225
0.0348271
0.0234508
0.00246164
0.0034099
0.0382714
0.0123635
0.0309039
0.0014676
0.0107739
0.0945103
0.00456846
0.00443054
0.00172092
0.135423
0.0229769
0.00282246
0.0245584
0.00430055
0.0182713
0.00800646
0.0210874
0.0332764
0.0625408
0.0667001
0.0119883
0.167533
0.010564
0.00765547
0.00726044
0.15625
0.151384
0.0428954
0.0473095
0.146166
0.0665307
0.00743265
0.00792599
0.00388831
0.136927
0.00458449
0.127707
0.00135784
0.0214223
0.0102466
0.0113707
0.00560967
0.105486
0.112501
0.0101198
0.0749884
0.0613054
0.0148724
0.00342902
0.0478006
0.0122966
0.00485681
0.0250084
0.0109074
0.00432018
0.068212
0.0130315
0.031166
0.0441872
0.0955887
0.00504878
0.00490496
0.00184276
0.0501479
0.0794713
0.0873408
0.0421893
0.0453621
0.0301431
0.00232105
0.0230288
0.14306
0.00385067
0.0227775
0.013485
0.0671473
0.00114292
0.0366564
0.117721
0.00589271
0.00156945
0.0921693
0.095591
0.0909426
0.0356417
0.102928
0.0218757
0.00558225
0.0496533
0.010572
0.0397803
0.0581058
0.00668743
0.00205107
0.0103814
0.1239
0.0697987
0.00972852
0.0174013
0.00856805
0.0962148
0.0704312
0.00134988
0.0164018
0.0219615
0.0109291
0.0069662
0.0804853
0.154723
0.0463576
0.00150896
0.165762
0.16897
0.00204528
0.0118325
0.00512914
0.0111777
0.113834
0.00186517
0.123359
0.0700648
0.0598907
0.0185638
0.00114466
0.139386
0.0733115
0.0674673
0.0857995
0.124726
0.045867
0.00200293
0.0161642
0.0369109
0.142312
0.0173424
0.00885049
0.032567
0.0124798
0.1601
0.0831834
0.0364231
0.00168391
0.00718651
0.0427957
0.00158498
0.143584
0.0214322
0.00341495
0.00175797
0.0779192
0.136716
0.00189166
0.0127901
0.117592
0.154588
0.00793637
0.165391
0.0099456
0.101797
0.00220238
0.146508
0.151421
0.115886
0.0199911
0.0473888
0.0235035
0.0114738
0.0035293
0.081377
0.115825
0.147902
0.0676274
0.0336281
0.0488732
0.0183545
0.107871
0.013034
0.00668522
0.0145571
0.0118527
0.14069
0.0605238
0.00121524
0.0112166
0.092088
0.0086025
0.00127004
0.0573095
0.073323
0.0904836
0.00711088
0.0146126
0.00181209
0.113578
0.0313623
0.135911
0.036319
0.146687
0.00725461
0.0380923
0.00517056
0.132115
0.00905448
0.135013
0.0362905
0.0616871
0.0271453
0.00414945
0.00144057
0.0172005
0.0086159
0.0191938
0.0716326
0.00169237
0.00134114
0.0156248
0.0638647
0.119496
0.00151134
0.0878165
0.000843721
0.0771549
0.0266723
0.0516437
0.114034
0.0694144
0.004263
0.00179571
0.00105782
0.00404457
0.00134191
0.0902629
0.00633849
0.00244571
0.154017
0.0581684
0.114862
0.00778039
0.0909967
0.00193893
0.0126349
0.00860862
0.0515598
0.00362233
0.00117979
0.0018286
0.0189433
0.0196915
0.131266
0.00237975
0.0883453
0.00214779
0.00495119
0.00664097
0.00297687
0.00378822
0.0317041
0.0382389
0.131651
0.0210211
0.00209313
0.00165541
0.107576
0.00132572
0.0354665
0.0106887
0.0038179
0.00414798
0.00465081
0.0683468
0.0189592
0.0227766
0.0406038
0.037998
0.00713787
0.147449
0.00250714
0.128145
0.0763651
0.00849085
0.0116827
0.00818865
0.0339727
0.00210154
0.00258112
0.00413906
0.0118765
0.118915
0.0366637
0.101143
0.0648801
0.00352712
0.00971405
0.0346187
0.0615809
0.0228705
0.00169045
0.0290583
0.0515397
0.0025745
0.0967924
0.11897
0.0843793
0.0177516
0.0915188
0.0345691
0.00127566
0.0105519
0.169792
0.00122373
0.00410205
0.10603
0.0417296
0.0187581
0.150082
0.124481
0.0826389
0.00278506
0.0161246
0.0423731
0.0174732
0.00994299
0.00320951
0.0462671
0.00699292
0.125143
0.0976064
0.002208
0.0074143
0.0110433
0.0515253
0.0847475
0.00147329
0.00368703
0.00525933
0.0013258
0.135565
0.0406322
0.080759
0.00106592
0.0250149
0.0100338
0.026287
0.061451
0.0397688
0.1401
0.119471
0.0088254
0.0976329
0.00653333
0.125474
0.0417717
0.0724176
0.0396124
0.00409279
0.00139318
0.0194897
0.00125256
0.118904
0.0123177
0.0316905
0.00467765
0.0629623
0.0735164
0.0144517
0.0143524
0.012543
0.137559
0.00897671
0.00427496
0.00311699
0.0441035
0.00716097
0.0019348
0.0268429
0.00417408
0.00830276
0.00774033
0.0721354
0.0270952
0.0160953
0.00683932
0.118318
0.0184197
0.107758
0.144014
0.045758
0.0794656
0.0405756
0.07605
0.00217102
0.0248967
0.0358559
0.0112985
0.0863345
0.0615721
0.0145643
0.00462173
0.00535577
0.0103046
0.00641036
0.135469
0.00201679
0.0202553
0.0014673
0.00973633
0.132906
0.0506732
0.0333531
0.00195528
0.00151451
0.0105057
0.00605339
0.0917221
0.059968
0.139411
0.135973
0.0012427
0.023784
0.061605
0.00789401
0.00261309
0.00569618
0.0366504
0.0144097
0.00630016
0.0171481
0.0244014
0.0023917
0.00539719
0.0520378
0.00431367
0.00724789
0.0079521
0.00311875
0.0195426
0.0371199
0.1408
0.0675791
0.0411329
0.0112805
0.00136374
0.0122956
0.162726
0.00542976
0.114242
0.00123282
0.00115934
0.117012
0.00131664
0.146274
0.0721614
0.0486017
0.00377463
0.00225596
0.0174667
0.0124219
0.0683716
0.00444138
0.149945
0.0186862
0.127225
0.0371718
0.0617905
0.0071128
0.0360793
0.00699872
0.0193036
0.128429
0.00285782
0.00647253
0.024478
0.0247492
0.0329769
0.00209851
0.00907743
0.0545081
0.0807729
0.0390695
0.0329275
0.00113176
0.00286423
0.00575396
0.0258061
0.0931347
0.00259508
0.00907497
0.0509608
0.00205794
0.0943798
0.00806914
0.00146626
0.0922688
0.0012183
0.00187111
0.0065595
0.00124577
0.00700232
0.060714
0.0357578
0.00183837
0.00226174
0.038834
0.00143525
0.0214743
0.0726225
0.108634
0.0370352
0.0185929
0.0265294
0.00306773
0.00136356
0.00380071
0.0120306
0.166006
0.00909082
0.0014731
0.0813056
0.00128717
0.00953427
0.137165
0.0272629
0.140231
0.0457502
0.0127689
0.00163425
0.0354511
0.101026
0.00146624
0.00394435
0.014819
0.157819
0.0113456
0.073
0.126904
0.00753679
0.00346907
0.121469
0.103195
0.00649278
0.00113129
0.00936256
0.043569
0.00251469
0.0391322
0.115109
0.0446446
0.12582
0.0935948
0.101518
0.00205958
0.0158754
0.0195121
0.00177628
0.0157755
0.00392761
0.0031313
0.00415013
0.00880469
0.0442379
0.144272
0.0438872
0.134961
0.00711092
0.111813
0.0041498
0.0200061
0.00763421
0.0977888
0.00209791
0.0089176
0.00178051
0.128605
0.00172358
0.025158
0.00847267
0.00582973
0.0179317
0.111853
0.0028427
0.0150112
0.00374038
0.0918316
0.00746123
0.0992403
0.00168523
0.00275548
0.0108011
0.0727459
0.0942304
0.0043223
0.00130859
0.0215259
0.0723787
0.00827679
0.00622452
0.015744
0.0168904
0.00446177
0.0584394
0.0117951
0.0683973
0.0212686
0.0856858
0.0030997
0.0778062
0.0441891
0.00601243
0.00131961
0.129657
0.0116113
0.0260043
0.00595169
0.13301
0.00381703
0.01827
0.00890531
0.0569936
0.133818
0.00155762
0.0255943
0.00178157
0.0134094
0.00127273
0.0310967
0.0676418
0.0803049
0.0250536
0.0193904
0.0200454
0.00116018
0.0340497
0.015553
0.00778218
0.117697
0.0594643
0.0161657
0.00600244
0.00110308
0.0614793
0.0019339
0.127129
0.00526908
0.00182585
0.0154509
0.0746971
0.0749577
0.0134612
0.00361667
0.0301767
0.165527
0.0425526
0.0161828
0.0415583
0.00246713
0.00158661
0.00136221
0.121508
0.0228475
0.00246101
0.13658
0.00553457
0.0794819
0.0040678
0.0141726
0.0614035
0.00903614
0.00360978
0.0461301
0.0134066
0.0705547
0.00843263
0.0042355
0.00573743
0.00272052
0.0975173
0.0284895
0.00217192
0.0551178
0.00914339
0.0124696
0.0340141
0.0860069
0.00262242
0.0153412
0.00306132
0.0456928
0.00608228
0.0445223
0.00250124
0.0209378
0.0278475
0.0133804
0.00203651
0.121011
0.143556
0.00475111
0.00399558
0.00157624
0.00275697
0.0257478
0.0496249
0.0731552
0.00433453
0.118756
0.00678498
0.00657277
0.0112918
0.133364
0.0962625
0.09864
0.014144
0.0213519
0.00139146
0.00404295
0.00379161
0.00777434
0.116801
0.00149258
0.0433569
0.0165092
0.0391119
0.014376
0.007616
0.0676583
0.090555
0.0168262
0.0974554
0.00989665
0.00427696
0.00134738
0.00532537
0.0242845
0.00389577
0.0733073
0.0520533
0.13886
0.00334991
0.00711973
0.0129426
0.00777397
0.00422497
0.0147533
0.00492291
0.0656648
0.130818
0.00190882
0.0602658
0.00428558
0.0946512
0.0713702
0.00689867
0.00308073
0.070157
0.00596646
0.001415
0.00431201
0.012978
0.0324363
0.0159299
0.0216508
0.0036603
0.053847
0.00605413
0.00149877
0.0177664
0.0345055
0.0942156
0.00223207
0.0692466
0.0745468
0.00422348
0.0424025
0.0898542
0.00569115
0.0185465
0.00387177
0.003876
0.00135313
0.00193166
0.0756077
0.0365552
0.0680268
0.139752
0.00438981
0.0505963
0.00201272
0.0426187
0.00173429
0.0169166
0.039004
0.102713
0.0282855
0.0178384
0.0709775
0.0872456
0.00629876
0.0803942
0.0191514
0.0388077
0.000910717
0.015219
0.0924433
0.0466337
0.013725
0.12143
0.107706
0.119069
0.134399
0.0406184
0.0585675
0.0333121
0.0123135
0.0101739
0.00111216
0.00164314
0.00173915
0.0903949
0.14074
0.045281
0.107848
0.0718923
0.0858622
0.015601
0.0728099
0.125114
0.138555
0.0954089
0.0484084
0.00134143
0.0442557
0.114344
0.00203914
0.0183051
0.0975722
0.0021512
0.00119805
0.120144
0.00350311
0.00296454
0.054459
0.00806686
0.0185901
0.114825
0.0198414
0.128473
0.0234945
0.140912
0.160594
0.0881247
0.00121228
0.0241097
0.00898398
0.140265
0.148045
0.00170951
0.0167872
0.120026
0.0316465
0.0316873
0.193107
0.00420549
0.00175639
0.00377767
0.0027628
0.00370379
0.0143457
0.183134
0.00204666
0.00592923
0.0397232
0.01226
0.166028
0.0670669
0.145983
0.0110027
0.00674529
0.117671
0.099834
0.00816727
0.0931102
0.00340168
0.0533453
0.00167561
0.00614087
0.00787895
0.0973066
0.0213986
0.0128474
0.015566
0.0457998
0.0121129
0.00476263
0.00659534
0.122576
0.00224846
0.0023875
0.089461
0.00397003
0.0096931
0.00285263
0.00713029
0.071322
0.0216631
0.0180139
0.10307
0.02649
0.116982
0.00950636
0.0034649
0.0163225
0.128717
0.00709863
0.00412288
0.00153991
0.00393837
0.0286999
0.0252401
0.0520134
0.0596442
0.0174988
0.00780411
0.00189517
0.0763328
0.00270953
0.147681
0.00265152
0.00640163
0.00635481
0.115582
0.0212066
0.0017416
0.00150979
0.0111835
0.0014301
0.0430049
0.00371376
0.122598
0.0749857
0.001453
0.0117534
0.038259
0.0973099
0.00705006
0.00172752
0.00328854
0.00670954
0.0926217
0.115375
0.092537
0.00148349
0.00156385
0.0799634
0.0156313
0.00589401
0.00893496
0.00449077
0.00191349
0.00134394
0.0105088
0.0802969
0.0448672
0.00224934
0.0897183
0.00833333
0.00173381
0.00210668
0.0205451
0.0124637
0.000848761
0.00193913
0.00157534
0.00186966
0.00379094
0.00371521
0.134311
0.155684
0.0749763
0.0350593
0.0017022
0.00662727
0.00262666
0.00235876
0.00740838
0.0559516
0.0157999
0.0710474
0.0212149
0.113209
0.0100855
0.00144768
0.00321607
0.139663
0.0946544
0.0262575
0.0129929
0.0054134
0.00182477
0.00931245
0.052772
0.0050496
0.0914107
0.00436361
0.0110571
0.0571312
0.0145283
0.00358516
0.00386878
0.00947273
0.0418471
0.0725126
0.00273968
0.0129843
0.0963458
0.119295
0.145003
0.132573
0.00134656
0.00357344
0.00171265
0.00175552
0.001966
0.0241089
0.0605431
0.0112655
0.0293969
0.0198313
0.00660394
0.129968
0.00197786
0.00150795
0.0107151
0.0118951
0.00182967
0.0321567
0.00177614
0.0160969
0.00200134
0.0816276
0.0374487
0.010922
0.00126911
0.00776918
0.00625559
0.00144269
0.0113895
0.00551368
0.00786465
0.00144383
0.0381427
0.00256571
0.00120261
0.0139728
0.00703304
0.00668277
0.0239424
0.0143913
0.13193
0.0183157
0.018228
0.010173
0.119147
0.00392317
0.00368556
0.00199059
0.00150088
0.001584
0.0136891
0.00167273
0.00367739
0.123874
0.0163424
0.00935377
0.00434885
0.0233413
0.0172596
0.00319924
0.00433207
0.0908346
0.00345034
0.0902253
0.111677
0.000987753
0.0105016
0.00148292
0.00421136
0.0023031
0.00421422
0.115405
0.0185148
0.0399014
0.123941
0.00441532
0.0129822
0.0243302
0.0014667
0.00182361
0.14357
0.0263383
0.00180599
0.0400812
0.00371423
0.00748146
0.00244119
0.00256878
0.00380076
0.00340098
0.00124718
0.00179084
0.00284486
0.00189626
0.0271713
0.018282
0.00550088
0.00599892
0.00548078
0.00443462
0.145325
0.139924
0.00169431
0.00168727
0.0276828
0.00149649
0.0459527
0.00183894
0.00672851
0.00900249
0.117972
0.0018925
0.00174765
0.0229899
0.0165896
0.00198385
0.00183554
0.00153407
0.00153174
0.0569752
0.00314523
0.00191374
0.0106143
0.00477795
0.00366222
0.108065
0.0230447
0.00100663
0.00410812
0.029556
0.155664
0.00234574
0.0048215
0.00179691
0.00854703
0.00180474
0.00358996
0.0753732
0.00214462
0.166991
0.0251965
0.0469688
0.142411
0.135784
0.0140201
0.00403059
0.0927796
0.00225386
0.0193174
0.00389489
0.00189494
0.00194391
0.121897
0.00633842
0.00174158
0.00170492
0.0185582
0.057083
0.00315895
0.00445563
0.0043106
0.00681948
0.0194117
0.131711
0.00328254
0.00161203
0.0166554
0.0025228
0.0114479
0.0476848
0.00338345
0.00682894
0.00223056
0.0590782
0.0350794
0.00194916
0.00154088
0.00236719
0.00704571
0.00240863
0.00192938
0.00384378
0.10077
0.0017061
0.00901142
0.0701709
0.0919228
0.0677506
0.00136631
0.00718267
0.00268207
0.00226561
0.0259035
0.00360223
0.0204132
0.00163807
0.00277264
0.00237914
0.00146843
0.0017056
0.00321745
0.0752246
0.00823727
0.00726466
0.0186697
0.00311251
0.004406
0.00165057
0.0975473
0.0309077
0.00568882
0.123244
0.0515057
0.0223777
0.00323885
0.0319082
0.0372616
0.00228338
0.0174156
0.0066155
0.00221384
0.00403611
0.00398801
0.00443164
0.00171368
0.00151923
0.00593929
0.0189513
0.0419708
0.00176919
0.00682632
0.00620823
0.00663623
0.00610238
0.129797
0.00732385
0.00711626
0.0328127
0.137336
0.0352467
0.00379934
0.083357
0.0859229
0.00941021
0.00200629
0.0220523
0.0062817
0.0040984
0.0132581
0.0117039
0.0650943
0.0948863
0.0148781
0.00719143
0.0431173
0.0177266
0.00267016
0.00466639
0.0381611
0.00229422
0.125682
0.00375658
0.0215615
0.0210404
0.114819
0.0068518
0.0238169
0.00139643
0.00172858
0.00547226
0.119691
0.0518275
0.00409599
0.00384953
0.0573987
0.00491199
0.0022371
0.0105571
0.00507615
0.103629
0.0385506
0.0725519
0.00351644
0.0136531
0.119865
0.00202127
0.0281225
0.0059447
0.00651728
0.0859202
0.0046442
0.0103251
0.00229249
0.0245436
0.0156338
0.0192512
0.0105849
0.11358
0.091012
0.00763186
0.00417919
0.0100166
0.153415
0.00393761
0.040055
0.0299534
0.138501
0.00428491
0.00182132
0.0337494
0.0024683
0.00389551
0.00885484
0.00146676
0.00383193
0.00165033
0.00374018
0.0195623
0.0172353
0.00625382
0.0111828
0.135855
0.0122727
0.0246527
0.00199193
0.113716
0.00429772
0.0776779
0.00204123
0.00736694
0.0387584
0.177916
0.00221441
0.00166063
0.00122176
0.00202232
0.112237
0.0193038
0.00151885
0.0262803
0.00353277
0.00993283
0.00394996
0.00317675
0.0284405
0.114828
0.00680986
0.00717133
0.0583135
0.0020816
0.00474687
0.102561
0.14506
0.15289
0.120005
0.00182605
0.0497867
0.0119447
0.11642
0.0468316
0.0117973
0.0606029
0.00373551
0.00796447
0.0554809
0.0955994
0.00849162
0.0351345
0.00658892
0.00133956
0.00148879
0.00983115
0.00254232
0.0101688
0.0734846
0.0075839
0.00204447
0.0167592
0.00261274
0.00774057
0.00504183
0.0148619
0.0332479
0.0116014
0.0132497
0.00204928
0.118588
0.0494733
0.0590977
0.00424648
0.00379079
0.0146728
0.0187272
0.0616564
0.03334
0.010563
0.00511558
0.0592279
0.00881711
0.0027194
0.00413118
0.0758369
0.0540349
0.00223498
0.00125165
0.0706845
0.00425658
0.0250622
0.00648458
0.00938131
0.0852035
0.00150399
0.0244163
0.137617
0.00912744
0.00644465
0.0716065
0.121051
0.00529715
0.0823891
0.100326
0.0160447
0.00924665
0.00838753
0.00120893
0.0257316
0.021071
0.00319255
0.125286
0.00361632
0.0016987
0.0271845
0.0188802
0.00753674
0.0407516
0.00768347
0.112862
0.0115731
0.00180311
0.114627
0.00458991
0.0032379
0.0498524
0.0364025
0.00204583
0.0238469
0.00196176
0.00200572
0.102362
0.01348
0.00169009
0.0283268
0.0159899
0.0181679
0.0160656
0.0100912
0.00920151
0.0420292
0.00557272
0.00384342
0.00772171
0.0172876
0.121372
0.114561
0.137698
0.00855011
0.00760025
0.141485
0.0247727
0.00221394
0.00151127
0.143005
0.0173476
0.00155874
0.00408311
0.148216
0.00343105
0.0165395
0.00777769
0.01854
0.0389754
0.0241755
0.0433482
0.0684036
0.00751204
0.133419
0.00706175
0.0878209
0.00257003
0.0433158
0.0441733
0.0818354
0.0356913
0.106345
0.0137243
0.00154079
0.0130912
0.0165173
0.00804233
0.135349
0.0133108
0.0143201
0.0133681
0.00165358
0.122715
0.00321414
0.0672844
0.00168348
0.00229778
0.00107876
0.111244
0.00613838
0.014717
0.00180826
0.00289928
0.0522507
0.0117487
0.00250637
0.0102544
0.0132186
0.0506675
0.0368228
0.0111129
0.00763997
0.0533837
0.00551115
0.00980265
0.00321851
0.00466266
0.155672
0.0118117
0.0216763
0.045896
0.00658574
0.0513929
0.00151771
0.00341932
0.00902033
0.0164855
0.00346083
0.0503029
0.00738613
0.0126229
0.00304917
0.0387598
0.0502292
0.0252643
0.0220152
0.0157369
0.0071398
0.0188764
0.0102054
0.00284242
0.0710508
0.0177625
0.00449231
0.00500864
0.0584009
0.135742
0.0444292
0.0117455
0.0361724
0.0241353
0.0117331
0.013125
0.0414383
0.00302173
0.0126399
0.0876935
0.0331775
0.00700464
0.00175599
0.00914847
0.0130146
0.00423468
0.00396042
0.0130144
0.0236684
0.0338071
0.0304109
0.0158347
0.00655347
0.0146234
0.0253085
0.0136055
0.00219415
0.0170246
0.0747821
0.00147835
0.00423837
0.00195462
0.00988383
0.027037
0.0184406
0.0230285
0.0789085
0.0618996
0.016432
0.0917567
0.0220293
0.155979
0.0381373
0.0325292
0.073751
0.0104008
0.0239239
0.0728564
0.0657333
0.139845
0.0236014
0.0281208
0.00292375
0.0869856
0.0196266
0.00172275
0.0696694
0.0351597
0.029613
0.0311988
0.00163384
0.00200106
0.00149107
0.00654164
0.0115864
0.00741754
0.0769828
0.0106044
0.0573418
0.00488904
0.0411909
0.0194556
0.0316158
0.0134477
0.0937162
0.0189191
0.0984516
0.00804629
0.00624304
0.127863
0.00236182
0.0104225
0.0558465
0.0201724
0.0857165
0.0937159
0.00126273
0.0506414
0.0106516
0.00661438
0.104504
0.0940475
0.00999165
0.00202281
0.0168798
0.0337308
0.00207506
0.0698905
0.0014262
0.0139027
0.00215452
0.0923509
0.00198911
0.0710801
0.0442403
0.00682052
0.0129742
0.00170197
0.00104616
0.00130065
0.00970141
0.0145433
0.00705717
0.136761
0.0147705
0.0501295
0.111064
0.00406403
0.0879374
0.0745002
0.0946148
0.0677297
0.0185969
0.0143328
0.00198121
0.0029487
0.00300791
0.0334703
0.0131645
0.0410781
0.0307046
0.0104037
0.0543427
0.0703311
0.0781278
0.0393215
0.0208339
0.00322039
0.0191859
0.0135612
0.113985
0.00649232
0.0067858
0.00203664
0.00142746
0.032416
0.0184348
0.101883
0.00137991
0.00340919
0.0707636
0.123908
0.0283005
0.124783
0.00886839
0.00590167
0.00160531
0.040893
0.017545
0.0517874
0.00143782
0.014847
0.12407
0.0223492
0.00900028
0.018624
0.0220354
0.0237258
0.00891152
0.00746379
0.0662099
0.122734
0.0198324
0.0172189
0.0535812
0.00168066
0.0174883
0.0444542
0.11023
0.00130596
0.019067
0.0557352
0.00199115
0.0024355
0.011917
0.0174819
0.0259751
0.00160624
0.125558
0.00141995
0.0104598
0.00278267
0.0193512
0.0329002
0.00144398
0.0284024
0.0817767
0.127592
0.0173813
0.0997499
0.00422023
0.0439384
0.0506099
0.0233872
0.00217158
0.0321818
0.0383867
0.145546
0.00309497
0.00105395
0.00285739
0.00419838
0.0210216
0.0512173
0.017208
0.0124827
0.00391458
0.0817109
0.0194487
0.0177154
0.0127969
0.0595027
0.00134051
0.00151723
0.0223482
0.13837
0.0322909
0.0696647
0.0676078
0.0691236
0.0979054
0.0443202
0.00493594
0.114541
0.0168297
0.0251916
0.0404357
0.00146735
0.0195776
0.0453428
0.0396113
0.00150047
0.107048
0.169723
0.0243375
0.122231
0.0112041
0.0235032
0.0402386
0.00887621
0.0501624
0.0210233
0.062165
0.00869846
0.0961278
0.0597664
0.00783922
0.0418117
0.00997218
0.0189854
0.0230128
0.0126281
0.118887
0.103471
0.0406175
0.00190531
0.0340576
0.0614335
0.00157116
0.0587985
0.0980747
0.124943
0.00401356
0.0128081
0.0127054
0.0104216
0.0133612
0.00679469
0.0320751
0.0233898
0.00722117
0.00148328
0.0431513
0.0208651
0.070204
0.00395158
0.00707819
0.127634
0.0293175
0.00876731
0.0136614
0.0921695
0.00217698
0.0269479
0.00603823
0.00132131
0.0250742
0.0604835
0.0213517
0.063615
0.0427812
0.119795
0.0329313
0.0262521
0.139884
0.147127
0.0117104
0.0455021
0.00819326
0.0611553
0.0167692
0.0636321
0.0244845
0.00195012
0.0527792
0.0562801
0.00422902
0.0421561
0.0602881
0.0103016
0.00198609
0.00111628
0.0329891
0.0302056
0.0232968
0.148653
0.117985
0.0186753
0.00377402
0.11685
0.00763784
0.0411928
0.0880009
0.0669232
0.0944466
0.0370217
0.0138003
0.0189441
0.0253884
0.00200208
0.0307919
0.0177255
0.0736804
0.00650182
0.017239
0.0118118
0.0408865
0.0145456
0.0222917
0.0506039
0.121027
0.0101179
0.00226127
0.00177516
0.0529839
0.0258072
0.00212492
0.0228143
0.00670608
0.00337627
0.00214473
0.0246785
0.0401866
0.0145143
0.0186074
0.0177761
0.00292702
0.00455713
0.00221774
0.0389323
0.140988
0.0534536
0.00818095
0.0587311
0.0897163
0.0183077
0.0595823
0.0609595
0.124323
0.00644466
0.0540319
0.110444
0.0947885
0.00137952
0.0923683
0.0374329
0.113707
0.0417004
0.125408
0.00529459
0.015622
0.00482933
0.0790945
0.0207965
0.014102
0.00142537
0.00167296
0.041535
0.141188
0.00569632
0.00504461
0.0250733
0.00280652
0.0601186
0.0175323
0.148372
0.00344796
0.0392444
0.0555231
0.0212978
0.0457547
0.0452975
0.0400472
0.00302924
0.0305482
0.0266132
0.144155
0.0428975
0.0182655
0.0525383
0.0938879
0.0249406
0.00323788
0.036272
0.057364
0.00254014
0.00532259
0.0574088
0.0116657
0.121372
0.0327326
0.00823651
0.00799907
0.0350344
0.0369214
0.0349583
0.00323167
0.0246122
0.0513022
0.0692166
0.0332023
0.0182491
0.0507203
0.0237649
0.0313113
0.0100257
0.00623521
0.0183623
0.0056695
0.000997052
0.0277674
0.117742
0.00113206
0.00543264
0.159171
0.128684
0.0876365
0.0387992
0.0619134
0.0317944
0.0922475
0.0964845
0.00346312
0.00400583
0.0255648
0.0476045
0.00585755
0.0324424
0.131816
0.00161888
0.0354843
0.071575
0.0990724
0.0927
0.0235711
0.0538416
0.0100835
0.0583172
0.0992771
0.0432817
0.0189978
0.0185787
0.0938512
0.0182832
0.00209438
0.0210612
0.0913956
0.00576405
0.0754459
0.0572223
0.077983
0.0235071
0.124269
0.00134844
0.0407377
0.00264404
0.00105885
0.0120875
0.0365163
0.0410163
0.0551554
0.070949
0.0172007
0.00792905
0.00805828
0.111961
0.0177182
0.00159797
0.0696146
0.00443601
0.0994566
0.0442005
0.0198391
0.00711593
0.116979
0.0252891
0.0196818
0.00673106
0.00305774
0.00270047
0.0568974
0.122771
0.0108315
0.0435822
0.0433519
0.0124406
0.0368436
0.0133503
0.112464
0.00527933
0.133146
0.00503456
0.00969498
0.00248531
0.00139019
0.0994656
0.0100965
0.00236642
0.00605766
0.0911723
0.0623511
0.00785456
0.072576
0.0578758
0.0921728
0.0951518
0.00611913
0.0199506
0.00213256
0.124089
0.0206397
0.120865
0.0941004
0.0375104
0.00188116
0.00936649
0.0696361
0.0327189
0.0795265
0.00161898
0.153176
0.045393
0.0257032
0.0422636
0.00958604
0.12416
0.00175547
0.0940678
0.0412913
0.0394034
0.0620992
0.0788026
0.0989298
0.001642
0.10864
0.0472318
0.00591935
0.0612388
0.094633
0.119399
0.118881
0.0147239
0.0620931
0.0854076
0.00115829
0.0356319
0.153152
0.0286859
0.0807971
0.00295211
0.0217265
0.0335938
0.0616315
0.0257569
0.0957025
0.00488787
0.124519
0.0944888
0.00205587
0.141138
0.00975578
0.0305599
0.110637
0.08632
0.0116881
0.0137891
0.0638831
0.142979
0.0341113
0.0689983
0.102612
0.0385902
0.0562274
0.0663894
0.0609992
0.008004
0.109043
0.0747537
0.0021928
0.0460214
0.0220238
0.00772821
0.00417265
0.0765447
0.0416822
0.0840754
0.0935327
0.0213276
0.0141469
0.0241168
0.0264272
0.0792178
0.0347766
0.0589987
0.100919
0.0333643
0.00920938
0.0330266
0.0328081
0.123591
0.0872621
0.149895
0.00450516
0.0398465
0.106798
0.00139912
0.04346
0.00176179
0.0877996
0.0667413
0.0796899
0.00428836
0.0587423
0.0289587
0.0384627
0.0928472
0.0820251
0.0979224
0.0552887
0.0313838
0.0639028
0.0102346
0.141018
0.0182123
0.0846666
0.0998562
0.0337345
0.00377758
0.123348
0.101447
0.0243927
0.0510365
0.0310113
0.00607791
0.0234785
0.0212193
0.00185218
0.00875314
0.0309281
0.0415946
0.0157295
0.0145506
0.0376185
0.114079
0.054496
0.0197112
0.0429732
0.00150378
0.0714615
0.117208
0.101097
0.0574775
0.0202648
0.125453
0.177596
0.140155
0.0193999
0.0177009
0.0502138
0.0823376
0.00274997
0.0202098
0.0948002
0.102604
0.0190651
0.127493
0.134303
0.0898917
0.00247726
0.0887865
0.0526594
0.00681159
0.0908793
0.0027456
0.110507
0.0260837
0.0334346
0.0682479
0.0899648
0.0684553
0.0419672
0.0889677
0.0632407
0.0908317
0.00774831
0.00192914
0.00168216
0.0951819
0.00394078
0.056278
0.0191773
0.0664158
0.0695827
0.121256
0.00786003
0.0715445
0.0690526
0.109879
0.0571704
0.0132641
0.0477416
0.00203713
0.115318
0.0428137
0.00448084
0.00147929
0.167806
0.0685729
0.0223633
0.096458
0.00492134
0.10561
0.00447402
0.0818082
0.015789
0.137257
0.0961562
0.0707727
0.0531833
0.0203506
0.0638965
0.0232759
0.0250248
0.00601032
0.0641719
0.00324324
0.0767555
0.0022882
0.0734649
0.00114857
0.0035516
0.10573
0.0700149
0.0896369
0.0656575
0.151448
0.0547694
0.090462
0.0422961
0.108486
0.00775271
0.101469
0.00201072
0.0926365
0.0884152
0.0713265
0.0712022
0.0403374
0.00381219
0.0409141
0.0173865
0.0775625
0.108212
0.0258387
0.132632
0.00792488
0.0351173
0.0710615
0.014085
0.123664
0.177592
0.0403449
0.0702915
0.0179993
0.0140318
0.0811278
0.149923
0.14962
0.00204565
0.0237929
0.0775202
0.00146851
0.0185706
0.088741
0.0867748
0.00713277
0.0411017
0.109487
0.0168898
0.00281285
0.0395782
0.11707
0.140831
0.0156356
0.133152
0.0038015
0.0935638
0.0688985
0.0176044
0.0109543
0.0964769
0.0770049
0.0834942
0.0759882
0.0731572
0.00961836
0.0876865
0.0735638
0.103742
0.132378
0.00447115
0.14499
0.0039937
0.0259306
0.0311508
0.149514
0.0045052
0.0546631
0.00598788
0.0905039
0.0812941
0.00205338
0.0714171
0.0364498
0.0973845
0.026321
0.0714113
0.0256934
0.0795232
0.0177027
0.0303425
0.0766475
0.0917163
0.125713
0.00720517
0.0793271
0.00698192
0.0949348
0.0278035
0.133453
0.0977886
0.00934418
0.0744292
0.00569417
0.114598
0.0375771
0.0417708
0.128999
0.0399889
0.0552467
0.0904921
0.00299807
0.114085
0.086288
0.0272267
0.121346
0.125568
0.0182275
0.05728
0.0803214
0.0728507
0.0921494
0.107014
0.0943233
0.00289982
0.00504337
0.00800631
0.115906
0.0318129
0.129989
0.0232383
0.00676655
0.00292537
0.0189989
0.0937343
0.0748926
0.0495427
0.118472
0.143771
0.0866977
0.00399771
0.013365
0.122688
0.0178734
0.11673
0.00128854
0.0866308
0.100608
0.102568
0.0824411
0.121896
0.0567651
0.0868437
0.0712193
0.00878432
0.135279
0.0589942
0.00221424
0.116371
0.041646
0.0952546
0.0732648
0.0465343
0.00475161
0.0766528
0.00203918
0.0593196
0.0752487
0.016175
0.0648482
0.0326033
0.012222
0.0720613
0.00205225
0.0154141
0.0974684
0.0403908
0.0893465
0.00316903
0.109559
0.0252999
0.0425113
0.0796048
0.0765368
0.0743577
0.0391047
0.0424838
0.119871
0.0430132
0.00298255
0.00369738
0.033985
0.0862153
0.00299302
0.0249947
0.00395374
0.124467
0.0950907
0.0827977
0.0275131
0.141436
0.121437
0.0775523
0.0888796
0.00819663
0.0988879
0.149126
0.0239621
0.0923588
0.0134257
0.107315
0.00645468
0.0795734
0.116139
0.0214226
0.0140889
0.00135882
0.0625495
0.119516
0.124195
0.031461
0.00253628
0.147953
0.0441616
0.00203968
0.0614075
0.0957083
0.00771637
0.0520761
0.0802445
0.114576
0.0869673
0.0764962
0.095834
0.0156916
0.0980035
0.00394475
0.123328
0.0211986
0.00188701
0.0514017
0.0951729
0.127286
0.117002
0.114195
0.00210457
0.085818
0.0972637
0.169097
0.0636125
0.00243655
0.0965039
0.00822983
0.0761211
0.0206818
0.0167421
0.0198171
0.014758
0.0255694
0.0174658
0.025482
0.080747
0.104596
0.0325248
0.00391044
0.0106118
0.0901068
0.107789
0.0837269
0.0810969
0.0760773
0.00641345
0.00291102
0.00774258
0.138009
0.122118
0.0113128
0.150928
0.0348326
0.0535164
0.0469612
0.0975718
0.00402575
0.0349199
0.0411659
0.12097
0.010387
0.13404
0.0917078
0.0924404
0.110031
0.0963667
0.105864
0.0185569
0.0808666
0.0163017
0.00461685
0.100102
0.100673
0.128637
0.00153538
0.107597
0.0811014
0.0129418
0.0890319
0.00952836
0.125931
0.0789624
0.0251508
0.0119591
0.131867
0.13304
0.0955825
0.113359
0.00776245
0.0351717
0.0785503
0.00651668
0.0675982
0.0968974
0.00458985
0.163337
0.132907
0.163652
0.156091
0.160042
0.0760674
0.0313072
0.168462
0.00876382
0.0953779
0.007389
0.00130393
0.0139937
0.0581539
0.0966675
0.0659959
0.149595
0.11394
0.14836
0.0754046
0.00390901
0.0493839
0.102926
0.0796669
0.00482579
0.0569213
0.138265
0.0538907
0.0596374
0.0991781
0.0827764
0.173963
0.154382
0.157173
0.171641
0.151991
0.138583
0.150264
0.144824
0.101153
0.169721
0.0933138
0.0687589
0.127228
0.154451
0.097835
0.00201633
0.124786
0.0707869
0.0606849
0.119504
0.0450611
0.154557
0.0382727
0.0526762
0.00146791
0.016715
0.0809159
0.0754382
0.00973793
0.0148433
0.00840161
0.112694
0.0327979
0.017388
0.119344
0.030809
0.102539
0.148659
0.0651112
0.00613525
0.0198409
0.0173877
0.066994
0.00198131
0.119911
0.0515402
0.00231003
0.00528317
0.0677127
0.0736109
0.122511
0.0219032
0.0997135
0.106731
0.0701481
0.0356736
0.0925052
0.0154916
0.0785866
0.0120437
0.108507
0.109327
0.00398579
0.0440078
0.100404
0.0262402
0.142119
0.110262
0.0330048
0.125937
0.00184224
0.00782983
0.00206754
0.107289
0.0147765
0.0824156
0.14174
0.105997
0.123096
0.0678878
0.0922827
0.0015629
0.0970266
0.0731817
0.0892938
0.0615435
0.123718
0.117565
0.0428806
0.0849609
0.0773596
0.0720033
0.105174
0.00456058
0.0975353
0.0015433
0.146502
0.0485711
0.0800682
0.00178954
0.00208067
0.0955074
0.121033
0.00199877
0.00815285
0.0959257
0.111789
0.0198594
0.131422
0.0909448
0.135528
0.0121841
0.127662
0.143985
0.158092
0.125571
0.060254
0.00883267
0.0635217
0.0710055
0.112217
0.132625
0.0815915
0.123584
0.100567
0.0462545
0.00148683
0.13808
0.072052
0.107065
0.018549
0.12598
0.0134506
0.124969
0.123936
0.0687358
0.113935
0.0598792
0.0601492
0.114365
0.0990975
0.0804103
0.00374175
0.114817
0.0097886
0.0864728
0.088046
0.100106
0.0562714
0.0184182
0.113671
0.0814662
0.0448247
0.139771
0.0155015
0.00167441
0.132025
0.123348
0.0990034
0.0875427
0.153549
0.00946942
0.0794842
0.124568
0.0116246
0.0999322
0.0185895
0.116496
0.00717031
0.11361
0.114443
0.0388412
0.0603216
0.0836295
0.0262841
0.0720142
0.104584
0.0992531
0.117262
0.127834
0.0820197
0.0915863
0.101705
0.00210773
0.0920334
0.166464
0.0145474
0.0325893
0.0998847
0.0768222
0.00365064
0.0439727
0.00130382
0.108836
0.00400702
0.161523
0.030138
0.120126
0.114487
0.0701383
0.107189
0.0702574
0.0906814
0.113236
0.00125159
0.11829
0.107413
0.00108894
0.103542
0.0865198
0.0478395
0.0700283
0.0192238
0.1369
0.0116484
0.124927
0.143628
0.128494
0.154011
0.0985775
0.0743504
0.0369556
0.00158475
0.0527294
0.121858
0.125205
0.140108
0.0833308
0.00206428
0.037543
0.054536
0.124304
0.0944261
0.119924
0.0147411
0.112773
0.126137
0.136643
0.116494
0.0871992
0.043754
0.00189608
0.0325073
0.124017
0.0280982
0.140689
0.153871
0.114839
0.139481
0.0982542
0.128066
0.119626
0.0844984
0.124236
0.12755
0.110797
0.121247
0.00211416
0.00155073
0.125501
0.0331453
0.1241
0.0251002
0.0163868
0.0824952
0.124129
0.0324828
0.02291
0.0239706
0.0564756
0.0463484
0.108448
0.139128
0.127901
0.0611514
0.0077147
0.0103426
0.0905857
0.0303586
0.0431629
0.00259978
0.120511
0.129206
0.117412
0.134709
0.0967016
0.00848534
0.115365
0.00425987
0.0186964
0.0299163
0.0595247
0.132091
0.0787025
0.0682201
0.0368819
0.125148
0.0691606
0.0194602
0.124907
0.104745
0.148942
0.143886
0.087274
0.119232
0.089993
0.117972
0.142658
0.127915
0.142527
0.098629
0.0184655
0.00298015
0.0236823
0.136334
0.0120277
0.155025
0.1088
0.0176389
0.0468752
0.0833124
0.0714719
0.126783
0.134883
0.0713365
0.0995867
0.0258876
0.0601005
0.072104
0.0884322
0.00240525
0.0979274
0.123231
0.0206288
0.110219
0.0918022
0.0753824
0.152075
0.126032
0.00196922
0.116377
0.0090941
0.0748828
0.0231448
0.00909407
0.118885
0.00229662
0.137211
0.0769985
0.106776
0.00242731
0.00677417
0.0776921
0.0251481
0.151025
0.155553
0.00114366
0.0282066
0.140357
0.0940588
0.00187539
0.141293
0.0218489
0.151973
0.00134625
0.138059
0.0805218
0.10183
0.00215174
0.11155
0.0762004
0.0931996
0.0645175
0.14317
0.102568
0.145693
0.010783
0.00260505
0.10444
0.0335047
0.0241632
0.0134402
0.131601
0.0104684
0.00194502
0.09348
0.0963139
0.00198543
0.0235265
0.141646
0.122456
0.168042
0.0142243
0.00464688
0.144928
0.106712
0.0433633
0.0356954
0.0851956
0.0256846
0.134788
0.0944976
0.0693273
0.0200502
0.0903084
0.0338454
0.0404862
0.00198938
0.133321
0.108446
0.0560536
0.040592
0.00201926
0.122117
0.0116645
0.0381138
0.074253
0.00433234
0.136915
0.00249251
0.00213099
0.0576209
0.103771
0.0513954
0.0406619
0.123195
0.124902
0.0208828
0.118847
0.00420649
0.00167267
0.00232541
0.0830761
0.0353184
0.062447
0.0949913
0.0980116
0.126288
0.0023158
0.136792
0.0996779
0.149288
0.140462
0.129074
0.129839
0.097947
0.0761519
0.150892
0.105005
0.0132746
0.0410701
0.0130126
0.042646
0.0617429
0.0519177
0.110393
0.10651
0.100615
0.025293
0.0279253
0.0843407
0.00315788
0.138636
0.0112681
0.112695
0.063123
0.00518692
0.0127581
0.0498658
0.105711
0.111893
0.0452618
0.109497
0.00205923
0.0184086
0.0684115
0.0926997
0.1391
0.153456
0.00796642
0.140368
0.0854244
0.106521
0.00180758
0.00255718
0.110695
0.122987
0.138853
0.171979
0.0349529
0.0075613
0.0279666
0.0151867
0.0816729
0.0243202
0.00449704
0.132288
0.148224
0.00382603
0.154759
0.0755048
0.00460081
0.0311698
0.0352541
0.121229
0.0135744
0.113854
0.142223
0.0119716
0.104816
0.0380477
0.052356
0.00907055
0.120604
0.047075
0.00145947
0.01782
0.103814
0.0224743
0.11071
0.020605
0.0344458
0.0125896
0.00525812
0.0293314
0.106535
0.0165747
0.0316541
0.00342534
0.00186119
0.125602
0.106751
0.00139042
0.0856082
0.153393
0.00704296
0.00326796
0.0151086
0.101884
0.101605
0.0617221
0.113764
0.0774177
0.143526
0.0183889
0.123653
0.122425
0.064223
0.141805
0.0032353
0.0177498
0.151683
0.0332423
0.108476
0.0478548
0.0250646
0.0443849
0.00537736
0.0984667
0.00117785
0.0859436
0.073356
0.0140552
0.126511
0.128869
0.13971
0.0277072
0.0848127
0.0263082
0.118084
0.0866554
0.119071
0.180289
0.140869
0.128786
0.123628
0.00416251
0.0227094
0.102906
0.100803
0.121842
0.088266
0.0133462
0.0109342
0.0733997
0.123293
0.113095
0.00230863
0.00228883
0.131575
0.135673
0.120363
0.07894
0.145244
0.0731022
0.0784505
0.0678669
0.0176645
0.0617876
0.00185438
0.122711
0.112444
0.143483
0.0198481
0.116824
0.0184334
0.0634706
0.176011
0.0904171
0.0248022
0.146834
0.0119179
0.138227
0.16994
0.122295
0.0695567
0.0225662
0.0381619
0.0785888
0.115405
0.154535
0.0424241
0.00421673
0.00816435
0.154206
0.0134217
0.0572169
0.125994
0.0342739
0.000807239
0.0807295
0.0438006
0.0213248
0.0237584
0.0163486
0.0918835
0.0646519
0.00929127
0.01184
0.115746
0.150922
0.150767
0.0777844
0.0347137
0.119846
0.0643477
0.0236761
0.0884208
0.018873
0.0696125
0.121874
0.04714
0.0705485
0.116193
0.144605
0.0108255
0.140209
0.114661
0.0827161
0.134454
0.112047
0.0532535
0.025274
0.0139374
0.0728479
0.150005
0.00224887
0.00605799
0.0205738
0.000966336
0.0691407
0.0805032
0.0690346
0.077202
0.00956458
0.126777
0.00823068
0.00887756
0.00427477
0.14171
0.0421905
0.0886373
0.146131
0.138705
0.0349653
0.158299
0.0173379
0.00215835
0.0952002
0.00184576
0.022409
0.00135899
0.157001
0.0785413
0.135981
0.00145601
0.0954992
0.114766
0.00144511
0.0030685
0.0715095
0.068296
0.0273918
0.0781835
0.0954157
0.0193961
0.0817182
0.0822055
0.0259377
0.151967
0.0710234
0.0819966
0.0018406
0.0763309
0.124036
0.0861367
0.00732548
0.094827
0.0937421
0.0303284
0.0237781
0.0729292
0.00550909
0.018654
0.025301
0.0141089
0.0360254
0.0915115
0.0840125
0.0967462
0.0728733
0.0689732
0.146577
0.152883
0.0336153
0.145583
0.0932404
0.0188405
0.0319397
0.0565484
0.0856702
0.153396
0.156488
0.0042722
0.0791509
0.0402466
0.0244818
0.00436451
0.00447327
0.101664
0.0122449
0.0126261
0.00139648
0.0864309
0.0881954
0.0275576
0.123
0.151779
0.0871281
0.0104449
0.101645
0.00165837
0.123041
0.116796
0.0978404
0.0498884
0.144011
0.144287
0.0994445
0.109506
0.136171
0.0786622
0.00713157
0.0770214
0.0689421
0.00409715
0.153718
0.0984896
0.0141871
0.0982806
0.0477729
0.02544
0.131123
0.0743766
0.162275
0.0707536
0.109443
0.123326
0.00123985
0.0263069
0.0380084
0.0689119
0.123362
0.065214
0.00134909
0.00163292
0.0239508
0.0966067
0.0618022
0.0164851
0.0713046
0.0135273
0.0581994
0.135874
0.100718
0.00464069
0.0144963
0.0860544
0.025132
0.0438417
0.0294692
0.138191
0.0717971
0.142449
0.145499
0.0804439
0.0817959
0.0643976
0.146335
0.00764492
0.0274376
0.0839528
0.0338385
0.0242901
0.00659431
0.0384851
0.100611
0.0464765
0.026288
0.125394
0.0372041
0.111354
0.00142963
0.00245405
0.0404219
0.0189019
0.0856669
0.140865
0.0621996
0.108495
0.0875885
0.0280424
0.0991473
0.106492
0.0376345
0.00448418
0.0343226
0.107034
0.087817
0.00788125
0.110368
0.12597
0.0144562
0.0020973
0.11347
0.125471
0.0851994
0.0973061
0.113558
0.009549
0.0795685
0.088699
0.0557067
0.124835
0.0445274
0.125376
0.0974742
0.0220645
0.0378429
0.00799824
0.150411
0.0349869
0.0271899
0.116141
0.126959
0.0637588
0.132478
0.154123
0.148837
0.0243199
0.00413547
0.148346
0.0931466
0.00641117
0.117624
0.00185495
0.00375252
0.0745659
0.1162
0.0510078
0.0937942
0.0419502
0.0648475
0.119129
0.013191
0.16117
0.0760394
0.0182038
0.171514
0.15434
0.152124
0.114495
0.00844022
0.0341767
0.12445
0.102414
0.0831505
0.116198
0.1223
0.139189
0.0138226
0.0250898
0.0752977
0.141396
0.132355
0.141748
0.0689234
0.0533955
0.0763113
0.0011893
0.0368568
0.139278
0.00800776
0.144183
0.151984
0.158401
0.15422
0.0425358
0.123478
0.147667
0.150579
0.0831457
0.0774914
0.159977
0.174149
0.0633882
0.149714
0.148185
0.128019
0.0699448
0.127287
0.0578008
0.147166
0.062638
0.165435
0.153079
0.00538254
0.0494074
0.141631
0.124647
0.0235222
0.139556
0.0609611
0.0638967
0.125708
0.035217
0.154185
0.175988
0.089688
0.157922
0.142702
0.119264
0.0247063
0.169983
0.165764
0.0608484
0.166241
0.139279
0.00357689
0.0988239
0.012903
0.0479448
0.123475
0.0124901
0.00202796
0.0390851
0.11275
0.123007
0.0900973
0.143379
0.155172
0.0810392
0.0211101
0.076232
0.105438
0.153907
0.0287515
0.0349995
0.108478
0.00277583
0.0186287
0.108632
0.0857397
0.144277
0.0212982
0.0990225
0.0251805
0.0174345
0.122309
0.0830565
0.144716
0.124346
0.138301
0.144656
0.14808
0.14071
0.0116907
0.0873111
0.121194
0.139221
0.0725481
0.00674851
0.0649312
0.146216
0.127271
0.113174
0.1214
0.00138392
0.0133277
0.0619866
0.124978
0.00163064
0.0951666
0.139682
0.00791462
0.00921448
0.00418263
0.110248
0.158375
0.0208899
0.0398422
0.0515871
0.0844495
0.0706756
0.0872877
0.113536
0.080174
0.0243235
0.132469
0.1044
0.0854346
0.09711
0.139692
0.0792861
0.0736815
0.140439
0.0778096
0.00165047
0.146992
0.143622
0.0236882
0.141766
0.106057
0.111513
0.00462817
0.0713363
0.00145631
0.0824379
0.113197
0.0450424
0.00297781
0.110601
0.101511
0.00538271
0.133914
0.0350268
0.0369682
0.122418
0.0192203
0.101067
0.0256462
0.00424745
0.10152
0.00814609
0.14947
0.00245168
0.00323043
0.0202721
0.15197
0.0947681
0.119567
0.104296
0.112531
0.00518147
0.016029
0.0724499
0.157422
0.00516697
0.0737241
0.150274
0.00181056
0.0666355
0.105509
0.0612168
0.0148198
0.00773254
0.160453
0.0445974
0.0418553
0.0858912
0.0687713
0.00680347
0.00817056
0.0369159
0.0140436
0.0609737
0.0130904
0.00148327
0.153866
0.0699285
0.147171
0.123882
0.153071
0.153642
0.149762
0.0430345
0.120488
0.0194945
0.00181452
0.00240609
0.130673
0.144565
0.015642
0.125909
0.0465473
0.000996187
0.148586
0.0131636
0.0173858
0.157736
0.0604719
0.0359735
0.12245
0.00626936
0.145209
0.00142555
0.00149814
0.0909866
0.145235
0.1025
0.00162045
0.00139915
0.0865651
0.00138203
0.137238
0.146953
0.0821268
0.0704748
0.0165075
0.0230373
0.0926362
0.126803
0.0193897
0.127475
0.07709
0.152737
0.123958
0.127374
0.0810096
0.0077828
0.141645
0.0995653
0.00498818
0.142841
0.143416
0.118357
0.143518
0.115567
0.0022076
0.0456759
0.016198
0.00394451
0.12913
0.124813
0.0969239
0.135412
0.137023
0.0112906
0.0158524
0.0724742
0.077502
0.145511
0.0780498
0.168395
0.0266759
0.149731
0.148883
0.141518
0.15111
0.00217414
0.00205528
0.097871
0.0440233
0.0616518
0.0804658
0.00945618
0.0134394
0.149043
0.141728
0.124082
0.0730423
0.144725
0.0669252
0.120885
0.0248055
0.152881
0.157489
0.138404
0.107531
0.142051
0.132024
0.140922
0.067766
0.05466
0.0823688
0.135989
0.144388
0.0098545
0.121499
0.133106
0.0750866
0.134057
0.0536047
0.127425
0.0432796
0.0165484
0.00230316
0.0508731
0.043136
0.101486
0.154608
0.152797
0.123342
0.0759285
0.0572215
0.0770182
0.0135962
0.153262
0.145144
0.123165
0.123929
0.00207698
0.139105
0.14105
0.120399
0.138963
0.0785122
0.0941067
0.0348928
0.0164192
0.139141
0.00128983
0.110681
0.0430029
0.129154
0.0793952
0.0184851
0.0523241
0.0921811
0.0467691
0.0371742
0.1026
0.0502365
0.147142
0.124476
0.0761825
0.00512191
0.139457
0.133087
0.103048
0.0797
0.0965216
0.00812545
0.0854545
0.0254187
0.143743
0.146389
0.00487568
0.0437881
0.126891
0.0493586
0.0803012
0.0823778
0.148821
0.139614
0.128303
0.0179672
0.00255413
0.140385
0.124781
0.14662
0.12577
0.165805
0.0540507
0.111678
0.160056
0.0161695
0.124197
0.0868885
0.122741
0.0146191
0.149827
0.149654
0.0657736
0.127025
0.0290369
0.121642
0.0866876
0.125876
0.123168
0.0840733
0.0985266
0.155995
0.132196
0.144785
0.14649
0.00171649
0.00778684
0.0894591
0.00149736
0.0858555
0.00297684
0.0288288
0.093873
0.0128227
0.157911
0.0996891
0.00149688
0.0752614
0.0821433
0.00313019
0.133644
0.00194538
0.0434765
0.146733
0.143901
0.0956553
0.0689596
0.0531852
0.0954848
0.10943
0.0743172
0.141978
0.140364
0.125742
0.0955582
0.0432976
0.0269399
0.147835
0.108359
0.00207281
0.0988242
0.0207341
0.147152
0.0419537
0.137002
0.0963141
0.00861304
0.112856
0.00799015
0.137037
0.145407
0.0839398
0.119452
0.0498282
0.14492
0.0132329
0.00630124
0.0583415
0.0122663
0.124043
0.147832
0.101497
0.00205086
0.133633
0.096772
0.0430912
0.137888
0.00433026
0.0110899
0.0976999
0.128278
0.0736291
0.113459
0.0676695
0.0768254
0.141848
0.0692362
0.0259227
0.0965212
0.0897219
0.139997
0.142376
0.127935
0.086077
0.0325229
0.0549624
0.0561506
0.131298
0.0632047
0.133645
0.113484
0.00272279
0.0895703
0.00165554
0.130256
0.00983271
0.113719
0.133053
0.00183896
0.00159217
0.131803
0.113598
0.00194133
0.0873639
0.0944514
0.0186956
0.0352987
0.143609
0.0289487
0.00129851
0.116873
0.0173122
0.144821
0.115236
0.135917
0.14335
0.118236
0.0285819
0.155963
0.107332
0.00526409
0.099558
0.0432934
0.107718
0.0146949
0.0665879
0.146996
0.00143615
0.00255241
0.146277
0.144863
0.0301152
0.098738
0.119555
0.0705452
0.138376
0.025094
0.0877214
0.130714
0.144598
0.0067271
0.142634
0.110528
0.0266511
0.110027
0.169774
0.00144537
0.00175956
0.106759
0.140715
0.0638856
0.00793141
0.133382
0.0869159
0.076278
0.115076
0.0545067
0.0440482
0.118252
0.159085
0.0850414
0.128069
0.0884185
0.0976054
0.0571684
0.110471
0.132718
0.0239778
0.0976505
0.15175
0.133289
0.00724888
0.0654521
0.12524
0.0756287
0.139112
0.16142
0.102943
0.144091
0.143284
0.0918157
0.097166
0.10829
0.141856
0.0530919
0.141034
0.146669
0.144285
0.13311
0.109619
0.0995001
0.0562752
0.136106
0.142437
0.124557
0.0745617
0.0990062
0.0064579
0.0530719
0.123594
0.142352
0.13975
0.0654256
0.0122452
0.0339046
0.02465
0.00442487
0.00546341
0.10643
0.0876031
0.124419
0.144061
0.138098
0.0225782
0.100026
0.141192
0.00257044
0.134925
0.00478159
0.0905321
0.0121263
0.0941698
0.0275554
0.100684
0.132282
0.133549
0.0782049
0.119091
0.0818521
0.0734908
0.020279
0.00414898
0.12316
0.0588843
0.0960526
0.129849
0.0142602
0.13161
0.117184
0.127207
0.12881
0.00502266
0.0937456
0.136809
0.130328
0.133994
0.135007
0.128691
0.136593
0.124887
0.00207438
0.108043
0.010304
0.0115042
0.109276
0.0656922
0.129617
0.086229
0.0345222
0.144167
0.142907
0.0132323
0.0871003
0.124205
0.0984025
0.0183308
0.00743537
0.138867
0.128591
0.126663
0.0744324
0.126394
0.128389
0.0153194
0.1383
0.0318529
0.01533
0.0050955
0.145954
0.118418
0.102717
0.0277526
0.0104516
0.149697
0.00780332
0.0116201
0.111941
0.00375752
0.0880396
0.00774086
0.105458
0.120072
0.0290912
0.0712782
0.111563
0.138135
0.122545
0.14869
0.136299
0.0402924
0.123838
0.140811
0.120272
0.00201
0.0866329
0.0964902
0.0341496
0.0247618
0.136317
0.0269548
0.0923164
0.125397
0.120085
0.102544
0.00456699
0.0854243
0.00158274
0.0486874
0.135862
0.0364628
0.0993682
0.123635
0.0247958
0.0561764
0.0662236
0.0944952
0.121201
0.132325
0.134299
0.0334632
0.130574
0.037709
0.0990191
0.128256
0.0758808
0.126473
0.0114062
0.0120664
0.0788279
0.121237
0.103806
0.147034
0.125626
0.138244
0.00390504
0.117673
0.12985
0.0170784
0.00898698
0.00946116
0.120572
0.0851235
0.00607535
0.0350926
0.124332
0.0160858
0.00454764
0.133261
0.100057
0.123729
0.0644901
0.0727165
0.00139245
0.0283676
0.0120526
0.129618
0.0110183
0.140513
0.164238
0.110534
0.112724
0.082396
0.13511
0.00208255
0.108587
0.0097282
0.0668342
0.127766
0.0722073
0.121355
0.113908
0.128232
0.0720759
0.0135149
0.133738
0.00613681
0.129542
0.12787
0.144617
0.0247417
0.0816331
0.119265
0.132863
0.0940019
0.0183234
0.0334685
0.00223084
0.0834427
0.0750838
0.121159
0.00811063
0.00897485
0.0653351
0.0852688
0.0470515
0.00205936
0.0940387
0.11884
0.138925
0.0759575
0.0187433
0.128526
0.0946389
0.0130374
0.0874025
0.10679
0.118594
0.0039816
0.0106896
0.0688319
0.0827141
0.123555
0.104578
0.0073832
0.114133
0.146817
0.114722
0.127558
0.0339556
0.0840269
0.0699064
0.133257
0.070735
0.140513
0.0362512
0.0110821
0.0375356
0.0859289
0.143961
0.138827
0.113484
0.104611
0.124914
0.143185
0.0849636
0.122804
0.0281497
0.0387111
0.141596
0.040189
0.139415
0.0460345
0.00270079
0.125908
0.0406506
0.00291116
0.105676
0.134311
0.0869643
0.00657373
0.0832351
0.149259
0.0184147
0.102503
0.134286
0.152167
0.00267469
0.102413
0.118547
0.0583924
0.145365
0.116151
0.00569018
0.0243063
0.025433
0.1271
0.126498
0.137857
0.126012
0.0899031
0.10076
0.0408166
0.00868907
0.102174
0.11632
0.00423377
0.0039665
0.0357506
0.111881
0.13954
0.00917258
0.020737
0.0666954
0.110194
0.00390727
0.101736
0.0534386
0.12383
0.0668767
0.121376
0.150695
0.00337306
0.134469
0.126587
0.0568236
0.0859237
0.130774
0.0044146
0.101463
0.0612237
0.0942467
0.0253362
0.143216
0.096523
0.0938728
0.00165054
0.0828478
0.118432
0.130805
0.139454
0.0792917
0.034051
0.115592
0.132612
0.106018
0.00546256
0.13334
0.136998
0.117197
0.101661
0.142556
0.121068
0.00448589
0.0907287
0.00866179
0.131166
0.0849328
0.140941
0.148141
0.120276
0.0770889
0.150668
0.127381
0.0194354
0.0339905
0.0968624
0.0119824
0.130478
0.00927923
0.132613
0.0843569
0.0727642
0.00398243
0.129228
0.0951873
0.122728
0.088417
0.0232128
0.0997812
0.0966379
0.069505
0.149789
0.0918089
0.0762207
0.124788
0.0120862
0.00840419
0.129144
0.0979846
0.0956494
0.131207
0.0237922
0.122437
0.1205
0.0927415
0.116096
0.152448
0.108577
0.0744408
0.0177645
0.0237532
0.125366
0.126037
0.0794163
0.122506
0.0274521
0.0890715
0.131761
0.0765871
0.00253516
0.10507
0.128011
0.083823
0.112527
0.0216272
0.124681
0.0817681
0.129113
0.0847765
0.1218
0.0191455
0.0926492
0.0382712
0.130391
0.0533637
0.0706149
0.1194
0.0136053
0.129706
0.110728
0.0384263
0.0603091
0.0647058
0.000999909
0.0895031
0.0964432
0.12857
0.00403387
0.124486
0.0902413
0.0265048
0.0185719
0.123679
0.143203
0.137923
0.0849527
0.0943848
0.0772084
0.0693635
0.0142548
0.0409121
0.117414
0.139631
0.111385
0.0529401
0.09425
0.0730605
0.0335901
0.00446853
0.143222
0.105656
0.0924596
0.111846
0.00138382
0.0848196
0.0884537
0.0763457
0.0984248
0.0348517
0.0889033
0.0910945
0.0467387
0.0265603
0.095636
0.128669
0.0286114
0.0248367
0.0940059
0.0206217
0.128956
0.126689
0.00204308
0.0676968
0.0870522
0.106129
0.129346
0.0721999
0.134521
0.138305
0.093585
0.103357
0.00108765
0.00108662
0.00108253
0.00132083
0.0532646
0.104412
0.0979252
0.106297
0.0413452
0.101309
0.126186
0.106515
0.110437
0.0927026
0.0910396
0.0192586
0.140371
0.00121697
0.122542
0.10219
0.125544
0.0129931
0.113355
0.0716821
0.104149
0.130274
0.0975423
0.00114923
0.126513
0.0020515
0.00707385
0.0737046
0.00156575
0.0852003
0.00659406
0.127185
0.128097
0.00796755
0.0344957
0.0917534
0.140391
0.07035
0.112902
0.0620318
0.0977904
0.136743
0.00101469
0.00117576
0.00108253
0.00105696
0.00103771
0.00115068
0.00103323
0.00120825
0.000930025
0.00108178
0.00114862
0.00108253
0.0010352
0.00108253
0.00108253
0.00123399
0.00109664
0.0010652
0.00109163
0.00105296
0.14103
0.0672796
0.0951495
0.0129593
0.13217
0.105044
0.0612689
0.153658
0.136932
0.0648389
0.0424299
0.125796
0.0761521
0.0820366
0.00403754
0.0912679
0.0216472
0.0651325
0.139963
0.0713154
0.124592
0.081572
0.0953166
0.123061
0.0849687
0.0721422
0.0889529
0.0473238
0.117647
0.0954797
0.00109408
0.00103778
0.00100647
0.00109228
0.00107919
0.074468
0.14407
0.0208588
0.135653
0.0737387
0.0623334
0.0743931
0.1405
0.0735319
0.0156586
0.113323
0.0870894
0.0749117
0.0631068
0.0019378
0.0738004
0.0527714
0.0616198
0.125562
0.00213148
0.105973
0.00370295
0.0284367
0.00488381
0.0254093
0.0120616
0.00203782
0.135393
0.097055
0.000927627
0.00381681
0.00196076
0.00159803
0.0187717
0.128721
0.0205737
0.113635
0.0717173
0.100352
0.0805396
0.0830775
0.131487
0.122196
0.0139222
0.0209696
0.0666135
0.0826596
0.112642
0.160246
0.0353429
0.0704773
0.0578417
0.0262328
0.102198
0.138433
0.0790011
0.0748202
0.0125487
0.0813119
0.155297
0.111799
0.125483
0.123152
0.11137
0.124134
0.0698757
0.132051
0.062665
0.0833208
0.0897722
0.000963506
0.098054
0.112387
0.131805
0.0143744
0.0928179
0.089371
0.137921
0.0873949
0.0014028
0.00582374
0.00207416
0.104578
0.070551
0.0621142
0.0571527
0.13533
0.0312794
0.118948
0.125966
0.0615035
0.0626693
0.0565896
0.0264269
0.0082411
0.0634119
0.0602371
0.0871806
0.00212227
0.0797915
0.0141476
0.0403486
0.0811581
0.113735
0.0029038
0.109118
0.0551015
0.135966
0.0560597
0.120246
0.00243778
0.131311
0.0449089
0.00648057
0.117896
0.117609
0.0192747
0.0156765
0.0975992
0.0763257
0.0398345
0.0634105
0.0851773
0.0142997
0.14465
0.0677264
0.0275119
0.14896
0.00393165
0.0445494
0.125761
0.121198
0.0468548
0.131311
0.00699255
0.00100195
0.126935
0.0485541
0.147787
0.0015378
0.104867
0.0125253
0.103511
0.0991099
0.123144
0.0726583
0.112998
0.12172
0.105111
0.126471
0.103386
0.143207
0.0224724
0.103661
0.0775074
0.124196
0.15737
0.0400493
0.0308656
0.0748658
0.0825903
0.00505993
0.0738811
0.119854
0.0830482
0.0153852
0.0942436
0.126567
0.12176
0.0142475
0.110739
0.0828404
0.116051
0.106927
0.0035775
0.00200795
0.027502
0.120056
0.140302
0.0850386
0.121963
0.0934745
0.124077
0.124211
0.0570559
0.15137
0.0286302
0.163942
0.0145245
0.012484
0.100023
0.00205002
0.0817799
0.0462117
0.148452
0.118363
0.103568
0.0865484
0.00833481
0.0233091
0.125183
0.0798825
0.00970114
0.120541
0.123384
0.0233343
0.0014254
0.0822239
0.128208
0.0138667
0.00567067
0.0769368
0.115067
0.0139094
0.101551
0.133139
0.121934
0.129016
0.135107
0.080548
0.0647691
0.0782866
0.132719
0.0052803
0.0446425
0.0190527
0.013666
0.108871
0.0920007
0.0029394
0.123037
0.0538423
0.0828584
0.0501005
0.127969
0.123752
0.0242661
0.0932685
0.134898
0.0720386
0.112701
0.0020375
0.0552832
0.127089
0.124783
0.00298737
0.0846397
0.115755
0.163257
0.139223
0.00764819
0.00100922
0.0010813
0.0559953
0.089717
0.131256
0.137912
0.0656678
0.00699617
0.0651229
0.0144727
0.00645043
0.0142051
0.126314
0.00103426
0.106613
0.156665
0.130552
0.0518189
0.068369
0.00122994
0.136335
0.0141263
0.0122232
0.130048
0.00268385
0.0822796
0.00468247
0.112266
0.127574
0.0935566
0.0116828
0.0243217
0.0550045
0.00105895
0.0311934
0.071098
0.0795218
0.0525645
0.0331856
0.0745628
0.103185
0.0547311
0.112807
0.137872
0.0652839
0.0863495
0.088571
0.138383
0.00108253
0.00112827
0.0861983
0.122603
0.0457321
0.134185
0.0342718
0.0703626
0.0564578
0.0549949
0.134766
0.117239
0.123195
0.0175671
0.00116719
0.130681
0.100242
0.072006
0.0921362
0.00209848
0.00107371
0.0829714
0.0351752
0.114591
0.103027
0.0155571
0.0735526
0.133722
0.10454
0.0207282
0.116531
0.0772457
0.0909826
0.0518315
0.00572903
0.0636943
0.0288987
0.00248114
0.0134614
0.111038
0.0651513
0.0677454
0.00454672
0.116153
0.0127018
0.00861677
0.0336022
0.09085
0.139969
0.0193402
0.105721
0.0862412
0.0194107
0.136489
0.0354494
0.0881195
0.0158516
0.0628364
0.00118193
0.00108253
0.11021
0.115009
0.0198479
0.0455083
0.0624221
0.0748279
0.115024
0.0615766
0.0767909
0.122462
0.0119573
0.115197
0.0825507
0.0207086
0.0569752
0.016987
0.0813558
0.0650713
0.094782
0.0478732
0.0968775
0.0901696
0.0650658
0.0906401
0.0599917
0.0993608
0.041078
0.00913614
0.086182
0.0450107
0.104441
0.000905202
0.01609
0.0638393
0.0163245
0.119038
0.0167043
0.00462292
0.0342652
0.124909
0.00421816
0.129567
0.110753
0.0216839
0.121721
0.00382623
0.0562664
0.0378752
0.056364
0.0953912
0.0963153
0.0761481
0.0691459
0.100337
0.0788576
0.00209324
0.00274475
0.0137142
0.161914
0.113716
0.00669275
0.104005
0.0888294
0.0660483
0.00418452
0.00561746
0.117225
0.00103255
0.00630264
0.0587101
0.0750774
0.0881257
0.00554343
0.0938012
0.0913082
0.0976981
0.00108253
0.011976
0.0612071
0.109798
0.0832394
0.0670755
0.014144
0.0670138
0.0697506
0.144318
0.0886371
0.121075
0.0177968
0.0439098
0.00181178
0.0109468
0.00386308
0.116972
0.0867984
0.0708319
0.0716473
0.0984004
0.00611026
0.0667341
0.00105936
0.0259172
0.0363347
0.0638981
0.00154344
0.0908801
0.00105922
0.00956974
0.0395234
0.0025382
0.117231
0.117025
0.111668
0.0670055
0.128251
0.0150212
0.0344047
0.0136761
0.00113786
0.00108253
0.100423
0.103459
0.0192614
0.0343107
0.0610004
0.0853937
0.0388555
0.079956
0.0567949
0.00405619
0.0760588
0.138458
0.00226562
0.00282785
0.0600229
0.0263448
0.00533739
0.0454296
0.0129689
0.043317
0.00884664
0.0589445
0.00107383
0.0712475
0.00185128
0.00233319
0.0940926
0.0133037
0.00425942
0.00381034
0.112968
0.0950505
0.0158418
0.00386199
0.000994141
0.0931227
0.00106761
0.0533051
0.0489562
0.0158634
0.00177695
0.0574253
0.00108253
0.000775616
0.11138
0.00116592
0.0541494
0.00235878
0.0466531
0.045805
0.00108276
0.0497413
0.0698903
0.00108816
0.000848741
0.0703804
0.0295296
0.0719092
0.00217317
0.017998
0.0842022
0.0865565
0.0952504
0.0782544
0.120624
0.0841536
0.000846446
0.122961
0.00259834
0.0941808
0.0712686
0.0949483
0.0924084
0.13056
0.108708
0.0912956
0.044985
0.00451483
0.00509865
0.0247458
0.0776521
0.00126998
0.00112435
0.0662508
0.0499944
0.0237419
0.00204595
0.126635
0.0261214
0.00638275
0.00743231
0.0148728
0.0163925
0.119401
0.0132563
0.00121226
0.00184899
0.0341424
0.0040957
0.0581785
0.0118016
0.127663
0.0529059
0.0161886
0.0180917
0.0869297
0.0646164
0.0623556
0.087637
0.00557941
0.142011
0.0876351
0.0122523
0.0894567
0.00433438
0.101053
0.0264112
0.0821391
0.0161826
0.126566
0.141314
0.0443359
0.0254005
0.0590615
0.0602581
0.00125404
0.0437135
0.00942517
0.0657526
0.0572646
0.0747065
0.0966906
0.0110058
0.124288
0.0800892
0.135877
0.0791221
0.00357154
0.0543676
0.00201624
0.0250822
0.0662922
0.0840834
0.120199
0.0835917
0.0467819
0.0025448
0.0342367
0.0442697
0.0192081
0.0264754
0.0332939
0.0956699
0.00104116
0.00493383
0.0138379
0.00201632
0.0126133
0.0182691
0.00973095
0.106411
0.0703916
0.0520845
0.0187619
0.0570649
0.0651262
0.00572384
0.0181878
0.0104383
0.113701
0.00929532
0.119905
0.0821363
0.00113722
0.00706811
0.00382015
0.0619913
0.0824749
0.0783904
0.104419
0.0153161
0.0288973
0.00193967
0.127576
0.0411171
0.0884868
0.123181
0.0908867
0.0987663
0.0122944
0.08006
0.0360409
0.0411565
0.0267446
0.0856483
0.00811926
0.00235486
0.00451771
0.0565976
0.00923491
0.028255
0.045096
0.0238635
0.0556357
0.0542571
0.0251662
0.113316
0.00115416
0.0618616
0.0282346
0.00966828
0.0523276
0.00822398
0.0972809
0.00835208
0.0428272
0.0817112
0.00119827
0.0213245
0.0478971
0.134469
0.0116483
0.0563594
0.00980726
0.0161987
0.00779261
0.0404288
0.069248
0.0647683
0.0793901
0.00207276
0.117557
0.120053
0.0459874
0.00733401
0.021318
0.0904144
0.137913
0.0329457
0.143828
0.0479284
0.0964449
0.110991
0.0025348
0.00435031
0.0239913
0.157806
0.162873
0.0198934
0.12516
0.132967
0.020988
0.0458063
0.0293532
0.0732291
0.0337144
0.0827276
0.0941965
0.0708564
0.00712175
0.00838644
0.00768625
0.0244263
0.0444603
0.00124861
0.050384
0.0594579
0.0877088
0.00907486
0.00189623
0.126383
0.0106706
0.126432
0.0305068
0.00191096
0.125149
0.0302345
0.0444556
0.00673377
0.00115602
0.0288212
0.00679011
0.00913651
0.10168
0.0558757
0.061617
0.0725185
0.0972526
0.0613478
0.00642549
0.0120368
0.00279311
0.06175
0.0971138
0.0330115
0.0357992
0.0440225
0.00104923
0.00111519
0.00586911
0.0929004
0.100446
0.0192289
0.0611096
0.0509508
0.0283785
0.0353479
0.0146739
0.125121
0.126119
0.0555899
0.00195611
0.0198424
0.111507
0.00536646
0.00168224
0.00505708
0.057364
0.0137594
0.0140325
0.165713
0.123188
0.00149792
0.0245129
0.00307218
0.064757
0.00475905
0.0805486
0.0700512
0.031689
0.0371566
0.00111494
0.00513807
0.0253083
0.0293851
0.0958211
0.0129232
0.0144516
0.0148764
0.015827
0.0702815
0.018938
0.0322477
0.000787757
0.00171568
0.0630059
0.012914
0.0800229
0.00764377
0.0296466
0.0300019
0.0716988
0.000913931
0.00106718
0.00963558
0.00853526
0.131346
0.0787669
0.136782
0.105233
0.0453909
0.0449982
0.0694182
0.00100215
0.0123391
0.135382
0.00101578
0.140163
0.0853246
0.125807
0.00795159
0.041877
0.069056
0.15588
0.0128866
0.034582
0.0212656
0.00105745
0.00658419
0.101255
0.0273737
0.00430082
0.017165
0.00108824
0.0332568
0.0138396
0.123648
0.00108253
0.0101645
0.0189148
0.130122
0.122868
0.0328933
0.0354638
0.0381796
0.016478
0.00918078
0.109962
0.0880404
0.124749
0.0662817
0.106558
0.00112873
0.00629118
0.00584951
0.00658377
0.0101844
0.00208521
0.0901034
0.14394
0.128156
0.0683042
0.039435
0.024835
0.0586352
0.0252761
0.0889528
0.0470798
0.0101238
0.0106308
0.0405132
0.140954
0.0375031
0.105617
0.0424597
0.00382585
0.0268491
0.0414555
0.123052
0.00159411
0.0829647
0.0210094
0.00109862
0.126292
0.0720048
0.0213217
0.0700513
0.045988
0.0400618
0.00108253
0.103328
0.0421624
0.040706
0.0388109
0.0353639
0.0265053
0.0659575
0.0266769
0.0159159
0.119861
0.0416047
0.018338
0.0189117
0.0958945
0.0360046
0.0798326
0.141583
0.00185176
0.087087
0.00204439
0.149807
0.0381419
0.0128351
0.0223289
0.0133401
0.020189
0.00182245
0.127066
0.00156841
0.158664
0.0189282
0.0315186
0.0204035
0.0642946
0.0318131
0.036336
0.0172904
0.00842427
0.0417181
0.00440455
0.137475
0.0309007
0.114416
0.00697033
0.0171401
0.0222412
0.00609524
0.0130014
0.0306478
0.0543352
0.00454698
0.0300321
0.0435996
0.0199367
0.00108253
0.00418503
0.0119696
0.121289
0.0160247
0.00158008
0.00464886
0.0449844
0.035461
0.0160701
0.037131
0.0928847
0.00409572
0.00128119
0.0235494
0.00602164
0.016843
0.12632
0.0705415
0.0632594
0.0202569
0.0511042
0.14199
0.00540929
0.0912225
0.0606609
0.0397416
0.12943
0.047778
0.12629
0.0482412
0.00908373
0.0497483
0.00110124
0.0402889
0.0436252
0.00232977
0.0308418
0.036905
0.00283382
0.0892957
0.0520211
0.036344
0.0191714
0.00837988
0.0435074
0.0498991
0.0336059
0.0845647
0.140186
0.0141191
0.0218967
0.0290006
0.00255398
0.140184
0.113664
0.126235
0.0346816
0.0219954
0.00224832
0.00446672
0.0614262
0.0197671
0.0199345
0.0214596
0.0208388
0.0151723
0.0160543
0.00228385
0.0176082
0.0615719
0.0274376
0.0263275
0.135996
0.0580219
0.0219749
0.0090223
0.00423379
0.00926251
0.079053
0.00104588
0.00121832
0.0294251
0.0415988
0.0800853
0.0279759
0.0145709
0.0332625
0.0240596
0.00105717
0.00810577
0.128119
0.00221581
0.00115117
0.027949
0.0292351
0.0314301
0.0274502
0.00175851
0.0112898
0.0298665
0.00415371
0.00746068
0.00903187
0.0176058
0.012098
0.00182111
0.001266
0.0181673
0.0132859
0.0448994
0.00108253
0.00105615
0.0414071
0.117327
0.0622279
0.0660203
0.0123496
0.128412
0.0018601
0.00595629
0.0467635
0.00294843
0.00490458
0.036513
0.0266353
0.125059
0.0193422
0.00973462
0.0313609
0.0319964
0.0119397
0.0324301
0.110186
0.0974668
0.0926998
0.118978
0.0162669
0.0324585
0.00531904
0.108319
0.0347352
0.0450107
0.0205545
0.00105031
0.125175
0.0182988
0.0713828
0.00366447
0.128334
0.125493
0.0159768
0.0625503
0.00105553
0.0854692
0.0661475
0.0439769
0.0550631
0.100889
0.0128644
0.0159174
0.0153964
0.0149141
0.0468511
0.0011772
0.107666
0.0341998
0.00271622
0.00183913
0.00113006
0.0179732
0.0412505
0.001724
0.0322448
0.00109091
0.00108253
0.0225376
0.0431691
0.00170404
0.04428
0.131505
0.0123888
0.0187394
0.0248687
0.00465776
0.00502879
0.0250999
0.0635982
0.116577
0.00953591
0.000715337
0.00848048
0.00873358
0.0074699
0.0173717
0.0165023
0.092708
0.0301326
0.0135335
0.0128755
0.0140756
0.0013027
0.00103211
0.0789496
0.019122
0.00280113
0.0208619
0.0129499
0.0167286
0.08896
0.0128199
0.0619427
0.0103997
0.101781
0.0181471
0.126647
0.10295
0.125096
0.137787
0.109425
0.00115266
0.0569911
0.00883779
0.041346
0.0883404
0.103453
0.0679655
0.00798992
0.0400132
0.00114459
0.00112744
0.0292853
0.0214243
0.0449709
0.0223655
0.0422567
0.113446
0.0314027
0.118931
0.065144
0.0607229
0.130112
0.0834046
0.00335477
0.0418511
0.0663324
0.104064
0.116901
0.00122553
0.00108253
0.0102612
0.0191585
0.0369125
0.0165176
0.0543345
0.0456338
0.152757
0.0223616
0.0978358
0.0676265
0.0234572
0.0166973
0.00425015
0.00106012
0.0591252
0.0577947
0.0709846
0.0337135
0.0782082
0.0810957
0.0877359
0.0258031
0.00679872
0.00110104
0.0298236
0.14072
0.0215368
0.102294
0.0421764
0.0193491
0.00470897
0.00113074
0.118948
0.00442111
0.0337783
0.127044
0.121087
0.0249516
0.0529377
0.0340876
0.00271636
0.0494141
0.0641792
0.0963155
0.0201032
0.00333518
0.0411785
0.0155379
0.00741963
0.00129482
0.0289936
0.00113433
0.014163
0.0144496
0.0993722
0.0134888
0.145018
0.0079333
0.0816189
0.108384
0.014777
0.0195983
0.039715
0.0127593
0.106231
0.0399172
0.0937694
0.13982
0.0973379
0.0319308
0.0197284
0.0431589
0.0123906
0.00127549
0.0249817
0.00186285
0.121329
0.0196971
0.00107075
0.0228822
0.0387717
0.00107653
0.126567
0.108394
0.121627
0.0251029
0.0182951
0.0372132
0.0033029
0.0189966
0.129059
0.0137363
0.00119958
0.13976
0.0394253
0.027224
0.00976107
0.00459382
0.00226425
0.00292047
0.0132783
0.0159099
0.00822515
0.0182379
0.0179649
0.0784918
0.0447375
0.0233804
0.128356
0.0466394
0.102635
0.00198371
0.0308428
0.0586349
0.00510257
0.0448334
0.00179703
0.0206246
0.035397
0.0864422
0.0279238
0.0269145
0.0417306
0.0270455
0.0245846
0.115823
0.0595135
0.127161
0.0338383
0.0106325
0.0018333
0.0145582
0.00126688
0.00120878
0.0072073
0.00209142
0.0383015
0.00486116
0.00793288
0.00436327
0.0116738
0.0332415
0.0444947
0.118128
0.00108253
0.0336348
0.0011725
0.0121207
0.0399894
0.0292992
0.0252943
0.129299
0.0339666
0.00823365
0.0979014
0.0166902
0.00111638
0.028577
0.0380312
0.0150313
0.0695432
0.11887
0.0172127
0.0328867
0.0143303
0.131576
0.0109198
0.0366174
0.00202653
0.0248319
0.0426957
0.00127213
0.0218954
0.00304449
0.10467
0.0310013
0.0086561
0.0013102
0.124584
0.0123439
0.00214348
0.00750924
0.00580339
0.0163118
0.0541763
0.0240302
0.0047021
0.00108253
0.0382398
0.140506
0.00105206
0.0614176
0.00555375
0.0288322
0.108547
0.00949222
0.00615471
0.119042
0.0676045
0.0306441
0.119995
0.0852962
0.00661516
0.0243651
0.0103012
0.00698606
0.0227118
0.00150584
0.0157596
0.0186034
0.00501045
0.0213183
0.0495381
0.0096216
0.0200055
0.0322699
0.00766668
0.124648
0.00871139
0.0351698
0.0850507
0.0455404
0.00819514
0.127995
0.000996233
0.00111787
0.00440857
0.0835136
0.0898103
0.0191219
0.0978994
0.0128939
0.00103842
0.00107406
0.042791
0.14486
0.0241227
0.0190498
0.0196446
0.00787177
0.0352979
0.023514
0.00782486
0.029032
0.0189643
0.0262319
0.00747807
0.0210773
0.0994901
0.00456319
0.00199132
0.0455667
0.128256
0.00126635
0.0183618
0.00673178
0.00110165
0.0319558
0.0263537
0.0294184
0.0293323
0.144129
0.0422887
0.0230785
0.0296126
0.00659411
0.00108445
0.0914975
0.0515885
0.0084406
0.00496665
0.115486
0.117957
0.0552052
0.0199801
0.0159919
0.0649744
0.0454748
0.00810308
0.0284394
0.141061
0.0476224
0.00151553
0.0847634
0.00260087
0.000959573
0.0833367
0.00877251
0.016788
0.00793124
0.0337814
0.00384512
0.00113735
0.00109844
0.00955925
0.0341039
0.0285391
0.00990926
0.0101442
0.00111765
0.125832
0.0876748
0.132145
0.002233
0.0143428
0.00665741
0.0534744
0.0226015
0.0113972
0.0183552
0.097977
0.0110003
0.068044
0.00998919
0.0010932
0.00920301
0.0866461
0.0961461
0.00574256
0.119243
0.0431708
0.00100729
0.125279
0.0340304
0.00210661
0.00510382
0.130969
0.0270314
0.121554
0.0141765
0.00949895
0.0262516
0.00819397
0.0947727
0.00732006
0.0890722
0.0161663
0.00122405
0.0598164
0.136328
0.00570318
0.139421
0.0818853
0.0850865
0.00626325
0.0106122
0.130854
0.0488345
0.0553337
0.0683746
0.0810131
0.00911907
0.0654517
0.00108678
0.0830614
0.128716
0.127599
0.122083
0.162499
0.0135369
0.131137
0.00113222
0.0010808
0.0237717
0.00475306
0.00528088
0.00306784
0.0338039
0.0647916
0.0097206
0.0051671
0.0461663
0.00869401
0.124793
0.00213682
0.0392424
0.0632758
0.0339345
0.0165024
0.0300064
0.081777
0.00508795
0.0348742
0.00107363
0.00683931
0.00108253
0.120875
0.00738413
0.0100639
0.0437347
0.0102161
0.00844991
0.0219326
0.0182552
0.0974825
0.0093531
0.00839041
0.0670988
0.00911268
0.10482
0.00973174
0.124514
0.0114052
0.00561355
0.0353705
0.00600699
0.122139
0.0223778
0.00678011
0.0115531
0.00633895
0.0647269
0.024839
0.0168494
0.00959124
0.0025957
0.06489
0.0858259
0.0368437
0.00649468
0.0359568
0.0255923
0.00398765
0.0421108
0.0358023
0.0938033
0.0149027
0.00767208
0.0111306
0.0196407
0.107045
0.00749827
0.00484743
0.0357662
0.0261809
0.110434
0.0562758
0.12926
0.00111725
0.0201061
0.00627282
0.0259675
0.0751056
0.00120666
0.00112333
0.0434709
0.0267664
0.00938908
0.0205121
0.0341658
0.13198
0.0350182
0.0952301
0.130843
0.0161145
0.0195537
0.0423178
0.00592956
0.113832
0.00454936
0.00844368
0.00448642
0.0197544
0.0183921
0.124994
0.00262007
0.0122538
0.129556
0.0639355
0.00514182
0.127041
0.00243894
0.00381296
0.00226657
0.0145728
0.0188849
0.0205895
0.0282666
0.0459811
0.0043099
0.0818562
0.00437281
0.0645728
0.00141224
0.0629424
0.0997841
0.0208235
0.043445
0.00558342
0.0171817
0.00969571
0.00110688
0.0101036
0.0225557
0.00124297
0.0623247
0.0339252
0.00242699
0.00481377
0.0039752
0.00782492
0.0913222
0.0432255
0.00759541
0.0151746
0.00184903
0.00341645
0.00387687
0.00483338
0.0709679
0.00262637
0.00487493
0.121832
0.00301231
0.120431
0.0153534
0.0023749
0.160606
0.0178305
0.106334
0.00529084
0.0365134
0.105998
0.127215
0.0690526
0.00235604
0.00625124
0.00220814
0.00534956
0.0058761
0.00110181
0.0172419
0.0569453
0.0188592
0.0863627
0.0890156
0.00643037
0.134102
0.0018191
0.0137156
0.00106598
0.0322703
0.0153365
0.00893726
0.134077
0.0802806
0.103056
0.0162238
0.0420889
0.0173215
0.00618297
0.00123147
0.0385412
0.00211734
0.073919
0.00466114
0.132839
0.00914276
0.000972819
0.00710919
0.00104915
0.124957
0.044632
0.00980662
0.0579609
0.0205017
0.00125493
0.0147082
0.0013175
0.0176542
0.00158971
0.0117877
0.00618682
0.125707
0.00477473
0.016216
0.0539441
0.029368
0.0338008
0.0047083
0.0150701
0.0582642
0.00190786
0.0061918
0.0321826
0.00110139
0.136917
0.0193241
0.0427661
0.0216603
0.00245419
0.0243653
0.00107006
0.00136789
0.0394354
0.106647
0.0143515
0.00916352
0.0157245
0.00556004
0.00231146
0.0448438
0.00170521
0.0622454
0.104195
0.00816232
0.00492419
0.00839664
0.0196714
0.0632612
0.00778568
0.00581044
0.00207532
0.0017056
0.00621587
0.000991418
0.00283616
0.00318146
0.00710103
0.00104826
0.00107754
0.0012228
0.00322061
0.00117187
0.00112252
0.00108253
0.12243
0.00221907
0.124203
0.0139015
0.00103337
0.0245999
0.00965473
0.0066848
0.0156099
0.0246523
0.0450863
0.0294384
0.0197307
0.020219
0.0949502
0.0477689
0.0271911
0.00167893
0.0506831
0.0192693
0.0981513
0.137368
0.0880305
0.0425918
0.00420873
0.0125876
0.0202974
0.00104505
0.136085
0.00213847
0.0683532
0.0456442
0.0164092
0.0413151
0.138941
0.113968
0.00796425
0.0237577
0.00968059
0.0556471
0.0505226
0.00869447
0.00512493
0.00191928
0.0128064
0.0126706
0.00187126
0.129732
0.0021333
0.00250339
0.00109973
0.0528252
0.120214
0.0384359
0.00601074
0.111441
0.0023577
0.0610934
0.00337132
0.11554
0.0011996
0.0419847
0.00571927
0.0224639
0.142713
0.0438334
0.0107908
0.0261959
0.0079191
0.00246756
0.0640539
0.0795105
0.0050317
0.0192952
0.0137608
0.134832
0.00313248
0.0282638
0.131741
0.00874824
0.00215313
0.00338309
0.0192862
0.0294765
0.0229726
0.00822218
0.158739
0.00459487
0.0357349
0.0187096
0.00583725
0.0014862
0.0149841
0.0490142
0.128916
0.00224979
0.0360616
0.0150866
0.126763
0.00125918
0.00110717
0.0420536
0.0834648
0.00486887
0.002112
0.00211191
0.00435254
0.0384376
0.0057709
0.00736471
0.00209337
0.0021104
0.0242068
0.02352
0.0200164
0.00362565
0.135862
0.00385418
0.0139518
0.0193619
0.00475906
0.102213
0.04228
0.0160282
0.127759
0.00208982
0.0894093
0.0525154
0.00284916
0.00581565
0.00581251
0.0236462
0.00616512
0.00827098
0.122731
0.012975
0.0327212
0.00788688
0.00181575
0.00144998
0.0235969
0.124488
0.00751679
0.00399368
0.0166187
0.0267895
0.038859
0.121935
0.00881231
0.00554643
0.0456628
0.00205805
0.0931802
0.00120224
0.00712539
0.155692
0.0109636
0.0293766
0.0168709
0.0101918
0.00782752
0.0217495
0.127005
0.00629596
0.0752743
0.00584548
0.112664
0.00197625
0.00994861
0.0042009
0.00628341
0.00213969
0.00896295
0.0913846
0.00229137
0.097179
0.0372928
0.139282
0.0383472
0.0191923
0.0255526
0.0207579
0.131259
0.0159747
0.0097437
0.00737016
0.0108105
0.00548821
0.0619374
0.00820173
0.0706854
0.141227
0.146713
0.122813
0.00766804
0.0412695
0.135665
0.0195519
0.015474
0.00925677
0.140995
0.00806057
0.00219732
0.00119004
0.0289486
0.0139684
0.0094598
0.0932595
0.0304185
0.00706537
0.00764251
0.00204794
0.00834939
0.132777
0.00851233
0.0920693
0.00317361
0.00266978
0.00191327
0.0168306
0.0911574
0.00118709
0.0559692
0.107333
0.026316
0.00577192
0.0145403
0.0136684
0.010995
0.0881956
0.00210717
0.014525
0.00102185
0.00445302
0.00436243
0.0144795
0.0326786
0.137184
0.0369792
0.10474
0.0234396
0.00131412
0.00111054
0.00251582
0.00416492
0.00504404
0.111994
0.0417823
0.0344255
0.024422
0.00147903
0.0335819
0.137684
0.110306
0.0802069
0.114462
0.0115367
0.0173256
0.055276
0.0177352
0.0127423
0.00485356
0.00715491
0.00113927
0.0717823
0.00774418
0.0124023
0.0043731
0.120558
0.161077
0.112902
0.00857302
0.0212942
0.0121882
0.00964539
0.00684999
0.0147964
0.12313
0.117472
0.00854977
0.0558467
0.00401938
0.0233521
0.0173894
0.0584094
0.00232849
0.0169864
0.038755
0.0128886
0.119372
0.00636651
0.037381
0.0653532
0.00319134
0.00904195
0.0124638
0.0666968
0.124509
0.0820406
0.107842
0.0461076
0.00682573
0.0096999
0.0147574
0.0163494
0.00636045
0.139873
0.0062181
0.143175
0.00495344
0.00263834
0.0210514
0.113033
0.0690478
0.0137118
0.00192479
0.0259539
0.00532883
0.0192396
0.149609
0.00192017
0.111848
0.0057965
0.00228375
0.0445942
0.00234551
0.122291
0.0363691
0.0166788
0.00127949
0.0546752
0.0168411
0.00282321
0.0151736
0.00244682
0.060391
0.137978
0.00238924
0.00117268
0.00102317
0.0011336
0.00560043
0.127169
0.0928363
0.0359373
0.0907626
0.108124
0.00826412
0.00192466
0.0131742
0.00139856
0.128079
0.07341
0.0146962
0.0118703
0.0422004
0.106755
0.124981
0.00207116
0.0152434
0.00601157
0.112237
0.114248
0.137987
0.0117595
0.0119063
0.0208775
0.0252732
0.00319896
0.00422681
0.0248165
0.0147384
0.0550557
0.126972
0.00410148
0.00199568
0.0901932
0.00563291
0.0888136
0.00103963
0.1305
0.00276884
0.135461
0.0104989
0.127078
0.0306321
0.0329808
0.00851236
0.00554585
0.00478558
0.050261
0.113528
0.126517
0.00163703
0.00103784
0.0234771
0.0051878
0.00820781
0.0323858
0.0245981
0.00105568
0.00757916
0.080312
0.00257695
0.00232627
0.00391086
0.133458
0.0789466
0.141578
0.0609644
0.0103798
0.130976
0.140405
0.0240834
0.00613933
0.120611
0.00119314
0.000918072
0.00134462
0.00653471
0.00112211
0.00107596
0.0071439
0.00160997
0.00445595
0.00181597
0.00700598
0.00609966
0.0656198
0.00196523
0.0977996
0.0010744
0.0135634
0.0910749
0.00110389
0.00653816
0.0898317
0.00300032
0.00195368
0.0972571
0.00743822
0.0698033
0.00422428
0.00129833
0.00114453
0.117518
0.00245872
0.00121566
0.00114533
0.00739948
0.0106934
0.00941369
0.0904061
0.00469847
0.0126901
0.0127068
0.0308314
0.0223876
0.107358
0.00105058
0.0454012
0.00184635
0.0147437
0.0141233
0.00394826
0.0229002
0.0279571
0.131042
0.118033
0.0421877
0.00136923
0.103285
0.017604
0.00103662
0.00161872
0.00371601
0.0262825
0.00759369
0.00574609
0.059781
0.0418706
0.029705
0.000978373
0.0257071
0.00173293
0.0440433
0.121558
0.0101882
0.0131917
0.00708527
0.00103197
0.0846946
0.00394187
0.0252955
0.0743005
0.00789789
0.00219961
0.0477285
0.00110975
0.0208885
0.00226654
0.00582369
0.00281826
0.0653296
0.00113153
0.00522918
0.0185406
0.0223497
0.00236807
0.00387867
0.0868505
0.0635217
0.001554
0.099449
0.111508
0.0336672
0.00818328
0.0021178
0.11087
0.00740056
0.0123642
0.00999478
0.0112489
0.0471715
0.0368317
0.0537338
0.12662
0.00464827
0.00250379
0.0194738
0.0918505
0.12208
0.00833759
0.103625
0.025428
0.00774901
0.129905
0.028421
0.00595206
0.0685635
0.0970726
0.0141503
0.0299078
0.0841438
0.0080483
0.00682873
0.00850701
0.134293
0.130077
0.0217423
0.00417211
0.152968
0.0184973
0.0892256
0.026368
0.00444712
0.130319
0.000891463
0.0892149
0.00101863
0.00618257
0.126907
0.0106978
0.0172192
0.0270734
0.00265769
0.00103028
0.130789
0.00777091
0.0902293
0.00186156
0.00270877
0.117471
0.00119863
0.125128
0.0905067
0.0107458
0.0117088
0.00308181
0.00490911
0.00334978
0.0803652
0.00453
0.0677426
0.00141234
0.0450566
0.0105123
0.00111977
0.166595
0.0818646
0.00942633
0.0927186
0.00338669
0.00775305
0.0656934
0.0644892
0.0581198
0.0740473
0.00235619
0.00697776
0.010219
0.00314575
0.0154646
0.0158947
0.0225548
0.0180593
0.0175332
0.123127
0.0278588
0.0843313
0.0683087
0.0187716
0.00833287
0.117373
0.00398236
0.00104372
0.078816
0.00599067
0.0774421
0.00178134
0.035231
0.00217466
0.00899418
0.116834
0.0050502
0.127629
0.00658361
0.00180641
0.045991
0.155179
0.00395824
0.0208226
0.136918
0.00654079
0.00217453
0.134465
0.00117112
0.0354803
0.0711477
0.00353536
0.00197591
0.0252089
0.0657152
0.0236415
0.031051
0.00701393
0.0579264
0.0893727
0.0890618
0.170376
0.00146679
0.0159956
0.123676
0.0973461
0.0228732
0.00182298
0.00135257
0.00519902
0.0806621
0.00421292
0.00630241
0.119181
0.0359558
0.00586222
0.121192
0.0992623
0.00100646
0.0150323
0.00223695
0.0279882
0.00915286
0.00212518
0.00133677
0.00173427
0.0659754
0.00651285
0.106936
0.0363109
0.124317
0.000983333
0.00541689
0.0714864
0.00729649
0.00172339
0.00233739
0.11241
0.00117615
0.037787
0.0328068
0.00506061
0.0025362
0.0130182
0.00170948
0.00990059
0.00221368
0.0921073
0.0215205
0.00390613
0.0474141
0.150404
0.00174708
0.0149383
0.0013267
0.00121824
0.0614614
0.00106645
0.0201799
0.00313928
0.116149
0.00471239
0.00207686
0.00812245
0.130027
0.0717209
0.00480833
0.097086
0.0683551
0.00279053
0.0195138
0.0847053
0.00113737
0.0904664
0.0968317
0.102542
0.138554
0.0710048
0.0527117
0.123739
0.00130093
0.00206967
0.0232261
0.110378
0.0442607
0.0597461
0.0220056
0.0972348
0.00659257
0.0162289
0.00396237
0.0162457
0.0200386
0.0168368
0.0929654
0.00796846
0.0117972
0.0228733
0.00375656
0.00215665
0.00416081
0.101819
0.130067
0.0545155
0.00107011
0.00396918
0.00413943
0.00141777
0.0179256
0.0568636
0.00113873
0.0193859
0.0430756
0.062793
0.0434555
0.00764816
0.0107617
0.0168431
0.0649792
0.0284931
0.0120754
0.0710245
0.0269382
0.0655628
0.00130281
0.0949598
0.0769266
0.00414038
0.138004
0.140534
0.0280464
0.00725789
0.0155775
0.00426223
0.00597698
0.121818
0.00484213
0.0158284
0.124897
0.116856
0.00112892
0.109745
0.00260676
0.0058039
0.0676165
0.00770466
0.120532
0.00207942
0.00403474
0.0046326
0.0195967
0.00551469
0.00118739
0.0148735
0.00238914
0.0016968
0.0510281
0.0991813
0.0182079
0.0113775
0.000962576
0.0164661
0.0190298
0.0461691
0.0353985
0.0542264
0.0119687
0.00987662
0.00101307
0.0189603
0.0291736
0.00444951
0.0127062
0.0876903
0.046319
0.0834501
0.108976
0.025549
0.116274
0.00908816
0.0168544
0.00483505
0.00107218
0.00123514
0.0586606
0.0830227
0.00762048
0.0116875
0.0862991
0.0232726
0.080073
0.00290111
0.129139
0.00393641
0.00116705
0.122285
0.0571462
0.0797044
0.00130707
0.00661157
0.0111241
0.00220168
0.0521407
0.0300095
0.00255732
0.00142886
0.149638
0.00104132
0.0319535
0.018778
0.0051873
0.0643814
0.0854937
0.0450944
0.00237351
0.0017067
0.00445493
0.00103285
0.133973
0.0931623
0.0876304
0.0196286
0.0935962
0.0529154
0.0386484
0.0488457
0.00229101
0.129554
0.129554
0.00201104
0.00178801
0.0014995
0.0215613
0.0211486
0.0111998
0.00493151
0.00538183
0.00217947
0.00191791
0.00389664
0.0647024
0.00477482
0.0645288
0.0233541
0.0367855
0.00160268
0.0745913
0.074101
0.0821859
0.028815
0.00547354
0.0278542
0.139672
0.0163308
0.00108419
0.0663295
0.096463
0.00639078
0.0783621
0.0463887
0.0737914
0.0642841
0.00818944
0.00300454
0.0152232
0.0046776
0.00126107
0.0273699
0.00078728
0.00348084
0.0191914
0.00550982
0.0853059
0.0054331
0.00776482
0.000967863
0.00304869
0.00208821
0.00116131
0.00725758
0.121344
0.0238195
0.129084
0.00116626
0.0682462
0.00232004
0.00513803
0.10757
0.00124028
0.00382137
0.0862223
0.000990708
0.00387016
0.0872751
0.00113963
0.0233181
0.015345
0.00221231
0.015694
0.00261263
0.0011712
0.0761968
0.00207488
0.00416966
0.0928574
0.00123289
0.123831
0.0090365
0.0479238
0.0667666
0.00275703
0.0672135
0.0507536
0.00183079
0.000967142
0.00363693
0.0898341
0.00105337
0.00208391
0.00405823
0.00434312
0.0939515
0.0913524
0.00198246
0.0893727
0.125685
0.114826
0.0435542
0.00268278
0.000834623
0.00888687
0.087139
0.0224645
0.0411355
0.00230768
0.110568
0.0277139
0.00313341
0.00209061
0.00217669
0.0013485
0.00498732
0.0656433
0.00203467
0.0896536
0.00199215
0.00306906
0.00906649
0.0390169
0.0499015
0.00478152
0.124088
0.00186439
0.100565
0.0735555
0.0904427
0.000786309
0.00144107
0.064109
0.118636
0.00472792
0.00238336
0.0021743
0.00263543
0.0505643
0.000893437
0.0205083
0.0759594
0.0184442
0.0021953
0.124133
0.036312
0.0863677
0.00219073
0.0024903
0.0479364
0.105242
0.00100158
0.00535726
0.000821424
0.0011186
0.00767742
0.00281785
0.00580818
0.125131
0.00210201
0.0623868
0.00222239
0.0482855
0.00345445
0.0742641
0.00852914
0.00722585
0.0163489
0.00237276
0.0872205
0.00810595
0.0271016
0.0631001
0.0201939
0.0502218
0.0129151
0.0298069
0.0811282
0.045855
0.00836504
0.0239905
0.0969874
0.0923618
0.0941274
0.00411451
0.0296168
0.00865077
0.0789223
0.0293216
0.00203564
0.0331225
0.0136197
0.00879079
0.0939018
0.0707073
0.0012326
0.00824293
0.125652
0.00125023
0.123547
0.0544138
0.00129835
0.128613
0.130764
0.00951032
0.0352161
0.0046921
0.00482324
0.00212258
0.00424379
0.119009
0.00226124
0.135245
0.0287493
0.00502317
0.0167094
0.000983161
0.121094
0.127099
0.030051
0.00100467
0.000923677
0.0662301
0.0115742
0.126183
0.00831246
0.0686346
0.0524196
0.00249122
0.153647
0.0633272
0.00662409
0.0345613
0.00224113
0.130201
0.0010163
0.0921741
0.00122195
0.00449966
0.0436956
0.0601049
0.117114
0.0368325
0.00161515
0.0104255
0.00796748
0.00241874
0.00322876
0.0565893
0.031769
0.00134631
0.00358834
0.112132
0.0441906
0.0481887
0.00432735
0.00817956
0.00840729
0.0200728
0.0891011
0.107777
0.0010116
0.0357582
0.0842709
0.0256762
0.0230967
0.0454928
0.0535026
0.017797
0.0106967
0.121925
0.00261165
0.0904267
0.00501869
0.121157
0.00670926
0.109091
0.0312507
0.00801679
0.00112606
0.00209596
0.00190082
0.0010418
0.0461775
0.00139339
0.0805947
0.0863535
0.0142463
0.00198858
0.000941807
0.102522
0.00446443
0.0021089
0.00247642
0.114421
0.0549634
0.060631
0.0319916
0.00200868
0.00390407
0.0070499
0.0103117
0.0380647
0.128065
0.0698321
0.0660024
0.00883937
0.00111234
0.0301256
0.000782
0.00777548
0.00492595
0.00825957
0.00119691
0.00750161
0.0940533
0.0709003
0.000873382
0.00205844
0.000987164
0.109119
0.0032025
0.00217452
0.0692654
0.107942
0.000723876
0.0491392
0.00387236
0.00863676
0.0364314
0.000808795
0.085654
0.00377264
0.000854493
0.0191672
0.0010496
0.0858517
0.00118717
0.00266075
0.110299
0.000840004
0.0768375
0.0210235
0.0884612
0.0049402
0.00135427
0.0146493
0.0895402
0.00206128
0.129258
0.0807569
0.0880958
0.0141818
0.00133725
0.0921619
0.0254283
0.0810214
0.0023334
0.00126605
0.0336244
0.00887243
0.00140944
0.00421345
0.00402847
0.0276843
0.0175142
0.010967
0.00099923
0.0163044
0.0172127
0.000768334
0.0153898
0.00398983
0.0212207
0.031684
0.0078624
0.110709
0.111614
0.0933837
0.00325517
0.0496225
0.00170674
0.136321
0.00230195
0.047604
0.0173776
0.00253417
0.0022067
0.0757617
0.160838
0.045806
0.000804302
0.0972391
0.0045484
0.00290398
0.00165968
0.0852581
0.0826079
0.0022327
0.00604223
0.00110273
0.0133786
0.0008133
0.00951697
0.0336994
0.0872993
0.00641631
0.00228234
0.0652182
0.0240945
0.049977
0.00564836
0.0639485
0.0084754
0.000895644
0.0795127
0.085649
0.0107925
0.0953949
0.00329588
0.000787736
0.132931
0.00404008
0.00462085
0.00978442
0.0999951
0.0664831
0.011786
0.00649659
0.0121337
0.00940323
0.00429474
0.0459579
0.0209388
0.00828121
0.148174
0.0032839
0.028331
0.0115481
0.000726019
0.114432
0.0368964
0.00696002
0.000888991
0.00102889
0.000972335
0.0934289
0.00301932
0.00140842
0.0691941
0.0111771
0.0541976
0.0485499
0.0628447
0.111178
0.0345213
0.0085425
0.0899133
0.0248467
0.00972393
0.00208932
0.0418513
0.000947543
0.00682293
0.124782
0.106607
0.133143
0.113701
0.00895093
0.00214334
0.0440049
0.112937
0.0858478
0.139594
0.0795544
0.0181395
0.105459
0.00143143
0.00259779
0.00293054
0.0111351
0.0439347
0.0151917
0.0172289
0.117521
0.00402482
0.0943859
0.000804408
0.0141109
0.00756664
0.112636
0.0423478
0.00175657
0.127806
0.0176823
0.107275
0.00298835
0.00496658
0.00480672
0.108608
0.0213684
0.00176879
0.0538953
0.114279
0.0213418
0.0289452
0.091655
0.00103781
0.0027766
0.0949251
0.0714227
0.0119521
0.00372132
0.068809
0.0445499
0.0053826
0.0352745
0.0206946
0.00592287
0.00372181
0.0308128
0.00825966
0.00649694
0.0536869
0.134339
0.0647625
0.0525637
0.0667458
0.00315762
0.00109344
0.00910528
0.0269951
0.00583141
0.103424
0.116954
0.0211366
0.00367961
0.00772027
0.0132948
0.0110303
0.0102924
0.00118989
0.0698673
0.00183106
0.00911236
0.0172141
0.00702538
0.0538545
0.00416532
0.00313001
0.0073887
0.00106009
0.00175224
0.0753269
0.0176666
0.00187914
0.0733623
0.115706
0.00256827
0.00129405
0.0815052
0.0784209
0.00301044
0.0984438
0.00871511
0.11976
0.047959
0.106006
0.00165933
0.0167779
0.00507748
0.00432108
0.00431949
0.0174389
0.000987795
0.0824217
0.0730948
0.0753061
0.0110094
0.00177814
0.00941523
0.0184467
0.064465
0.0574146
0.001726
0.0613946
0.0322209
0.00101136
0.00210897
0.00284218
0.0323976
0.015197
0.136683
0.101637
0.00203755
0.00185499
0.085543
0.00271236
0.0862841
0.0346929
0.022361
0.0189389
0.0591027
0.11526
0.000891672
0.00110736
0.0766486
0.0869647
0.00487098
0.0120644
0.0523651
0.018591
0.0401929
0.0920228
0.00956055
0.0744817
0.0282806
0.00187137
0.00285282
0.018344
0.0474859
0.00112628
0.120935
0.106393
0.00162768
0.100314
0.00333737
0.00573002
0.0142529
0.00398739
0.0638078
0.0946245
0.0518082
0.0745504
0.00557421
0.0185019
0.0593706
0.0477071
0.00327219
0.00216118
0.09642
0.00228647
0.00132395
0.0284255
0.00110001
0.00093844
0.0200142
0.10088
0.000887795
0.115363
0.0479399
0.0797741
0.0934818
0.133937
0.00356834
0.0123715
0.00123058
0.0332207
0.00102476
0.016929
0.00121268
0.0537685
0.00367583
0.0922457
0.0177812
0.00201105
0.0563863
0.0047529
0.000955185
0.0165405
0.00723084
0.00559011
0.0866012
0.0562266
0.0176561
0.121255
0.00130166
0.0015605
0.0578156
0.117853
0.0115051
0.113603
0.0197829
0.0290828
0.00345497
0.0592352
0.0717269
0.00371445
0.0123913
0.0017467
0.00992777
0.0341587
0.00583785
0.00613123
0.0026741
0.13509
0.00213877
0.00205059
0.084106
0.00246698
0.000887756
0.0446762
0.128886
0.00616972
0.010285
0.0707938
0.00737533
0.00377466
0.146044
0.0566587
0.00879403
0.115184
0.00515045
0.0446102
0.00981795
0.00292264
0.00587665
0.0133491
0.0943284
0.00372325
0.00279593
0.00270898
0.0139395
0.0573644
0.035459
0.00573224
0.0998747
0.0968983
0.130973
0.00882889
0.119913
0.0705506
0.106649
0.0851726
0.126427
0.00236291
0.00728161
0.11028
0.0968003
0.0677703
0.0873492
0.00960127
0.0041195
0.00366637
0.00591999
0.00114789
0.0854981
0.00183602
0.0018282
0.0180939
0.0343957
0.00498767
0.0639456
0.119813
0.0787493
0.00840565
0.00101691
0.0948795
0.0032966
0.00388938
0.016426
0.114731
0.000887182
0.129848
0.0123633
0.00573894
0.00355514
0.132407
0.0304185
0.0548136
0.130261
0.00590598
0.0340689
0.00173867
0.0448067
0.0860336
0.00149534
0.0276504
0.130348
0.102289
0.00103568
0.104257
0.00899578
0.014254
0.00252001
0.00733263
0.00179458
0.0704674
0.0239875
0.0922757
0.121262
0.0116404
0.085121
0.037136
0.00101121
0.147857
0.0338851
0.00231005
0.00106377
0.0698658
0.00429754
0.0516661
0.0845328
0.0185575
0.0987932
0.0107334
0.00108571
0.0928724
0.127092
0.00612744
0.00146791
0.0878142
0.00803072
0.00142248
0.0741382
0.00092486
0.0265227
0.00121386
0.135639
0.00157863
0.00116212
0.061473
0.00255917
0.0227877
0.123465
0.0510636
0.00214364
0.000889714
0.00571708
0.123995
0.00142053
0.0971883
0.0332792
0.0683643
0.00221313
0.0112095
0.00983997
0.00210504
0.0722405
0.00212737
0.00230399
0.00183022
0.00126487
0.0100912
0.0119046
0.000955449
0.11249
0.0336178
0.00465172
0.00195804
0.0931211
0.132072
0.113855
0.0558636
0.0323649
0.021748
0.00392623
0.0721022
0.000805975
0.111711
0.0308433
0.0315733
0.0158472
0.00335514
0.118552
0.0957353
0.00823698
0.00213777
0.00280861
0.00222851
0.00151598
0.0844982
0.0794492
0.0840273
0.00425657
0.0337582
0.0442991
0.00102054
0.0429743
0.00967282
0.000799436
0.0516539
0.00121289
0.00098398
0.00146249
0.0184285
0.00240043
0.000776273
0.00405639
0.0701607
0.100242
0.0126434
0.0395809
0.0194932
0.000880349
0.000975985
0.0164776
0.0010012
0.00264848
0.00091306
0.129378
0.126135
0.0530313
0.0695032
0.0445701
0.00401951
0.0021847
0.0459144
0.000954215
0.0475289
0.0506058
0.00389065
0.115227
0.00227454
0.00250694
0.00249087
0.0892354
0.0773797
0.148199
0.108691
0.00151681
0.0753284
0.0206224
0.0390056
0.00380108
0.017957
0.0488305
0.0870063
0.00171468
0.0694243
0.00221551
0.0666582
0.00951314
0.0830971
0.0851757
0.0315962
0.00397314
0.0982422
0.0419642
0.00216375
0.0599199
0.0070546
0.00457363
0.00381265
0.0111715
0.104326
0.0429701
0.00294287
0.0180433
0.0700383
0.00727302
0.00857273
0.0114668
0.0687947
0.0301337
0.0585256
0.0912383
0.0302424
0.023647
0.00405357
0.025708
0.00155922
0.001918
0.00920723
0.0267588
0.066257
0.00371477
0.00102605
0.103921
0.0472071
0.012084
0.106896
0.0267507
0.00103981
0.00605148
0.102845
0.0166832
0.0274586
0.00276
0.0550128
0.122685
0.0878739
0.00721392
0.0695072
0.0640573
0.00418625
0.0939098
0.0132469
0.00646134
0.100581
0.00151023
0.0120341
0.00578034
0.00180126
0.0317065
0.110961
0.00572487
0.0688695
0.109032
0.100662
0.0156575
0.0895788
0.00158488
0.00086498
0.00627621
0.00653687
0.0469472
0.00425682
0.0785075
0.00211302
0.0231321
0.0216634
0.0437668
0.00083984
0.115258
0.0361818
0.000975297
0.0981969
0.0102981
0.00729162
0.111197
0.00204821
0.0920012
0.0096798
0.0126081
0.0944162
0.0773383
0.0917388
0.00172377
0.098966
0.00196079
0.111659
0.0202046
0.0187069
0.0204932
0.00140728
0.0946404
0.028786
0.00260127
0.00711405
0.00230252
0.0289252
0.0751268
0.00104062
0.0868886
0.000968712
0.025168
0.0790822
0.116885
0.00197175
0.00369496
0.0426921
0.0017386
0.0683984
0.0259881
0.0745679
0.0105063
0.0286069
0.0177832
0.00252957
0.111302
0.0948102
0.0528265
0.00110399
0.0764033
0.0416424
0.00195245
0.10691
0.00414679
0.0420559
0.0185772
0.0309015
0.0392421
0.0370416
0.00514309
0.0220747
0.11697
0.00296416
0.0858466
0.00937693
0.0280817
0.0028402
0.0375925
0.0361369
0.0574234
0.00115851
0.0196771
0.107787
0.00315049
0.0430825
0.0177439
0.125153
0.0194822
0.139263
0.0733774
0.0421502
0.00104083
0.0983828
0.0648384
0.00201485
0.111384
0.0882841
0.0331515
0.00178358
0.115977
0.00846545
0.0163876
0.00334769
0.110703
0.00778795
0.11151
0.113602
0.010147
0.00219325
0.105507
0.079839
0.058547
0.00938328
0.00357901
0.0245821
0.0671408
0.106376
0.000651534
0.0947109
0.00796157
0.00828855
0.00374197
0.114473
0.045916
0.00348094
0.0363419
0.00875786
0.0182437
0.0891986
0.0112965
0.0705795
0.0105277
0.112711
0.076046
0.0543432
0.00213396
0.0666076
0.00642344
0.0834768
0.00138684
0.000929454
0.0105001
0.0934288
0.00437825
0.00228434
0.0252481
0.0396885
0.0199785
0.000766338
0.124618
0.000736948
0.138479
0.00941193
0.0236023
0.100322
0.00292153
0.00071264
0.0674731
0.0216741
0.121231
0.00939474
0.0799927
0.081983
0.0791061
0.00710799
0.00236254
0.0931601
0.053314
0.0430231
0.00217705
0.0424573
0.00245207
0.0474355
0.00378074
0.000931249
0.00657644
0.0084496
0.0957809
0.104284
0.000865136
0.0418015
0.00730539
0.123565
0.00891955
0.00095485
0.00113499
0.111322
0.0699027
0.0150509
0.00174814
0.0109524
0.101137
0.00155593
0.000746021
0.0523722
0.00354485
0.0785486
0.0079476
0.0416038
0.0271195
0.112939
0.00996029
0.0478806
0.0817699
0.000983371
0.0158661
0.0337623
0.00218606
0.00175933
0.078285
0.00101555
0.108085
0.00359763
0.0226702
0.0881222
0.104259
0.0844793
0.0185056
0.00272828
0.00602338
0.0637295
0.0260467
0.00286394
0.0708966
0.0675184
0.0842491
0.0285244
0.00407333
0.0673122
0.0790879
0.0823442
0.00102213
0.111645
0.0390326
0.0875314
0.00644065
0.0819648
0.00689097
0.00150616
0.12065
0.0011365
0.000999556
0.085739
0.0104742
0.00576933
0.0603804
0.0946213
0.0317689
0.0312404
0.0037018
0.0101131
0.105048
0.0782786
0.102267
0.0909035
0.0384423
0.094336
0.00194935
0.114113
0.060699
0.0202147
0.0376676
0.00169286
0.0754703
0.0671519
0.0304988
0.114209
0.00633685
0.000771447
0.002758
0.00711384
0.0283353
0.00199042
0.0650835
0.0704519
0.0156688
0.000924543
0.148935
0.0298685
0.00404022
0.00729436
0.00108957
0.000894725
0.00811687
0.00472286
0.0225524
0.000844629
0.111812
0.0233122
0.0807352
0.00171238
0.0382786
0.00162442
0.118835
0.0146496
0.105341
0.0284939
0.00195337
0.0860198
0.0808418
0.00150492
0.00405415
0.100759
0.0585952
0.103734
0.027171
0.0962499
0.0268735
0.073728
0.000751373
0.105422
0.0373388
0.0938502
0.0752307
0.0551211
0.0050274
0.0901929
0.0109396
0.0922961
0.00106735
0.0826218
0.0112291
0.0115206
0.0693514
0.0017355
0.0705972
0.00330776
0.0702819
0.0617059
0.039266
0.0726799
0.00548243
0.0594987
0.0287736
0.0877563
0.00398497
0.00935258
0.0511577
0.103772
0.00212055
0.0061559
0.000714001
0.00189411
0.0076097
0.0497419
0.0582894
0.0241336
0.0306628
0.000753713
0.107993
0.00335486
0.0367348
0.106547
0.0166848
0.110476
0.100245
0.00524187
0.00413732
0.0826746
0.0750863
0.103885
0.0375505
0.0425142
0.0787121
0.0421584
0.0741522
0.0155475
0.0200945
0.000910606
0.00763027
0.000706053
0.0661425
0.00189796
0.0377485
0.00600551
0.00146667
0.0539024
0.0055798
0.0507562
0.00179388
0.000825245
0.0071707
0.0430494
0.000687758
0.0135458
0.00245404
0.0222056
0.0132244
0.000833226
0.0110949
0.00378028
0.0184806
0.000716815
0.00296697
0.000693058
0.0181879
0.00114085
0.00069298
0.000680776
0.107734
0.102185
0.00205339
0.0705923
0.0485603
0.00136905
0.0282415
0.0757971
0.00642195
0.000868607
0.00220146
0.00131363
0.0533469
0.0927182
0.123404
0.00173946
0.00578497
0.00517451
0.0107663
0.000872213
0.0923614
0.0190759
0.0113289
0.020991
0.00594278
0.0245859
0.0985507
0.00183938
0.10198
0.00173087
0.0452428
0.0280004
0.00932781
0.118834
0.0227848
0.0075094
0.102109
0.00209684
0.103385
0.0655012
0.00285676
0.0326219
0.107292
0.0136253
0.00797218
0.00258578
0.00543347
0.00232562
0.0383193
0.00651364
0.00085123
0.00569061
0.0192276
0.0388281
0.0011105
0.0956501
0.0650949
0.00404565
0.00439922
0.00978779
0.0307692
0.103547
0.0965889
0.00164503
0.00434614
0.00158904
0.108443
0.00167181
0.0657813
0.00811968
0.0165028
0.0453096
0.00919489
0.0014969
0.0126154
0.00246476
0.0026165
0.108038
0.0141954
0.0151936
0.0152023
0.0373172
0.0159475
0.0150853
0.00625519
0.0662165
0.00091295
0.00122739
0.0380405
0.0074325
0.0030467
0.00611218
0.0995185
0.104718
0.00189379
0.0382456
0.00614843
0.094309
0.104823
0.00562633
0.0178687
0.035341
0.000938738
0.017155
0.00609334
0.0542806
0.000909342
0.0150122
0.00525286
0.0188878
0.0220518
0.00510678
0.0357703
0.00113664
0.0164711
0.00351468
0.00217251
0.000913028
0.00206508
0.000746132
0.019798
0.00746648
0.0075948
0.00141488
0.00125065
0.0751818
0.00316329
0.0660503
0.096786
0.00687829
0.00374949
0.0454341
0.00627345
0.00217308
0.00628558
0.00395065
0.0088772
0.00340255
0.0937315
0.011882
0.0730946
0.0010201
0.0385609
0.0105676
0.00166015
0.0212368
0.00457469
0.000769149
0.076628
0.00918145
0.00172857
0.000750823
0.0660555
0.0306248
0.0318505
0.00948279
0.102193
0.00171667
0.00184432
0.0048373
0.0108431
0.0288212
0.008182
0.00163121
0.00156971
0.0400606
0.00374604
0.0192056
0.010243
0.0145863
0.00314049
0.00463772
0.00243029
0.0863002
0.0674238
0.0991016
0.00319421
0.00903124
0.0366216
0.000991147
0.00720934
0.0102354
0.082994
0.00436729
0.0863087
0.0073058
0.00116814
0.00243104
0.00835361
0.0010713
0.0067281
0.00100285
0.00325688
0.104029
0.00132679
0.0961926
0.00708352
0.0502551
0.00203792
0.038531
0.00877625
0.0010019
0.00687148
0.00712647
0.00647905
0.000869772
0.00085894
0.0085388
0.00213095
0.0094466
0.0996706
0.0370469
0.00861923
0.00183693
0.000844381
0.0246755
0.0147053
0.00266148
0.00877066
0.00831418
0.00311301
0.00269315
0.00448372
0.00408981
0.00331882
0.0450491
0.00119303
0.0739583
0.0942659
0.00215822
0.0212954
0.000697599
0.00107033
0.00209225
0.00348831
0.00147856
0.0711909
0.00215561
0.00189175
0.00667177
0.0139573
0.00175067
0.00486599
0.0073528
0.00544536
0.00652481
0.0897813
0.000830769
0.000791965
0.0727064
0.00185952
0.0305478
0.0400838
0.0673212
0.0117689
0.00179788
0.00188366
0.00209402
0.0148229
0.0154656
0.00427905
0.00473939
)
;


// ************************************************************************* //
