/*--------------------------------*- C++ -*----------------------------------*\
| =========                 |                                                 |
| \\      /  F ield         | OpenFOAM: The Open Source CFD Toolbox           |
|  \\    /   O peration     | Version:  v2012                                 |
|   \\  /    A nd           | Website:  www.openfoam.com                      |
|    \\/     M anipulation  |                                                 |
\*---------------------------------------------------------------------------*/
FoamFile
{
    version     2.0;
    format      ascii;
    class       volScalarField;
    location    "250";
    object      omega_0;
}
// * * * * * * * * * * * * * * * * * * * * * * * * * * * * * * * * * * * * * //

dimensions      [0 0 -1 0 0 0 0];


internalField   nonuniform List<scalar> 
9793
(
0.0657074
0.215268
0.070546
0.0209811
2.17024
0.0221662
0.0214538
0.020728
0.0214696
2.06286
0.0432801
0.0354227
0.0210122
0.0202956
0.0228744
0.0202296
0.020732
0.0208596
1.74057
0.020283
0.345648
0.0221004
0.0752316
0.0194994
0.0218174
0.0210827
0.0202444
0.0205702
0.0335714
0.0214611
0.03221
0.0548009
0.449646
0.0219943
0.0367604
1.39366
0.0221195
0.0220792
0.0207843
0.0209091
0.0318447
0.0228942
0.0217673
0.0216455
0.0217818
0.0212094
0.0358712
0.299554
0.132518
0.0209585
0.0376988
0.0470761
0.022281
0.0214369
0.227328
0.204168
0.0213949
0.0854047
0.934407
0.0207697
0.0214937
0.0221917
0.824467
0.0216328
2.13102
0.447109
0.785976
0.594985
0.0473523
0.0422695
0.169182
0.0208167
0.0210565
0.0811436
0.0413574
0.948994
0.0213839
0.0197283
0.0210664
0.0206685
0.503297
0.0211317
0.248778
0.0166613
0.0285455
0.218297
0.0207074
0.0213738
0.0218706
0.0213719
0.209539
2.06914
0.0203247
0.033734
0.0220076
0.0181238
0.280932
0.241632
0.0203064
0.0202071
0.0201938
0.0213495
0.0203561
0.0203496
0.0197252
0.0282332
0.0217762
0.0214531
0.0220363
0.381224
0.0210329
0.0904237
0.0213839
0.990545
0.0466761
0.0213934
0.437795
0.0399247
0.0213134
0.0237378
0.378773
0.0229732
0.0212776
0.0224036
0.0216003
0.233416
0.0311187
0.183873
0.0212029
0.0211008
0.0215025
0.0213829
0.0210971
0.0216596
0.0214475
0.0213645
0.0218643
0.0214673
0.0213786
0.0199173
0.0212697
0.0217036
0.0210607
0.0201963
0.0203674
0.0205875
0.0390583
0.0202036
0.0203116
2.01274
1.73043
0.0215223
1.5423
1.37367
0.0202991
0.0223047
0.0205613
0.0216062
0.020197
0.0210231
0.0207243
0.0205638
0.020082
1.63208
0.0641419
0.700769
0.276702
0.0236422
0.0201901
0.0209865
0.0210741
0.543196
0.0638854
0.505001
0.0215725
1.72803
0.0213728
0.0195244
0.021104
0.0244925
2.54768
0.0218568
0.0202062
0.0217212
0.993121
0.0210447
0.101762
0.0210957
0.0212475
0.0200989
0.0215824
0.021311
0.125577
0.11351
0.724105
0.0243108
0.158194
0.0208565
1.03428
0.019977
0.021441
1.62691
0.352764
0.0211129
0.0213651
0.0196546
0.862884
0.0201723
0.0260041
0.0218954
0.0264082
0.0872746
0.187344
0.021452
0.267673
0.0204405
0.0211572
0.903798
0.0196513
0.912581
0.0492431
0.0213168
0.0216101
0.0213146
0.0793617
1.63721
0.022173
0.0203009
0.0500082
0.036424
0.019524
0.0195127
0.0219051
0.0200961
0.034706
0.895147
0.0213601
0.0210134
0.150933
0.0211084
0.0257556
0.0202815
0.0209774
0.451547
0.0209876
0.0203017
0.0207172
0.0215848
0.0203157
0.021777
0.0214396
0.0227352
0.0431205
0.0329214
0.0209447
0.0223725
0.0210591
0.0228977
0.0223896
0.0201531
0.421659
0.0209994
0.0427643
0.0215454
0.0239197
0.0195676
0.0195722
0.0263631
1.57806
0.021633
0.0201667
0.0199682
0.0236387
0.0213357
0.168715
0.160092
0.0211127
0.209948
0.0213308
0.0329904
0.0215015
0.0195488
0.0219095
0.0207955
0.0311364
0.0213144
0.0214323
0.0234498
0.0209317
0.0213563
0.0213654
0.418192
0.0217511
0.0221271
0.0215644
0.0216178
0.0216706
0.0237097
0.0212249
1.41247
0.0203094
0.616119
0.544126
0.0220432
0.0215406
0.020181
0.0239855
0.0228155
0.0214019
0.620477
0.0216144
0.0201691
0.0228629
0.0214913
0.0213581
0.0212024
0.088731
0.0209906
0.0232945
0.0219384
0.0209192
0.085628
1.47258
0.0634484
0.0196101
2.07331
0.0217187
0.867296
0.0441907
0.0200028
0.0223261
0.0433618
0.0211964
0.024417
0.0512375
0.0206938
0.0216717
0.0214294
0.0210394
0.0206054
0.0937197
0.0210928
0.0209093
1.40059
0.0211508
0.0202061
0.0195975
0.0217834
0.0207045
0.0856008
0.0216334
0.0212944
0.0213961
0.0212884
0.599765
0.0214243
0.0282961
0.0195249
0.0296494
0.411644
0.103066
0.0307707
0.021736
0.022311
0.823462
0.0216657
0.414945
0.0210774
0.0201339
0.544053
0.0242126
1.64592
0.0212993
0.0368531
1.49589
0.0226349
0.0210349
0.452774
0.0235575
0.051114
0.0223892
0.0214157
0.932484
0.0212416
0.0217742
0.0218765
0.0211279
0.0202658
0.0214311
0.0222019
0.607904
0.0215236
0.577874
0.264871
1.06052
0.0365925
0.0416301
0.0208641
0.0214313
0.16905
0.301335
0.0202913
0.0216135
1.37407
0.0199544
1.43235
0.0210279
0.0222202
0.019939
0.0272929
0.0210854
0.0238477
0.316304
0.0201821
0.116652
0.0276739
0.0216787
0.0273395
0.0209817
0.0216659
0.0206117
1.64297
0.0213119
0.0213674
0.0505518
0.0214128
0.0223571
0.0217249
0.0200522
0.0249839
0.0210165
0.0213645
0.0198863
0.312009
0.0204661
0.316205
0.021033
0.127825
0.022428
0.0210823
0.021942
0.0215192
0.969372
0.0208275
0.300161
0.020137
0.0210855
0.0217792
1.37683
0.0345678
0.455828
0.0805158
0.0223177
0.0212329
0.0346181
0.0248586
0.0265922
0.231766
0.446606
0.0215376
0.0239202
0.0369099
0.0212774
0.0213147
0.0212585
0.0203463
0.0221311
0.567829
0.0238846
0.889816
0.0203559
0.024094
0.019513
0.0217763
0.0216619
0.0211771
0.0347831
0.021117
0.0229275
0.0199213
0.0213053
0.022753
0.368462
0.0210162
0.0212336
0.541909
0.0232788
0.021642
0.84891
0.183146
0.0215196
0.0221006
0.0218417
0.0227865
0.0213732
0.0219489
0.0218048
0.0209121
0.0210741
0.0209558
0.0352024
0.0474997
0.0205305
0.99693
0.0269326
0.0202621
0.0217592
0.0211069
0.070836
0.0214828
0.182194
0.0200239
0.0209878
0.0398271
0.0212397
0.0275727
0.539911
0.0236282
0.0202534
0.560287
0.0231357
0.0204817
0.0210939
0.0434861
0.0208423
0.0204706
0.0212484
0.0208379
0.415111
0.0347645
0.0264257
0.0219238
0.0210608
0.0209484
0.0213805
0.0209008
0.021261
0.057387
0.120623
0.0199847
0.0231144
0.231527
0.0212041
0.0716571
0.0285426
0.0206999
0.0463309
0.919153
0.0213307
0.149595
0.0195616
0.620546
0.023281
0.954124
0.0210437
0.0209653
0.0207211
0.22766
0.0225148
0.862026
0.517005
2.04906
0.0281567
0.447352
0.0265472
0.0228343
0.0259585
0.0227685
0.432539
0.0214037
0.232829
0.0198384
0.23425
0.0218034
0.0216954
0.0209337
0.172731
0.019875
0.0206536
0.0218568
0.0220472
0.0241978
0.0210657
0.0212155
0.0211915
0.0211755
1.85241
0.0209577
0.449892
1.4979
0.0209686
0.0216216
0.0244359
0.021609
0.0212587
0.021455
0.0226941
0.0233048
0.0218371
0.0220586
0.0204535
0.0212533
0.0216612
0.0229625
0.0214611
0.0218425
0.764745
0.0212168
1.69286
0.0233024
0.0216192
0.0212215
0.0206581
0.0222788
0.0227159
0.020977
0.0205464
0.0194881
0.020967
0.0205412
0.0211525
0.0222695
0.019828
0.0216945
0.0221656
0.0214243
0.0222022
0.0218725
0.0266257
0.0220746
0.0209457
0.0212335
0.0204821
0.0198543
0.0209051
0.0198762
0.0208962
0.021225
0.0198632
0.0281695
0.02097
0.021962
0.0212938
0.228818
0.021008
0.0199258
0.0423114
0.019561
0.0213698
0.187896
0.0218367
0.0219781
0.02149
0.0856464
0.0206692
0.0395037
2.10486
0.5119
0.435292
0.0213133
0.0212944
0.448953
0.0208179
0.0198991
0.0434133
0.203024
0.540761
0.0212401
0.0473477
0.0212983
0.0212877
0.868131
0.0211663
0.518485
0.0207699
0.0471849
0.0209351
0.022359
0.0216175
0.1656
0.987961
0.0210533
0.0207857
0.0242051
0.0208919
0.022571
0.0396669
2.19599
0.0210235
0.0703369
0.0208219
0.520626
0.0518478
0.507178
0.282116
0.0207496
0.0263315
0.624051
0.0210077
0.0211375
0.0220779
0.0209923
0.0198681
0.243914
0.0198744
0.424899
0.0222479
0.195796
0.0419681
0.0213917
0.178897
0.586463
0.0215681
0.961171
0.0255721
0.0609116
0.0198799
0.0195561
0.470596
0.0211831
0.989072
0.0208894
0.322837
0.0204145
0.325334
0.474203
0.0207375
0.849081
0.0213682
0.0219081
0.0288581
1.40286
1.45628
0.0198627
0.0204199
0.0199347
0.524786
1.37209
0.0222621
0.0233921
0.0955355
0.0199063
0.0209543
0.0218394
0.568844
0.0243368
0.0212314
0.0208269
0.0207471
0.489555
0.296191
0.0297291
0.020482
0.0208924
0.424631
0.0211498
0.920458
0.0331948
0.41824
0.383726
0.320792
0.0208043
0.0214011
0.0223967
0.0217651
0.0231095
0.0211988
0.046862
0.468053
0.0203747
0.504096
0.0207384
0.393754
0.0215007
0.398963
0.0228204
0.0216738
0.0210243
0.020316
0.0309493
0.483223
0.615262
0.0212513
0.0275938
0.0206146
0.0219001
0.0224785
1.91004
0.0232415
0.0605129
0.0208002
0.0244624
0.0210381
0.0198488
0.0219801
0.0209152
2.08096
0.0211224
0.0219896
0.0220105
0.0220612
0.0198497
0.0392805
0.02157
0.0217605
0.0208173
0.0209617
0.323196
0.0210224
0.120295
0.0203791
0.049514
0.0208169
0.515401
0.021011
0.0621626
0.0213674
0.0212051
0.0208569
0.309496
0.33288
0.506977
1.78993
0.726517
0.0211702
0.022311
0.228272
0.0198732
0.450266
0.424002
0.0389362
0.092293
0.0219094
0.309935
0.0232555
0.386792
0.227361
0.0219133
0.0214189
0.31348
1.45415
0.0231303
0.022277
0.0211835
0.0223435
0.0281989
0.0208654
0.0198425
0.021805
0.0805326
0.0289833
0.0221843
0.524145
0.0208724
0.0198865
0.282237
1.61942
0.0289183
0.0217601
0.0332845
0.020445
0.0198598
0.488774
0.019845
0.0218431
0.306541
0.306375
0.0208375
0.601361
0.370173
0.0634446
0.30099
2.40745
0.021936
0.422146
0.0214236
0.0207901
0.0212486
0.0216805
0.0206617
1.83269
0.0208462
0.532366
0.0201241
0.0307377
0.0214933
0.0288193
0.021464
0.0212689
0.0333358
0.0201447
0.0198627
0.057725
0.0211959
0.0254987
0.0207679
0.0200172
0.317925
1.55125
0.0214861
0.0195038
0.0194991
0.0202005
0.0211424
1.82044
0.0587262
0.373945
0.0273398
0.429228
0.0213322
0.024749
0.0239118
0.0225532
0.0873016
0.0210345
0.020939
0.942048
0.0286611
2.81413
0.0210041
0.509849
0.456358
0.0231456
0.0315574
0.0224473
1.78871
0.02121
0.0231437
0.352859
0.0224808
0.0210126
0.038483
0.0213945
0.0204618
0.0209338
1.63397
0.0214305
0.0235634
0.144616
0.0305538
0.0229249
0.0275748
0.00937215
0.544359
0.00872833
0.0198765
0.0213753
0.0217267
0.0215352
0.0212103
0.627298
0.279048
0.0224595
0.293017
0.0883137
0.304558
0.021388
0.300161
0.0212038
0.306373
0.0562898
0.0205687
1.3712
0.456546
0.0208308
0.021373
0.02117
1.60895
0.498151
0.023815
0.0346653
0.0374822
0.022783
2.81201
0.307011
0.0210176
0.021363
1.43537
0.703339
0.0210346
0.0211511
0.0198726
0.0214595
0.021346
0.0230809
1.62661
0.0211664
0.0232929
0.684192
0.0215151
0.0219205
0.0226126
0.742714
0.0214028
0.0234902
0.112558
0.0215612
0.0199843
0.0215903
0.020865
0.0218029
0.478756
0.506394
0.0215808
0.246565
0.0244462
0.0364841
0.0213166
0.0221411
0.0217321
0.0214317
0.31871
0.0212833
0.0217975
0.0238262
0.0219153
0.0203421
0.0234058
0.02118
0.087388
0.0213613
0.0210217
0.992086
0.0210238
0.722576
0.0254016
0.0208807
0.714137
0.0228872
0.0266763
0.0828443
0.0201876
0.213311
0.0209243
0.021348
1.36582
0.896891
0.0202022
0.0213713
0.0206257
0.0214977
0.0651135
0.0216784
0.0213336
0.0216532
0.0221502
0.0216914
0.0211626
0.0201759
0.0209217
0.0211682
0.322219
0.0225111
0.0199515
0.031631
0.0210328
0.7239
0.0592669
0.0273469
0.0213605
0.0211977
0.0560542
0.0221955
0.0211825
0.0213982
0.47102
0.164492
0.0213238
0.0197771
0.0516076
0.0365855
0.0195334
0.384707
0.0305882
0.0212599
0.0215579
0.0221031
0.0214465
0.0249172
0.387677
0.0217805
0.057288
0.0225529
0.0277638
0.0197688
0.0212848
0.0198099
0.0197869
0.172299
0.0210135
0.054622
0.0325542
0.0197976
0.0215973
0.0290556
0.0216822
0.0215067
0.021365
0.0218537
0.63431
0.0197978
0.0214039
0.456108
0.0219923
0.0214682
0.0218616
0.0210332
0.0214843
0.0211445
0.0214157
0.0214897
0.0218961
0.0781905
0.0452869
0.0197795
0.0213762
0.0197876
0.0689839
0.0209752
0.0226242
0.0212152
0.0201484
0.0236883
0.0203717
0.0253655
0.0213473
0.0203814
0.0954162
0.496084
0.0216291
0.0215242
0.0209233
0.200233
0.0680221
0.0213683
0.153431
0.706785
0.0219649
0.0301168
0.446709
0.0224704
0.466529
0.0388481
0.593415
0.021156
0.0281109
0.0840555
0.0203351
0.0894739
2.81574
0.021357
3.06769
3.30771
0.0231504
0.465709
0.0197586
0.024102
0.0348804
0.021217
0.326927
0.0197569
0.0321668
0.0463863
0.0197626
0.0424533
0.021472
0.021751
0.027142
0.0225831
0.648753
0.827108
0.020034
0.0227242
2.57632
0.020669
0.0230284
0.0207693
0.475744
0.0647797
0.0205608
0.0214079
0.0231705
2.65758
1.73029
0.025061
0.0197734
0.0208543
0.837339
0.191251
0.153228
0.0219712
0.0220172
0.0235583
0.0199988
0.0218274
0.023231
0.0221291
0.0208204
0.0232016
0.400128
0.744886
0.0209294
0.238585
0.0225197
0.548813
2.91162
0.0318192
0.744947
0.0417726
0.0197694
0.112113
0.12215
0.589059
0.153592
0.0211525
0.127791
0.35974
0.033075
0.0230429
0.162713
0.278049
0.0210277
0.0233023
0.0228948
0.021182
0.0559111
0.0212094
0.0222574
0.0205799
0.0197579
0.0214357
0.021277
0.0218889
0.0233969
0.433386
0.0232274
0.340937
0.0207796
0.0238635
0.021434
2.01246
0.987909
0.0211494
0.0347826
0.0214513
0.0201888
0.0212692
0.0201382
0.0210033
0.0780699
0.0214613
0.324274
0.0206946
0.0209162
0.401271
0.0219504
0.021615
0.0211036
0.0211481
0.100464
0.0559432
0.537112
0.233222
0.80151
0.0214136
0.0215756
0.0215331
0.0227514
0.0389619
0.0686491
0.65272
0.0208949
0.0329632
0.0217638
0.31706
2.6386
0.0230341
2.88204
1.64971
0.0220481
0.0315101
0.0208428
0.0355091
0.0225034
0.0776867
0.0341373
0.0197679
3.1766
0.544213
0.0214918
0.0221517
0.0216216
0.545257
0.0206235
0.0215278
0.594454
0.0207689
1.09872
0.0254322
0.0229933
0.0217669
0.0215702
0.0506594
0.021105
0.282225
0.0228944
0.0212191
0.0206801
0.0503274
0.0218401
0.692919
0.0221459
0.0232305
0.0228532
0.0521563
0.0222432
0.0212167
0.204938
0.0215434
0.0203797
0.0306703
0.210847
0.0231524
0.0204703
0.0219768
0.106984
0.0437322
0.0211342
0.0312204
0.0202235
0.0765414
0.0210328
0.0216564
0.021071
0.0781941
0.0209161
0.0207066
0.0213356
0.0682094
0.714989
0.0218437
0.023111
0.021594
0.0217313
0.440535
0.0284705
0.0215992
0.0215564
0.0209849
0.0923693
1.94837
1.99094
0.0211861
0.151775
0.0201823
0.0201246
0.0222431
0.0216933
0.0322667
0.0213177
0.0211304
0.0868209
3.15123
0.0227559
0.0214014
0.0214224
0.030915
0.0205702
0.0211345
0.0272452
0.0213719
0.0212003
0.0216761
0.0231905
0.019959
2.94841
0.0333501
0.0230968
0.0224685
0.0212198
0.0223467
0.292948
0.0213198
0.0212168
0.0213948
0.0209929
0.021376
0.0208199
0.127671
0.0783668
0.0214458
0.0218499
0.0211188
0.0231726
0.0220229
0.0477162
0.0217238
2.63508
0.0212689
0.0215518
0.0205799
0.0638146
0.0214086
2.45057
0.0214225
0.0213938
0.0195094
1.41873
0.0223087
0.022783
0.757036
0.0215707
0.0213991
0.0210798
0.0213557
0.0217168
0.021762
0.0231485
0.871121
0.0214553
0.0535203
0.157306
0.0224537
0.102714
0.02134
0.0224753
0.0209253
0.020325
0.0201942
0.0213125
0.0515036
0.0737784
0.0207898
0.781584
0.0553328
0.0212218
0.736519
0.0203046
0.0270831
0.021726
0.0209862
0.0844341
0.0213506
0.0220205
0.0226395
0.0530856
0.0623919
0.0216225
0.0209243
0.0217972
1.50648
0.386227
0.0301561
0.0241122
0.0213626
0.0213542
0.143762
0.0214318
0.0255385
0.0214001
0.622635
0.0213499
0.029167
0.0213134
0.0215157
0.0265011
0.0263075
0.0261129
0.0217697
0.021628
0.0237032
0.195282
0.0427184
0.0203702
0.0232374
0.0801505
0.0224539
0.0321241
0.0214735
0.0215074
0.0213054
0.0220849
0.604174
0.0523258
0.0213275
0.0927487
0.0231408
0.0240963
0.0214158
0.0213043
0.0213308
0.0198329
0.0482214
0.0226778
0.0218939
0.0217271
0.0212674
0.0213512
0.216443
0.0213822
0.0213473
0.0215371
0.310839
0.121182
0.0213575
0.0210521
0.0214128
0.173139
0.0216134
0.196694
0.0213598
0.04228
0.0213536
0.0213948
0.0402596
0.0214918
0.0271779
0.021533
0.0213753
0.0203149
0.0218737
0.210303
0.0214733
0.0216871
0.305394
0.0213403
0.0217467
0.0217298
0.0213793
0.0211138
0.0216301
0.0446648
0.0207164
0.0207792
0.0209174
0.13917
0.0228329
0.472432
0.0213842
0.021426
0.058455
0.39928
0.306603
0.0236684
0.0261758
0.331726
0.0213634
0.404891
0.0216257
0.11059
0.0209154
0.0311293
0.0686392
0.019517
0.022463
0.0212329
0.0217495
0.0198117
0.406041
0.0208543
0.326553
0.0215053
0.0213485
0.0215275
0.0198218
0.0215228
0.143766
0.0212766
0.0211095
0.0210974
0.0213637
0.0213307
0.112924
0.800313
0.558345
0.0213538
0.020175
0.0226245
0.021407
0.0212569
0.0995211
0.0320723
0.0219123
0.0212971
0.27035
0.0220579
0.678149
0.260901
0.0219539
0.0202832
0.0212623
0.0291114
0.766064
0.0212919
0.0211741
0.0493439
0.126165
0.0354101
0.942121
0.0212375
0.0230428
0.0229515
0.0198315
0.0215476
0.0962246
0.508496
1.47151
0.0212283
0.606384
0.0215137
0.021321
0.0232112
0.0216621
0.0232366
0.0301377
0.0211818
0.0214216
0.0212259
0.0208448
0.019911
0.0210343
0.0232889
0.171954
0.0197843
0.0195135
0.0199441
0.02125
0.0215969
0.0212571
0.0231228
0.0216983
0.0217334
0.0216538
0.316092
0.0212106
0.02229
0.301295
0.0212694
0.0212185
2.02879
0.0210949
0.0213292
0.0212029
2.01343
0.0208531
0.0313721
0.0215339
1.33758
0.0201289
0.0201173
0.0203801
0.0211907
0.0339093
0.0212303
0.0215261
0.0340651
0.0212679
0.282763
0.0237159
0.0256995
0.0215543
0.0735028
0.0266098
0.0213387
0.0211068
0.0216573
0.0214433
0.0212478
0.223583
0.0209466
0.0424818
0.0211247
0.0213851
1.3771
0.0210158
1.49834
0.0675312
0.0212284
0.0555914
0.0211042
0.0216648
0.0212134
0.0215432
0.020694
0.0212484
0.0211949
0.0212208
0.0945676
0.0213814
0.020943
0.0216
0.0207588
0.0211687
0.0211677
0.0213786
0.0204732
0.0212861
0.0211771
0.021345
0.0212
0.0215867
1.37722
0.0211675
0.0216451
0.0313396
0.223334
0.0198643
0.0261815
0.0209429
0.02082
0.0212187
0.0212605
1.05456
0.230079
0.0210858
0.0219597
0.347548
0.0213579
0.0298445
0.785329
0.0198603
0.87209
0.0213818
0.0637888
0.0226234
0.0365311
1.70285
0.63218
0.0209566
0.0210601
0.0198969
0.0228395
0.0456647
0.0218371
0.0610663
0.617252
0.0213248
1.64709
0.045148
0.0207034
0.0203703
0.0264635
0.0260195
0.0212059
0.0209735
0.0199836
0.023151
0.0231295
0.0233036
0.0231106
0.0232052
0.497016
0.0210046
0.0211337
0.0211186
0.726637
0.0232131
0.0232777
1.32508
0.0516269
0.0384482
0.020983
0.0231693
0.0211739
0.0281428
0.0213251
0.0216702
0.0462353
0.0232394
0.0636582
0.0197693
0.311111
0.0320785
0.0763864
0.306684
0.458002
0.0210642
0.0213115
0.021299
0.0869503
0.0213665
0.0208592
0.0212927
0.0248022
1.34406
0.0938542
0.0231604
0.0195591
0.0188342
0.0307168
0.300868
0.0436818
0.0428144
0.0304705
0.0235565
0.298115
0.0210885
0.021102
0.0210747
0.0465836
0.0188167
0.0419431
0.0208411
0.0211819
0.0211087
0.653075
0.0211374
0.021079
0.0210043
0.0284739
0.0209053
0.0211171
0.0202942
0.0234283
1.50417
0.0247924
0.02301
0.0214191
0.448123
0.0258091
0.0198437
0.0213025
0.0318487
0.218213
0.02135
0.0213681
1.78117
0.0210497
0.0209544
0.0209144
0.0212505
0.0339048
0.0209704
0.0213998
0.021073
0.0214029
0.0211405
0.0210845
0.0210377
0.0211551
0.0211956
0.154488
0.0212183
0.0206418
0.0323849
0.0420484
0.0299282
0.0509328
0.0209356
0.0650806
0.0212665
0.0299529
0.0210418
0.0389063
0.0210244
0.0211956
0.020104
0.0372556
0.0232535
0.0211557
1.02098
0.0211071
0.0200998
0.0211069
0.0217866
0.0245312
0.0209054
0.611715
0.0213662
0.0224174
0.0367217
0.0211965
0.0273743
0.0209775
0.0205394
0.0211507
0.839393
0.0267324
0.0218882
0.0377049
0.0637643
0.0238803
0.0395947
0.0232983
0.0212148
0.0197355
2.0168
0.0359401
0.0209509
0.032267
0.0208383
0.0209631
0.524315
0.0204416
0.0211828
0.050156
0.0399738
0.599606
0.0211639
0.0209855
0.0155349
0.020895
0.019935
0.99404
0.0210915
0.0232636
1.3287
1.37455
0.0212812
0.0217013
0.0210858
0.0197657
0.0211687
0.0214648
0.021375
0.028259
0.0206362
0.0231761
0.0212087
0.0217902
0.0230863
0.953326
0.0231724
0.0214297
0.20836
0.310523
0.0211212
0.0352158
0.0213927
0.0211715
0.0211847
0.0209185
0.0231457
0.0225182
0.0395784
0.021062
0.0231928
0.0214844
0.0197076
0.0209737
0.0211473
0.0238943
0.0207878
0.0210465
0.021561
0.0212571
0.73082
0.0213395
0.0216628
0.0368471
0.021802
0.0201968
0.191338
0.683535
0.897906
0.44756
0.0513976
0.0204753
0.0216304
0.369682
1.00662
0.170985
0.409652
0.263299
0.0213847
0.325068
0.613046
0.0213239
0.0392788
0.0215802
0.731732
0.0146448
1.08748
0.0215742
0.0209351
0.0344548
0.0211382
0.0212061
0.0559535
0.120401
0.0212667
0.0213649
0.0210151
1.44789
0.0210019
0.0209867
0.0211926
0.0209681
0.0209658
0.041877
0.021606
0.0209167
0.0212174
0.0260659
0.405409
0.823164
0.0211785
0.0210354
0.0218946
0.0211879
0.0209469
0.0211044
1.81477
0.0211186
0.0294319
0.0210996
0.0212867
0.0202811
0.0212043
0.777207
0.0198283
0.0204942
0.0214566
0.297598
0.923489
0.129313
0.699785
0.0211769
0.0260541
0.0210581
0.0196972
0.0210181
0.0201131
0.0210162
0.0211922
0.0213722
0.111968
0.0198434
0.166249
0.808535
0.0197529
0.0384723
0.0342615
0.0215365
0.021084
0.0211862
0.0211594
0.0209553
0.312559
0.019744
0.0209865
0.549956
0.0210463
0.0212288
0.0209495
0.038278
0.0213297
0.0213221
0.860834
0.0206256
0.0205582
0.0210078
0.0142848
0.0211922
0.0195706
0.0210465
0.0198454
0.684369
0.0246376
0.0209735
0.0471618
0.0197233
0.021166
0.0220514
0.409948
0.95887
0.0199792
0.0233044
0.0212476
0.0210842
0.0210121
0.0210525
0.188446
0.305868
0.0211616
0.0215406
0.0211757
0.0209319
0.0209944
0.0231755
0.0238569
0.86028
0.0211747
0.0224258
0.643486
0.0210649
0.0231444
0.0919326
1.66455
0.0205744
0.0208954
0.0206831
0.0210241
0.020928
0.303596
0.0209837
0.644165
0.103616
0.0216413
0.0231143
0.308874
0.0199889
0.420924
0.0875747
0.0503367
0.0234438
0.021137
0.021887
0.334971
0.0207904
0.0222813
0.0209053
0.0199772
0.0200485
0.0200988
0.0210774
0.788548
0.0213632
0.535231
0.359348
0.0619559
0.630112
0.0197183
0.0213424
0.0220888
0.155963
0.0211303
0.400494
0.0217386
0.0199711
0.0208859
0.293123
0.0208753
0.0247089
0.241845
0.020997
0.325505
0.0215101
0.039882
0.186193
0.0213405
0.0205467
0.0361585
0.0651511
0.0210828
0.0221039
0.0201555
0.0205728
0.0208215
0.281273
0.0209284
0.019828
0.0315508
0.0200746
0.322633
0.0213584
0.0211502
0.0210231
0.148964
0.0209082
0.0208432
0.963869
0.257281
0.258442
0.0212976
0.0200881
0.0304766
0.614682
0.0413517
0.219928
0.0229931
0.02316
0.0213378
0.0212102
0.0232668
0.0214879
0.0209957
0.0203514
0.0479468
0.0232791
0.0208751
0.0195772
0.0213192
0.0205375
0.0212493
0.0215683
0.544562
0.410076
0.0239705
0.110612
0.47231
0.0205799
0.0208971
0.0216214
0.0286098
0.0201238
0.0213688
0.0208659
0.0209246
0.0210916
0.0395201
0.0211471
0.486436
0.0212236
0.0207927
0.0519317
0.0286893
0.0214144
0.0208158
0.0208003
0.802917
0.243484
0.021305
0.0202007
0.0210409
0.020886
0.0211855
0.0209541
0.123673
0.0209638
0.0208
0.0367656
0.0204295
0.0515926
0.0231693
0.0209636
0.0212289
0.334907
0.552394
0.336973
0.853842
0.0231261
0.0217906
0.0215298
0.0212151
0.0262738
0.0207689
0.296265
1.03772
0.0219063
0.0368664
0.170603
0.0207915
0.263014
0.0260555
0.853099
0.0211222
0.0207384
0.0207509
0.0215021
0.0210286
0.475263
0.481012
0.169549
0.0210636
0.0208443
0.0208117
0.390631
0.0258356
0.0627755
0.0208331
0.021206
0.146673
0.0209453
0.230815
0.536617
0.0208221
0.0212172
0.0196873
0.0210714
0.271579
1.63002
0.0208112
0.0209756
0.0206035
0.3125
0.0211112
0.0225911
0.195327
0.0402596
1.09479
0.0214348
0.752017
0.0212058
0.0244962
0.0214336
0.0209906
0.0221686
0.0225556
0.0204205
0.02101
0.354139
0.0211268
0.0199908
0.309231
0.0197916
0.0209717
0.323352
0.0271267
0.0199718
0.0201758
0.0341424
0.063277
0.0369191
0.873928
0.0207548
0.83181
0.0209455
0.0240619
0.127922
1.44067
0.637564
0.0216109
0.867073
0.0282154
1.97087
0.0205584
0.020987
0.020175
0.0211356
0.0238243
0.0207279
0.0376441
0.0198751
0.0217825
0.0211761
0.447085
0.0212955
0.0356623
0.0238441
0.0242633
0.0195665
0.022873
0.0703145
0.0196798
0.0290518
0.021147
0.0721088
0.0212466
0.0305206
0.0485882
0.0217533
0.677435
0.0207485
0.203032
0.0231647
0.0216735
0.0212945
0.678676
0.021338
0.0208453
0.021162
0.0603959
0.0212959
0.0271487
0.116992
0.0251272
0.188306
0.0208064
0.0199645
0.841095
0.0349591
0.309845
0.365735
0.0207973
0.188124
0.43861
0.0357588
0.0206251
0.250617
0.262828
0.0207285
0.0207263
0.0197473
0.0400098
0.486802
0.338177
0.323091
0.0207586
0.0206135
0.021485
0.0201516
0.0208632
0.023189
0.0216864
0.0203391
0.163519
0.022069
0.0212022
0.0208782
0.259662
0.0475956
0.0205042
0.0230661
0.0213573
0.862043
0.0207391
0.357921
0.0212783
0.0292397
1.90999
0.0215885
0.734502
0.0203705
0.0197302
0.0207509
0.0207904
0.0205913
0.020775
0.0197284
0.743745
0.0231759
0.0209435
0.198963
0.0208209
0.0213139
0.0205918
0.971811
0.0208103
0.0219635
0.158191
0.0597654
0.0208753
0.0197359
0.907737
0.0210904
0.429458
2.03103
0.0213046
0.0214712
0.0289895
0.0379001
0.472586
0.0201375
0.0205914
0.0219658
0.0288206
0.0222615
0.281872
0.0746041
0.0207673
0.021552
0.0271942
0.0216155
0.0549938
0.222851
0.0205056
0.522772
0.0680265
0.0212518
0.0208774
0.0208214
0.0207989
0.0206034
0.0209437
0.0207064
0.0218476
0.0390423
0.0229207
0.0209073
0.0223515
0.0230843
0.0205358
0.020672
0.0899237
0.0220001
0.0227589
0.0205259
0.0216001
0.0205057
0.0199383
0.563999
0.0212941
0.0210354
0.0591257
0.504158
0.0254087
0.0208327
0.52478
0.0213156
0.103758
0.104951
0.0216957
0.392974
0.0206377
0.0202705
0.564788
0.0208088
0.0375857
1.39398
0.0318483
0.0231748
0.0836424
0.0212698
0.0207758
0.0218398
0.0206037
0.0745745
0.0397025
0.0208236
0.351208
0.766359
0.0196864
0.0206139
0.0446392
0.0274219
0.037984
0.0279047
0.213195
0.509655
0.0211213
0.711642
0.315574
0.0425047
0.408304
0.0205777
0.189888
0.0197241
0.0889001
0.0215625
0.0197462
1.00687
0.624782
0.0412078
0.0195947
0.0354097
0.0203604
0.0206249
0.114228
0.760459
0.0206376
0.0209763
0.0257411
0.0196925
0.0218065
0.0207491
0.303128
0.048491
0.0217248
0.0213377
0.222515
0.0836685
0.671262
0.0540431
0.0205458
0.321791
0.0209995
0.386813
0.0246942
0.0199618
0.640012
0.0213501
0.0341306
0.0213019
0.74388
0.0210158
0.021025
0.0202066
0.0212181
0.0204294
0.0215054
1.41213
0.592992
0.0205495
1.40926
0.0797937
0.0202908
0.0205175
0.539926
0.0317123
0.569559
0.220973
0.673795
0.0205173
0.0210916
0.0942147
0.0233023
0.15979
0.0282735
0.0205824
0.0211267
0.020455
0.0197562
0.0205362
0.0280439
0.0205261
0.324953
0.0208572
0.0213017
0.0598683
0.0197278
0.0279093
0.836649
0.0207558
0.0207387
0.0209089
0.0272572
0.0195948
0.0201228
0.0272599
0.158024
0.0217597
0.0214647
0.0258118
0.0204854
0.0208089
0.0211994
0.734205
0.0540534
0.244985
0.256067
0.0278658
0.0207395
0.0679974
0.0209728
0.0246923
0.0196022
0.0195808
0.0231591
0.0207697
0.504113
0.190649
0.0236137
0.579568
0.0267616
0.627609
0.060884
0.0199835
0.0336267
0.0223715
0.0480902
0.0212377
0.0204096
0.0200868
0.0280077
0.629526
0.374568
0.43394
0.0209306
1.83913
0.0205374
0.160211
0.331193
0.0204192
0.0210341
0.020783
0.832896
0.314254
0.0215158
0.0195829
0.198527
0.0212637
0.0959939
0.0213134
0.0206508
0.487456
0.297057
0.0204601
0.0235606
0.0206364
0.0231006
0.0213315
0.25699
0.0206709
0.021836
0.0550473
0.0212997
0.0208024
0.406441
0.0315143
0.0213384
0.0212363
0.0215211
0.0205496
0.0204395
0.0382604
0.446036
0.02079
0.0271435
0.0207791
0.0213274
0.0213131
0.0210551
0.277943
0.403052
0.0229933
0.149714
0.020721
0.0238621
0.0208059
0.021018
0.662948
0.0214263
0.058309
0.0206846
0.114752
0.0212629
0.108116
0.281736
0.0201731
0.020796
0.0394529
0.0296834
0.143178
0.379884
0.0586767
0.378935
0.0231657
0.0211547
0.161372
0.0207183
0.176952
0.019882
0.16175
0.0244826
0.0207719
0.0206922
0.0208117
0.0247727
0.324198
0.0208416
0.0375546
0.0207477
0.0417864
0.0204333
0.0227974
0.0301139
0.0204008
0.0627043
0.0227046
0.0201638
0.479604
0.024951
0.739269
0.0204216
0.424027
0.0205116
0.0201822
0.14156
0.0204093
0.664998
0.0199254
0.0207592
0.0204398
0.0231244
0.0574881
0.0207098
0.417882
0.0196633
0.0235046
0.0311246
0.020617
0.390501
0.0338892
0.0310153
0.101159
0.020892
0.0204983
0.838464
0.0204193
0.0203315
0.0205045
2.12878
0.330872
0.470496
1.6868
0.0200683
0.0209783
0.0201864
0.170293
0.0206161
0.298328
0.049403
0.0212027
0.0925823
0.325291
0.370154
0.0203424
0.0201354
0.0213737
0.0212207
0.0813493
0.418641
0.0202916
0.0211495
0.0206506
0.43799
0.0322364
0.0205759
0.055257
0.0209353
0.0211604
0.0196788
0.0200026
0.0721148
0.0413888
0.0204017
0.175413
0.204028
0.0197098
0.431745
0.0205472
0.0208562
0.178645
0.0202243
0.323067
0.0197576
0.0225678
0.710371
0.0197242
0.0200492
0.0208337
1.7815
0.0239872
0.612467
0.0678656
0.0217848
0.0230287
0.115187
0.0204741
0.899975
0.0446398
0.0205953
0.213794
0.162689
0.0315015
1.80809
0.0408328
0.0203326
0.421818
0.0257385
0.189773
0.193635
0.0204347
0.0202821
0.0207049
0.614508
0.0202657
0.0201102
0.0369846
0.0227939
0.0211946
0.0203216
0.0207821
0.0202506
0.0202255
0.0352143
0.0207892
0.296205
0.211644
0.0206563
0.0232877
0.020589
0.020345
0.118491
0.0976155
0.792804
0.533688
0.0204669
0.0206346
0.030168
1.57113
0.313783
0.0203619
0.369109
0.175633
0.0198707
0.0340203
0.0354086
0.0201071
0.0208027
0.0204516
0.0206401
0.0200559
0.0337598
0.620017
0.0205392
0.335465
0.0212039
0.0305562
0.0208739
0.0212827
0.0279599
0.0283201
0.0239699
0.0203018
0.0197668
0.0202541
0.020248
0.453464
0.0259872
0.215599
0.0567774
0.195006
0.0223542
0.0202704
0.0226788
0.0694902
0.0211346
0.37122
0.0217761
0.0197241
0.0228112
0.690485
0.0208949
0.0226435
0.0298345
0.8642
0.0428708
0.0202395
0.0231812
0.020669
0.406352
0.0206028
0.104341
0.0697197
0.0344133
0.0772642
0.0373739
0.0229334
0.0322179
0.0208306
0.0202769
0.0205099
0.0206453
0.319249
0.0205701
0.0205683
0.0213344
0.0206881
0.0201489
0.0394699
0.399032
0.309377
0.0201694
0.766605
0.329048
0.0542671
0.0205594
0.0202916
0.0210345
0.0201306
0.210637
0.026389
0.0202432
0.0275738
0.0205296
0.479231
0.0406944
0.0205622
0.823465
0.0320209
0.0203213
0.304134
0.452802
0.035358
0.0205505
0.0445133
0.345191
0.0196003
0.0204745
0.455292
0.0220794
0.0206699
0.422053
0.0210344
0.020325
0.0204499
0.0203022
0.395418
0.020135
0.0203041
0.33542
0.0366432
0.0204293
0.0206779
0.305346
0.0397615
0.020611
0.0235721
0.0203513
0.85871
0.283881
0.0214426
0.0201852
0.683443
0.558653
0.0210615
0.0200627
0.183693
0.0214067
0.0201548
0.739006
0.0208658
0.0839381
0.0204408
0.407913
0.223702
0.0709021
0.0670438
0.0203821
0.0344781
0.0205819
0.0223929
0.191812
0.0201184
0.0228598
0.01977
0.468871
0.0206524
0.0203115
0.0199256
0.0204138
0.020176
0.0200757
0.0363072
0.0213401
0.0523763
0.0218326
0.0196547
0.0220973
0.142505
0.0205106
0.0135896
0.0202384
0.0209967
0.538623
0.0203134
0.448931
0.0231484
0.027371
0.0200371
0.0200926
0.0216251
0.0213927
0.0201753
0.0223406
0.020787
0.0706483
0.0201122
0.0207521
0.0204863
0.446206
0.427378
0.0210137
0.253098
0.0205155
0.0353393
0.021845
0.0201869
0.311013
0.0207282
0.0198553
0.350194
0.784323
0.0226673
0.319252
0.0213139
0.398567
0.0299756
0.0212809
0.242638
0.313607
0.0203816
0.454977
0.0591226
0.0211459
0.0201737
0.0225624
0.412911
0.194723
0.407626
0.319295
0.0211486
0.0201395
0.0392186
0.0298341
0.0206959
0.019733
0.02079
0.0223951
0.0201915
0.0200579
0.0222261
0.0480507
0.0200166
0.412363
0.461946
0.128599
0.145904
0.0200798
0.0200828
0.154547
0.0298905
0.0385268
0.0231417
0.441942
0.0200122
0.336856
0.244023
0.0201505
0.0205242
0.0206688
0.0203014
0.301194
0.0204592
0.0200648
0.129334
0.0521519
0.0204602
0.050891
0.398979
0.0201241
0.348797
0.408575
0.0204106
0.02027
0.0205118
0.27312
0.0210218
0.174946
0.0212694
0.0201102
0.320994
0.020024
0.175745
0.307686
0.0200218
0.329389
0.31109
0.126054
0.02051
0.0201171
0.0200446
0.477073
0.0202663
0.412318
0.771147
0.304351
0.0225136
0.0247708
0.0208944
0.0210093
0.0265164
0.324189
0.0201615
0.336118
0.149359
0.0977725
0.0197326
0.306411
0.0192242
0.10349
0.298145
0.0200434
0.020404
0.385931
0.0205035
0.0200392
0.303371
0.0208607
0.0211441
0.41497
0.718847
0.0200538
0.0203521
0.293203
0.291996
0.350481
0.469414
0.0196918
0.0393239
0.0202171
0.019914
0.321356
0.0201843
0.0201928
0.0197439
0.324416
0.0196669
0.0196952
0.137216
0.0201507
0.0206712
0.0204978
0.0223627
0.0202598
0.29384
0.389182
0.0201233
0.0202179
0.0204467
0.0197749
0.0199316
0.0200674
0.0202646
0.0204791
0.0197158
0.0203606
0.282897
0.0201565
0.0204013
0.0205525
0.0196561
0.52089
0.0196927
0.0200955
0.13142
0.0269293
0.0218386
0.252012
0.020963
0.0197779
0.0201313
0.196896
0.020264
0.0290255
0.0221194
0.356992
0.0209269
0.0199235
0.15208
0.0357679
0.350481
0.0277121
0.0600126
0.0199464
0.019641
0.0278272
0.0205496
0.185743
0.319058
0.0212225
0.0210653
0.019906
0.152681
0.0198914
0.0197277
0.0205826
0.0382241
1.68853
0.307557
0.0200954
0.0202934
0.0202821
0.367636
0.0258682
0.0206841
0.0212241
0.0223432
0.0202776
0.0429401
0.0220411
0.166308
0.0577801
0.0201394
0.0201773
0.0216663
0.291917
0.0199562
0.0198439
0.0219436
0.0231616
0.377514
0.0200637
0.0211586
0.0202925
0.0217001
0.0197839
0.0209237
0.103537
0.437807
0.0201682
0.0220208
0.0202995
0.0215682
0.0205067
0.0201164
0.297341
0.0227595
0.0196679
0.268711
0.0216653
0.0287221
0.0210546
0.0220727
0.144195
0.0209218
0.260392
0.0204573
0.0197734
0.0861781
0.285466
0.175247
0.0211166
0.0206526
0.0201462
0.0209415
0.0526995
0.0201805
0.022032
0.127287
0.020085
1.04115
0.0198509
0.0198329
0.0205898
0.0201536
0.0489812
0.0210745
0.0200088
0.0221742
0.0204498
0.022566
0.0198331
0.0205441
0.0203946
0.0289408
0.445469
0.0203324
0.0199675
0.0202614
0.422952
0.0329167
0.396382
0.0199352
0.0207161
0.291799
0.0204728
0.019678
0.417296
0.207823
0.0203629
0.265286
0.0199663
0.0610691
0.665784
0.0994683
0.0803703
0.0203147
0.0201611
0.0199993
0.0198933
0.0214475
0.0196488
0.0201593
0.0197187
0.0243335
0.208262
0.0229974
0.0210084
0.0200954
0.0210399
0.0364517
0.140247
0.0199023
0.0205137
0.0199823
0.0206483
0.0250003
0.0200332
0.0201212
0.0229849
0.310621
0.410979
0.0199347
0.151023
0.0479369
0.0199178
0.0215766
0.0198696
0.304259
0.0198597
0.296086
0.0431121
0.109908
0.331136
0.0294199
0.0222309
0.0789623
0.0199889
0.310073
0.262313
0.253019
0.0342269
0.0209595
0.341135
0.0200963
0.0205296
0.0458272
1.50682
0.0223139
0.372554
0.0201705
0.0212991
0.0199723
0.29859
0.0197633
0.0202499
0.264553
0.0251331
0.334713
0.0201575
0.316337
0.0200029
0.0221051
0.0231038
0.0340119
0.0195759
0.0200599
0.0412781
0.0208315
0.027957
0.0217765
0.152043
0.341635
0.0210783
0.904471
0.026761
0.0206824
0.0207603
0.440262
0.214831
0.318281
0.0281801
0.0210626
0.019679
0.148632
0.10083
1.57806
0.0203124
0.0319073
0.0246832
0.0219521
0.0207218
0.0201291
0.0229929
0.0197507
0.0198621
0.0208958
0.0201189
0.0240475
0.0202819
0.0206107
0.0206667
0.0201116
0.0200172
0.0197569
0.0203909
0.0242324
0.020476
0.336374
0.898945
1.90228
0.0211281
0.43311
0.0267834
0.0203846
0.0197618
0.0203135
0.446044
0.020458
0.419277
0.0427101
0.0218079
0.0213743
0.0229232
0.0200561
0.0249686
0.0229727
0.319023
0.0217889
0.289061
0.0223777
0.213253
0.0197591
0.0213381
0.0206638
0.242304
0.020201
0.0210466
0.0201003
0.0197472
0.411821
0.154056
0.019998
0.0203898
0.0199785
0.0201632
0.0197664
0.292091
0.020197
0.0196765
0.26012
0.0209203
0.0204783
0.0230051
0.0198811
0.124308
0.0204662
0.0209459
0.0202298
0.0197088
0.0201222
0.0196676
0.0223401
0.441217
0.0197088
0.0217594
0.0203822
0.358747
0.0219081
0.0217171
0.0286443
0.0201497
0.0216289
0.0219953
0.0200117
0.0200661
0.0195611
0.0348098
0.0203775
0.0197735
0.0197466
0.0197499
0.282136
0.0202286
0.0210292
0.0204382
0.0210773
0.0531476
0.019757
0.0207682
0.337541
0.2865
0.0197265
0.300939
0.0196945
0.0211909
0.0238462
0.0582907
0.293334
0.425293
0.020076
0.01972
0.0207691
0.252887
0.0196463
0.0199223
0.0200594
0.0197163
0.0215678
0.0197099
0.0215247
0.0201081
0.0204315
0.0198102
0.0244631
0.0197006
0.0197784
0.323859
0.0200995
0.020504
0.0196959
0.0197367
0.019824
0.0196846
0.0198199
0.398918
0.0196897
0.0205065
0.0212677
0.0196613
0.264436
0.0197071
0.0195781
0.0223519
0.0202001
0.0196572
0.0198175
0.019735
0.0197561
0.972267
0.0389302
0.0199288
0.022927
0.0229542
0.0202598
0.136701
0.021438
0.0200589
0.0197749
0.322174
0.0198728
0.0204207
0.0198185
0.0203228
0.0226153
0.0201002
0.0316815
0.0229743
0.0209274
0.0218063
0.0199118
0.204913
0.107935
0.019676
0.0209885
0.215505
0.0157885
0.26881
0.0450362
0.0205344
0.0200763
0.135211
0.0197093
0.021147
0.0210981
0.0230308
0.298619
0.0204695
0.0197864
0.0202046
0.0200847
0.421309
0.0223532
0.020942
0.0204456
0.0206564
0.0196479
0.0228775
0.0207385
0.0199319
0.453881
0.0211685
0.0212753
0.0201289
0.0197725
0.150823
0.0211596
0.0197595
0.0225201
0.0200004
0.0199574
0.0213908
0.0198252
0.0208721
0.372226
0.0196606
0.0681507
0.0207498
0.0198363
0.0201232
0.0709242
0.0209118
0.0202545
0.0199262
0.450785
0.0197633
0.0200012
0.340462
0.107039
0.0197419
0.279788
0.212343
0.0205154
0.0198317
0.288565
0.020166
0.123046
0.0202498
0.0200558
0.0214484
0.0210786
0.0212859
0.0208857
0.0204407
0.0208366
0.238107
0.0197076
0.187525
0.0219724
0.0212302
0.0229317
0.0198395
0.020162
0.0261378
0.01987
0.020456
0.021281
0.0218224
0.0197888
0.0215713
0.0226307
0.0197288
0.0216947
0.0205272
0.0197171
0.0201073
0.0205147
0.544641
0.137507
0.290684
0.0197572
0.0196766
0.0197103
0.184588
0.0204092
0.347716
0.0202557
0.325891
0.137882
0.390262
0.0196719
0.509964
0.0204721
0.0301118
0.0220472
0.0200411
0.0330657
0.0208097
0.0196369
0.0206974
0.0196604
0.0196618
0.0199494
0.0224555
0.318056
0.0205599
0.0231187
0.0196597
0.0197753
0.0205984
0.977876
0.0373167
0.124706
0.0202874
0.0196768
0.0701743
0.0196931
0.122975
0.0202314
0.0209433
0.0206635
0.0204146
0.0210377
0.0208118
0.0198882
0.0199155
0.293534
0.286393
0.0195498
0.020639
0.0197196
0.372201
0.0197424
0.0202529
0.0195795
0.0196957
0.0226446
0.0226905
0.0220352
0.0202726
0.0882916
0.249113
0.0216225
0.0206022
0.0197538
0.0195585
0.0198159
0.0207058
0.0199133
0.0195625
0.0396099
0.0226397
0.0226169
0.019626
0.259041
0.0198033
0.0201641
0.0199428
0.0199665
0.0198493
0.0292452
0.0196435
0.610796
0.0237125
0.0196442
0.0195893
0.020738
0.0207934
0.369882
0.0213429
0.0196369
0.0202829
0.0200971
0.022618
0.0226102
0.216183
0.0196956
0.0228776
0.0206062
0.0199457
0.0207764
0.0226683
0.0200391
0.019956
0.0199038
0.0197928
0.0225955
0.0206842
0.0334135
0.0213306
0.0197905
0.326101
0.0225538
0.0198905
0.50793
0.0196784
0.616468
0.347378
0.0207817
0.0229567
0.0203731
0.0197311
0.0226297
0.02014
1.51416
0.0201906
0.0201027
0.0196318
0.323714
0.0242209
0.0195449
0.0203409
0.020629
0.0225885
0.0202965
0.335101
0.411442
0.0215696
0.0217887
0.0200842
0.0197402
0.0218439
0.0204006
0.0229928
0.0220369
0.0197132
0.0207822
0.0208144
0.421885
0.0196604
0.020248
0.331347
0.0226624
0.0195584
0.0206589
0.0197329
0.329924
0.0276702
0.0197651
0.0195799
0.0206365
0.019729
0.0200988
0.327109
0.0197125
0.267003
0.0226615
0.14767
0.0157759
0.0209114
0.0229032
0.0229346
0.270841
0.235637
0.0484294
0.0224155
0.019549
0.0200746
0.0205857
0.332783
0.0195703
0.318214
0.281266
0.0229783
0.0230993
0.0228119
0.0228378
1.51354
0.330802
0.01965
0.0200307
0.0199127
0.0205843
0.0201559
0.0229932
0.0206771
0.0228082
0.0228569
0.0197105
0.0196407
0.0969565
0.0202723
0.0197911
0.020351
0.0198969
0.0198123
0.0208224
0.0229041
0.0197542
0.0229098
0.0788409
0.020732
0.0195194
0.0195217
0.0247553
0.838685
0.020714
0.0195741
0.0210542
0.0196903
0.145487
0.0203088
0.02033
0.34427
0.02073
0.0195512
0.0204876
0.0196176
0.0226038
0.0196651
0.0196248
0.0229479
0.0200833
0.0200323
0.0195632
0.0205812
0.0226954
0.019543
0.296563
0.0762473
0.0196358
0.0207463
0.0198609
0.322828
0.0205862
0.0196045
0.0196442
0.120507
0.278106
0.021394
0.0229742
0.0230058
0.0229433
0.0229028
0.0230032
0.0229741
0.0230178
0.0229931
0.0230478
0.022952
0.0230207
0.0230428
0.0229486
0.022737
0.0227486
0.0227493
0.0227237
0.21811
0.0228884
0.0228992
0.0230287
0.0228589
0.0228509
0.0230395
0.0227081
0.022855
0.0230343
0.0194988
0.0195003
0.0228402
0.0227656
0.029139
0.211664
0.237272
0.0206989
0.0199595
0.0195942
0.0195185
0.019488
0.0198017
0.0229204
0.0228809
0.0228293
0.0226262
0.0226155
0.0226436
0.0227067
0.0227137
0.0227435
0.022866
0.0230124
0.0229916
0.0568716
0.0229931
0.173832
0.0215285
0.0226198
0.0230154
0.0229231
0.0229041
0.0227571
0.0230373
0.0229237
0.0199429
0.0229221
0.0230165
0.0207261
0.0204096
0.169862
0.0203073
0.020111
0.0201931
0.0205753
0.0204718
0.0185758
0.019667
0.020638
0.765166
0.0471081
0.0208879
0.472877
0.0198915
0.0196617
0.0209778
0.317499
0.357979
0.0197203
0.0197274
0.0197047
0.514429
0.0198087
0.0215305
0.0198071
0.0200827
0.0231612
0.433723
0.0219516
0.0197343
0.0197919
0.0207014
0.0210246
0.0196652
0.0197417
0.0231623
0.325881
0.0208611
0.0198064
0.0195963
0.0884901
0.0196769
0.0197849
0.0199699
0.0149171
0.051517
0.0509381
0.0202242
0.0373043
0.020588
0.0410365
0.0531634
0.0197257
0.034312
0.0198695
0.079166
0.0207684
0.0369127
0.344703
0.01956
0.0199577
0.566111
0.0196815
0.0346855
0.198812
0.0198508
1.01032
0.0207509
0.0204277
0.0198142
0.0204172
0.0201782
0.0198421
0.0196794
0.0197673
0.0198835
0.0200639
0.145913
0.0245171
0.379502
0.332331
0.0199637
0.0196183
0.0365681
0.0200355
0.019763
0.0197467
0.0205427
0.0199909
0.0204246
0.0197153
0.0206265
0.0198701
0.022607
0.0197762
0.0204312
0.0197922
0.929245
0.0201247
0.0238088
0.0196462
0.0204983
0.0202979
0.0200443
0.0207702
0.0407452
0.0220136
0.021087
0.0200387
0.0195659
0.0195364
0.0195413
0.0204531
0.27395
0.0201205
0.0196544
0.0198347
0.0204719
0.108093
0.0208102
0.0198207
0.0304675
0.0199039
0.0211755
0.580671
0.020604
0.097091
0.0205055
0.0197703
0.020086
0.0281516
0.0203896
0.021171
0.0198759
0.0198286
0.0280177
0.0276274
0.0199444
0.0196483
0.0196137
0.0201512
0.0196968
0.0197062
0.0209957
0.0196304
0.0204171
0.0208385
0.0274419
0.0217495
0.0201025
0.0196293
0.0285241
0.0196288
0.0199169
0.021386
0.019546
0.135192
0.0200734
0.0198215
0.0212044
0.0213621
0.021002
0.0197821
0.0196114
0.367976
0.0197902
0.0203988
0.0200902
0.0195456
0.0202767
0.0212865
0.0203194
0.0196598
0.021655
0.0205023
0.0201463
0.0221218
0.0200038
0.0204136
0.0209713
0.336299
0.0263346
0.0225023
0.899589
0.019567
0.0201837
0.0199232
0.0198264
0.0200063
0.0202083
0.0196143
0.0195288
0.0201072
0.00728179
0.0214241
0.0199015
0.0199173
0.0200886
0.019964
0.361611
0.020392
0.0209154
0.0201418
0.0195804
0.019681
0.0413793
0.0202418
0.01974
0.0201432
0.0196271
0.0197956
0.353822
0.0215988
0.0195371
0.0196929
0.0210874
0.0257714
0.0203446
0.0199252
0.0196299
0.0219589
0.0195546
0.0214803
0.0197566
0.0204605
0.0197765
0.0196441
0.0221687
0.0198279
0.0198382
0.0200425
0.0196106
0.0196289
0.0198467
0.020793
0.0569063
0.0196232
0.0223387
0.0196347
0.0200705
0.0197006
0.0199066
0.0200915
0.020585
0.0248579
0.0215545
0.026083
0.0198059
0.0196044
0.0198915
0.0196593
0.0197396
0.0198917
0.0208571
0.0207523
0.0197414
0.0213877
0.0199337
0.0196183
0.625014
0.021081
0.0201844
0.019656
0.0237856
0.0239951
0.0202101
0.0207051
0.0196967
0.10051
0.0201062
0.524623
0.0195994
0.0197578
0.210219
0.0295002
0.0205102
0.0202947
0.0201763
0.0196285
0.0204599
0.0204299
0.0202622
0.289958
0.0198667
0.0197126
0.321269
0.0216476
0.0204307
0.022502
0.019616
0.0207033
0.0213994
0.0223562
0.0203261
0.0201809
0.0207475
0.0198744
0.330316
0.0196042
0.0196832
0.0200566
0.0217124
0.020561
0.0206951
0.020949
1.51282
0.0201178
0.0214205
0.0197519
0.0199055
0.0222287
0.0198239
0.0233186
0.0197176
0.0201307
0.0204087
0.019842
0.0195306
0.091925
0.0204925
0.0200558
0.0208056
0.321046
0.312891
0.33695
0.0198582
0.019717
0.0204683
0.0199821
0.0210212
0.0217714
0.0207901
0.0197975
0.0199495
0.0198486
0.0232281
0.0198482
0.0218081
0.0195597
0.0254499
0.0203133
0.0198409
0.0203599
0.0208298
0.0208098
0.0219867
0.020937
0.0197412
0.0200164
0.0200881
0.496932
0.0220506
0.0199843
0.0195249
0.0203456
0.020376
0.0195787
0.020066
0.614118
0.0219461
0.0204531
0.0204225
0.0196284
0.0200573
0.021733
0.019853
0.0200378
0.0254755
0.0204441
0.0205319
0.0199543
0.0431922
0.0197607
0.0204638
0.0234797
0.0763457
0.0198151
0.437978
0.019583
0.0207602
0.0218444
0.0228556
0.0198375
0.0236013
0.0247999
0.0211095
0.0196973
0.0207491
0.0196753
0.458498
0.0196035
0.0195882
0.0196439
0.0199675
0.0196081
0.021539
0.0207065
0.0214777
0.0265053
0.0195687
0.0225803
0.705098
0.021403
0.0213476
0.0202779
0.0197958
0.0222287
0.0196036
0.0198601
0.0196115
0.0196218
0.142878
0.0201777
0.0208975
0.0213541
0.0211347
0.0369004
0.0196878
0.0206479
0.0197049
0.0195282
0.0201986
0.02008
0.0201109
0.0205099
0.0214285
0.337249
0.0196232
0.0197366
0.0202231
0.019611
0.0388809
0.0205591
0.0198373
0.0202643
0.0905524
0.020108
0.0204293
0.0208545
0.359291
0.0212856
0.0197414
0.211842
0.0205268
0.0207975
0.0206892
0.351415
0.106951
0.0197521
0.0196167
0.0199447
0.0199775
0.0212583
0.0197339
0.0207285
0.0212335
0.291518
0.173267
0.0203626
0.0312612
0.332149
0.0196158
0.0205854
0.0196117
0.0212229
0.0200844
0.020032
0.0209669
0.0842369
0.0357332
0.019921
0.0196625
0.0198246
0.114057
0.020996
0.0208307
0.0197929
0.0197934
0.0216946
0.0202033
0.0197073
0.436767
0.140093
0.161432
0.0196478
0.0209246
0.0198868
0.0211721
0.280809
0.0204599
0.267216
0.291481
0.0214705
0.021237
0.020422
0.0196982
0.0200947
0.0214947
0.0207623
0.019938
0.0202236
0.318143
0.0207865
0.0209126
0.283312
0.0253647
0.0203897
0.0209226
0.0203927
0.363727
0.277295
0.352141
0.334812
0.326497
0.30086
0.242479
0.27015
0.020589
0.41955
0.0217175
0.0197732
0.0207039
0.0207895
0.0205876
0.0197854
0.0211684
0.251058
0.0280438
0.0196701
0.0196073
0.0198503
0.0202215
0.0198803
0.0297343
0.0242962
0.0200867
0.34048
0.0249704
0.0203078
0.0199772
0.0205219
0.0210797
0.0199192
0.0204439
0.0208014
0.0215904
0.408039
0.0198532
0.0808748
0.0205711
0.0199724
0.325043
0.021974
0.021142
0.0200297
0.253009
0.0207894
0.0196162
0.348581
0.0198981
0.0208647
0.020286
0.266031
0.0202944
0.0205048
0.0201427
0.0201705
0.0196827
0.0579932
0.0196919
0.0217107
0.0211158
0.0199866
0.0196603
0.0203563
0.0210641
0.34908
0.0262261
0.0214929
0.015747
0.0198015
0.324223
0.0201225
0.0210924
0.0202628
0.0203236
0.0236089
0.019643
0.0205859
0.0198936
0.395727
0.0196385
0.0724723
0.0443125
0.0252214
0.0200542
0.233952
0.023042
0.019723
0.0219469
0.0198734
0.0222435
0.0202762
0.0214499
0.0206787
0.0273635
0.0230607
0.0219357
0.0197129
0.0207919
0.0211887
0.0206131
0.0187022
0.0602869
0.0204446
0.0202773
0.0202762
0.173006
0.110564
0.236047
0.0198546
0.324382
0.0199131
0.0202283
0.0700261
0.0231296
0.324727
0.0207979
0.0257611
0.0199939
0.0199182
0.275981
0.183169
0.0210365
0.346682
0.126361
0.320708
0.314486
0.310819
0.0221682
0.286154
0.0198549
0.02204
0.176225
0.0209537
0.243129
0.274514
0.0210535
0.0200691
0.0198928
0.151587
0.3298
0.0551674
0.0203242
0.0198242
0.0199518
0.0246702
2.2023
0.413112
0.0420878
0.0211435
0.0210719
0.42381
0.019919
0.330476
0.0201283
0.0254173
0.0198898
0.0205456
0.0231704
0.0212732
0.0779829
0.0198293
0.020075
0.019855
0.188387
0.0203657
0.0199509
0.0293652
0.0207587
0.0204042
0.190898
0.0203386
0.0198638
0.109137
0.0295214
0.0200913
0.0218648
0.0200469
0.312612
0.0200528
0.343706
0.0213896
0.01999
0.0200952
0.020581
0.205998
0.036148
0.333309
0.0787719
0.0205924
0.0237843
0.0207213
0.102051
0.0200125
0.0200102
0.0198529
0.317199
0.0196601
0.0244877
0.0204376
0.019988
0.0214503
0.0812779
0.0386988
0.025284
0.0200787
0.0198555
0.0199251
0.144031
0.0209273
0.0252687
0.242139
0.0203946
0.0204345
0.107486
0.215451
0.0199673
0.0209139
0.0203881
0.0254647
0.101361
0.0198627
0.020411
0.984384
0.492173
0.020646
0.0199228
0.0242689
0.0209269
0.0203583
0.0209351
0.0204575
0.361822
0.0202766
0.479057
0.0207538
0.295656
0.0226238
0.286321
0.358437
0.0199664
0.362191
0.0199619
0.344606
0.330383
0.325076
0.0206371
0.0229076
0.279434
0.022076
0.274717
0.243981
0.411221
0.0207281
0.0198852
0.0198667
0.020101
0.0225178
0.0201786
0.102003
0.0232182
0.0206188
0.0197837
0.0316725
0.020359
0.308658
0.33643
0.0921133
0.422858
0.0209675
0.0228841
0.0205168
0.020442
0.0215033
0.0948324
0.0197383
0.0198375
0.0199032
0.228742
0.0200189
0.235826
0.0205369
0.0201623
0.0201144
0.0237288
0.0203005
0.321273
0.0206366
0.0203086
0.0204691
0.315013
0.309595
0.305796
0.0201961
0.021182
0.0213739
0.260046
0.27343
0.0201783
0.0204149
0.0212407
0.347803
0.0200432
0.0206278
0.0201978
0.0201515
0.278654
0.0209288
0.0203996
0.026679
0.414012
0.0213958
0.029179
0.020259
0.430277
0.0314998
0.0205375
0.358673
0.0197928
0.0203259
0.0199923
0.0219357
0.0199329
0.0199663
0.721107
0.0202493
0.0197817
0.0204937
0.0200664
0.0200695
0.0200879
0.020117
0.349977
0.401992
0.0207506
0.0204796
0.0226811
0.0218204
0.0197805
0.0213716
0.477331
0.0206598
0.0284563
0.0204024
0.0774364
0.019782
0.022367
0.019796
0.0210451
0.020363
0.0197084
0.0446493
0.0208059
0.0271516
0.434233
0.0206372
0.0203321
0.394748
0.126775
0.0206561
0.285175
0.342943
0.0202814
0.0203099
0.020507
0.0203747
0.0228025
0.0196751
1.59005
0.0202334
0.0209294
0.0203607
0.0204805
0.336757
0.0495323
0.020714
0.0204503
0.610852
0.11859
0.0202383
0.0201213
0.02108
0.0459315
0.0202228
0.0208505
0.0201127
0.0199935
0.0199374
0.0202485
0.0205914
0.0198089
0.0201009
0.0197852
0.0205119
0.0199123
0.0199452
0.0199418
0.0211619
0.0200328
0.290858
0.602892
0.0207938
0.0201425
0.0214127
0.0204532
0.0199358
0.261933
0.345195
0.0199381
0.0262178
0.0199421
0.0199361
0.0228372
0.0196146
0.0202677
0.313307
0.0199625
0.0196491
0.0205396
0.349885
0.0206615
0.512742
0.507086
0.0202379
0.02015
0.0197907
0.0361658
0.0212696
0.0212638
0.0224066
0.749169
0.0204664
0.0207564
0.0202284
0.0209604
0.0202758
0.0232469
0.825399
0.0335992
1.58241
0.0217043
0.0200015
0.0203041
0.019922
0.289441
0.0200048
0.347369
0.0202093
0.0214116
0.0199347
0.020363
0.444996
0.0199859
0.0199711
0.0199503
0.0231017
0.0285684
0.0199834
0.0199242
0.0220728
0.0203869
0.0210978
0.0979622
0.0209033
0.0202203
0.310718
0.348968
0.295493
0.0207391
0.300948
0.028395
0.0202392
0.0213558
0.0199858
0.0209344
0.0197982
0.0206222
0.0199568
0.0206668
0.422969
0.0204165
0.337059
0.0210051
0.0233726
0.465768
0.0202279
0.0205146
0.362739
0.0205113
0.0206354
0.0497419
0.0196606
0.880025
0.0196974
0.0203947
0.450802
0.0198181
0.020746
0.0205616
0.374282
0.0204476
0.023505
0.0541898
0.0213169
0.258861
0.0219798
0.019958
0.0202989
0.0203895
0.0206732
0.0199555
0.0200276
0.0201173
0.021972
0.0211794
0.0494739
0.265144
0.0203999
0.0203981
0.0200261
0.020443
0.728222
0.0202943
0.283188
0.136091
0.046369
0.0202075
0.0252526
0.0203824
0.114062
0.026083
0.0208795
0.0239091
0.0198173
0.0201332
0.0272262
0.020563
0.0201643
0.568919
0.761149
0.0212219
0.679654
0.0204516
0.0200854
0.181122
0.0222234
0.425517
0.0213937
0.0205623
0.0200106
0.896376
0.0204811
0.309716
0.0235995
0.0196854
0.0200242
0.0198057
0.0200702
0.0214533
0.360249
0.0203256
0.0214122
0.0225674
0.0200379
0.020692
0.0207383
0.17694
0.0203691
0.0206502
0.0203762
0.0203875
0.426609
0.0200046
0.0199549
0.0209402
0.0202781
0.0204796
0.0193302
0.0200242
0.0213011
0.233295
0.0200995
0.02053
0.306494
0.0200373
0.0203142
0.0800261
0.02087
0.0202185
0.0206159
0.305555
0.0206848
0.0208244
0.339916
0.0197914
0.020368
0.0203762
0.0200558
0.0749507
0.0200872
0.0202269
0.0205353
0.0198417
0.464879
0.326623
0.0200865
0.0206491
0.020897
0.0198871
0.0202139
0.021193
0.0200941
0.0211153
0.0204366
0.0205567
0.0199708
0.274816
0.0204004
0.0203606
0.277471
0.33951
0.0324561
0.0202408
0.0207558
0.0204491
0.282668
0.0206493
0.0386603
0.576459
0.411412
0.245716
0.710017
0.0201073
0.0204118
0.0321667
0.0214806
0.468901
0.612031
0.019841
0.0202912
0.0201889
0.0204581
0.0198073
0.0203897
0.0199317
0.0209535
0.0211823
0.0325064
0.0198285
0.0945221
0.285944
0.0200358
0.307959
0.0196352
0.0199939
0.0208312
0.0201028
0.0203715
0.0197787
0.0215474
0.0215103
0.0200672
0.0204909
0.0211356
0.0204252
0.0207055
0.0212176
0.0204472
0.0200139
0.314813
0.679637
0.0204028
0.0203444
0.0199705
0.35441
0.0823388
0.0200623
0.0244931
0.0207918
0.0217313
0.022446
0.319767
0.0206448
0.0744924
0.26644
0.0359018
0.196985
0.412142
0.664797
0.0202063
0.0206226
0.020141
0.0295181
0.020041
0.0202654
0.0224358
0.0203413
0.0354067
0.0204214
0.480123
0.0205535
0.0200632
0.0201908
0.0198488
0.515936
0.0212664
0.0201755
0.0199195
0.0608575
0.0253861
0.0261653
0.0202079
0.0203912
0.331107
0.0205664
0.239603
0.0195932
0.0207697
0.279479
0.0255485
0.0893574
0.0207316
0.0300872
0.0207339
0.0202189
0.0211748
0.0200294
0.0209806
0.0204523
0.0208103
0.395264
0.0600822
0.119477
1.39502
0.0207714
0.0207957
0.0202526
0.019635
0.0279022
0.0204928
0.0203993
0.0196249
0.0203861
0.0202078
0.0205212
0.734781
0.516864
0.441294
0.0264003
0.0208322
0.0202072
0.0202138
0.0202388
0.365783
0.0210763
0.717041
0.0226973
0.261472
0.0199524
0.0205753
0.514401
0.0204375
0.020229
0.0213679
0.0209061
0.0201581
0.0202371
0.020079
0.0200698
0.0198895
0.0203807
0.0200386
0.0202912
0.363785
0.0201215
0.0202894
0.0207094
0.0199911
0.0202617
0.0211167
0.492104
0.02054
0.0205061
0.0203552
0.412858
0.0372216
0.024636
0.743227
0.0203756
0.020433
0.0203529
0.0206779
0.0204864
0.0205212
0.0202245
0.020276
0.0203515
0.0382535
0.0205898
0.0200335
0.498868
0.0204141
0.020743
0.972642
0.0209101
0.02233
0.464631
0.0199887
0.0213709
0.02062
0.363246
0.637602
0.618214
0.0204803
0.0202996
0.0202919
0.020553
0.0203206
0.0203505
0.021051
0.023782
0.0212222
0.0228829
0.20036
0.020052
0.0213098
0.02219
0.354052
0.0201586
0.265598
0.0203157
0.0204014
0.0195487
0.0200126
0.456849
0.020697
0.0202741
0.0202922
0.0204076
0.0214495
0.329069
0.0200233
0.0205337
0.0211022
0.433616
0.0210513
0.0227443
0.505853
0.47267
0.0203916
0.0203953
0.308853
0.0202971
0.0203131
0.0348098
0.0210762
0.0203731
0.0200525
0.0205194
0.432458
0.023689
0.0213674
0.0204366
0.0199518
0.0203871
0.0216632
0.0203677
0.021188
0.0203089
0.023088
0.235625
0.0203582
0.0204591
0.0203444
0.354095
0.0212505
0.678524
0.357366
0.0205521
0.0205741
0.0199681
0.501042
0.0206449
0.924387
0.0203906
1.61004
0.0203325
0.324678
0.0363383
0.0205392
0.0212138
0.387777
0.0204969
0.021522
0.0211237
0.149549
0.0204825
0.0203355
0.0203551
0.0202992
0.0289292
0.0204264
0.0204386
0.0205023
0.496618
0.0261696
0.020671
0.020998
0.216211
0.0205126
0.880633
0.021444
0.359977
0.0261461
0.363264
0.0199522
0.336574
0.0200735
0.0203738
0.276032
0.0206038
0.0206566
0.0207138
0.0230769
0.0211731
0.0201723
0.0203213
0.0238432
0.0202431
0.0216884
0.0302169
0.0195833
0.243468
0.0204939
0.400004
0.0212297
0.0213405
0.0200527
0.537364
0.0206275
0.0235408
0.0203793
0.0214627
0.0211849
0.0222789
0.0201903
0.0195965
0.0204616
0.0201561
0.0260076
0.589616
0.0202431
0.0207697
0.0283264
0.0204703
0.0210902
1.74215
0.0203156
0.0207153
0.507635
0.0405862
0.0203738
0.0206582
0.0213701
0.0215959
0.0203779
0.021331
0.0258076
0.533913
0.0204216
0.390656
0.0207822
0.0206623
0.0206112
0.0207378
0.528996
0.603401
0.0257538
0.0211306
0.0204758
0.0209385
0.0203958
0.0203412
0.0205561
0.460214
0.0201662
0.0195919
0.0203717
0.0210112
0.309714
0.0216203
0.0203922
0.0210401
0.0202287
0.0203564
0.0203953
0.47071
0.0211905
0.489061
0.0235097
0.0201205
0.0259617
0.0201438
0.0225609
0.0214424
0.0916253
0.274289
0.0198854
0.0204142
0.0233906
0.0266716
0.811033
0.761162
0.0204089
0.360634
0.0205853
0.0209016
0.0203266
0.0375368
0.020853
0.0236933
0.0205048
0.0214028
0.433862
0.021276
0.445948
0.0203244
0.253991
0.0655199
0.0201693
2.40674
0.0211197
0.41357
0.0228201
0.235347
0.0202136
0.021298
0.0202866
0.0213121
0.0206709
0.451435
0.0207179
0.0198055
0.0208616
0.0202758
0.0641207
0.0207395
0.0210037
0.0204264
0.0240387
0.020606
0.0211099
0.0206129
0.0205198
0.0199352
0.0208586
0.020591
0.0213467
0.0211552
0.0205814
0.357419
0.0211108
0.0204611
0.0204749
0.59705
0.354992
0.0204895
0.0199059
0.0213731
0.021869
0.331291
0.0213779
0.020002
0.224788
0.0202248
0.0202152
0.0207937
0.0213055
0.0209468
0.537195
0.021933
0.0205767
0.0206979
0.0212518
0.0206407
0.0202538
0.0204728
0.0203681
0.0211386
0.0207721
0.020795
0.020828
0.0203425
0.0318947
0.0206679
0.0205245
0.492311
0.0220801
0.336044
0.0203944
0.0204899
0.593146
0.0212007
0.797169
0.0213953
1.47081
0.0205041
0.0216344
0.0205065
0.0203993
0.457944
0.0209293
0.0218212
0.0204633
0.0212352
0.0203471
0.0271865
0.023378
0.0215418
0.0208025
0.0207952
0.616956
0.0203582
0.0208374
0.0208753
0.0205563
0.357042
0.0205694
0.0199056
0.0939993
0.0265708
0.0221591
0.0210543
0.0211629
0.0210914
0.0203581
0.0203509
0.020511
0.0202879
0.0207546
0.425047
0.0200041
0.645125
0.0246154
0.0212873
0.0211358
0.0212436
0.0207956
0.0207409
0.0203579
0.692729
0.0217151
0.189425
0.0202788
0.717438
0.0204937
0.024057
0.0208014
0.0220116
0.165568
0.0206277
0.0230724
0.0207283
0.0202324
0.0204894
0.0206789
0.817396
0.14171
0.0226427
0.0204863
0.0207561
0.020545
0.48741
0.0205505
0.0212236
0.0221045
0.0252372
0.532832
0.0204925
0.0204631
0.0208197
0.0204757
0.243374
0.020503
0.0226677
0.0203388
0.0198061
0.516601
0.020589
0.0217841
0.0223732
0.471541
0.0204136
0.0685659
0.0218351
0.0214542
0.0209867
0.0211703
0.0208664
0.475461
0.0971942
0.116263
0.0213824
0.0557306
0.0195701
0.0222001
0.0205069
0.0215036
0.617247
0.0201316
0.344585
0.0231105
0.0222623
0.0209062
0.509331
0.361332
0.026704
0.021085
0.021075
0.021161
0.0209134
0.019892
0.0199516
0.389716
0.813765
0.0195968
0.0280776
0.0214339
0.0260924
0.588576
0.0202066
0.592025
0.0262827
0.0208521
0.0726534
0.561276
0.0211375
0.485595
0.0205896
0.0198005
0.0221607
0.396753
0.0212599
0.0273331
0.0205951
0.0212854
0.0294315
0.0223334
0.0206299
0.0838456
0.47775
0.0200612
0.0198368
0.0204451
0.0211987
0.021207
0.0195469
0.0221251
0.0199057
0.184999
0.02072
0.881418
0.0210161
0.0214778
0.671892
0.0210332
0.020069
0.482568
0.0207103
0.0205706
0.0208763
0.0200226
0.0218983
0.0206494
0.0195871
0.687743
0.0199482
0.024208
0.0208845
0.0212955
0.0202189
0.0205429
0.457512
0.0200054
0.0205707
0.633185
0.430456
0.0207493
0.0210599
0.591372
0.0207618
0.020678
0.0199066
0.021797
0.0208903
0.0205933
0.0268318
0.0213498
0.0215234
0.0208282
0.0205577
0.0206561
0.0205527
0.0204926
0.0321786
0.338332
0.0284141
0.0205841
0.0205242
0.0209097
0.670026
0.256769
0.0229995
0.373706
0.0225342
0.0199049
0.0195815
0.24875
0.417938
0.0208924
0.0200532
0.60015
0.297517
0.0259056
0.0213269
0.0198085
0.0206437
0.424171
0.0211518
0.0303141
0.386624
0.020531
0.589275
0.0196665
0.0212445
0.0205005
0.020258
0.0206222
0.0383717
0.0210236
0.0266809
0.0206616
0.0214105
0.021133
0.0204145
0.0275826
0.0209331
0.0207178
0.020584
0.434782
0.0200196
0.020535
0.0212756
0.853497
1.13309
0.0204078
0.0395681
0.020475
0.0201751
0.0205782
0.0247246
0.0230068
0.0199262
0.0204332
0.0209557
0.359001
0.0205706
0.341317
0.02002
0.0215277
0.0211016
0.0205711
0.0198878
0.0203913
0.0221972
0.426328
0.0221791
0.0206682
0.0208878
0.520393
0.0209777
0.020603
0.0224917
0.0220692
0.0208851
0.0207535
0.515272
0.0236557
0.0270958
0.021859
0.0256537
0.0202321
0.0209929
0.0205688
0.0207639
0.0218715
0.493888
0.0208134
0.0209931
0.0207953
0.0255055
0.027309
0.0206543
0.787578
0.0223234
0.0202319
0.0244142
3.51361
0.358134
0.612668
0.0212744
0.0206084
0.0210107
0.021682
0.0207618
0.0265271
0.048648
0.020598
0.517214
0.0204398
0.0211432
0.0207583
0.0205155
0.342263
0.0207239
0.0206584
0.0312307
0.724898
0.0263442
0.679469
0.0204771
0.560772
0.793839
0.601501
0.0215455
0.0200129
0.69792
0.0195948
0.0230973
0.0216501
0.672818
0.020461
0.0299229
0.0199157
0.0214632
0.0205563
0.020072
0.0206809
2.48634
0.361681
0.0209524
0.54894
0.0213221
0.0203202
0.0246499
0.079788
0.021018
0.0258728
1.02755
0.0238019
0.0209977
0.0207007
0.0221358
0.0212952
0.892621
0.0206724
0.0206304
0.0210119
0.0206633
0.0206879
0.0250388
0.0200197
0.0207377
0.0273993
0.0207004
0.0198095
0.0213971
0.0226843
0.0319462
0.104607
0.0210107
0.728855
0.0212765
0.0206902
0.0216844
0.0288429
0.0262192
0.020489
0.0206718
0.0207301
0.0208033
0.711918
0.358768
0.926464
0.0210955
0.0201441
0.0215442
0.0200255
0.0237084
0.0206567
0.671193
0.714714
0.0269972
0.0207647
0.0284225
0.952169
0.020855
0.779914
0.0200354
0.494573
0.354199
0.0206268
0.0301978
0.0210631
0.0227633
0.0207581
0.78469
0.0257534
0.336393
0.0208847
0.0208088
0.0210125
0.0220844
0.0206871
0.484071
0.0205531
0.70401
0.116962
0.0778045
0.0252107
0.0200216
0.0205649
0.0206913
0.0202403
0.0210647
0.0211323
0.026619
0.0209435
0.290881
0.0209543
0.0208844
0.0210401
0.0207736
0.0211624
1.09052
0.0206906
0.0210172
0.0206487
0.0209987
0.0210067
0.0208703
0.386933
0.335556
0.0264524
0.020732
0.0232252
0.0195928
0.393271
0.0211531
0.0204565
0.461996
0.020884
0.0215034
0.0246731
0.0214073
0.021177
0.0207755
0.0236528
0.020816
0.0216897
0.757491
0.0210634
0.0230407
0.0204981
0.0274122
0.0202745
0.0206923
0.513009
0.0209197
0.0233927
0.0269612
0.0207495
0.0222568
0.0199977
0.0212826
0.860866
0.0202286
0.0209381
0.880669
0.0214222
0.0337306
0.0198887
0.357245
0.0202321
0.197813
0.0208473
0.0229218
0.0210519
0.0609418
0.0207078
0.0202579
0.0206236
0.0213582
0.020324
0.0209812
0.020546
0.348776
0.0208968
0.0212765
0.0205495
0.0205177
0.0207752
0.0207735
0.0207717
0.492528
0.0174576
0.0200445
0.0205694
0.0210389
0.0208175
0.019876
0.0205685
0.024616
0.0227351
0.0199037
0.020078
0.0207367
0.021069
0.352644
0.0252389
0.0210062
0.0206654
0.0210109
0.0207826
0.0208471
0.0201718
0.355941
0.672413
0.020687
0.0198868
0.0205341
0.0206867
0.0208496
0.0207071
0.020875
1.5354
0.0207183
0.0209135
0.210139
0.316222
0.0205866
0.0282811
0.022421
0.710983
0.185643
0.0204749
0.0217236
0.0226269
0.0213226
0.0211468
0.0210872
0.902348
0.693249
0.0284948
0.0248094
0.0235857
0.0260349
0.0207834
1.57149
0.0211692
0.0238407
0.0206478
0.0272214
0.0409471
0.896901
0.0209552
0.02096
0.497364
0.0250355
0.02325
0.513632
0.0202861
0.0506793
0.0203371
1.06722
0.0206487
0.0210537
0.0212665
0.0210593
0.0203456
0.0216802
2.13611
0.0364654
0.0204422
0.0256388
0.0212286
0.291176
0.0233797
0.0210813
0.0217208
1.16116
0.792359
0.0210673
0.0216639
0.0204083
0.020859
0.020059
0.0203409
0.339553
0.0210464
0.0341685
0.172992
0.0217423
0.0207499
0.0207749
0.402259
0.0213426
0.0213634
0.0201764
0.0207707
0.021331
0.0210564
0.307884
0.761961
0.020336
0.338329
0.0282391
0.0207712
0.0202425
0.0213282
0.0202578
0.0221637
0.334706
0.0226193
0.0207143
0.790929
0.0210905
0.764193
0.0209503
0.0206266
0.0209297
0.0203915
0.0208621
0.106503
0.0357326
0.0208825
0.67619
0.0201313
0.0221813
0.717597
0.0213031
0.021011
0.0218212
0.0209097
0.0212665
1.94802
0.034178
0.0207618
0.0199277
0.0227971
0.0743359
0.0214904
0.0199856
1.16431
0.0728161
0.021081
0.0199873
2.32958
0.0221522
0.0205211
1.82913
0.0837033
0.869734
0.022543
0.0778286
0.0228164
0.0241827
0.0231088
0.020578
0.0821118
0.0204629
0.0208928
0.0133644
0.020833
0.0206711
0.02136
0.462483
0.0204011
0.0209186
0.0207999
0.0226478
0.020038
0.0209035
0.0210007
1.01018
0.0216323
0.771403
0.0483912
0.0199019
0.0288062
0.039996
0.0209854
0.0209661
0.751099
0.0211271
0.0225221
0.0209016
0.0211382
0.0664536
0.0199695
0.0206574
0.0208895
0.607422
0.0208632
0.0339934
0.0202202
0.0206882
0.0200537
0.559031
0.0211394
0.0207295
0.0205682
0.303273
0.0212977
0.146687
0.0211546
0.0208097
0.0241084
0.606262
0.0209964
0.477148
0.026068
0.0200105
0.0213775
0.0246653
0.0199701
0.0207085
0.389574
0.0210649
0.0214501
0.786861
0.0201205
0.0211915
0.0228087
0.0263316
0.483099
0.028772
0.599817
0.154747
0.0210586
0.259486
0.0281461
0.0259225
0.0213307
0.824303
0.02506
0.0203264
0.0607771
0.0209785
0.0204457
0.0210078
0.541435
0.467844
0.0213358
0.0205145
0.695553
0.020391
0.0411042
0.0201721
0.020341
0.0212693
0.463278
0.0208982
0.0199429
0.0209107
0.0212033
0.0212465
0.0212273
0.019598
0.0209445
0.0256712
0.344962
0.0209772
0.0318769
0.020911
0.0215811
0.809941
0.69442
0.0217774
0.537244
0.0217738
0.021427
0.0205018
0.0306493
0.0275562
0.0200317
0.0221261
0.0249767
1.15105
0.0209475
0.0209038
0.0198771
0.0244699
0.0206768
0.0259296
0.914805
0.017223
0.0214346
0.0203847
0.0222565
0.0201556
0.0197937
0.0264483
0.292392
0.0201169
0.029658
0.0218374
0.0211643
0.0280174
0.0210523
0.0213309
0.020451
0.0201368
0.0200043
0.0199026
0.0248851
0.0219993
0.0204426
0.0222669
0.0251925
0.0195588
0.0204396
0.0225475
0.0210362
0.0220114
0.021164
0.0222133
0.0208341
0.0267636
0.0213069
0.0211633
0.879684
0.0266851
0.0208948
0.0262798
0.0208636
0.0203072
0.020866
0.0206424
0.0220493
0.0213673
0.0236592
0.0214708
0.488574
0.0210969
0.0205483
0.0315371
0.0199972
0.0209807
0.0286165
0.0209024
0.732053
0.0209295
0.0203203
0.342202
0.029662
1.77144
0.0208915
0.0209089
0.0207562
0.0252273
0.0201188
0.0207889
0.0599065
0.0341628
0.562309
0.631392
0.0214403
0.517299
0.0860483
0.0439681
1.89492
0.0306748
0.969204
0.0236105
1.41006
0.18437
0.0198045
0.663887
0.0208006
0.0208015
0.0202294
0.0210518
0.0209093
0.0208933
0.0239756
0.864455
0.0219041
0.0289336
0.352667
0.0209261
0.102215
0.0198647
0.0206811
0.0199028
1.58115
0.0210652
0.453434
0.833959
1.61714
0.0552935
0.265823
0.0199856
0.0310474
0.0307831
0.0203646
0.0219062
0.0276596
0.0211449
0.0207489
0.0209696
0.0208779
0.0251734
0.0210886
1.5381
0.0300441
0.0207237
0.0797646
0.020897
0.0211968
0.0411374
0.660843
0.0233925
0.0210197
1.61793
0.0869576
0.0208729
1.26525
0.0211719
0.0215145
0.0212173
0.0323462
0.0198971
0.021057
0.0208445
0.0206381
0.0203133
0.0229351
0.0209604
0.0212784
0.0242097
0.0213343
0.904395
0.0208904
0.0211674
1.0011
0.020999
0.0199825
0.447343
1.849
0.0211746
0.0207107
0.0255656
0.0216404
0.0212524
0.0212543
0.0205155
0.0210923
0.363165
0.0207369
0.0201049
0.0206942
0.0209433
0.0203166
0.0295187
0.0328157
0.0267016
0.0195085
0.376252
0.0210866
0.0210847
0.0205352
0.0207259
0.121664
0.0202417
0.0206921
0.0245021
0.0203607
0.0222511
0.0278306
0.020452
0.0230716
0.035358
0.0210679
0.979803
0.0241322
0.0744316
0.0257454
0.467766
0.0212871
0.0217146
0.0203368
0.0207871
0.0207167
0.0927663
0.0213088
0.0202475
0.0199793
0.333045
0.0210054
0.0202018
0.0203355
0.0222208
0.0213733
0.021026
0.0310518
0.345351
0.846184
0.0227847
0.0276954
0.0208236
0.0276105
0.0349081
0.0202001
0.0236081
0.0501858
0.0206804
0.0217539
0.0211039
0.0204283
0.350416
0.0248865
0.0219853
0.0242536
0.359904
0.027408
0.0202426
0.0199682
0.0647232
0.0206764
0.0254247
0.0219966
0.0212577
0.026718
0.0223786
0.0239348
0.0210292
0.0205383
0.0227089
0.023034
0.735566
0.0415364
0.0237591
0.0221082
0.0212275
0.0230884
0.0209483
0.0205936
0.0202579
0.0207467
0.490339
0.0227923
0.500553
0.0199218
0.0295426
0.0212813
0.220618
0.197208
0.481494
0.0200695
0.0214485
0.0190077
0.021891
0.0268529
0.324486
0.0209548
0.0520474
0.0519606
0.691219
0.0911597
0.0204727
0.0214494
0.0232997
0.0214266
0.887642
0.0557634
0.0634248
0.606784
0.0213602
0.0206614
0.0558976
0.0213147
0.0199079
0.0216897
0.0210159
1.9105
0.0211136
0.0208199
0.0257268
0.0220977
0.0210185
0.0213011
0.021177
0.0211236
0.0214889
0.0335713
0.0203119
1.39644
0.0253319
0.786051
0.0220653
0.0211897
0.0231554
0.0664696
0.024603
0.0477463
0.0209245
0.0211477
0.0201368
0.0215298
0.0303317
0.0208837
0.0211631
0.0213496
0.0262409
0.020262
0.92006
0.0211349
0.0218999
0.0218577
0.0247306
0.0221261
0.0210556
0.0251186
0.0212016
0.0213438
0.0209602
0.0212176
0.0215379
0.0235885
0.0198212
0.021042
0.0213389
0.793536
0.022056
0.0220598
0.0211028
0.0222803
0.0261428
0.021182
0.0348876
0.964687
0.0208946
0.0284988
1.40387
0.0211989
0.0202575
0.0202501
0.0222238
0.0216484
0.0384691
0.0216394
0.0216294
1.60805
0.0203253
0.0206205
0.0213145
0.0249871
0.025081
0.0211795
0.0272948
0.0210584
1.78784
0.0211942
0.0335668
0.304023
0.0268005
0.0211299
0.0223513
0.0231038
0.0212912
0.023745
0.0210952
0.0208658
0.0213807
0.0210139
0.0207505
0.0210535
0.0209408
0.0221812
0.0275448
0.020499
0.0211631
0.0203316
0.0930463
0.0332462
0.0213472
0.0201358
0.0208781
1.5828
0.0269597
0.0211294
0.0910441
0.02126
0.0205369
0.0205243
0.0208825
0.0213872
0.0212323
0.0210325
0.135275
0.0210165
0.0216346
0.0217672
0.0208298
0.22379
0.318859
0.020937
0.0236308
0.405393
0.0205332
0.0206404
0.0209929
1.32297
1.96615
0.316621
0.783698
0.0214531
0.0261504
0.946646
0.0213937
0.0452537
0.806521
0.0755452
0.0210395
0.0273531
0.0212499
0.0238003
0.370975
0.0212933
0.0232029
0.0210997
0.0235054
0.0229923
0.692545
0.0238694
0.0203407
0.02085
0.0201366
0.776982
0.0207974
0.0226103
0.0215777
0.271043
0.0209964
0.0599568
0.100993
0.947523
0.340398
0.0239594
0.830752
0.0205383
0.0209473
0.0213223
1.55487
0.0211348
0.0210042
0.0219143
0.0199683
0.0212485
0.0215218
0.022222
0.0207638
0.0213476
0.0212396
0.0206368
0.0204064
0.13916
0.0208167
0.0207182
0.022068
0.298175
0.0213818
0.0224475
0.0216533
0.0229082
0.291244
0.022491
0.020883
0.0212641
0.35746
0.0214318
0.812622
0.0223311
0.0211655
0.0224837
0.684131
0.0209112
0.0198155
0.0202681
0.0210145
1.38527
0.49169
0.0204073
0.0202334
0.0271487
0.0210117
0.021275
0.0450652
0.0373309
0.0204922
0.023384
0.0213427
0.0243265
1.86952
0.0240988
0.019785
0.125834
0.0518454
0.0210585
0.0236866
0.0209829
0.809141
0.0205213
0.0332932
0.0210768
0.16057
0.0221959
0.0210751
0.0226774
0.0214154
0.0213718
0.0226734
0.0232219
0.0210471
0.0219866
0.0210514
0.0374437
0.02243
0.0206421
0.0222534
0.0212812
0.0211191
0.0387163
0.0252373
0.0230381
0.0209246
0.0211251
0.0201913
0.0212316
0.0209129
0.0210116
0.0212102
0.0207421
0.478587
0.026479
0.0213407
0.0206524
0.0472793
0.337592
0.0284578
0.020262
0.0210731
0.0227243
0.0210741
0.0243178
0.0237692
0.0213459
0.0217815
0.0211343
0.303615
0.294334
0.343481
0.0216225
0.166679
0.0219211
0.0207664
0.020898
0.020121
0.0526632
0.0210797
0.0199245
0.0206288
0.594405
0.505262
0.0220414
0.0199097
0.0214013
0.0230305
0.0210632
0.481486
0.0208791
0.0209488
0.0223434
0.0210703
0.0212746
0.0431965
0.346601
0.0234998
0.0212119
0.395893
0.0210689
0.0213251
0.0213299
0.509213
0.0210684
0.0211292
0.0212531
0.0214094
0.0572863
0.19953
0.0247529
0.0309383
0.0206592
0.0207426
0.0293754
0.0210706
0.0204052
0.0296281
0.0199909
0.0217345
0.0206432
0.0211018
0.416921
0.0667083
0.0228429
0.0209164
0.0242339
1.24177
0.0217105
1.69686
0.0215879
0.0209752
0.0204585
0.020264
0.0202395
0.0215312
0.0209871
0.0213643
0.0228719
0.021052
0.0210562
0.0220586
0.021026
0.0196295
0.0208085
0.0201183
0.0210472
0.0213533
0.438621
0.0205466
0.021256
0.0327353
0.023829
0.019943
0.0308844
0.766411
0.0230579
0.348329
0.197432
0.0212089
0.0207772
0.033774
0.0211689
0.090613
0.0284753
0.0211861
0.0212988
0.0208099
0.0205916
0.0210181
0.0262336
0.0214477
0.0206508
0.0224614
0.0214698
0.0213341
0.0206595
0.284273
0.0257461
0.0203441
0.021202
0.021292
0.0220561
0.292797
0.351416
0.0200242
1.46569
0.149432
0.636513
0.0198737
0.0205343
0.0618784
1.688
0.0207105
0.0213714
0.0211844
0.0202782
0.0200198
0.0200046
0.0207203
0.0214689
0.0369057
0.0208699
0.0201213
0.0210885
0.0253816
0.0214628
0.0208741
0.0234776
0.0200827
0.533293
0.0242077
0.0212483
1.48102
1.53135
0.131905
0.0197426
0.0202575
0.021053
0.112126
0.0253441
0.0212467
0.0212734
0.0209139
0.0211861
1.44076
0.0212133
0.0256587
0.0212213
0.0200038
0.0294701
0.0753196
0.0214547
0.0246092
0.0212804
0.0210685
0.175566
2.20432
0.0207732
0.0205246
0.0250318
0.02924
0.0255939
0.0204242
0.0357645
0.0300961
0.0256581
0.020932
0.0211671
0.0208763
0.0207296
0.0225058
0.0208774
0.0236472
0.0312865
0.0219791
0.0384356
0.0252848
0.021182
0.021335
0.0557799
1.77482
0.202819
0.0879116
0.0200038
0.0346919
0.0213065
0.0203743
0.0218469
0.0218635
0.0214973
0.772617
1.45657
0.337138
1.44668
0.0212428
0.0439529
0.0201297
0.0203105
0.0218848
0.0232299
0.260513
0.0209075
0.0233399
0.0234694
0.375097
1.41441
0.0209717
0.0212812
0.03843
1.4597
0.0207945
0.466947
0.280814
0.0211444
0.021677
0.0199208
0.021572
0.021304
0.0283716
0.432251
0.0212809
0.0201411
0.254569
0.132378
0.0328084
0.03401
1.39862
0.0404331
0.509456
1.41706
0.0216882
0.0210485
0.0236449
0.0211067
0.0212665
0.0202028
0.020736
0.915532
0.0260947
0.0250485
0.406056
0.0227712
0.0253875
0.0211359
0.0270881
1.39846
0.0197844
0.0371697
0.817015
0.0359984
0.0212906
0.0225374
0.0219281
0.0200203
0.0204491
1.3429
0.0227321
0.0209392
0.0269786
0.0252021
0.021605
0.0715171
0.0235807
0.021983
1.41681
0.0205216
1.5175
0.0213481
0.0260428
0.0409159
0.0225469
0.207202
0.0213162
0.0233437
0.0211529
0.906806
0.0259569
0.0219328
0.0201382
0.0568694
0.0787126
2.39485
0.0206035
0.0243453
0.0250555
0.0207423
0.0203356
0.0232303
0.366974
0.0203853
0.13357
0.022029
0.0211884
0.0212196
0.021901
0.0259514
0.82061
0.110378
0.026661
0.0214562
0.0212787
2.05678
0.0204241
0.0210306
0.802531
0.0549132
0.0218549
0.0206947
0.0211568
0.218026
1.59548
0.0282975
0.0213787
0.0436516
0.0203258
0.0275047
0.0213347
0.0203101
0.189011
1.67004
0.0258671
0.0217813
2.18625
0.0267374
0.022403
0.0213579
0.109684
0.0226467
0.0209866
0.163508
0.0266238
0.0963819
0.0249914
0.021332
0.0812254
0.0258762
0.0243125
0.0204838
0.0697069
0.026273
0.020939
1.41864
0.0213523
0.0212672
2.46213
0.0209799
0.0372065
0.0205785
0.0314336
0.0268861
0.0209596
1.76841
0.0320034
0.0201712
0.446942
0.0208579
0.0208707
1.86854
1.437
0.0391896
0.74898
0.0257366
2.06761
0.0213387
1.9577
0.0236019
0.0205578
0.0295334
0.761326
0.0202805
0.0213102
0.0200607
0.0213232
0.0214038
0.0201431
1.82867
0.0222091
1.23391
0.0214009
0.51657
0.0213217
0.413005
0.020697
0.020608
0.0213138
0.0213337
0.0953966
2.08494
0.0203363
0.0214835
1.63435
0.0612241
0.021799
0.0204019
0.0205365
0.081128
0.475423
0.399973
0.023892
0.0203061
0.0202813
0.0216291
0.0217317
0.0213459
0.021916
0.254114
0.0228357
0.11711
0.0214823
0.0202329
0.0249239
0.894632
0.020044
0.0214279
0.0195356
0.0232054
0.0213487
0.0216492
0.0213839
0.0215748
0.0213473
0.23918
0.0323248
0.0209075
0.0213492
0.0215684
0.0215768
0.820229
0.0284057
0.0405596
0.0203956
0.021354
0.0210551
0.0534384
0.30695
0.047914
0.0217384
0.0221783
0.887151
0.520434
0.020164
0.0914047
0.041509
0.0214209
0.756251
0.0213076
0.081715
0.0211586
0.0210314
0.387357
0.160432
0.0211362
0.043965
1.11975
0.0201589
0.936885
0.0213253
0.922275
0.424868
0.0230825
0.0690497
1.47574
0.0211456
0.0250156
0.0217502
0.0213147
0.0199894
0.0481903
0.112177
0.0214376
0.020423
0.0212681
0.0226166
0.0477363
0.0213244
0.289844
0.781938
0.0609066
0.0210616
0.0214282
0.0207549
0.0208151
0.0239052
0.0220397
0.0278027
0.0221061
0.244664
0.0270686
0.021504
1.35708
1.50423
0.0307865
0.0205192
0.0235768
0.0301734
0.129701
0.828588
0.0208806
0.0207466
0.494944
0.0204073
0.0275649
0.0205062
0.0205858
0.0316759
0.0278222
0.0359609
0.182597
0.0985234
0.237551
0.0355247
0.0662251
0.0413778
0.811973
0.0210864
0.375753
0.455976
0.0523177
0.0218534
0.0223648
0.0210724
0.0204092
0.0236182
0.0222869
0.0232587
0.0333071
0.334575
0.029729
0.0224261
0.0215881
0.052746
0.0260261
0.0403141
0.0209209
0.0212906
1.11414
0.0797177
0.777566
0.0194991
0.0195046
0.0218536
0.0331956
0.200458
0.0200943
0.0319078
0.0213727
0.0477273
0.0212047
0.0364516
0.0210713
0.0205257
0.672861
0.0203516
0.0204599
0.0213504
0.0537732
0.0225347
0.0218443
0.0205993
0.0215833
0.0236407
0.0273273
0.0206285
0.0250246
0.0274972
0.0222531
0.0439468
0.0243474
0.0206083
0.0318825
0.0239005
0.755678
0.0221816
0.0219114
0.0205543
0.0577454
0.02019
1.61436
0.0202377
1.37705
0.0203471
0.0243689
0.0202058
0.0227325
0.0200246
0.0294444
0.0220301
0.0209623
0.0222743
0.0204119
0.021342
0.483224
0.0204848
0.0253756
0.0247749
0.0208857
0.0205382
0.0216458
0.0247933
0.125218
0.0209442
0.0225531
0.0201641
0.0305681
0.0216513
0.0263173
0.0207707
0.0213404
0.0218151
0.0263694
0.0224819
1.3809
0.0259873
0.0226696
0.0207177
0.0229338
0.296195
0.0204135
0.0209183
0.0247598
0.020505
0.085231
0.0217746
0.0198234
0.0253062
0.0232883
0.0213117
0.0208507
0.0204743
0.345699
0.0206802
0.0213055
0.0220592
0.0219282
0.0203529
0.0223986
0.0198096
0.0212966
0.0205738
2.11603
1.34692
0.0210603
0.0459316
1.43362
0.0247478
1.142
0.0213149
0.0214781
0.0213922
0.0227408
0.0209082
0.0217367
0.0252206
0.0205386
1.43553
0.798204
0.0202879
0.0211978
2.00951
0.0206035
0.0212514
0.0286379
0.021008
0.0267667
0.0407004
1.84191
0.0205465
0.021182
0.0210368
0.768378
0.0218001
0.0206665
0.0205123
0.0203171
0.0225007
0.021217
0.0215797
0.0198901
0.0257465
1.75865
0.0508669
0.0213398
0.0209908
0.300636
0.0201417
0.0208636
0.997958
0.809404
0.0315405
0.76629
0.0218453
0.0204726
0.0201812
0.0223809
0.020288
0.0286349
0.0219666
0.0245545
0.0210628
1.02511
0.02062
0.0220388
0.0211846
0.0206047
0.0221083
0.0206017
0.0216007
0.0219385
0.051613
0.0208704
0.0305894
0.0816748
0.0237489
0.263904
0.032049
0.431846
0.170917
0.0269342
0.0212264
0.384733
0.0204948
0.0212391
0.0206223
0.290791
0.021296
0.0206338
0.024402
0.0207234
0.300237
0.0205273
0.601916
0.0204254
0.0244418
0.0205963
0.0242286
0.0214447
0.0290115
0.0225849
0.0452658
0.0229973
0.0230174
0.021025
0.0210493
1.80339
0.0210579
0.0242134
0.0212827
0.32106
0.0206065
0.244017
0.0410941
0.0599877
0.0200442
0.0214736
0.0203031
1.15346
0.0242556
0.0203645
0.0232273
0.0207199
0.0210681
0.0215261
0.0212001
0.0210463
0.0216167
0.472404
0.025274
0.195963
0.213933
0.301163
0.0210471
0.0201868
0.02437
0.0207248
0.0213919
0.0212892
0.503595
0.16168
0.0209537
0.0231112
0.0210366
0.828927
0.0218168
0.721913
0.0204543
0.0220506
0.905572
0.0210469
0.0207406
1.73513
0.0204263
0.0207212
0.0245544
0.0203332
0.417915
0.21036
0.719555
0.02139
0.0594055
1.46163
0.0223364
0.0202229
0.0209334
0.0227196
0.0213513
0.022622
0.285539
0.383162
0.0206042
0.0205967
0.0210934
0.0212903
0.0218001
0.024346
0.0202794
0.482605
0.0231201
0.0807624
0.021687
0.0204414
0.021424
0.020993
0.0208559
0.0220887
0.800266
0.0205447
0.294845
0.0242862
0.0229644
0.0213187
0.0205986
0.0210907
0.0224065
0.020591
0.020738
0.0264955
0.021096
0.0236279
0.748906
0.622014
0.0219727
0.0204262
0.020622
0.0213285
0.0418992
0.0819892
0.0213679
0.0210428
0.0213493
0.0233092
0.0217829
0.0233117
0.0206077
0.032564
0.0213641
0.038035
0.0211145
0.0211186
0.0222794
0.020587
0.0206775
0.023334
0.034481
0.0208863
0.0221238
0.367731
0.405478
0.0205353
0.0213483
0.0203356
0.0231227
0.0205716
0.0222903
0.22342
0.328015
0.0268116
0.0206591
0.0882468
0.0239255
0.0208499
0.558851
0.0209583
0.578701
0.0207396
0.0208637
0.0220858
0.0208644
0.0202181
0.0213521
0.0206036
0.0234273
0.0213767
0.0206116
0.422052
0.426879
0.314787
0.0204345
0.0230229
0.0213686
0.0223579
0.74367
0.608508
0.0210401
0.0865227
0.0213096
0.0210039
0.0208401
0.0211011
0.020681
0.0213294
0.024192
0.0210059
0.0219058
0.292902
0.0205731
0.0270127
0.0214361
0.129616
0.056472
0.266254
0.120672
0.0204788
0.444115
0.0211541
0.0263077
1.50417
0.0211018
0.288416
0.0203321
0.0205248
0.0218401
0.0757149
0.0265598
0.022357
0.552826
0.0211241
0.492249
0.0618509
0.0490714
0.0132971
0.0206083
0.409241
0.0212977
0.0213133
0.0206476
0.0221016
0.0266319
0.0453184
0.0221406
0.0289521
0.0211363
0.0230649
0.0210908
0.0219761
0.0203667
0.0253148
0.0204607
0.0209911
0.0277029
0.0253512
0.0209016
0.0205035
0.408547
0.0214899
0.022033
0.0216124
0.0207379
0.021105
0.021325
0.0213679
0.021198
0.0213425
0.0213192
0.0213918
0.0210274
0.0228919
0.0211236
0.237527
0.458611
0.0225471
0.0222015
0.0211108
0.100416
0.0826646
0.0201548
0.0211726
0.484561
0.0215261
0.0230865
0.0207997
0.345808
0.0213754
0.0212382
0.0214682
0.0213912
0.021684
0.0227742
0.0239557
2.00749
0.464227
2.12701
1.76078
0.426921
0.0245241
0.0315541
0.0206186
0.0277123
0.0217261
0.0214005
0.02385
0.0212916
0.0212439
0.0202442
0.0216472
0.0206866
0.0230511
0.0204433
0.0221904
0.0204667
0.0208401
0.0197521
0.0633471
0.0210047
0.0207606
0.0198892
0.025746
0.0205963
0.0229288
0.0213825
0.0318181
0.0971901
0.764478
0.0338601
0.0206186
0.0234741
0.0209653
0.0210745
0.0250738
0.0216378
0.0207059
0.0212567
0.0244435
0.0202291
0.0204176
0.0207262
0.0271626
0.0213872
0.850187
0.0204496
1.91951
0.0202397
0.0207603
0.0198738
0.020655
0.0208443
0.224775
0.0208246
1.3333
0.0205666
0.0201955
0.0478677
0.0217785
0.143815
0.0207701
0.0205496
0.575318
0.605676
0.0522815
0.0210449
0.0204736
0.0199814
0.020367
3.43759
0.0207018
0.0278511
0.025596
0.0267695
0.024973
0.020825
0.0243705
0.532857
0.0228055
0.138659
0.0208441
0.823801
0.0204292
1.7051
0.0203843
0.235574
0.174444
1.60848
0.0225395
0.0206198
0.021358
0.0493677
0.0205034
0.0276693
0.0196153
0.943893
2.29238
0.0891549
0.0385899
0.0220898
0.0195393
0.0212275
0.0199434
0.0454266
0.0204957
0.0387563
0.0343671
0.348271
1.03211
0.0218195
0.0210964
0.0199026
0.0412912
0.598145
0.0217755
0.022198
0.0216133
0.0213326
0.0208224
0.0245908
0.0209334
0.0206189
0.86637
0.0220985
0.0205801
0.0654861
0.021247
0.0206827
0.0341128
0.0252802
0.0245853
0.102553
0.0377138
1.48538
0.772773
0.0212422
0.0209026
1.57986
0.0195333
0.020914
0.0213796
0.0209282
0.0206564
0.0220293
0.0216641
0.0362775
0.0290571
0.023702
0.251415
0.0210853
0.0377275
1.58755
0.0210039
0.0221542
0.0240546
0.0209907
0.0215907
0.055349
0.0204572
0.0253264
0.0230651
0.0211419
0.0197127
0.0743568
0.0212978
0.0219234
0.0198462
0.019823
0.025814
0.0219821
0.0213481
0.0221149
0.0213746
0.0201973
0.0205328
0.0574652
0.0217628
0.0210425
0.0211602
0.0211141
0.0209817
0.0212902
0.0260926
0.0208429
0.0247246
1.96981
0.863201
0.107712
0.0250117
0.0351133
0.0208246
0.0232082
0.0995925
0.0219793
0.0212716
2.26698
0.0208771
0.0219221
0.0207208
0.74847
0.019821
0.0208227
0.021029
0.0202729
0.0288307
0.0210613
0.681683
0.020993
0.0212469
0.0206706
0.021331
0.0204539
0.0210688
0.0220785
0.0507452
0.0210924
0.0212518
0.0257263
0.021474
0.0346182
0.0206714
0.0199073
0.195607
0.023464
0.0212646
0.0220595
0.0203403
0.0630217
0.0443918
0.0212149
0.0226352
0.0220095
0.0211238
0.0204272
0.0227686
0.02292
0.618199
0.241953
0.019491
0.0252002
0.0216679
0.0222726
0.786535
0.0206142
1.33686
0.0357551
0.0215798
0.0219583
0.0204503
0.0210315
0.0202304
0.123788
0.0209991
1.19341
0.021205
0.0208242
0.0226337
0.0366903
0.0315792
0.0208574
0.027291
0.295081
0.256981
0.0222822
0.0206186
0.0208853
0.0198224
0.409345
0.021427
0.022805
0.0210831
0.0227817
0.0206932
1.44051
0.0208906
0.0239881
1.00239
0.0206157
0.0212098
0.0198228
0.0222925
0.02069
0.0203696
0.0240454
0.0213643
0.0205469
0.0210188
0.0160599
0.0268372
0.0204205
0.0198287
0.0217344
0.8266
0.02062
0.409975
0.0689091
0.875524
0.0253583
0.0206225
0.0212254
0.242418
0.0213536
0.024443
0.022111
0.0237867
0.518019
0.0208775
0.0208633
0.0210265
0.405553
0.943979
0.0211505
0.0494561
1.79341
0.0230238
0.0211409
0.0248657
0.0206243
0.0211127
0.0240824
0.0214869
0.0212076
0.0454198
0.0213392
0.0277238
0.0237345
0.0211137
0.0240818
0.352011
0.0329171
0.0206301
0.0229976
0.0205151
0.296123
0.0218415
0.40388
0.778275
0.0204871
0.0214335
0.0221414
0.0404209
0.0308844
0.0218104
0.0218154
0.0209879
0.333275
0.420823
0.0215346
0.0198109
0.351726
0.413799
1.8363
0.021026
0.675168
0.03523
0.0207598
0.15009
0.0222677
0.423462
0.0208524
2.15863
0.0198791
0.0211422
0.0210389
0.0211835
0.41588
0.0203692
0.056162
0.742439
0.020681
0.020833
0.0252478
0.0217083
0.0210634
0.0205575
0.0212306
0.0218101
0.0816404
0.0205483
0.0281124
0.0201996
0.0203575
0.0208886
0.0262294
0.0232383
0.0218517
0.0209979
0.0209598
0.0204939
1.50238
0.0212292
0.0195882
0.0384597
0.0208917
0.0437086
0.0209069
0.021139
0.0211063
0.0195793
0.0230737
0.0195817
0.0232847
0.0236797
0.0203429
0.0162421
0.0220964
0.0222595
0.0212335
0.0182226
0.0250433
0.0234207
0.0566841
0.0212329
0.0099395
0.0230317
0.0203508
0.0230886
0.0273841
0.830124
0.0260661
0.0202868
0.0221403
0.100092
0.0259593
0.0721143
0.0202756
0.0199024
0.0210931
0.0218774
0.0204293
0.0205254
0.0253818
0.0624859
0.0226426
0.0215623
0.0226568
0.0214039
0.0220452
0.0216956
0.0425708
0.0213338
0.0207541
0.0195128
0.0238309
0.882119
0.812079
0.580213
0.0211357
0.0210541
0.0208359
0.0196773
0.0212574
0.768441
0.022114
0.0205807
0.020278
0.0208237
0.0311257
0.0225066
0.0233962
0.0226657
0.0211359
0.0216895
0.0451321
0.279474
0.0645656
0.01995
1.39309
0.0211341
0.0208249
0.0305505
0.0215765
0.0203549
0.0216212
0.774693
0.0211245
0.0209011
1.82308
0.0257315
1.36233
0.0248844
0.0211911
0.442184
0.0205722
0.583226
0.0270823
0.0580192
0.021166
0.0205781
0.0248661
0.0205583
0.0213763
0.0200188
0.021267
0.0206194
0.46104
0.0232962
0.581692
0.023846
0.46209
0.0222763
0.395349
2.01197
1.10399
0.0208303
0.0220237
0.0205692
0.0203962
1.5119
0.0215159
0.0221495
0.0280412
0.176942
0.0560031
0.0204661
0.0204878
0.0215286
0.0244773
0.0220773
0.0225089
0.0218237
0.0199988
0.0208381
0.0354419
0.0239087
0.0209884
0.0202399
0.0208127
0.0200218
0.381141
0.280741
0.0212409
0.0205432
0.0218134
0.02041
0.0243954
0.0202264
0.0228966
0.0222842
0.183751
0.0208985
0.0209494
0.0211245
0.632105
0.0413093
0.0205603
0.0263629
0.595074
0.0232696
0.0210411
0.020912
0.0212634
0.036682
0.284851
0.0230807
0.309308
0.0209986
0.0198182
0.0205524
1.48043
0.0212114
0.0374567
1.46376
0.0211724
0.0206857
0.0214468
0.0195402
0.0380679
0.0212967
0.0197067
0.0218178
0.561898
0.0639547
0.0206539
0.0210641
0.0212737
1.1406
1.59055
0.0217364
0.0215697
0.763081
0.0202879
0.0209543
0.0207514
0.0208484
0.0851297
0.019534
0.409991
0.601834
0.0226213
0.0244819
0.024677
0.0212584
0.0208242
1.44701
1.50936
0.0247726
0.0214921
0.0211152
2.08005
0.698217
0.0203162
0.325958
0.952833
0.0202299
0.0214601
0.0203294
0.0204918
0.0221208
0.294201
0.139289
0.0218737
0.0205982
0.0216062
0.0209856
0.0203112
0.858435
0.0221723
0.0201344
0.0229224
0.0207086
0.0215564
0.0228379
0.0213302
0.0233638
0.0206465
0.0206834
0.0229831
0.0208401
0.0210675
1.9837
0.0215187
0.0282737
0.0208592
0.0212143
0.0200404
0.0257773
0.0220577
0.299573
0.713763
0.49799
0.0213748
0.0205535
0.726215
0.0212838
0.0202528
0.0227289
0.0228028
0.0235468
0.0204642
0.0203785
0.0212307
0.020591
0.0212578
0.0213153
0.0203334
0.027996
0.0234012
0.0216935
0.556791
0.026199
0.0228118
0.0574055
0.121438
0.021124
0.0206376
0.387266
0.412383
0.0389323
0.0228553
0.0212569
0.0213307
0.0212151
0.0209081
0.0209601
0.769723
0.0213309
1.66555
0.0242535
0.0229665
0.398731
0.0318484
0.757417
0.0215857
0.0587638
0.687592
0.0211442
0.0327978
0.314163
0.0195452
0.323674
0.120668
0.0211449
0.0204405
0.0206377
0.0209489
0.0207348
0.0203105
0.0212342
0.0236419
0.58344
0.122149
0.0211273
0.0203237
0.0230415
0.0213272
0.419111
1.59876
0.341526
0.0203462
0.0211717
0.0228239
0.0208402
0.0239435
0.0203756
0.020515
0.0278372
1.46925
0.0212635
0.0212834
0.412656
0.674486
0.0207649
0.0226154
0.763996
0.414111
0.0211164
0.0224761
0.0456335
0.0503938
0.0222939
1.59061
0.0216824
0.0201459
0.0260461
0.0204922
1.45358
1.47908
0.0212083
0.445235
0.0206647
0.0229041
0.0212004
0.0213658
0.43293
0.0913465
0.0280635
0.0211941
0.0209615
1.9635
1.50541
0.0203917
0.0233366
0.0211867
0.021273
0.0212017
0.0337126
0.034453
0.0211213
0.0217295
0.020565
1.55319
0.0213015
0.0219649
0.0270344
0.0237011
0.0212656
0.0195618
0.0215709
0.0213039
0.0243439
0.243104
0.0204404
0.0309332
0.0205143
0.0383332
0.0218248
0.021119
0.496093
0.499137
0.0214285
0.172504
0.0212315
0.0279809
0.0211817
0.0214186
0.0214507
0.0195152
0.0214236
0.0213973
0.0211816
0.0208696
0.0204307
0.0204676
0.0208522
0.429414
0.0213857
0.0241659
0.0213211
0.0229645
0.0196479
0.0211628
0.0212405
0.0210973
1.38556
0.408012
0.0209009
0.777089
0.0216897
0.0734172
0.0335481
0.0204994
0.86303
0.933777
0.0212107
0.0212945
0.0217811
0.0219411
0.0239419
0.537404
0.0212281
0.020439
0.0212468
1.65657
0.0215054
0.117856
0.0219151
0.0219494
0.0302943
0.0212401
0.0203896
0.0217578
0.0208393
0.0233698
0.564422
0.0248464
0.0209591
0.0211301
0.0476058
0.0209324
0.731868
0.0206551
0.0213311
0.590725
0.0195258
0.0204522
0.148255
0.0204236
0.0247635
0.0213075
0.0211355
0.450379
0.0207514
0.0204994
0.022586
0.0202699
0.0207803
0.0284205
0.0202705
0.0487499
0.0211201
0.01956
0.0208847
0.0221037
0.0230538
0.0209513
0.684642
0.021288
0.0407129
0.289998
0.0167842
0.260613
0.0211797
3.63387
0.0211923
0.0211926
0.0228554
0.706443
0.021411
0.0226543
0.0226138
0.0624969
0.0215082
0.0216
0.0223551
0.022933
0.0218597
0.0219219
0.0442788
0.0316435
0.0239111
0.0220593
0.0215972
0.0212619
1.99461
0.0212617
1.96287
0.0211059
0.0190631
0.0209068
0.0212398
0.208523
0.0623211
0.021393
0.0221648
0.021978
2.29363
0.451692
0.196989
2.29459
0.0208309
0.0811133
0.0203588
0.0223929
0.0211852
0.0648901
0.02096
0.0242749
0.0205451
0.0209586
0.0212939
0.0214154
0.0211528
1.2945
0.021001
0.0211385
0.0211375
0.434979
0.292346
0.0201384
0.0202287
0.407115
0.0221628
0.0210625
0.0256264
0.0245925
0.689364
0.0212458
0.0217998
0.0209699
0.0213087
0.0211721
0.022071
0.0222628
0.0255539
0.0442618
0.0223466
0.0212615
0.0500766
0.0219211
0.0206504
0.0230258
0.0347869
0.0211319
0.311173
0.0224034
0.0726341
0.0212519
0.021183
0.0201997
0.0213903
0.0212683
0.0203425
0.0396094
0.0206415
0.0210304
0.0216366
0.0334959
0.0213124
0.0213719
0.0249878
0.0249997
0.0222315
0.0213312
0.550126
0.0228358
0.0213163
0.881504
0.0211763
0.0212167
0.0249255
0.0214622
0.398374
0.0209633
0.0216914
0.0572296
0.021704
0.0211826
0.0232334
0.0215469
0.020866
0.0211889
0.402709
0.0211575
0.0214761
0.0206596
0.0480109
0.022204
0.0205049
0.0208556
0.0261599
0.0233728
0.0206472
0.0209775
0.0210384
0.0208492
0.0206846
1.01238
0.0211731
0.0205066
0.357085
0.563496
0.0207981
0.021997
0.0206887
0.12542
2.15611
2.22383
0.020672
0.020714
0.0212673
0.0210025
1.41528
0.0221515
0.0208648
0.0212864
0.0218732
0.0212283
0.0214567
0.394968
0.0208844
0.0210425
0.0212424
0.0211117
0.0213077
0.020461
0.0218674
0.116048
0.0206592
0.387111
0.0198311
0.0222514
0.0212971
0.0212546
0.0208415
1.18376
0.0205351
0.0207065
0.019585
0.0213058
1.46935
0.321039
0.0255925
0.0209193
0.434448
0.857014
0.0215094
0.234063
0.0208422
0.384001
0.0230128
0.0228241
0.0218524
0.0208211
0.0230318
0.0195232
0.0231157
0.0280992
0.696952
0.0206488
0.0556687
0.021237
0.0605317
0.0232113
0.0204308
0.0669684
1.80471
0.0684183
0.0445514
0.0260732
0.0212315
0.130459
0.0213343
0.0214982
0.0212328
0.0218123
0.0211293
0.0294593
0.0198368
0.02181
0.0211532
0.0214679
1.01114
0.0215411
0.0220052
0.700417
0.0211633
0.0249709
1.00853
0.0213342
0.0220661
0.0337464
0.020838
0.0208207
0.0880228
0.0215436
0.0220892
1.7365
0.0236423
0.0209323
0.832693
0.0209787
2.11069
0.0216084
0.101159
0.312583
0.0211328
0.391042
0.0210237
0.0215693
0.0212755
0.0195258
0.0239168
0.0209791
0.0216736
0.0203701
0.0195605
0.0195955
0.683175
0.885813
0.0221258
0.0222218
0.0210588
0.02213
0.0196393
0.693918
0.0212686
0.292907
0.21165
0.021524
0.021296
0.0216424
0.0214619
0.0207067
0.0221182
0.0211128
0.0211741
0.0210252
0.037622
0.0206776
0.0219683
0.0218698
0.0212818
0.0212252
0.681242
0.0287528
0.700668
0.021424
1.56008
0.0205027
0.0215245
0.456235
0.0218247
0.0600615
0.247266
1.79335
0.0216909
0.0333276
0.0211886
0.0213577
0.0211536
0.0214793
0.0212502
0.0209853
0.0214207
0.624024
3.10294
0.648297
0.0219655
0.0213898
0.0217631
0.0205933
0.021397
0.0226528
0.0204354
0.0219079
0.0219513
0.0204641
0.675416
0.0212508
0.0280007
0.0215606
0.0198206
0.0219094
0.0203947
0.359035
0.0400508
0.0216073
0.645391
0.0200236
0.718354
0.0213862
0.0223219
0.0214531
0.021248
0.0239341
0.0214802
0.0539553
0.0215218
0.0212364
0.358204
0.0212188
0.0225267
0.40604
0.514559
0.0220569
0.0212252
0.020408
0.102823
0.0560898
0.0212715
0.0318574
0.0212207
0.0215428
0.142437
0.0211974
0.152428
0.0209022
0.382474
0.0212347
0.390349
0.0195437
0.022141
0.406082
0.0217227
0.568776
0.0243709
0.0356221
0.020323
0.627517
0.0303156
0.0195607
0.0212377
0.021427
0.0211537
0.0212
0.0202117
0.161829
0.0208494
0.0208582
0.0748
0.0215303
0.0208255
1.44353
0.0202066
0.021854
0.0208433
0.0214482
0.647955
0.0222677
0.0208686
1.68396
0.597233
0.0197033
0.0214743
0.0208676
0.0290495
0.0219391
0.697185
0.0216321
0.0209427
0.0215687
0.200273
0.0209783
0.0211969
0.0207717
0.0228178
0.0428487
0.0212431
0.0218793
0.0212384
0.0232954
0.138597
0.0345732
0.0207752
0.0319359
0.0208618
0.0202675
0.0215012
0.0213105
0.0203645
0.0223653
0.0223309
0.54629
0.252585
0.0213287
0.158017
0.0217595
0.0214528
0.0212485
0.0216436
0.704785
0.0243924
0.0283342
0.36736
0.0336733
0.0225696
0.635024
0.0213723
0.0220314
0.0217741
0.0206289
0.640792
0.0217683
0.200515
0.0285804
0.0226971
0.720324
0.03699
0.0219466
2.25496
0.0213925
0.021105
0.0212858
0.711382
0.021281
0.0213744
0.0210852
0.0219935
0.0214312
0.0482965
0.0203943
0.252342
0.0272234
0.0680317
0.0219115
0.866413
0.0215133
0.62932
0.0212764
0.021268
1.92914
0.0217622
0.0198762
0.43373
0.0222097
0.0302215
0.021578
0.0212832
0.165257
1.77568
0.0213008
0.0731508
0.0195709
0.0218552
0.0207314
0.272199
0.547746
0.0215636
0.0214772
0.0223441
0.269099
0.0213153
0.0217804
0.0201408
0.0298925
0.0210586
0.0212329
0.0214338
0.19964
0.0211869
0.0212492
0.019537
0.0212869
0.021235
0.669135
0.0215074
0.020531
0.0209834
0.0352926
0.360206
0.0223212
0.0478286
0.0209127
0.0212375
0.0207115
0.0210241
0.0222461
0.0216903
0.0214979
0.323707
1.63609
0.0211233
0.615273
0.0207922
0.0673215
0.0232481
0.022235
0.262458
0.0212588
0.0213729
0.021497
0.0202975
0.0337219
1.81486
0.0219608
0.307779
1.39002
0.111635
0.0212277
0.0215436
0.0230506
0.873472
0.384683
0.0216098
0.0227342
0.0200271
0.0221916
0.795389
0.025645
0.0196043
0.0215103
0.0214372
0.0205689
0.0293403
2.68646
0.021714
0.021286
0.0208783
0.0212804
0.414875
0.73999
0.0203987
0.0350879
0.907553
0.020134
0.021386
0.0227368
0.0212009
0.0202663
0.0212667
0.0360583
0.0724981
0.022089
0.0219506
0.0229557
0.576277
0.0219795
0.0219128
0.677613
0.577727
0.421021
0.0213962
0.0203478
0.962719
0.0209444
0.0207746
0.0911093
0.867166
0.0216248
0.0219203
0.0212788
0.0212608
0.645749
0.020333
0.0221395
0.0203235
0.0205357
1.38307
0.0207526
2.22724
0.399352
0.0212252
0.0515146
0.021006
0.351247
0.0206109
0.0218197
0.0214319
0.0202259
0.02124
0.708699
0.0573416
0.649121
0.0222999
0.0213186
0.0219693
0.0212971
0.412482
0.428799
0.0213189
0.641848
0.480681
0.624722
0.111222
0.0228389
0.0214339
0.0205886
0.0900401
0.0381185
1.42434
0.859163
0.0212859
0.371528
0.977085
0.0209646
0.021073
0.0209742
0.0212709
0.342742
1.0075
0.0209953
0.0209405
0.44643
0.0210801
0.0417123
0.0212279
0.019896
0.0202358
0.0197134
0.6175
0.0195472
0.0218309
1.43075
0.0212817
0.685182
0.0203333
0.0212419
0.0214423
1.9812
0.022168
0.0204995
0.749794
0.0201317
0.0202816
0.990232
0.0209755
1.82092
0.0225974
0.132925
0.0212362
0.0930537
1.30581
0.020506
0.0233667
0.424048
0.0228537
0.0230342
1.6349
0.0838574
0.418525
0.0204648
0.509142
0.0214555
0.0205052
0.0327052
0.0212956
0.0233032
0.0208167
0.625263
0.0366274
0.559177
0.723956
0.0206902
0.920237
0.303742
0.0206506
0.0198475
0.0338434
0.0220951
0.108156
0.0200007
0.0606258
1.53165
0.0211161
0.0223243
0.025318
0.0214822
0.030252
0.0230501
0.0207126
1.96977
0.0213719
0.0224589
0.0262054
0.020591
0.364611
0.0239243
0.586423
0.0205664
0.273251
0.0204903
0.0207733
0.0227505
0.0212747
0.0212578
0.710561
0.0275048
0.0304888
0.0211602
0.0209722
0.0213081
0.0210133
0.0211891
0.0218512
0.0212733
0.720582
0.0254075
0.0218894
0.0201394
2.79564
0.0207621
0.0205265
0.0207326
0.0824177
0.0231921
0.0314439
0.0225618
0.0205665
0.0212776
0.221532
0.0212858
0.0254426
0.0198956
0.0200002
0.0220132
0.105109
0.0224115
0.0211418
1.5932
0.0219458
0.0212648
0.0214365
0.020639
0.419092
0.340942
0.0248432
0.0218247
0.0207174
0.432962
0.0691292
0.0219278
0.411575
0.021065
0.392047
0.512296
0.020215
0.0215659
0.0207406
0.0205629
0.0209745
1.87701
0.0207549
0.0206769
0.0216683
0.0208493
0.0206756
0.157204
0.0217518
1.58367
0.857055
0.24829
0.0218318
0.0208124
0.0208575
0.0212356
0.0557601
0.0301135
0.0216301
0.0221845
0.0214036
0.0214952
0.0211626
0.0248565
0.0212286
2.21132
0.0210702
0.0235731
0.0214303
0.0215827
0.0220354
0.0223812
0.0213085
0.0986925
0.398977
0.0213071
0.0220331
0.0213149
0.0206893
0.364863
0.0211606
0.0209946
3.7838
0.967986
3.29282
0.021485
0.445509
0.0212992
0.0212522
0.0218441
0.341369
0.27165
0.0218565
0.392067
0.0216966
0.0221458
0.0365167
3.47591
0.0213233
0.0219031
0.408518
0.0211399
0.0218277
0.714539
2.56117
0.21465
0.0213299
0.0211995
0.0211573
0.671845
0.0599669
0.021385
0.021994
0.0223651
0.021291
0.0213163
0.021168
0.0221935
0.0245824
0.0420834
0.0212833
1.95029
0.0208373
0.362909
0.0212272
0.021293
0.0316037
1.78148
0.720415
0.0212476
0.0218554
0.0232446
0.0210384
0.0209277
0.0208429
0.0697158
0.0340314
0.0207057
0.569534
0.0224936
0.0212901
0.0468151
0.021232
0.130433
0.0214217
0.0214929
0.668383
0.0256711
0.0227097
0.0213055
0.022738
0.412598
0.41586
0.0205915
3.34218
0.0315098
0.0230272
2.94523
0.0214831
0.0235102
0.0206326
0.0225496
0.0249695
0.0212748
0.021484
0.0212785
)
;

boundaryField
{
    frontback
    {
        type            empty;
    }
    topbottom
    {
        type            fixedValue;
        value           uniform 0.0223;
    }
    outlet
    {
        type            zeroGradient;
    }
    inlet
    {
        type            fixedValue;
        value           nonuniform List<scalar> 0();
    }
    walls
    {
        blending        binomial2;
        n               2;
        beta1           0.075;
        type            omegaWallFunction;
        value           nonuniform List<scalar> 0();
    }
    procBoundary3to1
    {
        type            processor;
        value           nonuniform List<scalar> 
147
(
2.05557
0.996903
1.49117
1.41543
0.954311
0.549647
0.539549
1.49246
0.503291
0.820151
0.524655
2.82977
0.313046
0.409964
0.306977
1.38054
0.98652
1.50128
0.421377
0.96419
0.75587
0.580898
2.22228
0.751388
2.00733
1.05839
1.36627
0.712953
0.810181
0.314338
2.11533
2.11533
0.318104
0.865838
0.794686
0.293844
1.00165
1.87137
1.36615
0.992103
0.39386
0.359547
0.347623
2.22597
0.486871
0.935579
0.359547
1.51402
0.314951
0.323366
0.323325
0.32171
0.421074
0.469897
0.451701
0.314639
0.347949
0.254233
0.327704
0.318148
0.276844
0.270276
0.247625
0.258811
0.432212
0.475795
0.307726
0.323053
0.332148
0.335697
0.245777
0.258254
0.511943
0.463247
0.469875
0.452054
0.311153
0.479391
0.471652
0.511339
0.478485
0.421754
0.522954
0.458322
0.422562
0.437783
0.496411
0.537224
0.490764
0.573835
0.533736
0.524655
0.422562
0.525566
0.485307
0.625011
0.611118
0.564474
0.49687
0.668608
0.574445
0.565995
0.678807
0.575781
0.486481
0.512216
0.461345
0.58013
0.521298
0.461345
0.700158
0.348424
0.795966
0.877144
0.762069
0.817852
0.780497
1.41474
0.888892
0.780497
1.0454
0.411574
0.716112
1.02108
0.98534
1.04853
1.40702
0.486431
0.435181
1.41281
1.41474
1.99943
1.89559
1.20333
1.37838
1.94501
1.03589
3.89442
0.408366
1.9312
0.970344
1.59975
1.9312
0.255464
0.248728
2.11701
0.432212
)
;
    }
    procBoundary3to2
    {
        type            processor;
        value           nonuniform List<scalar> 
73
(
0.0218237
0.0217881
0.0214047
0.0213958
0.0315845
0.0295291
0.0223439
0.0664994
0.0439354
0.150262
0.0217225
0.0216681
0.183207
0.0215491
0.0217225
0.0266438
0.027935
0.0295291
0.0214391
0.0231759
0.023582
0.0213812
0.0218479
0.021621
0.0228408
0.12299
0.101449
0.0215822
0.0213995
0.0221536
0.0513858
0.0241297
0.0213935
0.0215204
0.0214304
0.027935
0.0228596
0.0220174
0.0216681
0.0214951
0.217878
0.217878
0.0255923
0.0213833
0.0214186
0.0213807
0.0385902
0.0213893
0.0214586
0.0829528
0.183207
0.0214742
0.036418
0.0213838
0.312461
0.267431
0.0219054
0.0225858
0.267431
0.312461
0.0214109
0.0213861
0.0599915
0.0328582
0.0247869
0.371492
1.46835
0.0829528
0.021408
0.0214472
3.34668
2.64655
0.0214435
)
;
    }
}


// ************************************************************************* //
