/*--------------------------------*- C++ -*----------------------------------*\
| =========                 |                                                 |
| \\      /  F ield         | OpenFOAM: The Open Source CFD Toolbox           |
|  \\    /   O peration     | Version:  v2012                                 |
|   \\  /    A nd           | Website:  www.openfoam.com                      |
|    \\/     M anipulation  |                                                 |
\*---------------------------------------------------------------------------*/
FoamFile
{
    version     2.0;
    format      ascii;
    class       volScalarField;
    location    "850";
    object      omega;
}
// * * * * * * * * * * * * * * * * * * * * * * * * * * * * * * * * * * * * * //

dimensions      [0 0 -1 0 0 0 0];


internalField   nonuniform List<scalar> 
9793
(
0.132456
0.280043
0.1788
0.0210062
1.88435
0.0225757
0.021819
0.0207631
0.0215618
1.81918
0.0543493
0.0364577
0.0210509
0.0203297
0.0228417
0.0202574
0.0211339
0.0214081
1.20393
0.020307
0.078925
0.0227888
0.377012
0.0195605
0.0216504
0.0211472
0.0202533
0.0207971
0.0405958
0.0215508
0.0326777
0.361418
0.484545
0.0218576
0.0458024
0.300955
0.0223618
0.0227702
0.0208252
0.0210201
0.0325277
0.0228718
0.0220862
0.0219253
0.0221047
0.0213273
0.0441308
0.0863795
0.62772
0.0209793
0.0474962
0.0590651
0.022827
0.0215762
0.134629
0.105357
0.0214291
0.0941629
0.471881
0.0208087
0.0216198
0.0227929
0.548048
0.0218681
1.81191
0.466444
0.52842
0.649699
0.0441433
0.05336
0.134907
0.0207833
0.0211221
0.272477
0.0528526
0.383403
0.0214221
0.0200321
0.021287
0.0209201
0.463482
0.0212177
0.274354
0.0882439
0.0290834
0.101169
0.0210356
0.0214168
0.0223344
0.0213731
0.284011
1.33951
0.0203672
0.359952
0.0225443
0.108365
0.0980261
0.281763
0.0203402
0.0202428
0.020229
0.0212706
0.0203995
0.0203889
0.0200374
0.0285646
0.0221969
0.0217027
0.0225244
0.172669
0.0209662
0.0699728
0.0214114
0.271656
0.0585625
0.0214309
0.487152
0.0514424
0.0215083
0.340652
0.129286
0.0225952
0.0213282
0.0228269
0.0218354
0.0722497
0.0376708
0.118541
0.0217691
0.0211488
0.0213645
0.0214258
0.0211483
0.0214316
0.0215284
0.0214131
0.022195
0.0217602
0.0214044
0.0199617
0.0213178
0.0215648
0.0211745
0.0202429
0.0204095
0.0205639
0.243483
0.0202477
0.0203448
0.894125
0.565131
0.0213639
0.722697
1.82171
0.0203304
0.0219915
0.0206331
0.021491
0.0202353
0.021126
0.0207603
0.0207895
0.0201259
1.30789
0.269451
0.108863
0.108782
0.0248551
0.0202174
0.0209932
0.0211768
0.591535
0.268084
0.592582
0.0217849
1.28924
0.0214216
0.0195672
0.0211651
0.0263502
0.564165
0.0221881
0.020246
0.0215758
0.312097
0.0211074
0.104288
0.0211586
0.021302
0.0201409
0.0217938
0.0213305
0.66611
0.0702586
0.656413
0.0260903
1.48563
0.0209028
1.80247
0.0200302
0.0215202
1.39238
0.122182
0.0211562
0.0214205
0.0198601
0.141081
0.0201982
0.0264891
0.0222736
0.0291776
0.60246
0.665025
0.0215999
1.54651
0.0205225
0.0210923
0.345429
0.0198467
0.832779
0.0678826
0.0213634
0.0218446
0.0213328
0.111317
1.37077
0.022601
0.020331
0.0658552
0.0449215
0.0195932
0.0195655
0.0222592
0.0201682
0.0427914
0.822653
0.0213866
0.0211049
0.0860502
0.0211374
0.0261366
0.020322
0.0210602
0.479291
0.021071
0.0203331
0.0207506
0.0214796
0.0203497
0.0216893
0.0216743
0.0235185
0.0543784
0.0402142
0.0210162
0.0233588
0.0211625
0.0237659
0.0225817
0.0201809
0.292953
0.0210867
0.0540652
0.0215113
0.0252725
0.0196646
0.0196535
0.0290836
1.39398
0.0219795
0.0202009
0.0200074
0.0254074
0.021383
0.277464
0.277163
0.0211584
0.0786844
0.0213673
0.0403184
0.0214137
0.0196262
0.0221219
0.0208996
0.0376349
0.0213605
0.02167
0.0244868
0.0210601
0.0214119
0.0213932
0.484058
0.0221267
0.0224608
0.0214145
0.0214096
0.0219604
0.0249392
0.0212441
1.18116
0.0203423
0.399157
0.489286
0.022135
0.0219114
0.0202244
0.0260825
0.0236965
0.0213404
0.416163
0.0217314
0.020212
0.0238324
0.0217872
0.0215088
0.0212522
0.0903543
0.0210668
0.0246941
0.0223292
0.0209884
0.273396
1.48796
0.256891
0.0197287
0.329158
0.0220535
0.599128
0.0594693
0.0200509
0.0229603
0.0578305
0.021141
0.0247693
0.0636101
0.0207243
0.0219719
0.0215022
0.021044
0.0208494
0.99409
0.0211588
0.0209762
1.23533
0.0211467
0.0202323
0.0197157
0.0222221
0.0207379
1.39905
0.0218936
0.0213678
0.0216233
0.0212613
0.488648
0.0215541
0.0318244
0.0195753
0.0342359
0.123653
0.104375
0.03652
0.022169
0.0218116
1.54214
0.0217101
0.288318
0.0211374
0.0202154
0.489037
0.0244757
1.45206
0.0213712
0.0458397
0.424223
0.0224237
0.0210876
0.487558
0.02493
0.257699
0.0233807
0.021531
0.522915
0.0212707
0.0221606
0.0217863
0.0212626
0.020292
0.0215563
0.0230264
0.512827
0.021698
0.4394
0.355151
1.53137
0.0452723
0.210372
0.0209278
0.0215015
1.60973
0.355353
0.0203368
0.021792
1.37894
0.0199962
0.438598
0.0211233
0.0230486
0.0199826
0.0304613
0.021151
0.025427
0.0837561
0.0202179
0.378173
0.023531
0.0219662
0.0236198
0.0210463
0.022036
0.0206501
1.33161
0.0213429
0.0215289
0.0627398
0.0215156
0.0225358
0.0220544
0.0201006
0.0271009
0.0211321
0.0215357
0.0199333
0.394427
0.020477
0.395961
0.0210156
0.674122
0.0228618
0.0210637
0.0222685
0.021698
0.339166
0.0208828
0.102661
0.0201731
0.0211898
0.0221513
1.39467
0.0355923
0.135896
0.637508
0.0228349
0.0212597
0.0369483
0.0268288
0.0293264
0.278126
0.442141
0.0216315
0.0225982
0.0458996
0.0213329
0.021334
0.0213122
0.0203863
0.0220417
0.176812
0.0254409
0.420164
0.0204004
0.0264206
0.0195528
0.021684
0.0215255
0.0212451
0.0373194
0.0210761
0.02223
0.0199732
0.0213978
0.0228491
0.0758185
0.0211662
0.0212584
0.494229
0.0235597
0.021901
0.496849
0.67756
0.0215122
0.021978
0.0222628
0.0229138
0.0215503
0.0223343
0.0220829
0.020945
0.0211804
0.021031
0.207004
0.0602712
0.0206308
0.310353
0.0307289
0.0202923
0.0221425
0.0213187
0.0652347
0.0214055
0.0541631
0.0200757
0.0210726
0.0500238
0.0212917
0.031743
0.456801
0.0253165
0.0202846
0.470828
0.0233281
0.0205431
0.0211717
0.0539975
0.0209007
0.0205288
0.0212679
0.0208967
0.473869
0.0428731
0.0298673
0.0223339
0.0211417
0.0210232
0.021476
0.020866
0.0212835
0.0561402
0.112524
0.0200215
0.0222053
1.65526
0.0213302
0.0253685
0.0326953
0.0207225
0.0575563
0.461417
0.0213778
0.141889
0.0196346
0.14818
0.0242961
0.552308
0.0211018
0.0210442
0.0211519
0.291302
0.0218923
0.459513
0.469366
1.7708
0.0328199
0.0918085
0.029206
0.0228611
0.0291344
0.0220327
0.331178
0.0215435
0.660285
0.0198963
0.246195
0.0219758
0.0219153
0.0210064
0.152905
0.0199363
0.0207423
0.022198
0.0224963
0.0259384
0.0211339
0.0212574
0.0213074
0.021285
1.1964
0.0209763
0.440412
1.04127
0.0209879
0.0218068
0.027013
0.0217908
0.0213083
0.0217207
0.0224685
0.0243046
0.0221468
0.0225051
0.0204898
0.0214484
0.0220281
0.0238395
0.0217349
0.0223255
0.723362
0.0213203
1.42893
0.0245633
0.021928
0.0212675
0.0206955
0.0219341
0.0222344
0.0210581
0.0206687
0.0195267
0.0210449
0.020649
0.0211687
0.0231751
0.0198581
0.0219149
0.0220264
0.0215354
0.0230343
0.0221984
0.030339
0.0222696
0.021008
0.0212777
0.0205273
0.0199377
0.02095
0.0199707
0.0209589
0.0213296
0.0199248
0.0320006
0.0210267
0.0221751
0.0213437
0.657483
0.0210302
0.0199715
0.0531362
0.0196312
0.0215081
0.162315
0.0216684
0.0223562
0.0214045
0.094626
0.0207058
0.0495521
1.7931
0.388891
0.447698
0.0214533
0.0213507
0.384843
0.0213752
0.0199466
0.221385
0.658949
1.63982
0.0212884
0.0586988
0.0213538
0.0213369
0.235315
0.0211835
0.0447421
0.0215294
0.0599937
0.0209944
0.0229962
0.0219723
0.152751
0.888383
0.0211521
0.0214142
0.0262255
0.0209517
0.0228272
0.0497311
0.23626
0.0210766
0.0206991
0.0213799
0.327685
0.0217418
0.491012
0.34907
0.0209793
0.0272197
0.384499
0.0210308
0.0211547
0.0221405
0.0214446
0.0199221
0.125697
0.0199217
0.456491
0.0228294
0.190356
0.0531821
0.0214917
0.122489
0.542377
0.0217879
0.559149
0.0266347
0.0742893
0.0199337
0.019622
0.361883
0.0213208
0.858707
0.0209544
0.329627
0.0204821
0.0701966
0.372783
0.020972
0.734044
0.0214142
0.0222762
0.0338507
0.816348
1.05538
0.019936
0.0204975
0.0199839
0.425274
1.31342
0.0227139
0.0241345
0.0278202
0.019959
0.0209883
0.0215469
0.0508255
0.0236227
0.0213917
0.0208668
0.0207836
0.451933
1.59363
0.186492
0.0205333
0.0209226
0.65435
0.0211677
0.52278
0.040006
0.461805
0.247884
0.343653
0.0208528
0.0214984
0.0230299
0.0220597
0.0240488
0.0212154
0.0582685
0.377946
0.0204214
0.559192
0.0207746
0.399575
0.0216246
0.336986
0.0241119
0.0228225
0.0210905
0.0204024
0.029368
0.378295
0.385156
0.021393
0.0308784
0.0208577
0.0224315
0.0232266
0.301897
0.0240085
0.0745459
0.020846
0.0266931
0.0211357
0.0198824
0.0218626
0.0209489
1.63709
0.0211411
0.0225064
0.0223034
0.0218261
0.0199085
0.0507673
0.0215215
0.022021
0.0208687
0.0209986
0.30617
0.0210426
0.064396
0.0204315
0.0206811
0.0208567
0.0420728
0.0210505
0.0681599
0.021571
0.0213536
0.0208824
0.336288
0.309756
0.403977
0.169838
0.648325
0.0213056
0.0228937
0.286892
0.0199431
0.352698
0.306907
0.0502823
0.0994205
0.022404
0.305399
0.023237
0.384152
0.289315
0.0223622
0.0215698
0.303169
1.1017
0.0238397
0.0231874
0.0211994
0.0218482
0.0331419
0.0209217
0.0199224
0.0221165
0.0878525
0.0337574
0.0227751
0.373743
0.0208999
0.0199829
0.254247
1.36962
0.0342764
0.0219798
0.0892726
0.0205266
0.0199292
0.491168
0.0199092
0.0222869
0.308235
0.319288
0.0210644
0.484689
0.148837
0.0595816
0.200642
0.281781
0.0223332
0.713149
0.0216698
0.0208338
0.0213379
0.0215929
0.0209454
0.395532
0.0213501
0.49238
0.020324
0.036127
0.0217895
0.0341138
0.0224674
0.0211704
0.0400687
0.0203255
0.0199425
0.0743038
0.0219628
0.0277091
0.0211179
0.0200486
0.314878
0.877405
0.0225067
0.0195447
0.0195349
0.0204051
0.021727
1.34375
0.0733127
0.190088
0.0305849
0.310331
0.0214267
0.0271691
0.0247508
0.0232576
0.100362
0.0211025
0.0210053
0.140186
0.0328129
0.363271
0.0210574
0.358408
0.38555
0.0238991
0.0383362
0.0231604
1.34663
0.0214166
0.0242662
0.361364
0.0221092
0.0210694
0.0793131
0.0216209
0.0205025
0.0209877
0.169891
0.0216822
0.0251353
0.317938
0.0367863
0.0243487
0.0307801
0.176088
0.466517
0.158147
0.0199555
0.021496
0.0219928
0.0225491
0.0212301
0.636504
0.351361
0.0231858
0.446064
0.0461021
0.443365
0.0215197
0.342721
0.0212468
0.327154
0.0695896
0.0206168
0.66941
0.427129
0.0208553
0.0214615
0.0213376
0.211695
0.483346
0.0252354
0.0463644
0.0263613
0.06363
0.320634
0.337976
0.0210518
0.0213875
0.355977
0.234795
0.0210836
0.0212766
0.0199563
0.0217227
0.0215343
0.0242114
1.16609
0.0212655
0.0233412
0.354908
0.0216571
0.0216879
0.0238045
0.649843
0.0215112
0.0224989
0.159241
0.0217847
0.0200258
0.0218383
0.0209114
0.0223096
0.38123
0.455915
0.021511
0.166851
0.0238299
0.159716
0.0213488
0.0219205
0.0221683
0.0216843
0.324087
0.0212985
0.0220718
0.025218
0.021829
0.0204586
0.0248431
0.0212164
0.0924144
0.0214751
0.0210426
0.589918
0.0210813
0.703376
0.0253894
0.0209503
0.0393182
0.0222366
0.0303517
0.0972712
0.0202152
0.34294
0.0209752
0.021376
1.34656
0.492005
0.02023
0.0214688
0.0206706
0.021633
0.0785129
0.0220933
0.0214412
0.0219315
0.0217221
0.0219415
0.0212711
0.0202547
0.0209567
0.0211836
0.426365
0.023605
0.0200064
0.0384062
0.0214683
0.241386
0.0680864
0.0317194
0.0214538
0.0212369
0.0698183
0.0230221
0.0213503
0.0216275
0.386424
0.125979
0.0213582
0.0198107
0.0638658
0.0477447
0.0195999
0.395767
0.0358707
0.0214158
0.021795
0.0254667
0.0215789
0.0276457
0.453959
0.0214861
0.0545958
0.0265073
0.0299061
0.019807
0.0213424
0.0198386
0.0198175
0.126769
0.0210763
0.0573455
0.0448926
0.0198268
0.0218421
0.0299036
0.0215565
0.0216343
0.0213829
0.0223041
0.447035
0.0198291
0.0214839
0.347458
0.0220704
0.0215857
0.0229186
0.0210942
0.0216078
0.0211867
0.0214799
0.0222147
0.0216873
0.0956859
0.476568
0.01982
0.021414
0.0198232
0.0849801
0.0210089
0.0238219
0.0212826
0.0201835
0.0264739
0.0204118
0.0281969
0.0213951
0.0204262
0.309245
0.346388
0.0217214
0.0215944
0.0209562
0.075775
0.147827
0.0213851
0.384982
0.70903
0.0218432
0.0279045
0.386589
0.0232535
0.37694
0.0400818
0.040919
0.0211955
0.0293032
0.09206
0.0203668
0.300674
0.382616
0.021381
0.777883
1.67645
0.0234685
0.381941
0.0198039
0.0256856
0.0428699
0.0212423
0.312268
0.0198039
0.0391143
0.0627243
0.0198049
0.344836
0.0217487
0.021892
0.0309794
0.0233792
0.232904
0.40755
0.0200647
0.0235202
0.279119
0.0207034
0.0241661
0.0208089
0.385703
0.647722
0.0210971
0.0212753
0.0244341
0.267477
0.299058
0.0276167
0.0198184
0.0208981
0.304232
0.434081
0.0797599
0.0225985
0.0227184
0.0249625
0.020033
0.0221617
0.0239182
0.0228745
0.0208695
0.0238024
0.405974
0.112051
0.0209676
0.168441
0.0236164
0.0879433
0.745967
0.0416972
0.722285
0.0846272
0.0198176
0.115417
0.123153
0.439727
0.321866
0.0212472
0.12414
0.327011
0.0400876
0.0241859
0.323992
0.320646
0.0210725
0.0245747
0.023917
0.0212164
0.068544
0.0212709
0.0220066
0.0206207
0.0198063
0.0216889
0.0213493
0.0224842
0.0248236
0.337265
0.0239913
0.314924
0.0208218
0.0256537
0.0215393
0.295284
0.612936
0.0211853
0.042962
0.0212971
0.0202104
0.0212928
0.0201706
0.0210647
0.0915877
0.0215821
0.207038
0.0210324
0.0209459
0.421046
0.0223333
0.0217826
0.0211267
0.0212508
0.376032
0.0682571
0.419903
0.180701
0.658229
0.0215055
0.0217184
0.0213521
0.0236513
0.0403708
0.0797668
0.361108
0.0209585
0.0396907
0.0220587
0.163528
0.335225
0.0241812
0.611686
0.783712
0.0224229
0.0374151
0.0209016
0.0439012
0.0225591
0.0882628
0.0418926
0.0198177
1.47852
0.467762
0.0216299
0.0226644
0.0218384
0.17895
0.0207701
0.0216882
0.444753
0.0208067
0.489206
0.0255781
0.0235903
0.0220506
0.0217578
0.47871
0.0211423
0.433205
0.0239205
0.021291
0.0207137
0.0538254
0.0223965
0.36249
0.0222562
0.0240131
0.0239868
0.0669249
0.0228201
0.0213123
0.328374
0.0216634
0.0204122
0.10064
0.327657
0.0238914
0.0205206
0.0220347
1.38485
0.0599654
0.0211533
0.0317681
0.0204319
0.101167
0.0420477
0.0218826
0.0211125
0.0871949
0.0209598
0.0207358
0.0213668
0.0812522
0.618121
0.0216742
0.0238473
0.0217506
0.0219814
0.3856
0.0300438
0.0215772
0.0216903
0.0210345
0.0631431
0.455342
0.491647
0.0212264
0.133112
0.0202068
0.020155
0.0217777
0.0219303
0.0384934
0.0213486
0.0462306
0.347664
1.48702
0.023663
0.0214899
0.0215218
0.0362901
0.0206082
0.0212499
0.0316964
0.0214798
0.0212583
0.0220926
0.0238998
0.0199962
0.587361
0.0408759
0.023537
0.0231822
0.0262801
0.0229892
1.67617
0.0213629
0.0212565
0.0214761
0.0210461
0.021456
0.0208686
0.121232
0.0896028
0.0215602
0.0220197
0.021227
0.0234819
0.0227252
0.0480589
0.0220029
0.252356
0.0213024
0.0217935
0.0207144
0.0770357
0.0214806
0.258307
0.0214791
0.0215051
0.0195453
0.276936
0.0228842
0.0698055
0.312146
0.0218769
0.0214721
0.0211256
0.0213988
0.0212654
0.0219568
0.0242594
0.404009
0.0215633
0.0578224
0.214323
0.0231015
0.0988095
0.0215061
0.0231965
0.0209833
0.0203534
0.0202183
0.0213506
0.251207
0.0846635
0.0208314
0.495711
0.0542194
0.0212491
0.470449
0.0203287
0.0315119
0.022047
0.0210192
0.638436
0.0214687
0.0223743
0.0235674
0.0461635
0.0758573
0.0218987
0.0209711
0.0223056
0.623828
0.271854
0.0362105
0.0260942
0.0214477
0.0214024
0.347311
0.0216824
0.0278578
0.0279315
0.432038
0.0214551
0.0347102
0.0214687
0.0217524
0.0307443
0.0295778
0.0296708
0.0220517
0.021841
0.0250734
0.403087
0.0436424
0.0204054
0.0245209
0.0911105
0.0230963
0.0381609
0.0216055
0.0217
0.0213395
0.0239478
0.649464
0.0546621
0.0214575
0.970585
0.0235229
0.0256665
0.0214975
0.0213401
0.0213587
0.0199147
0.0476908
0.0222613
0.0222712
0.0220055
0.0213424
0.0214463
0.165132
0.0214062
0.0213888
0.0217382
0.411903
0.141938
0.021436
0.0211517
0.0214714
0.314407
0.0219677
0.101473
0.0214624
0.0471
0.0214402
0.021622
0.0409353
0.0216648
0.0309614
0.0216906
0.0214368
0.0203416
0.0224016
0.155878
0.0217519
0.0219391
0.325757
0.0215278
0.0222299
0.0219944
0.0215731
0.0212311
0.0219047
0.0327028
0.020748
0.0208181
0.0209454
0.345941
0.0236347
0.398221
0.0215013
0.0216719
0.59447
0.350979
0.315678
0.0252874
0.0293217
0.33581
0.0214918
0.412852
0.0219674
0.114318
0.02097
0.111238
0.343259
0.0195543
0.0232494
0.0220767
0.0222314
0.0198538
0.440065
0.0208953
0.333166
0.0216572
0.0213878
0.0217433
0.0198701
0.0217534
0.115652
0.0213407
0.0211339
0.0211317
0.0215694
0.0213697
0.170649
0.688715
0.46156
0.0214874
0.0201925
0.0234295
0.0214719
0.0213188
0.1065
0.0389775
0.0223118
0.0213187
0.260147
0.0225206
0.0204212
0.45181
0.0225799
0.0203044
0.0212838
0.0263682
0.349255
0.0214675
0.0212167
0.0532575
0.123493
0.0437647
0.62139
0.021297
0.0236746
0.0234849
0.0198977
0.0217233
0.32404
0.324007
0.425847
0.0212668
0.60797
0.0217016
0.0214744
0.0239254
0.0218853
0.0238973
0.0330589
0.0212305
0.0214717
0.0213185
0.0208833
0.0199571
0.0211297
0.0242872
0.314882
0.0261174
0.0195478
0.0199821
0.0212707
0.0218009
0.0213272
0.077809
0.0219333
0.0219838
0.0218918
0.330271
0.0212475
0.0229258
0.525151
0.021302
0.0212755
0.382333
0.0212043
0.0213585
0.021223
0.186319
0.0270178
0.0369932
0.0217449
0.241117
0.0201629
0.0201457
0.0204177
0.0212474
0.0352157
0.0212666
0.0216405
0.0418013
0.0213466
0.39854
0.0225341
0.0279395
0.0217223
0.111166
0.0304414
0.0214643
0.0211277
0.02192
0.0215451
0.0213181
0.384627
0.0209668
0.0439455
0.0211646
0.0215745
1.62108
0.0210645
0.979111
0.0812162
0.021294
0.0528317
0.0211445
0.0218294
0.021248
0.0217407
0.0207245
0.0213263
0.0212912
0.021355
0.106779
0.0214866
0.0209625
0.0217959
0.0207938
0.0212057
0.0212065
0.0214132
0.0205141
0.0213065
0.0212604
0.02137
0.021253
0.0218543
1.38824
0.021127
0.0218758
0.044226
0.322658
0.0199323
0.0254176
0.0209778
0.0210473
0.0212816
0.0214333
0.661043
0.325563
0.0211075
0.0226008
0.320154
0.0215387
0.0199534
0.390977
0.019927
0.360554
0.0214689
0.0667112
0.0235506
0.235724
1.41313
0.461127
0.0209883
0.021102
0.0199723
0.0239713
0.0618583
0.0223931
0.0571316
0.42724
0.0213688
0.248935
0.0451249
0.0205905
0.0203988
0.0307431
0.0295877
0.0212908
0.0210236
0.0201027
0.0238596
0.0237833
0.024077
0.0237138
0.0239602
0.395864
0.0210729
0.0212423
0.0211528
0.219499
0.0238909
0.023923
0.15931
0.41316
0.0230904
0.0210403
0.0237481
0.0212189
0.0330599
0.0213517
0.021987
0.0498591
0.0239741
0.100605
0.0198202
0.302847
0.033162
0.0873619
0.327551
0.640505
0.0211136
0.0213404
0.0213305
0.0915548
0.0214054
0.0208836
0.0213319
0.0278564
0.585744
0.271109
0.0236311
0.0227836
0.396047
0.0358782
0.287838
0.044039
0.0442225
0.0366885
0.528627
0.306104
0.0211084
0.0211219
0.0211324
0.0403481
0.0232836
0.0371673
0.0208338
0.0212348
0.0212202
0.193953
0.021174
0.0211807
0.0210537
0.0324068
0.0209489
0.0211539
0.0203173
0.0246557
1.22461
0.0271458
0.023608
0.021493
1.11325
0.0255187
0.0199146
0.0213236
0.0201856
0.179617
0.0215337
0.0215758
0.179053
0.0211452
0.0210013
0.0209641
0.0214137
0.0825762
0.0209991
0.0215245
0.0211113
0.0216193
0.0212335
0.0211374
0.0210562
0.0212333
0.021334
0.400037
0.0212422
0.0206812
0.0763249
0.0483975
0.0257806
0.0625258
0.0209794
0.217708
0.0212862
0.0275802
0.0210803
0.45577
0.0211141
0.0212276
0.0201304
0.315286
0.0240236
0.0211975
0.805944
0.0212075
0.0201264
0.0212128
0.0219587
0.0262731
0.0209589
0.406664
0.021444
0.0361394
0.0381614
0.0213425
0.0317406
0.0210004
0.0206084
0.0211846
0.340105
0.0245934
0.0246006
0.0385556
0.824445
0.025682
0.0310687
0.0240329
0.0213007
0.0197742
0.175745
0.401635
0.0209776
0.0333402
0.0208953
0.0210169
0.391992
0.020512
0.0212748
0.145079
0.0386619
0.478171
0.0212908
0.0210315
0.0351443
0.020941
0.0200148
0.399369
0.021196
0.026094
0.842158
1.35448
0.0213245
0.0221483
0.021121
0.0198273
0.0238547
0.0215679
0.0213985
0.0316768
0.0206743
0.0244348
0.0213468
0.0222989
0.0233517
0.588497
0.0239118
0.0216803
0.167091
0.316996
0.0212352
0.265977
0.0216205
0.021262
0.0213264
0.0209803
0.0235572
0.0195246
0.312644
0.0211598
0.0236542
0.0217633
0.0197353
0.0210358
0.0212759
0.0232281
0.0208136
0.0211425
0.0218663
0.0214269
0.368278
0.0213636
0.0219898
0.0470371
0.0221422
0.0202159
0.31658
0.243361
0.37051
1.44808
0.0636604
0.0205562
0.0220205
0.562506
0.724035
0.0255744
0.24215
0.319184
0.0214637
0.282287
0.411812
0.0214947
0.192584
0.0218508
0.571242
0.259037
0.417712
0.0219148
0.0210049
0.0499248
0.0212607
0.0213521
0.135553
0.0867446
0.0213288
0.0214071
0.0211046
0.683448
0.0210852
0.0210589
0.021227
0.0209988
0.0210121
0.177916
0.0217975
0.0209579
0.0213693
0.0286448
0.256662
0.633539
0.0212788
0.0211269
0.0224893
0.0212726
0.0209902
0.0211224
0.613875
0.021221
0.0338191
0.0211316
0.021453
0.0202997
0.0213101
0.455499
0.237678
0.0205352
0.0216592
0.303568
0.412748
0.0395057
0.5094
0.0213055
0.0287256
0.021103
0.0197238
0.0210978
0.0201419
0.0210617
0.0212382
0.0215737
0.109804
0.0199109
0.371934
0.601525
0.0198169
0.0293408
0.0420252
0.021832
0.0211218
0.021204
0.0211132
0.0210326
0.311329
0.0197866
0.0210704
0.210622
0.0210947
0.0212863
0.0209781
0.0323848
0.0213706
0.0213593
0.652282
0.0206625
0.0205972
0.0210858
0.0328901
0.0212414
0.0196067
0.0210923
0.019919
0.514441
0.139512
0.021028
0.12674
0.0197585
0.0212456
0.0216599
0.263363
0.870996
0.0200045
0.0228109
0.0213073
0.0211407
0.0210971
0.0210908
0.271584
0.319635
0.0212796
0.0218074
0.0259157
0.0209571
0.0210612
0.0239431
0.0261483
0.65923
0.0212938
0.0234043
0.414505
0.0211179
0.0234959
0.290473
1.3549
0.0206573
0.0209453
0.0209178
0.0211176
0.0209687
0.276809
0.0210471
0.420237
0.266564
0.0218274
0.0235133
0.307442
0.0199993
0.130539
0.344049
0.100067
0.024692
0.0211759
0.0222179
0.271871
0.0208169
0.0260993
0.0209522
0.0200084
0.0200708
0.020123
0.0211257
0.410343
0.0215703
0.449943
0.112655
0.0761713
0.481118
0.0197489
0.0213692
0.0225612
0.344373
0.0211636
0.624728
0.0235128
0.0200003
0.0209269
0.269209
0.0209214
0.0250869
0.321459
0.0210422
0.331614
0.0217667
0.0415354
0.157455
0.021378
0.0205895
0.0375373
0.119798
0.0211899
0.0225745
0.0201758
0.0211435
0.0208631
0.396995
0.0209919
0.0198956
0.0537185
0.0200985
0.334242
0.021396
0.021171
0.0211144
0.530535
0.0209662
0.0208873
0.512279
0.120626
0.408887
0.0213081
0.0201136
0.0319552
0.730396
0.0763246
0.152726
0.0235415
0.0238411
0.0215261
0.021264
0.0239385
0.0217118
0.0210816
0.0203743
0.0297594
0.0238967
0.0209183
0.0196079
0.0214921
0.0205773
0.0211897
0.0236285
0.0988428
0.437553
0.0246369
0.462801
0.402076
0.0206292
0.0209379
0.0219306
0.0326425
0.0201963
0.0213708
0.0209042
0.0209915
0.0211363
0.0497678
0.0212651
0.0374903
0.0212581
0.0208376
0.012993
0.0338659
0.0213746
0.0208692
0.0208425
0.64227
0.0642923
0.0214633
0.020222
0.0215368
0.0209295
0.0212274
0.021005
0.107585
0.0209896
0.0208393
0.09302
0.0204705
0.0672925
0.023511
0.0210228
0.0213024
0.250896
0.0409897
0.271812
0.514365
0.0233534
0.0221211
0.0216606
0.0212376
0.0268634
0.0208111
0.699674
0.634523
0.0224855
0.0342773
0.279007
0.020839
0.464305
0.0229752
0.244767
0.0218001
0.0207729
0.0207893
0.0217051
0.0210707
0.0521034
0.39419
0.032928
0.0211658
0.0209025
0.0208487
0.0642235
0.0230355
0.0136484
0.0208719
0.021206
0.0316722
0.0210193
0.112511
0.0465466
0.0208673
0.0213674
0.019712
0.021166
0.330032
1.47101
0.020851
0.021044
0.0206533
0.309757
0.0211426
0.023399
0.140843
0.107612
1.37888
0.145431
0.505171
0.0212379
0.0261963
0.0215272
0.0210697
0.0226945
0.0459154
0.0204571
0.0210994
0.0355299
0.0212466
0.0201451
0.322591
0.0198652
0.0210525
0.0348611
0.346395
0.0200068
0.0201971
0.0421036
0.317845
0.0381432
0.346385
0.0212828
0.654356
0.02097
0.0242381
0.0454107
0.775061
0.415153
0.0244555
0.668652
0.0733298
0.205066
0.0206006
0.0210063
0.0202134
0.0212367
0.105379
0.0207588
0.0471979
0.0199695
0.0214922
0.0213128
0.426609
0.021316
0.167683
0.0231147
0.0257397
0.0276117
0.021472
0.0585846
0.0197028
0.0344706
0.0212323
0.0656551
0.0214019
0.0365112
0.238236
0.0254848
0.367652
0.0207825
0.389807
0.0234456
0.0244477
0.0213765
0.748133
0.0215148
0.0208814
0.0211954
0.15412
0.0214396
0.0197194
0.0397063
0.0244048
0.064771
0.0208316
0.0199978
0.78844
0.0361062
0.32757
0.50564
0.0208446
0.0193812
0.452792
0.0450988
0.0206665
0.0332046
0.328565
0.0207603
0.0215735
0.0197744
0.0655348
0.372752
0.276049
0.0347531
0.020792
0.0206519
0.0216644
0.0201731
0.0222168
0.0236241
0.021951
0.020374
0.497772
0.021684
0.0212026
0.0215679
0.27177
0.14064
0.0214153
0.0231325
0.0236984
0.466963
0.0207747
0.32582
0.0212984
0.0337599
0.542046
0.0213746
0.370123
0.0203957
0.0197873
0.0207902
0.0208255
0.0206402
0.0208161
0.0197538
0.130112
0.0234526
0.0209939
0.478536
0.0208689
0.0212722
0.0206314
0.662525
0.0208911
0.0226073
0.0394365
0.0360104
0.0208979
0.0197628
0.619696
0.02119
0.477898
0.285445
0.0212674
0.0216323
0.0306791
0.237791
0.0279242
0.0201697
0.0206286
0.022353
0.0272536
0.022845
0.0291947
0.0378481
0.021774
0.0216886
0.0236353
0.021927
0.034309
0.494218
0.0205462
0.338628
0.0320323
0.0212755
0.0209154
0.0208757
0.0208479
0.0206373
0.020999
0.0207356
0.0215758
0.028963
0.0224741
0.0210251
0.0229989
0.0242274
0.0205829
0.020702
0.0884881
0.022336
0.0226062
0.0205662
0.0213812
0.0205423
0.0199729
0.433865
0.0213311
0.0210535
0.439859
0.529255
0.383974
0.0208749
0.247101
0.0214518
0.101974
0.483009
0.0216985
0.536364
0.0206712
0.020288
0.459013
0.0208333
0.0480735
1.38559
0.450857
0.0235465
0.226435
0.0211683
0.0208195
0.0219551
0.0206396
0.440259
0.386793
0.0208602
0.455191
0.0722666
0.0197101
0.0206544
0.0245452
0.21185
0.0718467
0.0243625
0.289124
0.489469
0.0212171
0.442241
0.469275
0.161037
0.560183
0.0206731
0.465626
0.0197487
0.298439
0.305901
0.019787
0.793747
0.399718
0.0385842
0.0196235
0.347942
0.0203869
0.0206598
1.6694
0.703896
0.0206699
0.0211115
0.141127
0.0197394
0.0242816
0.0207846
0.0406137
0.12114
0.0220158
0.0214495
0.316708
0.0338002
0.229126
0.331051
0.020769
0.287558
0.0210174
0.361868
0.0245822
0.0200856
0.40195
0.0213224
0.163337
0.0213457
1.59881
0.021088
0.0210248
0.0202243
0.0213309
0.020486
0.0214956
0.150546
0.615674
0.020585
1.19307
0.0713549
0.0203083
0.0205506
0.488021
0.0614567
0.174608
0.453897
0.237423
0.0205536
0.0211859
0.229827
0.0248832
0.361511
0.0288016
0.0206149
0.0212158
0.0205935
0.0197856
0.0205883
0.0328401
0.0205704
0.336423
0.0208926
0.0213438
0.0765026
0.0197528
0.0330538
0.683049
0.0207912
0.0207698
0.020947
0.0276437
0.0196229
0.0201528
0.270428
0.369073
0.0258666
0.0213547
0.029724
0.0205215
0.0209498
0.0212368
0.301301
0.190503
0.314657
0.412782
0.0306609
0.0410016
0.083529
0.021009
0.0226922
0.0196328
0.0196187
0.0231616
0.0208035
0.416429
0.290134
0.0228627
0.628854
0.0282615
0.423052
0.314485
0.0200114
0.0665846
0.0230174
0.0355175
0.0213042
0.0204451
0.0201094
0.0292148
0.415784
0.461867
0.444924
0.0209576
0.190448
0.0205738
0.173681
0.413185
0.0204644
0.0217787
0.0208846
0.680815
0.314375
0.0216182
0.0196128
0.0326606
0.0224226
0.308548
0.0214356
0.0209731
0.4758
0.301256
0.0205168
0.0237648
0.0206773
0.0233263
0.0214964
0.46338
0.020696
0.0215323
0.0463041
0.0213302
0.0208369
0.239798
0.045112
0.021439
0.0212528
0.0216374
0.0205827
0.0204908
0.094105
0.405635
0.0208254
0.0237005
0.0208156
0.0213525
0.0213408
0.0211126
0.419079
0.371797
0.0752047
0.377427
0.020746
0.0242339
0.0208319
0.0211331
0.0520698
0.0212691
0.153403
0.0207128
0.284297
0.0214053
0.232181
0.318424
0.0202037
0.0208251
0.0464929
0.034313
0.110399
0.339581
0.216816
0.419583
0.0236536
0.021177
0.301814
0.0207468
0.315395
0.0199219
0.0747515
0.0273756
0.0208146
0.0210124
0.0208589
0.0361426
0.280647
0.0209554
0.082369
0.0213553
0.0442
0.0204646
0.0236914
0.0292911
0.0204317
0.55077
0.0674494
0.0201855
0.38842
0.0604713
0.0712203
0.0204526
0.354882
0.0206547
0.0202138
0.0314685
0.0204506
0.161441
0.0199592
0.0207974
0.0204988
0.02332
0.335706
0.0207359
0.383887
0.0197036
0.0248646
0.338007
0.0209281
0.340046
0.0485635
0.0319237
0.0981893
0.0210416
0.0205279
0.930004
0.0204713
0.020355
0.0206604
1.73197
0.333913
0.165332
0.714507
0.0200912
0.0210205
0.0205551
0.0313729
0.0206484
0.526924
0.102599
0.0212281
0.36748
0.0221245
0.294676
0.020373
0.0201606
0.0230589
0.0213001
0.19841
0.472503
0.0203109
0.0217881
0.0206807
0.431436
0.135538
0.0208296
0.424401
0.020967
0.0212922
0.0197196
0.0200452
0.0845848
0.321865
0.0204288
0.355937
0.390216
0.0197604
0.440367
0.020594
0.0208797
0.0636534
0.0203141
0.445127
0.0197917
0.0217927
0.358231
0.0197486
0.0200716
0.0208681
1.93487
0.0245768
0.684968
0.157271
0.0239485
0.0232138
0.16132
0.0204928
0.645842
0.0345974
0.0206259
0.292794
0.621893
0.0443528
0.121737
0.0250921
0.0203596
0.434829
0.0632243
0.289965
0.314485
0.0204622
0.0203079
0.0207299
0.389552
0.0202881
0.0201352
0.27434
0.025101
0.0212733
0.0203422
0.0208262
0.0202695
0.0202545
0.108603
0.0208142
0.200428
0.329124
0.0208219
0.022756
0.0206158
0.0203792
0.268493
0.118293
0.505078
0.490091
0.0204952
0.0206602
0.0352663
1.37938
0.334071
0.020399
0.550969
0.384378
0.0199083
0.0379082
0.0271955
0.0201298
0.0208311
0.0205852
0.02092
0.0200774
0.059826
0.407013
0.0207565
0.28752
0.0213194
0.0331851
0.0208961
0.0213234
0.0266878
0.0599139
0.0257805
0.0203192
0.0197974
0.0202751
0.0202707
0.387568
0.0452604
0.390115
0.0707783
0.295388
0.0217277
0.0202948
0.050681
0.293612
0.0212164
0.354058
0.0220991
0.0197485
0.147618
0.362826
0.0214471
0.0246211
0.0729805
0.618443
0.0280834
0.0202574
0.0234253
0.0206941
0.216817
0.0206471
0.359133
0.356785
0.0356011
0.20891
0.0406999
0.0357903
0.303309
0.0208518
0.0203058
0.0206536
0.0207253
0.329255
0.0206054
0.0206125
0.0237474
0.0210409
0.0201767
0.237658
0.252983
0.315017
0.0202013
0.349988
0.317593
0.25882
0.0207057
0.0203235
0.0218705
0.0201546
0.306579
0.0232115
0.0202641
0.0278499
0.0205618
0.336647
0.0472035
0.0205938
0.581662
0.128882
0.0203402
0.321201
0.387764
0.0933597
0.0207307
0.304511
0.365995
0.0196294
0.0204932
0.365056
0.0199727
0.0208332
0.403477
0.0210695
0.0203583
0.0205032
0.0203236
0.290107
0.0201619
0.020333
0.317311
0.0814797
0.0204767
0.0207318
0.232722
0.308732
0.0210447
0.10804
0.0203727
0.661967
0.0700828
0.0215327
0.0202042
0.308539
0.466926
0.0216926
0.0200862
0.385514
0.0231627
0.020186
0.714501
0.0209066
0.0764438
0.0204584
0.365117
0.32626
0.262485
0.346059
0.0204057
0.284458
0.020847
0.0286016
0.315697
0.0201415
0.0483013
0.0198069
0.385716
0.020678
0.0203309
0.019958
0.0204404
0.0202115
0.0200976
0.0448932
0.0214319
0.063934
0.0216734
0.0196923
0.0218815
0.380176
0.0205392
0.288606
0.0202552
0.0210704
0.467848
0.0211294
0.31885
0.0233349
0.150622
0.0200596
0.0201181
0.0214321
0.0214832
0.0202035
0.0223977
0.0212521
0.283717
0.0201386
0.0214973
0.0205183
0.368457
0.336221
0.0215278
0.0635834
0.020741
0.0364511
0.023654
0.0202074
0.309169
0.0208076
0.0199069
0.327832
0.617855
0.227777
0.328046
0.0217035
0.357866
0.02629
0.0211859
0.343716
0.33959
0.0204072
0.381247
0.354141
0.0212566
0.0201931
0.027383
0.432299
0.280566
0.267217
0.324306
0.0233569
0.0201755
0.305257
0.33108
0.0207502
0.0197737
0.0208271
0.0221619
0.0202101
0.0200821
0.292891
0.0477828
0.0200409
0.371984
0.386873
0.05124
0.320803
0.0201033
0.020108
0.0618821
0.134576
0.238037
0.0232993
0.381377
0.0200344
0.322916
0.346851
0.0263458
0.0214847
0.0211104
0.0203182
0.338677
0.0204769
0.0200855
0.309213
0.0443691
0.0204782
0.329385
0.183485
0.0261942
0.0622412
0.37359
0.0204672
0.0202864
0.020866
0.0415143
0.0210598
0.0367192
0.0213148
0.0201391
0.306947
0.0200459
0.263368
0.325057
0.0200421
0.341728
0.3082
0.0188655
0.020655
0.020139
0.0200656
0.389481
0.020292
0.3777
0.774709
0.320689
0.0311494
0.0334256
0.0209351
0.0210506
0.0277413
0.318299
0.0205462
0.326794
0.302027
0.283751
0.0197754
0.32835
0.0363206
0.367167
0.520256
0.0200671
0.0204652
0.365332
0.0207347
0.0200602
0.323924
0.0208762
0.0212184
0.485465
0.304796
0.0200741
0.0203849
0.325309
0.324734
0.318137
0.385868
0.0197155
0.132142
0.020234
0.0199483
0.343727
0.0202026
0.0202117
0.0197882
0.315263
0.0196901
0.0197499
0.250094
0.020171
0.0212759
0.0205297
0.0221357
0.020277
0.329032
0.182893
0.0201532
0.0202351
0.0204736
0.0198243
0.0199716
0.0200918
0.0202915
0.0205064
0.0197746
0.0203915
0.339092
0.0201772
0.0209697
0.0208965
0.0196802
0.476074
0.0197161
0.0201198
0.0407839
0.241491
0.0222
0.345499
0.0212784
0.0198055
0.0201489
0.339045
0.0202918
0.0489798
0.0264674
0.244945
0.0209305
0.019952
0.316378
0.036469
0.319395
0.211008
0.0193673
0.0199756
0.0196773
0.0305182
0.0207304
0.136619
0.2818
0.0213789
0.0211005
0.019947
0.262922
0.0199241
0.0197524
0.0206165
0.0954784
1.38534
0.318778
0.0201169
0.0210461
0.0207058
0.363287
0.0220606
0.0210638
0.0215241
0.0333658
0.0229348
0.14444
0.0284637
0.154525
0.518326
0.0202708
0.0201972
0.0228495
0.270441
0.0199801
0.0198952
0.0252289
0.055288
0.37617
0.0200842
0.0212453
0.0203192
0.0221467
0.019835
0.0212691
0.372468
0.382545
0.0201924
0.0220694
0.0207511
0.0215425
0.0205299
0.0201556
0.29846
0.0241444
0.0196911
0.292994
0.0220312
0.0392776
0.0218076
0.0271
0.282678
0.0209772
0.283693
0.0204774
0.0197999
0.378492
0.265965
0.27223
0.0221336
0.0206778
0.0201839
0.0215246
0.263922
0.020202
0.064188
0.0229771
0.0201066
0.674321
0.019895
0.0198957
0.0206153
0.0201737
0.274815
0.020996
0.020152
0.0220494
0.0531687
0.434583
0.0199053
0.0207602
0.0204177
0.0284834
0.323733
0.0203513
0.0199927
0.0202806
0.284737
0.0271276
0.356068
0.0200224
0.0210747
0.0368826
0.020588
0.0197314
0.381473
0.112801
0.0203843
0.301958
0.0199891
0.210755
0.155464
0.146124
0.250058
0.020345
0.0201888
0.02002
0.0199331
0.0211912
0.0196723
0.0201763
0.0197585
0.0263676
0.288295
0.023987
0.0210925
0.0201214
0.0210813
0.0272246
0.115592
0.0199352
0.0206624
0.0200085
0.0208415
0.0214954
0.0200534
0.0201525
0.0231724
0.332601
0.358854
0.0199629
0.130765
0.0906543
0.0199574
0.0217594
0.0199007
0.299767
0.0198966
0.292955
0.0574775
0.270332
0.314772
0.0897038
0.0227686
0.115898
0.0200109
0.31743
0.221639
0.289138
0.0308249
0.021187
0.310231
0.0201181
0.0251144
0.338544
1.40004
0.0198923
0.339891
0.0225605
0.0213077
0.0200989
0.325786
0.019809
0.0202663
0.129689
0.0659008
0.311876
0.0201917
0.308037
0.0200318
0.0219475
0.0232481
0.0367404
0.0196067
0.0200862
0.188841
0.0208813
0.0657548
0.0246519
0.143094
0.333381
0.0211753
0.328251
0.220087
0.0207644
0.0208928
0.517926
0.165427
0.266287
0.209078
0.0223409
0.0197021
0.0584041
0.284626
1.07592
0.0203349
0.22984
0.0268572
0.0218369
0.020772
0.0201507
0.0231547
0.0197885
0.0199069
0.0209523
0.0202822
0.0226041
0.020298
0.0208426
0.0208308
0.0206218
0.020326
0.0197819
0.0204091
0.265334
0.0205907
0.341618
0.880887
0.437914
0.0312326
0.353284
0.0233294
0.0206199
0.0197867
0.0203303
0.37414
0.0205498
0.367547
0.0685768
0.0221085
0.0194259
0.0229651
0.0202199
0.110103
0.0230676
0.0432034
0.0222954
0.325341
0.0297041
0.0301718
0.0197853
0.0213814
0.0207148
0.283646
0.0205262
0.0210128
0.0201194
0.0197794
0.301922
0.0325975
0.0204971
0.0204198
0.02
0.0201828
0.0197947
0.328254
0.0202146
0.0197002
0.29702
0.0209903
0.020612
0.0230536
0.0199118
0.307861
0.0205601
0.0209685
0.0202462
0.0197329
0.0203682
0.019695
0.0456569
0.380152
0.0197456
0.0209143
0.0206287
0.315607
0.0223118
0.0220813
0.257294
0.020828
0.0220194
0.0218867
0.0200316
0.0203991
0.0195919
0.260666
0.0204284
0.0197993
0.0197904
0.0197756
0.313416
0.0202463
0.0211137
0.0205262
0.0198886
0.227299
0.019782
0.0209806
0.328596
0.33614
0.0197542
0.304988
0.0197187
0.0213175
0.0287237
0.365227
0.278181
0.54769
0.0200969
0.0197572
0.0206627
0.302083
0.0196722
0.0200327
0.0202069
0.0197412
0.0215477
0.0197338
0.021499
0.0201299
0.0205028
0.019864
0.0254319
0.0197313
0.0198068
0.292157
0.0201208
0.0207101
0.0197296
0.0197659
0.0198951
0.0197185
0.0198789
0.210165
0.0197197
0.0205274
0.0226818
0.0196846
0.342732
0.0197466
0.0196076
0.0244531
0.0203968
0.0196829
0.01988
0.0197762
0.0197817
0.639194
0.17019
0.0199782
0.0228581
0.0230263
0.0202838
0.297211
0.021556
0.0202466
0.0198191
0.323241
0.0198992
0.0204996
0.0198846
0.0203482
0.0224382
0.0201951
0.255452
0.0228489
0.0209511
0.0216864
0.0199924
0.275372
0.0332783
0.0196994
0.0210067
0.341351
0.239599
0.294591
0.0821431
0.020718
0.0201181
0.378849
0.0197334
0.0211307
0.0219671
0.0238509
0.290769
0.0205752
0.0198291
0.0203143
0.02011
0.425465
0.0229474
0.0215986
0.0204629
0.0206825
0.0196714
0.0227569
0.0207753
0.0200272
0.393636
0.0210993
0.0212223
0.0201581
0.0197979
0.326475
0.0232453
0.0197864
0.0231403
0.0200221
0.0200785
0.0214218
0.0198789
0.0209303
0.418589
0.0197287
0.257623
0.0207803
0.0199053
0.0201497
0.0319677
0.0209376
0.0203133
0.0202293
0.606146
0.0197887
0.0201336
0.16368
0.457755
0.019788
0.266085
0.343053
0.020705
0.0198791
0.282401
0.0201872
0.287705
0.0204081
0.0202287
0.0225396
0.021111
0.0214417
0.0209351
0.0204582
0.02087
0.281511
0.0197315
0.284755
0.0252691
0.0212067
0.0228282
0.0198801
0.0202228
0.0495169
0.0198954
0.0206305
0.0212998
0.021719
0.0198148
0.0219118
0.022464
0.0197609
0.0214616
0.0207247
0.0197425
0.0201259
0.0205592
0.42956
0.206723
0.325075
0.019952
0.0197011
0.0197344
0.38485
0.0204584
0.144678
0.0202812
0.28866
0.296119
0.161581
0.0197036
0.275893
0.0207472
0.0520831
0.0261649
0.020066
0.312073
0.0212645
0.0196617
0.0207245
0.0197099
0.0196849
0.0200803
0.0438628
1.25185
0.0207518
0.0222773
0.0196835
0.0198002
0.0207818
0.819497
0.199127
0.061325
0.0203121
0.0197006
0.0297499
0.0197303
0.280412
0.0202512
0.0209622
0.0206911
0.0205221
0.0220915
0.0208567
0.0199157
0.0199568
0.290653
0.270762
0.019584
0.0207899
0.0197596
0.267177
0.0197672
0.0202795
0.0196092
0.0197289
0.0224297
0.0224665
0.0240993
0.0202932
0.0298077
0.303296
0.0233232
0.0206436
0.0197965
0.0195913
0.0198596
0.0211935
0.0199405
0.0195956
0.0295707
0.0224671
0.0224388
0.0196555
0.256679
0.0198687
0.0201991
0.0246399
0.0200103
0.0198831
0.0348087
0.0197152
0.422012
0.0622984
0.0196682
0.0196199
0.0208349
0.0209278
0.189366
0.0214261
0.0196681
0.0203461
0.0201232
0.022463
0.0224415
0.267592
0.0197199
0.0224542
0.0209052
0.0199697
0.0208079
0.0224457
0.020222
0.0199808
0.0201547
0.0200356
0.0224324
0.0205644
0.0457464
0.0215007
0.0198158
0.276668
0.0342542
0.01995
0.444835
0.0197062
0.419256
0.328759
0.020814
0.0230868
0.0205726
0.0230227
0.02244
0.0201617
1.15172
0.0204956
0.0201241
0.0198571
0.236742
0.0232292
0.0195776
0.0203628
0.0206584
0.0224268
0.0203168
0.292059
0.424982
0.0279528
0.0221119
0.0201183
0.019776
0.0240594
0.0204536
0.0230136
0.035185
0.0200031
0.020846
0.0208894
0.344598
0.0196928
0.0203293
0.313352
0.0224683
0.0195959
0.0207149
0.0197749
0.327641
0.0412062
0.0198137
0.0196104
0.0206619
0.0197538
0.0203545
0.304681
0.0197463
0.325591
0.022454
0.185254
0.0286028
0.0209349
0.0230674
0.0239329
0.246466
0.243715
0.655393
0.0232968
0.0195854
0.0200974
0.0206116
0.302973
0.0196034
0.28148
0.275326
0.0228188
0.0232189
0.0224772
0.022487
1.24326
0.316308
0.0196945
0.0200553
0.0200254
0.020673
0.0201805
0.0230739
0.0214027
0.0224733
0.02253
0.0197575
0.0196798
0.225684
0.0203804
0.0198179
0.0203798
0.0199832
0.0198792
0.0228127
0.0229227
0.0197821
0.0230354
0.242634
0.0234918
0.019551
0.0195548
0.0270146
0.908232
0.0207514
0.030882
0.021069
0.0197442
0.280523
0.0203237
0.020549
0.336862
0.020759
0.0195882
0.0206002
0.0196501
0.0224502
0.0198906
0.0196515
0.0228636
0.0201061
0.0203598
0.0195948
0.0207188
0.0224832
0.0195776
0.28554
0.162531
0.0196604
0.0207843
0.0198897
0.31635
0.0206114
0.0196491
0.0196685
0.280553
0.280289
0.0212578
0.0227577
0.0227177
0.0227714
0.0227342
0.0226877
0.0227284
0.0227497
0.0227641
0.0227111
0.0226253
0.0227223
0.0226817
0.0226052
0.0224685
0.0224973
0.0224601
0.0224479
0.267583
0.0225335
0.02254
0.0226172
0.0225205
0.0225247
0.0226328
0.0224634
0.0225209
0.0226195
0.0195414
0.0195309
0.0225178
0.0224819
0.1182
0.261155
0.256828
0.0263702
0.0202998
0.0197637
0.0195907
0.0195205
0.0198609
0.0225475
0.0225364
0.0225204
0.0224288
0.0224573
0.0224648
0.022477
0.0224583
0.0224626
0.022526
0.0226015
0.0225856
0.229891
0.0225864
0.253598
0.0213383
0.0224596
0.0226005
0.0225418
0.0225365
0.0224923
0.0226153
0.0225446
0.0200087
0.0225418
0.0226211
0.0207234
0.0223206
0.270114
0.020347
0.0204816
0.0212972
0.0206044
0.0205848
0.0234601
0.0197031
0.0208837
0.923322
0.329598
0.020927
0.354849
0.0199619
0.0196859
0.0209622
0.324434
0.309566
0.0198549
0.0197737
0.019744
0.546778
0.0198656
0.0218326
0.0198702
0.0201796
0.171783
0.351375
0.0393658
0.231983
0.0198212
0.0207358
0.0210799
0.0197805
0.0197663
0.0578216
0.300212
0.0210523
0.0198664
0.0196303
0.267987
0.0197215
0.0198106
0.0200339
0.0433949
0.229861
0.0838025
0.0202406
0.100977
0.0206143
0.0371815
0.231457
0.0197679
0.231002
0.0198955
0.0404626
0.0211779
0.0335793
0.254088
0.0195921
0.0199802
0.445342
0.0197063
0.259301
0.281801
0.0199071
0.600102
0.0207994
0.0204513
0.0198665
0.0205029
0.0202443
0.0198678
0.0197395
0.0198273
0.0199504
0.0201034
0.279998
0.022669
0.363081
0.338292
0.0200301
0.0196553
0.106597
0.0200873
0.0198207
0.0197732
0.0205718
0.0200116
0.020489
0.0197404
0.0206208
0.0198957
0.0224385
0.0198013
0.0205114
0.0198453
0.64484
0.0207553
0.0225661
0.0197026
0.0205585
0.0203234
0.020064
0.0208098
0.064135
0.021897
0.0210559
0.0200638
0.0195969
0.019579
0.0195748
0.0214377
0.280757
0.0201802
0.0197029
0.0198921
0.0205887
0.101601
0.0208374
0.0198672
0.262813
0.0203181
0.0212011
0.443876
0.0206952
0.0363729
0.0224219
0.0198253
0.0201067
0.015562
0.0204068
0.0225295
0.0199018
0.0198679
0.0418411
0.274215
0.0200011
0.0196789
0.019641
0.0202156
0.0197484
0.0197315
0.0198399
0.0196728
0.0204684
0.0208673
0.0404025
0.0279689
0.0201241
0.0196541
0.154155
0.0196672
0.0199798
0.0216126
0.0195779
0.294879
0.0201418
0.0198783
0.0269208
0.0214338
0.021091
0.0198308
0.0196377
0.38473
0.0198154
0.0204752
0.0201654
0.0195781
0.020315
0.0213211
0.0203488
0.0197049
0.0219657
0.0206245
0.0201596
0.0226098
0.0200691
0.0204932
0.0210311
0.329843
0.0374803
0.0231691
0.90636
0.0195989
0.0202302
0.0200298
0.0198871
0.0200566
0.0202273
0.0196449
0.0195617
0.0201826
0.225941
0.0216741
0.0199297
0.0202486
0.0201099
0.0200289
0.316366
0.0204083
0.0210065
0.0201626
0.0196133
0.019719
0.0327381
0.0204433
0.0197665
0.02032
0.0196524
0.0198208
0.156855
0.0215993
0.0195748
0.0197163
0.0222052
0.0254925
0.0203631
0.0199916
0.0196546
0.0204562
0.0195866
0.0217549
0.0198104
0.0204846
0.019804
0.0196687
0.022301
0.0198897
0.0198715
0.0200788
0.0196376
0.0196549
0.0199089
0.0228588
0.185745
0.0196918
0.0231956
0.0196774
0.0200947
0.0197517
0.0199401
0.0201109
0.0218976
0.207368
0.0218493
0.0335993
0.0198325
0.0196339
0.0199509
0.0197164
0.0197645
0.0199277
0.0208797
0.0210233
0.0197892
0.0214211
0.0199591
0.0196972
0.309232
0.0210775
0.0204814
0.0196885
0.0244365
0.0270457
0.0202269
0.0207302
0.0197252
0.155202
0.0201281
0.473339
0.0196375
0.0198088
0.231345
0.0461528
0.0206824
0.0203103
0.0201949
0.0196541
0.0205084
0.0206661
0.020278
0.273586
0.0199237
0.0197641
0.29847
0.0227006
0.0206233
0.0232319
0.0196528
0.0207283
0.0315606
0.0202323
0.0203752
0.0202435
0.0207804
0.0198998
0.31303
0.0196424
0.0197088
0.0200767
0.020727
0.0208094
0.0207319
0.020969
0.18551
0.020134
0.0213801
0.0197929
0.0199673
0.0422249
0.0198753
0.0494363
0.0197447
0.0203866
0.0205141
0.019894
0.0195654
0.0968376
0.0205179
0.0201234
0.0208305
0.321585
0.322206
0.157229
0.0199172
0.0197526
0.0205211
0.0200124
0.0210387
0.022187
0.0208175
0.0198241
0.0200562
0.0198789
0.0243163
0.0201166
0.0326463
0.0195933
0.021556
0.0206003
0.0198663
0.0204065
0.0208556
0.020835
0.0224413
0.0209667
0.0197664
0.0205811
0.0201173
0.0390073
0.103892
0.0201314
0.0195595
0.0204203
0.0203964
0.0196146
0.0201124
0.200053
0.0217563
0.0207204
0.0209723
0.0196811
0.0200845
0.0216513
0.0198797
0.0201763
0.164957
0.0204848
0.0205952
0.0200256
0.213812
0.0197979
0.0204006
0.0452536
0.245786
0.0198481
0.382527
0.019667
0.0207998
0.0218823
0.023874
0.0198636
0.0772398
0.0398669
0.021204
0.0197209
0.0201389
0.0197048
0.381128
0.0196317
0.0196545
0.0197079
0.020001
0.0196801
0.0214149
0.0207318
0.0231822
0.0934069
0.019626
0.0389029
0.624345
0.0214124
0.0214238
0.0203108
0.0198561
0.0223509
0.0196856
0.0198882
0.0196379
0.0196695
0.382114
0.0202557
0.0209361
0.0265791
0.02115
0.0478322
0.0197502
0.0208745
0.0197306
0.0195652
0.0202216
0.0201054
0.0201391
0.0206899
0.0220687
0.111906
0.0196853
0.0197712
0.0202769
0.0196534
0.0646862
0.0248657
0.0198631
0.0203349
0.271569
0.0201301
0.0205265
0.0210244
0.359146
0.0213496
0.019767
0.338983
0.0217283
0.0208532
0.020725
0.184971
0.262738
0.0197839
0.0196428
0.0199683
0.019999
0.0213404
0.0197636
0.0207656
0.0211499
0.131003
0.277099
0.0204003
0.147944
0.345268
0.0196418
0.0206868
0.0196794
0.0213393
0.0201073
0.0200518
0.0210098
0.0808435
0.0507051
0.0199454
0.019687
0.020119
0.268234
0.0217778
0.021022
0.019849
0.0198271
0.0228486
0.0202231
0.0197467
0.380168
0.275751
0.270482
0.0196732
0.0219437
0.0199679
0.0212244
0.262951
0.0205063
0.327006
0.282768
0.0197997
0.0212538
0.0214047
0.0197219
0.0201736
0.0217036
0.0210598
0.0199766
0.0202405
0.334362
0.0217736
0.0209383
0.268353
0.188587
0.0204244
0.021506
0.0204092
0.285603
0.266611
0.260952
0.264237
0.29517
0.30931
0.29989
0.280607
0.0208642
0.412984
0.0225747
0.0198045
0.0207767
0.0208016
0.0209803
0.0242943
0.0331541
0.294949
0.0289653
0.0196962
0.0196522
0.0198973
0.0204354
0.0199087
0.049338
0.027902
0.020148
0.330307
0.0311721
0.0203225
0.020001
0.0207156
0.0220696
0.0199434
0.0206125
0.0210235
0.0229041
0.377717
0.0198953
0.0958172
0.0227705
0.0201277
0.30693
0.0223577
0.0231493
0.0200991
0.282177
0.0208146
0.019675
0.196647
0.0199497
0.0212496
0.0203019
0.33256
0.0203733
0.0205267
0.0201734
0.0202571
0.0197361
0.121508
0.0197306
0.0217288
0.0211514
0.0200431
0.0196982
0.0203729
0.0221923
0.207865
0.103911
0.021497
0.0272774
0.0198494
0.315031
0.0203631
0.0211221
0.0202871
0.020348
0.0708594
0.0197072
0.0206114
0.0199481
0.358124
0.019668
0.268702
0.219821
0.0321675
0.0200791
0.337794
0.0648558
0.0197671
0.0226781
0.0199003
0.0198131
0.0202913
0.0220404
0.0201543
0.0371918
0.0420398
0.0205076
0.0197434
0.0222182
0.0212441
0.0206947
0.0299608
0.258568
0.020488
0.0202925
0.020299
0.279332
0.274885
0.289225
0.019881
0.315294
0.0200131
0.0202547
0.0824434
0.0230762
0.314898
0.0211604
0.0180482
0.0201178
0.0199426
0.278375
0.385102
0.0219875
0.241313
0.263709
0.327121
0.330262
0.327705
0.0461303
0.273075
0.0198803
0.0236899
0.221043
0.0210223
0.287121
0.286621
0.0211062
0.0200996
0.0199195
0.333429
0.114657
0.254154
0.0205421
0.0198631
0.0199992
0.163853
1.98601
0.375328
0.210404
0.0211744
0.101201
0.377107
0.0199814
0.0527374
0.0201495
0.0903051
0.0199414
0.0206102
0.0247862
0.0241373
0.238489
0.0198597
0.0200958
0.0198818
0.161437
0.0203817
0.0200109
0.146646
0.0240443
0.0204744
0.106623
0.0203961
0.0198948
0.311392
0.0252833
0.0204803
0.0224914
0.0201259
0.102781
0.020078
0.123367
0.021461
0.0200108
0.0201362
0.0207771
0.251555
0.161694
0.272612
0.2717
0.0209829
0.0271076
0.0211295
0.0666219
0.0200468
0.0200649
0.0198789
0.303821
0.0197203
0.0913664
0.0205265
0.0200218
0.022126
0.212528
0.0360975
0.0241179
0.0201409
0.0198812
0.0199496
0.276212
0.0209475
0.0999496
0.296419
0.0204572
0.0204319
0.255656
0.25586
0.0199919
0.0209792
0.0204435
0.044863
0.252203
0.0198886
0.0204562
0.758738
0.28071
0.020718
0.0199626
0.0320208
0.0209467
0.0203739
0.020982
0.0204768
0.292735
0.0205199
0.364961
0.0207915
0.295672
0.0245465
0.275003
0.320421
0.0200134
0.26678
0.0200231
0.255325
0.279338
0.309027
0.020663
0.0263432
0.267916
0.0224486
0.273715
0.295142
0.345279
0.020771
0.0199161
0.0198946
0.020292
0.0232784
0.0203984
0.171735
0.0296877
0.0207858
0.0198277
0.0564235
0.0203746
0.238132
0.168182
0.275131
0.353938
0.0217375
0.0275158
0.0205417
0.0205289
0.0217664
0.0308928
0.019792
0.019864
0.0199643
0.197438
0.0200484
0.13517
0.0205905
0.0201817
0.020297
0.0289637
0.0203419
0.324273
0.0206623
0.0203365
0.0204883
0.330943
0.329581
0.319665
0.0202135
0.0697738
0.0224954
0.289289
0.285416
0.0202027
0.0204391
0.022111
0.330705
0.020063
0.0206736
0.0204082
0.0201877
0.504334
0.0234056
0.0204446
0.0133888
0.424487
0.0214597
0.371241
0.020294
0.36698
0.0492757
0.0207389
0.316107
0.019851
0.0203619
0.0200231
0.0226215
0.0199911
0.0200201
0.731834
0.0202654
0.0198366
0.020531
0.0200897
0.020092
0.0201091
0.020148
0.216657
0.385523
0.0218334
0.0204985
0.0234314
0.0192219
0.0199658
0.0213718
0.350194
0.0224885
0.0321995
0.0206017
0.0245572
0.0198351
0.0225908
0.0198488
0.0220564
0.0207754
0.0197649
0.235607
0.0208379
0.0179281
0.438515
0.0218659
0.0203505
0.229622
0.2777
0.0223113
0.376546
0.314083
0.0202972
0.0204116
0.020528
0.0204426
0.0236514
0.0197094
1.10031
0.0202853
0.021571
0.0204141
0.0205777
0.32131
0.326927
0.0208302
0.0204864
0.396682
0.364535
0.0203131
0.020145
0.021172
0.065209
0.0202712
0.0216958
0.0201472
0.0200294
0.0199608
0.0204572
0.0206179
0.0198506
0.0201278
0.0198354
0.0205791
0.0199383
0.0199716
0.0199716
0.0218272
0.0200614
0.37431
0.420691
0.020841
0.0201665
0.0212614
0.0205675
0.0199595
0.277861
0.646869
0.0199615
0.136021
0.0199667
0.0199602
0.0702317
0.0196425
0.0203348
0.169601
0.0199912
0.019675
0.0205791
0.281813
0.0207129
0.45482
0.273757
0.0202663
0.0201838
0.0198364
0.191368
0.0216838
0.0212944
0.0232562
0.705571
0.0209541
0.0208282
0.0204153
0.0210389
0.0203213
0.0241698
0.682142
0.0487171
1.30776
0.0229371
0.0200328
0.0205975
0.0199468
0.200222
0.0201552
0.271039
0.0202262
0.0223515
0.0199584
0.0203834
0.379792
0.0200072
0.0199928
0.0199835
0.0254363
0.0834169
0.0200416
0.0199486
0.0225992
0.0204501
0.021825
0.273209
0.0214459
0.0202443
0.332373
0.0712523
0.186671
0.0208478
0.317158
0.156145
0.0202648
0.0215616
0.0200072
0.0218906
0.0198381
0.0206769
0.0199793
0.0213882
0.350556
0.0206285
0.304482
0.021203
0.0242326
0.424858
0.0202684
0.0205986
0.375253
0.0207618
0.0220987
0.18927
0.0196886
0.670381
0.0198391
0.0204537
0.379076
0.0198536
0.0208941
0.0209248
0.357129
0.0204724
0.0247103
0.250567
0.0213882
0.296559
0.0246351
0.0199867
0.0203279
0.0204343
0.0207428
0.0200197
0.0200784
0.0203452
0.0310843
0.0212881
0.0909162
0.28931
0.0204677
0.0207003
0.020049
0.0205316
0.322775
0.0203095
0.694745
0.276925
0.251311
0.0202344
0.0277863
0.0204492
0.275682
0.21532
0.0209184
0.14888
0.0198485
0.0201633
0.0238022
0.0206102
0.0202009
0.450071
0.454556
0.02445
0.286235
0.0204872
0.0201067
0.0604769
0.0333203
0.375789
0.022215
0.0205927
0.0200306
0.680209
0.0206258
0.302295
0.0227761
0.0197258
0.0234303
0.0198457
0.020091
0.0213492
0.2654
0.0205631
0.0215472
0.0583265
0.0200577
0.0208365
0.020769
0.331653
0.0204561
0.0206798
0.0203954
0.0204225
0.539932
0.0200249
0.0199784
0.020944
0.0203631
0.0205055
0.027537
0.0200439
0.0214595
0.0809588
0.0201236
0.0205604
0.30508
0.0200573
0.0203611
0.35605
0.0209293
0.0202753
0.0206474
0.0620049
0.0207129
0.0208588
0.235358
0.0198189
0.0205293
0.0204287
0.0200759
0.153118
0.0201088
0.0202441
0.0205974
0.0198698
0.340542
0.300265
0.020108
0.0207981
0.0208885
0.0199128
0.0202402
0.0212985
0.0201164
0.0212024
0.0205011
0.0205809
0.0200311
0.300275
0.0204174
0.0204118
0.272883
0.260696
0.188084
0.0202597
0.021407
0.0205509
0.271369
0.0207022
0.0446321
0.425685
0.358022
0.0907017
0.33183
0.0201287
0.0204816
0.0279879
0.0217114
0.38757
0.422123
0.0198685
0.0203241
0.0202072
0.0207547
0.0198416
0.0204317
0.0199573
0.0210115
0.0211991
0.0491099
0.0198576
0.200888
0.0726507
0.0200562
0.330192
0.0196625
0.0200529
0.0217012
0.0201245
0.0203901
0.0198155
0.0218093
0.022678
0.0200895
0.0206519
0.0218066
0.0204638
0.0207305
0.0221849
0.0204665
0.0200643
0.303572
0.107881
0.0204416
0.0204028
0.0199923
0.323724
0.053058
0.0200857
0.0241696
0.0219814
0.023687
0.0299792
0.303828
0.0207389
0.194494
0.292132
0.0891011
0.333699
0.341483
0.214142
0.0202236
0.0206699
0.0201615
0.0407185
0.0202306
0.0203049
0.0497964
0.0203664
0.153306
0.0204978
0.375268
0.0205779
0.0202403
0.0202085
0.0198964
0.490386
0.0216692
0.0201939
0.0199437
0.181745
0.156046
0.153392
0.0202325
0.0204394
0.283478
0.0206101
0.366691
0.0196219
0.0208026
0.26889
0.0250873
0.218052
0.0208872
0.0724159
0.0211886
0.0202393
0.0212062
0.0201158
0.0210578
0.0205497
0.0209349
0.382217
0.194188
0.32004
1.38268
0.0208212
0.0211375
0.0202967
0.0196688
0.0687988
0.0205169
0.0204382
0.0196537
0.020437
0.0202255
0.0205693
0.0671279
0.372513
0.377149
0.0273305
0.0215254
0.0202247
0.0202324
0.0202616
0.384
0.0210404
0.0889588
0.0224543
0.384021
0.0199751
0.0206037
0.349033
0.0205421
0.0202453
0.0214356
0.0210039
0.0202936
0.02026
0.0201218
0.0200906
0.0199448
0.0204366
0.0200796
0.0203061
0.302962
0.0201431
0.020333
0.0207453
0.0200158
0.0202772
0.0217411
0.484353
0.0207227
0.0206681
0.0205013
0.3179
0.218156
0.0273135
0.367157
0.0204308
0.0205312
0.0204033
0.0207756
0.0206412
0.0205753
0.0202409
0.0202913
0.020379
0.0423663
0.0208068
0.0200605
0.478215
0.0204794
0.0209148
0.690672
0.0209458
0.0283546
0.208779
0.0200547
0.0214414
0.0221045
0.376552
0.490636
0.536802
0.0205068
0.0203163
0.0203065
0.0205774
0.0204406
0.0203928
0.0219533
0.0265321
0.0227226
0.0237356
0.384431
0.0200766
0.0221433
0.0228148
0.324766
0.0202069
0.335016
0.0203346
0.0204386
0.0196267
0.0200353
0.450254
0.0207239
0.0202892
0.0203069
0.0204865
0.026689
0.319612
0.020043
0.0205644
0.0211195
0.463334
0.021094
0.0224802
0.385833
0.347226
0.0204143
0.0204167
0.376362
0.0203121
0.0203294
0.209109
0.021064
0.0203908
0.0200768
0.0205977
0.393492
0.0250801
0.0232093
0.0207168
0.0200303
0.0204486
0.0242776
0.0204138
0.0212173
0.0203241
0.0241462
0.328469
0.0203762
0.0205831
0.0203622
0.31854
0.0226043
0.0459748
0.362189
0.0217887
0.0207392
0.0199903
0.348604
0.0206717
0.55483
0.0204098
0.231181
0.0203945
0.29496
0.0410779
0.0206328
0.0212368
0.410886
0.0206652
0.0236298
0.021204
0.232351
0.0205039
0.0203743
0.0204121
0.0203581
0.0273384
0.0204908
0.0204756
0.020647
0.354688
0.0296938
0.0207632
0.0210401
0.378269
0.0205339
0.588748
0.0216132
0.36195
0.0321644
0.315395
0.0199749
0.320288
0.0200949
0.0203905
0.585498
0.0206336
0.0206826
0.0209656
0.0237394
0.0211988
0.0201917
0.020337
0.0252158
0.020259
0.0214531
0.168782
0.019614
0.382307
0.0205467
0.350731
0.0212513
0.0214012
0.020073
0.485643
0.0206696
0.112052
0.0203956
0.0213206
0.0212618
0.0221364
0.020208
0.0196243
0.020484
0.0201759
0.0201457
0.425041
0.0202674
0.0218014
0.144234
0.0206096
0.0211138
0.574022
0.0203987
0.0207421
0.501372
0.0288389
0.0203901
0.020785
0.0214037
0.0215834
0.0203937
0.0215177
0.214262
0.426381
0.0205125
0.416465
0.0208136
0.0207226
0.0207438
0.0207708
0.498198
0.429349
0.0279279
0.0211428
0.0205861
0.0648823
0.020465
0.0203798
0.0207362
0.436249
0.0201978
0.0196235
0.0204281
0.0217467
0.371374
0.0228953
0.0205382
0.0220762
0.0202461
0.0203728
0.0225434
0.438386
0.0222673
0.319504
0.0243374
0.0201468
0.0240833
0.0201716
0.024173
0.0213302
0.190922
0.383937
0.0199108
0.020334
0.0246288
0.0265399
0.327471
0.702725
0.02043
0.384938
0.0206481
0.0209635
0.020343
0.0450768
0.0210039
0.033799
0.0205401
0.0214595
0.433183
0.0212618
0.193699
0.0203705
0.146394
0.0637239
0.0202039
1.54535
0.0211362
0.209847
0.0992741
0.0622984
0.0202356
0.0214555
0.0203271
0.021483
0.0206961
0.358006
0.0207581
0.0198311
0.0209389
0.0202908
0.154289
0.0208462
0.0218318
0.0205156
0.0231909
0.020713
0.0222388
0.0206743
0.0206858
0.0199997
0.0208922
0.020744
0.0213764
0.0210862
0.0206476
0.227072
0.0211468
0.0204837
0.0204972
0.48901
0.185292
0.0205113
0.0199634
0.0213909
0.103695
0.312292
0.0335736
0.020023
0.374338
0.0202466
0.020251
0.0215271
0.0214446
0.0209698
0.496222
0.0202133
0.0206274
0.0207844
0.0227037
0.0207048
0.0202814
0.0204927
0.0205328
0.0211548
0.020879
0.0208204
0.0208615
0.0226657
0.0254931
0.0207674
0.0206142
0.263888
0.0218217
0.30397
0.0204524
0.0205108
0.392259
0.0220475
0.198484
0.0231508
1.28559
0.0205693
0.0218573
0.0205307
0.0204718
0.373494
0.0209798
0.0221009
0.0205941
0.0213833
0.0205813
0.0244744
0.147765
0.0236527
0.0208592
0.0211315
0.464848
0.0204001
0.0208695
0.022264
0.0205837
0.206528
0.0206632
0.0199308
0.376114
0.0231422
0.0265156
0.02109
0.0211817
0.0211143
0.0203755
0.0203868
0.0205384
0.0203175
0.0207796
0.375565
0.0200245
0.456883
0.0266364
0.0214322
0.0217845
0.0212642
0.0209646
0.0208098
0.0204493
0.373317
0.0233888
0.201984
0.0203767
0.723913
0.0205135
0.116393
0.0209433
0.0224303
0.429998
0.0206987
0.0384308
0.0207878
0.0202572
0.0205094
0.0207892
0.76332
0.388111
0.0377815
0.0206155
0.0207828
0.0206252
0.492524
0.0207012
0.0212
0.0236103
0.0259296
0.72996
0.0205119
0.0205645
0.0208463
0.0203267
0.335966
0.0205249
0.0239433
0.0203734
0.0198321
0.498901
0.0206165
0.0203357
0.0234174
0.487596
0.0204969
0.160081
0.0218528
0.02153
0.0212043
0.0211969
0.0216313
0.206623
0.223549
0.40972
0.0214117
0.0564029
0.0196185
0.0219699
0.0205821
0.0216585
0.382602
0.0201572
0.28287
0.024074
0.022238
0.0219011
0.439377
0.241476
0.105982
0.0211039
0.0210292
0.0234484
0.0209376
0.0199183
0.0199748
0.374705
0.651798
0.019625
0.0373938
0.0214293
0.0275826
0.426044
0.020279
0.433501
0.195087
0.0208854
0.0304421
0.434784
0.0212621
0.560435
0.0206311
0.0198446
0.022814
0.127103
0.0212796
0.0295588
0.0206252
0.0254436
0.0271037
0.0230863
0.0207494
0.242347
0.484855
0.0201296
0.0198846
0.0205583
0.0212226
0.0212338
0.019593
0.0208551
0.0199747
0.0875954
0.0207968
0.51777
0.0210841
0.0216624
0.0885418
0.0210706
0.0200901
0.475656
0.0207366
0.0205969
0.0208981
0.0200713
0.0220763
0.0207214
0.0196477
0.0632796
0.0199831
0.0257247
0.0208899
0.0213032
0.0202431
0.020571
0.550308
0.0200341
0.0205963
0.489444
0.37487
0.020827
0.0211503
0.4342
0.0207971
0.0207361
0.0203635
0.0360898
0.0210557
0.020649
0.0308269
0.0213212
0.0214728
0.020874
0.0205828
0.0206818
0.0206431
0.020555
0.0320092
0.287689
0.0271531
0.0206877
0.0205509
0.0209111
0.333369
0.956954
0.0226515
0.43428
0.0935518
0.0199299
0.0196269
0.274993
0.353993
0.0209135
0.020074
0.540055
0.298126
0.0287609
0.0214416
0.0198337
0.0207022
0.375458
0.0211412
0.0263817
0.406245
0.020609
0.42331
0.0268606
0.0213498
0.0205436
0.0206663
0.0206881
0.0445426
0.0210592
0.0271987
0.0207285
0.0214602
0.0212064
0.0204413
0.0320926
0.0209536
0.0207462
0.0206154
0.375329
0.0200398
0.0206931
0.0213118
0.67475
0.275143
0.0204285
0.0412647
0.0204964
0.0202192
0.0206045
0.0219348
0.0240791
0.020051
0.0204747
0.0211237
0.201838
0.0205953
0.298045
0.0200623
0.0228952
0.0211306
0.0205964
0.0199129
0.0204095
0.0218791
0.109
0.0219469
0.0207563
0.0210294
0.361921
0.02111
0.0206414
0.0234003
0.0219204
0.0209012
0.0207793
0.349134
0.0228
0.0277841
0.0233515
0.0242027
0.0202587
0.0209724
0.0205939
0.0208232
0.0216311
0.381301
0.0208361
0.0210515
0.0208256
0.0240094
0.0260839
0.0208408
0.69673
0.0237296
0.0208344
0.0349629
3.0849
0.136705
0.110724
0.0214214
0.0206371
0.0210001
0.0217156
0.0207918
0.137649
0.0284985
0.0206595
0.433501
0.0204585
0.02121
0.0207929
0.0206581
0.327483
0.0207625
0.020687
0.0379363
0.0676863
0.030692
0.391989
0.0206166
0.427523
0.371088
0.473703
0.0213278
0.0200821
0.0560647
0.0196439
0.0223349
0.0218909
0.429103
0.0205743
0.025242
0.0200262
0.0216275
0.0205829
0.0200934
0.0207304
0.226505
0.235666
0.0209964
0.481556
0.0213452
0.02039
0.0263594
0.0844353
0.0210935
0.0318988
0.649362
0.0255847
0.021043
0.0207393
0.0219986
0.021181
0.664856
0.0207041
0.0207851
0.0210344
0.0206908
0.0207232
0.0236332
0.0200403
0.0207809
0.031172
0.0207607
0.0198349
0.0216155
0.0238028
0.0330869
0.0588896
0.0210494
0.700904
0.0213261
0.0207154
0.0219506
0.0318803
0.0346881
0.0206345
0.0206975
0.0207581
0.0208362
0.0585148
0.188731
0.645764
0.0211838
0.0201662
0.0218861
0.0200517
0.0224192
0.0207176
0.249677
0.481506
0.0237645
0.0208126
0.0326828
0.422904
0.0209009
0.733871
0.0200612
0.348223
0.306082
0.0206863
0.15611
0.0219835
0.0515166
0.0208262
0.716001
0.0233195
0.294038
0.0209505
0.020847
0.0209901
0.0225507
0.0207119
0.350763
0.0205782
0.0425669
0.251138
0.0535306
0.0353226
0.0200493
0.02061
0.020717
0.0202563
0.0210827
0.0211634
0.029857
0.091999
0.0755263
0.0209896
0.0209365
0.0211266
0.0210633
0.022305
0.323632
0.020716
0.0210162
0.0207474
0.0217747
0.0210251
0.0209279
0.409714
0.28432
0.0263366
0.0207694
0.0249145
0.0196291
0.645304
0.0211721
0.0204749
0.329552
0.0209132
0.0216387
0.0244071
0.0215284
0.0212464
0.0208034
0.0257918
0.0208476
0.0238158
0.792568
0.0211568
0.02894
0.0205238
0.0256519
0.0205473
0.0207289
0.424856
0.0209874
0.023258
0.0238833
0.0207799
0.0230114
0.0200256
0.0213122
0.543722
0.0203067
0.0209301
0.697155
0.0215118
0.0347224
0.0199141
0.296063
0.0202935
0.139144
0.0208615
0.0242917
0.0210955
0.173264
0.0207578
0.0202734
0.0207208
0.0212767
0.0203393
0.0225915
0.0205869
0.259759
0.0210163
0.0213548
0.0206555
0.0205485
0.0208041
0.0207985
0.0207974
0.400974
0.0243457
0.0233225
0.0207038
0.0210556
0.0216676
0.0203785
0.0205961
0.101788
0.0224894
0.0199327
0.020077
0.0207748
0.0210939
0.231326
0.0272409
0.0210234
0.0207157
0.0210757
0.0208127
0.0208835
0.0201907
0.161485
0.10959
0.0207121
0.0199122
0.0205779
0.0207117
0.0209293
0.0207471
0.0208984
1.1922
0.0207657
0.0215995
0.103983
0.310182
0.0207115
0.028852
0.0233938
0.713048
0.0612962
0.0206025
0.022014
0.0233823
0.0213407
0.022245
0.0211557
1.87631
0.41132
0.0335408
0.0229765
0.0317069
0.0233921
0.020833
1.40104
0.0211901
0.112002
0.020689
0.0293563
0.042468
0.517754
0.0210188
0.0209592
0.498869
0.0295662
0.0242707
0.497971
0.0203911
0.0291077
0.020348
0.221073
0.0206911
0.0210709
0.0212951
0.0211043
0.0203607
0.0215955
1.78987
0.059413
0.0204636
0.0259497
0.0212814
0.284835
0.0227265
0.0210994
0.0219209
0.281922
0.830408
0.0211002
0.0219846
0.0204853
0.0208843
0.0200808
0.0203572
0.334595
0.0211029
0.0422653
0.0834907
0.0227004
0.020801
0.0208003
0.356138
0.0213651
0.0213805
0.0202161
0.020796
0.0213482
0.0211514
0.314979
0.310504
0.0204619
0.332507
0.0252324
0.0207978
0.0202584
0.021431
0.0202733
0.0226846
0.103778
0.0234178
0.0212281
0.628026
0.0211454
0.551853
0.0210204
0.0207051
0.0209517
0.0204325
0.0209199
0.203035
0.0402295
0.0209465
0.228392
0.0205227
0.0233587
0.836949
0.0214279
0.0210391
0.0220264
0.0209786
0.0213225
0.158616
0.0303941
0.0207912
0.0199943
0.0221481
0.285205
0.0215807
0.0200073
0.454673
0.379461
0.0211109
0.0205598
0.231441
0.0219918
0.0205449
0.572709
0.0712527
0.337289
0.0219822
0.0719275
0.0240918
0.0244333
0.023273
0.020641
0.213619
0.0205875
0.0209142
0.601437
0.0208776
0.0206964
0.0213821
0.0849518
0.0204694
0.0209653
0.0209166
0.0222474
0.020059
0.0209343
0.0227022
0.313778
0.021837
0.395005
0.0484317
0.0199268
0.0242684
0.043595
0.0211706
0.021033
0.86707
0.0212247
0.0641741
0.0209682
0.0211895
0.0791965
0.019992
0.0207253
0.0209247
0.438015
0.0209145
0.0301099
0.0202399
0.0207669
0.0200744
0.454597
0.0212238
0.020826
0.0206791
0.302545
0.021342
0.0807948
0.0212216
0.020838
0.0254552
0.403982
0.0210177
0.492141
0.106388
0.020037
0.0213992
0.0265576
0.0199929
0.0207778
0.476545
0.0211451
0.0215776
0.733431
0.020142
0.0212376
0.022166
0.0290048
0.494859
0.0243654
0.504675
0.382296
0.0210823
0.296536
0.0295493
0.0377511
0.0215198
0.41746
0.0275853
0.0203423
0.12783
0.0210103
0.12867
0.0210571
0.426388
0.41245
0.0211587
0.0205571
0.173904
0.0204573
0.05129
0.0201912
0.0203569
0.0214242
0.106427
0.0209249
0.0204082
0.0209318
0.0212488
0.0212891
0.021259
0.019654
0.0209702
0.0252952
0.224631
0.0209953
0.205383
0.0209315
0.0215082
0.872238
0.124867
0.0222261
0.541697
0.0220966
0.0215711
0.0206259
0.0269518
0.0328269
0.020191
0.0228664
0.023613
0.222673
0.0209418
0.0209076
0.0199695
0.0230472
0.0207031
0.0282909
0.657682
0.0252443
0.0214302
0.0204445
0.0228343
0.0201753
0.0198456
0.0265272
0.657047
0.0201449
0.0353044
0.0221988
0.0212357
0.027471
0.0211107
0.0214242
0.02056
0.0201577
0.0200293
0.0199274
0.0253561
0.0219025
0.0204626
0.0218245
0.0234776
0.0196033
0.0205444
0.021996
0.0210693
0.0235271
0.0211953
0.0225031
0.0208582
0.0296163
0.0213456
0.0212084
0.71135
0.0283687
0.0209605
0.0266192
0.0208766
0.0203895
0.0209268
0.0206699
0.0218318
0.0214078
0.0252704
0.0216667
0.393716
0.0211521
0.020674
0.0343788
0.0200732
0.0210475
0.0302571
0.0209347
0.5823
0.0209986
0.0203592
0.262828
0.0305114
1.41471
0.0209136
0.0209298
0.0207835
0.0228431
0.0201403
0.0208193
0.0597718
0.0347744
0.425768
0.446626
0.0214911
0.371568
0.0236163
0.0550555
1.03846
0.0318277
0.705082
0.0224106
0.188547
0.143517
0.0198621
0.455297
0.0208295
0.0208393
0.0202911
0.0211429
0.020932
0.0209178
0.0227846
0.853251
0.0224795
0.0278448
0.230472
0.0209471
0.107961
0.0202612
0.0207483
0.0199278
0.595555
0.0211124
0.430818
0.568162
0.829016
0.0243574
0.13569
0.0200256
0.0373221
0.033407
0.0203916
0.0223108
0.031229
0.0211964
0.020775
0.0210426
0.0209137
0.0637258
0.0222048
0.936868
0.0360978
0.0207497
0.0580895
0.0209251
0.0212441
0.0409335
0.491286
0.0225859
0.0210373
1.46255
0.0913647
0.0218433
1.44303
0.0211966
0.0215913
0.0213505
0.0394256
0.019923
0.0211431
0.0208685
0.0206832
0.0203744
0.0239435
0.0210103
0.0212977
0.0237441
0.0214192
0.762959
0.0209238
0.0212921
0.339108
0.0210452
0.0204278
0.161106
0.782868
0.0212477
0.0207442
0.0286508
0.0217268
0.0212961
0.0213452
0.0206369
0.0211729
0.331196
0.0207621
0.0201721
0.0207233
0.0209652
0.0204557
0.0340089
0.03984
0.0284727
0.019542
0.356929
0.0211036
0.021171
0.0206451
0.0207513
0.10709
0.0202579
0.020728
0.0231228
0.0203829
0.0228196
0.0297114
0.0205697
0.0228631
0.0359966
0.0211561
0.398951
0.0238718
0.0670562
0.0255867
0.418442
0.0213205
0.0220908
0.0203731
0.0208141
0.0208362
0.073751
0.0213526
0.0203061
0.0200648
0.30313
0.0210244
0.0202331
0.0203526
0.0225308
0.0214227
0.0210999
0.0322041
0.282974
0.624162
0.0231416
0.0305984
0.020845
0.0327523
0.0445098
0.0202401
0.0240482
0.031245
0.0207076
0.0218765
0.0211201
0.0204502
0.2235
0.0254049
0.0224397
0.0293923
0.362191
0.0281459
0.020259
0.0200101
0.0777674
0.0207025
0.0261147
0.0223163
0.0212002
0.0273366
0.0227639
0.0245217
0.0210595
0.0205638
0.0675629
0.0234996
0.722869
0.0540224
0.0389669
0.0219165
0.0213653
0.0244786
0.0209886
0.0220689
0.0202735
0.020867
0.400483
0.023678
0.362395
0.140724
0.03029
0.0213122
0.0866551
0.619766
0.103714
0.0201206
0.0215076
0.0284097
0.0216427
0.150721
0.314054
0.0209696
0.0527332
0.0652428
0.126614
0.145685
0.0205262
0.0215197
0.0275545
0.0228775
0.876958
0.0440144
0.0532894
0.359782
0.0213955
0.0207392
0.0733137
0.0213736
0.019933
0.0219664
0.0210343
0.820379
0.0211424
0.0208517
0.0278503
0.0228542
0.0210491
0.0213474
0.021206
0.0211397
0.0217549
0.034354
0.0203265
0.324054
0.0234589
0.71689
0.0225895
0.0212167
0.0236564
0.0279896
0.0265937
0.0595626
0.0209811
0.021164
0.0201576
0.0216188
0.0313275
0.0209241
0.021296
0.0214126
0.0275833
0.0208147
0.687412
0.0211909
0.022062
0.0229139
0.0266364
0.0226124
0.0211301
0.0227866
0.0212237
0.0214138
0.0209865
0.0212384
0.0213596
0.0424509
0.0202243
0.0210994
0.0214155
0.673909
0.0222713
0.021763
0.0211842
0.0222808
0.0296495
0.0212029
0.0427228
0.838451
0.0209176
0.0215174
1.25301
0.0213386
0.0203271
0.0202674
0.0227539
0.0217566
0.038933
0.0215599
0.0219168
1.03587
0.0203401
0.0207048
0.021425
0.0251588
0.0253005
0.0213076
0.0278011
0.0210934
0.728945
0.0220794
0.0239857
0.386961
0.0307889
0.0212463
0.0229413
0.0223601
0.0214212
0.0238915
0.021122
0.0214282
0.0214532
0.0210399
0.0208005
0.021071
0.0209782
0.0228044
0.0320197
0.0205536
0.0212115
0.0203467
0.263998
0.0372635
0.0214009
0.0201863
0.0209046
0.798705
0.0449286
0.0211663
0.106412
0.0213814
0.0205979
0.02055
0.020929
0.0214525
0.0212521
0.0210595
0.122164
0.0210492
0.0240781
0.0219092
0.0208592
0.106842
0.317132
0.0210099
0.0257572
0.364781
0.020664
0.0207137
0.0210102
1.50596
0.694144
0.31958
0.544453
0.0215481
0.0299895
0.854229
0.0214524
0.0455396
0.205202
0.0863819
0.0210567
0.031529
0.0213732
0.025554
0.42626
0.0213218
0.0248829
0.0211831
0.0225155
0.0239724
0.376853
0.0227325
0.0203561
0.0208808
0.0201578
0.715442
0.0208297
0.0222326
0.0218799
0.0429772
0.0210754
0.0333478
0.357172
0.770832
0.296976
0.0257549
0.584777
0.0205631
0.0210123
0.0213461
1.20201
0.0211966
0.0210609
0.0220989
0.0200279
0.0212677
0.0216724
0.021896
0.0207923
0.0212702
0.0213855
0.0206629
0.0204246
0.107072
0.0208472
0.0207606
0.0223044
0.284649
0.0216105
0.0435349
0.0220602
0.0242734
0.28181
0.0231483
0.0209134
0.021283
0.406366
0.0216259
0.706944
0.0230907
0.0211852
0.0234076
0.162301
0.0209493
0.0201715
0.0203447
0.0210838
1.2777
0.364844
0.0204244
0.0202821
0.0249711
0.0210706
0.0213131
0.0458251
0.0463287
0.0205909
0.0225431
0.0214187
0.0293295
0.81776
0.0254621
0.0201579
0.057946
0.0646028
0.0210753
0.0262033
0.021056
0.713732
0.0205436
0.0618085
0.021102
0.0612695
0.0227211
0.0211575
0.0234193
0.0225666
0.0214033
0.0237985
0.0242912
0.0210799
0.0225074
0.0211227
0.0431803
0.0230843
0.0206691
0.0230023
0.0213908
0.0211725
0.0737974
0.0233644
0.0238889
0.0209476
0.0211538
0.0202104
0.0212666
0.020934
0.0210395
0.0212598
0.0207874
0.404229
0.0308201
0.0214819
0.0206778
0.0490395
0.154969
0.0334547
0.0202778
0.0210949
0.0238623
0.0211018
0.02634
0.0248903
0.0213725
0.0219956
0.0211845
0.299702
0.277856
0.402313
0.0218053
0.130992
0.0230605
0.0208035
0.0209198
0.0201423
0.0490502
0.0211032
0.0199527
0.0206578
0.459555
0.393998
0.0217483
0.0199359
0.0214525
0.0203603
0.0210833
0.372208
0.0209044
0.0210167
0.0232068
0.0210889
0.0213022
0.0453726
0.403826
0.0246827
0.0212929
0.100586
0.0210867
0.0215125
0.0213478
0.388939
0.0210888
0.0211492
0.0212799
0.0214541
0.0706389
0.180239
0.0269839
0.0352243
0.0207062
0.0207703
0.0315054
0.0210941
0.0204357
0.0352414
0.0200138
0.0219581
0.0207293
0.0212154
0.388414
0.0520339
0.0260544
0.0209379
0.0310581
0.325697
0.0221135
1.22267
0.021749
0.0210384
0.020511
0.0202805
0.0202987
0.0218494
0.0207738
0.0213801
0.0237292
0.021071
0.0210819
0.0227191
0.0210428
0.0353774
0.0208909
0.0201399
0.0211143
0.0213747
0.407174
0.020608
0.0213156
0.0397672
0.025181
0.0200073
0.0370537
1.34547
0.0240197
0.262215
0.0623163
0.0212384
0.020902
0.0304453
0.021187
0.0528861
0.0322986
0.0213217
0.0213894
0.0208587
0.0206607
0.0210366
0.0377438
0.0216262
0.0209902
0.0230892
0.0217504
0.0213673
0.0207001
0.273546
0.0262935
0.0203591
0.021229
0.0214492
0.0227114
0.280599
0.0760584
0.0200458
1.00057
0.0573572
0.0808175
0.0199102
0.0205893
0.277681
1.44959
0.021322
0.0213926
0.0212092
0.020297
0.0200405
0.0200261
0.0207456
0.0216028
0.0275516
0.0209027
0.0201432
0.0211138
0.0271471
0.0216649
0.0208931
0.0254292
0.0201319
0.49288
0.0257084
0.0213514
1.00307
1.34986
0.0179085
0.0200148
0.0202774
0.0210747
1.34044
0.0270771
0.0213602
0.0214075
0.0215527
0.0212092
1.45483
0.0212333
0.026845
0.0212707
0.0200251
0.0334792
0.0698275
0.0216712
0.0262584
0.0213989
0.0211738
0.276572
1.80278
0.0208126
0.0205466
0.0263814
0.0333894
0.0252227
0.0204427
0.0283192
0.0349504
0.0258441
0.0209908
0.0211898
0.0209084
0.0207575
0.023222
0.0209302
0.0251465
0.03486
0.02255
0.0476893
0.0277577
0.0212038
0.0213562
0.0723349
0.931969
0.150403
0.0938717
0.0200287
0.0423372
0.0214082
0.0203976
0.0223628
0.0221332
0.0215976
0.125788
1.10001
0.123783
1.39275
0.0212619
0.0587422
0.020152
0.0203251
0.0223791
0.0247294
0.277172
0.0215137
0.0250516
0.0254006
0.104451
1.34876
0.0210307
0.0214129
0.0189297
1.40752
0.0208597
0.422527
0.276237
0.0211894
0.0219379
0.0199881
0.0219037
0.0214164
0.0273632
0.425009
0.0213069
0.0201624
0.398414
0.120483
0.0327285
0.027638
1.37065
0.0508208
0.392803
1.24377
0.0218765
0.0210664
0.0299355
0.0211337
0.0213715
0.0202515
0.0207764
0.411526
0.0268699
0.0264615
0.324162
0.0231154
0.0266223
0.0212103
0.025703
1.29336
0.0198408
0.0460165
0.412261
0.0454477
0.0214089
0.0228136
0.0222827
0.0200464
0.0204944
0.346017
0.0236508
0.0210493
0.0302179
0.027141
0.0217674
0.084362
0.023995
0.0225633
1.16097
0.0205445
1.27472
0.0215093
0.0245285
0.051161
0.0236193
0.277463
0.0214161
0.025085
0.0211772
1.57839
0.0264717
0.03918
0.0201629
0.0705095
1.63824
0.232131
0.02063
0.0247314
0.0270077
0.0207696
0.0203567
0.0247536
0.424214
0.0204237
1.59859
0.0224654
0.0212811
0.0212491
0.0224166
0.0244958
0.320856
0.112566
0.0272926
0.0216295
0.0212644
1.68066
0.0204436
0.0210504
0.14907
0.440161
0.0221052
0.0207455
0.0211855
0.0402206
0.84909
0.0288667
0.0214147
0.0547977
0.0203405
0.0312601
0.0213519
0.0203568
0.417443
1.7391
0.0286445
0.0222379
1.79914
0.0295033
0.0230459
0.0213777
1.33077
0.0232205
0.0210066
0.0296573
0.0297659
0.252503
0.0301874
0.0213928
0.0939667
0.0281583
0.0261434
0.0205553
0.094954
0.0295807
0.0210015
0.177107
0.0214214
0.0213683
0.215416
0.0210192
0.0446714
0.0206493
0.032698
0.0250711
0.0209992
0.151931
0.0390388
0.0202127
0.589216
0.0208916
0.0209022
1.04683
0.654947
0.0476562
0.713342
0.0296203
1.70293
0.021358
1.24769
0.0248285
0.0206368
0.0311852
0.285505
0.0203036
0.0213517
0.0200948
0.021376
0.0215901
0.0201654
1.29224
0.0229397
1.51443
0.0214439
0.383384
0.0214023
1.60282
0.020744
0.0206373
0.0213778
0.0214008
1.61152
0.742743
0.020368
0.0216323
0.987756
0.0782935
0.021994
0.0204429
0.0205603
0.0398821
0.402795
0.423859
0.0261829
0.0203313
0.0203172
0.0219962
0.0220402
0.0213634
0.022356
0.264249
0.0236502
1.46649
0.0217371
0.0202735
0.0254252
0.142234
0.0201949
0.0222041
0.019591
0.0242637
0.0213658
0.0219006
0.0214406
0.0217753
0.0213658
0.268754
0.0335316
0.0209204
0.0213686
0.0218299
0.0218526
0.17889
0.03325
0.0512633
0.0204274
0.0213724
0.0210754
0.0693379
0.29928
0.059948
0.0221959
0.0227054
0.665157
0.338741
0.0201909
0.693906
0.0532383
0.0216638
1.73507
0.0213341
0.06103
0.0211851
0.0210149
0.136943
0.369778
0.021216
0.0555738
0.182015
0.0201825
0.15685
0.0213477
0.149963
0.402967
0.0288046
0.0967431
0.480162
0.0211741
0.0243599
0.0220761
0.0213655
0.0200118
0.0627167
0.112986
0.0216279
0.0204406
0.0213898
0.0233368
0.0596152
0.0213827
0.274841
0.640942
0.0764387
0.150274
0.0216789
0.0207802
0.0208457
0.0238636
0.0224812
0.02428
0.0225865
0.13601
0.0318913
0.0217066
0.210872
0.827731
0.0371095
0.0206234
0.0229094
0.0310628
0.0277711
1.38163
0.0209423
0.0208166
0.393503
0.0204244
0.0310949
0.0206114
0.0206359
0.0278837
0.0324041
0.044116
0.124915
0.105091
0.128636
0.0435838
0.292998
0.0518983
0.431273
0.0211036
0.418274
0.265566
0.0654614
0.0222024
0.0230028
0.0210896
0.020429
0.024577
0.021987
0.0235731
0.0408053
0.147527
0.0308248
0.0220576
0.0217941
0.071753
0.0286134
0.0510521
0.0209892
0.0213995
0.237211
0.0604586
1.6085
0.0195318
0.0195361
0.0217407
0.0466958
0.277397
0.02013
0.034401
0.0215987
0.0622521
0.0212221
0.0451114
0.021088
0.0205483
0.526694
0.0210876
0.0205061
0.0215582
0.045787
0.0232456
0.0223556
0.0206504
0.0219427
0.0304443
0.0255814
0.0206781
0.0318503
0.0279439
0.0228046
0.0561741
0.0266638
0.0206805
0.027495
0.0252365
0.091959
0.022712
0.0221493
0.0205909
0.0715423
0.0202179
1.39961
0.0202692
1.33108
0.0203777
0.0265815
0.0202468
0.023646
0.0200552
0.0266438
0.0224679
0.0210192
0.0228501
0.0204283
0.0213771
0.389283
0.0205285
0.0277817
0.0265727
0.0209477
0.0205613
0.0214956
0.0270552
0.109338
0.0210191
0.0232667
0.0202064
0.0368459
0.0220564
0.0244189
0.0208056
0.0215471
0.0605864
0.0299849
0.0321057
1.16431
0.0285715
0.0234658
0.0207618
0.0243763
0.290326
0.0204308
0.0208717
0.0271216
0.0206122
0.0919441
0.0293098
0.0198509
0.0277207
0.0243446
0.0213361
0.0208806
0.0205105
0.296112
0.0207234
0.0214755
0.0218294
0.0218685
0.020373
0.0220461
0.0198375
0.0213237
0.0206366
1.75766
1.76648
0.0210906
0.0527986
1.36027
0.0233209
0.26239
0.0215023
0.0206196
0.0215845
0.0279547
0.0209764
0.0221913
0.0280373
0.0205621
0.152554
0.207832
0.0203175
0.0212188
1.51963
0.0206294
0.0212982
0.0265804
0.0211348
0.0317135
0.0478716
0.513718
0.0207995
0.0212009
0.0211153
0.07569
0.0217248
0.0207125
0.0206029
0.0211111
0.0232091
0.0208858
0.0219375
0.0199538
0.0280491
1.32331
0.0506013
0.02136
0.0210125
0.290245
0.0201836
0.0210128
0.643666
0.146443
0.037749
0.658597
0.0222336
0.0205424
0.0202116
0.0261443
0.0203159
0.0291619
0.0223712
0.0254058
0.0210906
0.621649
0.0206938
0.0224822
0.0212048
0.0206823
0.0225917
0.0206274
0.0206344
0.0228268
0.0652261
0.0209557
0.0358246
0.0913271
0.0253481
0.404255
0.0276996
0.159521
0.018452
0.0301886
0.0212446
0.487097
0.0205397
0.0213176
0.0206494
0.276974
0.0214649
0.0206874
0.0297624
0.020749
0.29107
0.0205964
0.142822
0.0204422
0.0264271
0.0206757
0.0268925
0.0215997
0.0335544
0.0233986
0.274639
0.0226439
0.0226356
0.0210505
0.0210798
1.39624
0.0211956
0.0268419
0.0214373
0.137243
0.0206614
0.218216
0.0559269
0.0770688
0.0200732
0.0215584
0.0203505
1.01918
0.0251972
0.0204173
0.0244958
0.0207608
0.0210969
0.0218435
0.0212197
0.0211185
0.0218424
0.337467
0.0255678
1.28211
0.134864
0.146481
0.0211277
0.0202578
0.0260353
0.0207606
0.0213363
0.0214723
0.314173
0.123757
0.021129
0.0244074
0.0210565
0.474004
0.0221519
0.169692
0.0204856
0.0224981
1.33123
0.0210711
0.0207657
1.4187
0.0204465
0.0207462
0.1459
0.0204228
0.717098
0.179018
0.814179
0.0212653
0.0506153
1.35241
0.027099
0.0202581
0.0211152
0.0238469
0.0213714
0.0236123
0.272837
0.358218
0.0206301
0.0800981
0.0211381
0.0213163
0.0217065
0.0259947
0.0203152
0.427512
0.0244339
0.518051
0.0219655
0.0204775
0.02147
0.0208987
0.0208829
0.0218585
0.688745
0.0205689
0.271205
0.0261079
0.0226238
0.0214097
0.0206729
0.0212032
0.0253082
0.0206358
0.0207639
0.0266413
0.0211163
0.0251079
1.54223
0.335553
0.0250752
0.0204433
0.0206486
0.0213473
0.0233021
0.0502526
0.0214329
0.0212284
0.0213662
0.0243263
0.0221288
0.0247038
0.0206761
0.0469293
0.0213803
0.0528346
0.0211324
0.0211367
0.022862
0.0206648
0.0207648
0.0240984
0.0421061
0.0209388
0.0299082
0.345843
0.359379
0.0205599
0.0213647
0.0203715
0.0236522
0.0206322
0.0227328
0.0191299
0.476277
0.0299848
0.0208702
0.0966925
0.0259712
0.0208839
0.596927
0.0210307
1.04013
0.0207646
0.0208923
0.0228392
0.0208921
0.0202496
0.0213858
0.0206289
0.0232807
0.0214401
0.0206385
0.453233
0.462011
0.354337
0.0204521
0.0239287
0.0213844
0.0232284
0.726699
0.575646
0.0210567
0.809142
0.0214026
0.0210237
0.0208685
0.0211411
0.0207134
0.0214044
0.0261964
0.021039
0.0222788
0.276693
0.0206531
0.0251889
0.0215962
0.116808
0.254556
0.277478
0.106734
0.0205394
0.44883
0.0212824
0.0266902
1.48656
0.0211769
0.278124
0.0203687
0.0205766
0.022236
0.0786347
0.0954885
0.0232524
0.455826
0.0212466
0.357185
0.266825
0.0684975
0.340068
0.0206363
0.329942
0.0554572
0.0213961
0.0206847
0.0225848
0.0292014
0.046683
0.0261813
0.0335346
0.0213755
0.023652
0.0211074
0.0223844
0.0204171
0.0288158
0.0205077
0.0210295
0.104111
0.0289221
0.0209624
0.0205587
0.387961
0.0216089
0.0224725
0.0218416
0.0207635
0.0211219
0.0213932
0.0213872
0.0483982
0.0221824
0.0213938
0.0214417
0.0210514
0.0234443
0.0211857
0.278374
0.595906
0.0236372
0.022939
0.0211944
0.0552434
0.442015
0.0201953
0.0211889
0.49023
0.021722
0.0290831
0.0208425
0.351092
0.0213948
0.0213215
0.0215482
0.0214356
0.0219649
0.0240804
0.0230204
1.7759
0.428344
1.80927
1.41663
0.39475
0.022901
0.0480591
0.0206795
0.0479882
0.0220374
0.0214395
0.0264548
0.0213556
0.0213498
0.0202834
0.021902
0.0207319
0.0246136
0.0204667
0.0227159
0.0204972
0.0213895
0.0200741
0.0776979
0.0210234
0.0207861
0.0199574
0.0289325
0.0208199
0.0225901
0.0214333
0.0241618
0.273118
0.706518
0.0279388
0.0206446
0.0249107
0.0210421
0.0211507
0.0246232
0.0218261
0.020764
0.0212806
0.0273178
0.0202655
0.0205
0.020836
0.117912
0.0215874
0.675348
0.0204955
1.56455
0.0202748
0.0207982
0.0199407
0.0206901
0.0208706
0.28029
0.0208634
0.169147
0.0206008
0.0202265
0.209717
0.0221276
0.115325
0.0208079
0.0205778
0.147095
0.556804
0.0497008
0.0210707
0.0205777
0.0200908
0.0204162
2.73665
0.020745
0.0321212
0.0284891
0.0284825
0.023871
0.0213444
0.0244367
0.500116
0.0237298
0.132578
0.0208714
0.689756
0.0204559
0.187044
0.0204349
0.277338
0.12862
0.779104
0.0230536
0.0206535
0.0214202
0.0656719
0.0205524
0.0401435
0.0197128
0.155227
0.822784
0.645244
0.0481427
0.0227027
0.0196013
0.0213267
0.0200428
0.0587318
0.0205704
0.0483372
0.0420212
0.340007
1.49834
0.0222762
0.0211491
0.0199915
0.0529383
0.503647
0.0220997
0.022728
0.0373616
0.0215296
0.0208473
0.0229685
0.0210052
0.0206443
0.821476
0.0225785
0.0206236
0.0785464
0.0212695
0.0207715
0.0417741
0.0273789
0.0268444
0.0990425
0.0471818
0.925046
0.716067
0.0213384
0.0209641
1.79755
0.0195655
0.0209778
0.0215158
0.0209584
0.0207047
0.0224668
0.0218768
0.0448947
0.0337658
0.022549
0.259731
0.0211622
0.0470805
0.739081
0.0210392
0.0433141
0.0264091
0.0210116
0.0340361
0.0707561
0.0205455
0.0274552
0.0246481
0.0212674
0.0199751
0.0850167
0.0213167
0.0244828
0.0198753
0.0198498
0.0267753
0.0218206
0.0209066
0.0219573
0.0214328
0.0202732
0.0206183
0.0713181
0.0220656
0.0210704
0.0212057
0.0211904
0.0210097
0.021313
0.0293852
0.02097
0.0265064
1.71696
0.584565
1.4329
0.0282303
0.042954
0.0208511
0.0225897
0.0832545
0.024372
0.0214266
0.197489
0.0209326
0.0218782
0.0208284
0.138039
0.0198471
0.0208877
0.0211143
0.0205896
0.0296459
0.0211508
0.629228
0.021029
0.0213787
0.0207173
0.0213507
0.0204856
0.0212666
0.0224716
0.0506228
0.0211335
0.0212958
0.0288894
0.021748
0.037182
0.0207017
0.0199537
0.156872
0.0248878
0.0213041
0.0225277
0.0203885
0.0775366
0.0451282
0.0213857
0.0234094
0.022222
0.0211925
0.0205042
0.0240766
0.0238472
0.144488
0.193556
0.0195216
0.0279982
0.0218785
0.0218154
0.0946941
0.0206593
0.392299
0.0275925
0.0217546
0.0223721
0.0205139
0.0210597
0.0202608
1.41448
0.0210295
0.172409
0.0213025
0.0208487
0.0231164
0.212144
0.16855
0.0208803
0.0279237
0.213515
0.210471
0.0228592
0.0206444
0.0215475
0.0198479
0.458755
0.0216368
0.0224811
0.0211502
0.0224712
0.0207349
0.406948
0.0209561
0.0253651
1.5505
0.0206651
0.0212779
0.0198483
0.0229291
0.0209578
0.0204224
0.026435
0.0213937
0.0206009
0.021052
0.0303101
0.030159
0.0204825
0.0198542
0.0220418
0.169719
0.020675
0.107249
0.105227
0.590533
0.0726403
0.0206483
0.0212744
0.390115
0.021385
0.0245226
0.0219528
0.0231947
0.494858
0.0209002
0.0208861
0.0211133
0.364426
1.1688
0.0211756
0.0497035
1.39122
0.0222525
0.0211651
0.0277002
0.0206524
0.021181
0.0258743
0.0214373
0.0212985
0.0584182
0.0213931
0.0316139
0.0253054
0.0212303
0.0258572
0.0424494
0.0398716
0.0208241
0.0229912
0.020581
0.236164
0.0221385
0.398561
0.702695
0.0205425
0.0215169
0.0226754
0.0565758
0.0362562
0.022122
0.0221446
0.0210406
0.0391014
0.373639
0.0218404
0.0198392
0.14182
0.284095
0.250202
0.0211049
0.269117
0.0373041
0.0209455
1.64387
0.0232765
0.362721
0.0209036
1.8295
0.0199224
0.0211989
0.0210623
0.0212574
0.3141
0.0204254
0.0363876
0.107014
0.0207182
0.0208803
0.0238445
0.0221067
0.021124
0.0206058
0.0212549
0.0221107
0.605821
0.0206096
0.0318651
0.0202313
0.0204032
0.0209126
0.0300195
0.0239837
0.0221816
0.0210799
0.0210313
0.020539
1.39234
0.0213513
0.0197118
0.0401975
0.020956
0.0497722
0.0209327
0.0211654
0.0212209
0.0196559
0.0244645
0.0196521
0.0238722
0.0232828
0.0203926
0.0285514
0.0220534
0.0226693
0.0213115
0.0464764
0.0281829
0.0251662
0.0718729
0.0213649
0.309447
0.0226413
0.0203975
0.0238067
0.0275827
0.794049
0.0291221
0.0203159
0.0290226
0.102001
0.0291886
1.56494
0.0203037
0.0199695
0.0211648
0.0219216
0.0205212
0.020584
0.0282432
0.090522
0.0224494
0.0214152
0.0224467
0.0214555
0.0225415
0.0219043
0.0451814
0.0213524
0.0212283
0.0195451
0.0949233
0.805757
0.699539
0.57487
0.0211582
0.0211312
0.0208912
0.0198691
0.021294
0.712999
0.0248964
0.0206355
0.0203052
0.0208478
0.0342073
0.0233541
0.0246116
0.0234545
0.021208
0.0216188
0.0565098
0.329313
0.15296
0.019998
1.21143
0.02118
0.0208505
0.0272572
0.0215291
0.0203934
0.0215529
0.0943106
0.0211668
0.0216125
1.25136
0.0252931
1.34216
0.0274152
0.0212538
0.457423
0.0206342
0.731319
0.0311689
0.0834456
0.0213395
0.0208334
0.0273774
0.0206127
0.0223101
0.0200537
0.0211832
0.0209343
0.575297
0.0244128
0.597394
0.023812
0.594871
0.0321125
0.291167
0.347621
1.79484
0.0208586
0.0225889
0.0206244
0.0204634
0.841375
0.0216955
0.0221785
0.0271282
0.275522
0.0726249
0.0204968
0.0205733
0.0218338
0.0267232
0.0226907
0.0233633
0.0275884
0.0200361
0.0208929
0.0443844
0.0259991
0.0210193
0.0202941
0.0208632
0.0200927
0.373925
0.0530425
0.0213631
0.0207138
0.0217232
0.0204821
0.0251608
0.0202588
0.0227925
0.0221234
0.0710888
0.0209558
0.0209931
0.0212322
0.383167
0.0518854
0.0206229
0.0299524
0.451865
0.0240557
0.0210631
0.020974
0.0213055
0.039903
0.125938
0.0240426
0.211918
0.0218357
0.0198441
0.0206233
1.34118
0.0212889
0.0413148
0.572863
0.0212293
0.0211696
0.0216696
0.0196205
0.047343
0.0213155
0.0274863
0.0221538
0.452239
0.0787982
0.0210727
0.0210882
0.021315
1.13709
1.46727
0.0238775
0.0217206
0.0823987
0.0203254
0.0219111
0.0211289
0.0209018
0.540613
0.0195664
0.573619
0.197177
0.0225178
0.0264676
0.0229662
0.021389
0.0209216
1.0633
1.4522
0.0272545
0.0217779
0.0211125
0.183658
0.625353
0.0203603
0.605723
0.91253
0.0202696
0.0217334
0.020362
0.0206615
0.022374
0.366746
1.20252
0.0222304
0.0207602
0.0217846
0.0210056
0.0203425
0.741374
0.0226021
0.0201669
0.0225501
0.0207438
0.0217507
0.0224665
0.0214208
0.0239721
0.0210064
0.020763
0.0241049
0.020865
0.0211308
1.5282
0.0216883
0.0292424
0.0209197
0.021232
0.0200822
0.025466
0.0224103
0.346624
0.26019
1.79221
0.0213975
0.0206856
0.0365093
0.0222907
0.0202808
0.0224338
0.0225126
0.0249276
0.020543
0.0204365
0.0212493
0.0208011
0.0212931
0.0213332
0.0203702
0.026334
0.0251428
0.0216398
0.44923
0.028943
0.0220947
0.256453
0.262948
0.0211463
0.0206692
0.135233
0.334241
0.0391505
0.0237347
0.0213904
0.0214765
0.0212339
0.0208867
0.0209827
0.138631
0.0215104
1.39293
0.025235
0.0240791
0.262012
0.03806
0.718517
0.0217563
0.0583066
0.44148
0.021197
0.0351764
0.355496
0.019578
0.481244
0.384701
0.0212098
0.0204827
0.0211998
0.0210375
0.0210122
0.0203523
0.021276
0.0248597
0.444288
1.56916
0.0211535
0.0203583
0.0238704
0.0214808
0.315009
0.892989
0.377701
0.0203873
0.021202
0.0237708
0.0208643
0.0257119
0.0204291
0.0205644
0.0263012
1.38839
0.0212828
0.0213052
0.444723
0.359336
0.0208205
0.0235985
0.719223
0.300137
0.0211741
0.0225082
0.0466559
0.0521539
0.0221124
1.01546
0.021632
0.0201793
0.0274064
0.0205464
1.35966
0.182846
0.0221977
0.575686
0.0207088
0.0225176
0.0212667
0.0215104
0.31413
0.099948
0.0253171
0.0212759
0.0209828
0.223721
1.38511
0.0204625
0.0243969
0.0214385
0.0214166
0.0212748
0.0343263
0.044496
0.021146
0.0216185
0.0206352
1.00064
0.0213199
0.0223662
0.0311297
0.0238085
0.0213993
0.0196202
0.0217673
0.0213836
0.0259026
0.171951
0.0205293
0.0368135
0.0205721
0.0418857
0.0219249
0.02114
0.492672
1.5841
0.0215984
0.277735
0.0213969
0.0325756
0.0212428
0.0216319
0.0216345
0.0195476
0.0215042
0.0214247
0.0211809
0.0209246
0.0205152
0.0205586
0.0208917
0.583591
0.0215383
0.0225203
0.0213413
0.0321965
0.0197695
0.0212194
0.0212764
0.0211927
1.32231
0.458903
0.0209431
0.186751
0.0221001
0.0677431
0.0406345
0.0206051
0.744848
0.845724
0.0213249
0.0213138
0.0215688
0.0216091
0.0253053
0.47858
0.0213758
0.0205368
0.0212848
1.42601
0.021619
0.111942
0.0222736
0.0215921
0.0359858
0.021401
0.020449
0.0220854
0.0208631
0.0239891
0.547448
0.0270357
0.0209794
0.0212428
0.0588494
0.0221016
0.565937
0.0207254
0.0214223
0.531772
0.0195591
0.0205256
0.120207
0.0204948
0.025789
0.0213635
0.0211522
1.6655
0.0207888
0.0205858
0.0224321
0.0203044
0.0215167
0.0322122
0.0203479
0.0488486
0.0211366
0.0195958
0.0215339
0.0225252
0.0240218
0.0316621
0.349433
0.0214235
0.0425901
0.296907
0.0772018
0.20642
0.0213962
3.56162
0.0212801
0.0212638
0.0237223
0.598645
0.0215663
0.0220407
0.0233262
0.076527
0.0218122
0.0215242
0.0230685
0.0228959
0.0217439
0.0222794
0.0554445
0.0380349
0.0250214
0.0224906
0.0218107
0.0212873
0.181061
0.0213662
1.15311
0.0211646
0.0564569
0.0215834
0.0298255
0.284501
0.0901326
0.0215422
0.0226703
0.022382
0.212531
0.329722
0.281463
0.194746
0.0208799
0.0878552
0.0204013
0.0230222
0.0212029
0.0791665
0.021053
0.025867
0.0207864
0.0209772
0.0214819
0.0215889
0.021169
1.49526
0.0210294
0.0211589
0.0211534
0.310818
0.350219
0.0202043
0.0202859
0.441974
0.0484663
0.021114
0.0284514
0.026865
0.480503
0.0212858
0.022118
0.0209591
0.0213837
0.0213794
0.0225269
0.0228196
0.0280957
0.0453802
0.0221793
0.0213739
0.0626516
0.022436
0.0206948
0.0228201
0.041467
0.0211601
0.400678
0.02226
0.0856748
0.0212851
0.0213072
0.020247
0.0215846
0.0214435
0.0203984
0.0408826
0.0206901
0.021195
0.0218374
0.162817
0.021331
0.0213898
0.0268617
0.0272253
0.0226779
0.0213838
0.459887
0.0225245
0.0213364
0.750154
0.0213961
0.0212358
0.0279754
0.0216089
0.380622
0.020982
0.0215408
0.0651909
0.021943
0.02125
0.022299
0.0216935
0.0209285
0.0212339
0.412181
0.0211735
0.0217235
0.0206933
0.0734873
0.0226157
0.0205443
0.0209049
0.0289801
0.0224802
0.0206822
0.0210013
0.021127
0.0208768
0.020724
0.760218
0.0212388
0.0205707
0.334458
1.74555
0.0208323
0.0224142
0.0208822
0.275629
0.195744
0.210233
0.0207124
0.0208934
0.0212887
0.021004
1.14248
0.02279
0.0209129
0.0214586
0.0246591
0.0213001
0.0215851
0.388076
0.0259408
0.0211986
0.021276
0.0211357
0.0213729
0.0205268
0.0222031
0.109123
0.0206916
0.404402
0.0198582
0.0218009
0.0214856
0.0212851
0.0213083
0.972593
0.0207638
0.0211911
0.0196246
0.0214954
1.16104
0.152744
0.0280648
0.0210829
0.373441
0.468861
0.0218146
0.389417
0.0208653
0.365116
0.0229722
0.0237499
0.0217459
0.0208728
0.023927
0.0195552
0.0221506
0.0324088
0.617185
0.0208304
0.0539176
0.0212581
0.0541844
0.0238675
0.0204962
0.0377971
0.584494
0.0589582
0.0443292
0.0292189
0.0212498
1.6863
0.0213967
0.0217801
0.0213227
0.0221345
0.021198
0.0339386
0.0198724
0.0221325
0.0212144
0.0217208
0.829666
0.0218709
0.0224417
0.481851
0.021225
0.0589688
0.689657
0.0215414
0.0224695
0.0349287
0.021437
0.0213734
0.0916541
0.0218748
0.022523
1.26978
0.0248638
0.0211623
0.68532
0.0210585
0.186284
0.0219781
0.105514
0.390057
0.021181
0.377393
0.0210299
0.0214331
0.0214483
0.0195585
0.0256971
0.0211735
0.02183
0.0204184
0.0196678
0.0196671
0.172994
0.429589
0.0225838
0.0218881
0.0211361
0.0218673
0.0196867
0.721671
0.0212875
0.226849
0.280375
0.0218319
0.0213201
0.0219527
0.10153
0.0209686
0.0219832
0.0212125
0.0211753
0.0219493
0.046923
0.0207205
0.0223722
0.0222037
0.0212729
0.0212446
0.441353
0.0338101
0.180572
0.0214877
0.567353
0.0215441
0.02183
0.557638
0.0221322
0.0728205
0.0409712
1.38762
0.0221049
0.0390619
0.0212712
0.021375
0.0212021
0.0215806
0.0212775
0.0211469
0.0215941
1.49261
1.78609
0.436195
0.0223626
0.0214991
0.0220663
0.0208149
0.0215642
0.0224661
0.0205135
0.0218972
0.021596
0.0205428
0.0842155
0.0214116
0.0323622
0.0217245
0.0201261
0.0222825
0.0204517
1.7632
0.302093
0.0219754
0.461342
0.0200815
0.123457
0.0213863
0.0223501
0.0215909
0.0212668
0.0253181
0.0214292
0.0547293
0.0216616
0.0212684
0.40367
0.0213413
0.0232346
0.372125
0.0855469
0.0219591
0.0240443
0.020484
0.0991422
0.0536412
0.0213507
0.0382121
0.0213379
0.0216943
0.325517
0.021216
0.118998
0.0212677
0.271244
0.0213979
0.310144
0.0195778
0.0219757
0.444875
0.021532
0.530424
0.0259399
0.0374212
0.0210363
0.399931
0.0360753
0.0196473
0.0212907
0.0215333
0.0212054
0.0213596
0.0202584
0.143233
0.0209044
0.0209159
0.0741168
0.0216628
0.0208778
1.36569
0.0202354
0.0215592
0.0208894
0.0216122
0.403906
0.0217959
0.0215513
0.189099
0.336089
0.0197593
0.0217496
0.0209302
0.0341762
0.0219
0.253732
0.0220019
0.021666
0.0219068
0.315166
0.0217957
0.0212857
0.0248869
0.023472
0.0435801
0.0213455
0.0218995
0.0214381
0.0244265
0.132472
0.0372247
0.0213689
0.0349274
0.0209241
0.0203539
0.0216146
0.0213317
0.0204062
0.0230837
0.0221585
0.0387708
1.6963
0.0215328
0.275042
0.043267
0.0214931
0.021278
0.0215923
0.0537717
0.0260062
0.0301602
0.377853
0.0408593
0.0233628
0.418025
0.0215865
0.0222682
0.0217084
0.0209575
0.419951
0.0219995
1.74119
0.0301191
0.023382
0.0263597
0.0533687
0.0222824
1.86053
0.0215619
0.0213212
0.0213638
0.0479198
0.0214265
0.021595
0.0210982
0.0225904
0.0214908
0.0493512
0.0204728
0.279463
0.0286519
0.0705067
0.0222801
0.702425
0.0216871
0.445105
0.0213744
0.0214928
0.216492
0.0220227
0.0199338
0.549875
0.0224198
0.0355054
0.0219105
0.0213692
0.141669
0.68437
0.0213491
0.124569
0.01961
0.0222043
0.0211374
0.413964
0.0268404
0.0217192
0.0215853
0.0223968
0.387928
0.0213335
0.0216932
0.0204232
0.0360153
0.0211797
0.0212602
0.0216608
0.386286
0.0213249
0.0212723
0.0196189
0.0213684
0.0212571
0.700031
0.0217234
0.022979
0.0210097
0.0494
0.368966
0.0220371
0.0491662
0.0209587
0.0213513
0.020746
0.0212232
0.0225792
0.0216082
0.0216679
0.349503
1.19896
0.0211732
0.390696
0.0208363
0.0943163
0.0244313
0.0221092
0.186925
0.0213835
0.0215211
0.0214691
0.0203356
0.0353289
0.21616
0.0223759
1.71638
1.36755
0.109274
0.021341
0.0217221
0.0241944
0.793459
0.36915
0.0218433
0.0220764
0.0203514
0.0219771
0.155361
0.0292166
0.0196491
0.021739
0.0215838
0.0208187
0.0314164
2.94918
0.0220229
0.0213861
0.0209423
0.0213018
0.372712
0.746463
0.0204629
0.0371623
1.22595
0.0201934
0.0215447
0.0232786
0.0213989
0.0208382
0.0213644
0.0416303
0.0843759
0.0220111
0.0216946
0.0226031
0.447981
0.022383
0.021785
0.451783
1.77293
0.369237
0.0215696
0.0203905
0.57448
0.0209688
0.0208048
0.275154
0.263152
0.0219013
0.0223037
0.0213622
0.0214165
0.429074
0.0203708
0.022674
0.0203598
0.0207085
1.38754
0.0212325
1.8689
0.402245
0.0213188
0.0572396
0.0218441
0.268862
0.0209645
0.0221517
0.0216513
0.0202549
0.0212689
0.0575759
0.0708873
0.420613
0.021804
0.0214267
0.0223683
0.0213155
0.265457
0.369878
0.0214693
0.404438
0.576429
0.392483
0.10972
0.0225606
0.0215438
0.020787
0.0953655
0.0415803
1.40622
0.651891
0.0213318
0.365385
0.853356
0.020989
0.0211323
0.0209954
0.0213855
0.298627
0.791718
0.0210195
0.0210116
0.332053
0.0210995
0.0422777
0.0212759
0.0202514
0.0202631
0.0197657
0.387224
0.0195981
0.0221333
0.266625
0.0213005
0.496309
0.0203796
0.0212225
0.0215123
0.182527
0.0226747
0.0206062
0.0645354
0.0205866
0.0203136
0.721956
0.0209949
0.225785
0.0220233
0.276431
0.0335914
0.101041
0.924991
0.0206061
0.0241606
0.340322
0.0225011
0.0226856
1.10981
0.379717
0.326395
0.0205509
0.55923
0.0297618
0.0206183
0.0350701
0.0213953
0.0238169
0.0208696
0.521802
0.0391511
0.457612
0.0497003
0.0211185
0.804713
0.377762
0.0211902
0.0199082
0.0366254
0.0219395
0.251502
0.0203014
0.0574776
0.694744
0.0211689
0.0221408
0.0280452
0.0216326
0.0317663
0.0235283
0.0210597
0.221732
0.0214975
0.0219217
0.0271076
0.0208091
0.317672
0.0224541
0.430115
0.0208438
0.383543
0.0206574
0.0217555
0.0235576
0.0213002
0.021344
0.0471122
0.0283006
0.032193
0.0219551
0.0209913
0.0213597
0.0210443
0.0212825
0.0221918
0.0213639
0.297803
0.0283702
0.0222544
0.0201768
1.46356
0.0211651
0.0205637
0.0207685
0.0903769
0.0222247
0.0319414
0.022344
0.0208491
0.0213001
0.38427
0.0213057
0.0261657
0.0202075
0.0200633
0.022604
0.102849
0.0230441
0.0212292
0.733017
0.0218182
0.0212871
0.021498
0.0208917
0.332016
0.359072
0.0275027
0.0217043
0.0207532
0.327355
0.0820451
0.0217838
0.310691
0.0210875
0.174785
0.445123
0.0202681
0.021901
0.0207771
0.0208239
0.0209927
0.174005
0.0210878
0.0209853
0.0215537
0.0209007
0.0209624
0.118531
0.0216869
0.597032
0.611669
0.194361
0.021691
0.0208581
0.020901
0.0213407
0.0687604
0.0360333
0.0219844
0.0218862
0.0215934
0.0215952
0.0212634
0.0260032
0.0213114
1.81122
0.0210331
0.0249762
0.0214914
0.0214386
0.0216803
0.0222507
0.0213307
0.10241
0.367455
0.0213305
0.0216717
0.0213364
0.0207676
0.394424
0.0213352
0.0210205
3.67065
0.61878
3.12902
0.0215505
0.277443
0.0213603
0.0213317
0.0219885
0.358804
0.389135
0.0215666
0.386691
0.0215201
0.0217137
0.0389506
3.69603
0.0214679
0.0217866
1.663
0.0211398
0.0216615
0.241741
1.86808
1.71638
0.0215456
0.0212171
0.0211938
0.505703
0.0650963
0.0214046
0.0218859
0.0218619
0.0214143
0.0214783
0.0212765
0.0226838
0.0477514
0.0435629
0.0213025
0.232049
0.0208935
0.391009
0.0230474
0.0213122
0.0335118
1.38573
0.0999913
0.021402
0.0220459
0.0244395
0.0210814
0.0216257
0.0208973
0.0700142
0.0367514
0.0211314
0.45709
0.0219255
0.0213826
0.047484
0.0213207
0.274621
0.0214532
0.0216527
0.500671
0.0291944
0.0234893
0.0214201
0.0220278
0.272269
0.305299
0.020958
2.8176
0.0334046
0.0226563
2.76988
0.0215876
0.0223206
0.0208591
0.0233119
0.0278301
0.0212985
0.0216452
0.021368
)
;

boundaryField
{
    frontback
    {
        type            empty;
    }
    topbottom
    {
        type            fixedValue;
        value           uniform 0.0223;
    }
    outlet
    {
        type            zeroGradient;
    }
    inlet
    {
        type            fixedValue;
        value           nonuniform List<scalar> 0();
    }
    walls
    {
        blending        binomial2;
        n               2;
        beta1           0.075;
        type            omegaWallFunction;
        value           nonuniform List<scalar> 0();
    }
    procBoundary3to1
    {
        type            processor;
        value           nonuniform List<scalar> 
147
(
1.80773
0.885355
0.958107
1.227
0.573337
0.441089
0.580234
1.04494
0.369805
1.23573
0.452731
3.51425
0.342925
0.367248
0.320228
0.922653
0.666453
0.778393
0.385235
0.544009
0.374339
0.688462
1.9732
0.335838
0.231751
0.684466
1.35828
0.906564
0.925403
0.282883
2.66375
2.66375
0.288532
0.454313
0.517709
0.265341
0.613246
0.351385
1.35591
0.839274
0.374171
0.343828
0.33467
2.02354
0.273731
0.942164
0.343828
1.87024
0.282787
0.337252
0.308608
0.348822
0.351714
0.337404
0.324336
0.304312
0.332145
0.301575
0.300964
0.325997
0.26587
0.274718
0.306375
0.267796
0.335376
0.353089
0.309006
0.349247
0.303449
0.311962
0.295545
0.295603
0.350485
0.395448
0.384849
0.407658
0.294578
0.380868
0.455877
0.362727
0.367956
0.437717
0.50533
0.460325
0.462588
0.417898
0.355806
0.495953
0.406336
0.47633
0.486501
0.452731
0.462588
0.504153
0.425663
0.380085
0.486868
0.502712
0.367798
0.412936
0.423657
0.496378
0.439857
0.597643
0.599787
0.537394
0.578769
0.586273
0.602437
0.578769
0.358096
0.330358
0.634453
0.559287
0.712088
0.715334
0.710724
0.907895
0.715341
0.710724
0.305394
0.404225
0.170002
0.30691
0.466714
0.698996
1.18618
0.13639
0.410643
0.809645
0.907895
1.78993
1.61185
1.52796
1.28822
1.72734
1.42876
3.70844
0.395235
0.408231
0.931881
0.671596
0.408231
0.276982
0.293712
3.44173
0.335376
)
;
    }
    procBoundary3to2
    {
        type            processor;
        value           nonuniform List<scalar> 
73
(
0.0221197
0.0220586
0.0214379
0.0214215
0.0382121
0.0351344
0.0229935
0.0786459
0.054269
0.142767
0.0219491
0.0218646
0.167614
0.0216661
0.0219491
0.0304943
0.0326505
0.0351344
0.0214946
0.0244503
0.0251692
0.0213976
0.0220037
0.021785
0.0233275
0.123076
0.107035
0.0217209
0.021429
0.0226697
0.0627493
0.0261281
0.0214164
0.0216216
0.0214799
0.0326505
0.023885
0.0224419
0.0218646
0.0215821
0.197626
0.197626
0.028694
0.0214006
0.0214621
0.0213958
0.0477968
0.02141
0.0215263
0.0922515
0.167614
0.0215501
0.0447457
0.0213989
0.40422
0.245467
0.0222512
0.0234056
0.245467
0.40422
0.0214475
0.0214049
0.0716773
0.0398086
0.0272861
1.08899
1.68226
0.0922515
0.0214298
0.0214778
3.77795
3.15248
0.0215036
)
;
    }
}


// ************************************************************************* //
