/*--------------------------------*- C++ -*----------------------------------*\
| =========                 |                                                 |
| \\      /  F ield         | OpenFOAM: The Open Source CFD Toolbox           |
|  \\    /   O peration     | Version:  v2012                                 |
|   \\  /    A nd           | Website:  www.openfoam.com                      |
|    \\/     M anipulation  |                                                 |
\*---------------------------------------------------------------------------*/
FoamFile
{
    version     2.0;
    format      ascii;
    class       volScalarField;
    location    "1000";
    object      omega_0;
}
// * * * * * * * * * * * * * * * * * * * * * * * * * * * * * * * * * * * * * //

dimensions      [0 0 -1 0 0 0 0];


internalField   nonuniform List<scalar> 
9793
(
0.0221846
33.2834
0.0219242
4.63962
0.02226
0.234078
0.0770625
11.9987
0.0219403
37.4368
0.0221961
0.0221869
0.0219088
3.72939
0.0217156
0.0240392
0.0504515
0.02192
9.24796
0.0215383
0.0215705
0.0222917
4.70403
12.1954
3.76221
0.02564
0.0220996
0.022262
0.0215487
0.0737573
16.49
0.34107
0.0220067
0.0219353
0.0218596
0.0262384
0.0229728
0.0242247
4.69918
0.0287972
0.0645247
2.85608
11.616
0.0222718
0.0219543
0.0220411
12.8936
0.0222846
0.0215661
0.0219263
0.025939
0.0218437
0.0344861
0.0222689
0.0315256
4.47383
0.0219196
0.0962086
0.0215745
0.0222915
0.0260838
0.0917093
0.0219414
0.0304789
0.0219612
0.0218957
40.0145
0.0231848
0.0231957
6.56848
0.0219253
0.0951891
12.1425
3.47874
3.39362
0.0222624
0.043575
8.595
0.0219756
0.0222709
0.0460624
9.76973
0.0485636
0.023387
0.0232397
0.213676
0.0222617
0.0598372
4.77099
0.0867431
4.14919
0.680633
0.719467
0.0383063
11.1593
0.021886
3.39559
0.0471225
0.0237527
0.0222689
4.55544
0.0329672
2.74727
0.0219602
2.8795
10.3568
3.16026
0.0218701
0.0219803
0.0222837
0.0222335
4.2713
3.27479
15.3994
0.0219149
0.0221133
0.0227017
0.0220486
4.61225
0.0220275
3.3319
0.0672266
2.87451
0.039389
0.0230025
0.0220329
0.057432
14.3139
0.204164
0.213983
0.0227231
0.0217907
0.0221155
0.022648
0.0254015
0.143984
0.516732
0.0227374
0.0222739
0.0581878
10.1375
0.025582
0.0219006
0.048439
12.1893
0.603112
0.0220342
3.7893
0.0217863
0.0220284
0.0220695
21.6759
0.0233921
0.0220928
0.0218977
0.792519
0.0538761
0.0219352
0.388371
0.0218877
0.0572292
0.0228152
0.0215787
0.343235
0.0217692
5.20343
2.74217
0.0218725
0.0218721
0.0222171
0.0219046
9.65009
31.1359
5.2399
0.0219009
0.215901
0.128781
0.713462
0.0219594
0.0231152
2.4609
13.8375
0.0728668
0.0220337
0.0220719
0.0218646
1.95613
12.1106
23.5412
2.8383
0.0218538
17.6288
0.377455
0.0246826
0.021567
0.0228383
2.01716
0.021579
0.0219162
0.0222038
0.0219364
0.0215563
0.0267358
0.0234712
4.90109
0.021895
0.0263831
0.0218683
0.0221353
0.468874
0.0559964
10.5231
0.0216205
6.87182
0.0234092
0.0350093
0.0217228
0.139425
0.022122
0.0472061
0.0504589
0.0215616
1.28085
4.03491
0.036784
0.0218695
0.048147
3.03058
0.0465461
0.0471059
4.65432
0.139998
0.0332411
0.0310849
0.342981
0.0214975
14.8273
13.9627
0.0215864
0.0222223
2.29987
0.0218789
0.0222313
0.119527
0.139963
0.0218957
0.0231185
0.0272617
0.0360369
0.0231076
0.0219658
0.041292
5.79046
0.0215634
4.21717
0.0222624
0.0221694
0.0216389
4.59262
0.0219742
1.19221
4.53303
0.0221035
0.0221313
0.970341
0.0217271
0.0222398
0.0216998
5.05189
0.256658
0.0242563
0.438423
0.0896091
2.76133
8.11199
0.0219013
23.5633
0.0222645
2.885
7.90683
5.31644
3.16264
0.133505
0.0227246
0.0442828
0.0232641
0.0215712
0.0218853
0.449447
0.0257918
0.0221395
0.0222838
0.0216173
0.0215776
0.0215697
5.63278
0.0218587
0.0217157
0.021706
0.0219117
7.34115
0.573311
0.058932
0.0225576
0.0497346
0.0217812
1.73255
18.2646
0.0219665
4.54045
0.0292768
0.0219478
47.0805
2.65744
0.0220153
0.043414
12.6781
0.0220128
0.0322868
0.0217126
0.022068
2.82987
0.0386588
0.0219451
0.0220199
0.0224615
0.162729
3.39673
0.021929
0.021864
0.0216315
9.21771
18.073
13.0711
0.0215035
0.0408814
0.0329652
2.32641
0.0692541
0.021474
0.021513
0.0216351
0.0430721
0.0219323
13.0732
0.0220884
0.0217614
3.2641
5.97678
6.85228
0.0216274
4.61538
0.0239798
4.13528
12.7395
4.70508
0.0230925
0.0300568
0.515488
4.13251
4.21567
0.0255702
0.0222634
0.0245368
0.0215455
0.0218438
0.0219227
0.0220821
0.022292
13.5448
0.0222063
0.0577852
0.028261
0.788536
0.0214697
0.0234522
6.99555
0.50664
3.87311
0.0666036
0.0217677
0.0231476
0.0219282
0.42195
0.0215573
6.55775
0.150256
0.0775388
11.616
2.44524
0.0221371
0.0218692
0.564599
0.381272
0.0218953
12.6379
0.0221313
0.0221752
7.39764
0.0216185
0.0998745
0.0215061
2.86096
0.0220943
0.0217701
3.81091
0.0881878
0.0412807
0.0246487
0.0220748
0.0218242
2.86091
0.0467239
0.021515
0.0221947
0.032387
0.0329922
0.0409559
12.9733
0.0221955
0.021931
0.309245
0.0220811
5.26823
0.726349
0.0220633
0.0220119
0.021876
0.0221165
0.0216202
4.61112
0.0476334
1.3385
0.0277463
0.0222875
0.0395595
0.0239764
4.56054
0.0254414
0.0222682
0.0231817
0.485385
0.0219062
0.0218905
0.0219241
0.0215604
0.0219805
0.0217335
0.0220425
0.0221573
0.022516
0.0232613
0.11807
0.0217532
1.47938
0.0248595
0.203223
10.5686
0.0215793
3.30312
0.074878
0.0215768
0.0215599
0.0219
4.01741
0.0924192
0.0215564
0.0221209
0.0221971
0.0618964
0.143792
9.12737
0.0219749
0.0219003
0.0301929
13.341
5.19403
0.0231859
0.0223727
4.30097
4.05905
0.30732
0.0220328
0.0217761
4.9233
0.0218904
0.126632
0.867282
0.0215079
0.23351
0.0254383
4.55793
0.021824
7.76961
0.25197
0.023766
0.779991
0.0218891
2.06962
0.0220949
0.021867
0.0222227
0.0219353
3.75382
0.0218798
0.0215761
0.0225141
0.0215119
0.0217764
0.0433063
0.0224523
0.0302627
0.0220326
0.0220373
6.23969
0.0695105
0.023148
4.99019
0.0230178
0.0220088
0.0219795
0.0216177
16.1101
0.0215662
0.0220689
17.1665
2.96235
0.0365157
0.0219172
0.0222845
0.0218549
0.0222411
4.02603
0.022037
3.08663
0.0228195
1.71158
0.0222625
32.6794
0.0219505
0.210158
0.021898
0.0663052
6.71692
0.0221038
3.59079
0.0218772
0.0222182
0.0215656
1.79543
4.6802
0.0219051
0.026076
0.0215542
4.03895
0.0216774
0.041848
7.95559
0.0245072
0.0220259
0.0432115
0.0222451
0.0218729
0.0216503
0.105805
0.0219533
4.12978
0.022051
0.021934
0.0333311
0.0720414
0.567623
0.0217105
32.8238
0.0218649
0.189111
0.0218917
0.021835
0.0218856
0.0220491
0.0222685
0.206026
0.0333833
4.47379
0.105274
0.0334569
0.0325314
5.85774
0.0228218
3.98578
14.7373
0.243971
4.36177
0.745485
0.167262
0.0218683
3.49718
0.0328379
0.0218009
0.330442
0.022251
0.446307
0.0339225
0.295495
0.0265642
5.39618
15.2394
0.0316017
0.257275
0.0222159
0.640794
0.022566
0.0219025
0.0219293
0.0222924
0.0432383
4.56597
0.267188
12.2999
0.0226501
0.022939
4.51505
0.353149
0.0222604
0.0602839
0.0221522
5.27975
3.62933
0.0220572
0.0593178
0.281853
17.8012
0.0219561
0.025027
6.78155
0.0260906
1.97529
0.0716221
0.75384
0.0248784
0.0229289
0.0217927
0.021899
0.297084
0.0222844
0.334863
0.13162
0.0751963
0.0222596
0.0222237
0.0223953
0.0216799
0.0218254
0.0218794
0.0962037
4.5075
3.70287
0.0222797
0.304288
0.0219448
15.7983
0.0411832
0.0440463
0.0324854
0.245064
0.0217384
0.0220595
0.0408419
0.0218893
0.021825
0.0585543
4.22255
0.0215535
0.270572
5.26561
0.0232744
3.10598
5.12808
0.0217411
0.0513371
0.0244539
0.0218513
0.0215668
0.096641
5.39566
11.7609
0.0219148
0.0220147
0.02162
0.0228733
0.0224795
0.0232662
0.539794
0.0403965
0.0221512
1.88165
0.0268622
0.0320024
0.0217979
31.7476
0.0226113
0.0219148
0.0772784
2.18203
0.0215135
0.0220484
0.0219365
0.0234469
0.021734
0.0324091
0.50293
0.0219866
0.105295
0.0221695
0.0217707
0.613016
12.9115
0.388099
0.0220749
0.0215159
1.87215
0.0250487
0.655177
0.0214961
0.0218778
14.8048
2.9418
0.0278101
0.108386
0.0585515
0.0218659
0.0222717
0.0218296
12.0014
0.0220568
0.0222928
4.21667
0.0264229
0.244637
0.0312391
0.0219295
11.8318
0.0222683
0.0218887
0.021824
0.0292705
5.29985
0.0221612
0.0219663
0.0218851
0.0218746
0.0219357
0.021809
5.43531
0.0301498
0.0224641
0.0221105
0.0302039
0.0579226
0.0239658
0.027357
0.022284
0.0216143
0.022824
4.86434
4.65057
0.022196
11.8411
0.0222153
0.0244609
0.899726
2.28175
0.0217009
0.0221799
0.301934
0.0481122
0.0219034
0.0222489
4.69817
0.0222682
0.0639988
0.022007
0.517065
0.0222477
0.0219537
0.0221269
0.0289817
0.0216558
0.0238128
0.0252747
0.142346
0.0218539
0.0219916
0.0222498
0.021863
0.0218414
0.021674
0.028669
0.0221116
0.046307
3.88107
0.0399767
0.0610242
0.0222017
0.0216459
14.2587
3.95508
0.0215603
4.0012
16.1
0.021521
0.0219614
0.0218623
0.0883203
0.0482816
2.51481
0.0218473
0.024125
0.0218518
0.022096
0.0220029
0.0802109
0.0218224
0.214515
0.0220941
0.0542828
0.0218855
0.0226978
0.0218861
0.0315755
0.057419
15.5454
3.1287
3.96341
0.0444956
0.0218775
3.16823
3.76014
0.056331
0.0217791
0.0220854
2.01069
0.0218547
5.0255
0.0214993
0.0262099
0.0218548
0.0222702
0.0217076
1.96211
10.9475
4.77656
0.0673379
12.3681
0.0219408
5.22022
10.8705
0.0222705
0.0219271
0.0217145
0.649822
0.021509
11.4946
0.0309093
0.159917
0.0220461
0.832739
15.1393
1.689
0.0282603
0.0295821
0.0220404
23.3011
0.0214801
0.538175
0.253712
0.0637827
8.54151
5.71658
0.0228943
0.0228679
0.0219463
0.068804
11.9336
9.66654
0.0217312
4.07928
0.0236767
0.136402
0.110801
4.15636
3.95451
0.0215059
0.0251628
0.0274618
0.0228024
0.0225206
4.77255
0.0221966
11.2541
0.021643
0.0214945
0.0722556
0.122892
0.597544
0.0221272
25.1034
7.17173
0.570457
0.0259556
0.0222329
0.0221337
0.0222269
0.021886
0.67209
0.613132
0.0219532
0.0218899
0.0282673
1.81766
0.0248358
0.0219091
0.42504
0.021927
0.0222752
0.0214851
0.051836
0.0220281
0.0232644
7.11275
0.0577998
0.0220982
4.37579
0.120816
0.0219203
0.022107
0.0312864
0.0222624
0.0219601
0.0216987
8.1041
0.724617
0.0220097
0.0325978
0.0342811
0.636513
0.0219056
3.36733
0.0218532
0.0217392
0.571157
0.334355
0.0649856
0.0219193
0.0218806
12.385
4.80129
0.261187
3.01023
0.0221039
0.0223973
0.0220112
16.601
0.0236022
0.598672
0.0224184
0.0218106
0.0223927
0.0216178
0.0218683
0.0599973
0.0217618
4.96689
0.0216963
0.0220406
0.0214999
0.0232209
3.79806
4.66329
0.0449325
13.5075
0.021976
0.0340998
0.0223685
1.23707
0.0215787
0.0215103
3.02912
0.0328578
0.0312767
0.0221124
0.291913
2.24871
4.64222
0.0219891
0.0326972
0.833363
0.0275715
0.605627
0.126182
0.0747091
0.0216836
0.0223234
0.055356
0.0720712
0.0219834
0.0735923
0.0217229
0.0221825
0.0220458
0.0217151
0.0218803
0.021988
0.726998
0.0246067
0.0223613
0.0429667
0.0217227
0.0219124
0.0357535
3.94887
0.079202
0.0572609
4.09173
0.0222339
14.7627
0.0279641
9.64577
0.057735
0.0222018
0.0217982
0.0226031
14.8362
1.76517
0.0473567
0.146558
0.0216154
0.0218586
0.0222482
0.0222009
16.5575
0.0242372
0.0217512
0.171825
0.259867
1.22449
0.0222394
2.95456
0.0519388
0.0373626
0.0281698
0.383904
0.225404
0.0220257
3.85974
0.351967
0.0367694
4.61108
0.0418109
0.0218652
0.0222638
0.0218879
0.0227336
0.0261895
21.5237
0.0459992
0.0218647
0.315935
0.0220011
7.12108
3.37488
0.0219512
31.9349
0.0217001
0.0216789
0.0216956
4.12618
10.635
0.0431877
0.0298064
0.0215538
0.462808
0.0222313
0.0290538
0.0220915
0.0220213
0.021731
1.41642
0.0224496
0.039674
0.0276871
0.0222112
0.337635
0.120657
0.0295484
0.0244939
0.0227746
7.41787
3.36971
0.0216103
0.0217103
0.0216067
0.0222645
14.3952
8.13573
0.183681
0.0247445
0.0217642
9.25501
1.78472
0.0220016
26.6252
0.021686
0.0798921
13.6207
0.0217177
13.5814
13.6462
0.114272
14.6121
1.15277
0.0218219
0.0223565
2.58932
4.60276
0.0222662
12.4282
0.0238644
0.0218809
0.0222742
0.0223381
0.0370479
0.0240023
0.292906
14.9468
0.225408
0.0325253
0.0220787
0.0556943
2.34484
0.0217124
3.83868
0.0444377
0.0222197
0.0238965
0.0222415
0.0220352
0.0301249
2.31066
0.0219329
0.021779
11.088
4.34318
0.066819
0.0222617
0.0523448
0.021912
0.0219288
3.32516
2.5197
0.0219174
0.0214726
5.38913
7.2147
0.0450836
0.0220817
9.98132
0.0220922
0.0219224
0.0224029
0.0219289
0.02161
0.0216055
8.53951
0.243047
0.0250078
1.50452
0.0408683
4.72616
5.96881
4.55983
0.194827
0.0219007
0.0222389
0.0219062
0.0219908
0.0697123
0.0218726
0.104461
0.0272355
0.634125
0.0220444
4.2588
0.0342992
12.5273
0.0219219
1.74112
0.0267223
0.221218
0.257241
0.0291352
0.0216024
8.79929
0.053825
1.10737
0.021561
1.30895
0.022023
12.0003
0.477089
0.0408128
0.0219036
0.0220879
4.78629
13.1717
0.0284303
0.0214551
0.510472
0.079741
0.0419958
3.01349
0.0735803
0.0218656
3.72352
0.0218924
0.029386
0.0215225
3.7114
0.0215288
0.0222783
0.316929
3.34712
0.0222217
0.0635072
0.0229179
0.0733286
0.021871
0.307626
0.0229845
0.0597323
0.021892
0.0219834
4.78465
0.0260195
11.8981
3.90219
7.43927
0.0224168
0.021553
0.0217033
0.0242691
0.0338059
0.0289173
8.40627
0.0227314
0.375889
0.0393851
0.0222813
0.0218259
0.0643908
0.427958
17.8226
0.0218824
4.62855
0.021855
1.612
1.52157
0.0430814
0.0219931
0.0216685
0.0399333
0.964529
0.023485
0.022269
0.022407
0.0419195
0.0220375
1.59867
8.28055
4.06617
0.0221558
0.0247659
11.2163
0.0221863
0.0570817
0.0217324
0.762736
0.0345159
0.0219401
0.0406051
0.177617
0.0216387
2.9253
0.0218932
0.156569
0.240554
0.434757
0.30227
0.022166
0.0220593
20.6594
0.0219829
0.0376392
0.0859009
0.0227427
0.0214696
9.5004
0.0242052
0.339633
0.0221813
0.0613763
0.0222381
0.37666
0.024507
0.0235781
3.06813
1.23778
0.0220899
0.022273
0.155383
4.28064
1.99419
0.805063
0.0261583
0.0219052
0.0217765
5.28805
0.0221382
1.25045
0.0915094
2.17171
0.0221068
0.0216924
0.0217825
0.0401109
0.0370041
3.84914
4.35343
0.675551
0.298009
0.021591
2.71221
0.0226055
0.0523656
0.022173
0.037541
0.0560786
0.0219086
0.0215512
0.0578307
0.0216064
0.036678
0.0638492
8.99598
2.12584
0.03126
4.6512
0.0216707
0.0215483
0.0220735
0.189325
0.0578253
0.0432505
0.103307
1.085
0.037198
0.14692
0.0217339
0.021871
21.9516
0.0217361
0.272782
0.0214424
0.0218445
3.84117
0.309919
0.0218025
0.0744283
0.466207
4.60941
2.87159
0.0241638
0.0549925
0.0431547
1.28472
0.0219028
1.57918
11.4623
0.0232203
0.0236453
0.0215714
0.489796
0.0215533
0.0219795
3.96106
0.0220238
0.0215201
0.174299
0.0484291
4.71845
4.55564
3.41825
4.62496
0.0214885
0.0218815
0.0218172
0.0222048
1.72648
0.0219136
4.4301
0.0225989
11.8593
0.0238253
0.0220106
0.0216667
0.0220732
0.0290303
0.0217785
0.0214642
0.379166
0.0218071
0.043501
0.0222132
15.5819
0.0238624
0.0220774
0.0216323
0.0507377
0.0218998
0.0217506
0.0220892
0.0222146
0.02271
0.0218217
0.0228681
0.0300791
3.78373
12.6446
11.9854
6.08868
0.0217468
0.0220033
0.0219042
0.0214079
0.0219169
0.0217085
0.196739
0.0218438
0.0222518
0.0220679
0.02204
0.0218162
12.8579
0.0225617
0.0219662
24.4609
0.0388921
0.021698
14.2956
15.5794
0.022017
0.436654
0.724847
0.0218956
0.0431484
0.0234296
0.0215405
0.0263203
0.0218051
0.0328311
0.0220111
0.0222475
0.0217185
43.5516
0.0252114
0.0430354
0.0220314
0.0222657
11.6939
0.0249739
0.0220339
0.023151
0.0233385
0.022252
0.229377
17.577
0.815645
4.54826
0.213491
0.0354694
0.0222597
3.93563
0.144885
0.0224156
0.0582267
0.0222932
0.0218743
0.0222465
1.68813
0.0437034
0.0219943
0.0220387
0.216991
0.0217044
0.435492
0.0218991
1.91127
0.239169
0.671288
0.0220784
0.0228097
0.0303463
0.033744
0.0220452
0.0367011
0.0803762
0.699579
0.0217822
0.454612
10.01
0.021519
4.59091
0.0409407
0.311443
0.0973384
0.0218983
0.0265884
0.0371158
0.0216703
0.0238345
0.0215252
1.57045
1.11038
0.0311415
0.021819
0.136673
0.0692721
2.88169
0.264753
0.0228632
0.0255827
0.0219376
0.0218879
0.0372699
0.0491275
24.7822
0.021802
0.424724
0.0221233
6.62243
0.159918
4.87608
0.0215869
0.0225853
1.90708
1.82402
0.0404108
7.39397
0.0220267
0.240192
0.0219076
0.0218356
5.05977
0.393393
0.0229121
0.0220944
0.0716028
2.16359
0.180409
0.062872
0.0217522
0.0220103
0.021703
2.41041
13.1426
0.0217046
0.0406597
3.92676
0.0707997
0.257582
4.4109
11.5218
2.98153
0.0217145
0.021969
4.77488
0.0218756
0.0462647
1.59544
16.346
0.0229478
0.0289203
6.6918
0.51753
2.0638
11.122
4.71319
4.50838
0.0221113
0.0215842
0.0219876
0.0219681
27.8117
0.0513996
0.336846
0.379612
0.0535571
0.0217755
0.317011
0.0216158
0.0275899
0.0219154
0.0384527
12.3899
1.02883
0.0220708
0.0215672
0.0316561
3.22988
0.165815
13.2702
0.0417724
0.0219047
0.0777801
0.021436
0.0883623
0.0305417
0.0218835
3.46121
0.159
0.482054
0.053725
0.0220309
0.0215108
2.70978
0.0244176
0.0215923
0.0221447
0.0222564
0.0216708
8.52624
4.54858
5.82513
1.45765
12.2494
0.0225147
0.0219347
2.0384
0.0230318
0.0598175
0.993398
0.0218588
11.227
7.06493
0.0564522
0.0320965
0.729369
0.0226914
1.61775
0.035245
4.36941
0.0218068
0.0225146
0.0384703
3.64169
0.111981
0.0632511
12.073
2.85994
0.0668756
0.187059
3.39913
0.0232955
0.338696
32.13
0.0338483
0.0589729
5.12697
0.028258
0.0349326
0.022104
0.0337941
0.0353751
0.0524692
0.0220891
2.95086
0.152807
4.293
12.7643
6.22096
0.0373325
1.62571
3.59377
0.021838
0.483488
3.17117
2.00351
0.0266786
0.0236302
4.49514
3.86336
0.0215705
0.225886
0.021741
0.0219
4.13894
0.0246156
4.86191
3.93885
8.62801
1.68689
0.0216061
0.0321152
0.0219215
0.0218351
0.10267
0.0553628
0.0247661
2.54166
4.74108
0.0222734
0.0244111
1.33292
0.0224667
0.39246
0.0451628
4.64292
4.76015
0.332417
7.02666
15.647
4.22035
4.88163
5.81192
0.0267013
0.0244614
0.110215
0.113744
3.87104
1.47119
0.0221318
0.0221545
12.1524
4.34722
0.0231098
12.2298
0.021893
0.699236
1.73627
3.97976
0.0219171
4.17815
1.61561
0.025701
0.032878
11.4555
11.3028
12.042
11.6303
0.0218616
1.82015
4.72403
0.0385762
0.208867
0.101727
0.0217221
0.0250681
5.47373
4.09088
0.0234782
0.0221716
4.69589
0.0768342
6.04544
0.0685489
2.38871
4.94476
0.0219877
9.0381
0.0222852
0.0267174
0.0219497
0.0216814
0.0216931
0.0348053
0.269132
0.0214763
14.82
0.055158
1.88502
13.6981
4.27014
0.0219027
1.93148
1.57036
4.81694
0.0324762
0.0219097
1.72741
0.353275
4.33697
0.0514371
0.0229955
0.0216755
1.52175
10.3413
0.0317163
16.0849
0.0297136
0.0219969
4.36871
0.0503924
21.5122
0.0217606
0.025652
4.29533
11.8622
4.57092
0.291695
4.6533
4.75095
1.61219
0.0220454
14.142
0.0448706
0.021817
0.0215147
0.0218906
11.2107
0.0462485
4.8388
4.56457
0.0303079
0.136262
0.0559443
5.83435
0.24185
11.9817
12.023
1.31979
0.0848645
0.0215946
0.424249
0.0533426
0.0724103
4.47461
3.9526
1.6404
0.0220941
0.0231749
0.045331
0.0220586
0.0217934
0.026227
4.96867
0.0251278
0.023098
4.45126
0.0574121
0.37546
2.95281
4.97744
0.391621
4.94375
12.4336
5.43054
0.0587291
0.0288124
0.0219965
1.29232
0.0979953
0.249056
0.0587031
0.0570332
0.0214405
0.192009
1.0235
0.0239078
0.0215696
0.0222557
0.982491
0.0218624
0.0220217
0.0583699
4.72114
0.0251867
0.0504908
0.171566
0.0292341
0.0544529
0.0218102
0.0219746
0.0383044
0.289243
0.0220502
0.0294036
0.251934
0.942206
0.0220074
11.7176
0.0217825
5.04475
0.0228477
0.022937
0.0215334
0.160219
0.0291883
10.2114
19.2763
0.0645263
0.0221616
0.0216859
2.8667
0.862838
0.0215981
0.224351
4.60057
0.0491553
0.0724103
0.0214022
0.0223437
0.0219062
4.39734
0.0392206
0.022049
12.3796
0.0221142
0.0532869
0.320753
0.0217237
0.0911172
0.0564885
23.0858
0.0221944
0.0252942
0.0229554
0.0509325
0.0213832
0.0218871
1.12319
0.298565
0.0709769
0.0217293
4.62282
0.0221337
0.0221156
0.0219553
0.401751
12.2873
0.0229654
10.4057
0.627238
0.0595071
5.06198
1.29577
12.1087
2.14779
0.046555
0.0533608
0.19409
0.0447406
0.0219481
0.0288238
0.0266768
13.149
0.0220793
3.76726
0.0219736
0.344559
0.0836404
0.0224191
0.0224349
2.23839
16.7241
9.48949
4.30245
0.0218019
0.0515371
12.1303
0.0241625
5.73846
0.0381577
0.0996939
4.76673
0.0284965
0.0219896
0.113139
0.134884
0.0218877
4.70513
0.508634
0.0216925
0.0222394
0.0221209
0.0220067
12.7791
0.0216665
0.0442635
0.0220226
0.0218431
0.0307998
0.0219318
4.20289
0.0797111
0.0219602
0.0215959
0.108888
0.022549
0.0512304
10.5622
12.3071
0.0493718
0.210816
0.0383505
0.0215703
0.144869
16.3088
0.0356018
4.68495
0.857387
0.0693872
0.0361891
0.0246873
0.0632772
0.0356418
11.7278
0.0221141
0.021967
0.0215888
4.08796
4.50508
0.0340092
0.0658388
0.0217202
0.0239535
0.105046
0.261794
0.0218818
0.0557153
4.90091
0.0809482
0.0219869
0.0218937
23.5148
13.611
0.0219202
0.447794
0.026816
0.218048
0.328708
0.0218479
5.31742
0.0261313
0.0220238
4.06373
0.21352
0.0219035
0.022162
0.281614
0.0217279
0.0220383
0.14032
0.0392855
0.042548
14.1074
0.0239804
0.034087
4.87802
0.0217695
4.42912
12.1699
0.0238482
0.0474606
0.216692
0.0219103
0.174572
0.0214526
2.57
1.48132
0.0219995
0.898407
4.12204
0.0219008
0.0218971
0.552823
0.0313843
4.23689
4.21658
0.0220949
0.0399811
12.7972
0.0219856
0.0433715
0.0592618
0.0320371
2.63826
0.26213
0.0221917
0.22395
1.64952
0.0427859
3.23557
0.0219052
0.0215343
0.0222675
0.0396073
1.71001
0.0220653
0.0283199
15.6056
9.1979
0.0222176
0.0280672
1.95847
4.57638
0.0222246
5.55846
0.0310147
0.0796031
0.0317573
0.0226527
0.0245014
0.0219131
0.0219537
0.951034
0.0219307
0.0490082
0.0219757
9.59112
0.0221785
0.0224172
0.0215662
0.0228348
0.0219764
0.0383317
10.4789
0.45885
0.0352458
0.0399086
0.0219652
0.0301743
0.0482071
2.99421
11.8918
0.0218223
0.514423
0.0220196
2.08404
4.4407
11.3889
0.0218181
0.0999372
0.0713175
12.3466
0.22349
0.0218266
3.10919
0.295796
0.0357551
1.04495
0.0218263
0.0219215
0.0370515
4.8729
0.0218922
0.880435
0.0322172
1.38391
0.0838489
0.0219934
2.91863
0.0267338
0.021975
0.333735
0.0218123
2.75122
8.53515
0.191951
0.0265102
0.136529
0.0218949
0.092715
0.0408368
5.24207
0.0219402
0.0215436
0.0256626
0.027753
0.0390125
4.02208
3.1764
0.0338744
0.211683
0.021782
3.10346
0.925715
0.167415
0.0218929
0.0222605
0.0220801
2.55936
0.0219649
0.0244535
2.80472
0.0835301
0.0219212
0.236978
0.0796783
0.0219814
0.0241042
0.107915
1.442
0.0636147
0.0400085
4.43341
4.18702
0.388984
0.0255092
0.021997
0.0235353
0.0239383
0.126354
0.0536976
0.0250712
0.0768283
10.2944
0.0234735
0.0219927
12.2648
0.269669
4.6034
0.227995
0.0247066
0.0231964
0.0230318
0.0217174
0.0218609
0.0391057
0.021503
0.0225718
0.0219597
0.0225411
0.0229977
0.0219376
0.0364173
0.0301611
0.0218081
0.0219217
0.0221192
0.0224339
0.0221453
0.208098
0.0220561
0.0229613
1.37644
0.0216079
0.0227453
0.022084
0.0250434
12.4636
16.2855
5.12977
5.09078
3.28739
0.254455
0.0218552
0.0544565
0.0218613
0.492071
0.0220989
0.0280027
0.0220343
0.0505758
0.0219507
0.0282046
0.0217685
4.12916
0.148672
0.0220788
8.90757
3.21803
0.0217994
0.0626713
0.0219397
0.0215569
11.1603
0.0218234
0.0607723
0.17278
0.0221051
0.021516
0.0682968
5.24916
0.0242008
0.0225145
4.30259
0.0219324
10.9719
0.046283
2.72108
0.0216469
4.59945
0.0218893
0.0219716
0.289829
0.0553115
10.9804
4.76873
14.746
3.34011
0.147813
0.12217
0.0220455
0.116809
0.0217095
0.0218116
0.0850289
0.0218926
0.0219788
0.0215689
0.021598
0.0456078
3.69079
4.48524
0.355496
4.28161
0.0226104
0.0289315
0.0221043
0.0223853
0.0749869
0.0218919
0.021544
0.0218007
0.0227141
0.022754
0.183967
0.059842
0.0423058
0.0221097
0.0508795
0.0513011
9.30168
13.1733
0.0235996
0.0352981
0.022088
6.97736
4.29966
0.0219006
0.0219295
0.0235045
0.0222129
0.433982
0.324429
12.1933
0.0220027
3.39996
0.0219304
5.48455
0.0465519
0.0218026
0.0264797
0.716979
0.0259508
0.0262099
0.0267499
0.0773768
2.03709
0.0215537
0.0219101
0.0267466
0.12103
0.0218281
5.43456
3.11769
0.021909
0.0214008
11.8322
0.0500295
0.0218921
5.196
16.8462
2.80891
2.62915
0.0254177
1.84873
0.0220711
11.9885
1.73321
0.839703
0.0489344
0.0231381
11.2881
0.0240822
0.0218548
0.0214375
0.165054
0.0216102
0.949149
0.0219093
0.0219795
0.0242588
4.65486
0.023037
0.0223991
0.0220733
7.05084
5.77226
6.77362
5.06347
0.0342656
0.0218926
0.023511
0.253681
0.100006
0.0219814
0.0416669
0.138408
2.41764
0.021752
11.4213
12.45
0.0313615
0.0220627
0.0229727
0.0219423
0.0216447
0.021927
0.0220285
0.0216802
0.0875463
0.0220965
0.107136
0.0223179
0.0223449
12.0146
0.0502623
0.0221611
0.0224066
4.98588
0.0214983
0.0222476
0.0248896
0.0218069
0.564446
0.0274024
0.0223834
0.0414169
0.0218301
0.0252977
0.0215465
0.165895
0.0218106
0.0218796
0.914568
0.0222851
0.226722
0.0302057
0.0232126
0.071399
0.0213889
0.0220887
0.0223055
11.6997
0.0226103
0.0218945
1.90546
0.021857
0.0215956
0.0218778
0.519776
0.0305015
0.121228
0.031686
0.0292431
0.0461211
0.0230878
0.0257898
0.044478
5.17583
0.0220464
0.0268619
0.0217348
0.237838
0.2471
0.0219012
0.0251334
4.08094
0.0284958
0.0215043
12.9022
0.0247489
0.0742608
4.35337
0.0255531
0.0218658
0.0273828
0.0218961
0.0225528
0.0218982
0.0228292
0.0248181
0.0219683
0.0220679
0.0302889
0.0220078
0.088189
0.0217635
0.023164
0.0218935
0.0255551
4.4993
0.0219091
0.0217721
0.089064
0.0221106
0.0218279
0.321488
10.6183
4.87777
0.0219683
0.0235496
0.029295
0.0222449
0.0221258
0.0303191
0.178279
0.0215192
0.049563
0.0219085
0.0218752
0.021651
0.0215048
0.0221023
0.0391531
0.030496
0.0246348
6.04478
0.0231809
0.0267473
0.0216608
4.09195
1.47549
2.56109
0.0219548
0.0429309
0.0264879
0.0219241
0.0221209
0.0386997
4.59173
4.75597
0.0216534
0.0250876
8.74486
0.0224488
0.188127
2.10085
5.41216
0.02609
0.0219247
0.035383
0.0383503
0.109746
7.62518
1.27264
4.93634
0.0221937
0.0221735
0.0218953
0.10258
0.0217778
0.0216616
0.033578
0.0218832
0.0217259
0.0218708
0.0478459
0.0217718
0.0217657
0.0219642
5.20903
0.0214916
0.0219446
0.0221079
0.021919
0.0219363
0.0668755
0.0532137
0.884034
0.0214874
0.0268702
0.102558
11.1998
7.27232
0.022017
0.0222754
0.0485459
0.086053
0.0247861
0.339491
0.0219179
2.40097
0.0222782
4.78463
0.0224198
0.0218883
0.0356902
0.0219012
0.0216586
0.022381
0.697299
0.0235786
0.0222235
0.0221779
0.0219098
0.0351656
0.0216072
0.0219065
0.0244605
0.0962678
0.0232889
0.0215712
4.66997
1.21246
0.0218624
0.479528
0.022143
0.0257193
0.0682789
0.249003
0.0228459
0.0225665
0.0219686
0.246587
0.0267298
0.021825
0.02188
0.0227511
0.124137
0.0216515
0.0294938
0.0230927
0.0329405
0.0472883
0.0336902
0.0819959
3.60584
0.0240743
0.0220371
8.47649
0.36869
0.0219275
0.0214741
0.0220619
0.0219105
0.0218841
0.02318
0.0216515
0.0220773
1.38453
4.78106
0.0274327
0.0219009
4.54457
0.0230557
0.0216887
11.6423
0.0225
0.0215969
0.0220936
0.0220345
0.0302799
0.0219014
0.0509249
0.0219047
0.0217695
0.0219013
0.0292426
0.032054
0.0218797
0.0468146
4.64468
0.0227402
0.0218736
0.0565314
0.0216603
0.0218642
0.0218459
0.0267555
0.0220511
12.0108
0.022105
0.215646
3.2337
0.051436
0.0222881
0.0219047
0.0218976
0.0219263
0.0277228
0.184919
0.118403
0.0217977
0.0232661
12.2439
0.0215089
0.159
0.0219583
0.0220969
0.0287497
0.0580938
0.0219514
0.0282352
0.0268897
0.053915
4.36563
7.74805
0.0216341
0.0219222
0.0308752
0.0219572
0.0223261
0.0458015
0.0220445
0.0937906
0.0217716
0.064495
0.0221057
0.0757755
0.052345
4.67959
11.1853
0.021912
0.0350861
0.930713
0.205132
0.0215557
0.0215446
0.136347
0.0219316
0.0217565
0.0217214
0.0214846
0.0658435
0.0521716
23.0084
0.0220181
0.0358247
0.0222551
0.0215529
0.0225927
4.11497
0.171879
0.0218898
0.0219993
0.0218286
13.1011
0.0219757
0.0218958
0.0222317
0.0219005
0.0406195
0.0218262
5.24383
0.0219787
0.0219265
0.0219525
0.0218516
0.0216927
0.0220024
13.5335
0.021771
0.0219012
0.225097
0.0217454
0.0220419
0.0221126
0.0221556
0.0498944
0.0218825
0.0219674
2.56244
0.0223941
0.0220373
0.0220889
0.0214406
4.66154
0.0226181
0.0220559
0.0218802
0.0241197
0.0219603
0.94358
0.0217863
0.0220057
10.8783
0.0219753
0.0570604
0.0220386
0.0213903
0.0214537
0.0291538
0.034964
0.0218153
0.0222864
0.0226433
0.0218811
0.0221103
0.0219842
0.0216437
0.0215446
0.0215569
0.807818
0.0219495
0.0218279
8.15925
0.0218998
0.0250032
0.12472
4.60762
0.021803
0.0219706
0.0219494
0.0216096
0.0225881
0.035908
0.02329
0.0302114
0.0217229
0.0233924
0.0218596
0.0214558
0.0246364
0.053732
0.0230397
0.0251762
0.0220242
0.0219491
0.0221199
4.0951
0.0222933
0.0220073
14.6231
0.0220142
2.77993
0.0220618
0.0219193
0.0216915
3.87799
0.0218316
0.0240924
0.0221119
0.022071
0.0219591
0.0220872
0.0217933
0.0228955
0.0218803
0.0367207
0.022248
0.0354597
0.0214322
0.0216059
0.0226323
2.90489
0.0221479
0.0220471
0.0223281
0.0218942
0.0227658
3.79467
0.0224336
0.0261349
4.18368
0.441664
0.0224068
0.0219682
0.126456
0.0874846
0.0222001
0.0221155
0.0216272
3.15405
0.0219178
12.3885
0.0215976
0.0215235
0.0221041
0.021588
0.0227703
0.0215654
0.0219865
0.0222654
0.0460489
0.0232362
0.0219727
0.0215851
0.317306
0.0474866
0.0214817
0.0221036
0.0229772
0.0222392
0.0220582
0.0215452
4.23252
0.0215501
0.0218999
0.062408
0.0215411
6.2659
0.0218133
0.0348463
0.0242394
0.0219613
0.0214929
0.0219017
0.021676
0.0220425
0.0215319
0.0215815
0.580991
4.14489
4.96902
0.0215795
0.980077
0.0218665
0.0444585
0.0218996
0.0219067
0.0221099
1.04692
0.0219371
0.0218836
0.0221263
0.0218604
0.728683
0.0218957
6.86139
0.0214273
0.0218661
3.82642
12.3693
0.0219815
0.0219487
0.0250227
0.0220116
0.127341
0.0217387
0.421379
0.0217282
0.0330588
0.0221388
0.021807
0.0219313
0.0218656
0.0227668
0.0218493
0.0274628
0.0292165
0.111227
0.0215205
1.38521
0.0218751
9.6095
0.0218856
7.52618
0.579339
0.0217358
0.0218874
0.0215509
0.0217909
0.0220433
0.0216291
0.0215461
0.0218739
0.0214211
0.0792733
0.02211
4.40099
0.0215426
0.0214814
0.0219094
0.0219024
0.0219753
0.929436
0.0221137
3.25601
0.0214591
0.0221196
0.0291641
0.0215655
0.165735
0.0224603
0.0219153
0.036566
0.021491
0.0219703
0.0221254
0.0215442
0.0275346
0.0370953
0.0215909
0.0221122
0.0220454
11.1459
0.0229546
0.0214801
11.9762
0.0427978
0.0215861
0.0219016
0.156868
0.0220357
0.0214182
2.17628
0.195355
0.0220435
0.0214206
0.0222398
0.0329546
0.0215488
0.166431
0.021583
0.0215881
0.036809
0.0490794
0.0215819
0.021548
0.021432
0.0216754
0.0216894
0.0385017
0.0219619
0.0216864
0.022111
0.0218297
3.55968
0.0222722
0.837938
0.0242922
0.0254963
0.0221419
5.52198
0.0217765
3.9788
0.0214423
0.0219502
0.420462
0.0219659
0.0224022
0.0216341
0.0239783
0.0216224
0.0247034
0.0214785
2.91226
0.022039
0.0214946
0.0214994
0.0215551
0.0922157
0.0217389
2.60651
0.0218998
0.0240476
0.0214863
0.0220123
0.26602
0.0219949
0.101373
0.0218056
0.0226265
0.0220095
0.0221329
0.0221373
0.0218908
0.0219752
0.245491
0.0215541
0.0219356
0.0222974
0.0220563
0.0220533
0.0302712
0.0215816
0.0218998
0.0218386
0.0215755
0.0217506
0.02199
2.95992
0.175226
0.615086
0.021418
0.0225085
0.0221265
0.0247106
0.107083
0.197932
0.029301
0.0215387
0.021973
0.0216144
0.0221435
0.022115
0.0218937
0.767072
0.0473952
0.0219244
0.145906
0.0221371
8.40341
0.0219531
0.021874
0.0217945
0.0214859
0.0214698
0.0216204
0.0216371
0.0217404
0.0389635
0.0223468
0.0218907
7.32564
0.0215494
0.0219767
0.0219793
0.0214915
0.0218946
0.274533
0.0217436
11.413
0.0218854
0.0215406
0.033058
0.0218472
0.0242857
0.0660715
0.0215931
4.29947
0.0605225
0.0215778
0.0220341
0.0214875
0.229054
0.0215994
0.025149
0.022028
0.0217512
0.0216807
0.0217921
0.0219019
0.0218777
0.0217225
0.0218294
4.07818
3.78925
0.0223613
0.021954
0.218679
0.0275163
0.68238
0.0217941
0.0218657
0.021955
0.0221533
0.0219278
0.0216107
0.021531
0.0219665
0.0396601
0.0216386
0.0219978
0.0251313
0.0219806
0.028452
0.0220396
4.66893
0.0218525
0.0219195
0.0227418
0.0375994
10.4605
0.0218819
0.0221551
0.0218726
0.0219981
8.72649
0.0220423
0.0218969
4.68992
0.0217116
0.0219897
1.58988
0.0217702
0.0218439
0.0214569
0.021902
0.0217271
0.021995
0.0330337
0.0217781
0.59629
0.0220991
0.0231936
12.6469
0.0218692
0.0216202
0.0220618
0.0214258
0.0215908
4.36733
0.021963
0.0220055
0.0220671
0.0218572
11.6729
0.0217979
0.143922
0.0216675
0.0494384
0.164672
0.0535197
2.6546
0.0246349
0.0328612
0.0256368
0.0218627
0.021986
0.0225493
0.155088
0.0542479
0.0214758
0.0220033
0.0219631
0.0217072
0.0215833
0.125124
4.65871
0.19141
0.0222783
0.0221619
0.0293441
0.0219677
0.0219672
0.0216677
0.0219376
0.0219385
0.528077
0.0224079
0.0218363
0.0214916
0.0604529
0.0216251
0.0220715
0.0217021
0.0215347
0.0218907
0.0220456
0.0410468
0.0217488
0.024754
0.91418
0.0216482
0.0221046
0.0216582
4.03469
0.0215083
0.0217352
0.0422077
0.0219746
0.0682393
0.0217621
0.0214504
0.0223193
3.0246
0.0222528
0.0220941
0.0216608
0.0217676
3.93904
0.0223849
0.0216968
0.159256
0.0218901
0.0217466
5.20554
0.0222936
0.0222942
0.0222931
0.0222927
0.022292
0.0216867
0.0230115
0.0225597
0.0661359
0.021551
4.05905
11.6862
0.0299046
0.02158
0.0217936
0.0218815
0.0219569
0.0217688
0.0221338
0.0216831
0.143052
0.0218945
0.0217801
0.0216973
0.892812
0.0215942
0.0221346
0.0217426
0.0219484
0.021878
0.0217249
0.0221956
0.0227276
0.0220639
0.022295
0.0224989
0.0221218
0.0221403
0.0221895
0.0219704
0.0222859
0.0215118
0.0217372
0.0216918
0.0221962
0.021778
12.0169
0.0218612
0.0218359
0.0218339
0.0214065
0.0220103
0.0219733
0.0219422
0.0219107
11.7519
2.57501
0.0214931
0.0217386
0.168634
0.0327657
0.567995
0.021826
0.0229081
0.0331228
0.0215389
0.0220348
0.0219552
0.0220809
0.0219039
0.148022
0.0273927
0.0320713
0.0219499
4.38018
0.0221251
0.0217958
4.69938
3.78658
0.0216367
0.0218539
0.0222619
0.022573
0.0219082
0.0219912
0.0217894
0.0225127
0.0215265
0.106196
0.0217444
3.02578
0.0217813
0.0220095
0.483351
0.0219537
0.0218105
0.0222218
0.0218797
0.0220216
0.0247071
0.0221674
0.324243
4.83272
12.1382
0.0217549
0.0974676
0.0218633
0.0219632
0.0219739
0.0218372
0.0216005
0.0219907
4.87908
0.0218024
0.0219184
0.0215795
0.0217311
0.0218829
0.0215573
0.0219733
0.0219766
0.0216741
0.0219295
0.0220242
3.24086
0.0219234
2.27355
0.0222945
0.0219264
0.0217411
12.2858
4.72007
0.0215652
0.0216344
12.3663
0.0426665
0.0219275
0.0220241
0.0275481
0.0217693
0.0219076
0.0217749
3.0275
0.0220912
0.0220543
0.0222842
0.0218855
0.0218358
4.3005
0.0215306
0.0216015
0.0217982
0.0220774
0.0219065
0.0218875
0.0219439
0.0218949
12.2974
0.0221023
0.0220026
0.0216623
0.0296818
0.0217033
0.0311309
0.0220376
0.0216677
0.0219414
0.021774
0.0217411
0.0217469
0.0221218
0.0216057
0.0217548
2.27873
0.0219633
0.0318892
0.0219652
0.0218881
0.0216202
0.0216708
0.0293987
0.0220156
0.0214499
0.0218971
0.0219068
0.0235365
0.483215
0.0217303
0.0214746
0.0220284
0.0220571
0.0219962
0.192075
0.0217759
0.0220024
0.0303643
0.0217421
0.0394982
0.0218282
2.32837
0.0219308
0.0217723
0.0219759
0.0215619
0.0219392
0.0239079
0.021856
0.0220198
0.0218961
0.0219787
0.0221255
0.021702
0.0218766
0.0216344
12.7122
0.0219666
0.0222321
0.0820524
0.0226402
0.0217837
0.0214687
0.443467
0.0219055
11.5901
0.0217866
0.0884372
0.0222843
0.0227525
0.0215238
0.0220267
0.0218948
0.0217522
0.0219023
0.021901
0.0219473
12.8364
0.0214006
0.0220367
12.4667
0.022121
0.0215761
0.0218093
0.0219065
0.0281243
0.0216897
0.029214
0.0218558
0.0221216
0.0221257
0.0221284
0.0218284
0.0219536
0.0228103
2.47132
0.0219696
0.0221308
0.0218391
0.0220051
0.0215557
17.7441
0.0221207
0.0218935
0.0218899
0.021555
0.0216857
0.0259001
0.021783
0.0214461
0.0220658
0.0219674
0.021448
0.0218638
1.24756
0.021992
0.0218043
0.0220863
0.0220071
0.0220419
0.0214406
0.0220723
0.0220217
0.0220735
0.022139
0.0214425
0.021907
0.0220193
0.0219281
0.022156
13.2235
12.3328
0.0220556
0.0227911
0.0218446
0.0246894
0.0955806
0.0215407
0.0217877
0.0243417
0.0224624
0.0268729
0.0218963
0.021907
0.0219356
0.0219848
0.0215881
0.0217504
4.14736
0.0316489
0.0215312
0.0234394
0.0218261
0.23372
0.021652
0.0216179
0.0215076
0.0217263
0.0218957
0.077269
0.0218333
0.0940126
0.0380759
0.0236036
0.0217652
0.0220824
0.0218351
0.0218861
0.0219235
0.0218881
0.021778
0.0278172
0.0220448
0.021816
0.02216
0.0220334
0.0219673
0.0220063
0.0219809
0.0217216
0.0220097
0.0218901
0.0220281
0.0220105
0.0315846
8.1347
0.0284341
0.0217115
2.97711
0.0220391
0.0216674
0.0508511
0.0220455
0.0218657
0.0217881
0.0218928
0.0219374
0.0215866
0.0220274
0.0222316
0.0218953
0.021796
0.0217833
13.9185
0.0217623
0.0218951
0.0276717
0.0217552
0.0217315
0.0219783
0.022293
0.0221483
26.8036
0.0218759
0.0393999
0.0219659
0.0343603
0.148859
0.0214356
9.07963
0.0219469
0.0219547
0.0216991
14.7834
4.90575
0.0215319
0.0264146
0.0220662
0.0224039
3.65253
0.0236091
0.0219505
0.0215682
1.07958
0.0219709
0.0225874
0.0219862
9.90549
0.0219333
0.0214594
0.0217588
15.821
0.0217878
0.0219743
0.0219963
0.0215818
0.0220127
0.0220888
0.0219977
2.10236
6.29591
0.0219902
0.0228223
0.0239354
0.0759413
0.0217095
0.21853
14.7865
0.0215281
0.0216242
19.0963
0.0254289
0.0220145
0.0217914
0.0222929
2.46186
2.8235
0.0221625
0.0221369
0.0220296
0.0219636
0.0219685
0.0222291
0.0222561
0.0220454
0.0218961
0.0314008
0.021489
0.0228583
0.0222154
20.2473
0.02154
0.0220576
0.0216111
0.02225
20.9525
0.0221292
0.0508856
0.0222636
0.0219933
0.940818
0.0220786
9.77809
16.6394
0.0218137
0.0221215
0.021893
0.0221817
0.0219961
0.0218284
0.0261594
0.0214182
0.361085
6.70798
4.55744
0.0219953
0.0229873
0.0219397
0.0215405
0.0219895
0.022143
5.71024
0.0220841
0.0220788
0.0218015
0.0221381
0.0221816
0.0221634
0.0219938
0.0219916
0.0221054
0.0215038
0.0879662
0.0222618
0.0706201
0.0219894
0.0218295
0.0216196
0.0220256
0.0216825
0.0220445
0.0223246
0.023465
0.0216597
4.83834
0.0220974
0.10369
0.0219131
0.0218007
0.0696324
0.0277809
0.0218953
0.0219758
0.0220285
0.0218958
0.0215823
20.794
0.0365542
0.021798
0.0215013
0.022115
0.0219965
0.0872385
0.0219923
0.0214362
0.0220414
1.30236
4.19326
0.0216776
0.0218207
0.0219726
0.0219491
0.0225396
0.773182
0.0261302
0.0658488
0.0215269
0.0327842
0.10927
0.0221011
0.0222378
0.1413
0.022222
0.0216056
0.164361
0.0228906
0.0226083
0.0217778
0.0459424
0.0220316
0.0219957
0.060265
0.0219614
0.0227305
0.0219166
0.0659853
0.0215031
0.0219388
12.2177
0.0251929
0.0221267
0.0264985
0.0215957
0.0273448
0.0231723
3.08088
2.2116
0.022084
0.0216975
0.0306507
0.0219401
1.11994
1.42755
0.0220822
0.0220533
5.45333
0.0216074
0.0220658
0.0464254
1.37943
0.0618001
0.0216248
0.0219291
0.0218594
0.0217883
0.0216801
0.0220308
0.0350176
0.0220255
0.0214869
0.0218546
0.0219574
5.29009
0.0306083
0.0221831
0.0227286
0.0215179
0.0216453
0.0256986
0.0219684
0.0346132
0.0218812
16.2794
0.0214248
0.0217296
0.0348313
0.0221797
0.0220988
0.0221921
0.0241586
0.0214593
0.022312
0.0215509
0.0218683
0.0216754
0.0225751
0.021989
0.0219067
0.0220649
4.86978
0.031551
0.0215651
0.0219137
0.0219194
0.0214773
0.0561938
0.0641824
0.0218461
0.022042
0.0218043
8.27464
13.0221
0.0220638
0.0215748
0.0215352
0.0215556
0.0222177
0.0218556
0.0217208
0.0217845
0.0370709
0.0219054
1.16252
0.0220251
0.0218197
0.0220166
0.0450681
0.0217101
0.033517
0.0216677
0.0219488
0.0219119
0.0267892
0.0220106
3.21181
0.0219865
0.0222927
0.0220096
0.0216299
0.0284677
0.022243
0.0218374
0.0215664
0.022076
0.0219464
4.02676
0.0456751
0.0220719
0.0816725
0.0216585
0.0221403
0.0233967
8.42254
0.0220142
0.0218334
0.027849
0.0254501
3.32593
0.0215936
0.0218471
0.0596036
0.048132
0.0214064
0.0221145
0.0221746
0.0217334
0.022386
0.0219242
0.021886
0.0253039
0.0214655
0.041939
0.0216934
0.0218102
0.0219023
0.0217859
0.021642
0.0220492
0.212341
0.0222521
0.0218348
0.0217188
0.0216754
0.0218032
0.0216454
0.0274628
0.0517336
0.0216042
0.0220853
16.6091
0.051434
0.0467538
8.64423
0.021896
0.0217066
0.0216125
0.0216676
0.0525998
0.0221232
0.102299
4.27175
5.2655
0.0220466
0.0220418
0.02153
0.0222383
0.0219739
0.023821
0.0222631
0.0251954
19.1012
0.0217991
1.11938
0.0246685
5.15695
0.0220644
0.0217169
0.0216944
12.2307
0.0217842
0.022259
4.99533
4.74657
0.0218987
0.0218385
0.0221431
0.0215993
0.0217679
0.0434165
0.0217523
0.0218076
0.0242648
0.0220674
0.0217946
0.0215873
1.02776
0.0219128
0.0221301
0.0219467
0.0530421
0.0217513
0.0220061
0.024643
0.0230149
0.0218529
0.0601433
0.0320806
0.0234187
0.0478583
0.0222015
0.0219904
0.0218552
0.0217355
0.0216388
0.0218076
0.0221584
0.0220644
0.0236411
0.0221852
0.0219749
0.0417019
0.0369612
0.021891
0.0215348
0.022019
0.0220105
0.420216
0.0216965
0.0221922
0.0283281
0.333231
0.299575
0.021845
0.0328818
0.0479655
2.47494
0.0218667
0.0219763
0.0222965
0.0218536
0.0222724
0.0218794
0.038979
0.0214082
11.4173
0.0219124
0.0219768
0.0217209
0.0218566
0.0220353
0.0222655
0.0220216
0.0221263
0.0222454
0.0219279
2.12842
0.0217203
0.0219249
0.374537
0.0220199
0.0220053
0.0444006
0.0219896
0.0219412
0.0246831
0.0221456
0.0217914
0.0222717
0.0219365
0.0218102
0.0219144
2.72377
0.0238687
0.0223156
0.0218632
0.0218972
0.0218542
12.7582
12.2733
0.0224294
0.0219943
0.0218883
0.0236124
0.0219482
0.0286079
0.0218423
0.0221953
0.0220382
0.410631
0.0354032
0.0217217
0.0293242
0.0218953
0.0261076
0.0221205
0.0216194
0.0221053
0.0221453
0.0217812
0.0217379
0.0217981
0.0221694
0.218355
0.0231374
0.0218456
0.023927
0.0235929
0.0450061
0.0220997
0.0222528
0.0219082
0.0226593
0.0218804
0.0221685
0.0216934
5.51492
0.290478
0.0222661
0.0307097
0.0214694
0.0219544
0.0218044
0.0216802
0.0218932
0.022147
0.0220935
0.0219874
0.0220416
0.25592
0.0226268
0.0216932
0.0219081
0.117839
0.0220123
0.0218635
0.041563
10.1801
0.0219694
0.021847
0.0219332
0.0218125
0.0219538
0.183477
0.0218151
0.0216959
0.0216597
0.0220045
0.0220075
0.0221682
0.0216663
0.0251408
0.0219006
0.13495
0.0221776
0.0224655
0.0304927
0.0219852
0.0220938
0.021901
0.0222941
0.0220691
0.0221362
0.0223308
5.67885
0.022034
0.0217071
0.046075
0.0220015
1.23238
0.126105
0.0219604
0.0220182
0.0219057
0.0217526
0.0219579
0.0215079
0.0219847
0.0371724
0.0222926
0.0215746
3.05199
0.0222045
0.0220843
0.0222076
0.0217846
0.0618068
0.024272
0.0220758
0.0219405
0.0216337
0.0220351
0.0219272
0.0221068
0.0278034
0.0251283
0.0219735
0.0221534
0.0214427
0.0219785
0.0215581
0.021912
0.0219866
3.08424
0.0227853
0.0219399
0.702271
0.0221479
0.0220893
0.0222932
0.0221052
0.0219133
0.0219317
0.0221232
0.0221643
0.0220189
0.0218203
0.022285
0.0221409
0.0218758
0.0222937
0.0221327
0.0221745
0.0218686
0.0221743
0.0215648
0.0222865
0.0215545
0.0221238
0.022118
1.66012
0.0219286
0.0220258
0.0218121
0.030453
0.0220445
0.0218762
0.0216596
0.0219217
0.0223889
0.022293
0.0221441
0.0217075
0.0222935
0.0221734
0.0221305
0.0224324
0.0222917
0.0222277
0.0218746
0.022293
0.0221048
0.122084
0.0218518
1.69715
0.0219754
0.0220572
0.0287521
13.0567
0.0220946
0.0219376
0.0220391
0.0215252
0.0221135
0.0220264
0.021678
0.0257158
0.0217247
0.0219723
0.0220942
0.0318866
0.0223948
0.0217967
5.14672
0.0401485
0.0218844
0.0218037
0.0220563
0.0227879
0.0218932
0.0231768
0.0238578
0.0217613
0.0214422
0.022135
0.0220223
0.0220864
0.0220755
0.0221867
0.0222497
3.49266
0.0219822
0.0220418
0.0221183
0.0216055
0.0427666
0.0215305
0.0221566
0.0221746
0.0221283
0.0220638
12.7937
0.0367935
0.0218325
0.0217955
1.30372
0.0217312
0.0221231
0.931395
0.206685
2.38879
0.0221732
0.0221682
0.0327396
0.0221399
0.0219059
0.0218001
0.0216335
0.0219387
0.0217999
0.0219897
0.0268255
0.0221055
0.0221266
0.0218365
0.0214938
0.021994
0.0216774
0.021853
0.0221417
0.0214765
16.1265
0.0221784
0.0220167
0.0283282
0.0220378
0.0218396
0.0220606
0.216088
0.0217326
12.6325
0.0219682
0.021815
0.0219937
1.80176
0.0220426
0.0220284
5.54602
0.0221982
0.0226398
0.021945
0.0219051
0.0294516
0.0216531
0.0256113
0.965245
0.0219255
4.09506
0.0222419
9.26871
1.03596
0.0574192
0.0222428
0.0218777
0.0213833
0.0221271
0.0218299
5.56964
2.73768
0.0215917
0.022175
0.0661935
0.0218633
0.022236
0.956733
0.0218614
0.0222759
0.0218291
0.0390501
0.0917597
0.0218398
0.0219397
0.0219846
0.0219828
0.0215306
0.0876589
3.05459
0.0224593
0.0248895
0.0218331
3.75578
12.4327
0.0220552
0.0218904
0.0221993
0.0216933
0.0220222
0.0220242
0.0221967
0.0220239
0.0214007
0.0284459
13.2372
8.97009
0.0221426
0.0221818
0.237601
0.022161
0.0219622
8.74785
0.0221555
3.71768
0.0249612
0.0221809
0.0218349
0.0242763
0.0217449
0.179101
0.0221991
11.53
11.8001
0.0219971
0.0222002
0.0221206
12.4011
6.82679
0.0214373
12.5803
0.0219665
0.0222301
0.0217626
0.0215325
0.192384
0.0256397
0.0218238
0.0221602
0.0237921
0.0218
0.0220051
0.022223
0.0221409
0.0218459
0.0216344
0.0718431
0.0222255
0.0214694
0.0576355
0.0221784
0.0222029
0.022138
0.0221265
0.0214354
4.73795
0.0219678
0.0257582
0.172362
0.0221904
0.0220915
0.0215531
0.0221713
0.0221896
0.051191
0.0257258
0.0215798
0.0216748
0.0222025
0.0216865
0.0222288
0.0237597
0.0219735
0.0222081
0.0221169
0.0222072
5.16985
8.83456
0.0216105
0.0218937
0.0217188
0.0214855
0.0816016
0.0295523
0.022152
0.0221864
0.0217283
0.0219544
0.0220705
0.0219434
0.0214356
0.02344
0.0222437
0.0222153
0.0222084
0.0221614
0.0219915
0.0216715
0.0221518
0.0216439
0.0218905
0.0216263
0.0221508
0.0222193
0.0523113
0.0215195
0.0221151
0.0217245
0.0221534
0.0216235
0.0221426
0.0219848
0.147834
9.32766
0.0219419
0.0218845
0.0220439
0.0218076
0.0222457
0.021659
0.0216397
0.0218924
0.0219793
0.0232292
0.022246
0.0221992
0.0219092
0.0219263
5.74443
0.0222324
0.0219527
0.0216259
0.0218338
0.0217671
0.0215142
0.0234526
2.56525
0.0220993
12.9428
0.0220804
0.0218371
0.0221111
0.0217024
0.0387804
0.0219669
0.0220556
0.0218956
0.0227953
0.0216395
0.0218092
0.0221842
0.021892
0.0215671
0.115309
0.0220522
0.0217144
0.0219466
0.0217122
0.0218076
0.142453
0.0218627
0.0234651
0.0221078
0.0220808
0.182658
0.0218542
0.0215828
0.0218936
0.0217229
0.0217607
0.022172
0.0221179
0.0216617
0.0239956
1.35006
0.0221932
0.0218226
0.0215423
0.021875
0.0222269
0.0217458
0.0220723
0.022213
0.0778244
0.0214706
0.0218749
0.0214529
0.0367174
0.0222192
0.0221786
0.0218632
0.0221086
0.0220821
0.0216093
0.0216245
0.021858
0.021593
0.0218521
0.0220218
0.021611
0.0215762
0.0221649
0.0222272
14.5264
1.33206
0.0220629
16.1994
0.0220284
1.61997
0.0220898
0.0219653
0.0469504
0.022034
0.0218988
12.4229
0.0217888
0.0217464
0.163917
0.0217621
22.6635
0.0218186
0.0221314
0.0221856
0.0217776
0.0215361
0.0219201
0.0217929
0.0221565
0.021827
0.022155
0.0221359
0.0217927
0.0217619
0.0217865
0.0221516
0.0221578
0.021895
10.4706
0.0220055
0.034102
0.0221504
0.0217058
0.0215479
0.0217462
0.046348
0.0221079
0.253111
0.02173
0.022129
0.0219164
0.0217718
0.0219136
0.0221951
0.0277483
3.973
0.0219334
0.0888993
0.0220688
0.0215388
0.0220552
6.46967
0.0219123
0.021731
0.021794
0.0219336
0.0593832
0.0296232
0.0220554
0.0217734
0.0218499
0.0219488
0.0215658
0.0219106
0.0221647
0.021843
0.0246351
0.0220557
0.0219517
0.0220127
0.0220838
0.02215
0.022088
0.0219947
0.021651
0.0216286
0.0218302
0.0219439
0.0221301
0.0219651
0.18664
0.0219812
18.9864
0.02171
0.233758
0.0219812
0.0218496
5.4283
11.9357
0.0218692
0.0217286
4.70646
0.0218887
0.022056
0.0375404
0.0229624
0.0220867
0.024018
12.7084
0.022013
0.0309466
0.0222
0.021997
0.0221721
0.0220891
0.0220294
0.022079
0.0222424
0.0219937
0.595432
0.0214809
0.0222913
0.0220723
0.034648
0.0218418
0.0222117
11.182
4.29055
0.0221367
0.0222071
0.0235386
0.0214975
0.0216773
0.0219087
0.0220592
0.0240428
0.0219033
0.021469
0.0221157
4.35863
0.0220947
0.0220382
0.0256356
0.0220768
0.0222227
2.71315
12.0535
0.0214655
0.0221874
0.021841
0.163603
0.0221491
0.0214256
0.0215721
0.0217895
0.0218902
0.0219636
0.0220463
0.0222857
0.0218426
0.0218802
0.0215355
0.021477
0.0216081
0.0220694
0.0214517
0.0266853
0.0217162
0.0222847
0.0220217
0.985761
0.0215394
0.0218063
0.0217338
0.022081
0.0220232
0.0217847
0.0220921
0.0221995
0.0220573
0.0221434
0.0216621
0.0220522
0.0218155
0.0222178
0.0216151
0.0221844
0.0214604
0.021688
0.0217919
0.0219162
0.0221592
0.022163
0.022103
0.0218398
0.0219601
4.19872
0.021917
0.0219607
0.0220001
0.0221254
0.0218498
0.0265213
0.0231467
0.027452
5.54275
0.0611977
0.0219747
0.0214495
0.0217039
0.0221761
0.0221956
0.0224453
0.0216753
0.0220891
4.46478
0.0220586
0.994712
0.0215085
3.08785
0.0220731
0.022152
0.0216623
0.0216119
0.0221816
0.0214676
0.0219553
0.0219628
0.0217294
0.0259988
0.3172
0.0221473
0.0218411
0.0217026
0.0221813
0.0354021
0.0220195
0.021934
0.0221664
0.0219817
0.133959
0.0214018
0.0221841
0.0220298
0.0220398
0.022166
0.022187
0.0220601
0.0217564
3.56401
0.0220959
0.276035
0.0284645
0.0219263
0.0218362
0.0218877
0.021977
0.022294
0.0222184
0.0222458
0.0411081
0.0220045
0.0221679
0.0218751
0.0360166
0.146832
0.022225
0.0219994
0.0216695
0.0218465
0.0219798
0.0221808
0.0260569
0.0220681
0.0228992
0.0324269
3.85416
0.021961
0.0219362
0.0219425
0.0260564
0.0367375
0.0221604
2.71883
2.04107
0.0219526
0.830549
0.0219197
4.51271
0.0218812
0.021939
0.0219594
0.0216263
0.0220554
0.0221677
0.0219416
0.0221528
0.0222024
0.0221881
0.0219435
0.0221103
0.0214223
4.54187
0.0215245
0.0218323
0.0233707
0.0266913
0.0216727
0.0222269
0.0220339
0.0217904
0.0221495
0.0216197
4.53739
0.0220477
12.4792
0.0219052
0.0221328
0.0221524
0.0218925
0.0216364
0.0223159
0.0219135
0.0215964
0.0215632
0.0217396
0.0220272
0.0220475
0.0227315
0.0222044
0.0222914
0.0220101
0.022116
0.0220011
0.0220962
0.0282244
3.06417
0.0220004
0.0215082
0.0219576
0.0221387
0.0218303
0.0218514
0.784231
0.0217843
0.0220077
0.0251624
0.0858709
0.144218
0.0219335
0.0214529
4.05841
0.0219453
0.0215406
0.0319283
3.93255
0.0218384
0.0219098
0.0219487
0.0215209
0.0220015
13.325
0.0344696
3.03911
0.0217243
0.0242901
0.0221447
0.0218498
0.0215681
0.0214434
0.0216714
0.0218577
4.35611
0.0220053
0.162659
0.0217687
0.0216874
0.0220016
0.0219467
0.021805
0.0222676
0.0216123
2.60992
0.0222058
1.11328
0.0221187
0.0218606
0.0219729
0.0273835
0.0216603
0.0218422
0.0217074
0.0215242
0.0347601
0.022789
7.63149
0.0218747
0.0218666
0.0213873
2.02421
3.09473
0.0217886
0.0218316
0.0220259
10.7843
0.0218487
0.0216985
0.0222238
0.0216333
0.0931182
0.0217677
0.0218121
0.308717
0.0219175
0.0219898
0.0219434
0.678519
0.0349311
0.0217924
0.0216494
0.0218869
0.0219447
4.82195
0.0218364
0.0221174
0.0218009
0.0219876
0.0236079
0.0218228
0.0219614
0.0217295
0.0217724
0.0222049
0.0225538
0.0311642
0.0219062
0.02188
0.0220964
0.0221387
0.0219321
0.0220615
0.021968
0.0222261
0.0218322
0.0218995
0.0235648
0.0221582
0.021941
0.0221842
0.0221071
0.0219784
7.6362
0.0220762
0.0222225
1.38294
0.0219788
0.0221565
0.0219911
0.391461
0.0214761
0.0225954
0.0332402
0.0216486
0.022254
0.0221879
0.19816
0.0220552
0.0219409
0.0215677
0.0221103
0.0220037
0.0725246
0.0242664
0.0235495
0.0218662
0.0217223
0.0221922
0.0218414
0.0219914
0.021605
0.0222468
0.275886
0.0219119
0.0221137
0.432114
0.59751
0.0219067
0.0219721
0.0221021
0.058348
0.0551892
0.0218752
0.0219139
2.31368
0.0219313
0.0218977
0.0220937
0.0215221
0.0220862
0.0222281
5.12732
0.0221605
0.0221061
0.0218828
0.0218223
0.0221283
0.558905
0.0218789
0.0218731
0.0218837
0.0282407
0.0221975
0.0218465
0.02196
9.76677
0.0216111
0.0221435
0.021813
0.0222054
0.0216925
0.0228128
0.0219592
0.0218539
0.0218966
0.0610426
0.0221482
0.0222074
0.0221435
0.0220611
0.022227
0.0220662
3.57563
0.022047
0.0586674
0.0222343
0.0217059
0.0222134
0.0222046
0.021623
0.0216616
0.0216553
0.0218089
0.104533
0.0238868
0.0218208
0.0426012
0.0214567
0.18766
0.0221361
0.0216949
0.0215984
0.512696
0.0217167
0.0218192
0.0215248
0.0218195
0.0244927
0.0220621
0.021862
0.0215236
0.0215609
0.0220098
0.0216533
0.0214745
0.399054
0.109143
0.0218112
0.022062
0.0220602
0.0218191
0.025285
0.0216054
0.022074
0.02182
0.0219392
0.0222468
0.0219015
0.0215852
0.0255122
0.0278601
0.0221668
0.0218136
0.0217743
0.0215905
0.0223782
0.0219239
0.0221132
0.0219532
1.27447
0.0219639
0.0221133
0.0217311
0.0219212
0.0226235
0.0217792
0.0217327
0.0218678
0.0215714
0.0214396
0.0276982
0.021813
0.0219061
0.0215832
0.0218932
0.0215274
0.0220548
0.0732644
0.022186
0.0215486
0.0222727
0.0219307
0.0217997
9.38011
0.0217445
0.0218242
0.0216763
0.472505
0.0217352
0.0219189
0.029204
0.0318699
0.0214573
0.0222465
0.0222189
0.0217308
0.021954
0.021916
0.0217781
0.035939
0.0222458
0.0221089
0.0221203
0.0219816
0.0217713
0.021822
0.021646
0.0225017
3.25297
0.021954
0.0219336
0.0219361
0.0216667
4.66104
0.0218807
0.0219342
0.021979
0.0220954
0.0222324
0.0214601
0.0218248
0.0219332
0.0222181
0.0219497
0.0219347
0.0304
0.0239927
0.0220791
0.0544541
0.0218162
0.0217464
11.0831
0.0217965
0.0220339
0.0219164
0.022199
0.0219493
0.0217488
0.0222068
0.0217824
0.0217992
32.9971
25.8574
31.1136
12.8466
0.0215412
0.021885
0.0217365
0.021903
0.0220344
0.0217633
0.0217112
0.0221436
0.0220744
0.0220626
0.0214845
0.0628259
0.0221281
28.9401
0.0221488
0.0221118
0.0221799
0.0685846
0.0216575
0.0217792
0.0221278
0.0217476
0.021868
24.0303
0.0217974
17.5394
0.278439
0.021794
16.0806
0.0218261
0.0603092
0.0217408
0.0221796
0.0606741
0.0225099
0.0220618
0.0221438
0.0218492
0.0220614
0.0218744
0.0218391
0.0217457
18.5131
45.9245
41.1007
22.9494
34.4026
42.8139
51.2242
17.3631
11.9329
15.9441
39.0748
33.1984
20.1327
52.1633
37.8755
42.5411
13.9409
43.9346
7.23827
24.7513
0.022157
0.0216674
0.0215095
0.0643131
0.021743
0.0216684
0.0217371
0.02224
0.0222262
0.0217963
0.021942
0.021825
0.0218167
0.021845
0.422967
0.0219978
0.0434771
0.0217873
0.0221387
0.0215588
0.0218851
0.0218251
0.0220208
0.0214277
0.0218327
0.021777
0.0219088
0.0218953
0.0221817
0.0218523
8.05646
8.93753
8.33634
7.6932
7.33976
0.0219145
0.0222187
0.0486343
0.0221795
0.0217858
0.0217649
0.0216956
0.0221233
0.0218582
0.0614744
0.022079
0.021825
0.0217956
0.0219386
10.4009
0.0218065
0.0218915
0.0217527
0.0215362
8.20354
0.0218864
3.84973
0.0317563
1.14
0.0235043
0.0394769
11.3661
0.0220093
0.0217079
8.68073
0.169216
1.94178
4.81684
0.0305422
0.0214709
0.0227393
0.0215885
0.0218004
0.0214908
0.0216884
0.0217651
0.022199
0.0222166
0.0555949
0.0257892
0.0217831
0.0216854
0.0220766
0.0222398
0.0222934
0.0218931
0.0216415
0.0237924
0.0216802
0.0218765
0.0216861
0.0218568
3.04661
0.0217246
0.0222394
0.0221795
0.0220888
0.0216258
0.0220406
0.022161
0.0215319
0.0221989
0.0218253
0.0216287
0.0219244
3.42749
0.0214755
0.021957
0.021594
0.0515081
0.0219132
0.0219398
0.0222111
0.0218369
9.7539
0.13876
8.59254
0.0216096
0.0217739
0.0217012
0.0216966
0.0221307
0.0219978
0.0219653
0.0218255
0.0217069
0.0216841
0.0216517
0.0235893
0.0837036
0.0215372
0.0217152
0.0219221
4.39202
0.0218184
0.603077
0.0221035
0.0218267
0.0218207
1.93483
0.0216465
0.0219194
0.0220971
0.0217289
0.0214182
11.6558
0.0214944
0.0217787
0.049018
0.0220686
0.0219628
0.0287503
0.0381249
0.0216482
0.0218086
0.0220569
0.0218623
0.0216629
0.0475558
0.0220985
0.0217742
0.0222122
0.0215969
0.396223
0.0219708
0.02197
0.0222355
0.0218965
0.0219895
0.499321
11.9577
0.0218488
0.0218984
0.0220926
12.0539
0.0216481
0.0338513
0.0216248
0.0220266
0.0215989
0.021779
0.0219557
0.0219508
0.0216516
0.0215907
0.0216539
0.022218
0.0251589
0.0220727
0.0216475
0.0215205
0.021695
0.0219274
0.0229621
0.0217882
0.0217772
3.72628
0.0217977
0.0214039
0.0216516
0.0319893
0.0217491
0.0214726
0.0213833
0.0442325
0.0220446
0.0217355
0.0220642
0.0216531
0.778022
11.9054
0.0235429
0.0213857
0.0222297
0.0217344
0.0220842
0.02196
0.021945
0.0214881
0.0216467
0.0222937
0.0223626
0.0216648
0.0254849
0.0441976
0.0220382
12.162
0.0220055
0.021754
0.0217467
0.0221315
0.0216341
0.0216969
0.828338
0.0224408
0.0215237
0.0216925
3.876
0.0221428
0.0221818
0.036923
13.3462
0.0219218
0.0214761
0.0277806
0.163008
0.021654
0.021958
0.0414526
0.0216083
0.0220015
0.022161
0.0215264
0.0221688
0.0216359
0.0215097
0.0220056
0.0215332
0.112861
0.0218045
0.0292995
0.0382527
0.0221724
0.0220627
0.164556
0.0214359
0.0217199
0.0216389
0.0217374
0.0214804
0.0218827
0.0233511
0.0220474
0.0221742
0.022007
0.0219505
12.5243
0.0216036
0.0218858
0.0219624
0.206124
0.0216868
0.0221148
0.0222603
0.0219212
0.0427774
36.6693
38.9916
0.0216371
0.022033
0.0221942
0.0222486
0.0216665
0.0566676
0.0218562
0.280496
4.67619
0.0390036
0.0215227
19.5319
0.0220788
0.0222608
0.0215266
0.0219549
0.0216521
21.0922
0.0222348
0.0366065
0.0408746
0.0214756
5.51794
0.0216895
2.8202
0.021553
0.0217294
0.0217367
2.53295
0.0251587
0.0217503
32.1657
0.0240615
0.0220062
0.0216428
0.0216932
0.0229029
0.0216459
0.0220726
0.0216842
0.0220972
0.0218362
0.021868
0.0217485
0.0214444
0.0222391
32.6942
32.0475
0.0219105
0.0222163
0.0219242
0.0221876
0.0223356
0.0216405
0.0216165
0.0219177
0.0218319
0.0221257
0.0214914
0.0777308
11.5028
0.0218184
0.0215411
0.0220071
0.021479
13.0096
15.9383
0.0216408
0.0223877
0.022256
0.0218718
0.176945
0.0218605
0.0216254
0.0220903
0.0229748
0.0221251
0.0215237
0.0215131
0.0218957
0.676235
0.0218041
0.0232473
4.7399
0.0276408
0.0219667
0.0215004
0.0218595
2.18908
0.0221633
3.1134
0.168385
0.0224268
0.0221091
0.0218697
0.0274785
0.0221376
0.021597
0.0283893
0.022187
0.0223139
0.022043
0.114098
0.0218094
36.5688
40.1352
0.0220902
0.0218165
0.029953
0.0216888
0.0216947
0.0220083
0.0221075
0.0217013
0.0219659
0.0216418
3.32514
0.0218319
0.0214528
0.0225859
0.0217107
0.0286453
0.0216441
0.0218601
0.0215068
0.0218956
0.0220724
0.0218337
0.0217663
0.0218774
0.0218291
0.0220217
0.0219204
0.178879
0.0215102
0.0219968
0.0221284
20.9973
0.0329202
0.0215123
0.0243865
0.0218938
0.0371169
4.36695
0.0225243
0.0219357
0.0770491
0.0218356
0.0221613
0.0225737
0.0218773
0.0864011
0.0218937
0.0221208
0.0217244
0.0218392
0.0220894
0.0215779
0.0215976
0.0214697
0.0216486
13.7658
4.10785
0.0285488
0.0216822
0.0221795
0.0463803
0.0216191
0.0219961
0.021848
0.0989007
1.59384
0.0221978
30.6092
0.182066
0.0219111
0.0218598
0.0214445
0.0660819
0.0218261
0.0218212
0.0220955
27.2607
0.0527226
0.0218701
0.0221454
0.0217492
0.0216602
0.0409899
0.021764
0.021648
0.022438
0.0214461
0.0220448
0.0242629
0.021747
1.13575
2.726
0.147054
0.0220517
0.0219379
0.0217662
0.0216389
0.0218545
0.0992103
0.0217421
26.8547
0.0240134
0.0219252
0.0216755
4.94373
0.0218345
44.4156
0.0734238
0.0227927
14.4612
0.0215514
0.0221374
0.0220572
0.0218733
0.0221938
0.0367775
0.0226475
0.060826
25.8686
29.6634
0.0221057
0.0221219
0.0313094
0.0224961
0.0218224
0.0220191
0.0220699
0.021713
0.0219221
0.107755
0.0219916
0.022074
15.4777
7.73662
0.0219411
0.0239296
0.141475
0.0217722
3.72989
0.0218476
0.0433543
0.0218766
12.4908
0.0217837
9.25794
5.07672
0.021497
3.25525
4.18783
0.143825
0.0222081
0.0215366
0.0317827
0.132421
48.9612
0.0218317
37.2709
0.0217142
0.0217342
0.0913611
1.09106
0.0219293
27.8079
6.06722
0.0215661
43.5094
0.0216297
8.35554
0.0218953
0.0217446
14.6041
0.0219007
0.0218584
17.769
5.48105
0.0218612
0.0230994
0.0220148
16.3362
0.0303331
0.0218346
0.0218946
0.0215
0.0216747
0.0214215
0.0216301
24.2482
0.0215037
4.61931
0.0220727
0.0217738
0.0218342
0.022058
0.0218559
0.0221547
0.0220429
0.0219297
0.0698907
0.149303
0.0240227
0.0214728
6.13738
6.34569
0.021824
0.0219554
0.0254222
18.7168
0.0222284
0.0251877
0.351551
0.510794
0.0347186
0.0328108
0.0221742
2.56503
12.4767
1.18926
0.0229505
0.0794922
0.0218802
3.59179
0.0221853
0.0218819
0.0324908
0.0326743
0.0214413
0.0218587
0.0218656
0.0220282
0.548671
0.0220918
0.0219313
0.149685
0.0216008
3.78119
0.0218642
0.0236045
0.021711
0.0326505
0.0221799
0.0221318
0.0219056
0.0238049
0.021636
0.0218706
29.5253
0.0219506
3.47775
0.0217825
0.0219245
0.0220004
0.0217221
0.0333602
0.0218756
0.0219607
0.0221897
0.0218412
0.106887
0.0216587
19.9161
0.024357
0.021858
0.0217445
0.0218473
0.0220142
0.0218981
8.53613
0.0233666
0.0217538
0.0859194
0.022222
0.0219672
0.0220266
34.4602
0.87618
0.0396541
0.762249
3.09199
0.0238684
0.245029
0.0221387
0.0218511
0.0219116
0.0427276
0.0218511
0.0215035
0.0883721
0.0249549
2.8356
0.0221558
0.0619001
0.0222099
0.0217227
14.6503
0.441216
0.375112
0.0219419
0.0218346
0.0219772
0.0216391
0.0328663
0.0239689
20.7608
0.0218522
0.0220606
0.0214723
0.0222474
0.0215202
0.0216937
3.30388
0.0219738
0.0221008
0.0219684
0.0262078
0.0218895
0.0433744
0.259468
3.80706
0.0216398
0.151159
0.0237348
0.0220387
0.0242696
0.0218958
0.0216737
0.0240703
0.0221729
37.874
0.0218976
0.0236815
0.198117
0.0216809
0.12475
0.0217321
0.189342
0.022131
0.0218322
2.39556
0.0548125
0.0219598
0.0215546
0.0282425
0.0216062
0.036139
0.0302818
0.0369782
0.0222554
0.0217678
0.0217739
0.0216703
20.8464
0.0221913
0.0214009
0.0219001
0.0392356
0.0268318
0.0217356
0.022279
0.0221284
0.0217667
0.0219482
0.0220076
0.0220078
5.32072
1.42145
0.0230998
0.022285
0.0222837
0.0584514
0.0217631
0.0221773
0.0514584
0.0219938
0.0226091
0.0215183
0.0219387
0.0217592
0.0215274
0.0219871
4.08083
0.0761183
0.522246
0.0284636
0.0219265
11.5763
0.0219178
0.0215936
0.021904
0.0649923
12.3635
0.0217577
0.0313324
0.0221867
0.0234981
4.6148
0.0217745
0.0220336
0.0217232
0.469609
21.0739
0.0237654
0.0425494
0.530041
0.0216672
0.0218855
0.0217604
0.0216535
0.0217033
0.0215835
4.09753
3.04096
2.07329
0.0219534
0.0217176
0.0226832
0.0223125
0.0217969
8.23904
7.94093
5.05557
0.0214868
0.0216899
0.0264222
0.0215861
0.0218977
0.0223723
0.0225856
2.82707
0.022143
0.0217644
0.0216448
6.59086
0.096715
0.0215834
3.93604
4.67773
1.10897
0.0218776
1.5917
0.044453
0.0222746
0.0217488
21.0428
0.0247647
4.74672
0.0217423
3.99937
0.0217204
0.0217813
0.0228229
0.021928
8.09595
0.0860502
0.0231455
0.0230768
0.0220786
3.29626
0.445865
0.227557
0.144008
0.0216248
0.0380683
0.0225265
2.27019
1.20083
0.0217247
3.10577
0.0216819
4.01256
0.0220371
0.0233481
0.0216316
6.42094
33.2091
0.0833642
3.36812
0.0217658
0.0216817
0.0222868
0.0214239
0.0218994
0.0220442
0.0218544
38.2101
0.0264656
0.022171
29.9656
0.0219942
0.0221057
0.0217814
3.88797
0.0219332
0.0216631
0.0216939
2.50733
0.0224547
0.0508841
30.101
0.101867
0.0216764
0.0222148
5.51284
0.0279241
47.0552
0.0234841
0.0271424
0.0215077
43.128
0.0366282
0.0356535
0.0221235
0.0222743
0.0219674
0.0223297
0.0221728
0.0323147
0.0905369
0.0215581
0.0214617
0.0214915
0.0214898
0.0216833
12.217
4.1768
0.115823
4.41845
0.113623
4.41026
0.0220723
0.02219
0.021607
0.0216111
0.0220335
0.0243945
0.0218952
0.0227928
0.021474
0.022077
0.2217
0.0349243
0.0219908
0.0215108
0.0221504
0.0221379
0.0220663
0.121068
0.0233263
0.0219551
0.0216222
4.80685
0.022092
0.0229679
22.6108
0.0216097
0.0217812
0.0459591
0.0219529
0.0218929
0.0221717
28.3401
0.0216626
0.0219629
0.0220227
0.0224087
0.0223998
0.0225208
0.021676
0.0240639
0.12872
0.0221928
0.0219619
0.0296645
0.0329806
0.0217455
0.0220922
0.021699
0.0221751
0.912717
0.0214194
19.3107
0.0214876
0.0220394
0.0841882
0.0484448
0.0256365
0.0270914
1.04382
0.021832
12.438
0.0220839
0.0571532
0.0218939
0.02579
0.0218704
0.0221709
0.0221761
2.51449
0.145907
0.0218858
0.276287
0.0222426
0.0222934
0.0220479
0.287535
0.168447
0.0260352
0.0940449
0.260435
0.0231634
0.0217483
0.242891
0.0222941
0.0216653
0.0306065
9.70499
0.305861
0.0273846
0.0222091
0.0698577
1.42432
0.378766
0.0219605
0.0217796
0.0324372
0.022273
0.0214937
0.341268
31.7519
0.025176
0.138973
0.0254097
0.0220357
0.0216319
0.0216923
0.0242318
0.0219131
0.0220773
0.0607915
0.0214153
0.0216781
0.0221421
0.0221911
0.0219709
0.0218441
0.0219697
0.128718
0.0219313
7.04067
0.0222631
0.0218203
6.85111
0.0250791
0.0223153
0.715546
0.0215056
0.0218878
0.0223438
0.0283014
0.0551943
0.021931
0.0219041
0.0224965
0.0218755
0.0221495
0.0377668
0.0488474
0.022454
0.211364
0.0221599
0.0221906
0.0214542
0.0223096
0.0436723
6.96312
0.209439
0.0218168
0.0264331
0.0272436
0.0468553
0.0260921
0.0249515
0.0238776
11.5367
0.0302642
0.0218692
0.0231848
0.0250553
0.0220419
0.0216838
0.0241499
0.0491774
0.105042
4.01003
0.0215163
32.2261
30.0161
0.0226859
0.0219896
0.0217025
0.0221845
0.361428
0.0225262
0.0242445
14.8281
0.0825477
0.0214577
16.661
14.6844
0.0224487
0.0221318
0.0227775
0.0235944
12.5925
0.0525801
0.0231134
4.39119
4.53555
4.23101
0.039676
0.0272331
1.00787
21.2239
0.0286094
0.315533
0.0219385
21.1856
17.3622
0.0220993
0.021999
0.0220167
0.0215477
0.0474872
0.0222111
0.919578
4.41797
0.0219917
0.179563
0.0939951
0.0222101
0.0229642
0.0217962
0.028587
0.158202
0.0228306
0.022085
2.79493
0.0226797
0.0219828
0.0220785
0.0215221
0.0220604
0.0270378
0.0225548
5.63562
0.0221613
0.0225991
0.0218579
0.0346263
11.3776
0.0217487
0.0244482
0.0216554
3.96312
0.0218277
0.0214395
0.0319769
0.0218101
8.99673
0.0221588
0.0218917
0.0220273
0.0216649
0.0214894
3.24797
0.0346676
0.0447795
0.0591249
0.021917
16.2913
0.0221553
0.0222281
4.79284
1.05087
7.77274
0.0283971
0.0218149
12.6847
0.0229439
30.9511
34.2017
0.0239
0.0219546
4.77598
0.0220499
0.0222187
3.24645
0.07758
0.0236381
0.178115
4.05589
0.0233763
0.021862
0.0220435
4.15357
8.71456
0.0343274
4.35455
0.0622092
0.096961
0.0243802
0.0220035
0.0234426
3.34342
0.0262364
0.0235486
3.75512
14.6132
0.0216696
0.0697671
8.96191
0.0255475
3.11612
0.024218
0.021457
0.0281736
0.0218657
0.0451831
0.0219487
0.0838834
0.0214907
0.0219596
0.0214214
0.0220499
0.0219968
17.4179
0.0218835
0.103289
0.0221295
0.021906
0.0216238
0.0218506
0.0496823
0.0217351
6.86145
18.6916
0.023182
0.0246271
0.0219099
0.0256957
0.0218877
0.021992
0.0231569
0.0222288
0.0214734
0.0219274
0.0217056
0.0216636
0.400521
0.0221465
0.0218543
0.0220889
0.02202
19.7869
20.7485
0.0443004
0.0229392
0.0224224
0.107205
0.021893
0.0216969
0.0222715
0.0264156
0.0217469
0.0217578
0.024507
0.0278807
3.97349
23.4656
0.0216889
0.0219237
0.0216042
0.0225365
0.0216622
0.0217093
0.0214333
0.0226427
4.41075
34.8395
0.0229573
0.0221463
0.0253305
0.0219441
0.0219959
0.0264183
3.75331
44.8237
0.022032
0.57533
0.0227974
0.0217646
0.022248
0.0235166
0.0216967
0.0224987
1.00799
0.0218296
0.0216825
0.0215238
0.0227556
3.31873
0.0219726
0.0284641
4.164
23.4687
0.0233399
10.8385
0.0253905
0.0291657
0.0220433
2.82943
0.0221017
3.58051
0.0218674
0.0221115
0.0334476
0.0277564
0.0220796
3.37006
0.0221436
0.0220167
0.0217973
0.0221629
0.0217162
0.0228156
0.0242883
0.0217813
0.028607
32.5153
0.0229746
0.939885
0.0222005
0.0255166
13.3922
0.0247954
0.0220652
15.1315
0.0218213
0.022155
0.0220727
0.0223275
0.0295665
0.0220715
7.19161
0.0237446
0.0218469
0.0271471
3.79503
0.0221677
0.0221119
0.022148
3.26171
5.58978
3.77075
0.235621
3.07666
0.0257088
0.125295
0.0249199
0.026595
0.0216564
0.0219073
0.0232973
0.0222053
0.0219756
0.0216329
12.6543
0.022648
0.0218928
0.11586
0.0217157
9.86092
0.0442203
0.0223095
0.0218791
0.0221222
0.0229166
0.0220583
0.023684
0.0235926
0.0219041
0.0219261
0.0217108
0.0224211
0.0475128
6.55529
0.0266175
5.0527
4.5089
0.459131
17.2082
0.0221658
3.72236
0.0644035
5.33699
0.0317592
0.0225094
0.0221082
0.0219909
23.2838
0.0231469
2.71383
0.0275868
0.0222752
0.0230681
0.0247466
0.0221775
0.0221448
0.665527
0.021695
0.0242302
25.9963
0.0224746
0.0219009
0.0277295
0.021618
0.0218662
0.0301782
0.0222366
2.94849
0.0222393
0.128728
0.0222273
4.44934
0.022907
0.0217596
12.502
0.0225679
0.176373
0.0216376
0.0222329
3.07808
38.3242
0.0215054
3.56516
4.39802
4.09231
0.12802
0.0247146
0.0216225
0.0245982
0.698521
8.07702
0.022241
0.0221415
19.4206
0.0218178
0.0594954
0.022384
0.0221219
0.0809958
0.0642271
0.0220072
0.021856
0.0223762
0.0215422
0.0216497
0.0430888
0.0240542
0.0295945
0.0395264
0.0247374
2.19152
0.0325364
0.0272143
0.872106
0.0266978
0.0219138
0.162329
0.0256602
0.0227655
4.66696
0.0216586
0.0572814
0.0223855
0.0216741
0.0220571
0.147402
0.0218006
18.1669
8.36973
4.12662
0.0217586
0.021458
0.0268213
0.022038
0.058185
33.1514
34.5835
0.0218386
0.0218846
0.0245097
0.0281841
0.026584
1.21392
0.0236106
0.0254104
0.0392154
0.0220338
0.027839
0.0245197
4.03998
0.0260258
0.0216309
3.88141
4.47114
0.0218953
0.0221991
18.4065
0.0299813
4.72148
18.085
0.0226017
0.0237769
0.0232666
0.0228915
0.0219818
0.0218057
0.0251862
0.022561
0.0422889
14.3315
0.0220876
0.021895
0.223032
5.69994
0.0221975
0.0222357
0.0216251
0.0270935
0.0837073
0.0217785
0.0219427
3.71804
0.0228069
0.0222243
0.0219008
4.86681
0.0216094
5.13082
18.5441
0.0217622
0.0979947
0.0305974
3.8853
0.0224129
0.0803825
5.80784
6.95407
0.0298088
0.0226267
0.0220864
0.0310102
0.0467369
28.1221
0.0217761
0.0214318
0.0219714
6.8672
0.026607
4.13581
0.0216805
0.0454462
0.0333799
0.028764
0.0221057
0.0509176
0.0218884
0.0684933
7.99004
0.032626
0.0217096
0.0221051
5.32156
0.0222273
0.0217378
25.0593
0.0216537
0.0227684
5.53817
0.71209
0.0215819
0.022576
0.0220639
0.0273481
4.12838
0.0231931
0.04566
0.021448
0.468913
0.0216173
0.097972
12.9965
0.0218653
0.0221985
5.62669
0.0222224
0.0216539
0.0216233
4.21051
3.54306
0.0222874
0.0219038
0.021633
0.0217547
0.0217002
0.478315
0.021774
23.4404
0.0216986
0.0216939
0.021851
0.0218149
0.0222802
0.0294613
0.0219693
18.5059
20.4004
0.0236846
3.74926
0.137422
0.144776
0.0229157
0.0218652
0.0311093
0.143865
0.0216316
0.130907
0.0216559
8.33917
0.0218799
0.0217679
0.0231171
0.0253247
0.0231247
0.0216226
3.85648
0.0223521
14.2006
0.0905585
19.1549
0.022039
3.65513
0.11638
0.0217471
0.0775024
0.113556
0.0243102
0.0293087
0.0214562
0.0637442
3.25902
0.0218747
4.23133
0.0221121
0.137613
0.0219207
0.190897
3.92744
0.0224082
4.04747
0.0215417
0.0227373
0.083054
0.0325474
0.449252
0.0217781
0.0228067
0.0311007
0.0841993
5.90417
0.0217607
0.0218663
0.0219088
4.4769
0.0229098
0.0247206
3.77132
0.0218779
0.0222717
0.0213983
0.0337351
4.35846
0.0499213
0.0272539
0.0221443
0.409082
0.457471
0.0221011
0.0243827
0.0218969
0.0216138
0.0222067
17.1269
0.0436008
0.0564485
0.0294566
0.0215951
31.4619
33.0998
0.0217673
0.0230827
3.82842
0.0235698
0.0223967
0.021712
0.0233345
0.0217509
0.0222484
0.0286911
0.0241277
0.022022
0.378479
0.0219879
0.644796
0.0776436
5.64656
0.041803
0.0318399
0.0215086
0.330086
0.0311684
0.0222396
0.0218666
0.678367
0.0214948
4.59366
3.27577
8.73164
0.0338778
0.0247443
0.0251069
0.0221428
0.0219119
0.569279
0.0217728
0.0695922
0.0218713
16.1924
0.0217668
0.0217645
0.0233194
0.0219589
5.00316
0.0254919
0.0424741
39.8574
0.0476806
0.0252709
15.8016
0.0219066
0.0225002
0.198911
1.38348
0.386824
0.244055
0.0218902
0.0217315
3.89746
0.0263774
13.0575
0.0964485
0.343286
3.8863
0.0220198
5.36919
0.0789308
0.0216546
0.179533
0.0220821
0.0304532
3.83069
0.0220711
0.0277534
0.0221449
0.675314
0.0222127
0.0221383
0.0218635
0.0220153
8.1945
4.12025
0.782589
3.90152
3.99087
9.03274
0.0272668
0.0218842
0.0259596
0.0215957
0.0214206
0.400674
0.0219638
24.3852
0.0282912
19.5757
0.0231141
0.079895
0.0586009
0.0220297
0.0215817
0.0216821
0.0279161
0.021775
0.03066
0.555811
18.923
0.0220847
9.68177
0.0218192
2.40096
0.0222394
0.0914063
18.5546
0.104521
18.6251
0.0221006
0.0219222
0.0360549
0.0218715
0.0257825
12.3154
0.0866673
12.5005
0.0347131
12.6106
0.034165
0.488435
0.0214072
5.64779
0.0310453
0.0217027
0.0220317
0.0225808
4.94876
0.0284401
0.021541
0.939941
5.20276
0.0221913
27.1282
0.0222299
0.0290411
0.0219309
0.0302423
8.01227
0.0283114
35.7184
13.184
0.0221258
0.0219681
0.0334631
0.0940818
0.039731
5.25311
6.19829
0.0218815
11.7587
0.0219281
0.021677
3.83262
0.140525
4.15242
0.0264019
0.0218718
0.0517071
5.5507
5.25333
12.7399
0.311026
19.6847
5.4824
0.121922
0.0879194
35.6723
23.1178
6.75136
8.45421
14.1895
21.2483
21.0481
0.0216385
2.6876
0.0214963
0.029027
8.41221
0.0244967
0.0266246
4.0284
0.0312004
0.0240621
0.0219715
0.0292574
0.0630293
0.0295143
0.0219943
0.0219565
0.022472
0.984644
0.0217034
0.0758046
0.0220551
0.0222762
0.0214283
0.0220259
3.8189
3.19525
0.0267377
9.38416
0.0221923
16.8724
0.0215846
0.0218976
0.0889692
0.0219298
0.0221389
0.0221741
0.057376
0.0238631
0.0423711
0.0218716
0.0217926
0.0364931
5.68949
1.54042
0.0565362
3.25685
0.751473
0.0219358
6.51965
6.56893
8.74808
0.0217214
0.0222382
0.0221456
0.19526
0.0219731
4.74634
0.0218932
0.110268
0.0220154
6.36128
0.0219451
0.0819519
0.0237724
0.0221909
0.0220535
0.111725
0.0230073
3.70414
4.52675
0.0218685
0.0216576
5.48493
0.0669446
3.01136
0.0222261
0.144208
0.0221429
0.0215576
0.0730797
13.7089
0.109463
0.0316499
0.0223076
0.0250509
0.036661
0.0221261
0.25961
0.0222751
0.0304411
0.0927615
11.4598
0.0328152
0.0217249
0.0217595
13.5259
0.0221972
0.031931
0.0217782
5.09292
4.55827
0.0219422
0.021672
0.17928
10.4272
11.7708
5.55429
0.0222366
0.113417
0.0461585
4.45163
12.6649
0.0239829
0.0233217
0.0263271
0.0969156
0.0222268
0.088816
0.0281699
0.0732544
0.300349
0.0216367
0.0219941
0.032348
0.0219275
11.1051
0.021811
0.0217259
0.612578
0.0930465
0.599417
0.0244191
0.118561
0.0363498
0.0219104
0.0306464
0.0226588
0.0519512
6.98146
7.88563
0.0225826
0.0215086
0.0560622
0.0790888
0.0238398
0.0234938
0.0219684
0.0213843
0.0495641
0.0694948
0.0219222
17.4163
0.0220567
6.01759
4.17769
0.0222939
0.0348021
0.0223109
0.0238664
0.0431872
0.0553206
0.0227623
0.0222885
0.0887925
0.0218068
0.194255
0.0216501
1.45461
0.0352119
4.90087
0.438775
4.58764
0.0649036
0.0214361
7.15654
0.0213936
0.0226075
0.0221844
0.0221383
0.027738
0.0227
0.0293699
0.0222881
0.164755
0.0497759
0.0760361
0.051609
3.98587
0.0218444
0.0346066
0.02176
0.0221813
0.021785
0.0218704
4.52404
0.0221548
0.0222299
0.0284867
0.204239
0.0448259
0.0217568
0.109027
0.346015
7.99053
0.0233393
2.81257
3.01707
0.0220033
0.0229669
0.0706124
0.0607769
4.50074
0.129601
0.0220855
0.0449897
0.0214663
0.140145
0.830619
17.0335
0.212403
0.0218416
35.1816
0.0216517
0.0217956
0.0236709
0.0534765
0.0356777
0.0790754
0.0352749
0.0214542
14.723
0.0547712
8.26539
5.53925
4.42565
0.0276807
0.0229559
0.0222983
0.0222404
0.0219868
0.0238757
38.2019
10.722
8.08789
0.213401
0.284283
0.0219852
0.0219399
0.0225775
0.0235022
12.6468
0.0225373
0.022238
0.0217272
0.0217074
0.0215735
0.0359023
0.0307084
0.0216929
0.0270879
3.16888
0.712521
0.0351485
7.61293
0.02185
0.882348
3.08992
0.117512
0.0217837
0.0218609
0.0221969
3.95773
0.0250404
0.0279086
0.043128
0.290703
0.0355467
0.022287
0.0221471
0.0619017
0.0218309
0.0961352
0.023669
0.0270438
0.0216089
6.57869
0.0306197
0.0218982
3.67331
0.0222861
0.10125
0.0217642
0.0220313
5.33606
0.0520917
0.0411749
0.0218028
0.0217608
0.0216825
0.0215953
0.0219674
0.0877424
3.55769
0.281355
0.0343372
0.0784338
0.021783
0.0997107
0.0222785
0.689286
1.90441
0.0253124
0.0218818
0.0216998
3.03713
2.24577
0.0231295
0.127542
0.0277662
0.0222265
4.49342
0.0221917
0.0879161
9.64332
0.0219632
7.14338
0.0213886
0.0221679
0.0330744
36.7003
0.0215877
0.0238568
2.54106
0.88675
5.87493
0.0216194
0.0222207
7.58277
15.6001
7.00017
15.0351
0.0545811
0.0221963
0.0218087
0.0219325
0.0216738
0.0221559
4.45297
7.81452
3.48974
4.87721
0.0215016
0.021619
2.93385
0.0279686
0.0221394
0.0217087
0.0221292
4.70837
0.0347642
5.45237
0.0222321
0.02199
0.022219
0.0350409
0.0249382
0.0227153
0.0235084
4.99403
3.81722
0.0229378
1.47244
0.0218661
0.0221302
0.12459
0.797667
0.0214121
0.107033
0.0219356
35.3765
0.0220466
0.803937
0.0222953
0.035454
0.0217945
0.0222292
0.0225567
0.112821
0.0647109
5.46111
0.0218959
0.0221981
0.0215137
24.9322
8.49396
0.0238608
0.12363
0.0727763
0.0226176
0.0243722
4.17515
0.0427923
0.0215351
1.76788
4.32939
0.124
0.022274
0.0216654
0.0222132
0.0220187
0.0447933
0.0222714
0.0221661
0.0243458
4.24687
0.0222492
17.2702
8.22922
2.79343
0.0751687
7.55701
7.84651
2.58899
1.04115
5.65982
1.16249
0.0652539
0.117354
0.0217453
0.724708
0.0219695
29.5424
2.55077
0.0214528
16.7921
0.0425227
0.0216855
0.138899
4.41524
0.0217781
0.0619985
0.0217599
5.16796
11.3855
12.1753
0.0220592
3.80953
4.82365
9.21844
0.0527189
0.04039
4.00353
0.0214718
5.67885
3.59814
3.06111
0.0219636
0.0242222
0.0216126
27.057
0.0219331
0.788605
0.0336604
0.0281119
0.428586
0.0240521
0.0220227
0.021964
0.0220418
0.0221395
10.4587
0.0218867
0.0267583
28.7512
13.2655
0.151937
0.0225616
0.0345278
0.430459
0.0215262
0.0221172
0.0234332
14.8238
0.0238834
0.690153
0.0218923
0.0216009
0.0681082
0.0398618
0.0373508
24.3418
0.0217064
0.361793
0.024567
0.0220279
0.0487388
0.871454
0.0217181
22.4158
0.0251285
0.667767
4.26846
0.166699
0.02181
16.5807
0.69006
0.0305491
0.0250214
3.26604
0.224742
0.021905
0.0217154
2.73724
0.0216908
0.0215785
0.0224498
0.108563
4.54467
0.0215594
0.0366303
0.0636147
0.0759261
3.72956
0.0218965
0.0218104
0.0218867
0.022266
0.69859
6.24717
0.0364888
0.0219523
0.0214217
0.128759
0.0220959
0.0239493
4.57311
0.0222015
0.0231777
4.21772
0.0218127
0.0220321
0.0272925
0.0220225
0.0218962
0.740441
0.0698957
0.0991419
0.0222107
0.0223137
0.0325352
0.0507907
0.0219444
0.0353934
0.0214695
0.0245014
2.90409
0.0222197
9.91876
0.0214175
30.88
3.98322
0.0217827
0.0275535
2.8483
0.0236879
1.20206
14.2815
0.0222951
0.0367814
0.0218077
3.13101
1.16749
0.0220757
11.3325
0.0222977
0.0217932
0.771615
0.0922651
0.591634
1.85729
0.129756
0.0216621
3.67905
0.0218291
20.8333
0.0221436
0.0810734
31.6911
0.0222454
0.0216964
0.0364902
0.0215187
0.478459
1.07189
0.0217473
0.0215917
0.0215863
0.0216253
2.04704
0.407495
0.0371887
0.909069
0.0272291
0.0259832
0.0235548
0.0271136
0.027959
0.0215194
0.0221294
0.0216364
0.0217405
0.0243042
0.0871412
0.0222522
0.318178
9.69077
0.0216479
4.40608
0.0215842
0.680492
0.0221233
4.8325
4.05398
0.0221608
0.203752
0.0222864
0.376284
0.754798
0.0218425
0.0222689
0.0911729
0.0297882
0.0222247
0.0417444
12.7829
0.0222833
50.4437
0.0222846
0.0218395
0.165215
4.4611
0.0228414
0.0218654
0.0246146
0.0219625
0.0395805
0.0215954
0.0218774
0.021459
0.0222388
4.89196
0.0265038
0.0222285
0.021734
0.0244811
9.60628
5.09899
0.125443
0.0216525
0.257091
0.0410437
0.0214189
0.0218306
5.08819
0.0222509
0.0217489
43.6987
0.0291753
12.1925
0.0224667
0.0419613
11.4121
2.39411
0.706857
0.0217496
0.0702858
0.022162
0.022192
0.0216423
39.4723
0.0546483
0.0217025
0.380998
2.89704
6.70314
0.0219915
4.1161
0.0220515
0.0218333
0.183081
3.38639
0.0258632
12.0783
0.0755589
10.7551
0.0216526
0.0292344
0.0678671
0.0218684
0.0222063
0.405741
0.0343415
13.8509
10.1915
0.0216622
25.7557
0.0235619
5.88042
0.0221788
0.396337
5.82216
0.0768385
0.0222192
0.0219162
1.06983
0.0220718
0.0214843
0.16206
0.0299266
0.0219067
22.9348
0.0219529
0.0217481
0.02218
0.0221905
0.0214928
0.0217039
0.0216249
12.4962
10.0706
0.0222693
0.021573
0.021818
0.0217525
0.0256936
0.0217542
4.6739
0.0309326
0.36236
0.0287204
0.0259751
2.70778
0.0218264
0.0815575
3.27033
0.024765
0.317786
13.9004
2.93831
0.021392
0.0220449
0.0217307
14.6564
0.335565
3.4575
19.1713
0.0306904
0.0216563
14.6369
0.0267384
0.0219345
0.0218773
0.0219369
3.05461
0.0340031
0.26046
0.0218152
0.0220271
3.80909
0.0215558
0.0226965
0.0218009
4.80573
0.021588
0.0218141
0.0713255
0.0222163
0.0221711
0.0238536
0.0841144
0.0343084
0.299918
0.0787751
0.0222463
1.34709
0.0308179
0.0217803
0.0220002
8.11512
0.0219804
12.451
5.17762
0.0215792
2.05342
0.0218017
4.51997
0.323512
3.97868
0.0356605
0.165949
10.2149
0.0338853
13.1722
0.679174
0.0219096
0.0217623
0.0404443
0.0638137
7.79137
0.0272184
0.0256208
0.0218687
0.0221785
0.0216798
0.0310182
0.0419347
5.24663
0.036826
0.0220336
2.4737
0.0376616
0.0220772
0.0219032
0.0218601
0.0215393
0.0228146
0.0222313
0.0419805
0.0302976
1.88581
15.9228
2.35695
0.0216278
0.0218513
0.0365042
0.0260432
0.021718
0.0246199
0.0216216
4.55897
0.0219523
0.073573
13.2281
0.0222121
0.0220142
0.0218696
12.4097
0.0759285
0.0478186
5.99735
0.0216899
0.0228999
4.37813
13.0259
0.0222308
14.646
0.0221793
0.037638
4.06149
0.0217616
0.0221468
0.0218598
1.49039
3.12673
1.053
35.5587
0.0222515
0.0220626
0.0219654
0.0625182
0.0221492
0.0215899
0.0220271
0.0216281
5.14775
0.0222927
0.0222917
4.60528
0.468214
17.4111
0.0247901
0.0276283
0.0324618
0.168736
0.109262
7.56476
1.52839
0.303224
0.021708
5.37645
0.0215749
0.024021
0.0219861
6.24001
0.0214608
0.0217701
0.022107
0.0220786
0.721824
0.0223758
0.022294
0.364999
40.421
0.0218534
0.0217527
0.067654
0.021674
0.0219779
0.0217955
0.0218722
0.034099
0.131653
0.0269604
0.230921
24.0126
0.02342
2.85993
0.119417
0.0267413
5.60041
0.021647
5.56604
4.00805
38.9104
5.02634
5.01214
11.5139
0.0332478
0.0219195
0.0227476
0.0218502
4.68046
0.0219071
4.67149
0.868891
0.0221805
6.16407
0.0669021
0.0217101
33.33
0.108665
0.0214309
16.9079
0.0222841
0.0300646
9.67115
0.0232511
0.151212
28.2682
0.0215743
5.5057
0.446712
0.0220788
13.8883
0.0217032
0.0453245
0.0219196
0.0218618
5.41518
0.0217486
0.0217901
1.27983
17.5499
0.508396
0.0219221
4.88212
6.13984
0.124893
4.74908
0.0216942
0.0218374
4.51014
0.0217373
0.0217317
0.0222104
0.0219107
4.96015
34.1297
0.0411101
0.0216203
0.0260584
0.0219067
13.5273
0.0221629
0.0234259
1.17243
11.8315
12.2846
12.4083
0.225514
0.021889
11.4494
0.0218355
13.7203
0.965118
0.134928
0.0220741
0.0219091
0.282091
0.0216937
2.59072
0.0217675
0.0215227
0.0215762
6.91107
1.59896
0.0217554
0.0214035
0.153418
13.3227
11.1055
12.5817
0.0218289
13.1594
0.0245931
0.0220764
0.0294514
10.4038
0.0219294
0.0222477
0.0219212
10.7485
2.0338
0.0218759
0.0220776
7.99874
0.0716406
3.59012
8.8815
0.380506
0.275298
0.053386
0.0219165
12.5076
0.0217931
10.0597
0.0219328
0.532266
0.0218306
0.0448718
0.313583
0.352045
12.8267
0.0218902
0.0947082
0.0240382
0.0219477
0.0418235
0.0219061
0.0376836
0.021996
0.0218627
0.0218502
0.0460444
0.0243825
0.0214054
0.0220249
0.0217048
0.0857573
0.0219937
0.0521614
0.0216663
0.0222135
4.4721
0.022623
0.0579571
0.102486
0.021738
0.0217671
42.4219
0.0938751
0.0216581
12.5567
0.0216435
0.0219207
12.4279
0.0213981
0.0221998
0.0376433
0.0221079
0.146387
0.374451
0.731618
0.0824473
0.0221418
11.288
0.0222944
0.0220782
0.124523
0.0236927
44.9967
0.021901
0.0215286
0.0219916
29.2554
42.25
0.0217543
0.027126
0.0222486
0.0546823
0.0216744
0.0218252
6.81283
0.0222503
0.0217608
3.63839
0.0221143
7.16908
0.0219374
2.34229
0.0219431
5.43896
0.0940719
0.0218689
0.0219501
0.0222507
0.0221273
12.0595
0.0338612
0.0494137
2.637
5.95398
0.0217898
0.0221542
12.3972
0.0869463
0.0220022
0.0216829
0.021931
0.050169
0.0355493
0.0924672
0.0254917
0.021663
0.0219738
10.54
0.0219383
0.0218431
0.0230902
0.0269051
0.021912
0.0217088
0.0234748
0.0385706
0.0216211
6.6637
0.0217225
0.195654
0.0214026
4.56044
0.0215341
0.0230744
0.745046
4.25321
8.66415
0.670865
5.39495
0.0219369
7.65071
0.021675
0.0216493
0.0360162
2.94179
15.0383
0.0215818
5.18308
10.3205
4.93245
0.0222639
0.0215968
0.0216358
0.022016
7.44997
0.0960304
0.0657146
0.430878
0.02173
0.0214153
0.0216046
0.0217494
0.233343
16.6895
0.0219653
33.218
0.10774
0.187718
0.0546902
12.6675
4.56099
0.0217233
0.0219892
40.3687
16.3846
5.28184
0.0221795
0.164082
7.96413
0.0215202
0.0221922
14.7232
0.0215682
0.123092
0.116514
0.0222955
40.036
0.0219267
0.0664989
9.09758
0.026417
3.52612
0.0219279
2.87386
6.44533
0.0216943
41.6496
0.0216715
0.0251483
0.0218965
0.874514
2.55555
0.0270185
0.0215102
13.4268
0.0222875
0.0214362
0.0218672
0.0269795
2.28945
0.0214688
0.0226742
0.0217546
4.73381
12.2886
0.0222896
0.156616
0.545357
0.122485
0.108098
0.0220266
0.036804
0.0268746
36.4246
0.0235079
0.0232481
15.6157
0.0309622
0.11182
0.0256333
0.0219407
0.498567
0.0217374
0.0219851
0.0217321
3.75553
0.0219236
10.2313
0.0221263
4.47873
0.0218311
0.030761
2.63504
7.73541
0.0216832
0.0222619
0.0218594
5.39084
0.0216382
5.39986
0.167105
0.841959
0.0219464
0.0214885
7.43453
0.0877762
31.8968
0.0297484
22.5102
0.0288595
0.0219415
0.0219432
0.0678613
4.46006
0.0218713
0.0276075
0.021879
0.436806
0.021755
0.115547
2.92228
0.0216835
0.0214157
0.070549
0.0217663
0.342114
25.8094
0.0222243
0.272671
0.18972
0.0429027
0.0215794
0.0217564
0.0384973
0.0371604
0.0252394
0.047402
0.206297
0.021688
0.0257825
0.0449456
0.0217623
0.540667
0.0223055
3.40034
17.3571
0.0221077
0.0222704
3.91674
11.8168
10.7129
6.2602
0.0217233
4.76186
0.536077
0.0216177
0.0261472
0.0216637
0.0218834
0.0215913
0.0220005
0.0221477
0.0409119
0.021568
0.0224543
0.0273401
7.4878
0.0217417
6.95731
1.28927
0.0216265
0.022091
0.0220638
0.0220965
3.93848
0.60621
0.021867
0.0218043
0.0219529
0.0222694
0.0219611
0.024024
0.0217258
0.307095
0.512411
4.82096
0.027006
0.0217108
0.0262773
0.0236689
0.0220022
0.117949
0.0222457
9.15383
0.0292359
0.239621
0.0222878
0.0216593
9.26676
0.021917
0.0395609
0.0220588
0.120373
0.0788562
0.0861254
0.0221735
0.0238064
0.610615
0.0216757
0.0222151
0.023237
0.0219613
0.0217185
3.12379
0.602674
0.021733
0.0217647
2.7209
0.124015
0.0218449
0.0219144
0.0520957
0.0222301
0.0256427
0.400602
0.507793
0.0226975
0.0509016
4.69476
0.0219141
0.0221936
0.0219417
0.0216067
0.0217492
4.46783
13.3937
2.33694
0.0239381
0.0368296
0.0219024
0.0222595
0.0249939
0.544888
0.0486035
0.0260134
0.0485186
0.0704574
15.1011
0.0219929
0.599244
0.0403045
0.913242
0.0346859
0.0216136
0.295061
4.82362
0.0329323
9.58617
0.869841
0.0216848
0.0411871
4.53904
0.021535
0.0222327
3.07758
12.2587
0.0214533
0.0218113
0.111548
0.0215743
3.37734
0.0216471
0.0217409
0.0220973
4.63858
0.02803
0.0719762
0.668953
0.0757265
0.0283756
13.9975
0.0216377
0.0215519
0.0218825
0.166928
0.672924
0.0469924
0.0239319
0.0217547
0.021751
8.80918
0.0219148
0.0219223
32.5527
16.7067
0.410768
0.0219233
2.58583
0.0217681
0.0220452
0.254973
0.445672
0.0219567
0.845951
0.0219122
0.022379
0.0254303
0.0231633
0.0218144
0.0215349
7.70872
13.0002
0.0216938
0.0216232
0.133307
0.0290391
0.021867
0.0259146
0.0220538
0.0217982
0.0380307
0.0216102
0.0220657
10.425
3.3293
0.0254117
0.0218649
14.235
0.0213877
0.0217104
6.35045
0.0220205
5.47344
0.152477
0.025779
0.663223
0.0218943
0.0218265
0.0218753
0.0217682
0.175872
0.0267302
0.0219177
0.0215976
5.18931
4.46902
0.0217388
2.1424
12.7994
0.021908
15.8777
13.6104
0.0246297
0.022011
24.4273
0.0220202
0.0217444
0.0218434
0.0218128
0.0220664
0.0798472
0.0603656
12.974
0.0218075
8.39335
0.633215
12.5116
0.0218629
0.241638
0.0217084
0.0261773
11.4768
0.0219126
0.0719065
8.70871
0.0248407
0.0370845
0.103634
0.0214254
0.021667
0.0389806
0.021998
12.569
0.477585
0.0219066
0.0219416
0.0268202
0.0221477
0.0355027
0.0219929
0.226382
0.0218548
0.0217902
0.0586059
0.0305208
9.27364
0.0993793
0.0224925
4.02985
0.0737204
0.145811
0.0222132
0.912259
0.413402
0.0221111
5.20114
23.519
0.0216217
0.0222945
0.113556
0.076361
0.0217788
0.0404802
0.622786
0.0214348
0.0219059
0.0410802
0.0222182
0.0524446
0.0217129
3.95797
1.053
0.0394743
1.14145
0.0214946
0.543151
5.02992
0.674773
0.0304405
0.0216058
0.0223768
0.0939868
0.0220842
0.0216291
0.0222491
0.167844
0.0219121
0.0216248
0.0222668
0.0214389
0.0221624
7.22188
0.429209
0.0221995
0.0218039
0.0217487
0.0220194
0.185681
0.223224
0.58135
0.0679348
12.6084
0.0220096
9.5934
0.615601
0.0251897
0.0218498
0.036311
0.0220186
0.0219129
0.0214607
0.0735131
5.96187
0.0218405
0.120769
0.0879532
0.0312369
0.0221469
9.8794
0.0221586
0.0234366
0.105105
0.252645
0.0221706
0.0219626
0.0215293
0.0226909
5.41471
0.0221385
9.44777
0.0218437
0.0218815
1.17636
0.0221293
0.0219488
0.0222359
9.07587
0.022217
0.104263
0.0292061
6.12074
0.0911572
2.72135
0.0218671
0.0222815
0.021687
0.0217926
0.02657
0.0220982
0.0218989
13.4082
0.0222857
0.0218715
7.75528
6.05676
0.0218346
0.0559006
0.0215974
0.0214572
0.022741
0.0216346
0.550726
17.2499
0.0214115
0.0221617
0.0679442
10.5888
0.0220194
0.0495421
21.2146
0.0220716
57.645
0.0223874
4.72676
0.022223
0.906174
8.61703
0.0216718
4.86562
0.023156
0.0216391
0.0218117
1.30579
3.71181
0.058061
0.0221716
11.3581
0.0219936
0.0222325
0.0219282
8.24548
0.0669471
0.0411761
1.92645
0.0217903
1.50706
15.6561
11.3885
12.555
0.0340078
0.0318603
8.59664
0.0219839
0.0223539
0.0704648
4.68494
0.0214226
0.0222854
0.0218962
0.0219472
0.021912
0.0276329
0.270984
0.0218371
41.9533
0.0219031
0.0226683
0.0219385
0.0383799
3.78751
0.0221653
0.0217135
0.0494358
16.9979
1.22914
4.65871
0.53909
0.0218624
0.0218446
0.0214791
0.46722
0.022231
0.0218341
31.7373
0.0219234
0.101577
11.5514
0.0219505
12.4407
5.80995
0.839187
0.03735
0.118943
9.6083
0.250252
0.0218988
0.0216415
0.0317939
0.022077
0.0371004
51.7852
11.1483
0.0262865
8.29902
1.07033
15.455
0.0214276
0.0221793
0.0219357
0.0216818
0.0218658
4.63642
4.4678
0.0218113
3.77209
0.0218138
0.0218828
0.27572
0.0217711
0.666656
5.13043
2.21329
0.0217257
0.0218554
0.022247
0.022244
10.2288
0.021964
0.0254133
0.0219062
0.0936085
0.0235018
0.0219577
0.0219374
5.36601
0.0216114
0.507573
0.0218354
3.43732
0.0220247
0.021948
0.0222061
0.333481
0.0216734
0.0217052
2.34776
0.0218834
0.0363343
0.198339
0.32995
0.0341394
0.0217531
0.0218988
0.818866
0.0273587
0.0216707
0.086262
0.115384
2.49675
0.0219623
0.0219262
0.021924
0.0217437
0.0219417
0.0221962
0.605916
0.0224628
13.1227
1.46985
0.0380587
0.022129
0.0218475
0.285278
11.9463
0.0217061
0.0218648
0.0615156
0.0222747
0.0225651
15.3666
3.8442
0.0218832
1.24728
0.0220485
5.84172
0.0215922
0.0220162
0.0218934
1.18713
0.0215898
0.0218782
4.97372
0.0218443
0.0310838
0.0626812
0.021908
22.468
0.0261702
5.35194
5.10321
0.0218975
0.0222538
4.59643
0.0218306
0.0218081
0.0219704
0.02787
0.0220719
21.0877
32.4471
4.07982
4.30569
0.0215831
0.547319
0.0218517
4.40826
0.0255583
0.0251771
0.0216816
7.9398
0.0220574
0.0221896
12.6112
0.0217198
0.0342338
0.0332789
0.0222792
6.61835
0.0217284
3.45435
0.0266177
0.0219764
0.0218417
0.0214298
4.60956
0.0217395
4.88569
0.0222671
0.023273
0.0232246
0.0249714
10.8781
0.0220921
0.0234711
0.161643
0.0483904
0.145611
0.021958
0.0218555
14.5351
0.0214091
16.3337
0.0259869
0.0218529
0.0218976
12.1328
0.238779
0.0217093
11.232
0.021816
0.0225814
0.0218037
0.0452724
0.0228718
0.0385585
7.30094
0.0218876
0.0217073
0.0219163
14.1518
0.0218713
0.0220172
4.75221
0.0218708
0.114301
0.021674
0.0258108
0.021942
0.0220005
0.0220574
0.158443
0.027085
0.0217988
0.124792
0.0221049
3.29104
0.0219045
0.135141
0.0218962
0.0218788
0.0219213
44.3072
0.0249916
0.0220086
0.294028
0.0217377
0.0253756
0.0221911
0.0233715
0.0222733
0.0218856
0.0217059
13.2004
0.0219731
0.0218129
4.57839
0.0220022
0.0217586
0.0219128
1.43944
0.0222054
0.0470954
0.0267449
0.274711
0.022211
0.0408644
0.0217167
0.0222966
0.0266812
9.68449
0.0222928
0.0216631
0.0219112
0.151444
0.45358
0.0222409
0.0218395
0.0217065
8.02351
0.0216083
0.0328966
0.0389957
1.02596
0.0222948
0.0215778
0.688028
0.0221055
0.0447293
0.0276833
0.0214353
0.0372129
0.0219757
0.0269217
0.0214621
0.0217465
0.0219196
6.60364
0.0220071
0.323847
0.0216597
15.8322
3.94057
0.189156
0.0220067
0.890462
0.353812
0.0261896
0.0219214
0.0258129
48.9349
0.0217917
3.04975
0.022256
0.133257
0.0242404
0.0222149
0.128225
8.33244
0.0218167
0.0228545
0.021919
0.0316576
0.0218425
0.0216953
0.0220355
3.78967
9.81098
0.0222913
0.0219246
0.0216502
4.71436
0.0218505
0.125928
0.0218364
3.73327
7.92558
0.82629
0.0397261
0.0222522
0.0220889
15.9347
0.0216448
0.0345601
0.0222662
0.0329403
31.6694
9.47805
0.022287
0.021604
0.0292724
9.31265
0.0522394
0.0218047
5.22255
46.0501
0.0215463
0.366695
0.0214945
0.0411672
0.0218438
0.0220436
0.0222856
0.0328252
0.0218773
0.0214874
13.1295
0.0235087
0.0222004
5.03952
3.77535
0.0220257
11.3434
0.0220989
1.04139
0.0226253
0.0215019
0.0215737
0.0220127
0.0242287
0.373699
0.325815
0.0220012
0.0223045
5.92057
0.0220365
0.0216097
0.0218504
0.0219161
0.292816
0.0219194
0.0215981
0.0216232
12.7845
0.0222667
0.0219027
0.0216393
4.78058
0.0221618
0.595801
11.133
0.0219047
15.5943
40.6554
0.0221643
0.0451105
0.0969518
0.0215007
0.0216815
0.0221878
0.0219278
0.55611
0.0255323
0.0218353
0.0216332
0.0218847
0.0220264
0.0215935
0.0222292
4.44805
0.0215628
0.0218425
0.0238336
0.0218439
4.67139
0.021866
0.0220516
0.0219885
0.0221429
4.15353
7.14667
5.22235
4.42699
0.0220211
10.8039
0.0218394
0.0215949
0.281807
6.81774
0.0222141
0.021911
0.074853
0.118841
12.5874
19.0352
0.0405715
4.42387
0.0223975
7.70076
0.0218992
0.0234987
0.0218509
4.18912
0.0218989
9.24452
0.0222538
0.0234767
0.0221463
0.0220989
0.420426
0.0215959
0.0214657
10.0043
0.0507333
0.0222464
0.0215445
0.0215865
0.0220499
0.0222554
0.0220616
0.0218663
22.058
0.0217824
0.0218357
0.0222555
0.0215953
0.0215722
0.0348748
0.0222971
0.0358413
0.0221635
13.1126
0.0217113
0.0668901
0.0556793
0.0217865
0.714636
0.021443
3.79918
0.0220403
0.0220148
0.0218319
0.0215648
0.0861656
0.0218471
0.021992
0.0215689
4.29096
0.176554
0.0220204
0.0222712
0.949388
4.27965
65.5
0.314493
4.06122
0.0218254
0.0218498
0.0276587
0.0217721
62.1069
0.0222585
0.0916519
0.0218388
0.0222474
0.0269184
0.0214804
0.0222506
0.038633
0.410092
0.0216344
0.0215545
0.0222091
0.0219095
0.0216372
0.0216525
0.0219314
0.0218571
0.0282269
0.037017
8.11196
0.878161
56.3987
0.0215636
4.66318
0.021828
0.110302
0.868862
0.0220291
4.51349
0.0218542
1.88425
7.8757
0.0643077
0.021847
25.2282
0.0234326
0.147617
0.0222817
0.0282762
17.4805
2.69191
0.27676
0.0236757
19.5705
0.197089
35.0279
0.0256296
19.4755
43.5109
13.6909
0.0216329
0.0222744
5.4691
0.021452
0.0219386
0.373403
0.0219148
0.0220959
0.0350069
17.602
5.67726
12.7271
0.0218575
0.0218225
0.0222074
11.342
5.27711
0.373221
0.0248019
9.2718
0.0218864
0.0258549
2.67796
0.0233958
0.389893
0.0221898
0.022234
4.87106
0.0218016
0.881225
0.0218522
0.0222295
0.0406714
0.0217859
0.0231487
0.0708493
0.0222671
9.75112
0.021873
0.0214561
6.28586
0.022087
0.0219076
2.44178
0.0775088
3.27712
4.58059
8.1026
0.0217643
0.0937025
8.27385
0.0832827
0.0247663
0.0217693
12.3105
0.0217552
0.0220536
0.135259
0.0824462
0.0386216
0.0219949
0.0222311
0.0218172
5.22837
0.0461138
11.4947
0.0222713
10.3667
0.0218596
0.0402122
0.0234327
0.0216134
0.229853
0.408905
0.0310445
0.116935
6.78571
0.0222725
0.0232005
0.0255935
0.0295026
0.0217964
0.0258741
0.0259964
0.0990648
0.0215255
16.3127
12.7082
0.0218004
3.26185
0.633306
4.84013
0.022271
0.0215487
4.60597
0.0219284
0.990466
0.0222308
0.0222727
4.17988
0.0231834
0.0216267
33.6002
0.0243951
0.0682751
0.0218835
5.00622
0.0406808
0.0854217
0.0279018
0.0222536
0.109288
0.0221053
39.6968
0.0244553
0.247836
0.626486
4.21037
0.14852
8.11008
0.022743
0.0702467
0.0346526
0.68347
15.1941
0.0217945
0.304326
0.022043
0.0218859
3.69209
0.0643412
0.0215424
0.0641649
1.42397
1.59977
0.48267
3.47105
0.0674363
0.0222639
0.0235197
0.0216882
13.1181
0.0218317
2.74159
0.53607
0.0225088
4.36866
8.8757
0.0216486
3.57547
5.01774
3.22268
0.0219666
0.0218816
0.0220492
0.0371744
0.0222732
2.16087
3.99246
0.0392405
2.57292
0.0220968
3.66599
5.04407
4.62216
0.0218693
0.336971
0.0238057
0.0755692
0.0294511
0.189011
0.0365005
4.03868
0.0222484
0.0218343
0.0215988
0.314962
3.45538
0.0219
12.546
0.0617356
0.0699311
0.0218537
0.102551
0.0221588
3.47606
1.53781
4.4054
0.129289
12.3666
0.0627604
4.81168
0.102665
0.0220874
0.498854
0.0218206
0.0399643
0.0219393
4.81942
0.02162
0.024788
12.4845
0.0439481
0.0410344
0.0679344
20.1856
17.9563
3.35576
4.46475
0.0368511
0.0219058
0.0216051
0.0394523
4.84335
6.89307
0.0264072
0.0250246
0.0960574
0.0382807
0.122869
0.261955
0.0963532
0.0466254
0.057286
0.415955
0.0215341
18.7734
0.021741
0.0222809
0.136511
0.0258451
8.01089
29.9952
0.119805
0.353593
0.46914
0.021855
4.83201
4.35685
0.0372128
0.0264294
4.45456
0.0367326
0.043282
4.27518
3.52493
0.0218937
5.40082
6.93837
0.0216805
4.63977
0.0220203
0.0215376
0.0214487
0.0291416
0.548212
4.75054
0.460183
0.0394559
0.0381297
0.0384581
4.43506
)
;

boundaryField
{
    frontback
    {
        type            empty;
    }
    topbottom
    {
        type            fixedValue;
        value           uniform 0.0223;
    }
    outlet
    {
        type            zeroGradient;
    }
    inlet
    {
        type            fixedValue;
        value           uniform 0.0223;
    }
    walls
    {
        blending        binomial2;
        n               2;
        beta1           0.075;
        type            omegaWallFunction;
        value           nonuniform List<scalar> 
120
(
37.4368
40.0145
47.0805
43.5516
32.9971
25.8574
31.1136
28.9401
24.0303
18.5131
45.9245
41.1007
22.9494
34.4026
42.8139
51.2242
17.3631
11.9329
15.9441
39.0748
33.1984
20.1327
52.1633
37.8755
42.5411
13.9409
43.9346
7.23827
24.7513
8.05646
8.93753
8.33634
7.6932
7.33976
36.6693
38.9916
19.5319
21.0922
32.1657
32.6942
32.0475
15.9383
36.5688
40.1352
20.9973
30.6092
27.2607
26.8547
44.4156
25.8686
29.6634
12.4908
48.9612
37.2709
27.8079
43.5094
14.6041
17.769
24.2482
6.13738
6.34569
34.4602
14.6503
37.874
21.0739
8.23904
7.94093
8.09595
33.2091
38.2101
29.9656
30.101
47.0552
43.128
12.217
22.6108
28.3401
9.70499
31.7519
7.04067
8.99673
16.2913
6.86145
44.8237
23.2838
25.9963
8.07702
19.4206
8.36973
18.085
28.1221
19.1549
17.1269
8.41221
9.38416
9.91876
30.88
43.6987
39.4723
38.9104
33.33
16.9079
17.5499
44.9967
31.8968
32.5527
57.645
41.9533
11.5514
51.7852
11.1483
22.058
65.5
62.1069
56.3987
25.2282
19.5705
35.0279
43.5109
13.6909
)
;
    }
    procBoundary0to1
    {
        type            processor;
        value           nonuniform List<scalar> 
80
(
2.41076
0.0281673
0.0217916
2.56299
0.0215929
0.0230645
3.0554
0.0222873
0.0222873
0.0225597
0.0214522
0.0226997
0.0271776
0.0260384
0.0372325
0.0213727
3.02843
2.81806
2.33126
0.0220794
0.0260384
0.0215512
0.0213845
0.0251688
0.0335866
0.0215215
0.0214225
0.0214339
0.118412
0.193268
0.0220794
0.021376
2.40655
0.0214042
0.0216435
0.0214144
0.0213914
0.0213914
0.0214982
0.0242155
0.0213988
0.0213704
0.0335866
0.0213956
0.0531764
0.0531764
0.0305081
0.118412
0.0214037
0.0213686
0.0214659
0.0214804
0.0213956
0.0605534
0.0852077
0.0219238
2.46001
0.0305081
0.0214083
0.0852077
0.0466908
0.0235775
0.0417261
0.0695811
0.0213689
0.0213874
0.0213845
0.0228403
0.0217595
0.0695811
0.0213874
0.819749
0.0605534
2.50846
0.39639
0.0382275
2.40766
0.193268
0.0216976
0.0218322
)
;
    }
    procBoundary0to2
    {
        type            processor;
        value           nonuniform List<scalar> 
165
(
13.2179
28.1576
18.6281
0.147557
0.0220287
5.46279
15.2569
14.1604
14.5724
11.5513
28.1576
0.0267043
0.0278443
0.0219666
0.0219935
18.6281
0.0219742
4.16899
7.08117
0.0249628
0.0225772
0.0224367
0.107009
3.67252
16.175
0.0224367
0.0986498
15.1678
4.91972
0.0227314
6.28679
0.0220776
3.94082
4.35944
3.94082
0.0219178
13.6918
0.0219357
0.0663018
0.0663018
11.8828
14.0191
3.73724
0.02211
0.595038
0.33892
0.0218944
5.50237
0.0422608
4.71179
0.595038
0.022087
4.87989
0.0243419
2.87338
3.97249
1.0743
0.0237998
0.0235154
0.0221199
5.66163
0.33892
4.15414
0.0219073
0.0220479
0.0220564
5.92647
6.27643
0.0218987
0.0517362
0.0221385
0.0231792
0.0218937
0.0219405
1.17609
0.0222937
0.0393197
0.0219545
0.0221435
0.0223114
0.0219545
0.0220816
0.0468783
0.0570029
0.0218987
0.0264533
0.219616
14.5534
0.0218972
0.0219207
4.44689
0.0220026
4.15414
0.0222244
0.0297906
0.0221788
0.0253307
0.0826137
0.0468783
0.0219247
0.0309052
0.022214
4.90602
3.18084
0.0219596
0.0367333
0.0219377
3.69721
2.87738
3.34278
0.0222664
0.0221544
0.0219108
4.62467
17.8468
16.3079
13.9398
2.84606
3.87436
0.0229558
18.9225
0.0343466
0.0367333
3.40133
0.0218994
14.4325
17.426
16.7234
0.0220271
0.0326244
0.0219072
3.77156
0.0222526
16.471
0.0278443
17.9451
0.186724
0.0826137
0.0219916
0.0220201
4.79996
0.0221898
12.0179
16.0676
22.9769
5.79714
4.78252
11.6223
15.7185
7.1785
10.1298
23.1996
15.9655
6.72182
4.79969
17.6022
1.9778
0.0287311
5.93426
35.71
0.0222255
4.8418
1.18099
13.0739
21.265
)
;
    }
}


// ************************************************************************* //
