/*--------------------------------*- C++ -*----------------------------------*\
| =========                 |                                                 |
| \\      /  F ield         | OpenFOAM: The Open Source CFD Toolbox           |
|  \\    /   O peration     | Version:  v2012                                 |
|   \\  /    A nd           | Website:  www.openfoam.com                      |
|    \\/     M anipulation  |                                                 |
\*---------------------------------------------------------------------------*/
FoamFile
{
    version     2.0;
    format      ascii;
    class       volScalarField;
    location    "450";
    object      omega_0;
}
// * * * * * * * * * * * * * * * * * * * * * * * * * * * * * * * * * * * * * //

dimensions      [0 0 -1 0 0 0 0];


internalField   nonuniform List<scalar> 
9793
(
0.0670862
0.229474
0.0604508
0.0210232
1.6759
0.0231579
0.0220542
0.0207972
0.0215987
1.70814
0.0498009
0.0649272
0.0210765
0.0204646
0.0231547
0.0203767
0.0218835
0.0235143
1.32441
0.0204404
0.145221
0.0230334
0.352212
0.0196409
0.0220842
0.0211884
0.0207367
0.0210981
0.0386348
0.0215878
0.0331427
0.309274
0.407884
0.0221074
0.0428495
0.894472
0.0226971
0.0230156
0.0208911
0.0211394
0.0327078
0.023176
0.0223103
0.0221818
0.0223262
0.0214039
0.0414794
0.125593
0.05515
0.0209931
0.0439674
0.05359
0.0233772
0.0216293
0.114456
0.37805
0.0214446
0.0832732
0.653124
0.0208789
0.0218509
0.0232577
0.302572
0.0219663
1.78802
0.331582
0.397004
0.250584
0.0607463
0.0489389
0.117481
0.0209245
0.0211673
0.258153
0.0485962
0.678256
0.0214386
0.0210811
0.0224102
0.0213499
0.275392
0.0223412
0.237313
0.0386464
0.0300648
0.0210874
0.0216257
0.0214343
0.0227021
0.022705
0.229157
1.30805
0.0205162
0.250532
0.0229439
0.0385012
0.349957
0.234115
0.0204654
0.020318
0.020298
0.0222181
0.0204481
0.0204296
0.0210663
0.0297131
0.0225347
0.0219204
0.0229982
0.273652
0.0211072
0.0802284
0.021424
1.21834
0.0531487
0.021448
0.43306
0.0469054
0.0228355
0.197746
0.267751
0.0226247
0.0213448
0.0234819
0.0219209
0.108957
0.0362541
0.0272915
0.0229131
0.0211775
0.0215125
0.021444
0.0211805
0.0223107
0.0215616
0.021432
0.0223377
0.0219908
0.0214155
0.0199938
0.0213336
0.0219282
0.021246
0.0203259
0.0205371
0.0214304
0.25292
0.0203342
0.0204405
0.825731
1.67402
0.0214936
1.64037
1.70125
0.02041
0.0220818
0.0207561
0.0218073
0.0203118
0.0211897
0.0208037
0.0211052
0.0202235
1.34911
0.251481
0.269205
0.0732549
0.0251995
0.0205743
0.0215073
0.0212789
0.609077
0.244805
0.611452
0.0218622
1.36655
0.0214409
0.0196159
0.0212055
0.0263595
0.804949
0.0222771
0.0203278
0.0219536
0.747879
0.0211502
0.0920025
0.0211995
0.0213207
0.020234
0.0218698
0.0213354
0.0328517
0.0926553
0.182807
0.0261087
1.18333
0.0214085
1.64848
0.0200728
0.0215526
1.40712
0.618241
0.0211816
0.0214413
0.0208694
0.471981
0.0202623
0.0275751
0.0224042
0.029073
0.0353648
0.0589826
0.0216571
1.51835
0.0206479
0.0216466
0.754332
0.020904
0.083084
0.0575956
0.0213798
0.0219289
0.0213377
0.0411482
1.39154
0.0231666
0.0203945
0.058629
0.0421511
0.0196735
0.0196338
0.0223485
0.0202336
0.0405056
0.0749785
0.0213966
0.0211681
0.18918
0.0219633
0.0272993
0.020467
0.0211039
0.381281
0.0211181
0.0204359
0.0207856
0.0217818
0.0204712
0.0219359
0.0217714
0.0236921
0.049687
0.0383786
0.0210446
0.0236723
0.021254
0.0239543
0.0233367
0.0202439
0.331018
0.0211407
0.0493645
0.0217521
0.0255898
0.0200164
0.0198817
0.0290085
1.38596
0.0222863
0.0202721
0.0200421
0.0258712
0.0214
0.229233
0.228854
0.0211863
0.139534
0.0213796
0.0384642
0.0216894
0.0197138
0.0223689
0.0210064
0.0362034
0.0213758
0.0217696
0.02475
0.0211363
0.0214326
0.0214044
0.428344
0.0225085
0.0228234
0.0215675
0.0222878
0.0220711
0.0252195
0.0212514
0.942021
0.0204165
0.0743882
0.470093
0.0223451
0.0221648
0.0203028
0.0265659
0.0240035
0.0215878
0.0640989
0.0217913
0.0202868
0.0241555
0.0219238
0.0215692
0.0222905
0.0351982
0.0211104
0.0251052
0.0224583
0.0210105
0.25281
1.55446
0.257778
0.0204621
0.463064
0.0221794
0.602466
0.0531871
0.0201041
0.0230478
0.0527254
0.0219061
0.0258246
0.0574374
0.0207601
0.022173
0.0215322
0.021222
0.0212211
0.195091
0.0212026
0.0209964
0.943751
0.0219806
0.020339
0.0203993
0.0223853
0.0207742
0.716443
0.0219892
0.0213934
0.0217388
0.0222014
0.536003
0.0216026
0.0322955
0.0196332
0.0332719
0.125737
0.0922554
0.0352167
0.0223313
0.0231665
1.56529
0.0218877
0.327307
0.0220156
0.0202899
0.472253
0.0255617
1.53974
0.0213972
0.0429712
1.08434
0.0233296
0.021123
0.423789
0.0249905
0.253044
0.0236958
0.0215735
0.782896
0.0212818
0.0223046
0.0219425
0.0214202
0.0207546
0.021603
0.0233024
0.547948
0.0217626
1.97438
0.135866
1.56918
0.0424189
0.253889
0.0210626
0.0215312
1.43681
0.100504
0.0205176
0.0218539
1.1568
0.0200341
1.32528
0.0211958
0.0233252
0.0200162
0.0302397
0.0211959
0.0254717
0.188269
0.0202898
0.379395
0.0278152
0.0220761
0.0275304
0.0217777
0.0223327
0.0211329
1.35125
0.021353
0.0215923
0.0568313
0.0215538
0.0233034
0.0221798
0.020194
0.0270745
0.0212036
0.0216041
0.0199645
0.358616
0.0209828
0.354048
0.0215186
0.35495
0.0232608
0.0217084
0.0225837
0.0217634
0.706317
0.0213947
0.106277
0.0202711
0.0212991
0.0222929
1.18988
0.0349591
0.123303
0.026934
0.0234193
0.021269
0.0370462
0.0268577
0.0293111
0.232868
0.207935
0.0216771
0.0242663
0.0430657
0.0213521
0.0226672
0.0213307
0.0204396
0.0222352
1.01439
0.0254876
0.765229
0.0204631
0.0269174
0.0195934
0.0219329
0.0216537
0.0223744
0.0373675
0.0216387
0.0231545
0.0200198
0.0214362
0.0237723
0.249686
0.0212604
0.0212666
0.46
0.024526
0.0219951
0.394191
0.204853
0.0216927
0.0221546
0.0224239
0.02381
0.0216217
0.0225863
0.022202
0.0215298
0.0212863
0.0210639
0.252437
0.0543874
0.0207641
0.724284
0.0309621
0.0203862
0.0225189
0.0224337
0.0683057
0.021671
0.13777
0.0201278
0.0211213
0.0462264
0.0213096
0.0310706
0.476979
0.0257635
0.0203763
1.82691
0.0243009
0.0205883
0.0212724
0.050122
0.0209306
0.0205681
0.0212734
0.0209242
0.387675
0.0405687
0.0302226
0.0227955
0.0212242
0.0210533
0.0215108
0.0210038
0.0212905
0.0546846
0.0993208
0.0200607
0.0236929
1.5454
0.0214184
0.0534364
0.0331157
0.020883
0.0526446
0.780357
0.0213938
0.125316
0.0197384
0.863038
0.0245343
0.664256
0.0211398
0.0210819
0.0219063
0.232542
0.023262
0.505827
0.269619
1.90808
0.0319636
0.116756
0.0292169
0.0231857
0.0287911
0.0234068
0.309994
0.021597
0.581855
0.0199483
0.25658
0.0221922
0.0219833
0.0210326
0.136216
0.0199864
0.020882
0.0222967
0.0226495
0.0259701
0.0211815
0.021273
0.0213855
0.0213578
1.36262
0.0209897
0.207587
1.32291
0.0210018
0.022009
0.0275401
0.021853
0.0213241
0.0218364
0.0234131
0.0245333
0.0222273
0.0226558
0.020515
0.0228057
0.0221681
0.0240335
0.0218716
0.022503
0.221787
0.0213765
1.457
0.0246278
0.0221813
0.0212837
0.0207477
0.0235141
0.02407
0.0211003
0.0213155
0.0195642
0.021081
0.0212874
0.0211798
0.0234812
0.0198794
0.0219831
0.0222839
0.0215765
0.0233397
0.0222847
0.0298455
0.0225551
0.0210351
0.0212935
0.020562
0.0200982
0.0210889
0.0201613
0.0209774
0.0213833
0.0199787
0.0314962
0.0211644
0.0224313
0.0213606
0.56005
0.0210474
0.020008
0.0489361
0.0197107
0.0218054
0.145904
0.0221174
0.0226575
0.0215553
0.0835474
0.0207578
0.0460008
1.87835
0.480688
0.18847
0.0217189
0.0213698
0.225602
0.0234931
0.0199814
0.255022
0.520226
1.4726
0.0213041
0.0539444
0.0213725
0.0213536
1.19944
0.021194
0.572157
0.0227732
0.0540094
0.0210185
0.0232301
0.0221101
0.136324
0.121352
0.0212408
0.0224252
0.0261465
0.0209694
0.0236131
0.0461202
0.241587
0.0211106
0.105589
0.02346
0.415878
0.069156
0.4457
0.242908
0.0215157
0.0281973
0.10391
0.0210485
0.0211672
0.0223553
0.0223796
0.0199649
0.66816
0.0199547
0.215226
0.0229217
0.0348864
0.0487636
0.0215287
0.111707
0.573895
0.0218711
0.744675
0.0276334
0.0666951
0.0199734
0.0196998
0.334305
0.0214413
0.122187
0.0209908
0.237183
0.0205203
0.189715
0.32941
0.0214896
2.16517
0.0214313
0.0223743
0.0328871
1.29771
1.27297
0.0201449
0.0205438
0.0200271
0.479088
1.01308
0.0229228
0.0249366
0.0812426
0.0200003
0.0210073
0.0224416
0.563501
0.0257591
0.0215432
0.021041
0.0208382
0.148998
1.34808
0.221708
0.0205718
0.0209389
0.600894
0.0211798
0.712565
0.0381693
0.23031
0.277904
0.239276
0.0208783
0.0215344
0.0231665
0.0221493
0.024251
0.0212235
0.0535746
0.228307
0.0204538
0.587451
0.0208281
0.607723
0.0216718
0.273434
0.0245204
0.0246879
0.0211343
0.0217638
0.082799
0.313709
0.126658
0.021491
0.0307412
0.0214342
0.0226255
0.0234797
0.38669
0.0245713
0.066777
0.0208668
0.0265724
0.0212134
0.0199058
0.0220952
0.020968
1.7595
0.0211552
0.0226988
0.0226253
0.0219285
0.0199571
0.0472891
0.021783
0.0220939
0.0208943
0.0210191
0.227671
0.0210591
0.0782231
0.0204702
0.111754
0.0210257
0.544021
0.0212117
0.0662753
0.0216668
0.021487
0.0208949
0.278178
0.220454
0.60628
0.158436
0.645681
0.021429
0.0230401
0.233122
0.0200345
0.314879
0.320673
0.0475941
0.0886838
0.0225887
0.244603
0.0243346
0.343801
0.230963
0.0225309
0.0216282
0.231603
0.877551
0.0242546
0.0234936
0.0212084
0.0225957
0.032253
0.0210718
0.0200901
0.0222057
0.198328
0.0328172
0.0232518
0.456131
0.0209141
0.0201677
0.260913
1.39854
0.0332631
0.0220793
0.178588
0.0205737
0.0200247
0.445213
0.0199709
0.0224519
0.251661
0.262576
0.0217772
0.600299
0.131443
0.058582
0.272719
0.339332
0.0225368
0.0517163
0.0217838
0.0208555
0.0213729
0.0218328
0.0218197
1.10091
0.0223567
0.456079
0.0211806
0.036057
0.0219256
0.0331127
0.024643
0.0217709
0.0381955
0.0211465
0.0200819
0.0661488
0.022697
0.0277159
0.0218098
0.0200893
0.245383
1.35602
0.0238851
0.0195887
0.0195644
0.0210355
0.022785
1.45131
0.0659665
0.268887
0.0303404
0.327526
0.0216993
0.0277079
0.0256406
0.0234147
0.086487
0.0211486
0.0210315
0.380301
0.0321264
0.648352
0.0210906
0.466513
0.288647
0.0243605
0.0367303
0.0232529
1.47336
0.0215637
0.0243633
0.238136
0.0242561
0.0211053
0.156027
0.0217382
0.0205307
0.0210105
0.157297
0.0218234
0.025128
0.365745
0.0353722
0.0247547
0.0306666
0.0506703
0.196317
0.0469119
0.0200883
0.0215415
0.0220746
0.0246015
0.0213976
0.645356
0.242482
0.0232754
0.611457
0.173484
0.285353
0.0215696
0.242124
0.0212627
0.269846
0.0626838
0.0206812
1.2905
0.213929
0.0208663
0.0214939
0.0214499
0.20811
0.609319
0.0256389
0.0407153
0.110089
0.206521
0.515084
0.254384
0.021791
0.0213974
0.90834
0.484994
0.0211152
0.021388
0.0201703
0.0218378
0.0216285
0.024283
1.38412
0.0213312
0.0243893
0.414837
0.02171
0.0217895
0.0241643
0.635088
0.0215512
0.0247152
0.0447418
0.0218678
0.0200772
0.0219313
0.0209263
0.0224962
0.336823
0.193738
0.0218525
0.0249115
0.0255622
0.209992
0.0213591
0.0234704
0.02233
0.0218237
0.244936
0.0223417
0.022343
0.0256327
0.0224052
0.0217634
0.0248576
0.0212326
0.0819499
0.0215175
0.0210596
0.60594
0.0211192
0.272531
0.0268418
0.0209894
0.583372
0.0240993
0.029863
0.158853
0.0202625
0.500243
0.0209958
0.0213862
1.08072
0.580697
0.0202817
0.0215047
0.0207434
0.0216835
0.0701734
0.0222547
0.0217182
0.0221738
0.0224369
0.0220229
0.0213479
0.0203288
0.0209733
0.0211939
0.0851963
0.0239645
0.0200488
0.0367875
0.0224351
0.513342
0.169143
0.0310375
0.0214875
0.0212523
0.0627296
0.0233271
0.0214604
0.0217671
0.309591
0.112078
0.0213692
0.0198442
0.0581398
0.0448921
0.0196881
0.332101
0.0347917
0.021534
0.0218864
0.0403835
0.0216279
0.0281493
0.269897
0.0221353
0.0544359
0.0554934
0.0219601
0.0198499
0.0213621
0.0198592
0.0198433
0.113466
0.0211165
0.0470907
0.0412547
0.0198482
0.0219356
0.0303361
0.0217213
0.0216839
0.0213898
0.0226827
0.356048
0.0198557
0.0215141
0.32736
0.022696
0.0216302
0.025142
0.0211348
0.0216553
0.0212088
0.0215065
0.0232546
0.0218247
0.0806213
0.0529139
0.0198631
0.0214296
0.0198576
0.0750052
0.0210291
0.0241821
0.0213135
0.0202376
0.0259251
0.020438
0.027949
0.0214124
0.0204535
0.252089
0.367785
0.0217756
0.021632
0.0209721
0.306389
0.0621638
0.0213919
0.38685
0.264137
0.0220804
0.099186
0.317368
0.0235265
0.314713
0.0405458
0.540593
0.0212148
0.03018
0.0812744
0.0203991
0.249751
0.855486
0.0213898
1.64975
2.73299
0.0240314
0.300746
0.019868
0.0257787
0.0405656
0.0212513
0.236732
0.0198895
0.0373379
0.054686
0.0198574
0.0514866
0.0219205
0.0219744
0.030452
0.0234771
0.225575
1.3419
0.0201168
0.0236891
0.454875
0.0207464
0.0242199
0.0208327
0.330627
0.312173
0.0214824
0.0217327
0.0244676
0.34813
0.60525
0.0274351
0.0198709
0.0209125
0.817286
0.531264
0.32173
0.0228226
0.0229756
0.0250189
0.0200688
0.0224379
0.0245261
0.0231812
0.0209233
0.0244073
0.328772
0.202865
0.0209856
0.153147
0.0239746
0.137795
1.33943
0.0384816
0.206118
0.127058
0.0198816
0.101816
0.108926
0.0888012
0.253776
0.0213084
0.109448
0.222339
0.0383764
0.0245511
0.256956
0.258732
0.0211024
0.0246374
0.0239951
0.0212312
0.0623106
0.0212962
0.0221146
0.0206697
0.019911
0.0218577
0.0213748
0.0227007
0.0248396
0.236705
0.0244855
0.219531
0.0208448
0.025615
0.0215787
0.22625
0.548506
0.021205
0.0405094
0.022114
0.0202456
0.0213001
0.0202166
0.0211025
0.0801905
0.0216278
0.0513263
0.0216499
0.0209602
0.332241
0.0225175
0.0218401
0.0211433
0.0213218
0.287206
0.0620449
0.47039
0.166348
0.631386
0.0215402
0.0217713
0.0218321
0.0237506
0.0404509
0.0714917
1.29489
0.0209947
0.038241
0.0221487
0.04339
0.68225
0.0242352
1.42642
1.50773
0.0227593
0.03638
0.0209356
0.0413298
0.0233908
0.0778669
0.0396425
0.0199008
2.69628
0.165804
0.0216821
0.0227514
0.0219122
0.163957
0.0218589
0.0217469
0.297571
0.0208271
1.29342
0.0268574
0.0239626
0.0221318
0.0218232
0.0461637
0.0211656
0.18685
0.0239973
0.0213221
0.0207565
0.0443904
0.0226138
1.28432
0.022962
0.0245313
0.0243425
0.0597709
0.0229123
0.0213614
0.259349
0.0217119
0.0204324
0.15073
0.262933
0.0244625
0.0205555
0.0226726
0.898245
0.0517226
0.0211669
0.0188829
0.0210411
0.082477
0.0834353
0.0219565
0.02114
0.0769803
0.0209781
0.0207639
0.0213772
0.071937
2.18804
0.0307998
0.0242861
0.0218075
0.0220563
0.290418
0.0308404
0.0217582
0.0217419
0.0210636
0.0691717
1.49
1.38172
0.0212423
0.117728
0.0202473
0.0201962
0.0231381
0.0220049
0.0369851
0.0213581
0.0918193
0.164226
2.45592
0.0237601
0.0215227
0.021559
0.035262
0.020653
0.0213478
0.0319396
0.0215199
0.0212836
0.0222546
0.0243261
0.0200253
1.07591
0.0388403
0.0241023
0.0232878
0.04887
0.0230863
1.65819
0.0213764
0.0212699
0.0215069
0.0210775
0.0214855
0.0209235
0.109693
0.078545
0.0216029
0.0221213
0.0213158
0.0240424
0.0229824
0.0536826
0.022094
0.296132
0.021312
0.021885
0.0214669
0.0684997
0.021509
0.376607
0.0215038
0.0215463
0.0195704
0.505101
0.0230333
0.121451
0.69816
0.021994
0.0215003
0.0211539
0.0214146
0.0285062
0.0220522
0.0243579
0.59179
0.0216042
0.0466038
0.0831806
0.0232703
0.0879171
0.021577
0.0233014
0.0210054
0.0203847
0.02026
0.0213624
0.256311
0.0748494
0.0208499
0.377762
0.0501028
0.0212597
0.280261
0.0203598
0.0317833
0.0222323
0.0210404
0.193218
0.021513
0.0226934
0.0238813
0.0569331
0.0675847
0.0220054
0.020991
0.0224915
1.73681
0.603212
0.0349276
0.0260197
0.0214782
0.0214204
0.13744
0.0218567
0.0278168
0.0545381
0.223799
0.021494
0.0336025
0.0215394
0.0218428
0.0310541
0.0292231
0.0300309
0.0221328
0.0219139
0.0251758
0.338327
0.0439663
0.020428
0.0245625
0.0806622
0.0232673
0.0367567
0.0216546
0.0217721
0.0213494
0.0365483
0.60645
0.0498945
0.0215078
0.232307
0.024093
0.0257593
0.0215296
0.0213513
0.0213678
0.0202479
0.0537529
0.0242947
0.0224028
0.0220958
0.0213693
0.0214809
0.15074
0.0214174
0.021404
0.0218124
0.431517
0.0921449
0.0214643
0.0212346
0.0214965
0.265689
0.0221064
0.108785
0.0214999
0.0501887
0.0214714
0.0217649
0.0412727
0.0217291
0.030435
0.0217481
0.0214592
0.0203738
0.0225914
0.139917
0.0219174
0.0220214
0.257421
0.0216261
0.0224166
0.0220758
0.0216538
0.0213452
0.0220115
0.0498733
0.020777
0.0208373
0.0209597
0.33202
0.0238562
0.311773
0.0215449
0.0217862
0.0640455
0.26225
0.266061
0.0252805
0.0298476
0.237913
0.0215406
0.313857
0.0222778
0.100637
0.0209899
0.164012
0.182166
0.0195833
0.0235244
0.022673
0.022418
0.0200544
0.065314
0.0209092
0.249192
0.0217135
0.0214014
0.0218246
0.020069
0.0218435
0.103301
0.021363
0.021151
0.0211543
0.0216879
0.0213823
0.297757
0.33942
0.0754974
0.0215386
0.0205464
0.0235422
0.0214985
0.021341
0.0937105
0.0372271
0.0227819
0.0213247
0.558314
0.022693
0.589302
0.335953
0.0228028
0.0203346
0.0212895
0.0311751
0.445336
0.021684
0.0212356
0.0439991
0.108736
0.0412103
0.504594
0.021319
0.0240613
0.0238308
0.0199849
0.0217875
0.337825
0.372218
0.980049
0.0212795
0.581792
0.0217737
0.0215403
0.0245174
0.0219589
0.0245158
0.0319442
0.0212531
0.0214953
0.0213597
0.020897
0.0199895
0.0212024
0.024586
0.262464
0.0260155
0.0195715
0.0200098
0.0212767
0.0218714
0.0213527
0.131154
0.0220076
0.0220583
0.021972
0.258323
0.0212605
0.0231628
0.0563143
0.0213112
0.021297
1.02936
0.0213059
0.0213678
0.021232
0.175509
0.0267828
0.0361402
0.021826
0.633727
0.0204318
0.0201825
0.0204404
0.0212732
0.0357054
0.0212783
0.021686
0.0395742
0.0213751
0.346389
0.0247955
0.0280317
0.0217824
0.188178
0.0299246
0.0215119
0.0211434
0.022026
0.0215837
0.0213442
0.338
0.0209801
0.0440598
0.0211873
0.0218596
1.4337
0.0210963
1.32305
0.0716561
0.0213201
0.053625
0.0211698
0.0219076
0.02126
0.0218148
0.0207538
0.0213557
0.0213482
0.0214507
0.101477
0.0215253
0.0209755
0.0218622
0.0208146
0.0212226
0.0212252
0.021427
0.0205446
0.0213117
0.0213082
0.0213787
0.0212752
0.0219583
1.12426
0.0214322
0.021969
0.042846
0.276113
0.020431
0.0266508
0.0209959
0.0217067
0.0213065
0.0216008
0.611408
0.273094
0.0211242
0.0228573
0.22329
0.0216165
0.0229543
0.627024
0.0199964
0.262194
0.0215005
0.0539736
0.023867
0.236444
1.44046
0.416514
0.0210065
0.0211294
0.0202457
0.02433
0.0533193
0.02261
0.0540525
0.146251
0.0213845
0.375481
0.0416034
0.0221305
0.0204177
0.0310239
0.0299605
0.0213325
0.021051
0.0205682
0.0242809
0.0241883
0.0246304
0.0241017
0.024433
0.49738
0.021115
0.0213271
0.0211733
0.205532
0.024463
0.0245392
0.146703
0.18849
0.0743593
0.0210726
0.0243315
0.0212408
0.0321754
0.0213598
0.0221093
0.0416004
0.0247386
0.0477956
0.0199268
0.269163
0.0338683
0.0770346
0.250264
0.580908
0.0211446
0.0213488
0.0213396
0.0546714
0.0214202
0.020894
0.0213441
0.0283428
1.31686
0.236319
0.0242117
0.026142
0.0757335
0.0349711
0.274561
0.0414503
0.0397819
0.0352858
0.129265
0.263334
0.0211242
0.0211372
0.0211699
0.0471753
0.0270503
0.040941
0.0209609
0.0212603
0.0213212
0.177414
0.0211943
0.0212697
0.021084
0.0321894
0.0209661
0.0211766
0.0203491
0.0252817
1.16969
0.0276903
0.0239819
0.0215228
0.309061
0.0272145
0.0202357
0.0213293
0.0325356
0.244425
0.0216152
0.0216906
0.163189
0.0212209
0.021025
0.0209834
0.0216027
0.0412736
0.0210174
0.0215715
0.0211362
0.0217125
0.0212972
0.0211704
0.0210721
0.0212802
0.0214462
0.0380377
0.0212507
0.0207049
0.043976
0.0506413
0.0355542
0.0573744
0.0209999
0.14117
0.0212914
0.0323562
0.021106
0.0529777
0.021177
0.0212407
0.0201636
0.0500281
0.024543
0.0212193
0.491276
0.0212863
0.0201613
0.021302
0.0220516
0.0263769
0.0209775
0.683379
0.0214718
0.0571259
0.0380739
0.0214853
0.0310566
0.0210166
0.0206926
0.0212024
1.30969
0.0272197
0.027266
0.0374096
0.219963
0.0256408
0.0395362
0.0246251
0.0213403
0.0198306
0.172749
0.0442921
0.0209939
0.0339027
0.0209331
0.0210445
0.435303
0.0205515
0.021328
0.0877951
0.039156
0.693192
0.0213963
0.0210584
0.0284189
0.0209576
0.0203449
0.250257
0.0212865
0.0316089
0.794255
1.03073
0.0213381
0.0223373
0.0211435
0.0200526
0.0310768
0.0216079
0.0214084
0.0321714
0.0207245
0.0319857
0.0214534
0.0225209
0.023892
0.538018
0.0243626
0.0218851
0.150583
0.265085
0.0213365
0.0440409
0.0217884
0.0213185
0.0214713
0.0210017
0.0241321
0.0696065
0.0327927
0.0212391
0.0242349
0.0220139
0.01977
0.0210686
0.0214052
0.0249934
0.020824
0.0212238
0.0221703
0.0216082
0.675544
0.0213715
0.0223526
0.0448779
0.0225811
0.020245
0.269001
0.460565
0.661941
1.16931
0.0579719
0.0206118
0.0221814
0.497664
0.175829
0.192334
0.314901
0.281745
0.0214927
0.290977
0.698698
0.0215778
0.036973
0.0219544
0.678604
0.111688
1.31074
0.0220517
0.0210304
0.0438857
0.0213732
0.0215217
0.179549
0.142438
0.0213508
0.0214237
0.0211657
1.32302
0.0211366
0.0210993
0.0212411
0.0210176
0.0210373
0.0227555
0.0218638
0.0209756
0.0215375
0.0292518
0.418267
0.63403
0.0213408
0.0211944
0.0227069
0.0213181
0.0210119
0.0211369
1.45692
0.021299
0.0331298
0.021152
0.0216776
0.0203242
0.0213723
0.521844
0.22956
0.0205694
0.0219849
0.266645
0.642426
0.166593
0.689904
0.0214075
0.02931
0.021133
0.0197564
0.0211507
0.0201805
0.0210906
0.0212572
0.0216687
0.11048
0.019993
0.264559
0.647965
0.0200463
0.05284
0.0379593
0.0219491
0.0211469
0.0212135
0.0214262
0.0210661
0.257
0.0198593
0.0211167
0.481979
0.0211272
0.0213074
0.0209946
0.0484199
0.0213846
0.0213711
0.594849
0.0207106
0.0206401
0.0211348
0.0293987
0.0212633
0.0196391
0.0211216
0.0200343
0.570933
0.252058
0.0210575
0.172956
0.0198079
0.0212913
0.0225244
0.31618
0.10537
0.0200243
0.0239671
0.021329
0.021178
0.0211529
0.0211169
0.229767
0.260291
0.0213696
0.0219091
0.0373489
0.0209715
0.0211004
0.0244282
0.0266275
0.589937
0.0213802
0.0237649
0.151823
0.0211528
0.0240626
0.0549615
1.38968
0.0207827
0.0209622
0.0213514
0.0211852
0.0209875
0.275958
0.0210825
0.204465
0.0425842
0.0218897
0.0240694
0.271006
0.0205674
0.386321
0.344271
0.195452
0.0252959
0.0211981
0.0224934
0.155601
0.0208273
0.0281855
0.0209698
0.0200336
0.02009
0.020152
0.0211573
0.404073
0.0217085
0.459855
0.20974
0.0675395
0.559361
0.0197879
0.0213782
0.0226526
0.0597481
0.0211838
0.0561725
0.030577
0.0200223
0.020942
0.278855
0.0209366
0.0278448
0.279081
0.0210706
0.209447
0.0218682
0.039366
0.0691601
0.0213909
0.0206367
0.0365323
0.0565379
0.0212886
0.0227417
0.0201947
0.0214898
0.0208779
0.335063
0.0210151
0.0202866
0.0422075
0.0201282
0.228919
0.0214101
0.0211841
0.0211834
0.41984
0.0209855
0.0209016
0.241145
0.0532255
0.0423696
0.0214832
0.0201465
0.0321049
0.0673841
0.36686
0.137415
0.0238949
0.0242564
0.02164
0.0212856
0.0245442
0.0218012
0.0211333
0.020392
0.0625687
0.0245163
0.0209331
0.0196261
0.0215858
0.0206197
0.0215046
0.0283801
0.452929
0.0644737
0.026983
0.062945
0.35554
0.0207006
0.0209538
0.0220502
0.0323574
0.0202626
0.0215881
0.0209182
0.021014
0.0211647
0.0460233
0.021361
0.494302
0.0212694
0.0208888
0.351927
0.0343021
0.0215959
0.0209014
0.0208603
0.619258
0.0311592
0.0215416
0.020258
0.022189
0.0209449
0.0212458
0.02103
0.095667
0.0210062
0.0208553
0.0391452
0.0204944
0.0597554
0.0240757
0.0210525
0.0213318
0.108661
0.473282
0.25824
0.0976661
0.0238946
0.0223845
0.0217105
0.0212473
0.0291253
0.0208495
0.0423174
0.698258
0.022748
0.0375903
0.240944
0.0208744
0.415491
0.0264529
1.53436
0.0225244
0.0208001
0.0208209
0.0217847
0.0210982
0.402024
0.264653
0.191181
0.0212531
0.0209256
0.0208629
0.337013
0.0260902
0.353661
0.0208857
0.0213619
0.176055
0.0210487
0.232413
0.432593
0.0208838
0.0214952
0.0197408
0.021263
0.26867
1.52424
0.0208663
0.02108
0.0207362
0.270651
0.0211623
0.0234931
0.125498
0.0283634
1.5523
0.140506
0.585181
0.0212499
0.0263077
0.0215632
0.0211151
0.0227924
0.0770949
0.0204788
0.0211585
0.36056
0.0213621
0.0204514
0.269809
0.0201486
0.0210922
0.366529
0.0375814
0.0200356
0.0202288
0.0398827
0.343578
0.0382622
0.695693
0.0234256
0.613459
0.0209848
0.0300777
0.145663
0.770664
0.102285
0.02442
0.577358
0.11347
0.194622
0.0206507
0.0210214
0.0202801
0.0213103
0.185103
0.020782
0.0443536
0.0204476
0.0221692
0.0214631
0.218403
0.0213212
0.247949
0.0250169
0.0268564
0.0232431
0.0335996
0.0270493
0.0197253
0.0345419
0.0212871
0.0347655
0.0216006
0.0406585
0.0689148
0.0305293
0.394975
0.0208047
0.191495
0.0240049
0.0293472
0.0214058
0.0677427
0.0217724
0.0208947
0.0212126
0.202832
0.021505
0.0303402
0.238577
0.0262865
0.0728828
0.0208416
0.0200232
0.0669636
0.0364029
0.276569
0.61948
0.0208878
0.0426248
0.198828
0.0420722
0.0207264
0.347832
0.272689
0.0207878
0.0236384
0.0198015
0.33526
0.250068
0.294221
0.369587
0.0208102
0.0206988
0.0217345
0.0202004
0.0227436
0.0242029
0.0220398
0.020413
0.589465
0.0226112
0.0213559
0.0245974
0.282738
0.187738
0.0240739
0.0261212
0.0241858
0.744963
0.0208062
0.0684115
0.0213035
0.0328869
0.999006
0.0220291
0.407207
0.0204119
0.0199695
0.0208294
0.0208399
0.0207154
0.0208657
0.0197783
0.552024
0.0240082
0.0210173
0.393682
0.0208885
0.0215036
0.0206824
0.472548
0.0214216
0.0228648
0.296715
0.114056
0.0209086
0.0197894
0.525391
0.0212712
0.425974
1.00433
0.0214954
0.0216935
0.0305964
0.0438111
0.589093
0.0202181
0.0206714
0.0226889
0.0335522
0.0229491
0.48484
0.151384
0.022392
0.0217415
0.0275472
0.0220469
0.0914298
0.618105
0.0205831
0.405926
0.118119
0.0212822
0.0209298
0.020905
0.0208809
0.0206736
0.0210237
0.0207587
0.0227748
0.0655735
0.0234706
0.0217532
0.0230966
0.0242971
0.0206339
0.0207299
0.0999791
0.0228717
0.025098
0.0206059
0.0220293
0.0205751
0.019997
0.152656
0.0213423
0.0210693
0.327675
0.604698
0.0671635
0.0208892
1.19914
0.0215069
0.268262
0.477352
0.022177
0.614718
0.0207113
0.0203107
0.625515
0.0208437
0.0441591
1.17389
0.256679
0.0241169
0.141475
0.0216107
0.0208565
0.0221711
0.0206835
0.120208
0.136099
0.020874
0.206208
0.564909
0.0197347
0.0207109
0.0834973
0.0356142
0.0425418
0.0278351
0.253448
0.447495
0.0212856
0.380457
0.38375
0.0498313
0.608592
0.0355197
0.271476
0.0197716
0.0272106
0.0352681
0.0198434
0.15118
0.0980915
0.0459159
0.0196408
0.085132
0.0204057
0.0206995
1.67391
0.305487
0.0207028
0.0220236
0.19268
0.0198439
0.0229846
0.0208102
0.278202
0.19324
0.0221159
0.0214909
0.255641
0.10575
0.432725
0.0346401
0.0210677
0.290289
0.0210324
0.266583
0.0260162
0.0203478
0.130377
0.021516
0.0376957
0.0213615
1.60939
0.0211345
0.0216843
0.0202475
0.021397
0.0205162
0.0218271
0.148375
0.660381
0.0206235
1.5046
0.364665
0.0203272
0.0205808
0.465177
0.0863667
0.16098
0.400726
0.438798
0.0205887
0.0212588
0.306804
0.025977
0.367413
0.0289119
0.0206467
0.0212757
0.0209996
0.0198152
0.020647
0.0329102
0.0206158
0.286435
0.020906
0.0213566
0.0524888
0.0197764
0.0333502
0.440141
0.0208866
0.0207918
0.0209634
0.0281781
0.0196403
0.0201956
0.0352484
0.343957
0.0310796
0.0216914
0.030121
0.0205515
0.0215437
0.0212507
0.465241
0.0127663
0.281249
0.0136819
0.0312354
0.0332796
0.0751553
0.0210306
0.0251202
0.0196513
0.0196542
0.0261965
0.0208206
0.417095
0.258092
0.024426
0.418128
0.0294655
0.109634
0.0332367
0.0200339
0.225345
0.0231306
0.349504
0.0213298
0.0204659
0.0201354
0.0301357
0.0815839
0.349181
0.226128
0.0209723
0.165978
0.0206103
0.322115
0.0391564
0.0204889
0.0231569
0.021405
0.333405
0.254103
0.0216604
0.0196332
0.236527
0.0241691
0.0409915
0.0214823
0.0214976
0.436553
0.252822
0.0205526
0.0279554
0.020738
0.0238547
0.0217603
0.385762
0.020713
0.0223834
0.0271128
0.0213391
0.0208509
0.280499
0.333857
0.0214755
0.0213913
0.021684
0.0206148
0.0205198
0.343774
0.2238
0.020911
0.0273348
0.0208327
0.0213604
0.0213491
0.0211518
0.41214
0.239388
0.116531
0.351068
0.0207591
0.0277072
0.020842
0.0220557
0.52496
0.0218892
0.103897
0.0207402
0.255371
0.0214967
0.333764
0.282696
0.0202731
0.0208364
0.0462235
0.033693
0.496378
0.226776
0.0278689
0.416172
0.0242262
0.0211903
0.276986
0.0207687
0.272002
0.019948
0.0227869
0.0278457
0.0208438
0.0216971
0.0208786
0.0499568
0.274204
0.0215782
0.150919
0.0240359
0.0394081
0.0204858
0.0238108
0.352556
0.0204508
0.031006
0.20021
0.0202159
0.392246
0.0987955
0.568881
0.0204725
0.387384
0.020998
0.0202674
0.220627
0.0204732
0.465909
0.0199816
0.0208226
0.0205313
0.0238511
0.348381
0.0207518
0.237984
0.0197662
0.0260137
0.0491804
0.0213633
0.241426
0.311083
0.032487
0.0873128
0.0217933
0.0205533
0.0951157
0.0204985
0.0203763
0.0209348
1.8375
0.287733
0.5932
1.39416
0.0201178
0.0210453
0.0209674
0.357152
0.0206855
0.624355
0.139728
0.0212387
0.356247
0.539884
0.120618
0.0203993
0.0202328
0.027949
0.021334
0.0519655
0.390987
0.0203352
0.0233963
0.0207137
0.236101
0.338434
0.0211899
0.0764743
0.0209838
0.0214216
0.0197934
0.0207675
0.0747389
0.347954
0.0204458
0.0105055
0.359004
0.0198866
0.248868
0.0206489
0.0208901
0.0296178
0.0203997
0.12922
0.0198305
0.0786888
0.554097
0.0197709
0.0200971
0.0209951
1.61969
0.0255463
0.160319
0.290576
0.0207118
0.0237191
0.332612
0.0205123
0.527701
0.0737663
0.0206589
0.263683
0.477872
0.35121
0.24755
0.346125
0.0203852
0.274931
0.0577001
0.264099
0.278151
0.0204815
0.0203557
0.0207445
0.0855505
0.0203253
0.0201658
0.34071
0.0535466
0.0213127
0.0203625
0.0208544
0.0202984
0.0203512
0.0428164
0.0208246
0.0522267
0.254184
0.0360564
0.0238453
0.0206395
0.0204105
0.361905
0.232922
0.697678
0.459983
0.0205175
0.0206791
0.0346664
1.38366
0.281749
0.0204256
0.619162
0.396446
0.0199331
0.0342284
0.0436491
0.0201557
0.0209494
0.020987
0.0214987
0.0201014
0.336953
0.075356
0.021053
0.291808
0.0213929
0.0337165
0.0209068
0.0213357
0.0309177
0.0262487
0.0257453
0.0203382
0.0198279
0.0203104
0.0203129
0.233403
0.0650466
0.351724
0.0630795
0.281626
0.0318324
0.0203392
0.087261
0.251462
0.0212686
0.254711
0.0222132
0.0197707
0.206443
0.432795
0.0233647
0.0568371
0.0169143
0.21695
0.0579329
0.0202841
0.0239754
0.0207107
0.295862
0.0207129
0.350962
0.313112
0.047682
0.337908
0.0357334
0.118548
0.312359
0.0209976
0.0203977
0.0210088
0.0208529
0.283894
0.0206431
0.0206674
0.0237976
0.0217582
0.0202165
0.335412
0.236056
0.0495701
0.0202522
0.710349
0.287254
0.243197
0.0213479
0.0204343
0.0231489
0.020185
0.306788
0.0268485
0.0202996
0.0338493
0.0205941
0.391601
0.0491243
0.0206275
0.601793
0.150236
0.0203565
0.27033
0.380395
0.0239161
0.0211459
0.341762
0.259913
0.019647
0.0205127
0.303947
0.0443568
0.0212163
0.232524
0.0210938
0.0204115
0.0205347
0.0203493
0.201005
0.0201976
0.0203835
0.228171
0.115812
0.0205027
0.0209016
0.106925
0.216041
0.0216312
0.165043
0.0203878
0.579095
0.0915665
0.0215682
0.0202303
0.408766
0.203284
0.0231335
0.0201143
0.38688
0.0273135
0.0202321
0.249613
0.0209207
0.153194
0.0204758
0.36919
0.269602
0.338362
0.35263
0.0204212
0.318659
0.0212241
0.0698879
0.275218
0.0201687
0.0239989
0.0200727
0.399626
0.0206954
0.0203514
0.0199783
0.0204584
0.0202716
0.0201222
0.0477689
0.0214645
0.0627682
0.023041
0.0197396
0.0236936
0.359829
0.0205661
0.114622
0.020276
0.0211143
0.19612
0.0232832
0.342105
0.0238657
0.0331784
0.0200837
0.0201495
0.0225139
0.0215167
0.0202492
0.0244293
0.0221608
0.247521
0.0201845
0.0226621
0.0205452
0.290813
0.301799
0.0220159
0.106291
0.0211867
0.0363109
0.0258421
0.0203005
0.263817
0.0209427
0.0199448
0.225851
0.320953
0.033705
0.284565
0.0233502
0.244152
0.0334125
0.0216232
0.247405
0.283127
0.0204239
0.283671
0.359896
0.0213391
0.0202183
0.0617237
0.292691
0.256596
0.309114
0.222221
0.0293011
0.020229
0.252369
0.19813
0.0209546
0.0198473
0.0208434
0.0229555
0.0202278
0.0201109
0.13857
0.0474884
0.0200642
0.265937
0.329466
0.0242385
0.323816
0.0201315
0.0201433
0.210657
0.175063
0.0343575
0.0238181
0.266329
0.0200553
0.286905
0.247057
0.0220033
0.0236342
0.022052
0.0203344
0.247596
0.0204954
0.0201079
0.259138
0.0212004
0.0204969
0.234648
0.294246
0.0239131
0.22539
0.294006
0.0204971
0.0203048
0.0213255
0.153084
0.0210858
0.321521
0.0213285
0.020181
0.238144
0.0200679
0.0847464
0.269569
0.0200615
0.290724
0.253847
0.279795
0.0209925
0.0201623
0.0200883
0.300648
0.0203457
0.268523
0.0516034
0.26676
0.0813147
0.0442184
0.0215642
0.0210779
0.0239223
0.195693
0.0209548
0.28687
0.269609
0.254672
0.0198619
0.280006
0.0322958
0.365601
0.624402
0.0200937
0.0205005
0.361441
0.021163
0.0200784
0.27569
0.0210377
0.0212636
0.508467
0.441374
0.0200954
0.0204107
0.278086
0.270211
0.290231
0.252643
0.0197374
0.0171735
0.0202544
0.0199712
0.288447
0.0202246
0.0202296
0.0198778
0.288109
0.0197125
0.0198933
0.205512
0.0201941
0.0221935
0.0205586
0.0229006
0.0202996
0.261149
0.245101
0.0202031
0.020259
0.0204942
0.0199492
0.0199998
0.0201238
0.0203564
0.0205303
0.0199455
0.0204132
0.251765
0.0201962
0.0213643
0.0214108
0.0197037
0.262592
0.0197382
0.0201601
0.0503609
0.288385
0.0223289
0.246415
0.0217433
0.0198273
0.0202026
0.249455
0.0203728
0.176623
0.021822
0.129265
0.0214296
0.0199706
0.253428
0.0360816
0.289286
0.293856
0.132549
0.0199959
0.0197199
0.0311092
0.0211703
0.122411
0.255765
0.0215374
0.0211245
0.0199743
0.253755
0.0199454
0.0197742
0.0206556
0.135166
1.42178
0.284267
0.0201387
0.0234015
0.0211724
0.240765
0.0291632
0.0218057
0.0228902
0.0503592
0.0242542
0.141265
0.0396945
0.233696
0.152624
0.0207184
0.0202156
0.0246938
0.033396
0.0199943
0.0199358
0.0216844
0.0331232
0.396019
0.020105
0.0212982
0.0203659
0.0223368
0.0201223
0.0217499
0.372351
0.225267
0.0202292
0.0223182
0.0211873
0.0217039
0.0205522
0.0202107
0.271171
0.0252506
0.0197154
0.268863
0.0221701
0.304842
0.0232918
0.0362681
0.262164
0.0210464
0.263874
0.0204964
0.0198209
0.320617
0.281959
0.0591526
0.0236707
0.0206953
0.0202406
0.0226814
0.24876
0.0202219
0.0355465
0.171219
0.0201292
0.531275
0.0199267
0.0199611
0.0206352
0.020193
0.339042
0.0218323
0.0204587
0.0222508
0.0353939
0.161063
0.0200287
0.0210702
0.020433
0.337621
0.34114
0.0203677
0.0200088
0.0203095
0.249808
0.038487
0.372427
0.0202126
0.0223096
0.312743
0.02091
0.0198416
0.397716
0.0162796
0.0203994
0.285557
0.0200052
0.202776
0.460351
0.172544
0.235273
0.0203934
0.0202305
0.0200375
0.0199585
0.0246909
0.0196929
0.0202576
0.0198328
0.0262953
0.265041
0.0241126
0.0211485
0.0201588
0.0211095
0.0369221
0.102231
0.0199563
0.021039
0.0200264
0.0220009
0.0280125
0.0200739
0.0201973
0.030778
0.277261
0.315499
0.0199818
0.115343
0.116225
0.0199841
0.0218246
0.0199206
0.272831
0.0199217
0.271091
0.0490876
0.243286
0.219645
0.323622
0.0229231
0.132095
0.0200289
0.263514
0.11388
0.266644
0.0400801
0.0221024
0.292365
0.0201416
0.0228218
0.322359
1.36734
0.0300798
0.229847
0.0250074
0.0214798
0.0205465
0.281331
0.0199266
0.0202871
0.0230004
0.158036
0.220152
0.0202889
0.248839
0.0200534
0.0222161
0.0237528
0.035069
0.0196242
0.0201097
0.203956
0.0209002
0.100339
0.0308253
0.0420339
0.289747
0.0212547
0.723711
0.233611
0.0208976
0.0214044
0.622696
0.0397222
0.164583
0.225061
0.0262883
0.0197241
0.377892
0.258751
1.14487
0.0203601
0.327261
0.0268644
0.0219735
0.0210064
0.0201744
0.0236429
0.0198355
0.019937
0.0210144
0.0208239
0.0268659
0.0203156
0.0211721
0.0214861
0.0214846
0.0210894
0.0198029
0.0204236
0.0775941
0.0208849
0.292734
0.104713
1.54768
0.0533851
0.289525
0.0225271
0.0212681
0.0198073
0.0203452
0.278951
0.0210019
0.247845
0.0868923
0.0221892
0.0209432
0.0233428
0.0209513
0.256592
0.0234985
0.216842
0.0225185
0.274587
0.0226021
0.132895
0.0198075
0.0213959
0.0208383
0.234651
0.020988
0.0214222
0.0201945
0.019817
0.302784
0.210579
0.0215366
0.0204382
0.0200166
0.0202057
0.0198192
0.266493
0.0202357
0.0197213
0.265969
0.0210145
0.0208452
0.0234661
0.0199317
0.255686
0.0210101
0.0215413
0.0202651
0.0197549
0.0207576
0.0197282
0.0594845
0.267084
0.0198068
0.035215
0.0312767
0.293427
0.0224585
0.0222204
0.253682
0.0227802
0.0221811
0.0220365
0.0200492
0.0212646
0.0196096
0.153118
0.0205801
0.0198197
0.0198928
0.0197972
0.284717
0.0202727
0.0211725
0.020809
0.0218571
0.217772
0.0198032
0.0217247
0.232443
0.257372
0.0197863
0.272431
0.0197403
0.021411
0.0364625
0.25592
0.279643
0.628774
0.0201179
0.0198195
0.024134
0.252152
0.0197001
0.0202539
0.0206698
0.0197663
0.0217167
0.0197567
0.0216583
0.0201516
0.0208442
0.0202154
0.0268955
0.0197736
0.0198306
0.233444
0.0201634
0.0217224
0.0197818
0.0197995
0.020037
0.0197693
0.0199379
0.299566
0.0197599
0.0205483
0.0268659
0.0197053
0.250422
0.019817
0.0196256
0.0403996
0.020981
0.0197122
0.0199561
0.0198727
0.0198034
0.470955
0.170266
0.0204707
0.0231386
0.0234312
0.0203286
0.27336
0.0215997
0.020641
0.0199885
0.233222
0.0199135
0.020857
0.0199883
0.0203743
0.0224873
0.0205346
0.241893
0.0231114
0.0209645
0.0218231
0.0201523
0.229616
0.18494
0.0197208
0.0210215
0.24997
0.0802406
0.25049
0.307403
0.0236945
0.0203267
0.374562
0.0197556
0.0213503
0.0231771
0.0270789
0.290148
0.0208987
0.0199978
0.0214007
0.0201433
0.253541
0.0231249
0.0232231
0.0204808
0.0207024
0.0196919
0.0229974
0.0208635
0.0204331
0.269798
0.0215183
0.0235562
0.0201972
0.0198181
0.252726
0.0237292
0.0198093
0.0292594
0.020041
0.0203697
0.021436
0.0199262
0.0209482
0.0439435
0.0201186
0.243059
0.0207978
0.0200842
0.0201839
0.0963234
0.0209506
0.020449
0.0211298
0.648397
0.0198097
0.0204827
0.211788
0.460053
0.0200095
0.282286
0.40743
0.0209515
0.0199164
0.26618
0.0202064
0.254034
0.0214767
0.02063
0.0264237
0.0211325
0.0216763
0.0209513
0.0204757
0.0208828
0.257923
0.0197539
0.262708
0.0241945
0.0214263
0.0230861
0.0199098
0.0202872
0.0747072
0.0199092
0.0210087
0.0213045
0.0218513
0.0198341
0.022049
0.0225068
0.019802
0.021955
0.0209549
0.0197713
0.0201727
0.0206013
0.0974569
0.243372
0.281725
0.0211622
0.0197282
0.0197581
0.370842
0.0204844
0.178713
0.0203353
0.232905
0.262797
0.265451
0.0197472
0.367812
0.0211486
0.0724815
0.0510195
0.020087
0.038295
0.0231463
0.0196864
0.0207455
0.0198035
0.0197059
0.0203413
0.0355567
0.76207
0.0214559
0.0234361
0.0197039
0.01982
0.0210728
0.0965884
0.217201
0.201366
0.0203506
0.0197217
0.0921925
0.0197913
0.262103
0.0202843
0.0209751
0.0207172
0.0208605
0.0254677
0.0208735
0.0199316
0.0203097
0.277604
0.282167
0.0196069
0.0211115
0.0198428
0.370519
0.019789
0.0203438
0.0196262
0.0197552
0.0225803
0.0226119
0.0292856
0.020324
0.107183
0.244942
0.0219959
0.0206985
0.0199395
0.0196097
0.0202178
0.0231596
0.0199575
0.019617
0.0588864
0.0225734
0.0225529
0.0196862
0.24549
0.0201436
0.0202548
0.0252098
0.0200558
0.0199069
0.0336857
0.0201111
0.0748701
0.146389
0.0196879
0.0196375
0.0212764
0.0216736
0.189475
0.0214554
0.0197028
0.0205133
0.0201589
0.0225423
0.0225418
0.0645271
0.0197417
0.0234085
0.021669
0.0199859
0.0209182
0.0224683
0.0209888
0.0199985
0.0218362
0.0215616
0.022506
0.0217415
0.0419536
0.021579
0.0198347
0.259666
0.0198493
0.020226
0.205737
0.0197412
0.0661601
0.289851
0.020828
0.0235382
0.0212344
0.025743
0.0224788
0.0201877
1.1962
0.0209763
0.020144
0.0208706
0.0506974
0.025746
0.0195974
0.0203804
0.0206888
0.0225141
0.0203356
0.294085
0.289769
0.0332143
0.0225628
0.0201777
0.0198217
0.0278866
0.0204828
0.0234
0.045279
0.0210337
0.0212829
0.0210334
0.325595
0.0197343
0.0204553
0.209282
0.0224929
0.0196292
0.020864
0.0198097
0.201972
0.0552792
0.0198567
0.0196276
0.0206799
0.019776
0.0207479
0.16669
0.0197941
0.279068
0.0224825
0.0978814
0.0282675
0.0213817
0.0235265
0.0240326
0.15727
0.0399079
0.430526
0.0255107
0.0196156
0.0201571
0.0206338
0.222958
0.0196271
0.196856
0.268322
0.0230604
0.0237019
0.0225063
0.022512
1.2562
0.239586
0.0197629
0.0200806
0.0202491
0.0208388
0.0202161
0.0235086
0.0219625
0.0224921
0.0225425
0.0197953
0.0197067
0.1963
0.0205196
0.0198375
0.0204018
0.0201483
0.0200253
0.0828274
0.0232863
0.0198053
0.0234822
0.0642822
0.019806
0.0195702
0.0195773
0.026904
0.102401
0.0208209
0.0307555
0.0218894
0.0197883
0.253859
0.0203374
0.0296954
0.292685
0.0207736
0.0196125
0.0206892
0.0196708
0.0225181
0.0209346
0.019675
0.0231494
0.020144
0.0210263
0.0196146
0.0212376
0.0224988
0.0195981
0.272391
0.198086
0.0196818
0.0208251
0.0199081
0.182508
0.0206328
0.0196824
0.0196879
0.257583
0.258611
0.0217212
0.0229689
0.0229075
0.0229976
0.0229638
0.022872
0.0229275
0.022948
0.0229762
0.0228907
0.0228155
0.0229105
0.0228577
0.0227876
0.0224811
0.0225024
0.0226458
0.0226264
0.232665
0.0227225
0.0227237
0.022798
0.0227077
0.0227023
0.0228102
0.0224782
0.022554
0.0227929
0.0195994
0.0195521
0.0226995
0.0226611
0.239654
0.233998
0.236844
0.113796
0.0262504
0.0205859
0.0197077
0.0195496
0.0199296
0.0227329
0.0227168
0.0226924
0.0225679
0.0225121
0.0224981
0.0224887
0.0224713
0.0224794
0.0225429
0.022783
0.0227622
0.248757
0.0227689
0.235262
0.0214651
0.0225526
0.022776
0.0227334
0.0227283
0.0226555
0.0227889
0.0227374
0.0201005
0.0227249
0.0228036
0.0208779
0.0787966
0.231563
0.0204761
0.0311141
0.0529485
0.0206329
0.0208784
0.0272223
0.0197529
0.0214202
0.15262
0.337272
0.0209479
0.342308
0.0200713
0.0197062
0.0213388
0.249246
0.295906
0.0207898
0.0198116
0.019775
0.611223
0.0199277
0.0219489
0.0199808
0.0205187
0.0328357
0.387002
0.156296
0.0328556
0.0198438
0.0207798
0.022621
0.0206151
0.0197878
0.167391
0.214451
0.0214382
0.0199463
0.0196505
0.252679
0.0197547
0.0198304
0.0201036
0.0295116
0.23349
0.021051
0.0202575
0.0403199
0.0207623
0.0222578
0.337949
0.0199869
0.0378673
0.0199095
0.358701
0.0232758
0.0501876
0.100808
0.0196097
0.0199947
0.0309872
0.0197275
0.12494
0.257193
0.0202189
0.690148
0.0212199
0.0204687
0.0199168
0.0205748
0.0203595
0.0198833
0.0198679
0.0198824
0.020026
0.0203105
0.261763
0.0250002
0.364098
0.295941
0.0201152
0.0196791
0.0128093
0.0201847
0.0198763
0.0197973
0.0206004
0.0200276
0.0208297
0.0197625
0.0207539
0.0199094
0.0224988
0.0198213
0.0207945
0.0202291
0.0926629
0.0227059
0.0270954
0.0197983
0.0225611
0.0203615
0.0200835
0.0208634
0.0717848
0.0220397
0.0213547
0.0200916
0.0196139
0.0196207
0.0195939
0.0216066
0.250067
0.0202857
0.0197393
0.0199477
0.0208318
0.112397
0.0208478
0.0199066
0.334385
0.0215128
0.0213191
0.036518
0.0208914
0.0343287
0.0237993
0.019874
0.0201462
0.342186
0.0204213
0.0290147
0.0199159
0.0198987
0.238882
0.214564
0.0200463
0.0197153
0.0196588
0.0202787
0.0197906
0.0197587
0.0210765
0.019702
0.0205967
0.0208809
0.32605
0.0325337
0.0201439
0.0196731
0.330569
0.0197088
0.0200541
0.0217872
0.0195957
0.266269
0.0202418
0.0199341
0.0407123
0.0214598
0.021148
0.0198735
0.0196558
0.399256
0.0198342
0.0205765
0.0202456
0.0195961
0.0204397
0.0213315
0.0203874
0.0197382
0.022341
0.0207338
0.0202487
0.0227412
0.0201528
0.0208496
0.0210671
0.253867
0.0477361
0.023373
0.102202
0.0196163
0.0213337
0.02044
0.0200596
0.0200962
0.0202573
0.0196747
0.0195818
0.0202736
0.0680468
0.0218847
0.0199466
0.02123
0.0201306
0.0200844
0.293265
0.020423
0.02106
0.020184
0.0196321
0.019775
0.0608838
0.0213649
0.0197891
0.0208497
0.019671
0.0198394
0.26279
0.0220109
0.0196057
0.0197389
0.0242591
0.0159648
0.0203769
0.0200658
0.0196739
0.0272665
0.019604
0.0220127
0.0198592
0.0205049
0.019826
0.0196881
0.0229914
0.0199528
0.0198955
0.0201103
0.0196555
0.0196735
0.0199741
0.0206379
0.157855
0.0198265
0.0235647
0.0197357
0.0201252
0.019937
0.0199615
0.0201581
0.0644113
0.201206
0.0221631
0.034246
0.0198508
0.0196607
0.020014
0.0198318
0.0197865
0.0199516
0.02089
0.0217918
0.0199348
0.0214358
0.0199747
0.0200181
0.0895013
0.021289
0.0268952
0.0197121
0.0605497
0.0338337
0.0202458
0.0207451
0.0197488
0.0904571
0.0201477
0.242144
0.0196613
0.0202048
0.15743
0.0317766
0.0209471
0.0203252
0.0202153
0.0196726
0.0206184
0.0216593
0.0202948
0.199278
0.0202575
0.0198068
0.226778
0.0245671
0.0209702
0.0254856
0.0196906
0.0207426
0.124844
0.0255286
0.0204984
0.0203536
0.0207967
0.0199135
0.244374
0.0196804
0.0197309
0.0200963
0.0325654
0.0214997
0.0208629
0.0209821
0.840806
0.0202032
0.0216081
0.0198273
0.0200292
0.135956
0.0199233
0.118968
0.0197679
0.0210716
0.0208433
0.0199418
0.0195885
0.0855515
0.020541
0.0202183
0.0208408
0.254967
0.284287
0.98427
0.0201507
0.0197816
0.0206536
0.0200336
0.0210541
0.0223449
0.020828
0.0198438
0.0203555
0.0198973
0.0244532
0.021083
0.0396717
0.0196121
0.307065
0.0224715
0.0198817
0.0205137
0.021028
0.0208456
0.0226116
0.020983
0.0197887
0.0222943
0.0201457
0.463939
0.170571
0.0207794
0.0195811
0.0205311
0.0204106
0.0196361
0.0201627
0.186955
0.0236555
0.0210794
0.0213802
0.0197648
0.0201481
0.023005
0.0198959
0.0206443
0.20933
0.0205661
0.0207219
0.0201098
0.234737
0.019829
0.0214849
0.0707406
0.250025
0.019873
0.272327
0.0199052
0.0208298
0.0224373
0.0239413
0.019879
0.0340215
0.0505237
0.0212734
0.0197444
0.0220515
0.0197281
0.202574
0.0196532
0.0197399
0.0198094
0.020024
0.019813
0.0224816
0.0207458
0.0270327
0.15143
0.0196937
0.032989
0.59907
0.0216802
0.0214506
0.0203539
0.0199802
0.0244
0.0200037
0.0199041
0.0196561
0.0197323
0.366782
0.0203453
0.0209517
0.0306689
0.0212941
0.0501654
0.0201882
0.0214936
0.019753
0.0195931
0.0202432
0.0201287
0.0201784
0.0209392
0.0256552
0.140442
0.0197814
0.0197996
0.020392
0.0196822
0.0179925
0.0206507
0.0198786
0.0204575
0.260292
0.0201502
0.0206098
0.0217553
0.247368
0.0213715
0.0197901
0.309324
0.0216497
0.0208829
0.020866
0.106445
0.260799
0.0198102
0.0196638
0.0199831
0.0200148
0.0213709
0.0197883
0.0208409
0.0231495
0.171459
0.245174
0.0204583
0.200829
0.295774
0.0196615
0.0212335
0.0197665
0.0215471
0.0201279
0.0200709
0.0210333
0.0842895
0.0548981
0.0199585
0.0197073
0.0213715
0.269824
0.0230935
0.0216446
0.0199196
0.0198537
0.026559
0.0202414
0.0198274
0.211266
0.234555
0.280136
0.0196927
0.0232074
0.02033
0.0212505
0.286241
0.0205547
0.275972
0.281038
0.0222828
0.0213959
0.0215697
0.0197465
0.0210788
0.0217833
0.0234188
0.0200028
0.0202571
0.240816
0.0235702
0.0210954
0.284007
0.225623
0.0204449
0.0227347
0.020424
0.299347
0.283434
0.29379
0.251462
0.207997
0.273328
0.237661
0.278163
0.0215989
0.247421
0.0288216
0.0198295
0.0208172
0.0210903
0.0225514
0.0248994
0.059316
0.244152
0.0293703
0.0197172
0.0197054
0.020133
0.0213611
0.0199245
0.0324274
0.0170588
0.020202
0.294632
0.0348583
0.0203363
0.0200166
0.0209566
0.0241136
0.0199565
0.0213515
0.0250869
0.0209886
0.278474
0.0199277
0.288107
0.022823
0.0208098
0.217725
0.0225371
0.0235466
0.0201625
0.241685
0.0208252
0.0197567
1.15766
0.0199895
0.0220417
0.0203169
0.265137
0.0204612
0.0205483
0.0202167
0.0203438
0.0199176
0.327348
0.0198
0.0222118
0.0212527
0.0200982
0.0197256
0.0203883
0.0276651
0.250605
0.19396
0.0218316
0.0290656
0.019895
0.295413
0.0208048
0.0211414
0.0203108
0.0203706
0.183293
0.0198576
0.0206322
0.0199934
0.388305
0.0196887
0.255984
0.253434
0.0388869
0.0201094
0.253411
0.196191
0.0198893
0.0243435
0.0199148
0.0253183
0.0203057
0.0304987
0.021342
0.0375918
0.104287
0.024733
0.0197687
0.0198921
0.0224105
0.0207507
0.0286255
0.257655
0.0205288
0.0203071
0.020336
0.252884
0.243325
0.233064
0.0198957
0.261709
0.0202637
0.0203118
0.0728183
0.0568939
0.185812
0.023204
0.293119
0.0205145
0.0199556
0.274371
0.377729
0.0233476
0.232538
0.234314
0.205621
0.239746
0.260175
0.122028
0.283464
0.0198947
0.0218783
0.252246
0.0224369
0.238573
0.255541
0.0211405
0.0201281
0.0199352
0.399137
0.0787564
0.257719
0.0214158
0.0198931
0.0200484
0.219836
1.63758
0.282912
0.240969
0.0211918
0.183471
0.253977
0.0200376
0.236313
0.0201715
0.173799
0.019984
0.0206594
0.0299907
0.0371299
0.25486
0.0198818
0.0201162
0.0198968
0.187515
0.0203965
0.0200671
0.213253
0.021517
0.0206932
0.127282
0.0204872
0.0199149
0.25174
0.0300887
0.0210566
0.0278403
0.020399
0.142938
0.020121
0.111992
0.0214878
0.0200266
0.0201776
0.0210417
0.188278
0.21012
0.276222
0.260048
0.0223679
0.0146127
0.0227986
0.0745385
0.0200736
0.0201525
0.0198935
0.242437
0.019876
0.036672
0.0207798
0.020052
0.027098
0.246043
0.0181702
0.0265114
0.0201956
0.0198957
0.0199637
0.240764
0.0209598
0.206212
0.235282
0.0206999
0.0212099
0.274631
0.280702
0.0200101
0.0209997
0.0207227
0.0244832
0.264971
0.0199035
0.0205498
0.0983921
0.361625
0.0208469
0.0199898
0.0350959
0.020959
0.0203876
0.0210034
0.0204955
0.298271
0.0213653
0.343847
0.0208389
0.27792
0.0187237
0.283279
0.291703
0.0200479
0.29578
0.0200818
0.265655
0.222122
0.198093
0.0206811
0.0171566
0.284033
0.0227866
0.280539
0.238055
0.32311
0.0209294
0.0199356
0.0199115
0.0208948
0.0264469
0.0211126
0.229857
0.0295053
0.0210937
0.019866
0.034633
0.0203884
0.274627
0.0621265
0.241365
0.278778
0.0251911
0.0276397
0.0205641
0.020744
0.0218677
0.130838
0.0202225
0.0198798
0.0200161
0.229693
0.0200802
0.162784
0.0206283
0.020203
0.020933
0.0307928
0.0204895
0.194762
0.0206817
0.0203763
0.0205079
0.228329
0.253569
0.267977
0.0202335
0.134916
0.024225
0.246338
0.265351
0.0202261
0.020456
0.023912
0.29301
0.020082
0.020701
0.0211546
0.0202305
0.589291
0.0735261
0.0204688
0.327359
0.273478
0.0214846
0.0438068
0.0203994
0.393278
0.0362991
0.0210465
0.293693
0.0199443
0.0204698
0.0200502
0.0262106
0.0200436
0.0200736
0.219101
0.0202837
0.0199357
0.0205602
0.0201238
0.0201334
0.0201292
0.0201806
0.266764
0.385941
0.0223431
0.0205183
0.0236657
0.0218576
0.0209533
0.0215952
0.388594
0.0219509
0.0318067
0.0209076
0.176071
0.019908
0.0416499
0.0199053
0.0235318
0.0216585
0.0201698
0.240635
0.0209846
0.319269
0.096624
0.0244796
0.0203652
0.293785
0.260052
0.0225837
0.268747
0.293499
0.0203133
0.0206388
0.0205489
0.0207246
0.0269755
0.0197356
1.2295
0.0203935
0.0240465
0.0205091
0.0206482
0.294247
0.0463668
0.0212557
0.0205152
0.0681955
0.216913
0.0204211
0.0201666
0.021243
0.0548576
0.0203389
0.022317
0.020184
0.020056
0.0199743
0.02105
0.0206384
0.0198872
0.0201538
0.019894
0.0210155
0.0199531
0.0199873
0.0199901
0.0228898
0.020099
0.293676
0.0549554
0.0208679
0.0201984
0.0218832
0.0207507
0.0199728
0.38036
0.542147
0.0199751
0.0383361
0.0199808
0.0199735
0.0987024
0.0196605
0.0205172
0.211195
0.0200097
0.0196948
0.0206755
0.294926
0.0208501
0.306343
0.329197
0.0202973
0.0202336
0.0198847
0.229221
0.0248249
0.0213029
0.0259054
0.380956
0.0219608
0.0212637
0.0210227
0.0210737
0.020458
0.0285497
0.486207
0.359362
1.38069
0.0332919
0.0200633
0.021324
0.01996
0.239748
0.0204957
0.295289
0.0202444
0.027891
0.0199717
0.0203978
0.22079
0.0200225
0.0200076
0.0200071
0.0728843
0.0826804
0.020181
0.0199624
0.0227959
0.0205179
0.023078
0.259422
0.0238006
0.0202679
0.253134
0.0727405
0.040239
0.0212822
0.268616
0.0370146
0.0203234
0.0217064
0.0200225
0.0227725
0.0198757
0.02071
0.0199938
0.0219064
0.380487
0.0209395
0.292853
0.0356335
0.0249923
0.238278
0.0203265
0.0210207
0.365989
0.0220443
0.0219504
0.0535878
0.0197102
0.465908
0.0209539
0.0207344
0.191003
0.0198825
0.0220959
0.0224271
0.372289
0.0204918
0.0248594
0.250066
0.0350981
0.254057
0.0449472
0.0200073
0.0203564
0.0205256
0.0208348
0.0201038
0.0202455
0.0207943
0.101996
0.0224188
0.365453
0.272047
0.0207094
0.0216659
0.0200677
0.0207856
0.497966
0.0203241
0.238164
0.253167
0.253228
0.0202617
0.027636
0.0207394
0.251181
0.123417
0.0213773
0.145581
0.0198705
0.0201949
0.0307211
0.0207354
0.0202621
0.0979426
0.704195
0.0275071
0.486898
0.0205719
0.0201265
0.0857203
0.0771084
0.247337
0.0237592
0.020621
0.0200479
0.38939
0.0208376
0.225933
0.193443
0.0197567
0.024139
0.0198779
0.0201108
0.0216825
0.298485
0.0216082
0.0215985
0.0431744
0.0200761
0.0212421
0.0207873
0.250716
0.0207286
0.0207061
0.0204096
0.0204578
0.618998
0.0200414
0.0199924
0.0213291
0.0205336
0.0205279
0.0279686
0.0200618
0.0228946
0.108404
0.0201458
0.020588
0.241386
0.0200754
0.0205361
0.343216
0.0209771
0.0203731
0.0206772
0.0876271
0.0207353
0.0208716
0.279007
0.0198391
0.0207847
0.0205583
0.0200951
0.367553
0.0201285
0.0202604
0.0206559
0.0198867
0.341952
0.182246
0.0201275
0.0224404
0.0383866
0.0199263
0.0202936
0.0213647
0.0201365
0.0212634
0.0208366
0.0206018
0.0201103
0.264649
0.0204332
0.0206438
0.276218
0.20243
0.236074
0.0202775
0.0220162
0.0207571
0.282876
0.0208269
0.0466918
0.0752773
0.306894
0.516647
0.493742
0.0201498
0.0206996
0.0398722
0.0218012
0.334956
0.0645308
0.0198848
0.0203634
0.0202253
0.0220331
0.0198706
0.0204554
0.0199717
0.0210389
0.0212083
0.047509
0.0198762
0.240444
0.111491
0.0200742
0.260923
0.0196817
0.0201437
0.022395
0.0201448
0.020407
0.0198451
0.0219114
0.0290471
0.020126
0.0208444
0.0238968
0.0205313
0.0207443
0.0245234
0.0204855
0.0202327
0.22195
0.503275
0.020492
0.0206313
0.0200069
0.291157
0.0586996
0.0201064
0.0285137
0.020572
0.0359805
0.0286499
0.29339
0.0208087
0.239386
0.263107
0.0541695
0.25352
0.314481
0.492163
0.0202413
0.0209454
0.0201822
0.0393118
0.0205833
0.0204227
0.0708168
0.0203874
0.208601
0.0206806
0.343604
0.0206002
0.0205923
0.0202274
0.0199347
0.31829
0.0253372
0.0202137
0.0199569
0.227379
0.0866741
0.312656
0.0202775
0.0204668
0.192359
0.0207055
0.215072
0.0196397
0.0208171
0.283196
0.0280998
0.256748
0.021366
0.0374573
0.0218976
0.0202585
0.0212209
0.0203862
0.0210993
0.0206147
0.0210258
0.299579
0.231737
0.251831
1.13983
0.0209394
0.0230948
0.020415
0.0196917
0.136922
0.0205394
0.02046
0.019673
0.0206048
0.0202428
0.020643
0.576186
0.399939
0.172416
0.0767639
0.0230214
0.0202418
0.0202496
0.020283
0.350951
0.0213497
0.55171
0.0226161
0.395337
0.019989
0.0206296
0.398523
0.0206706
0.0202635
0.0214594
0.0211427
0.0207376
0.020302
0.020163
0.02011
0.0199982
0.0206245
0.0201146
0.0203205
0.296658
0.020164
0.02048
0.0208022
0.0200364
0.0202935
0.0262084
0.323763
0.0209206
0.0208208
0.0207708
0.326133
0.245838
0.257141
0.718035
0.020493
0.0206799
0.0206287
0.0208425
0.0208451
0.0206331
0.0202583
0.0203066
0.0204048
0.0374031
0.0212706
0.0200932
0.311717
0.0206691
0.0228236
0.437942
0.0209618
0.0202257
0.333693
0.0201251
0.0214669
0.0216948
0.251561
0.47492
0.476268
0.0205303
0.0203319
0.0203205
0.0205991
0.0206484
0.0205073
0.0251888
0.0331242
0.0225842
0.024004
0.389922
0.0201113
0.0234116
0.0230462
0.292626
0.020264
0.260402
0.0203519
0.0204732
0.0197843
0.0200526
0.201129
0.0207426
0.020304
0.020321
0.0205595
0.0778687
0.197207
0.0200606
0.020589
0.0211337
0.220428
0.0219736
0.0226489
0.399204
0.38924
0.0204345
0.0204319
0.390534
0.0203264
0.0203439
0.248811
0.0212849
0.0204046
0.0201095
0.0206793
0.364599
0.0251779
0.0228379
0.0219558
0.0202196
0.0205038
0.0271283
0.0205574
0.0212298
0.020338
0.126679
0.266057
0.0203898
0.0207556
0.020376
0.292942
0.0269528
0.544401
0.381204
0.0216968
0.0209793
0.0200048
0.396376
0.0206891
0.61741
0.0204243
0.315855
0.0206125
0.293185
0.0353234
0.0207492
0.0212452
0.306572
0.0208477
0.0243739
0.0212566
0.182679
0.0205249
0.0204737
0.0206648
0.0205354
0.03169
0.0208157
0.0205057
0.0207804
0.422816
0.0292632
0.0208394
0.0210662
0.314569
0.0205547
0.609415
0.0216928
0.373977
0.238888
0.295477
0.0199887
0.201839
0.0201145
0.0204044
0.0545665
0.0206543
0.0206991
0.0228245
0.024137
0.0213139
0.0202103
0.0203517
0.0253762
0.020276
0.0219506
0.239144
0.0196377
0.39273
0.0205872
0.381232
0.0212584
0.0214227
0.0200919
0.473656
0.0208497
0.177998
0.0204104
0.0284614
0.0213033
0.0223048
0.0202264
0.0196427
0.020505
0.0201962
0.0291542
0.0652756
0.0203175
0.0244409
0.222524
0.020757
0.0258845
0.596354
0.0206127
0.020756
0.378827
0.0514776
0.0204042
0.0211234
0.0214172
0.0219872
0.0204081
0.0216388
0.153522
0.0458512
0.0206151
0.290996
0.0208261
0.020756
0.0210039
0.0215315
0.434561
0.0550205
0.0285934
0.0212888
0.0206688
0.133017
0.02053
0.0205103
0.0209578
0.209952
0.020234
0.0196498
0.0206167
0.0231009
0.38449
0.0240015
0.0208416
0.0253678
0.0202628
0.0203863
0.0246059
0.22158
0.0259498
0.263388
0.0269793
0.0201719
0.0275661
0.0201996
0.0252444
0.0272178
0.135476
0.355794
0.0199241
0.0210968
0.0247272
0.0284518
0.575736
0.243903
0.0204457
0.269273
0.0207559
0.0215901
0.0203567
0.0433911
0.0211061
0.0390804
0.0205676
0.0214829
0.0120781
0.021429
0.282128
0.0205554
0.344197
0.0646672
0.020246
2.84557
0.0211494
0.33742
0.0822205
0.318068
0.0202745
0.0215403
0.0203949
0.0215838
0.020712
0.381468
0.0208921
0.0198489
0.0209823
0.0203058
0.122591
0.0209098
0.023444
0.0206758
0.0257225
0.0209402
0.0232338
0.020803
0.0208518
0.0200724
0.0209091
0.0209943
0.021387
0.0215143
0.020693
0.24393
0.0212463
0.0205035
0.0205181
0.32397
0.144507
0.0205326
0.0200155
0.0213984
0.0319221
0.205068
0.0789066
0.0200392
0.326431
0.020286
0.0203
0.0209878
0.0215038
0.0209843
0.449996
0.0228889
0.0206622
0.0211464
0.0231575
0.0208837
0.0203099
0.0205125
0.0207958
0.0211669
0.0209365
0.0208315
0.0210034
0.0237982
0.0394336
0.0208321
0.0207122
0.294307
0.0383481
0.178138
0.0206143
0.0205316
0.155557
0.0241592
0.574673
0.0245334
1.24914
0.0206273
0.0220743
0.0205538
0.0205622
0.377249
0.0210084
0.0223812
0.0207501
0.0215824
0.0216601
0.0274656
0.117415
0.0269001
0.0212673
0.0218256
0.5389
0.0205487
0.0208813
0.0228519
0.0206093
0.205076
0.0208158
0.0199443
0.0346079
0.0271285
0.0235844
0.0211136
0.0211936
0.0211316
0.020389
0.0204299
0.0205632
0.0203501
0.0207911
0.171553
0.0200408
0.145197
0.0272304
0.0215033
0.02369
0.0212702
0.0215794
0.0211652
0.0207116
0.50817
0.0245584
0.375344
0.0211405
0.243394
0.0205338
0.179103
0.0210313
0.0225166
0.0623217
0.0207442
0.133246
0.021074
0.0203067
0.0205299
0.021147
0.167016
0.0400653
0.0255036
0.0207233
0.0207946
0.0207322
0.353457
0.0208939
0.0214206
0.025456
0.0279783
0.0648991
0.0205321
0.0206326
0.0208583
0.0218919
0.258284
0.020546
0.0262681
0.0204189
0.01985
0.349833
0.0206412
0.0240224
0.0262127
0.389504
0.020606
0.0522261
0.0224136
0.0215621
0.0213377
0.0212099
0.0204735
0.302401
0.376696
0.0485611
0.0214248
0.054261
0.0196725
0.0226395
0.0206511
0.0217161
0.120885
0.0202105
0.150752
0.0243842
0.023013
0.0228834
0.0219434
0.282056
0.302349
0.0211191
0.0214312
0.0344224
0.0209505
0.0199326
0.0199886
0.198212
0.090122
0.0196435
0.0303607
0.0217032
0.0284383
0.0529285
0.0203789
0.0442007
0.0714485
0.0212405
0.107419
0.0422947
0.0213941
0.583304
0.0206587
0.0198813
0.0232078
0.296099
0.0212849
0.0302481
0.0206525
0.0958767
0.0345034
0.0233478
0.021031
0.214244
0.354477
0.0202078
0.0199252
0.0206792
0.0212323
0.021246
0.019644
0.0496939
0.0200781
0.345213
0.0211664
0.500669
0.0212196
0.0217326
0.495554
0.0210952
0.0201093
0.336382
0.020753
0.0206208
0.020909
0.0201111
0.0238091
0.0208025
0.0197225
0.524458
0.0200061
0.025903
0.021108
0.0237633
0.0202892
0.0205972
0.662502
0.0200612
0.0206192
0.436298
0.150875
0.0209212
0.0212071
0.0485552
0.0209531
0.0209442
0.0218181
0.0833883
0.0211565
0.0207438
0.0302498
0.0215104
0.0226717
0.0212737
0.0206039
0.0207011
0.0207718
0.020605
0.0395406
0.141064
0.0351877
0.0208769
0.020576
0.0212026
0.506022
0.186563
0.0251281
0.065843
0.0671761
0.0199432
0.0196753
0.219639
0.289115
0.0209247
0.0200926
0.401571
0.242776
0.0285374
0.0214849
0.0198511
0.0208517
0.259768
0.0213546
0.0311405
0.268255
0.0206991
0.0547516
0.0254885
0.0213968
0.0206166
0.0213596
0.0208427
0.0468062
0.0210829
0.0290846
0.020768
0.0214824
0.0212523
0.0204645
0.0313366
0.0209665
0.0207643
0.020638
0.212094
0.020057
0.0208743
0.0213222
0.573716
0.501488
0.0204476
0.0438839
0.0205168
0.0202918
0.0206249
0.0281297
0.0262185
0.0206126
0.0205377
0.0212416
0.24837
0.0206163
0.293642
0.0200967
0.0239653
0.0211488
0.0206175
0.0199261
0.0204266
0.0225006
0.489412
0.0225921
0.0210609
0.0211482
0.398233
0.0212319
0.0206659
0.023701
0.0221567
0.0212478
0.020791
0.397563
0.0243951
0.0281878
0.0247331
0.0262039
0.020384
0.0212748
0.0206159
0.0211754
0.0220821
0.398099
0.020995
0.021086
0.0208371
0.0274199
0.0296645
0.0225319
0.486344
0.0254936
0.0212266
0.273171
3.41411
0.325792
0.334301
0.0216545
0.020664
0.0212232
0.0247631
0.0208054
0.229025
0.0613698
0.0207719
0.0312328
0.020476
0.0212499
0.0209143
0.0208029
0.204169
0.0208569
0.0207045
0.0365082
0.568318
0.0311615
0.516491
0.0207376
0.0507099
0.733734
0.226202
0.0255934
0.0201661
0.536503
0.0197016
0.023394
0.0219725
0.528931
0.0206566
0.0300321
0.0206222
0.0216895
0.0206074
0.0201126
0.0208685
0.24186
0.278242
0.0210956
0.267667
0.0213518
0.0205169
0.0265513
0.0752926
0.0211473
0.0388576
0.546976
0.0261125
0.0210724
0.0208137
0.022706
0.0217812
0.457309
0.0207221
0.0225484
0.0210512
0.0207128
0.0207677
0.0267591
0.0200573
0.0209585
0.030667
0.0210105
0.0198525
0.021709
0.0241471
0.0326484
0.0623263
0.0210745
0.383317
0.0213451
0.0207319
0.022041
0.0307931
0.184403
0.0207618
0.0207136
0.0207751
0.0208485
0.578105
0.21393
0.416455
0.021249
0.0202219
0.0248298
0.0200785
0.0241954
0.0208978
0.518675
0.45283
0.0275364
0.0208374
0.0319871
0.674508
0.0209789
0.562034
0.0200911
0.393186
0.293887
0.0208176
0.242209
0.0253118
0.0336835
0.0208637
0.137549
0.0267478
0.198256
0.0209754
0.0211595
0.0212799
0.0226428
0.0207272
0.393212
0.0206013
0.554716
0.391774
0.0530699
0.264498
0.0200785
0.0207358
0.0207316
0.0202725
0.0212279
0.0211816
0.0295294
0.029782
0.0454122
0.0210113
0.0210117
0.0211892
0.0229969
0.0261795
2.0183
0.0207329
0.0212274
0.0210386
0.0241165
0.0211738
0.0209604
0.286327
0.158701
0.027968
0.0207887
0.0253391
0.0196639
0.442571
0.0211842
0.0204934
0.343938
0.0209257
0.0220249
0.0259907
0.0215736
0.0213926
0.0208148
0.0262493
0.0208597
0.0270938
0.386429
0.0212289
0.0604922
0.0205469
0.0287212
0.0215347
0.0207835
0.045643
0.021019
0.0244112
0.027374
0.0207946
0.0233903
0.0200499
0.0213206
0.623833
0.020411
0.021208
0.354711
0.021546
0.0351415
0.0199274
0.29629
0.0203684
0.124559
0.0210589
0.0246764
0.0211884
0.223328
0.0207854
0.0202891
0.020964
0.021599
0.0203528
0.0231603
0.020617
0.129041
0.0210896
0.0215801
0.0207991
0.0205741
0.0208155
0.0208095
0.0208083
0.392663
0.0281284
0.0245269
0.0208996
0.0210708
0.0229228
0.0216777
0.0206176
0.213622
0.022643
0.0199499
0.0209231
0.020886
0.0212333
0.138472
0.0274288
0.0210382
0.0208198
0.0211248
0.0209561
0.0209021
0.0202099
0.172645
0.518359
0.0207274
0.0199256
0.0206098
0.0207275
0.0209751
0.0208345
0.0209093
1.34767
0.0209533
0.0233909
0.488521
0.257196
0.0209265
0.0296678
0.0237564
0.313811
0.0617837
0.0207027
0.0221152
0.023964
0.0213452
0.0260757
0.0212399
1.61127
0.717376
0.0325817
0.0257871
0.0704545
0.0266889
0.0211533
1.39805
0.0212016
0.0314807
0.020754
0.0300528
0.0430788
0.650311
0.0210482
0.0211682
0.401284
0.176783
0.0249394
0.422867
0.0205603
0.0709787
0.0210357
0.947023
0.0207985
0.0210864
0.0213033
0.0211954
0.0203746
0.0231677
1.86427
0.360059
0.0204817
0.0272401
0.0212997
0.221191
0.0249843
0.0211146
0.022405
0.434014
0.128582
0.021122
0.0221076
0.0206161
0.0208948
0.0200999
0.0203706
0.225114
0.0211684
0.0399765
0.0530773
0.0240043
0.0210815
0.0208115
0.23551
0.0213725
0.0213865
0.0202931
0.020807
0.0213531
0.0212131
0.271364
0.547758
0.0206939
0.209244
0.0279593
0.0208088
0.0202749
0.0214689
0.0202887
0.0227832
0.291865
0.0235321
0.0213904
0.519828
0.0212232
0.521451
0.0210543
0.0207556
0.0209647
0.0205111
0.0209385
0.388779
0.0396019
0.0209674
0.149819
0.0215384
0.0246061
0.48141
0.0214776
0.0211791
0.0237672
0.021003
0.0213418
0.258266
0.044386
0.020804
0.0201195
0.0230321
0.250721
0.0216189
0.0200226
0.443305
0.0500567
0.0211312
0.022154
0.25416
0.0222739
0.0205677
0.861544
0.0866121
0.7335
0.0227475
0.0691019
0.0245001
0.0255205
0.0242703
0.0206825
0.238824
0.0206892
0.0209254
0.379217
0.0209513
0.020714
0.0213905
0.0983121
0.0206119
0.021061
0.0209864
0.0231191
0.020077
0.0209485
0.0232942
0.764627
0.0219042
0.543983
0.0471893
0.01994
0.0288649
0.0370908
0.0212901
0.0210661
0.232705
0.0212877
0.0498563
0.0209972
0.0212883
0.0699871
0.0200065
0.0209407
0.0209394
0.286364
0.0209814
0.0380641
0.0202728
0.021067
0.0200932
0.0788409
0.0212769
0.0208814
0.0208517
0.275369
0.0213559
0.15265
0.0212611
0.0208484
0.0261758
0.211374
0.0210336
0.40657
0.0530824
0.0200618
0.0214088
0.0269568
0.0200075
0.0210818
0.408519
0.0212029
0.0216251
0.0452454
0.0201615
0.0213663
0.0230697
0.0288698
0.385951
0.0289441
0.551492
0.0418584
0.0211008
0.257016
0.0311645
0.311174
0.0217589
0.575844
0.027409
0.0203558
0.373386
0.0210309
0.0452695
0.0211451
0.0561014
0.217244
0.0235949
0.0206677
0.530506
0.0205529
0.0476926
0.0202097
0.0203702
0.0215231
0.380607
0.0209375
0.0209714
0.0209436
0.0212675
0.0214568
0.0212696
0.0197285
0.0209862
0.084023
0.0728391
0.0210094
0.0879651
0.0209433
0.0231246
0.0796484
0.545749
0.0225115
0.568823
0.0222119
0.0216264
0.0221461
0.033298
0.0299053
0.0207043
0.0231724
0.0255047
0.902709
0.0211637
0.0211121
0.020349
0.0247108
0.0207234
0.0284515
0.411045
0.0279637
0.0226254
0.0205631
0.0229382
0.0201949
0.0199887
0.0273033
0.0608162
0.0204112
0.0340942
0.0223294
0.0212765
0.0334019
0.0211758
0.0214578
0.0206393
0.0201778
0.020052
0.0199403
0.0264426
0.0220634
0.0204805
0.0224799
0.0253853
0.0196471
0.020629
0.0227674
0.0210915
0.0246216
0.021211
0.0231668
0.0211342
0.0297149
0.0215633
0.0212307
0.307167
0.0291924
0.0209834
0.027705
0.0211392
0.0205941
0.0209468
0.0206939
0.0224032
0.0216807
0.0252656
0.0217451
0.344616
0.0212332
0.0208346
0.0335681
0.020299
0.0210892
0.032387
0.0209494
0.446307
0.0210279
0.0204281
0.168096
0.0312235
1.47044
0.0209249
0.0209415
0.0207954
0.0259114
0.0201602
0.0210074
0.0594471
0.0350209
0.0505144
0.345435
0.0218242
0.398003
0.019941
0.0507224
1.37013
0.0360373
0.404982
0.0241289
0.178004
0.127894
0.0200123
0.532078
0.0208429
0.0209175
0.0204161
0.021212
0.0209441
0.0209295
0.024258
0.0826732
0.022742
0.0338836
0.175799
0.0209596
0.0951186
0.0210665
0.0209973
0.0199408
1.34576
0.0211426
0.0555976
0.597005
1.06235
0.0425391
0.762237
0.0200551
0.0358252
0.0340192
0.0204153
0.0224609
0.0312372
0.0213023
0.0207874
0.0210791
0.0209278
0.0373385
0.0230529
1.10151
0.0348338
0.0207638
0.0579594
0.0209378
0.0213832
0.0410951
0.54403
0.0238908
0.0210527
1.50021
0.0812479
0.0238238
1.37061
0.0212094
0.0219825
0.0215505
0.0380471
0.0199369
0.0212063
0.0208792
0.0207632
0.0204953
0.0240407
0.0211007
0.0213023
0.0252791
0.0214494
0.0761564
0.0209377
0.0214598
0.705503
0.0211389
0.0211288
0.147049
1.26549
0.0212873
0.0207617
0.0283504
0.0221912
0.0214775
0.0213807
0.0207563
0.0212288
0.22485
0.0207746
0.0202663
0.0207393
0.0209789
0.0206476
0.0334601
0.0379412
0.0292719
0.0195646
0.0794087
0.0211184
0.0212343
0.0207731
0.0207642
0.0950585
0.0202737
0.0207476
0.024832
0.0209175
0.0230223
0.0297167
0.0206685
0.023936
0.036284
0.0212217
0.781479
0.0253258
0.072847
0.0271332
0.231136
0.02133
0.0222317
0.0204322
0.0208264
0.0209084
0.100461
0.0215813
0.0203829
0.0202893
0.164795
0.0210396
0.0203366
0.0203684
0.0231753
0.0217023
0.0211498
0.032648
0.138623
0.576251
0.0239438
0.0301964
0.0210555
0.0332061
0.042347
0.0203288
0.0249991
0.0777721
0.0207233
0.0224019
0.021134
0.0204674
0.0949841
0.0264688
0.0226113
0.161842
0.0853348
0.0292156
0.0202749
0.02004
0.0691692
0.0207215
0.0271786
0.022867
0.021512
0.0283886
0.0234466
0.0254988
0.0210806
0.020588
0.0308047
0.0243183
0.192097
0.0497312
0.19876
0.0220177
0.021569
0.0248751
0.0210092
0.0237881
0.0202889
0.020946
0.393755
0.0237987
0.395922
0.0305724
0.0310752
0.0213207
0.202713
0.0597437
0.359325
0.0201672
0.0218414
0.0253518
0.0221067
0.0710419
0.255746
0.021125
0.0507177
0.0585621
0.51945
0.382329
0.0206752
0.0215503
0.0758991
0.0239503
0.0971855
0.0128798
0.0521638
0.081908
0.0214086
0.020995
0.0719763
0.0213938
0.0199464
0.0223846
0.0210497
1.36755
0.021161
0.0208671
0.0285376
0.0231158
0.02107
0.0213633
0.0212199
0.0211526
0.0220465
0.0346482
0.0203404
1.09456
0.0261414
0.16109
0.0227868
0.021229
0.0242402
0.355629
0.0271941
0.0544094
0.021014
0.0211756
0.0201771
0.022013
0.0313912
0.0210243
0.0214449
0.0214353
0.0285425
0.0212686
0.0836441
0.0212244
0.0226453
0.0253869
0.0270203
0.022748
0.0211833
0.0258444
0.0212327
0.0214387
0.0211299
0.0212458
0.0218282
0.193888
0.0210177
0.0211366
0.0214428
0.257625
0.0229027
0.0223075
0.0212412
0.0230376
0.0292272
0.0212141
0.0403255
0.0909102
0.0209291
0.0327806
1.19904
0.0215136
0.0204776
0.0202832
0.022911
0.0222151
0.0388449
0.0219377
0.0221318
1.20758
0.0203535
0.0209137
0.0214657
0.0264638
0.0265522
0.0214814
0.0287089
0.0211163
1.08473
0.0238296
0.034391
0.310256
0.0302156
0.0213884
0.0231215
0.0234423
0.0214759
0.0249837
0.0211408
0.0236707
0.0214803
0.0210593
0.0208274
0.0210865
0.0209973
0.0230401
0.0312678
0.0205987
0.0212371
0.0203608
0.249199
0.0360079
0.0214204
0.0202412
0.020916
1.35399
0.0496057
0.0211872
0.371342
0.0214376
0.0206689
0.0205741
0.0209545
0.0214778
0.0212586
0.0210785
0.107758
0.0210714
0.0255705
0.0224219
0.0208698
0.0750768
0.266028
0.0210381
0.0262186
0.241295
0.0208105
0.0209232
0.0210246
1.5794
1.35573
0.263818
0.078699
0.0215853
0.03042
0.0918585
0.0214761
0.0442241
0.575481
0.0768249
0.021072
0.0308907
0.0214373
0.0260887
0.0288441
0.0213297
0.0253086
0.0212934
0.0237523
0.0240987
0.561727
0.024121
0.0203695
0.0208926
0.0201774
0.169501
0.0210743
0.0230853
0.0219974
0.0642372
0.0211243
0.0454876
0.0357821
0.0823191
0.18879
0.0257223
0.573781
0.0205863
0.0210504
0.0213533
1.36426
0.0212351
0.0211225
0.0226658
0.0201711
0.0212733
0.0220662
0.0225317
0.0208058
0.0215893
0.021495
0.0206831
0.02044
0.0697029
0.0208586
0.0207832
0.0229204
0.274885
0.0218107
0.0299483
0.0222525
0.0246602
0.281355
0.0233524
0.0209261
0.0212879
0.323346
0.0217038
0.272398
0.0233606
0.0211967
0.0237108
0.111925
0.021057
0.0214425
0.0205097
0.021135
1.07487
0.418554
0.0204398
0.0203501
0.0280788
0.0211281
0.0213249
0.0437784
0.0432498
0.0206701
0.023832
0.0214462
0.0329063
1.42811
0.0261581
0.0213519
0.0560103
0.0584554
0.0210905
0.190037
0.0210964
0.228224
0.0205652
0.031481
0.0211208
0.0441866
0.0228517
0.0212167
0.0236569
0.0220936
0.0214164
0.0241457
0.0244373
0.0211023
0.0226997
0.0211906
0.0462973
0.023635
0.0206912
0.0233825
0.0214328
0.0212054
0.0405605
0.0262483
0.0245547
0.0209612
0.0211711
0.0203209
0.0212808
0.0209461
0.0210593
0.0212789
0.0210122
0.287628
0.0312459
0.0215375
0.020696
0.0499332
0.947265
0.0325068
0.0202928
0.021112
0.0242826
0.0211211
0.0262677
0.0256153
0.0213813
0.0220967
0.0212128
0.276092
0.27483
0.306928
0.0222417
0.116188
0.0251676
0.0210039
0.0209316
0.0201625
0.0492787
0.0211198
0.0199693
0.0206828
0.409331
0.392963
0.0222847
0.0199506
0.0214746
0.118666
0.0210995
0.397128
0.0209157
0.0210456
0.0235748
0.0211045
0.0213101
0.0461962
0.32196
0.0248452
0.0213331
0.0793498
0.021102
0.0216493
0.0213525
0.398932
0.0211052
0.0211633
0.0212883
0.0214749
0.0633201
0.163012
0.0268775
0.0349099
0.0208666
0.0207837
0.0322274
0.021112
0.0204613
0.0340485
0.0200301
0.0224276
0.0209756
0.0213299
0.246208
0.0512143
0.0642668
0.021084
0.195622
0.365029
0.0224003
1.46181
0.0218059
0.0210819
0.0206218
0.0202966
0.0204245
0.0219852
0.0225453
0.0213858
0.0240026
0.0210869
0.0211009
0.0230324
0.0210578
0.0397558
0.0209378
0.0201876
0.0211771
0.0213825
0.321873
0.0206532
0.0213405
0.0378906
0.0253524
0.0201269
0.0356004
1.01312
0.0243315
0.109297
0.0549606
0.0212501
0.0209793
0.0353119
0.0211974
0.051607
0.0318878
0.0214937
0.0214214
0.0208842
0.0207898
0.0210524
0.289887
0.0216953
0.0215268
0.0236724
0.0219703
0.0213786
0.0207651
0.270693
0.0288917
0.0203729
0.0212396
0.0215425
0.0230245
0.280261
0.0596913
0.0200634
0.93363
0.050806
0.49335
0.0199352
0.0206294
0.047368
1.4924
0.0213276
0.0214014
0.0212205
0.0203143
0.0200577
0.0200425
0.0207591
0.0216535
0.0347066
0.0209158
0.0201629
0.0211318
0.0278957
0.0217439
0.0210408
0.0258761
0.0201784
0.451971
0.025895
0.0213954
1.05664
1.36264
0.0366464
0.0211879
0.0202963
0.0210921
0.538038
0.0278464
0.0214143
0.0214724
0.0233371
0.0212202
1.4346
0.0212411
0.0277483
0.0212893
0.0200414
0.0336096
0.0880022
0.0217602
0.0264686
0.0214481
0.0212714
0.234381
1.84032
0.0210694
0.0205676
0.0272403
0.0335929
0.0269248
0.0204591
0.0342811
0.034411
0.027926
0.0210494
0.0212019
0.0210215
0.0207729
0.0233471
0.0209463
0.0257134
0.0346563
0.022879
0.044757
0.0276291
0.0212143
0.0213629
0.0653039
1.25939
0.135955
0.0829617
0.0200472
0.0400134
0.0214455
0.0204182
0.0226341
0.0226395
0.0216378
0.150456
1.10609
0.717899
1.31235
0.0212676
0.0508577
0.0201717
0.0203388
0.0227197
0.0251926
0.248464
0.0237724
0.0255013
0.0258492
0.246374
1.23541
0.0210869
0.021472
0.0347844
1.3335
0.0208954
0.0450991
0.254291
0.0212146
0.0223668
0.0200664
0.0221336
0.0214592
0.0324042
0.0425894
0.0213141
0.0201816
0.0388514
0.106012
0.019941
0.0400871
1.24745
0.0468646
0.399071
1.15793
0.0219621
0.0210817
0.141241
0.0211513
0.0214125
0.020351
0.0209168
0.360115
0.0282499
0.027288
0.282216
0.0239239
0.0277966
0.0212534
0.0279683
1.15923
0.0199661
0.0430267
0.587559
0.0418958
0.0214553
0.0235679
0.0225619
0.0200671
0.0205317
0.679333
0.0237342
0.0211154
0.0299409
0.0273466
0.0222082
0.0746772
0.0249599
0.0228873
1.08613
0.0205666
1.50834
0.0215759
0.0277157
0.0475717
0.0239472
0.245205
0.0214518
0.0255342
0.021191
1.61425
0.0275135
0.0295921
0.0201861
0.0629155
1.64538
0.289753
0.0206524
0.0257928
0.0271086
0.0207829
0.020376
0.0252168
0.0459044
0.0205031
1.46482
0.0225724
0.0213335
0.0212595
0.0227441
0.0272809
0.584317
0.0991325
0.0283175
0.0216977
0.0214356
1.89284
0.0204601
0.0210667
0.576577
0.0475716
0.0226248
0.0209108
0.0212004
0.0707093
1.90014
0.0298873
0.0214284
0.0504692
0.0203541
0.0307697
0.0213567
0.0204351
0.0444464
1.73628
0.0284444
0.0225179
1.82385
0.0296392
0.0231816
0.0213851
0.415148
0.0239089
0.0219072
0.0570676
0.0294754
0.0753022
0.224592
0.0214142
0.0935959
0.0283461
0.0265821
0.0206081
0.0761134
0.0292109
0.0210452
0.156053
0.0214458
0.0214173
0.218191
0.0210423
0.0436721
0.0207713
0.0340578
0.0278169
0.0210211
0.163448
0.0378854
0.02028
0.599627
0.0209043
0.0209147
1.31858
0.802175
0.0479438
0.213647
0.0300228
1.75392
0.0213636
0.946348
0.0251843
0.0207533
0.0323757
0.569902
0.0203251
0.0213644
0.0201261
0.0213941
0.0216625
0.0201857
1.85865
0.0231928
1.56857
0.0214638
0.397958
0.0214303
1.63509
0.0208778
0.020771
0.0214001
0.021424
1.55207
1.89808
0.0204011
0.0216888
1.19618
0.0699362
0.0222168
0.0204881
0.0205827
0.0539053
0.227141
0.317301
0.0266581
0.0203554
0.0203681
0.0222377
0.0221537
0.0213687
0.0225223
0.240509
0.0238672
0.892736
0.0220379
0.0203704
0.028092
0.135789
0.0207379
0.0234356
0.0196584
0.0248677
0.0213714
0.021987
0.0214628
0.0232964
0.0213717
0.235525
0.0336457
0.0210795
0.0213754
0.0221878
0.0222006
0.208213
0.0332329
0.0470967
0.0204554
0.021379
0.0210918
0.0614059
0.312814
0.0544826
0.0224246
0.0228155
0.399059
0.413214
0.0202174
0.0617831
0.0501831
0.0219147
1.72321
0.0213417
0.0926546
0.0211997
0.0211595
0.123566
0.0418056
0.0213486
0.0508402
0.33919
0.0202041
0.145055
0.0213545
0.144464
0.282908
0.0935729
0.0817641
0.742793
0.0211905
0.026312
0.0222765
0.0213831
0.0200274
0.0563648
0.0995693
0.0217043
0.020457
0.021443
0.0235286
0.0543954
0.0214033
0.263678
0.0711586
0.0691929
0.0315248
0.0219209
0.0207918
0.0209522
0.0250915
0.0226034
0.0278229
0.0227044
0.122097
0.0322555
0.023257
1.35007
1.53602
0.0364438
0.0207306
0.0258961
0.0314511
0.0227379
1.55154
0.0209843
0.020857
0.388638
0.0204398
0.0312002
0.0207058
0.0206689
0.0355691
0.0316159
0.0421942
0.112197
0.092512
0.114004
0.0410244
0.0997225
0.0480016
0.725812
0.0211183
0.0395389
0.258351
0.0590003
0.0223111
0.0231163
0.0211048
0.0204446
0.0253529
0.0220842
0.0245203
0.038795
0.13367
0.0322493
0.0228078
0.0218671
0.0628408
0.028876
0.0468561
0.0210109
0.0214397
1.05987
0.0118091
1.59303
0.019556
0.0195571
0.0219892
0.0493283
0.238909
0.0201663
0.0336497
0.0218061
0.0563799
0.0212297
0.0425226
0.021103
0.0205694
0.0735271
0.0214907
0.0205604
0.0217236
0.0597673
0.0234884
0.0226279
0.0207361
0.0221033
0.156623
0.0290243
0.0207726
0.288651
0.0292426
0.0229827
0.050914
0.027154
0.0207502
0.0332314
0.0254733
0.556821
0.0228221
0.0222736
0.020618
0.0638053
0.0202474
1.41027
0.0203065
0.994831
0.0204078
0.027047
0.0203038
0.0237331
0.0200799
0.0319002
0.0225627
0.0210828
0.0229711
0.0204444
0.0213892
0.351399
0.0205623
0.0281602
0.0268588
0.0209661
0.0205827
0.0216162
0.0274797
0.0968074
0.0210477
0.0234197
0.020272
0.0363303
0.0222499
0.0274119
0.0208908
0.021721
0.0310219
0.0295191
0.0285823
1.02712
0.0288716
0.0236032
0.020911
0.024782
0.279738
0.0204479
0.02101
0.0275923
0.0211572
0.0812233
0.0320521
0.0198682
0.0281318
0.0245138
0.0213431
0.020892
0.0205384
0.0687447
0.0207475
0.0215877
0.0223916
0.0224624
0.020391
0.0227876
0.0198565
0.0213313
0.0207141
1.80285
1.77294
0.0211113
0.0597715
1.26714
0.0267335
0.427168
0.0216475
0.0225603
0.0217132
0.0281438
0.0209982
0.0224215
0.0277923
0.0205836
0.152332
0.484541
0.0204073
0.0212278
1.40777
0.020651
0.0213136
0.0303909
0.0212152
0.0321735
0.0484553
0.157787
0.0213814
0.0212107
0.0211701
0.572064
0.0219447
0.020739
0.020691
0.0215097
0.0233355
0.0220469
0.0220978
0.0200099
0.0281186
2.0062
0.0505116
0.0213665
0.0210289
0.276043
0.0202326
0.0211077
0.190438
0.138526
0.0362162
0.296287
0.0223786
0.0205898
0.0202452
0.0271982
0.0203734
0.0304436
0.0224898
0.0263602
0.0211107
0.621678
0.0208741
0.0225995
0.0212145
0.0208538
0.0227075
0.0206481
0.0220188
0.0240356
0.0583434
0.0215782
0.0347817
0.0809481
0.0253593
0.0209792
0.0268628
0.146458
0.156739
0.0298904
0.0212512
0.429478
0.0205734
0.0213483
0.020672
0.278703
0.0215856
0.020799
0.227648
0.0207629
0.277261
0.0206722
0.539493
0.0204587
0.0263807
0.02074
0.0273539
0.0216592
0.0333012
0.0234884
0.246935
0.0228314
0.0228201
0.0210696
0.0211009
2.81569
0.0212825
0.0273062
0.0215376
0.122829
0.0207595
0.201653
0.0479857
0.0735398
0.0200981
0.0215939
0.0204301
1.744
0.254024
0.0206294
0.0245387
0.0208793
0.0211167
0.0219789
0.0212278
0.021169
0.0219204
0.243989
0.0272033
0.49652
0.121516
0.132668
0.0211855
0.02037
0.0266875
0.0208062
0.0215792
0.0216713
0.324678
0.111571
0.021238
0.0248942
0.0210729
0.706998
0.0222664
0.345219
0.0205086
0.0226301
1.70212
0.0210889
0.020778
1.45762
0.0204655
0.0207594
0.0533578
0.0205199
0.0333662
0.162528
0.493485
0.0220978
0.0477951
1.29199
0.0271596
0.0203049
0.0212351
0.0242682
0.0213778
0.0240487
0.278859
0.236247
0.0206499
0.030384
0.0211656
0.0213235
0.0219255
0.026655
0.0203705
0.0448919
0.0249202
0.145671
0.0220644
0.020501
0.0214905
0.0229149
0.0210451
0.0219804
0.293173
0.0205899
0.27155
0.0265679
0.0226526
0.0214415
0.020727
0.021313
0.0359498
0.0206989
0.0207766
0.0281181
0.0211318
0.0256808
1.21285
0.394234
0.0274505
0.0204599
0.0206704
0.0213524
0.0394604
0.0460258
0.021457
0.021359
0.0213713
0.0246166
0.0222569
0.0251108
0.020826
0.0487747
0.021386
0.0468378
0.0211462
0.0211505
0.0229828
0.0208116
0.0208196
0.0246818
0.0405961
0.0209555
0.0278055
0.231123
0.147797
0.0205815
0.0213698
0.0204209
0.0242309
0.0207631
0.0229546
0.176141
0.412279
0.0301403
0.0221221
0.0854027
0.0264693
0.0209886
0.606944
0.0210646
0.633305
0.0207767
0.0209036
0.0231007
0.0209034
0.0202881
0.0213982
0.0206486
0.0244518
0.0214638
0.0206576
0.242315
0.205636
0.239212
0.0204698
0.0241732
0.0213901
0.023515
0.172553
0.55323
0.0212433
0.0880604
0.0214357
0.0210397
0.0209871
0.021165
0.0207492
0.0214303
0.0261194
0.0210608
0.0223926
0.266701
0.0207901
0.0285917
0.0216572
0.102529
0.243572
0.253975
0.0945729
0.0206883
0.199168
0.0214331
0.0277443
1.53837
0.0212269
0.26226
0.0205065
0.0206303
0.0223835
0.0822205
0.0462122
0.0235426
0.0896843
0.0213755
0.282791
0.243055
0.0605521
0.155725
0.0206608
0.199151
0.0300543
0.0214255
0.0207351
0.0226873
0.0293204
0.0467644
0.0272002
0.033279
0.0215348
0.0240307
0.0211218
0.0225097
0.0204837
0.029258
0.0205385
0.0210538
0.233621
0.0293593
0.0209812
0.0206073
0.253844
0.0216556
0.0225785
0.021922
0.020776
0.0211359
0.0214171
0.021395
0.0323956
0.0233777
0.0214203
0.0214626
0.02107
0.0237917
0.0212242
0.251809
0.602778
0.0239706
0.0231982
0.0212485
0.0477322
0.0934684
0.0202439
0.0211989
0.434851
0.0220975
0.10163
0.020904
0.237305
0.0214031
0.0213545
0.0215821
0.0214551
0.0220658
0.0244526
0.0259203
1.92214
0.21297
1.79749
1.46027
0.251064
0.0250571
0.0494119
0.0207178
0.050768
0.022152
0.0214576
0.0250614
0.0213782
0.0213972
0.0203861
0.0219919
0.0208444
0.0250267
0.0204878
0.022899
0.0205222
0.0210338
0.0210653
0.0691088
0.021039
0.0207979
0.0200308
0.0285915
0.021363
0.0226207
0.0214542
0.0346748
0.234099
0.0655666
0.0309671
0.0206651
0.0249396
0.0210788
0.021204
0.0262588
0.0218886
0.0207974
0.0212873
0.0277892
0.0203543
0.0205574
0.020919
0.230897
0.0218637
0.330396
0.0205238
1.94483
0.020367
0.0208664
0.0200065
0.0207108
0.020881
0.236353
0.0209494
0.157595
0.0206254
0.0202852
0.233119
0.0222565
0.103512
0.0208268
0.0206006
0.13378
0.58493
0.0496621
0.0210903
0.0221847
0.0204905
0.0204696
3.38963
0.0208534
0.0314456
0.0282339
0.0290204
0.0266233
0.0223526
0.0256927
0.579544
0.0240551
0.117132
0.0208818
0.316529
0.0204785
0.171566
0.0204671
0.241189
0.113726
1.32865
0.0234955
0.0206752
0.0214428
0.0584656
0.0205957
0.0405785
0.0203714
0.145237
1.25683
0.13202
0.0449912
0.0229275
0.0196737
0.0213738
0.0203762
0.053428
0.0206324
0.0451418
0.0399884
0.231758
1.4594
0.0226027
0.0211828
0.0202432
0.0480781
0.617309
0.022317
0.0228567
0.0317081
0.0217605
0.0208573
0.0258451
0.0210309
0.0206641
0.0651421
0.0226818
0.0206813
0.07031
0.021276
0.0208241
0.0397807
0.0276999
0.0267194
0.0880192
0.043881
0.826668
0.157644
0.0213786
0.0210114
1.78651
0.0195837
0.0210167
0.0215682
0.0209765
0.0208094
0.0225622
0.0219445
0.0423443
0.0328853
0.0240512
0.241131
0.0212153
0.0436707
0.593804
0.0210625
0.178894
0.0268825
0.0210275
0.033155
0.0668565
0.0205997
0.0277484
0.0250589
0.0214137
0.0211538
0.0750515
0.0213215
0.0280312
0.0198944
0.0198667
0.0280649
0.0219619
0.0218782
0.0222312
0.0214553
0.020348
0.0207412
0.0640532
0.0221657
0.0210905
0.0212295
0.0212409
0.0210283
0.0213191
0.0298874
0.0210424
0.0268168
1.97193
0.273742
0.897205
0.0286843
0.0406232
0.0208612
0.02496
0.0990533
0.0299746
0.021537
0.193743
0.0209497
0.0221382
0.0209054
0.545013
0.0198639
0.0210523
0.0211806
0.0213965
0.0303659
0.0212389
0.0669188
0.0210514
0.0214603
0.0208199
0.0213566
0.0205116
0.0213994
0.0228219
0.0506447
0.0211589
0.0213095
0.0285575
0.0219546
0.0370973
0.0207356
0.0199885
0.140899
0.0249187
0.0213163
0.0226987
0.0205708
0.0685682
0.0602116
0.0214994
0.0239762
0.0224809
0.0212362
0.0206309
0.0244506
0.0241577
0.133184
0.177792
0.0195438
0.0277592
0.0219462
0.0224736
0.131968
0.0207305
0.135509
0.0300796
0.0218159
0.0225167
0.0205511
0.0210801
0.0203378
0.72086
0.0210501
0.15846
0.0213555
0.0208589
0.0238377
0.254016
0.250153
0.0208907
0.0286035
0.199815
0.194707
0.0230603
0.0206637
0.0225577
0.0198642
0.291133
0.0217225
0.0224969
0.0211968
0.0224853
0.0208273
1.31552
0.0209879
0.0256511
1.60159
0.0207505
0.0213074
0.0198649
0.0231624
0.0221821
0.0205121
0.0269046
0.0214056
0.0206672
0.0212136
0.0319709
0.0304046
0.0205157
0.0198708
0.0222824
0.868624
0.0207851
0.0957658
0.0783486
0.547895
0.218537
0.0206667
0.021296
0.361738
0.0213964
0.0257767
0.0222165
0.0245175
0.436478
0.020912
0.0208969
0.0219802
0.258769
0.779736
0.0211908
0.0498127
1.47917
0.0232534
0.0211802
0.0281891
0.0206716
0.0212251
0.0258597
0.0217086
0.0213441
0.0536616
0.0214123
0.0316503
0.0253207
0.0213597
0.0258455
0.493705
0.0387942
0.0211701
0.0233511
0.0206454
0.228409
0.0224314
0.35126
0.24963
0.0207371
0.0215502
0.0228705
0.0488754
0.0350808
0.0222112
0.0223009
0.0210731
0.434806
0.257053
0.0220882
0.0198597
0.184866
0.28264
0.271701
0.0211655
0.439315
0.0376835
0.0215317
1.56668
0.0257199
0.269602
0.0209211
1.75317
0.0199546
0.0212326
0.0210807
0.0214156
0.257471
0.0206369
0.0565612
0.557426
0.0207733
0.0208961
0.0266351
0.0224001
0.0211648
0.0206665
0.0212625
0.0221918
0.10268
0.0206876
0.0313808
0.0202944
0.0204851
0.0209254
0.0305056
0.0244265
0.0222705
0.0211285
0.0210641
0.0205768
1.35458
0.0214251
0.0204193
0.0386649
0.0209757
0.0493289
0.0209472
0.0211809
0.0213458
0.0197717
0.0248618
0.0197379
0.0244902
0.0246118
0.0205608
0.0244562
0.0227303
0.0230465
0.0215095
0.0299209
0.0286471
0.0256086
0.0638552
0.0214539
0.118644
0.0228212
0.0205648
0.0242306
0.0292231
0.0765387
0.0294488
0.0203863
0.0305813
0.0904086
0.0288345
1.46091
0.0203769
0.0200385
0.0212573
0.022108
0.0205883
0.0206457
0.0279847
0.0794299
0.0225759
0.0215396
0.0225893
0.0214774
0.0230076
0.0219945
0.0461162
0.0213579
0.022054
0.0195652
0.219666
0.0781783
0.45003
0.613601
0.0211727
0.0212054
0.0209155
0.0210034
0.0213053
0.212632
0.026595
0.0207197
0.0203644
0.0208578
0.0345776
0.0238143
0.0247155
0.0235936
0.0213302
0.0218305
0.0516814
0.0696281
0.066544
0.0200339
1.012
0.0212055
0.0208606
0.0278685
0.0216824
0.0204256
0.0216945
0.570696
0.0211919
0.0238625
1.42904
0.0269995
1.22265
0.0272321
0.0212834
0.193659
0.0207287
0.0442958
0.0305445
0.070891
0.0214825
0.0211943
0.0271977
0.0206846
0.0218779
0.0201096
0.0219282
0.0213925
0.590325
0.0247575
0.568223
0.0250299
0.604084
0.0293568
0.288323
1.2531
1.75479
0.0208694
0.0229663
0.0207043
0.0205154
0.795939
0.0217606
0.0224498
0.0262209
0.229233
0.0639567
0.0205213
0.0206397
0.022069
0.0265994
0.0229177
0.0238182
0.0263234
0.0200839
0.0209227
0.0473392
0.0264921
0.0210394
0.0204257
0.0209081
0.0201517
0.354664
0.226448
0.021431
0.0210937
0.021963
0.0205281
0.0261712
0.0203376
0.0238157
0.0224011
0.214813
0.0209738
0.0210189
0.0213033
0.0898921
0.0479402
0.0207116
0.0294955
0.120641
0.0246047
0.0210806
0.021134
0.021319
0.0388957
0.241673
0.024219
0.259318
0.0247275
0.0198619
0.0207212
1.29775
0.0213239
0.0424645
1.32199
0.021259
0.0220874
0.0217601
0.0197639
0.0441555
0.0213198
0.0236487
0.0222673
0.10787
0.0705459
0.0217006
0.0212792
0.0213293
1.53112
1.08522
0.0258343
0.0217769
0.569322
0.0204516
0.0239623
0.0225132
0.0209575
0.0913336
0.0195848
0.611163
0.596082
0.0234219
0.0264226
0.0251889
0.0216204
0.0209792
0.946387
1.54162
0.0270861
0.0218952
0.021292
0.169483
0.344143
0.0205084
0.692435
0.117487
0.0204096
0.0218699
0.0204029
0.0211423
0.0226806
0.176421
0.266222
0.0224258
0.0215609
0.0218569
0.0210203
0.0204031
0.0399158
0.0229836
0.0202225
0.0225702
0.0207893
0.021822
0.0224982
0.0216901
0.0248117
0.0215172
0.0208932
0.024618
0.0208751
0.0211735
1.82193
0.021749
0.0302899
0.0209422
0.021239
0.0201359
0.0265724
0.0227479
0.248915
0.579302
1.64651
0.0214062
0.0213137
0.577633
0.0234657
0.020358
0.0224531
0.022517
0.0253448
0.0209512
0.0205207
0.0212556
0.0212582
0.0213033
0.0213375
0.0204326
0.027352
0.0255887
0.0218477
0.0274195
0.0288162
0.0231504
0.244904
0.23638
0.0211617
0.0206889
0.275575
0.283862
0.0390156
0.0238842
0.0214674
0.0215361
0.0212412
0.0210236
0.0209977
0.564677
0.0216403
1.42273
0.0261035
0.0245917
0.294467
0.0365174
0.175053
0.0218174
0.0502477
0.575591
0.0212266
0.0355351
0.240373
0.0195964
0.418027
0.384865
0.0212467
0.0205083
0.0217364
0.021791
0.0228792
0.0205069
0.0212897
0.0250753
0.0345127
1.5168
0.0211704
0.0204244
0.0245501
0.0215737
0.334055
1.27891
0.372564
0.0204543
0.0212183
0.0243131
0.0208744
0.0261685
0.0204781
0.0206118
0.0269221
1.31435
0.0212875
0.0213114
0.276
0.539702
0.020964
0.0240355
0.148588
0.325919
0.0212113
0.0233592
0.0468313
0.0504473
0.0223772
1.36283
0.0218814
0.0202412
0.0282711
0.0205903
1.24929
0.301769
0.0235525
0.596075
0.0207964
0.0225495
0.0212967
0.0215676
0.338074
0.0881972
0.0278796
0.0213205
0.0209975
0.167476
1.3286
0.0205668
0.0245937
0.0216076
0.0215002
0.0213091
0.0347055
0.0463139
0.0211621
0.0217497
0.0207409
1.35982
0.0213242
0.0224775
0.0305132
0.0249391
0.0214689
0.01969
0.0218376
0.0214117
0.0261847
0.156802
0.0205837
0.0364001
0.0206281
0.0429558
0.0221434
0.0211552
0.425909
1.61302
0.0216644
0.23094
0.0215592
0.0317549
0.0212728
0.0217203
0.0219688
0.0195682
0.0215358
0.0214365
0.0213822
0.0209413
0.0205681
0.0206181
0.0210699
0.604637
0.0215978
0.0248578
0.021347
0.0287882
0.0207099
0.0212495
0.0212871
0.0213068
1.1024
0.269509
0.0211002
0.560286
0.0223387
0.0629921
0.0386328
0.0211392
0.0691679
0.0876505
0.0215223
0.0213184
0.0216938
0.0228265
0.0255348
0.492358
0.0214923
0.0206038
0.0212966
1.44791
0.0216638
0.0989715
0.0223621
0.0222828
0.0347338
0.0215408
0.0204911
0.022359
0.0208732
0.0248252
0.615828
0.0269572
0.0209935
0.0213826
0.0619273
0.0240219
0.340364
0.0208697
0.0214583
0.563447
0.0195789
0.0205684
0.106524
0.0205343
0.0267217
0.021383
0.0211646
1.59959
0.0208664
0.0206603
0.0233593
0.0204141
0.0226493
0.0324536
0.0204317
0.0623038
0.0211499
0.0196172
0.0239464
0.0228642
0.0241791
0.152609
0.591016
0.0214968
0.0432228
0.264951
0.0341914
0.190091
0.0215544
3.527
0.0214215
0.0212987
0.0238782
0.31871
0.0216269
0.0228933
0.023522
0.0680983
0.0219765
0.0216668
0.0235451
0.0238845
0.0219916
0.0223649
0.0509042
0.0364595
0.025792
0.0228578
0.0222214
0.0212946
0.171892
0.0214077
1.41743
0.0212014
0.0317671
0.0227307
0.139534
0.230358
0.0736308
0.0215994
0.0228328
0.0224722
0.218283
0.338261
0.228804
0.185733
0.0208984
0.0871132
0.0204396
0.023239
0.021212
0.070422
0.0211804
0.026227
0.0213912
0.0209907
0.0216735
0.0216785
0.0211803
1.50113
0.0210492
0.0211727
0.0211655
0.338284
0.245451
0.0203327
0.0204021
0.318953
0.170393
0.0212808
0.0282132
0.0267383
0.362541
0.0212993
0.0223641
0.0211112
0.0214093
0.0215136
0.0226664
0.0230014
0.0279775
0.0440739
0.0223918
0.0214217
0.0566479
0.0226241
0.0207746
0.0238678
0.0402416
0.0211773
0.345586
0.0224732
0.0754915
0.0212945
0.0214555
0.0203339
0.0216639
0.0216027
0.0206184
0.0391794
0.020785
0.021301
0.0219046
0.248423
0.0213355
0.0213963
0.026978
0.0271608
0.0230429
0.0214023
0.141594
0.022533
0.0213418
0.0521927
0.0215546
0.0212435
0.0284537
0.0216647
0.357364
0.0209957
0.0216608
0.0669094
0.022043
0.0212843
0.0235446
0.0217481
0.0209642
0.0212561
0.308383
0.0211846
0.0218259
0.020735
0.0969029
0.023002
0.0206461
0.0209206
0.0288087
0.0236001
0.0207241
0.0210179
0.0212013
0.0210363
0.0207915
0.128839
0.0212736
0.0206873
0.259742
1.73933
0.020849
0.0225495
0.0213423
0.233248
0.188425
0.207709
0.0207827
0.0213826
0.0212945
0.0211794
1.02007
0.0231937
0.0209282
0.0215938
0.0267194
0.0214852
0.0219419
0.343688
0.108782
0.0213269
0.0212863
0.021152
0.0213954
0.0205675
0.0224924
0.0962874
0.020726
0.318288
0.0198761
0.0227317
0.0216571
0.0212942
0.0237869
0.212899
0.0213364
0.0218623
0.0196501
0.0216591
1.28607
0.102947
0.0279753
0.0212063
0.268038
0.112268
0.0219787
0.370058
0.0208756
0.24116
0.0233068
0.0243133
0.0219711
0.020917
0.0241849
0.0195741
0.0240249
0.0323857
0.3311
0.0212056
0.0534559
0.0212656
0.0539769
0.0242871
0.0205311
0.0878976
1.73967
0.0610427
0.0439526
0.0295586
0.0212558
1.68158
0.0214185
0.0218971
0.0213614
0.0222339
0.0213098
0.0332206
0.0198989
0.0222328
0.0212489
0.0218252
0.130597
0.0220329
0.0226734
0.404261
0.0212592
0.0355118
0.142744
0.0217398
0.0226467
0.0345192
0.0224127
0.0222103
0.0814894
0.0220371
0.0228205
1.46821
0.0250556
0.0220539
0.335185
0.0210995
0.184484
0.0221736
0.0922142
0.368248
0.0212094
0.349777
0.0211687
0.0217864
0.0215911
0.0195791
0.0261629
0.0212833
0.0219078
0.0204588
0.0201582
0.0197929
0.481009
0.170322
0.0228716
0.021988
0.0211842
0.0220069
0.0197229
0.0285694
0.0212922
0.214756
0.232674
0.0220267
0.0213267
0.0221998
0.038673
0.0224489
0.022227
0.0213382
0.0213792
0.0233289
0.043748
0.0208049
0.0224811
0.0224724
0.0214592
0.0212511
0.589799
0.0328078
0.505668
0.0215152
1.03003
0.0627784
0.0220353
0.599875
0.0224208
0.066191
0.405886
1.45708
0.0223405
0.0383784
0.021443
0.0213806
0.0212281
0.0216204
0.021286
0.0212679
0.0216617
1.57384
2.57042
0.309895
0.0224596
0.0215427
0.0221654
0.0213803
0.0216286
0.0225864
0.0205577
0.0221279
0.0222657
0.0205929
0.58894
0.0215436
0.0316575
0.021784
0.020968
0.0223936
0.0204862
1.70488
0.0984073
0.0221721
0.381965
0.0201289
0.537411
0.0215824
0.0225865
0.021644
0.0212721
0.0256873
0.0216937
0.0472035
0.0217139
0.0212782
0.334059
0.0214199
0.0234791
0.248126
0.217511
0.0222198
0.0268247
0.0205429
0.0885119
0.0502466
0.0213849
0.0366485
0.0214081
0.0217497
0.105972
0.0212245
0.105014
0.0220852
0.276908
0.0215112
0.273225
0.0195985
0.0221072
0.291475
0.0219303
0.592798
0.0262007
0.0369376
0.0458821
0.213871
0.03478
0.0199474
0.0214686
0.0215748
0.0212349
0.0214649
0.0203394
0.12719
0.0209242
0.0209631
0.0621593
0.0217135
0.0209011
1.30046
0.0202938
0.0220825
0.0209048
0.0219556
0.0836047
0.0227131
0.0226388
0.269629
0.596601
0.019807
0.0219467
0.0209552
0.0331509
0.0221409
0.563244
0.0222397
0.0229908
0.0221054
0.0823878
0.0245628
0.0213339
0.113535
0.0241593
0.0419812
0.0215643
0.0220855
0.0215991
0.0247871
0.116884
0.0372402
0.0219622
0.0354008
0.0209522
0.0204495
0.0216594
0.0213373
0.0204377
0.023556
0.0229927
0.526726
1.65577
0.0217378
0.230068
0.181776
0.0215135
0.0212868
0.0219914
0.55982
0.0263229
0.0309811
0.358644
0.0387967
0.0236341
0.261524
0.0218326
0.0224103
0.0222011
0.0214416
0.0660491
0.022234
1.70189
0.0309808
0.0240354
0.571802
0.0466528
0.0225933
1.72756
0.0216286
0.0214579
0.0213914
0.568151
0.0215045
0.0218341
0.021282
0.0228073
0.0215172
0.0569808
0.020571
0.23795
0.0295608
0.0574773
0.0223782
0.0651664
0.0220674
0.0864178
0.0214109
0.0216684
0.215765
0.0220965
0.0200069
0.0594215
0.0227033
0.0344149
0.0221522
0.0216054
0.125623
0.875098
0.0213653
0.0574865
0.0196358
0.0223171
0.0227126
0.0611674
0.581181
0.0217757
0.0216274
0.0226304
0.378197
0.0213377
0.0221645
0.0255163
0.0353546
0.0212568
0.0212693
0.0219492
0.38086
0.0214192
0.0212802
0.0198407
0.0213974
0.0212638
0.0632592
0.0220747
0.0803998
0.021028
0.0442761
0.147184
0.0221582
0.0472336
0.0211309
0.0214092
0.0208955
0.0213545
0.0229497
0.0220189
0.0217315
0.237802
1.31667
0.0212021
0.169436
0.0208932
0.0699693
0.024795
0.022259
0.171369
0.0216128
0.02159
0.0217714
0.0204651
0.0358146
0.257984
0.022527
1.70729
1.18806
0.100244
0.0214038
0.021787
0.0245579
0.0755116
0.115293
0.022243
0.0230863
0.0242014
0.0221222
0.574565
0.0296125
0.019681
0.0220811
0.0219277
0.0211695
0.0321791
3.37605
0.0221881
0.0214231
0.0209734
0.0213073
0.119185
0.0678569
0.020505
0.0375082
1.55933
0.020298
0.0218509
0.0239863
0.0215366
0.0426385
0.0214016
0.04334
0.0745818
0.0226933
0.0218056
0.0226214
0.0303662
0.0224722
0.0220281
0.54642
1.74562
0.151414
0.0218732
0.0204754
0.146
0.0211517
0.020819
0.23579
0.263847
0.0220465
0.0224265
0.0213924
0.0215215
0.277775
0.0204484
0.0228733
0.0204419
0.0210595
1.21765
0.0220752
1.70503
0.323489
0.0213625
0.0649747
0.023344
0.271678
0.0215049
0.0224187
0.0219471
0.0203223
0.0212785
0.58467
0.0632875
0.23708
0.02296
0.0214724
0.0224654
0.0213199
0.318238
0.219895
0.0217336
0.180242
0.615117
0.160106
0.0956915
0.0225555
0.0218863
0.0215317
0.0841747
0.0426201
1.28277
0.0631667
0.0213457
0.246394
0.1118
0.0210053
0.0211722
0.0210106
0.0214321
0.269503
0.113628
0.0210373
0.0211658
0.332696
0.02127
0.0413737
0.0214427
0.0211549
0.020332
0.0198151
0.118536
0.0196565
0.0224261
0.351171
0.0213049
0.362672
0.0205593
0.0214226
0.0215426
0.166678
0.0228325
0.0211484
0.573446
0.0334893
0.0204245
0.109479
0.0210097
0.235398
0.0228328
0.23064
0.147718
0.0893178
1.66252
0.0210995
0.0246526
0.260269
0.0225434
0.0227101
1.33025
0.354647
0.294785
0.0209443
0.578394
0.0278539
0.0210956
0.0355188
0.0214311
0.0244249
0.0209067
0.548778
0.0396468
0.12994
0.571519
0.0217673
0.0778616
0.379676
0.0217166
0.0199696
0.0366953
0.0226411
0.241552
0.0234235
0.0584383
0.986473
0.0212011
0.0223869
0.0284649
0.0216895
0.0324989
0.0243457
0.0223546
0.19167
0.0218012
0.0228752
0.0280902
0.0212955
0.268358
0.0247548
0.0616082
0.0213534
0.384585
0.0211336
0.0225746
0.0238244
0.0213073
0.0213761
0.578588
0.0293366
0.0328604
0.0238164
0.0210056
0.021377
0.0210656
0.0214624
0.0222908
0.0213974
0.122844
0.0288052
0.0224415
0.0202344
2.15132
0.0228421
0.0206669
0.0208266
0.0797569
0.02375
0.032548
0.0225695
0.0213503
0.0213065
0.389237
0.0215101
0.0271979
0.0221936
0.0201596
0.0228202
0.0912003
0.0232555
0.0213711
1.35635
0.0224038
0.0212936
0.0215257
0.0219178
0.332583
0.244449
0.0279771
0.0221918
0.0208084
0.336768
0.0723188
0.0223586
0.297505
0.0212703
0.285824
0.0270073
0.0203771
0.0221018
0.0208465
0.0214869
0.0210067
0.159947
0.0229406
0.0223125
0.0216867
0.0209175
0.0224008
0.107458
0.0218935
1.33304
0.382198
0.177909
0.0221831
0.0209192
0.021051
0.0213916
0.0615682
0.0356693
0.0222598
0.0219804
0.0216683
0.0216357
0.0214251
0.0268768
0.021346
1.79211
0.0211656
0.0253892
0.0215181
0.0217978
0.0222511
0.0230736
0.021337
0.0885489
0.252039
0.0213372
0.0222405
0.0213426
0.0208989
0.339892
0.0214524
0.0210387
3.62037
0.116322
3.39571
0.0215821
0.300903
0.0213812
0.0213674
0.022209
0.240204
0.372689
0.0220908
0.338441
0.0219048
0.0224322
0.0394108
3.70688
0.0215461
0.0220284
1.60055
0.0213339
0.0217807
0.172161
2.43932
1.70759
0.0217031
0.0212253
0.0212134
0.579516
0.0661658
0.0214126
0.0221174
0.0226226
0.0214791
0.0215958
0.0214456
0.0229363
0.0321483
0.0415632
0.021307
0.199551
0.0209347
0.351842
0.0256276
0.0213168
0.0340799
1.83963
0.582957
0.0215578
0.0221541
0.0248121
0.0212548
0.0243131
0.0209173
0.0578015
0.0369316
0.0216752
0.0452216
0.0228899
0.0214161
0.0469716
0.0215245
0.230893
0.0214683
0.0217122
0.564251
0.0295705
0.0237646
0.0216789
0.0234108
0.307135
0.309072
0.0214934
3.38665
0.0339554
0.0226832
3.2295
0.0216289
0.0243132
0.0218666
0.0235733
0.0282928
0.0213051
0.021707
0.0214004
)
;

boundaryField
{
    frontback
    {
        type            empty;
    }
    topbottom
    {
        type            fixedValue;
        value           uniform 0.0223;
    }
    outlet
    {
        type            zeroGradient;
    }
    inlet
    {
        type            fixedValue;
        value           nonuniform List<scalar> 0();
    }
    walls
    {
        blending        binomial2;
        n               2;
        beta1           0.075;
        type            omegaWallFunction;
        value           nonuniform List<scalar> 0();
    }
    procBoundary3to1
    {
        type            processor;
        value           nonuniform List<scalar> 
147
(
1.72498
0.143817
0.65531
0.895648
0.794714
2.2959
2.47548
0.782251
0.48163
2.90198
0.477857
3.39651
0.284031
0.298174
0.261755
1.23169
0.236553
0.393801
0.320168
0.311885
1.28399
2.39477
1.66117
0.471008
0.685363
0.597754
1.00633
0.403771
0.253791
0.287857
3.31303
3.31303
0.269847
2.30658
0.360962
0.277254
0.768013
0.53882
1.05085
0.151794
0.297099
0.242881
0.233223
1.64233
1.23937
0.109878
0.242881
1.71941
0.269916
0.297761
0.218392
0.292822
0.316319
0.345457
0.341455
0.219662
0.244076
0.262977
0.215172
0.297062
0.279796
0.278384
0.242733
0.244008
0.333485
0.345282
0.249812
0.295653
0.264408
0.206393
0.236444
0.270309
0.401718
0.401493
0.341767
0.383878
0.294864
0.342711
0.189477
0.401447
0.387953
0.335459
0.398552
0.196605
0.264367
0.353817
0.394791
0.459795
0.337429
0.259584
0.469015
0.477857
0.264367
0.417005
0.276694
0.0992273
0.275462
0.558169
0.467792
0.0817854
0.19962
0.322283
0.113807
0.533221
0.604324
0.573837
0.593232
0.45265
0.602443
0.593232
0.499545
0.206831
0.293084
0.645762
0.601854
0.189379
0.126962
2.127
0.267132
0.126962
0.748
0.2611
0.664644
0.721657
0.789312
0.505083
1.18315
0.855328
0.348895
1.87206
2.127
1.83324
2.04529
1.79245
0.924595
1.99844
2.89527
3.54848
0.258345
1.32247
0.11594
1.77649
1.32247
0.240901
0.236527
3.37883
0.333485
)
;
    }
    procBoundary3to2
    {
        type            processor;
        value           nonuniform List<scalar> 
73
(
0.0221983
0.0221316
0.0214541
0.0214343
0.0367925
0.0340644
0.0230807
0.0710143
0.0504032
0.126986
0.0220178
0.0219274
0.150957
0.0217133
0.0220178
0.0299866
0.0318983
0.0340644
0.0215204
0.0244872
0.0251642
0.0214046
0.0220998
0.0218424
0.0236419
0.108964
0.0947111
0.021773
0.021443
0.0227578
0.0576318
0.0260572
0.0214275
0.0216634
0.0215034
0.0318983
0.0239545
0.0225287
0.0219274
0.0216189
0.179824
0.179824
0.0283955
0.0214085
0.0214832
0.0214022
0.0448912
0.0214199
0.0215567
0.0823436
0.150957
0.0215834
0.0424064
0.0214052
0.41904
0.227512
0.0223354
0.0234929
0.227512
0.41904
0.0214661
0.0214137
0.0652803
0.0381926
0.0271219
1.2192
1.96762
0.0823436
0.0214402
0.0214948
3.78243
3.253
0.0215314
)
;
    }
}


// ************************************************************************* //
