/*--------------------------------*- C++ -*----------------------------------*\
| =========                 |                                                 |
| \\      /  F ield         | OpenFOAM: The Open Source CFD Toolbox           |
|  \\    /   O peration     | Version:  v2012                                 |
|   \\  /    A nd           | Website:  www.openfoam.com                      |
|    \\/     M anipulation  |                                                 |
\*---------------------------------------------------------------------------*/
FoamFile
{
    version     2.0;
    format      ascii;
    class       volScalarField;
    location    "450";
    object      omega;
}
// * * * * * * * * * * * * * * * * * * * * * * * * * * * * * * * * * * * * * //

dimensions      [0 0 -1 0 0 0 0];


internalField   nonuniform List<scalar> 
9793
(
0.0670961
0.229365
0.0606983
0.0210232
1.67658
0.0231577
0.0220542
0.0207971
0.0215986
1.70857
0.049846
0.0649967
0.0210765
0.0204639
0.023155
0.0203759
0.0218817
0.0235003
1.32347
0.0204393
0.148857
0.0230298
0.354092
0.0196408
0.0220842
0.0211883
0.0207336
0.0210982
0.0386548
0.0215877
0.0331409
0.311929
0.406334
0.0221073
0.0428726
0.912799
0.0226971
0.0230121
0.0208908
0.0211393
0.0327139
0.0231762
0.0223102
0.0221819
0.022326
0.0214038
0.0415037
0.122968
0.0559641
0.0209931
0.043989
0.0536305
0.023376
0.0216289
0.114259
0.390088
0.0214446
0.0833473
0.649855
0.0208786
0.0218507
0.0232556
0.292242
0.0219662
1.78911
0.32852
0.388168
0.239319
0.0608045
0.0489804
0.117116
0.0209244
0.0211673
0.258194
0.0486221
0.675334
0.0214386
0.0210799
0.0224121
0.0213504
0.271375
0.0223427
0.23712
0.038653
0.0300641
0.0208915
0.0216254
0.0214343
0.0227006
0.0227069
0.229122
1.27132
0.0205161
0.253268
0.0229419
0.03853
0.361022
0.233964
0.0204653
0.0203181
0.0202981
0.0222182
0.020448
0.0204295
0.0210672
0.0297135
0.0225335
0.0219205
0.0229971
0.273259
0.0211071
0.0810491
0.021424
1.22952
0.0531874
0.021448
0.432577
0.0469245
0.022837
0.200237
0.267147
0.0226246
0.0213448
0.0234817
0.0219202
0.111151
0.0362846
0.0276058
0.0229186
0.0211775
0.0215123
0.021444
0.0211805
0.0223097
0.0215615
0.021432
0.0223376
0.0219909
0.0214155
0.0199938
0.0213335
0.0219279
0.021246
0.0203263
0.0205365
0.021415
0.252925
0.0203345
0.0204404
0.777351
1.67758
0.0214935
1.6392
1.7017
0.0204098
0.0220817
0.020756
0.0218068
0.020312
0.0211897
0.0208035
0.0211051
0.0202228
1.34695
0.251486
0.276976
0.0704032
0.0251984
0.0205728
0.0215071
0.0212794
0.608799
0.244781
0.610878
0.0218616
1.36524
0.0214408
0.0196158
0.0212055
0.0263669
0.809419
0.0222773
0.020328
0.0219534
0.745841
0.0211503
0.0920795
0.0211996
0.0213206
0.0202333
0.0218693
0.0213354
0.0338947
0.0940535
0.172795
0.0261157
1.17491
0.0214088
1.64899
0.0200728
0.0215525
1.40483
0.63517
0.0211816
0.0214412
0.0208732
0.48508
0.0202625
0.0275755
0.0224034
0.0290831
0.0361701
0.0592393
0.0216567
1.51457
0.0206479
0.021646
0.752836
0.0209089
0.0836049
0.0576203
0.0213798
0.0219283
0.0213377
0.0414167
1.38916
0.0231663
0.0203943
0.0586815
0.0421851
0.0196733
0.0196337
0.022349
0.0202336
0.0405421
0.0763908
0.0213966
0.0211685
0.19479
0.0219636
0.0272999
0.0204684
0.0211042
0.379125
0.0211184
0.0204357
0.0207855
0.0217812
0.0204711
0.0219357
0.0217705
0.023693
0.049723
0.0384131
0.0210448
0.0236673
0.0212544
0.0239555
0.0233381
0.0202443
0.3308
0.021141
0.0494003
0.0217523
0.0255906
0.0200161
0.0198804
0.0290187
1.38335
0.0222856
0.0202725
0.020042
0.0258645
0.0214
0.229244
0.228821
0.0211863
0.14297
0.0213796
0.0384984
0.0216887
0.0197136
0.022369
0.0210064
0.0362335
0.0213757
0.0217687
0.0247505
0.0211363
0.0214325
0.0214044
0.427559
0.0225079
0.0228235
0.0215674
0.0222867
0.02207
0.0252208
0.0212514
0.937888
0.0204163
0.0752101
0.46941
0.0223452
0.022165
0.0203031
0.0265591
0.0240005
0.021587
0.0646559
0.0217914
0.0202872
0.024152
0.0219226
0.0215688
0.0222916
0.0355853
0.0211105
0.0250998
0.0224576
0.0210105
0.252847
1.55297
0.257809
0.0204639
0.464835
0.0221781
0.597981
0.0531879
0.0201039
0.0230499
0.0527352
0.0219059
0.0258261
0.0574844
0.02076
0.0221729
0.0215321
0.021222
0.0212208
0.18861
0.0212026
0.0209964
0.939967
0.0219809
0.0203381
0.0204011
0.0223831
0.0207741
0.701991
0.0219883
0.0213932
0.0217381
0.0222014
0.542111
0.0216023
0.0322877
0.0196332
0.0332907
0.126247
0.0923163
0.0352398
0.0223291
0.0231659
1.563
0.0218875
0.327024
0.0220165
0.0202899
0.471718
0.025563
1.53884
0.0213971
0.0430103
1.09889
0.0233318
0.0211231
0.422739
0.0249959
0.253038
0.0236907
0.0215733
0.782855
0.0212817
0.0223029
0.0219427
0.0214201
0.0207514
0.0216026
0.023298
0.551512
0.0217622
1.95256
0.138429
1.56725
0.0424535
0.253919
0.0210625
0.0215312
1.42426
0.102924
0.0205187
0.0218538
1.15155
0.0200339
1.32556
0.0211961
0.0233208
0.0200161
0.0302512
0.0211959
0.0254779
0.193638
0.0202902
0.379442
0.0278211
0.022075
0.0275335
0.0217784
0.0223317
0.0211242
1.35291
0.021353
0.0215918
0.0568756
0.0215536
0.0233048
0.0221785
0.0201933
0.0270829
0.0212036
0.0216036
0.0199643
0.357981
0.020976
0.353372
0.0215183
0.347833
0.0232605
0.0217082
0.0225839
0.0217629
0.704064
0.021395
0.108066
0.0202702
0.0212997
0.0222913
1.18441
0.034964
0.122985
0.0257607
0.0234184
0.021269
0.0370481
0.0268651
0.0293193
0.232683
0.207864
0.0216772
0.024262
0.0431044
0.021352
0.0226691
0.0213306
0.0204395
0.0222349
1.03147
0.0254937
0.764243
0.020463
0.0269101
0.0195933
0.0219328
0.0216536
0.022376
0.0373665
0.0216382
0.0231533
0.0200197
0.0214361
0.023774
0.248718
0.0212604
0.0212666
0.459097
0.0245273
0.0219943
0.385021
0.1961
0.0216928
0.0221548
0.022422
0.0238117
0.0216212
0.0225861
0.0222019
0.02153
0.0212869
0.021064
0.252456
0.0544222
0.0207641
0.722037
0.0309593
0.0203861
0.0225183
0.0224353
0.0686525
0.0216702
0.140528
0.0201275
0.0211216
0.0462631
0.0213095
0.0310895
0.476564
0.0257579
0.0203764
1.80712
0.0243023
0.0205885
0.0212728
0.0501743
0.0209304
0.0205683
0.0212734
0.020924
0.385715
0.0406054
0.0302191
0.022795
0.0212246
0.0210533
0.0215106
0.0210037
0.0212905
0.0547455
0.0993882
0.0200606
0.0236921
1.53388
0.0214183
0.0519874
0.0331059
0.0208829
0.0526884
0.779386
0.0213938
0.12547
0.0197381
0.882393
0.0245352
0.66663
0.0211399
0.0210821
0.0219054
0.232666
0.0232611
0.498873
0.265458
1.90567
0.0319843
0.118415
0.0292251
0.023186
0.0288061
0.0234067
0.310438
0.0215966
0.578672
0.0199482
0.256476
0.0221924
0.0219834
0.0210326
0.136356
0.0199862
0.0208821
0.0222966
0.0226486
0.0259771
0.0211816
0.021273
0.0213855
0.0213577
1.36222
0.0209897
0.207801
1.31971
0.0210018
0.0220091
0.0275323
0.0218529
0.021324
0.0218353
0.0234143
0.0245342
0.0222277
0.0226549
0.0205152
0.0228068
0.0221664
0.0240348
0.0218706
0.0225006
0.216858
0.0213763
1.45596
0.0246328
0.0221813
0.0212837
0.0207476
0.0235153
0.0240721
0.0211005
0.0213166
0.0195642
0.021081
0.0212883
0.0211798
0.0234765
0.0198794
0.0219833
0.0222836
0.0215763
0.0233354
0.0222851
0.0298619
0.0225553
0.0210352
0.0212935
0.0205622
0.020098
0.0210889
0.0201612
0.0209773
0.0213831
0.0199785
0.0315108
0.0211642
0.0224315
0.0213606
0.556864
0.0210474
0.0200078
0.0489786
0.0197106
0.0218064
0.146032
0.0221174
0.0226575
0.0215553
0.0836237
0.0207577
0.0460436
1.87798
0.480531
0.183525
0.0217199
0.0213697
0.22587
0.0234978
0.0199812
0.255062
0.515572
1.45585
0.021304
0.0539996
0.0213724
0.0213535
1.21198
0.021194
0.572265
0.0227808
0.0540462
0.0210185
0.0232277
0.0221085
0.136467
0.121588
0.0212412
0.0224288
0.0261555
0.0209694
0.0236141
0.0461616
0.242065
0.0211107
0.103709
0.0234647
0.41794
0.0678566
0.444918
0.242802
0.0215175
0.0281965
0.105887
0.0210485
0.0211672
0.0223553
0.0223803
0.0199647
0.685361
0.0199546
0.213651
0.0229233
0.0355448
0.0488059
0.0215285
0.111629
0.572319
0.0218704
0.746227
0.027633
0.0667573
0.0199733
0.0196997
0.334424
0.0214414
0.122451
0.0209908
0.236873
0.0205205
0.187797
0.329669
0.0214912
2.16099
0.0214313
0.0223745
0.0329088
1.29426
1.26806
0.0201454
0.020544
0.0200269
0.478734
1.0085
0.0229228
0.0249351
0.0789596
0.0200002
0.0210073
0.0224403
0.563476
0.025744
0.0215433
0.0210411
0.020838
0.1432
1.32812
0.221513
0.0205719
0.0209389
0.598864
0.0211797
0.714516
0.0381917
0.227862
0.277872
0.239148
0.0208782
0.0215342
0.0231674
0.0221491
0.0242525
0.0212235
0.0536297
0.22896
0.0204538
0.585987
0.0208279
0.607002
0.0216716
0.274008
0.0245139
0.0246993
0.0211344
0.0217656
0.0820653
0.316935
0.129321
0.0214908
0.0307496
0.0214339
0.0226228
0.0234775
0.387938
0.0245707
0.0668417
0.0208667
0.0265825
0.0212138
0.0199058
0.0220949
0.0209681
1.74457
0.0211552
0.0226965
0.0226254
0.0219284
0.019957
0.0472993
0.0217832
0.0220942
0.0208942
0.0210192
0.227072
0.0210591
0.0790685
0.0204701
0.110242
0.0210258
0.544469
0.0212118
0.0663916
0.0216662
0.0214871
0.0208949
0.277666
0.220372
0.605303
0.1583
0.645246
0.0214292
0.0230404
0.233307
0.0200342
0.315275
0.320942
0.0476425
0.0887401
0.0225863
0.243884
0.0243369
0.342963
0.230978
0.0225289
0.0216277
0.230803
0.872568
0.0242545
0.0234889
0.0212084
0.0225944
0.0322758
0.0210717
0.0200901
0.0222057
0.197634
0.0328383
0.0232498
0.457467
0.0209141
0.0201675
0.260851
1.39731
0.033288
0.0220793
0.178122
0.0205739
0.0200244
0.44475
0.0199707
0.0224497
0.250935
0.261947
0.0217797
0.59912
0.130901
0.0586984
0.273341
0.340172
0.0225366
0.0489041
0.0217829
0.0208554
0.0213727
0.0218328
0.0218178
1.09936
0.0223583
0.455304
0.0211755
0.036057
0.0219244
0.0331374
0.0246487
0.0217701
0.0382184
0.0211427
0.0200816
0.0661389
0.0226813
0.0277238
0.0218085
0.0200891
0.244897
1.35323
0.0238235
0.0195886
0.0195644
0.0210383
0.0227896
1.45042
0.0660329
0.269764
0.0303518
0.327691
0.0217004
0.0276987
0.025639
0.0234155
0.0865222
0.0211488
0.0210316
0.390832
0.0321431
0.650044
0.0210907
0.467694
0.28968
0.0243601
0.0367617
0.0232552
1.47276
0.0215637
0.0243672
0.23829
0.0242589
0.0211054
0.155413
0.0217375
0.0205308
0.0210106
0.157139
0.0218225
0.025135
0.371205
0.0354003
0.0247477
0.0306752
0.0510666
0.190951
0.0471079
0.0200879
0.0215412
0.0220745
0.0245998
0.0213974
0.644646
0.242423
0.0232778
0.611904
0.172523
0.282029
0.0215692
0.241891
0.0212627
0.269246
0.0627438
0.0206814
1.28716
0.213988
0.0208663
0.0214937
0.0214499
0.208438
0.608196
0.0256361
0.0407015
0.108912
0.206545
0.516114
0.254674
0.0217915
0.0213974
0.906443
0.483374
0.0211152
0.0213882
0.0201705
0.0218368
0.021628
0.0242872
1.38404
0.0213312
0.0243912
0.41266
0.0217098
0.0217894
0.0241582
0.63476
0.0215509
0.0247192
0.0452261
0.0218671
0.0200771
0.0219304
0.0209263
0.0224936
0.33692
0.188376
0.0218528
0.0253159
0.0255533
0.209734
0.021359
0.0234714
0.0223278
0.0218229
0.244559
0.0223425
0.0223432
0.0256296
0.0224067
0.0217627
0.0248638
0.0212326
0.0819987
0.0215172
0.0210596
0.609083
0.0211192
0.268928
0.0268394
0.0209894
0.582632
0.0241015
0.0298798
0.163011
0.0202625
0.505755
0.0209959
0.0213862
1.07562
0.575204
0.0202817
0.0215045
0.0207433
0.0216833
0.070246
0.0222527
0.0217193
0.0221739
0.0224356
0.0220226
0.0213479
0.0203288
0.0209734
0.0211938
0.0798423
0.0239589
0.0200488
0.0368187
0.0224364
0.512188
0.168378
0.031058
0.0214873
0.0212523
0.0627874
0.0233228
0.0214604
0.0217664
0.310441
0.112107
0.0213692
0.0198442
0.0581972
0.0449178
0.019688
0.331179
0.0348098
0.0215338
0.0218855
0.0403942
0.0216276
0.0281394
0.266188
0.0221341
0.0544835
0.0555283
0.0217902
0.0198499
0.0213621
0.0198591
0.0198433
0.1135
0.0211166
0.0471072
0.0412414
0.0198482
0.0219347
0.0303571
0.0217213
0.0216838
0.0213898
0.0226814
0.362269
0.0198556
0.021514
0.327609
0.0226978
0.02163
0.0251611
0.0211349
0.0216551
0.0212088
0.0215065
0.0232487
0.0218246
0.0807133
0.0526168
0.0198631
0.0214296
0.0198576
0.0750147
0.0210292
0.0241762
0.0213135
0.0202379
0.0258983
0.020438
0.0279623
0.0214123
0.0204535
0.251956
0.37096
0.0217756
0.021632
0.0209721
0.306795
0.062341
0.0213919
0.386642
0.260818
0.0220805
0.0983307
0.3184
0.0235233
0.315172
0.0405617
0.540961
0.0212148
0.0301804
0.0813201
0.020399
0.24966
0.856317
0.0213898
1.65622
2.74033
0.0240312
0.301398
0.019868
0.0257842
0.0405829
0.0212513
0.23621
0.0198895
0.0373682
0.0547505
0.0198574
0.0512496
0.0219195
0.0219744
0.030469
0.0234797
0.225978
1.33806
0.0201167
0.0236904
0.454327
0.0207463
0.0242244
0.0208326
0.331154
0.305051
0.0214793
0.0217316
0.0244729
0.348409
0.602548
0.0274468
0.0198709
0.0209125
0.814035
0.535969
0.321788
0.0228193
0.022972
0.0250244
0.0200687
0.0224379
0.0245255
0.0231774
0.020923
0.0244068
0.327611
0.207718
0.0209857
0.153238
0.023969
0.14132
1.34585
0.0384752
0.2023
0.129612
0.0198816
0.101912
0.109023
0.0868787
0.253579
0.0213083
0.109546
0.222645
0.0383893
0.0245468
0.256749
0.258986
0.0211025
0.0246423
0.0239988
0.0212312
0.0623737
0.0212962
0.0221146
0.0206697
0.0199112
0.021857
0.0213747
0.0226976
0.0248457
0.237211
0.024485
0.219622
0.0208447
0.025623
0.0215785
0.207904
0.552087
0.0212049
0.040525
0.0221133
0.0202456
0.0213001
0.0202168
0.0211026
0.0801727
0.0216275
0.0501525
0.0216499
0.0209603
0.330953
0.0225173
0.0218402
0.0211433
0.0213218
0.292274
0.0621067
0.470381
0.166353
0.631266
0.0215401
0.0217713
0.0218309
0.0237536
0.0404658
0.0715695
1.27233
0.0209947
0.0382547
0.0221485
0.0438207
0.682459
0.0242398
1.42834
1.50772
0.0227594
0.0363903
0.0209353
0.0413654
0.0233927
0.0779362
0.0396749
0.0199008
2.70252
0.160001
0.0216818
0.0227528
0.0219118
0.16405
0.0218631
0.0217467
0.303263
0.0208271
1.29144
0.0268556
0.0239625
0.0221319
0.0218229
0.0443073
0.0211656
0.182311
0.0240011
0.021322
0.0207564
0.0443987
0.022611
1.2684
0.0229637
0.0245307
0.0243375
0.0597966
0.0229139
0.0213613
0.259112
0.0217118
0.0204325
0.15158
0.262705
0.0244619
0.0205557
0.0226744
0.890878
0.051717
0.0211668
0.0187536
0.0210427
0.0821069
0.0837714
0.0219563
0.02114
0.0770368
0.0209782
0.0207638
0.0213772
0.0720052
2.18069
0.0307741
0.0242858
0.0218074
0.0220564
0.291622
0.030854
0.0217583
0.0217418
0.0210637
0.0696357
1.49499
1.38596
0.0212423
0.117827
0.0202473
0.0201964
0.0231373
0.0220048
0.037003
0.0213581
0.0920721
0.166385
2.46555
0.0237631
0.0215226
0.0215588
0.0352766
0.020653
0.0213479
0.0319324
0.0215196
0.0212835
0.0222526
0.024326
0.0200252
1.0803
0.0388737
0.0241021
0.0232899
0.0489406
0.0230882
1.65759
0.0213764
0.0212698
0.0215068
0.0210776
0.0214854
0.0209232
0.109259
0.0784987
0.0216027
0.0221212
0.021316
0.0240422
0.0229787
0.0537091
0.0220936
0.296305
0.021312
0.021884
0.0214683
0.0685495
0.0215089
0.375963
0.0215038
0.0215461
0.0195703
0.502693
0.0230334
0.122068
0.686994
0.0219927
0.0215002
0.0211539
0.0214146
0.0284833
0.0220522
0.0243617
0.586667
0.021604
0.0467431
0.085196
0.0232704
0.0879547
0.0215765
0.0233035
0.0210055
0.0203847
0.02026
0.0213624
0.256351
0.0748972
0.0208498
0.374526
0.0501393
0.0212597
0.283089
0.0203597
0.0317755
0.0222321
0.0210404
0.18965
0.0215127
0.0226934
0.0238772
0.0569758
0.0676457
0.0220043
0.0209911
0.0224889
1.73939
0.602583
0.0349555
0.0260286
0.021478
0.0214203
0.139384
0.021856
0.0278258
0.0545989
0.228496
0.0214937
0.0336277
0.0215391
0.0218419
0.0310448
0.0292376
0.0300245
0.0221329
0.0219136
0.0251806
0.336219
0.0439903
0.020428
0.0245677
0.0807427
0.0232674
0.036775
0.0216543
0.0217715
0.0213494
0.0365603
0.605247
0.0499845
0.0215075
0.226814
0.0240927
0.0257648
0.0215295
0.0213512
0.0213678
0.0202466
0.0537805
0.0242975
0.0224019
0.0220954
0.0213691
0.0214808
0.150803
0.0214174
0.021404
0.0218118
0.428465
0.0930883
0.0214642
0.021235
0.0214965
0.265497
0.0221048
0.109713
0.0214997
0.0502117
0.0214713
0.0217643
0.0412887
0.0217286
0.0304521
0.0217478
0.0214592
0.0203737
0.0225887
0.140007
0.0219164
0.0220212
0.257055
0.0216256
0.0224142
0.0220757
0.0216532
0.0213456
0.0220104
0.0498621
0.0207769
0.0208373
0.0209597
0.331377
0.0238562
0.314956
0.0215446
0.0217854
0.0594381
0.262746
0.2656
0.0252876
0.029838
0.237126
0.0215402
0.312641
0.0222771
0.100727
0.02099
0.164687
0.185827
0.0195832
0.0235211
0.0226537
0.0224156
0.0200537
0.0606045
0.0209092
0.24856
0.0217132
0.0214014
0.0218239
0.0200686
0.0218426
0.103331
0.0213629
0.021151
0.0211542
0.0216873
0.0213823
0.302729
0.341369
0.0711083
0.0215382
0.0205448
0.0235445
0.0214985
0.0213409
0.0938054
0.0372578
0.0227815
0.0213247
0.56072
0.0226914
0.588562
0.333594
0.0227996
0.0203346
0.0212895
0.0311864
0.442873
0.0216844
0.0212355
0.0440346
0.108827
0.0412472
0.508324
0.0213189
0.0240611
0.0238306
0.0199846
0.0217871
0.337369
0.374686
0.99644
0.0212795
0.580423
0.0217731
0.0215399
0.0245168
0.0219587
0.0245153
0.0319516
0.0212531
0.0214952
0.0213596
0.020897
0.0199894
0.0212027
0.0245849
0.26226
0.026043
0.0195715
0.0200097
0.0212767
0.021871
0.0213526
0.131639
0.0220076
0.0220584
0.0219717
0.257774
0.0212605
0.0231601
0.0563833
0.0213112
0.0212969
1.03337
0.0213063
0.0213678
0.021232
0.17511
0.0268243
0.0361529
0.0218253
0.648063
0.0204308
0.0201827
0.0204404
0.0212732
0.0357079
0.0212783
0.0216859
0.0396063
0.021375
0.345738
0.0247996
0.0280389
0.0217822
0.191737
0.0299427
0.0215116
0.0211434
0.0220259
0.0215836
0.0213441
0.337324
0.0209802
0.0440834
0.0211873
0.0218602
1.41176
0.0210963
1.32021
0.0717244
0.02132
0.0536743
0.0211698
0.0219077
0.02126
0.0218142
0.0207537
0.0213556
0.0213481
0.0214506
0.101543
0.0215251
0.0209756
0.021862
0.0208145
0.0212226
0.0212252
0.021427
0.0205447
0.0213117
0.0213082
0.0213787
0.0212752
0.0219572
1.11853
0.0214312
0.0219689
0.042823
0.275903
0.020434
0.0266217
0.020996
0.0217098
0.0213065
0.0216009
0.6166
0.272874
0.0211242
0.0228541
0.22328
0.021616
0.0234281
0.62272
0.0199962
0.268827
0.0215004
0.0540133
0.0238627
0.236316
1.43894
0.422818
0.0210066
0.0211294
0.0202455
0.0243249
0.0532185
0.0226072
0.054084
0.149767
0.0213844
0.373963
0.0415711
0.0221447
0.0204177
0.0310142
0.0299536
0.0213324
0.0210511
0.0205668
0.0242807
0.0241882
0.0246298
0.0241015
0.0244325
0.49536
0.0211152
0.0213272
0.0211733
0.20562
0.0244624
0.0245387
0.146592
0.182092
0.0732801
0.0210727
0.0243311
0.0212408
0.0321981
0.0213598
0.0221079
0.0416216
0.0247369
0.0478754
0.019927
0.26874
0.0338705
0.0771044
0.249878
0.578861
0.0211446
0.0213488
0.0213395
0.0546382
0.0214202
0.020894
0.0213441
0.0283335
1.31473
0.236192
0.0242114
0.0261562
0.0726703
0.0349852
0.274215
0.0414422
0.0397297
0.0353138
0.123153
0.26307
0.0211241
0.0211372
0.0211699
0.0471294
0.0270604
0.0408823
0.0209608
0.0212603
0.0213215
0.177589
0.0211943
0.02127
0.0210841
0.0321958
0.0209661
0.0211766
0.020349
0.0252765
1.1723
0.0276809
0.0239818
0.0215227
0.284765
0.0272237
0.0202345
0.0213293
0.0329351
0.24403
0.0216147
0.02169
0.162884
0.0212212
0.021025
0.0209834
0.021603
0.0410433
0.0210174
0.0215711
0.0211362
0.0217118
0.0212972
0.0211704
0.0210721
0.0212802
0.0214463
0.0381506
0.0212506
0.0207049
0.0438644
0.0506537
0.0354297
0.0574335
0.0209999
0.14386
0.0212914
0.0323618
0.0211061
0.0530111
0.0211772
0.0212407
0.0201637
0.0500306
0.0245425
0.0212192
0.496223
0.0212864
0.0201614
0.0213022
0.0220517
0.0263825
0.0209775
0.681175
0.0214717
0.0574121
0.0380817
0.0214855
0.031077
0.0210166
0.0206929
0.0212023
1.30958
0.0271972
0.027212
0.0374194
0.217672
0.0256489
0.0395519
0.0246245
0.0213402
0.0198306
0.172492
0.0449747
0.0209939
0.0339039
0.0209328
0.0210446
0.436274
0.0205517
0.021328
0.0893565
0.0391181
0.692396
0.0213964
0.0210585
0.0283733
0.0209576
0.0203447
0.25377
0.0212867
0.0316129
0.802952
1.02553
0.0213381
0.0223352
0.0211435
0.0200526
0.0311286
0.0216077
0.0214085
0.0321641
0.0207244
0.0315955
0.0214534
0.0225184
0.0238919
0.541476
0.0243623
0.0218846
0.150718
0.264621
0.0213367
0.0443564
0.0217879
0.0213184
0.0214716
0.0210017
0.0241319
0.069893
0.0334061
0.0212394
0.0242346
0.0220135
0.01977
0.0210688
0.0214055
0.0249874
0.020824
0.0212242
0.0221699
0.0216084
0.672835
0.0213715
0.0223524
0.0449205
0.0225811
0.020245
0.268805
0.458545
0.658321
1.16464
0.0580271
0.0206121
0.0221796
0.494946
0.178618
0.191189
0.314646
0.281539
0.0214926
0.291187
0.697588
0.0215774
0.0374477
0.0219533
0.678562
0.108085
1.31075
0.0220502
0.0210305
0.0438494
0.0213734
0.0215222
0.180906
0.145922
0.0213507
0.0214237
0.021166
1.32137
0.0211369
0.0210995
0.021241
0.0210176
0.0210374
0.0232873
0.0218636
0.0209756
0.0215378
0.0292432
0.415859
0.635897
0.0213407
0.0211947
0.0227038
0.021318
0.021012
0.0211368
1.45827
0.0212991
0.0331449
0.021152
0.0216781
0.0203241
0.0213722
0.51552
0.22408
0.0205696
0.0219855
0.266489
0.638488
0.165427
0.68991
0.0214076
0.0293014
0.021133
0.0197565
0.021151
0.0201806
0.0210907
0.0212572
0.0216681
0.110585
0.0199927
0.261423
0.649678
0.0200468
0.052784
0.0379541
0.0219479
0.0211469
0.0212135
0.0214252
0.0210662
0.25648
0.0198593
0.0211169
0.480295
0.0211272
0.0213073
0.0209946
0.0483549
0.0213845
0.0213711
0.596596
0.0207105
0.0206402
0.021135
0.0293362
0.0212632
0.019639
0.0211217
0.0200341
0.569929
0.253274
0.0210576
0.173836
0.0198079
0.0212913
0.022523
0.316131
0.105378
0.0200243
0.0239675
0.021329
0.021178
0.0211532
0.021117
0.22921
0.259875
0.0213696
0.021908
0.0374423
0.0209715
0.0211006
0.0244277
0.0266189
0.591196
0.0213801
0.0237599
0.155356
0.0211528
0.0240624
0.054995
1.39064
0.0207826
0.0209622
0.0213529
0.0211855
0.0209875
0.275672
0.0210827
0.209275
0.0392372
0.0218897
0.0240691
0.270804
0.0205758
0.384522
0.343893
0.194926
0.0252905
0.0211981
0.0224933
0.15339
0.0208273
0.0281235
0.0209698
0.0200335
0.0200901
0.0201521
0.0211573
0.400979
0.021708
0.46002
0.207904
0.0676018
0.554127
0.0197879
0.0213782
0.0226537
0.0554643
0.0211838
0.056048
0.030579
0.0200223
0.020942
0.278658
0.0209366
0.0278522
0.278883
0.0210706
0.208221
0.0218671
0.0393628
0.0693025
0.0213909
0.0206367
0.0365348
0.0565169
0.021289
0.0227404
0.0201947
0.0214861
0.0208779
0.334326
0.0210152
0.0202891
0.0421272
0.0201283
0.227929
0.0214101
0.021184
0.0211838
0.415712
0.0209856
0.0209016
0.246772
0.0532967
0.0422159
0.0214833
0.0201466
0.0321115
0.0670998
0.366671
0.137462
0.0238947
0.0242562
0.0216395
0.0212856
0.0245436
0.0218003
0.0211336
0.0203919
0.0625173
0.0245158
0.0209331
0.0196261
0.0215854
0.0206198
0.0215035
0.0283189
0.451587
0.0645132
0.0269882
0.0644826
0.35771
0.0207007
0.0209538
0.0220488
0.0323642
0.0202626
0.0215884
0.0209182
0.0210141
0.0211647
0.046061
0.0213611
0.495394
0.0212694
0.0208886
0.351973
0.0342967
0.0215957
0.0209012
0.0208602
0.619145
0.0319407
0.0215413
0.020258
0.0221975
0.0209449
0.0212457
0.0210301
0.0956998
0.0210062
0.0208552
0.0389996
0.0204945
0.0597747
0.0240755
0.0210526
0.0213317
0.105918
0.473237
0.258429
0.0981034
0.0238944
0.0223845
0.0217104
0.0212472
0.0291434
0.0208493
0.0378236
0.70252
0.0227452
0.0375937
0.240542
0.0208742
0.415199
0.0264567
1.49642
0.0225373
0.0208
0.0208208
0.021784
0.0210982
0.401281
0.267261
0.191731
0.0212534
0.0209255
0.0208629
0.335924
0.0260864
0.353773
0.0208857
0.0213613
0.176818
0.0210488
0.231755
0.432684
0.0208837
0.0214952
0.0197408
0.0212635
0.268392
1.52281
0.0208662
0.0210801
0.0207363
0.270399
0.0211622
0.0234957
0.125578
0.0286005
1.5526
0.137349
0.584568
0.0212499
0.0263132
0.0215631
0.0211154
0.0227936
0.0775535
0.0204789
0.0211588
0.361191
0.0213624
0.0204511
0.269327
0.0201481
0.0210924
0.368441
0.0376204
0.0200355
0.0202288
0.0398782
0.343273
0.0382712
0.69327
0.0234267
0.613488
0.0209849
0.029642
0.143985
0.781741
0.104276
0.0243902
0.578218
0.114135
0.19456
0.0206508
0.0210214
0.0202803
0.0213103
0.186185
0.0207819
0.0443701
0.0204481
0.0221678
0.0214635
0.218038
0.0213212
0.247997
0.025012
0.0268618
0.0233429
0.0331742
0.0274448
0.0197254
0.0345371
0.0212871
0.0350273
0.0216011
0.0406729
0.0699669
0.0306204
0.392535
0.0208046
0.187261
0.0240047
0.0294196
0.0214057
0.0678489
0.021773
0.0208947
0.0212126
0.203924
0.0215046
0.0303506
0.242303
0.0262898
0.0735965
0.0208416
0.0200231
0.0680441
0.0364087
0.276157
0.618496
0.0208876
0.0434105
0.198903
0.0420845
0.0207263
0.350786
0.272442
0.0207877
0.0236131
0.0198015
0.33428
0.251809
0.294337
0.371338
0.0208101
0.0206988
0.0217339
0.0202004
0.0227465
0.0242027
0.0220393
0.0204129
0.593159
0.0226097
0.0213552
0.0245998
0.282438
0.18853
0.024062
0.0261301
0.0241694
0.745199
0.0208061
0.0665013
0.0213035
0.0329059
0.998227
0.0220278
0.404603
0.020412
0.0199697
0.0208292
0.0208399
0.0207154
0.0208655
0.0197783
0.551474
0.024008
0.0210173
0.39978
0.0208884
0.0215027
0.0206824
0.477354
0.0214222
0.0228615
0.299717
0.115976
0.0209086
0.0197894
0.528486
0.0212714
0.426103
1.01597
0.0214945
0.0216931
0.0305989
0.0441342
0.588695
0.0202184
0.0206714
0.0226889
0.0334374
0.0229505
0.487852
0.153971
0.0223951
0.0217414
0.027541
0.0220456
0.0926632
0.618008
0.0205833
0.407514
0.119697
0.0212822
0.0209298
0.0209048
0.0208807
0.0206736
0.0210237
0.0207587
0.0227742
0.0665206
0.0234698
0.0217546
0.0230985
0.0243013
0.0206341
0.0207298
0.100223
0.022872
0.0251024
0.020606
0.0220281
0.0205752
0.019997
0.156095
0.0213422
0.0210693
0.333081
0.603444
0.0682125
0.0208892
1.20958
0.0215066
0.276782
0.483071
0.0221785
0.613598
0.0207112
0.0203107
0.62197
0.0208437
0.0441742
1.16802
0.261566
0.0241166
0.137142
0.0216096
0.0208563
0.0221711
0.0206835
0.122776
0.138839
0.020874
0.210674
0.564614
0.0197348
0.0207109
0.0848922
0.0357164
0.0426475
0.0278448
0.253195
0.447253
0.0212857
0.37778
0.382139
0.0503301
0.607571
0.0353033
0.276749
0.0197717
0.0282065
0.0352939
0.0198434
0.152614
0.100085
0.0458728
0.0196408
0.0866988
0.0204057
0.0206994
1.67194
0.30526
0.0207027
0.0220248
0.192476
0.0198436
0.0229249
0.0208101
0.277308
0.189934
0.0221153
0.0214906
0.255743
0.105401
0.430477
0.0344475
0.0210682
0.290363
0.0210324
0.267936
0.026016
0.0203475
0.13339
0.0215156
0.0378575
0.0213615
1.60931
0.0211347
0.0216842
0.0202474
0.0213968
0.0205164
0.0218279
0.148136
0.659668
0.0206235
1.50496
0.365088
0.0203272
0.0205809
0.464526
0.0871582
0.160916
0.399981
0.436639
0.0205888
0.021259
0.304695
0.0259826
0.366067
0.0289156
0.0206467
0.0212758
0.0210004
0.0198152
0.0206471
0.0329046
0.0206159
0.286127
0.020906
0.0213566
0.052597
0.0197764
0.0333418
0.440667
0.0208863
0.0207918
0.0209634
0.0281845
0.0196403
0.0201958
0.0352588
0.343449
0.0310985
0.0216903
0.0301108
0.0205516
0.0215449
0.0212507
0.463103
0.0132958
0.281032
0.013296
0.0312285
0.0332912
0.0752586
0.0210306
0.0251229
0.0196513
0.019654
0.0261871
0.0208205
0.41812
0.257927
0.0244241
0.41037
0.0294883
0.112011
0.0332669
0.0200339
0.222816
0.0231321
0.349529
0.0213297
0.0204659
0.0201355
0.0301354
0.0828461
0.346638
0.22476
0.0209723
0.165896
0.0206104
0.322107
0.0392144
0.020489
0.0231518
0.0214058
0.336024
0.253641
0.0216603
0.0196332
0.237797
0.024149
0.0411794
0.021482
0.0214988
0.43682
0.252395
0.0205528
0.0279575
0.020738
0.0238545
0.021761
0.384362
0.020713
0.0223821
0.0274238
0.0213391
0.0208509
0.279254
0.333155
0.0214753
0.0213911
0.0216839
0.0206148
0.02052
0.343753
0.223726
0.0209106
0.0273374
0.0208326
0.0213604
0.0213491
0.0211518
0.412278
0.239057
0.117406
0.350658
0.020759
0.0276942
0.020842
0.0220571
0.524865
0.0218882
0.0998444
0.0207402
0.252389
0.0214965
0.333677
0.282315
0.0202737
0.0208364
0.0462382
0.0337035
0.510556
0.22714
0.0286669
0.416991
0.0242258
0.0211903
0.276729
0.0207686
0.271812
0.0199479
0.0227565
0.0278359
0.0208437
0.0216953
0.0208785
0.0502435
0.275203
0.0215794
0.147373
0.0240248
0.039417
0.0204859
0.0238134
0.352502
0.0204509
0.0307204
0.200165
0.0202159
0.392769
0.0974385
0.56811
0.0204726
0.388611
0.0209978
0.0202674
0.222601
0.0204733
0.463782
0.0199816
0.0208225
0.0205314
0.023851
0.348044
0.0207518
0.237016
0.0197659
0.0260191
0.0496798
0.0213647
0.241479
0.309978
0.0324907
0.0873527
0.0217946
0.0205534
0.0954348
0.0204986
0.0203762
0.020935
1.82946
0.287508
0.592567
1.34713
0.0201179
0.0210454
0.0209693
0.361771
0.0206855
0.623507
0.141024
0.0212386
0.355852
0.541132
0.117364
0.0203993
0.0202331
0.0279317
0.0213339
0.05199
0.397208
0.0203351
0.0233957
0.0207136
0.234836
0.338377
0.0211906
0.0778296
0.0209838
0.0214219
0.019793
0.0207733
0.0747814
0.347813
0.0204459
0.0105417
0.358528
0.0198862
0.247109
0.020649
0.0208901
0.028371
0.0203996
0.132183
0.0198305
0.0789642
0.553233
0.0197709
0.0200972
0.0209951
1.61804
0.0255459
0.152642
0.288411
0.0206546
0.023719
0.332543
0.0205124
0.530559
0.0748557
0.0206589
0.263617
0.474068
0.351041
0.237874
0.346121
0.0203851
0.273482
0.0561966
0.264088
0.277945
0.0204816
0.0203556
0.0207444
0.0872967
0.0203252
0.0201658
0.340437
0.0532703
0.0213126
0.0203625
0.0208542
0.0202983
0.020352
0.0425864
0.0208246
0.0498674
0.254236
0.035816
0.0238453
0.0206395
0.0204104
0.360685
0.228966
0.69876
0.459755
0.0205175
0.020679
0.0346735
1.38201
0.28135
0.0204256
0.618299
0.395922
0.019933
0.0341891
0.0438626
0.0201557
0.020949
0.0209877
0.0214979
0.0201015
0.336964
0.0766714
0.0210537
0.291831
0.0213928
0.033713
0.0209069
0.0213357
0.0308868
0.0246069
0.0257533
0.0203382
0.0198279
0.0203103
0.0203128
0.234943
0.0654652
0.351202
0.0631275
0.281314
0.0315979
0.0203391
0.0876848
0.251313
0.0212686
0.25512
0.0222123
0.0197707
0.206286
0.430833
0.023366
0.056466
0.016778
0.205384
0.0583544
0.0202841
0.0239753
0.0207107
0.295074
0.020713
0.350614
0.315567
0.0481441
0.337829
0.0356839
0.119366
0.313522
0.0209972
0.0203976
0.0210083
0.0208528
0.283634
0.0206432
0.0206675
0.0237814
0.0217565
0.0202165
0.335215
0.234028
0.0506834
0.0202523
0.70863
0.287014
0.243058
0.0213486
0.0204342
0.0231422
0.020185
0.306514
0.0268431
0.0202995
0.0338003
0.0205942
0.39283
0.0491245
0.0206276
0.601721
0.149278
0.0203564
0.269937
0.382419
0.0235923
0.0211454
0.341628
0.259523
0.019647
0.0205128
0.304389
0.0444894
0.0212171
0.231981
0.0210938
0.0204114
0.0205348
0.0203493
0.198365
0.0201977
0.0203834
0.22793
0.116875
0.0205028
0.0209016
0.104394
0.218427
0.021634
0.166308
0.0203879
0.579614
0.093108
0.021568
0.0202303
0.406438
0.198353
0.0231245
0.0201144
0.386479
0.0272612
0.0202322
0.250132
0.0209207
0.150825
0.0204759
0.368394
0.269373
0.338274
0.352373
0.0204212
0.319171
0.0212249
0.0703349
0.275032
0.0201688
0.0244999
0.0200741
0.399358
0.0206953
0.0203513
0.0199783
0.0204584
0.0202718
0.0201223
0.0477694
0.0214643
0.0627478
0.0230418
0.0197396
0.0236959
0.359379
0.0205662
0.11617
0.020276
0.0211144
0.191504
0.0232706
0.341875
0.0238655
0.0332256
0.0200838
0.0201496
0.0225137
0.0215165
0.0202493
0.0244329
0.0221607
0.247392
0.0201848
0.0226659
0.0205453
0.291353
0.302308
0.0220125
0.10386
0.0211878
0.036308
0.0258565
0.0203009
0.263502
0.0209427
0.0199447
0.226449
0.316773
0.0337202
0.284357
0.0233474
0.245101
0.03349
0.0216222
0.247437
0.282683
0.020424
0.284413
0.359585
0.0213392
0.0202183
0.0617451
0.291258
0.25654
0.30908
0.220928
0.029347
0.0202292
0.254683
0.200572
0.0209546
0.0198474
0.0208433
0.0229569
0.0202277
0.020111
0.140491
0.0475161
0.0200643
0.267125
0.332339
0.02378
0.323458
0.0201316
0.0201434
0.208088
0.174353
0.0341596
0.023818
0.267333
0.0200553
0.286707
0.24703
0.0220801
0.0236038
0.0220558
0.0203344
0.247291
0.0204955
0.0201079
0.258954
0.0214256
0.0204969
0.237241
0.293692
0.0239877
0.22406
0.292529
0.0204972
0.0203047
0.021328
0.151153
0.0210858
0.322337
0.0213285
0.0201811
0.23753
0.020068
0.0850287
0.269016
0.0200616
0.290462
0.25322
0.284358
0.0209923
0.0201623
0.0200884
0.304042
0.0203456
0.266803
0.0531074
0.266394
0.0818121
0.0444454
0.0215687
0.0210779
0.0235568
0.193948
0.0209558
0.286671
0.269427
0.254521
0.0198621
0.279675
0.0323933
0.365185
0.624279
0.0200938
0.0205005
0.360682
0.0211646
0.0200784
0.275355
0.0210372
0.0212636
0.514054
0.439187
0.0200954
0.0204106
0.277819
0.269896
0.289959
0.255314
0.0197374
0.0175023
0.0202543
0.0199711
0.288094
0.0202246
0.0202296
0.019878
0.287803
0.0197125
0.0198938
0.204654
0.0201941
0.0221952
0.0205587
0.0229024
0.0202995
0.26081
0.243427
0.0202033
0.0202589
0.0204942
0.0199495
0.0199997
0.0201239
0.0203563
0.0205304
0.0199466
0.0204131
0.251447
0.0201962
0.0213641
0.0214132
0.0197037
0.258538
0.0197382
0.0201602
0.0485244
0.289605
0.022328
0.246274
0.0217444
0.0198272
0.0202026
0.24941
0.0203727
0.174068
0.0216817
0.12601
0.0214362
0.0199706
0.253441
0.0360876
0.289073
0.294514
0.134932
0.0199959
0.0197199
0.031102
0.02117
0.122442
0.257105
0.0215377
0.0211245
0.0199742
0.253659
0.0199453
0.0197742
0.0206556
0.136008
1.42103
0.284055
0.0201388
0.0234061
0.0211727
0.241034
0.0291699
0.0218053
0.0228894
0.0505999
0.0243148
0.14001
0.0398374
0.233226
0.152038
0.0207197
0.0202155
0.0247023
0.0338928
0.0199943
0.0199357
0.0216023
0.0334099
0.395614
0.020105
0.0212982
0.0203658
0.0223346
0.0201246
0.0217352
0.372214
0.225545
0.0202293
0.022318
0.0211874
0.0217039
0.0205522
0.020211
0.271112
0.0252555
0.0197154
0.268863
0.0221684
0.304007
0.023299
0.0363719
0.262121
0.021046
0.264106
0.0204965
0.0198209
0.323152
0.28184
0.0604201
0.0236622
0.0206953
0.0202409
0.0226792
0.248602
0.0202218
0.0355133
0.169999
0.0201293
0.536832
0.0199266
0.019961
0.0206352
0.020193
0.338824
0.0218255
0.0204584
0.0222504
0.035419
0.164542
0.0200285
0.0210707
0.0204331
0.337519
0.340817
0.0203677
0.0200088
0.0203094
0.250615
0.0386387
0.371762
0.020212
0.0223079
0.313103
0.0209098
0.0198414
0.397479
0.0165135
0.0203994
0.285229
0.0200052
0.202164
0.458148
0.17403
0.234979
0.0203933
0.0202306
0.0200375
0.0199584
0.0246748
0.0196929
0.0202577
0.019833
0.0263042
0.265133
0.0241155
0.0211487
0.020159
0.0211095
0.0369842
0.102261
0.0199563
0.0210387
0.0200264
0.0219985
0.0280302
0.020074
0.0201975
0.0308801
0.276787
0.314422
0.0199817
0.115436
0.11743
0.019984
0.0218243
0.0199206
0.272726
0.0199216
0.271092
0.0490926
0.242997
0.219857
0.323578
0.0229228
0.133382
0.0200289
0.262959
0.111305
0.266761
0.040212
0.0221039
0.292042
0.0201417
0.0228813
0.324289
1.36444
0.0298812
0.23047
0.0250316
0.0214798
0.0205446
0.281104
0.0199269
0.0202871
0.0231707
0.157657
0.218859
0.0202881
0.248253
0.0200534
0.0222161
0.0237528
0.0350278
0.0196242
0.0201097
0.203498
0.0209001
0.100954
0.0308862
0.0394546
0.289562
0.0212549
0.721878
0.233475
0.0208975
0.0214056
0.62308
0.0372656
0.162629
0.224944
0.0263124
0.0197241
0.383101
0.258584
1.14876
0.02036
0.327223
0.0265087
0.0219735
0.0210063
0.0201744
0.0236429
0.0198356
0.0199369
0.021014
0.0208242
0.0268756
0.0203155
0.0211722
0.0214849
0.0214565
0.0210671
0.0198029
0.0204237
0.0784276
0.0208847
0.29255
0.104826
1.55452
0.0535707
0.290075
0.0229329
0.0212676
0.0198072
0.0203452
0.279526
0.0210025
0.248706
0.0878085
0.0221895
0.020996
0.0233431
0.0209481
0.257299
0.0234986
0.215593
0.022516
0.274311
0.0227456
0.130883
0.0198075
0.0213959
0.0208382
0.23405
0.0209882
0.0214215
0.0201946
0.019817
0.303239
0.212433
0.0215143
0.0204382
0.0200166
0.0202057
0.0198192
0.266184
0.0202357
0.0197213
0.265909
0.0210145
0.0208453
0.0234663
0.0199316
0.2555
0.0210106
0.0215414
0.020265
0.0197549
0.020758
0.0197282
0.0600053
0.267869
0.0198069
0.0352856
0.0311647
0.293151
0.0224573
0.0222188
0.255456
0.0227763
0.0221793
0.0220366
0.0200493
0.0212455
0.0196096
0.155047
0.0205799
0.0198197
0.0198931
0.0197972
0.284453
0.0202726
0.0211727
0.0208088
0.0218811
0.21732
0.0198032
0.0217216
0.232357
0.25705
0.0197863
0.272035
0.0197403
0.021411
0.0365931
0.258643
0.279376
0.625653
0.0201179
0.0198195
0.0242114
0.252586
0.0197001
0.0202537
0.02067
0.0197663
0.0217168
0.0197567
0.0216584
0.0201516
0.0208443
0.0202125
0.026901
0.0197737
0.0198306
0.23469
0.0201636
0.0217211
0.0197819
0.0197996
0.0200369
0.0197693
0.0199378
0.299342
0.0197599
0.0205483
0.0268466
0.0197053
0.250137
0.0198173
0.0196256
0.0402832
0.0209552
0.0197122
0.019956
0.0198729
0.0198034
0.475149
0.169328
0.0204773
0.0231389
0.0234314
0.0203286
0.273132
0.0215995
0.0206411
0.0199878
0.232121
0.0199135
0.0208574
0.0199882
0.0203742
0.0224874
0.0205347
0.241769
0.0231117
0.0209645
0.0218231
0.0201519
0.229465
0.187096
0.0197208
0.0210215
0.249898
0.0812876
0.250106
0.305869
0.0237401
0.020326
0.374419
0.0197556
0.0213494
0.0231262
0.0270819
0.289856
0.0208983
0.0199974
0.0214016
0.0201435
0.252291
0.0231245
0.02322
0.0204809
0.0207023
0.019692
0.0229975
0.0208633
0.0204319
0.272152
0.0215174
0.0235475
0.0201973
0.0198181
0.252705
0.0237236
0.0198093
0.0293859
0.020041
0.0203699
0.021436
0.0199261
0.0209481
0.0442678
0.0201152
0.242846
0.0207978
0.0200845
0.020184
0.0961767
0.0209507
0.0204495
0.0211086
0.646793
0.0198097
0.020483
0.213674
0.465585
0.02001
0.282228
0.407674
0.020952
0.0199163
0.266441
0.0202064
0.253993
0.0214505
0.0206302
0.0264243
0.0211325
0.021677
0.0209514
0.0204757
0.0208828
0.258152
0.019754
0.262805
0.0240955
0.0214254
0.0230863
0.0199097
0.0202873
0.0751345
0.0199092
0.0210098
0.0213045
0.0218513
0.0198341
0.0220475
0.022507
0.019802
0.0219538
0.0209551
0.0197713
0.0201728
0.0206014
0.0995526
0.24308
0.281526
0.021158
0.0197282
0.0197581
0.370349
0.0204844
0.180571
0.0203352
0.234386
0.262636
0.264263
0.0197472
0.36966
0.0211508
0.0731321
0.0512814
0.020087
0.0383953
0.023148
0.0196864
0.0207454
0.0198033
0.019706
0.020341
0.0357296
0.757849
0.0214549
0.023434
0.0197039
0.0198199
0.0210741
0.0966179
0.216865
0.200515
0.0203505
0.0197217
0.0926131
0.0197915
0.262097
0.0202842
0.0209751
0.0207172
0.0208611
0.0254848
0.0208735
0.0199315
0.0203122
0.277286
0.281993
0.0196069
0.0211123
0.0198431
0.371918
0.019789
0.0203437
0.0196262
0.0197552
0.0225804
0.022612
0.0293268
0.0203239
0.107567
0.245279
0.0219492
0.0206985
0.019939
0.0196096
0.0202217
0.0231591
0.0199575
0.0196169
0.0596209
0.0225736
0.022553
0.0196862
0.245294
0.020143
0.020255
0.0252309
0.0200557
0.0199068
0.033711
0.0201077
0.076022
0.145818
0.0196879
0.0196375
0.0212772
0.0216709
0.186991
0.0214553
0.0197028
0.0205138
0.0201591
0.0225424
0.0225419
0.064535
0.0197417
0.023407
0.0216712
0.0199859
0.0209178
0.0224683
0.0209857
0.0199985
0.0218229
0.021556
0.0225061
0.0217528
0.0422381
0.0215785
0.0198347
0.261405
0.0200708
0.0202257
0.21018
0.0197412
0.0668208
0.289677
0.020828
0.0235383
0.0212341
0.0257771
0.0224789
0.0201877
1.19492
0.0209765
0.020144
0.0208742
0.0486538
0.02575
0.0195973
0.0203803
0.0206888
0.0225142
0.0203356
0.293836
0.288477
0.0333595
0.0225629
0.0201779
0.0198217
0.0278654
0.0204828
0.0234002
0.0455923
0.021033
0.0212832
0.0210334
0.324842
0.0197344
0.0204561
0.207772
0.022493
0.0196291
0.020864
0.0198097
0.201616
0.0557205
0.0198567
0.0196276
0.0206799
0.019776
0.0207482
0.166803
0.0197941
0.278854
0.0224826
0.0955151
0.028208
0.0213816
0.0235266
0.0240359
0.155395
0.0408353
0.425327
0.0254996
0.0196155
0.0201571
0.0206338
0.221821
0.0196271
0.195417
0.26876
0.0230606
0.0237019
0.0225061
0.0225119
1.25403
0.238665
0.0197626
0.0200807
0.0202489
0.0208393
0.0202161
0.0235087
0.0219651
0.022492
0.0225424
0.0197953
0.0197067
0.19547
0.0205206
0.0198375
0.0204017
0.0201479
0.0200254
0.082451
0.0232866
0.0198053
0.0234823
0.065061
0.0198212
0.0195702
0.0195773
0.0269141
0.102482
0.0208207
0.0308359
0.0218976
0.0197883
0.253679
0.0203374
0.0295942
0.292547
0.0207736
0.0196125
0.0206895
0.0196708
0.0225182
0.0209354
0.019675
0.0231496
0.0201442
0.0210086
0.0196146
0.0212376
0.0224989
0.019598
0.272555
0.199562
0.0196818
0.0208249
0.0199081
0.181262
0.0206328
0.0196824
0.0196879
0.257468
0.259076
0.02172
0.0229689
0.0229074
0.0229977
0.022964
0.0228718
0.0229274
0.022948
0.0229763
0.0228905
0.0228152
0.0229105
0.0228574
0.0227874
0.0224811
0.0225024
0.0226457
0.0226264
0.232462
0.0227223
0.0227235
0.0227976
0.0227076
0.0227021
0.0228098
0.0224782
0.0225539
0.0227925
0.0195994
0.0195521
0.0226994
0.0226611
0.239744
0.233806
0.236649
0.113991
0.0262377
0.0205881
0.0197074
0.0195496
0.0199296
0.0227326
0.0227166
0.0226923
0.022568
0.0225122
0.0224982
0.0224888
0.0224713
0.0224793
0.0225428
0.0227825
0.0227618
0.24871
0.0227685
0.235062
0.021465
0.0225527
0.0227755
0.0227331
0.0227281
0.0226555
0.0227885
0.022737
0.0201005
0.0227246
0.0228032
0.0208778
0.0788393
0.231407
0.020476
0.0310865
0.0529927
0.0206329
0.0208783
0.0272205
0.019753
0.0214193
0.147522
0.33773
0.0209479
0.342279
0.0200709
0.0197062
0.0213383
0.248464
0.295611
0.0207833
0.0198117
0.019775
0.611174
0.0199276
0.0219476
0.0199806
0.0205187
0.0328429
0.386553
0.155979
0.0329323
0.0198438
0.0207797
0.0226164
0.0206115
0.0197878
0.166971
0.215502
0.0214324
0.0199462
0.0196505
0.252549
0.0197547
0.0198304
0.0201035
0.0295028
0.233272
0.0197878
0.0202575
0.040227
0.0207621
0.0224521
0.337855
0.0199865
0.0376963
0.0199095
0.359014
0.0232633
0.0506605
0.0984672
0.0196097
0.0199948
0.0316261
0.0197275
0.126589
0.257395
0.020214
0.693532
0.0212242
0.0204688
0.0199167
0.0205749
0.0203595
0.0198833
0.0198686
0.0198824
0.020026
0.0203097
0.261839
0.0250042
0.36344
0.295853
0.0201152
0.0196791
0.0123277
0.0201841
0.0198763
0.0197973
0.0206004
0.0200277
0.0208298
0.0197625
0.0207538
0.0199094
0.0224989
0.0198213
0.0207942
0.0202218
0.0929941
0.0227113
0.0271135
0.0197984
0.0226158
0.0203614
0.0200836
0.0208632
0.0725202
0.0220398
0.0213539
0.0200917
0.0196139
0.0196206
0.0195939
0.0216111
0.250515
0.0202856
0.0197393
0.0199477
0.0208319
0.113443
0.0208478
0.0199065
0.334424
0.0214984
0.0213188
0.0369577
0.0208919
0.033259
0.023838
0.019874
0.0201464
0.342126
0.0204214
0.0290299
0.0199158
0.0198987
0.236969
0.216966
0.0200463
0.0197153
0.0196588
0.0202787
0.0197906
0.0197587
0.0210707
0.019702
0.0205966
0.0208809
0.32553
0.0325381
0.0201439
0.0196732
0.33044
0.0197087
0.0200541
0.0217868
0.0195957
0.266083
0.0202418
0.0199341
0.0408146
0.0214597
0.0211483
0.0198735
0.0196558
0.398993
0.0198341
0.0205765
0.0202455
0.0195961
0.0204398
0.0213315
0.0203873
0.0197382
0.0223409
0.0207341
0.0202487
0.0227412
0.0201528
0.02085
0.0210671
0.253309
0.0480951
0.0233724
0.10262
0.0196163
0.021341
0.0204373
0.02006
0.0200962
0.0202572
0.0196747
0.0195818
0.0202735
0.0687455
0.0218843
0.0199465
0.0212172
0.0201307
0.0200843
0.29308
0.020423
0.02106
0.020184
0.0196321
0.0197752
0.0615908
0.0213627
0.0197891
0.0208498
0.019671
0.0198393
0.262426
0.0220122
0.0196056
0.0197389
0.0242023
0.0162099
0.0203769
0.0200658
0.0196739
0.0271613
0.019604
0.0220122
0.0198592
0.020505
0.019826
0.0196881
0.0229931
0.0199528
0.0198955
0.0201103
0.0196555
0.0196735
0.0199741
0.0206475
0.156592
0.0198259
0.0235604
0.0197355
0.0201253
0.0199366
0.0199615
0.020158
0.0642433
0.202799
0.0221628
0.034218
0.0198507
0.0196607
0.0200139
0.0198323
0.0197865
0.0199516
0.02089
0.0217905
0.0199341
0.0214358
0.0199747
0.0200162
0.0898441
0.0212882
0.0268407
0.0197121
0.0604031
0.033942
0.0202458
0.0207451
0.0197489
0.0881423
0.0201477
0.23743
0.0196613
0.020201
0.155707
0.0318161
0.0209473
0.0203252
0.0202153
0.0196726
0.0206185
0.021658
0.0202947
0.197985
0.0202592
0.0198068
0.225782
0.0245844
0.0209721
0.0255231
0.0196905
0.0207426
0.124521
0.0257854
0.0204983
0.0203536
0.0207967
0.0199135
0.243589
0.0196802
0.0197309
0.0200964
0.0326262
0.0214985
0.0208629
0.0209821
0.793288
0.0202032
0.0216079
0.0198273
0.0200292
0.135543
0.0199233
0.118812
0.0197679
0.0210534
0.0208439
0.0199418
0.0195884
0.0856149
0.0205411
0.0202183
0.0208408
0.254316
0.284083
1.00194
0.0201504
0.0197816
0.0206536
0.0200336
0.0210541
0.0223429
0.020828
0.0198438
0.0203558
0.0198972
0.0244563
0.0210677
0.0399166
0.0196121
0.307032
0.0225105
0.0198816
0.0205135
0.0210279
0.0208456
0.0226099
0.020983
0.0197887
0.0222996
0.0201457
0.464447
0.170398
0.0207774
0.019581
0.020531
0.0204106
0.0196361
0.0201627
0.187028
0.0236579
0.0210805
0.0213798
0.0197648
0.0201482
0.0230057
0.0198959
0.0206446
0.209335
0.0205661
0.0207219
0.0201098
0.234707
0.019829
0.0214928
0.0695735
0.249969
0.019873
0.275895
0.0199038
0.0208297
0.022439
0.0239454
0.019879
0.0343934
0.0482595
0.0212735
0.0197445
0.0220201
0.0197281
0.204409
0.0196531
0.0197398
0.0198099
0.020024
0.0198123
0.0224813
0.0207458
0.027009
0.150691
0.0196936
0.0330888
0.598283
0.0216809
0.0214505
0.0203539
0.0199802
0.0244038
0.0200016
0.0199041
0.0196561
0.0197321
0.3663
0.0203452
0.0209517
0.0307802
0.0212934
0.0500976
0.0201826
0.0214929
0.019753
0.0195931
0.0202432
0.0201287
0.0201786
0.0209397
0.0256526
0.142266
0.0197816
0.0197996
0.0203927
0.0196822
0.0172813
0.020699
0.0198786
0.0204575
0.260271
0.0201502
0.0206099
0.0217562
0.247674
0.0213714
0.0197901
0.3089
0.0216566
0.0208829
0.0208661
0.107827
0.260691
0.0198102
0.0196638
0.0199831
0.0200148
0.0213708
0.0197883
0.0208407
0.0231404
0.173092
0.245368
0.0204583
0.200482
0.29564
0.0196615
0.0212333
0.0197666
0.021548
0.0201279
0.020071
0.0210334
0.0849966
0.0553928
0.0199585
0.0197073
0.0213641
0.269617
0.0231063
0.0216233
0.0199195
0.0198537
0.0265781
0.0202414
0.0198273
0.210079
0.23463
0.27999
0.0196928
0.0232062
0.0203284
0.0212505
0.286357
0.0205546
0.275738
0.280803
0.0223954
0.0213957
0.0215721
0.0197465
0.0210829
0.0217826
0.0234202
0.0200028
0.0202571
0.239965
0.0235173
0.0210956
0.283911
0.226873
0.0204449
0.0227335
0.0204241
0.299162
0.283402
0.294527
0.253396
0.209124
0.272965
0.23785
0.278325
0.0216009
0.246357
0.0288186
0.0198295
0.0208172
0.0210957
0.0225505
0.0248919
0.0595141
0.244529
0.0293812
0.0197172
0.0197052
0.0201326
0.0213555
0.0199245
0.0324644
0.017229
0.020202
0.294544
0.0348162
0.0203362
0.0200166
0.0209567
0.0240762
0.0199565
0.0213426
0.0251172
0.0209446
0.276977
0.0199277
0.297232
0.0228809
0.0208088
0.217763
0.0225369
0.0235423
0.0201624
0.24205
0.0208252
0.0197568
1.17053
0.0199895
0.0220408
0.0203168
0.264862
0.0204612
0.0205483
0.0202169
0.0203438
0.0199171
0.325911
0.0197999
0.0222134
0.0212523
0.0200979
0.0197256
0.0203883
0.0276758
0.252282
0.193697
0.0218328
0.029038
0.0198949
0.295386
0.0208048
0.0211414
0.0203108
0.0203706
0.183078
0.019857
0.0206322
0.0199933
0.3878
0.0196888
0.255904
0.253449
0.0391272
0.0201095
0.253139
0.196038
0.0198888
0.0243685
0.0199147
0.0252218
0.0203057
0.030046
0.0213117
0.037627
0.103209
0.0249197
0.0197687
0.0198887
0.0224133
0.0207507
0.0288081
0.257653
0.0205288
0.0203071
0.0203359
0.253062
0.243393
0.233028
0.0198957
0.261228
0.0202638
0.0203118
0.0728809
0.0567965
0.185953
0.023205
0.293079
0.0205146
0.0199556
0.274774
0.377227
0.0233493
0.234531
0.233916
0.20411
0.238791
0.259597
0.122154
0.283387
0.0198947
0.0215448
0.253434
0.0224323
0.238897
0.256017
0.0211405
0.0201282
0.0199351
0.398986
0.0802262
0.257733
0.0214151
0.0198931
0.0200482
0.219855
1.63676
0.281199
0.241017
0.0211918
0.183683
0.254684
0.0200373
0.235404
0.0201715
0.173253
0.019984
0.0206594
0.0300508
0.0371634
0.254818
0.0198818
0.0201162
0.0198967
0.188996
0.0203965
0.0200668
0.212999
0.0215568
0.0206931
0.128421
0.0204872
0.0199148
0.251704
0.0300999
0.0210755
0.0273049
0.0203986
0.144538
0.0201209
0.113606
0.0214877
0.0200266
0.0201776
0.0210432
0.187014
0.210457
0.277291
0.260055
0.0223717
0.0146203
0.0228019
0.0750432
0.0200736
0.020152
0.0198935
0.241735
0.0198754
0.036669
0.0207796
0.0200519
0.0270966
0.246395
0.0182978
0.0264889
0.0201956
0.0198957
0.0199637
0.240895
0.0209599
0.206031
0.235328
0.0206997
0.0211991
0.27452
0.280977
0.0200101
0.0209998
0.0207228
0.0236846
0.264898
0.0199035
0.0205498
0.0986499
0.363133
0.0208469
0.0199897
0.0352733
0.020959
0.0203876
0.0210034
0.0204955
0.298074
0.0213645
0.343796
0.0208388
0.277641
0.0183983
0.283136
0.291498
0.0200478
0.296127
0.0200818
0.267279
0.223705
0.198579
0.020681
0.0171292
0.283984
0.0227866
0.280706
0.2383
0.322232
0.0209295
0.0199356
0.0199114
0.0208941
0.0264991
0.021112
0.229481
0.0295434
0.0210943
0.019866
0.0347061
0.0203884
0.275733
0.0629438
0.241357
0.279343
0.0251952
0.0276284
0.0205641
0.020744
0.0218666
0.131895
0.0202159
0.0198797
0.0200159
0.231128
0.0200802
0.164216
0.0206283
0.020203
0.0209323
0.030897
0.0204896
0.194089
0.0206817
0.0203762
0.0205079
0.227206
0.252877
0.267551
0.0202335
0.135229
0.0242337
0.246755
0.265791
0.0202261
0.0204561
0.0239146
0.292899
0.0200821
0.020701
0.021154
0.0202306
0.593271
0.0730967
0.0204688
0.327338
0.27223
0.0214846
0.0440928
0.0203995
0.392833
0.036422
0.0210468
0.293542
0.0199442
0.0204696
0.0200502
0.0262083
0.0200434
0.0200734
0.217067
0.0202836
0.0199356
0.0205602
0.0201239
0.0201334
0.0201293
0.0201806
0.266631
0.387203
0.0223463
0.0205183
0.0236647
0.0220082
0.020943
0.0215956
0.388093
0.0219899
0.0318189
0.020907
0.179203
0.0199079
0.0416097
0.0199052
0.0235342
0.0216615
0.0201658
0.240481
0.0209845
0.319219
0.0986742
0.0244515
0.0203652
0.293694
0.260123
0.0226218
0.271517
0.293412
0.0203133
0.0206386
0.0205489
0.0207251
0.0269983
0.0197357
1.22918
0.0203939
0.0240505
0.0205092
0.0206486
0.294178
0.0460736
0.0212567
0.0205152
0.0689801
0.219597
0.0204218
0.0201666
0.0212432
0.0547554
0.020339
0.0223186
0.0201841
0.020056
0.0199743
0.0210499
0.0206383
0.0198871
0.0201538
0.019894
0.0210163
0.0199531
0.0199873
0.0199901
0.0229042
0.020099
0.292636
0.0558505
0.0208678
0.0201985
0.0218822
0.0207508
0.0199728
0.38177
0.537432
0.0199751
0.0383229
0.0199808
0.0199735
0.0995134
0.0196605
0.0205169
0.212927
0.0200098
0.0196948
0.0206755
0.294943
0.0208502
0.311938
0.33125
0.0202972
0.0202337
0.0198846
0.229061
0.0248329
0.0213029
0.0258918
0.380084
0.0219657
0.0212642
0.0210227
0.0210738
0.0204583
0.0286264
0.486192
0.35928
1.37877
0.0333752
0.0200633
0.0213238
0.01996
0.241245
0.0204958
0.295323
0.0202443
0.027928
0.0199717
0.0203978
0.223791
0.0200226
0.0200076
0.0200071
0.0719807
0.080854
0.0201805
0.0199624
0.0227937
0.0205179
0.0230739
0.259474
0.0238013
0.0202679
0.252489
0.0735777
0.0382629
0.0212727
0.268181
0.0368767
0.0203233
0.0217059
0.0200225
0.0227742
0.0198756
0.0207099
0.0199938
0.0219089
0.379946
0.0209404
0.29278
0.0352446
0.0249901
0.240869
0.0203266
0.0210211
0.365346
0.0220477
0.0219709
0.0540065
0.0197103
0.467898
0.0209514
0.0207345
0.191415
0.0198825
0.0220935
0.0224256
0.371711
0.0204919
0.0248626
0.249973
0.0345952
0.254495
0.0451499
0.0200072
0.0203563
0.0205257
0.0208347
0.0201034
0.0202449
0.0207945
0.101174
0.0224196
0.365054
0.272358
0.0207093
0.0216684
0.0200678
0.0207855
0.49716
0.0203241
0.227559
0.25329
0.253177
0.0202617
0.0276471
0.0207397
0.251252
0.124966
0.0213773
0.147146
0.0198705
0.0201949
0.0307581
0.0207355
0.0202623
0.095298
0.704847
0.0275671
0.484987
0.0205718
0.0201265
0.0865146
0.0762347
0.245369
0.023769
0.020621
0.020048
0.394492
0.0208379
0.225162
0.194037
0.0197567
0.0241385
0.0198779
0.0201108
0.0216814
0.298515
0.0216057
0.0215981
0.0434897
0.0200761
0.0212432
0.0207873
0.250633
0.0207292
0.020706
0.0204096
0.0204578
0.618569
0.0200415
0.0199924
0.0213287
0.0205338
0.0205279
0.0280872
0.0200618
0.0228926
0.109466
0.0201458
0.020588
0.240557
0.0200754
0.0205364
0.344848
0.0209768
0.0203738
0.0206772
0.0890006
0.0207352
0.0208716
0.280195
0.0198391
0.0207848
0.0205581
0.0200951
0.366937
0.0201285
0.0202604
0.0206559
0.0198866
0.34189
0.18277
0.0201275
0.0224416
0.0379793
0.0199263
0.0202936
0.0213646
0.0201365
0.0212634
0.020837
0.0206018
0.0201098
0.264517
0.0204332
0.0206439
0.276584
0.20402
0.235967
0.0202774
0.0220179
0.020757
0.282926
0.0208269
0.0467218
0.0766016
0.305632
0.520564
0.491848
0.0201498
0.0206995
0.0398308
0.0218003
0.335422
0.0651425
0.0198847
0.0203634
0.0202253
0.0220314
0.0198705
0.0204555
0.0199717
0.021039
0.0212083
0.0478311
0.0198761
0.241778
0.112891
0.0200742
0.260375
0.0196817
0.0201432
0.0223969
0.0201448
0.020407
0.019845
0.0219103
0.0290943
0.0201261
0.0208445
0.0239005
0.0205312
0.0207442
0.0245255
0.0204856
0.020232
0.22153
0.5013
0.020492
0.0206317
0.020007
0.291001
0.0589818
0.0201064
0.0284965
0.0205638
0.0360943
0.0286841
0.293374
0.0208087
0.240109
0.263554
0.052086
0.253315
0.31342
0.490088
0.0202413
0.0209491
0.0201822
0.0394762
0.0205831
0.0204229
0.0713672
0.0203874
0.209256
0.0206805
0.343571
0.0206002
0.0205922
0.0202274
0.0199346
0.315333
0.0253517
0.0202136
0.0199569
0.228103
0.0877256
0.312819
0.0202775
0.0204668
0.193603
0.0207055
0.217774
0.0196397
0.0208171
0.28332
0.0280457
0.257289
0.0213672
0.0360616
0.0218979
0.0202585
0.0212208
0.0203857
0.0210995
0.0206149
0.0210258
0.302651
0.232065
0.25176
1.13363
0.0209393
0.0230918
0.0204153
0.0196917
0.136503
0.0205394
0.0204601
0.019673
0.0206047
0.0202427
0.0206429
0.57541
0.399772
0.171315
0.0761577
0.0230257
0.0202418
0.0202496
0.0202829
0.35355
0.0213489
0.550362
0.0226161
0.395097
0.019989
0.0206296
0.398271
0.0206705
0.0202634
0.0214594
0.0211426
0.0207388
0.0203019
0.0201631
0.02011
0.0199981
0.0206243
0.0201146
0.0203205
0.296488
0.020164
0.0204803
0.0208021
0.0200364
0.0202935
0.0262198
0.320693
0.0209214
0.0208212
0.0207705
0.32555
0.245783
0.257183
0.717086
0.020493
0.0206799
0.0206289
0.0208425
0.0208454
0.0206331
0.0202582
0.0203066
0.0204048
0.037412
0.0212702
0.0200933
0.308155
0.0206689
0.0228166
0.443765
0.0209619
0.020267
0.335276
0.0201251
0.0214668
0.0217178
0.254982
0.480377
0.481428
0.0205303
0.0203319
0.0203205
0.0205991
0.0206484
0.0205071
0.0252067
0.0331178
0.0226084
0.0240029
0.390592
0.0201113
0.0234325
0.0230433
0.292506
0.020264
0.260102
0.0203519
0.0204731
0.0197838
0.0200526
0.202108
0.0207425
0.020304
0.020321
0.0205595
0.0772088
0.197351
0.0200607
0.020589
0.0211337
0.217885
0.0219755
0.0226489
0.399082
0.388796
0.0204345
0.020432
0.390034
0.0203263
0.0203439
0.248794
0.021284
0.0204046
0.0201096
0.0206796
0.363586
0.0251826
0.0229049
0.0219539
0.0202191
0.0205038
0.0272908
0.0205573
0.0212298
0.0203379
0.127061
0.265815
0.0203898
0.0207557
0.020376
0.292836
0.0269572
0.544215
0.380663
0.0217059
0.0209801
0.0200048
0.396004
0.0206891
0.62041
0.0204244
0.315105
0.020613
0.293112
0.0353316
0.0207497
0.0212451
0.305477
0.0208479
0.0244892
0.0212566
0.181512
0.0205249
0.0204735
0.020666
0.0205358
0.0317393
0.020818
0.0205057
0.0207811
0.425638
0.0292798
0.0208394
0.0210663
0.317233
0.0205547
0.612686
0.0216927
0.373404
0.237447
0.295251
0.0199888
0.201932
0.0201145
0.0204044
0.0542542
0.0206543
0.0206991
0.0228235
0.0241368
0.0213136
0.0202103
0.0203517
0.0253799
0.020276
0.0219494
0.239119
0.0196376
0.392319
0.0205873
0.38072
0.0212584
0.0214226
0.0200919
0.473122
0.0208511
0.178604
0.0204104
0.028495
0.0213032
0.022305
0.0202264
0.0196427
0.0205051
0.0201961
0.0291606
0.0649339
0.0203175
0.0244055
0.22241
0.0207572
0.0259233
0.595661
0.0206132
0.020756
0.376924
0.0516572
0.0204042
0.0211244
0.0214172
0.0219885
0.0204082
0.0216384
0.155425
0.0457824
0.0206151
0.289819
0.0208261
0.020756
0.0210048
0.0215131
0.433239
0.0557277
0.0285861
0.0212881
0.0206691
0.133419
0.02053
0.0205101
0.020959
0.211287
0.020234
0.0196498
0.0206165
0.0231019
0.383902
0.0240045
0.0208429
0.0253872
0.0202627
0.0203863
0.024562
0.223939
0.0259697
0.264969
0.0269813
0.0201719
0.0275661
0.0201996
0.0252466
0.0272441
0.133735
0.358069
0.0199241
0.0210649
0.0247314
0.0284052
0.575463
0.245938
0.0204457
0.268173
0.0207561
0.0215907
0.0203567
0.0434563
0.0211062
0.0378345
0.0205676
0.0214828
0.0124719
0.0214284
0.283482
0.0205555
0.345371
0.0648652
0.020246
2.85017
0.0211494
0.338765
0.0831734
0.319127
0.0202745
0.0215399
0.0203949
0.0215834
0.0207119
0.380789
0.020892
0.0198489
0.0209823
0.0203058
0.120893
0.0209098
0.0234202
0.0206758
0.0257268
0.0209408
0.0232595
0.0208032
0.0208526
0.0200721
0.0209091
0.0209949
0.0213869
0.0215134
0.020693
0.245773
0.0212459
0.0205036
0.0205182
0.329077
0.146167
0.0205327
0.0200155
0.0213984
0.0319036
0.205514
0.079035
0.0200392
0.325664
0.0202859
0.0203
0.0209787
0.0215035
0.0209843
0.448866
0.0228407
0.0206622
0.021147
0.0232104
0.0208839
0.0203098
0.0205125
0.0207977
0.0211669
0.0209364
0.0208315
0.0210032
0.0237629
0.0396683
0.0208321
0.0207126
0.296203
0.0383129
0.176126
0.0206142
0.0205317
0.159101
0.0241599
0.574387
0.0246293
1.24629
0.0206275
0.0220744
0.0205538
0.0205621
0.376428
0.0210084
0.0223813
0.0207502
0.021583
0.0216583
0.027443
0.118792
0.0269841
0.0212674
0.0218251
0.537233
0.0205486
0.0208813
0.0228559
0.0206093
0.207125
0.0208163
0.0199442
0.0346385
0.0271337
0.0235421
0.0211136
0.0211935
0.0211316
0.020389
0.0204299
0.0205633
0.0203501
0.0207911
0.174061
0.0200409
0.13951
0.0272223
0.021503
0.0236916
0.0212702
0.0215804
0.0211655
0.0207122
0.5063
0.0245679
0.376579
0.0211363
0.24216
0.0205339
0.179518
0.0210313
0.0225175
0.0631845
0.0207442
0.133884
0.021074
0.0203066
0.0205299
0.0211478
0.156267
0.0401933
0.0258282
0.0207238
0.0207945
0.0207326
0.351034
0.0208945
0.0214197
0.0254666
0.0279909
0.0654247
0.0205321
0.0206329
0.0208583
0.0218605
0.258017
0.020546
0.0262727
0.0204189
0.01985
0.34756
0.0206412
0.0239712
0.0262278
0.387597
0.0206059
0.0522167
0.0224153
0.021562
0.0213377
0.0212099
0.0204617
0.303936
0.376032
0.0489177
0.0214248
0.0542785
0.0196723
0.0226404
0.0206514
0.0217157
0.123308
0.0202108
0.148417
0.0243822
0.0230148
0.0228856
0.0224206
0.283452
0.302556
0.0211191
0.0214305
0.0344564
0.0209505
0.0199326
0.0199886
0.201449
0.0811275
0.0196435
0.0303917
0.0217039
0.0284349
0.0531067
0.0203789
0.044915
0.0723423
0.0212402
0.108395
0.0430463
0.0213946
0.582109
0.0206587
0.0198813
0.0232049
0.297279
0.0212849
0.030242
0.0206525
0.0952906
0.0346211
0.0233445
0.0210319
0.213631
0.351816
0.0202078
0.0199252
0.0206792
0.0212323
0.021246
0.0196438
0.0498441
0.0200777
0.346286
0.0211669
0.493586
0.0212194
0.021732
0.493487
0.0210952
0.0201094
0.333158
0.020753
0.0206208
0.020909
0.0201111
0.0238119
0.0208024
0.0197225
0.524054
0.0200061
0.0259068
0.0211075
0.0237666
0.0202891
0.0205972
0.660618
0.0200612
0.0206192
0.442622
0.151918
0.0209211
0.0212071
0.0493908
0.0209527
0.0209443
0.0218259
0.0834967
0.0211565
0.020744
0.0302684
0.02151
0.0226726
0.0212738
0.0206039
0.020701
0.0207722
0.0206052
0.0397694
0.140933
0.0351217
0.0208775
0.020576
0.0212021
0.504068
0.177018
0.0251323
0.0668389
0.0679022
0.0199432
0.0196751
0.218799
0.28758
0.0209247
0.0200926
0.407116
0.242147
0.0285497
0.0214846
0.0198511
0.0208518
0.257693
0.0213537
0.0311559
0.267088
0.0206994
0.0548951
0.0256013
0.0213967
0.0206166
0.0213296
0.0208429
0.0468968
0.0210829
0.0291021
0.020768
0.0214823
0.0212523
0.0204645
0.0313573
0.0209665
0.0207643
0.020638
0.209829
0.020057
0.0208751
0.0213222
0.574053
0.495409
0.0204476
0.0438934
0.0205168
0.0202921
0.0206249
0.0281361
0.0262203
0.0206122
0.0205377
0.0212417
0.250248
0.0206163
0.293519
0.0200967
0.0239711
0.0211488
0.0206174
0.019926
0.0204266
0.0224997
0.503952
0.022593
0.0210615
0.0211482
0.398036
0.0212318
0.0206658
0.0236969
0.0221568
0.0212475
0.020791
0.397327
0.0243949
0.0281444
0.0247435
0.0262144
0.0203847
0.0212741
0.0206159
0.0211755
0.0220812
0.397899
0.0209945
0.0210861
0.0208371
0.0273764
0.0296897
0.022527
0.486262
0.0254991
0.0212308
0.27364
3.41806
0.327133
0.344101
0.0216553
0.020664
0.0212224
0.0247661
0.0208054
0.228973
0.0615814
0.020772
0.0322545
0.020476
0.0212498
0.020914
0.0208035
0.203949
0.0208567
0.0207045
0.0365023
0.567301
0.0311508
0.514656
0.0207379
0.0507894
0.732995
0.221668
0.0255791
0.0201661
0.534797
0.0197014
0.0233943
0.0219721
0.527051
0.0206569
0.0300439
0.0206231
0.021689
0.0206074
0.0201127
0.0208684
0.241838
0.279851
0.021095
0.263864
0.0213519
0.0205169
0.026555
0.0756226
0.0211474
0.03852
0.551414
0.0261044
0.0210724
0.0208136
0.0227073
0.0217804
0.4602
0.0207221
0.0225404
0.0210512
0.0207128
0.0207676
0.0267628
0.0200574
0.0209582
0.030683
0.0210105
0.0198525
0.0217082
0.0241418
0.032656
0.0626343
0.0210745
0.382308
0.0213451
0.0207319
0.0220405
0.0307668
0.18243
0.0207622
0.0207135
0.0207751
0.0208485
0.577459
0.215847
0.420069
0.0212491
0.0202221
0.0248306
0.0200785
0.024196
0.0208979
0.516656
0.451712
0.0275445
0.0208374
0.0320042
0.671771
0.0209785
0.556874
0.0200911
0.392832
0.293757
0.0208176
0.24222
0.025325
0.0329443
0.0208637
0.139881
0.0267579
0.196687
0.0209752
0.0211594
0.0212792
0.0226438
0.0207271
0.39285
0.0206013
0.553163
0.391608
0.0531103
0.264075
0.0200785
0.0207359
0.0207315
0.0202725
0.0212272
0.0211816
0.0295434
0.0298016
0.0463794
0.0210113
0.0210112
0.0211894
0.0229917
0.0261779
1.9966
0.0207329
0.0212266
0.0210393
0.0240817
0.0211731
0.0209604
0.285169
0.1592
0.0279744
0.0207887
0.0253315
0.0196638
0.435779
0.0211842
0.0204935
0.343757
0.0209257
0.0220263
0.0259916
0.0215733
0.0213932
0.0208148
0.0262403
0.0208597
0.0270203
0.376902
0.0212291
0.0593899
0.0205469
0.0286892
0.0215692
0.0207834
0.0456765
0.0210189
0.0244116
0.0273694
0.0207946
0.0233866
0.0200499
0.0213206
0.62738
0.020411
0.0212075
0.360523
0.0215458
0.0351341
0.0199273
0.296136
0.0203684
0.124601
0.0210585
0.02467
0.0211879
0.223034
0.0207854
0.0202891
0.0209646
0.0215979
0.0203528
0.0231622
0.020617
0.129553
0.0210896
0.021581
0.0207997
0.0205741
0.0208155
0.0208095
0.0208083
0.393335
0.0281244
0.0244811
0.0209003
0.0210708
0.0229296
0.0216896
0.0206175
0.213533
0.022643
0.0199499
0.0209321
0.0208857
0.0212326
0.139765
0.0274335
0.0210382
0.0208197
0.0211248
0.0209558
0.0209021
0.0202098
0.174633
0.516339
0.0207274
0.0199256
0.0206098
0.0207275
0.0209751
0.0208343
0.0209093
1.34488
0.0209532
0.0233956
0.502272
0.256725
0.0209273
0.0296708
0.0237514
0.311736
0.0621277
0.0207032
0.0221145
0.0239612
0.0213453
0.026084
0.0212401
1.61066
0.716684
0.0326046
0.0257933
0.0682973
0.0267002
0.0211531
1.39583
0.0212016
0.0314713
0.0207539
0.030046
0.043107
0.652751
0.0210484
0.0211675
0.39965
0.175406
0.0249353
0.421456
0.0205614
0.0715143
0.0210283
0.920872
0.0207984
0.0210864
0.0213033
0.0211949
0.0203746
0.0231697
1.86105
0.359866
0.0204818
0.0272408
0.0212997
0.220244
0.0249877
0.0211145
0.0224061
0.4295
0.122649
0.021122
0.0221061
0.0206159
0.0208948
0.0200999
0.0203706
0.224227
0.0211681
0.0399805
0.0531199
0.0240068
0.0210814
0.0208115
0.236128
0.0213725
0.0213865
0.0202935
0.020807
0.0213531
0.0212131
0.271016
0.547378
0.0206953
0.208361
0.0279778
0.0208088
0.0202749
0.0214686
0.0202887
0.0227844
0.292923
0.0235344
0.0213836
0.519564
0.021223
0.521148
0.0210542
0.0207556
0.0209648
0.0205111
0.0209384
0.388883
0.0396266
0.0209673
0.151635
0.0215695
0.024608
0.474321
0.0214773
0.0211783
0.0237699
0.0210029
0.0213418
0.25073
0.0447471
0.020804
0.020119
0.0230319
0.250662
0.0216189
0.0200226
0.449937
0.0501921
0.0211312
0.0221646
0.253627
0.022274
0.0205677
0.811201
0.087568
0.732218
0.0227468
0.0693232
0.0244937
0.0255217
0.0242718
0.0206825
0.238578
0.0206895
0.0209254
0.373696
0.0209509
0.020714
0.0213905
0.0999407
0.0206118
0.0210604
0.0209864
0.023118
0.020077
0.0209485
0.0232957
0.762692
0.0219041
0.543613
0.0472193
0.01994
0.0288723
0.0371147
0.0212901
0.0210663
0.221199
0.0212877
0.0503041
0.020997
0.0212883
0.0700481
0.0200065
0.020941
0.0209394
0.291772
0.020981
0.0381608
0.0202728
0.0210675
0.0200932
0.0764425
0.0212769
0.0208814
0.0208523
0.275134
0.0213559
0.156615
0.021261
0.0208484
0.0261706
0.215805
0.0210336
0.405055
0.0535583
0.0200618
0.0214088
0.0269549
0.0200075
0.0210821
0.407322
0.021203
0.0216249
0.0452164
0.0201615
0.0213665
0.0230692
0.0288819
0.384072
0.0289502
0.549856
0.0420411
0.0211008
0.256757
0.031209
0.310809
0.0217593
0.575624
0.0274208
0.0203558
0.373135
0.0210309
0.0456968
0.0211446
0.0567172
0.21773
0.0236102
0.0206677
0.529767
0.0205527
0.0477405
0.0202097
0.0203702
0.021523
0.392123
0.0209376
0.0209785
0.0209437
0.0212675
0.0214573
0.0212696
0.0197284
0.0209862
0.0836277
0.0729746
0.0210094
0.0890832
0.0209433
0.0231268
0.080574
0.543962
0.0225097
0.567411
0.022211
0.021626
0.0221416
0.0331847
0.0299241
0.0207032
0.0231687
0.0255062
0.923189
0.0211631
0.0211116
0.0203468
0.0247112
0.0207233
0.0284565
0.415409
0.0279315
0.0226264
0.020563
0.0229396
0.0201949
0.0199891
0.0272759
0.0604836
0.0204102
0.0341193
0.0223283
0.0212764
0.0333327
0.0211756
0.0214576
0.0206396
0.0201778
0.020052
0.0199403
0.0264442
0.0220636
0.0204806
0.022479
0.0253891
0.019647
0.0206292
0.0227666
0.0210915
0.0246227
0.021211
0.0231676
0.0211338
0.0297195
0.0215641
0.0212307
0.313488
0.0291875
0.0209833
0.0277007
0.0211389
0.0205948
0.0209467
0.0206939
0.0224035
0.0216817
0.0252727
0.0217444
0.347238
0.0212332
0.0208353
0.0335358
0.0202985
0.0210891
0.0324601
0.0209494
0.445527
0.0210278
0.0204281
0.169361
0.031228
1.46875
0.0209249
0.0209415
0.0207954
0.0259313
0.0201602
0.0210071
0.0595463
0.0350162
0.0508128
0.351251
0.0218254
0.397793
0.0205518
0.0507734
1.3711
0.0361805
0.41176
0.0241284
0.177969
0.127983
0.0200127
0.530359
0.0208429
0.0209171
0.0204167
0.0212122
0.0209442
0.0209295
0.0242567
0.0836827
0.0227392
0.0338801
0.177446
0.0209597
0.0952069
0.0210713
0.0209975
0.0199407
1.34779
0.0211425
0.0562241
0.596928
1.06228
0.0426904
0.778955
0.0200551
0.0358527
0.0340169
0.0204152
0.0224594
0.0312405
0.0213025
0.0207874
0.0210793
0.0209278
0.0375268
0.0230675
1.10177
0.0348615
0.0207638
0.0580638
0.0209378
0.0213836
0.0411109
0.54229
0.0238908
0.0210527
1.49886
0.0812807
0.0238354
1.36949
0.0212093
0.021984
0.0215513
0.0380478
0.0199369
0.0212065
0.0208792
0.0207631
0.0204952
0.024044
0.0211002
0.0213023
0.0252822
0.0214493
0.0761749
0.0209378
0.0214605
0.702954
0.0211384
0.0211437
0.147072
1.26879
0.0212872
0.0207617
0.0283651
0.0221928
0.0214782
0.0213805
0.0207568
0.0212289
0.225024
0.0207745
0.0202663
0.0207393
0.0209789
0.0206491
0.0334698
0.0379704
0.029267
0.0195645
0.0790947
0.0211184
0.0212345
0.0207737
0.0207642
0.0950753
0.0202736
0.0207476
0.0248314
0.0209132
0.0230205
0.0296947
0.0206687
0.023937
0.0362903
0.0212218
0.779964
0.025327
0.0732393
0.027136
0.232843
0.02133
0.0222299
0.0204322
0.0208264
0.0209084
0.102066
0.0215821
0.0203829
0.0202887
0.163117
0.0210397
0.0203366
0.0203684
0.023176
0.0217033
0.02115
0.0326498
0.136606
0.576345
0.0239443
0.030168
0.0210551
0.0331969
0.0423681
0.0203294
0.0249999
0.0780311
0.0207233
0.0224034
0.0211339
0.0204675
0.0956025
0.02647
0.0226095
0.161024
0.0866709
0.0292154
0.0202749
0.02004
0.0692094
0.0207214
0.0271788
0.0228674
0.0215109
0.0283895
0.0234468
0.0254988
0.0210806
0.020588
0.0307914
0.0243182
0.192725
0.0497312
0.199543
0.0220176
0.0215697
0.0248691
0.0210093
0.0237511
0.0202888
0.020946
0.394068
0.0238012
0.395616
0.0305972
0.0310774
0.0213207
0.208738
0.0595316
0.369493
0.0201672
0.0218427
0.0255065
0.0221058
0.0718284
0.2552
0.0211244
0.0507444
0.0586021
0.534408
0.38249
0.0206752
0.0215502
0.074505
0.0239452
0.0978506
0.0130169
0.0521578
0.0820996
0.0214086
0.0209954
0.0721662
0.0213937
0.0199464
0.022385
0.0210497
1.36898
0.021161
0.0208671
0.0285303
0.0231118
0.02107
0.0213633
0.0212199
0.0211525
0.0220464
0.0346523
0.0203404
1.10871
0.0261304
0.156378
0.0227846
0.021229
0.0242399
0.355809
0.0271858
0.0544627
0.021014
0.0211756
0.0201771
0.0220144
0.0313938
0.0210238
0.0214454
0.0214353
0.028538
0.0212741
0.0838055
0.0212243
0.0226467
0.0253835
0.027019
0.022748
0.0211834
0.0258637
0.0212326
0.0214386
0.0211292
0.0212458
0.021827
0.1948
0.0210202
0.0211366
0.0214427
0.252149
0.0229039
0.0223068
0.0212412
0.0230394
0.0292438
0.0212141
0.0403561
0.0907858
0.0209291
0.0328549
1.19316
0.0215142
0.0204784
0.0202831
0.0229105
0.0222166
0.0388509
0.0219382
0.0221318
1.21441
0.0203535
0.0209142
0.0214655
0.0264662
0.0265535
0.0214821
0.0287111
0.0211162
1.08384
0.0238422
0.0343849
0.309234
0.0302343
0.0213891
0.023121
0.0234421
0.0214756
0.0249852
0.0211408
0.0236612
0.0214802
0.0210593
0.0208274
0.0210865
0.0209973
0.0230371
0.0312884
0.0205987
0.0212371
0.0203608
0.249115
0.0359978
0.0214203
0.0202413
0.020916
1.35352
0.0495407
0.0211871
0.372005
0.0214374
0.0206692
0.0205741
0.0209545
0.0214777
0.0212586
0.0210785
0.107841
0.0210714
0.025542
0.0224233
0.0208698
0.0752015
0.265653
0.0210381
0.0262094
0.241865
0.020811
0.0209236
0.0210246
1.57863
1.3592
0.263362
0.0788704
0.0215852
0.0304087
0.0917981
0.0214761
0.0442472
0.575168
0.0769037
0.021072
0.0309093
0.0214371
0.0260806
0.0299342
0.0213297
0.0253009
0.0212939
0.0237506
0.0241016
0.560051
0.0241198
0.0203695
0.0208926
0.0201774
0.172686
0.0210741
0.0230835
0.0219961
0.0654713
0.0211243
0.0456338
0.0358697
0.0823276
0.186996
0.0257303
0.573746
0.0205863
0.0210502
0.0213533
1.3621
0.0212351
0.0211221
0.0226671
0.0201705
0.0212733
0.0220675
0.022531
0.0208057
0.0215882
0.0214949
0.0206831
0.02044
0.0697714
0.0208586
0.0207832
0.0229214
0.274964
0.0218104
0.0299509
0.0222506
0.0246539
0.281245
0.0233517
0.0209261
0.0212878
0.322401
0.0217031
0.277531
0.023357
0.0211967
0.0237061
0.113588
0.0210565
0.0214486
0.0205102
0.021135
1.07106
0.422098
0.0204398
0.0203501
0.0280672
0.0211277
0.0213249
0.0437972
0.0432813
0.0206705
0.0238328
0.0214462
0.0328664
1.42933
0.0261529
0.0213586
0.0561102
0.0585107
0.0210905
0.190106
0.0210964
0.233466
0.0205652
0.0311068
0.0211208
0.0441202
0.022852
0.0212168
0.0236558
0.0220591
0.0214164
0.0241403
0.0244401
0.0211023
0.0226972
0.0211908
0.0463215
0.023633
0.0206912
0.0233789
0.0214326
0.0212054
0.0406118
0.0262263
0.024552
0.0209612
0.0211711
0.020321
0.0212808
0.0209461
0.0210593
0.0212789
0.021012
0.291288
0.0312353
0.0215371
0.020696
0.0499521
0.961958
0.0325297
0.0202928
0.021112
0.024277
0.0211211
0.0262766
0.0256116
0.0213813
0.0220967
0.0212128
0.275911
0.275099
0.305873
0.0222428
0.116264
0.0251578
0.0210036
0.0209317
0.0201625
0.0492732
0.0211198
0.0199693
0.0206828
0.415284
0.393239
0.0222838
0.0199505
0.0214746
0.119144
0.0210995
0.396817
0.0209157
0.0210457
0.0235705
0.0211045
0.02131
0.0462304
0.321011
0.0248482
0.0213331
0.0801258
0.021102
0.021649
0.0213525
0.398718
0.0211052
0.0211632
0.0212883
0.0214749
0.0633743
0.163169
0.0268875
0.0348989
0.0208665
0.0207836
0.032225
0.021112
0.0204613
0.0340731
0.0200301
0.0224285
0.0209761
0.0213304
0.246323
0.0511298
0.0633816
0.0210834
0.194842
0.372227
0.022399
1.46227
0.0218058
0.0210817
0.0206218
0.0202966
0.0204249
0.0219839
0.0225659
0.0213859
0.0240013
0.0210869
0.0211009
0.0230292
0.0210578
0.0390392
0.0209377
0.0201879
0.0211771
0.0213825
0.324809
0.0206532
0.0213405
0.0379204
0.0253559
0.0201264
0.0356281
1.01112
0.0243288
0.109062
0.0550785
0.0212501
0.0209793
0.0353726
0.0211974
0.0515394
0.0318996
0.0214944
0.0214213
0.0208842
0.0207901
0.0210524
0.289297
0.0216947
0.0215282
0.0236705
0.0219705
0.0213786
0.020765
0.271072
0.0288819
0.0203729
0.0212396
0.0215421
0.0230213
0.2802
0.0600851
0.0200634
0.929838
0.0506973
0.492858
0.0199352
0.0206294
0.0474223
1.49088
0.0213187
0.0214014
0.0212204
0.0203143
0.0200577
0.0200425
0.0207591
0.0216532
0.0349991
0.0209158
0.0201629
0.0211317
0.0278898
0.0217432
0.0210403
0.0258672
0.0201784
0.450964
0.0258985
0.0213952
1.0564
1.36023
0.0373327
0.0211915
0.0202962
0.0210921
0.51809
0.0278406
0.0214141
0.0214722
0.0233159
0.0212201
1.43331
0.0212411
0.0277458
0.0212893
0.0200414
0.0336008
0.0881667
0.0217594
0.0264718
0.0214478
0.0212719
0.234513
1.83916
0.0210692
0.0205676
0.0272362
0.0335784
0.0268946
0.0204592
0.0343995
0.0344173
0.0279366
0.021049
0.0212018
0.021021
0.0207729
0.0233487
0.0209463
0.0257066
0.034642
0.0228764
0.0448008
0.0276401
0.0212143
0.0213629
0.0653641
1.26146
0.135988
0.0829691
0.0200472
0.0400435
0.0214453
0.0204182
0.0226318
0.0226402
0.0216378
0.153941
1.10485
0.734279
1.30847
0.0212676
0.0507292
0.0201717
0.0203388
0.0227179
0.0251852
0.248844
0.0237468
0.0254928
0.02584
0.245279
1.23188
0.0210865
0.0214717
0.0352169
1.32998
0.0208953
0.0450086
0.254714
0.0212146
0.0223673
0.020066
0.0221325
0.021459
0.0323911
0.0427607
0.0213141
0.0201816
0.0386542
0.10609
0.0199861
0.0401707
1.24327
0.0468959
0.398893
1.15493
0.0219621
0.0210817
0.140568
0.0211513
0.0214124
0.0203515
0.0209166
0.368945
0.0281857
0.0272836
0.28276
0.0239246
0.027801
0.0212533
0.0279346
1.15576
0.0199663
0.0430573
0.587366
0.0419023
0.021455
0.023569
0.0225617
0.0200672
0.0205317
0.691523
0.0237376
0.0211154
0.029954
0.0273512
0.0222095
0.0747515
0.0249608
0.0228847
1.08385
0.0205666
1.5086
0.0215754
0.0277193
0.0476199
0.0239419
0.245445
0.0214516
0.0255259
0.021191
1.61371
0.027515
0.029638
0.0201861
0.0629667
1.64293
0.289162
0.0206524
0.0257942
0.0271146
0.0207828
0.020376
0.0252094
0.0462172
0.0205031
1.45633
0.0225728
0.0213334
0.0212595
0.022742
0.027282
0.584093
0.0992051
0.0283188
0.0216971
0.021435
1.88515
0.0204601
0.0210667
0.57626
0.0474345
0.0226256
0.0209107
0.0212004
0.0715921
1.87842
0.0298893
0.0214285
0.0505202
0.0203541
0.030786
0.0213567
0.0204352
0.0446834
1.72754
0.0284562
0.0225161
1.82172
0.0296435
0.0231825
0.0213851
0.394165
0.0239079
0.021899
0.0577747
0.0294888
0.076158
0.223527
0.0214141
0.0938025
0.0283511
0.0265787
0.0206083
0.0759592
0.0292253
0.0210449
0.155924
0.0214457
0.0214173
0.218313
0.0210424
0.0436943
0.0207716
0.0340579
0.0278076
0.0210211
0.163372
0.0378811
0.0202803
0.598778
0.0209043
0.0209148
1.31907
0.812005
0.0479232
0.2159
0.0300124
1.74332
0.0213636
0.905628
0.0251829
0.0207537
0.0323782
0.569314
0.020325
0.0213644
0.0201261
0.0213941
0.0216618
0.0201857
1.84098
0.0231893
1.56835
0.0214637
0.39781
0.0214302
1.63327
0.0208777
0.020771
0.0214
0.021424
1.54652
1.90246
0.020401
0.0216884
1.19717
0.0699891
0.022217
0.020488
0.0205827
0.0541934
0.228224
0.315943
0.0266497
0.0203554
0.0203681
0.0222364
0.0221527
0.0213687
0.0225205
0.240309
0.0238674
0.869875
0.0220379
0.0203707
0.028078
0.135622
0.020737
0.0234388
0.0196583
0.0248635
0.0213714
0.0219865
0.0214627
0.0232982
0.0213717
0.235326
0.0336447
0.0210789
0.0213755
0.022188
0.0222007
0.212184
0.0332284
0.0471242
0.0204554
0.021379
0.0210918
0.0614233
0.313693
0.0545317
0.0224225
0.0228164
0.40229
0.415163
0.0202174
0.0595446
0.0502177
0.0219145
1.71727
0.0213417
0.0929776
0.0211997
0.0211595
0.123487
0.0416971
0.0213492
0.0508747
0.347697
0.0202041
0.144977
0.0213545
0.144479
0.285079
0.093647
0.0813986
0.756677
0.0211905
0.0262969
0.0222764
0.0213831
0.0200274
0.0563887
0.0996514
0.0217036
0.020457
0.0214428
0.0235287
0.0544484
0.0214032
0.264103
0.0712962
0.0693254
0.0315835
0.0219207
0.0207918
0.0209518
0.0250921
0.0226034
0.0278283
0.0227048
0.12209
0.0322451
0.0232583
1.29987
1.53522
0.0364422
0.0207311
0.0259008
0.0314406
0.0233914
1.55186
0.020984
0.0208569
0.390028
0.0204399
0.0312026
0.0207063
0.0206688
0.0356182
0.0316368
0.042218
0.112166
0.092589
0.113961
0.0410527
0.0998784
0.0480482
0.725975
0.0211183
0.0394511
0.259427
0.0590521
0.0223109
0.0231178
0.0211047
0.0204446
0.0253501
0.022084
0.0245213
0.0388278
0.133688
0.0322803
0.0228069
0.0218667
0.0627619
0.0288779
0.0468868
0.0210109
0.0214395
1.07748
0.0119623
1.59174
0.0195559
0.019557
0.0219892
0.049258
0.23913
0.0201663
0.0336577
0.0218059
0.0564201
0.0212297
0.0425628
0.0211029
0.0205694
0.0736135
0.0214916
0.0205604
0.0217233
0.0598117
0.0234866
0.0226256
0.0207361
0.0221017
0.156444
0.029029
0.0207726
0.2884
0.0292421
0.0229819
0.0509413
0.0271481
0.0207502
0.0332214
0.0254757
0.556558
0.022823
0.0222736
0.020618
0.0638612
0.0202474
1.40873
0.0203065
0.990406
0.0204077
0.0270411
0.0203039
0.0237364
0.0200799
0.0319251
0.0225635
0.0210824
0.022972
0.0204444
0.0213892
0.355426
0.0205623
0.0281582
0.0268606
0.020966
0.0205827
0.0216161
0.0274754
0.0968487
0.0210478
0.0234207
0.0202723
0.0363278
0.022248
0.0274136
0.0208905
0.0217207
0.0310304
0.0295359
0.0286249
1.02897
0.0288725
0.023605
0.0209108
0.024775
0.279541
0.0204479
0.0210099
0.0275874
0.0211579
0.0812594
0.0320154
0.0198682
0.0281288
0.0245161
0.0213431
0.0208921
0.0205385
0.0687784
0.0207475
0.0215874
0.022392
0.022464
0.020391
0.0227864
0.0198564
0.0213313
0.020714
1.79713
1.76801
0.0211113
0.0597913
1.26244
0.0267371
0.435677
0.0216472
0.0225329
0.0217132
0.0280851
0.0209982
0.0224194
0.0278055
0.0205836
0.152773
0.496695
0.0204072
0.0212278
1.38068
0.020651
0.0213136
0.0303949
0.0212152
0.0321634
0.0483973
0.153111
0.021383
0.0212107
0.0211703
0.57163
0.0219449
0.020739
0.0206914
0.0215108
0.0233371
0.0220316
0.0220963
0.0200097
0.0281259
1.99633
0.0505404
0.0213665
0.0210289
0.27599
0.0202326
0.0211077
0.194137
0.138087
0.0362411
0.292148
0.0223771
0.02059
0.0202452
0.0271326
0.0203732
0.0304388
0.0224897
0.0263598
0.0211107
0.625465
0.0208744
0.0225997
0.0212144
0.0208542
0.0227079
0.020648
0.0219943
0.0240278
0.0583834
0.0215788
0.0348001
0.0810277
0.0253661
0.0220027
0.0270523
0.14642
0.155124
0.0299029
0.0212511
0.429218
0.0205734
0.0213482
0.020672
0.27882
0.0215852
0.020799
0.227487
0.0207629
0.277168
0.0206725
0.552682
0.0204588
0.0263893
0.02074
0.0273438
0.0216587
0.0333033
0.0234912
0.246829
0.0228311
0.0228198
0.0210696
0.0211009
2.81851
0.0212825
0.0272959
0.0215373
0.122764
0.0207595
0.201627
0.0479958
0.0735431
0.0200981
0.0215938
0.0204302
1.74139
0.253869
0.0206293
0.0245438
0.0208791
0.0211167
0.0219775
0.0212278
0.0211691
0.02192
0.245121
0.0272025
0.4731
0.121469
0.132623
0.0211857
0.0203699
0.0266808
0.0208061
0.0215784
0.0216715
0.327197
0.111536
0.021238
0.0248879
0.0210729
0.708627
0.0222657
0.354713
0.0205087
0.0226299
1.69763
0.0210888
0.020778
1.45628
0.0204655
0.0207594
0.0539279
0.0205199
0.0343325
0.162649
0.496146
0.0220971
0.0477044
1.28735
0.0271749
0.0203049
0.0212352
0.0242625
0.0213778
0.0240439
0.279127
0.23662
0.0206499
0.0302723
0.0211656
0.0213235
0.0219257
0.0266483
0.0203705
0.0450398
0.0249139
0.145616
0.0220637
0.0205011
0.0214905
0.0229244
0.0210452
0.0219803
0.29636
0.0205899
0.272479
0.0265642
0.0226525
0.0214413
0.020727
0.0213135
0.0358447
0.0206989
0.0207766
0.0281213
0.0211318
0.0256741
1.18631
0.396143
0.0273996
0.0204599
0.0206704
0.0213524
0.0395417
0.0458535
0.0214569
0.0213591
0.0213713
0.024616
0.0222557
0.0251056
0.0208263
0.0487789
0.021386
0.0467961
0.0211462
0.0211505
0.0229838
0.020812
0.0208196
0.0246811
0.040607
0.0209556
0.0278343
0.231361
0.144613
0.0205815
0.0213698
0.0204208
0.0242305
0.020763
0.0229545
0.174595
0.411383
0.0301415
0.0221277
0.0854841
0.02646
0.0209881
0.607069
0.0210645
0.630543
0.0207767
0.0209037
0.0230968
0.0209034
0.020288
0.0213982
0.0206486
0.0244524
0.0214637
0.0206576
0.240229
0.204559
0.239227
0.0204699
0.0241733
0.0213901
0.0235107
0.172891
0.557463
0.0212433
0.0840357
0.0214355
0.0210398
0.0209866
0.021165
0.0207491
0.0214302
0.0261285
0.0210608
0.0223924
0.267048
0.0207905
0.0285913
0.0216567
0.102506
0.24347
0.254313
0.094598
0.0206879
0.199556
0.0214337
0.0277431
1.5369
0.0212269
0.262613
0.0205063
0.0206305
0.0223818
0.0829823
0.0465563
0.0235378
0.0844465
0.0213759
0.2851
0.242987
0.0605272
0.157813
0.0206608
0.19627
0.0299331
0.0214254
0.0207351
0.0226881
0.0293105
0.0467934
0.0271611
0.0332809
0.0215348
0.0240305
0.0211218
0.0225094
0.0204836
0.0292474
0.0205386
0.0210538
0.233666
0.0293487
0.0209812
0.0206075
0.253064
0.0216554
0.022579
0.0219215
0.020776
0.0211359
0.021417
0.021395
0.0322654
0.0233844
0.0214201
0.0214626
0.02107
0.0237916
0.0212242
0.252098
0.602151
0.0239651
0.0231946
0.0212484
0.0476703
0.0908844
0.0202439
0.0211989
0.433929
0.0220984
0.10165
0.0209037
0.237363
0.0214031
0.0213544
0.021582
0.021455
0.022065
0.0244463
0.0259247
1.9225
0.213774
1.79696
1.45859
0.252145
0.0250457
0.049397
0.0207178
0.050712
0.022151
0.0214576
0.0250198
0.0213781
0.021397
0.0203862
0.0219913
0.0208443
0.0250194
0.0204879
0.0228976
0.0205223
0.0210237
0.0210667
0.0691472
0.0210391
0.0207979
0.0200306
0.0286065
0.0213626
0.0226206
0.0214542
0.0345036
0.234007
0.0655317
0.0311049
0.020665
0.0249456
0.0210789
0.0212041
0.0262584
0.0218886
0.0207974
0.0212873
0.0277793
0.0203544
0.0205575
0.020919
0.230886
0.0218642
0.334427
0.020524
1.93635
0.0203671
0.0208661
0.0200062
0.0207108
0.020881
0.236617
0.020949
0.157505
0.0206254
0.0202853
0.232909
0.0222552
0.103491
0.0208268
0.0206006
0.133651
0.586948
0.0496729
0.0210903
0.0221815
0.0204906
0.0204695
3.39271
0.0208533
0.0314635
0.0282469
0.0290002
0.0266274
0.022356
0.0256937
0.582919
0.0240513
0.117244
0.0208819
0.321265
0.0204785
0.17167
0.0204671
0.241482
0.113782
1.33118
0.0234953
0.0206752
0.0214427
0.0584412
0.0205958
0.0399339
0.0203705
0.145147
1.26479
0.128728
0.0450344
0.0229245
0.0196736
0.0213736
0.0203764
0.0534635
0.0206327
0.0451853
0.0400255
0.231799
1.45737
0.0226011
0.0211828
0.0202436
0.0481009
0.621313
0.0223169
0.0228571
0.0315895
0.0217608
0.0208573
0.0258531
0.021031
0.0206641
0.0662225
0.0226826
0.0206814
0.0703812
0.021276
0.0208241
0.0398176
0.027701
0.0267296
0.088014
0.0439089
0.821123
0.155755
0.0213784
0.021011
1.78435
0.0195837
0.0210164
0.0215678
0.0209765
0.0208093
0.022563
0.0219445
0.042384
0.0329053
0.0240478
0.240941
0.0212153
0.0436966
0.58747
0.0210625
0.179101
0.0268724
0.0210275
0.0331042
0.0668974
0.0206
0.0277501
0.0250515
0.0214143
0.0211565
0.0750898
0.0213215
0.0279395
0.0198944
0.0198667
0.0280527
0.0219618
0.0218648
0.0222313
0.0214553
0.020348
0.0207413
0.0640907
0.0221651
0.0210905
0.0212295
0.0212409
0.0210283
0.0213191
0.0298777
0.0210423
0.0268182
1.9691
0.261572
0.882991
0.0286737
0.0406487
0.0208612
0.0249635
0.100431
0.0299224
0.0215368
0.193792
0.0209496
0.0221379
0.0209054
0.54403
0.0198639
0.0210524
0.0211809
0.0213971
0.0303588
0.0212393
0.0670459
0.0210515
0.0214601
0.0208198
0.0213566
0.0205116
0.0213994
0.0228219
0.0506713
0.0211589
0.0213095
0.0285724
0.0219538
0.0371052
0.0207355
0.0199885
0.141005
0.0249247
0.0213163
0.0226972
0.0205707
0.0686226
0.0602337
0.0214994
0.0239732
0.022481
0.0212362
0.0206308
0.0244443
0.024155
0.133108
0.177974
0.0195438
0.0277723
0.0219462
0.0224727
0.133575
0.0207305
0.134344
0.0303132
0.0218158
0.0225156
0.0205512
0.0210801
0.0203378
0.691297
0.0210501
0.158432
0.0213554
0.0208589
0.0238374
0.254054
0.250217
0.0208907
0.0286052
0.200149
0.194874
0.0230587
0.0206636
0.0225637
0.0198642
0.289275
0.0217217
0.0224968
0.0211969
0.0224852
0.0208271
1.32191
0.0209877
0.0256521
1.59998
0.0207505
0.0213074
0.0198648
0.02316
0.022187
0.0205119
0.0268946
0.0214056
0.0206674
0.0212135
0.0317004
0.030404
0.0205158
0.0198707
0.0222824
0.887446
0.0207852
0.0964056
0.078746
0.541903
0.218669
0.0206667
0.021296
0.361186
0.0213964
0.025778
0.0222164
0.0245204
0.435287
0.020912
0.0208969
0.0219815
0.259243
0.780071
0.0211907
0.0498251
1.47795
0.0232521
0.0211801
0.028179
0.0206715
0.0212251
0.0258673
0.0217087
0.021344
0.0536999
0.0214123
0.0316504
0.0253274
0.0213603
0.025853
0.495423
0.0387984
0.0211718
0.0233513
0.0206456
0.229066
0.0224314
0.350171
0.253463
0.0207377
0.0215501
0.0228686
0.0487527
0.0351006
0.0222113
0.0223008
0.0210731
0.436619
0.25763
0.0220875
0.0198597
0.18262
0.281239
0.27206
0.0211657
0.437114
0.037689
0.0215327
1.55933
0.0257508
0.270144
0.0209211
1.7544
0.0199546
0.0212325
0.0210807
0.0214162
0.255483
0.0206368
0.0565721
0.556464
0.0207732
0.020896
0.0266392
0.0223988
0.0211649
0.0206666
0.0212625
0.0221921
0.0998397
0.0206879
0.0313955
0.0202945
0.0204849
0.0209254
0.0304962
0.0244263
0.0222707
0.0211286
0.0210643
0.0205769
1.35143
0.021425
0.0204215
0.0386767
0.0209756
0.049153
0.0209472
0.0211808
0.0213463
0.0197713
0.0248556
0.0197378
0.0244897
0.024613
0.0205607
0.0243435
0.0227321
0.0230464
0.0215103
0.0299901
0.0286366
0.0256014
0.0638861
0.0214538
0.120121
0.0228208
0.0205647
0.0242303
0.0292286
0.076438
0.0294468
0.0203861
0.0304767
0.0904551
0.0288495
1.45479
0.0203768
0.0200383
0.0212576
0.0221079
0.0205885
0.020646
0.027998
0.0792018
0.022576
0.0215395
0.0225894
0.0214774
0.0230064
0.0219946
0.046159
0.0213579
0.0220567
0.0195652
0.219624
0.0780732
0.441995
0.613552
0.0211727
0.0212056
0.0209154
0.0210055
0.0213053
0.216387
0.0265459
0.0207198
0.0203643
0.0208578
0.0345737
0.0238103
0.0247196
0.0235953
0.0213307
0.0218306
0.0517303
0.071494
0.0666547
0.0200339
1.00861
0.0212054
0.0208606
0.0279828
0.0216824
0.0204255
0.0216945
0.570391
0.0211919
0.0238691
1.42901
0.0269962
1.2233
0.0272437
0.0212833
0.193906
0.0207289
0.0459636
0.030563
0.0706879
0.0214826
0.0211948
0.0272093
0.0206847
0.0218468
0.0201096
0.0219279
0.0213938
0.589167
0.0247553
0.570993
0.0250296
0.603417
0.0294022
0.288541
1.27168
1.75409
0.0208694
0.022964
0.0207044
0.0205154
0.789993
0.0217601
0.0224495
0.0263004
0.229157
0.0641061
0.0205214
0.0206401
0.0220683
0.0266096
0.0229146
0.0238142
0.0262597
0.0200839
0.0209227
0.0473698
0.0264829
0.0210394
0.0204258
0.0209078
0.0201516
0.353931
0.225522
0.0214308
0.0210934
0.0219628
0.0205281
0.026169
0.0203376
0.0238179
0.0224008
0.221129
0.0209739
0.0210189
0.0213033
0.0910743
0.0479871
0.0207118
0.0295124
0.115748
0.0246041
0.0210806
0.0211341
0.021319
0.0389226
0.241076
0.0242208
0.259131
0.0247435
0.0198619
0.0207215
1.29489
0.0213238
0.0425406
1.32329
0.0212589
0.0220912
0.0217593
0.0197633
0.0441935
0.0213198
0.0235831
0.0222667
0.105129
0.0705973
0.021703
0.0212791
0.0213293
1.5309
1.05242
0.0258436
0.0217768
0.568786
0.0204516
0.0239749
0.0225066
0.0209571
0.089252
0.0195848
0.610276
0.595274
0.0234239
0.0264309
0.0251802
0.0216213
0.0209792
0.943191
1.54102
0.0270976
0.021894
0.0212922
0.169401
0.341735
0.0205083
0.697427
0.117875
0.0204096
0.0218689
0.0204028
0.0211432
0.0226809
0.179182
0.253111
0.0224256
0.0215625
0.0218569
0.0210203
0.0204029
0.0411264
0.0229836
0.0202227
0.0225701
0.0207892
0.0218216
0.0224981
0.0216911
0.0248111
0.0215191
0.0208932
0.0246128
0.0208751
0.0211735
1.80641
0.0217487
0.0302899
0.0209421
0.021239
0.0201358
0.026542
0.0227481
0.249146
0.578015
1.64696
0.0214062
0.0213145
0.576647
0.0234626
0.020358
0.0224531
0.022517
0.0253403
0.0209514
0.0205206
0.0212556
0.0212577
0.0213033
0.0213375
0.0204325
0.027405
0.0255811
0.0218479
0.0265197
0.0288269
0.0231488
0.24481
0.236214
0.0211617
0.0206889
0.27479
0.284385
0.0390263
0.0238861
0.0214671
0.0215357
0.0212412
0.0210235
0.0209977
0.564138
0.0216402
1.42153
0.0261008
0.0245865
0.294533
0.0365409
0.176824
0.0218172
0.0502626
0.574036
0.0212266
0.0355318
0.240476
0.0195963
0.417583
0.385399
0.0212466
0.0205084
0.0217385
0.021792
0.0228877
0.0205069
0.0212897
0.0250773
0.0349661
1.51238
0.0211704
0.0204242
0.0245474
0.0215736
0.333653
1.28256
0.371942
0.0204541
0.0212183
0.0243089
0.0208744
0.0261641
0.0204781
0.020612
0.0269409
1.31026
0.0212875
0.0213114
0.274328
0.537807
0.0209641
0.0240307
0.149542
0.325431
0.0212113
0.023361
0.0468565
0.0504782
0.022377
1.36264
0.0218812
0.0202415
0.0282713
0.0205905
1.24365
0.294442
0.0235441
0.594945
0.0207963
0.0225494
0.0212967
0.0215672
0.337796
0.0882859
0.0278987
0.0213204
0.0209975
0.166627
1.32922
0.0205668
0.0245958
0.0216076
0.0214999
0.021309
0.0347086
0.046286
0.0211621
0.0217497
0.0207412
1.35691
0.0213242
0.0224776
0.0305318
0.024941
0.0214686
0.0196899
0.0218372
0.0214116
0.0261859
0.156893
0.0205839
0.0363998
0.0206283
0.043002
0.0221433
0.0211551
0.42469
1.61097
0.0216638
0.231029
0.0215592
0.0317756
0.0212728
0.0217195
0.0219696
0.0195682
0.0215358
0.0214365
0.0213821
0.0209413
0.0205682
0.0206184
0.02107
0.603745
0.0215973
0.0248643
0.021347
0.0288331
0.0207084
0.0212495
0.0212871
0.0213073
1.09799
0.26747
0.0211
0.559862
0.0223369
0.0630905
0.0386589
0.0211399
0.0672914
0.0875063
0.0215231
0.0213184
0.0216937
0.0228261
0.0255371
0.49824
0.0214923
0.0206041
0.0212966
1.44742
0.0216637
0.0990301
0.0223626
0.0222815
0.0347582
0.0215408
0.0204911
0.022359
0.0208732
0.0248245
0.615835
0.0269666
0.0209935
0.0213833
0.0619409
0.024031
0.337118
0.0208697
0.0214582
0.561907
0.0195789
0.0205686
0.106579
0.0205345
0.0267191
0.021383
0.0211646
1.59998
0.0208662
0.0206607
0.0233608
0.0204141
0.0226557
0.0324374
0.0204317
0.062376
0.0211499
0.0196172
0.0239533
0.0228642
0.0241812
0.152751
0.589845
0.0214967
0.0432504
0.265088
0.0343474
0.190325
0.0215545
3.52795
0.0214214
0.0212986
0.0238799
0.315533
0.0216265
0.022892
0.023522
0.0681543
0.0219754
0.0216667
0.0235421
0.0238866
0.0219916
0.0223655
0.0509539
0.0364858
0.0257882
0.0228579
0.0222222
0.0212945
0.171789
0.0214075
1.37514
0.0212014
0.0318849
0.0227396
0.139311
0.230456
0.0733243
0.0215989
0.022832
0.0224729
0.217902
0.338233
0.22881
0.185609
0.0208983
0.0879225
0.0204396
0.0232375
0.0212119
0.0704479
0.0211803
0.0262262
0.0213928
0.0209907
0.0216737
0.0216783
0.0211803
1.49932
0.0210492
0.0211727
0.0211655
0.33819
0.245617
0.0203327
0.0204025
0.317457
0.170223
0.0212806
0.028226
0.0267485
0.359892
0.0212993
0.022364
0.0211112
0.0214092
0.0215136
0.022666
0.0230005
0.0279885
0.0440919
0.0223915
0.0214215
0.0566972
0.0226216
0.0207745
0.0238693
0.0402559
0.0211772
0.344881
0.0224728
0.0755124
0.0212945
0.0214555
0.0203343
0.0216633
0.0216027
0.0206206
0.0391913
0.020785
0.021301
0.0219045
0.24848
0.0213355
0.0213963
0.0269837
0.0271702
0.0230428
0.0214023
0.13548
0.0225329
0.0213418
0.0535019
0.0215547
0.0212435
0.0284447
0.0216644
0.356412
0.0209957
0.0216607
0.0670299
0.022043
0.0212842
0.0235428
0.021748
0.0209639
0.021256
0.307244
0.0211846
0.0218249
0.0207349
0.097903
0.023002
0.0206461
0.0209205
0.0288205
0.0235989
0.0207241
0.0210179
0.0212017
0.0210362
0.0207914
0.129981
0.0212735
0.0206874
0.260135
1.73598
0.0208489
0.0225489
0.0213442
0.233285
0.188242
0.20743
0.0207826
0.0213835
0.0212944
0.0211795
1.01713
0.0231909
0.0209281
0.0215936
0.0267276
0.0214859
0.0219433
0.342678
0.108612
0.0213269
0.0212862
0.0211519
0.0213954
0.0205677
0.0224924
0.0962817
0.0207259
0.317244
0.019876
0.02273
0.021657
0.0212942
0.0237788
0.19312
0.021338
0.0218638
0.0196501
0.021659
1.2816
0.099408
0.0279853
0.0212063
0.268641
0.113213
0.0219775
0.369509
0.0208756
0.241482
0.023307
0.0243093
0.0219712
0.0209167
0.0241845
0.019574
0.0240264
0.0323846
0.328412
0.0212068
0.0534666
0.0212655
0.0540239
0.0242869
0.0205312
0.088476
1.74844
0.061267
0.0439608
0.029555
0.0212558
1.67863
0.0214185
0.0218959
0.0213613
0.0222337
0.0213102
0.0332355
0.0198989
0.0222325
0.0212489
0.0218242
0.131194
0.0220316
0.0226732
0.40235
0.0212592
0.0356719
0.14457
0.0217397
0.0226466
0.0345039
0.022414
0.0222076
0.0815145
0.0220357
0.0228203
1.46841
0.0250583
0.0220576
0.324803
0.0210996
0.184249
0.022172
0.0921504
0.367629
0.0212094
0.348886
0.0211686
0.0217853
0.021591
0.0195791
0.0261582
0.0212833
0.0219079
0.0204588
0.0201588
0.0197924
0.47906
0.173679
0.0228713
0.021988
0.0211842
0.0220067
0.0197229
0.0273225
0.0212922
0.215292
0.232845
0.0220257
0.0213267
0.0221998
0.0389393
0.0224552
0.0222272
0.0213388
0.0213794
0.0233345
0.0437853
0.0208048
0.0224812
0.0224723
0.021459
0.0212511
0.58853
0.0328302
0.503981
0.0215151
1.04348
0.0626518
0.0220343
0.598551
0.0224208
0.0662559
0.409252
1.45547
0.0223388
0.0383875
0.0214438
0.0213806
0.021228
0.0216203
0.021286
0.0212679
0.0216611
1.57332
2.58007
0.315541
0.0224601
0.0215427
0.022165
0.0213802
0.0216281
0.0225866
0.0205579
0.0221276
0.0222644
0.0205932
0.588076
0.0215436
0.0316782
0.0217838
0.0209625
0.0223935
0.0204863
1.7047
0.0996359
0.0221705
0.388162
0.0201289
0.536
0.0215821
0.0225864
0.0216436
0.0212721
0.0256855
0.0216938
0.0472164
0.0217138
0.0212782
0.333157
0.0214197
0.023477
0.248621
0.223502
0.0222194
0.0268734
0.020543
0.0885408
0.0502685
0.0213849
0.0366731
0.021408
0.0217495
0.107553
0.0212245
0.105061
0.0220856
0.276939
0.0215112
0.273539
0.0195984
0.0221072
0.289823
0.0219294
0.591369
0.0262024
0.0369428
0.0458246
0.218288
0.0348047
0.0199467
0.0214684
0.0215748
0.0212348
0.0214649
0.0203398
0.127303
0.0209241
0.0209628
0.0622244
0.0217134
0.020901
1.2971
0.0202938
0.0220815
0.0209047
0.0219567
0.0841869
0.0227118
0.0226389
0.265305
0.595638
0.019807
0.0219459
0.020955
0.0331738
0.0221406
0.561604
0.0222384
0.0229899
0.0221041
0.0838928
0.0245819
0.0213338
0.113548
0.0241578
0.0419971
0.0215652
0.0220853
0.0215992
0.0247841
0.116994
0.0372355
0.021964
0.0353981
0.020952
0.0204495
0.0216592
0.0213373
0.0204377
0.023553
0.0229937
0.527605
1.6558
0.0217378
0.229982
0.181705
0.0215135
0.0212868
0.0219924
0.559519
0.026324
0.0309795
0.357967
0.0388237
0.0236314
0.266669
0.0218326
0.0224103
0.0222025
0.0214435
0.0663963
0.0222342
1.70102
0.0309801
0.0240336
0.570619
0.0466002
0.0225933
1.72848
0.021628
0.0214579
0.0213913
0.567693
0.0215042
0.0218342
0.0212819
0.0228042
0.0215171
0.0570091
0.020571
0.237769
0.0295583
0.0575251
0.0223784
0.0601656
0.0220685
0.0843728
0.0214107
0.0216685
0.215328
0.0220968
0.0200068
0.0595783
0.0227035
0.0344348
0.0221511
0.0216064
0.12573
0.881158
0.0213653
0.0574272
0.0196358
0.0223166
0.0227135
0.0612023
0.580874
0.0217756
0.0216272
0.0226304
0.377659
0.0213377
0.0221656
0.0254661
0.0353532
0.0212568
0.0212692
0.0219495
0.380321
0.0214192
0.0212802
0.0198403
0.0213972
0.0212638
0.0630518
0.0220753
0.0804259
0.021028
0.0442476
0.15019
0.0221581
0.0472598
0.021131
0.021409
0.0208954
0.0213546
0.0229498
0.0220195
0.021731
0.237821
1.31983
0.0212021
0.173045
0.0208929
0.0707512
0.0247917
0.0222592
0.171528
0.0216137
0.0215899
0.0217719
0.020465
0.0358176
0.257366
0.0225258
1.70351
1.18357
0.100152
0.0214036
0.0217867
0.0245538
0.0751718
0.117284
0.0222437
0.0230845
0.0241713
0.0221221
0.574227
0.0296038
0.019681
0.0220816
0.0219289
0.0211703
0.032177
3.3781
0.0221879
0.0214229
0.0209732
0.0213073
0.119788
0.0675004
0.020505
0.0375122
1.55851
0.0202979
0.0218518
0.0239856
0.0215366
0.0425898
0.0214014
0.0434157
0.0746559
0.0226951
0.0218055
0.0226213
0.0306109
0.022473
0.0220282
0.544542
1.74406
0.148408
0.021874
0.0204752
0.148002
0.0211518
0.020819
0.235776
0.264506
0.0220463
0.022426
0.0213923
0.0215215
0.283518
0.0204482
0.0228712
0.0204417
0.0210594
1.21272
0.0220794
1.7058
0.322405
0.0213623
0.0649507
0.02335
0.271676
0.0215065
0.0224187
0.0219474
0.0203223
0.0212784
0.583994
0.0633333
0.242233
0.0229586
0.0214724
0.0224659
0.0213198
0.317811
0.217171
0.0217345
0.184232
0.61445
0.163729
0.0957106
0.0225555
0.0218877
0.0215329
0.084235
0.0426661
1.27824
0.0584643
0.0213457
0.246714
0.111961
0.0210054
0.0211722
0.0210106
0.0214319
0.269689
0.114044
0.0210374
0.0211658
0.332864
0.0212701
0.0413814
0.0214425
0.0211419
0.020332
0.019815
0.121051
0.0196564
0.0224261
0.347816
0.0213049
0.360121
0.0205594
0.0214227
0.0215425
0.168751
0.0228321
0.0211492
0.572844
0.0334552
0.0204244
0.110066
0.0210097
0.235419
0.0228314
0.230616
0.147704
0.089408
1.6599
0.0210998
0.0246522
0.258239
0.0225433
0.02271
1.33341
0.356609
0.293431
0.0209445
0.577025
0.0279005
0.0210959
0.0355172
0.0214309
0.0244245
0.0209065
0.553128
0.0396621
0.125767
0.570981
0.0217723
0.0775559
0.379089
0.0217187
0.0199696
0.0366875
0.0226421
0.241409
0.0233968
0.0584982
0.995389
0.0212011
0.022387
0.0284602
0.0216891
0.0325
0.0243456
0.022351
0.192125
0.0218024
0.0228735
0.0280881
0.0212949
0.268734
0.0247605
0.0611992
0.0213549
0.383977
0.0211346
0.022581
0.0238226
0.0213073
0.021376
0.577995
0.0293365
0.0328601
0.0238164
0.0210056
0.0213769
0.0210656
0.0214632
0.0222907
0.0213972
0.124409
0.0287988
0.0224413
0.0202347
2.1627
0.0228371
0.0206669
0.0208264
0.079817
0.0237494
0.0325491
0.0225692
0.0213518
0.0213065
0.388816
0.0215099
0.0271972
0.022178
0.0201595
0.0228172
0.0912519
0.0232542
0.0213717
1.35793
0.0224048
0.0212936
0.0215256
0.0219204
0.332017
0.244705
0.0279707
0.0221923
0.0208082
0.336313
0.0723809
0.0223595
0.297972
0.0212701
0.285501
0.0240458
0.0203775
0.0221005
0.0208463
0.0214887
0.0210067
0.160882
0.0229464
0.0223138
0.0216867
0.0209174
0.0224051
0.107356
0.0218936
1.33463
0.37275
0.178076
0.0221836
0.0209188
0.0210509
0.0213914
0.0616208
0.0356654
0.0222588
0.0219804
0.0216677
0.0216356
0.0214259
0.026874
0.0213459
1.79321
0.0211655
0.0253852
0.021518
0.0217967
0.0222501
0.0230752
0.021337
0.0885308
0.252448
0.0213372
0.0222395
0.0213426
0.0208989
0.339037
0.0214524
0.0210388
3.62081
0.117223
3.40228
0.0215821
0.302019
0.0213811
0.0213674
0.0222091
0.240361
0.372136
0.0220897
0.337521
0.0219039
0.0224309
0.0394234
3.70887
0.0215459
0.0220285
1.60091
0.0213339
0.0217807
0.176089
2.45144
1.70501
0.0217031
0.0212252
0.0212134
0.577927
0.0664589
0.0214126
0.0221171
0.0226213
0.021479
0.0215957
0.0214464
0.022936
0.0322762
0.0415787
0.021307
0.200344
0.0209344
0.351106
0.0256368
0.0213168
0.0340793
1.85286
0.581836
0.0215578
0.0221541
0.0248086
0.0212549
0.0243232
0.0209172
0.057839
0.036928
0.0216764
0.0417657
0.0228883
0.0214159
0.0469955
0.0215254
0.23082
0.0214683
0.0217118
0.5625
0.0295625
0.0237624
0.0216799
0.0234097
0.306249
0.308128
0.0214952
3.39279
0.0339549
0.0226832
3.23855
0.0216287
0.0243164
0.0218692
0.023571
0.0282855
0.0213051
0.0217066
0.0214002
)
;

boundaryField
{
    frontback
    {
        type            empty;
    }
    topbottom
    {
        type            fixedValue;
        value           uniform 0.0223;
    }
    outlet
    {
        type            zeroGradient;
    }
    inlet
    {
        type            fixedValue;
        value           nonuniform List<scalar> 0();
    }
    walls
    {
        blending        binomial2;
        n               2;
        beta1           0.075;
        type            omegaWallFunction;
        value           nonuniform List<scalar> 0();
    }
    procBoundary3to1
    {
        type            processor;
        value           nonuniform List<scalar> 
147
(
1.72639
0.144299
0.643933
0.890934
0.794271
2.28544
2.46334
0.773858
0.481431
2.90129
0.477445
3.39579
0.283564
0.296896
0.261057
1.22665
0.241628
0.390613
0.321173
0.319348
1.2814
2.3852
1.66064
0.468669
0.692424
0.60403
1.00153
0.394618
0.242438
0.288377
3.31473
3.31473
0.269499
2.30318
0.356941
0.277137
0.770766
0.545084
1.04516
0.152303
0.298422
0.243958
0.232479
1.64065
1.2431
0.110356
0.243958
1.71374
0.270841
0.297685
0.218532
0.292523
0.315381
0.345313
0.341136
0.219462
0.243445
0.263383
0.216053
0.297033
0.279763
0.278402
0.243009
0.243805
0.332909
0.345173
0.248997
0.295442
0.263978
0.206773
0.236439
0.270607
0.401555
0.401401
0.341723
0.385213
0.294852
0.342682
0.189874
0.401308
0.387256
0.334063
0.396933
0.195757
0.262073
0.352648
0.39428
0.458872
0.341515
0.264223
0.468307
0.477445
0.262073
0.415537
0.280514
0.100294
0.272116
0.556619
0.469168
0.0820392
0.203482
0.319678
0.110925
0.537384
0.603821
0.572492
0.592279
0.457573
0.602168
0.592279
0.497554
0.20621
0.28793
0.642703
0.59798
0.194445
0.126746
2.11881
0.273889
0.126746
0.745696
0.261905
0.67861
0.719111
0.787879
0.511682
1.17705
0.871104
0.350916
1.87274
2.11881
1.83525
2.04264
1.78618
0.92056
1.99871
2.89563
3.54721
0.258381
1.33739
0.11673
1.78378
1.33739
0.240693
0.23645
3.37907
0.332909
)
;
    }
    procBoundary3to2
    {
        type            processor;
        value           nonuniform List<scalar> 
73
(
0.0221987
0.022132
0.0214541
0.0214343
0.0368242
0.0340911
0.0230829
0.0710861
0.0504554
0.127141
0.022018
0.0219275
0.15113
0.0217132
0.022018
0.0300049
0.0319205
0.0340911
0.0215203
0.0244927
0.0251713
0.0214046
0.0220997
0.0218425
0.0236417
0.109072
0.0948094
0.021773
0.021443
0.0227592
0.0576913
0.0260663
0.0214275
0.0216633
0.0215033
0.0319205
0.0239586
0.0225296
0.0219275
0.0216189
0.179881
0.179881
0.0284103
0.0214086
0.0214832
0.0214023
0.0449356
0.0214199
0.0215566
0.0824273
0.15113
0.0215834
0.0424477
0.0214052
0.420936
0.227483
0.022336
0.0234958
0.227483
0.420936
0.0214661
0.0214137
0.0653468
0.0382278
0.0271335
1.22841
1.97919
0.0824273
0.0214403
0.0214949
3.78536
3.26231
0.0215314
)
;
    }
}


// ************************************************************************* //
