/*--------------------------------*- C++ -*----------------------------------*\
| =========                 |                                                 |
| \\      /  F ield         | OpenFOAM: The Open Source CFD Toolbox           |
|  \\    /   O peration     | Version:  v2012                                 |
|   \\  /    A nd           | Website:  www.openfoam.com                      |
|    \\/     M anipulation  |                                                 |
\*---------------------------------------------------------------------------*/
FoamFile
{
    version     2.0;
    format      ascii;
    class       volScalarField;
    location    "600";
    object      omega;
}
// * * * * * * * * * * * * * * * * * * * * * * * * * * * * * * * * * * * * * //

dimensions      [0 0 -1 0 0 0 0];


internalField   nonuniform List<scalar> 
9793
(
0.0223729
15.7045
0.0219368
2.624
0.0222597
0.20523
0.0831485
5.22191
0.0221406
14.7824
0.0221966
0.0221873
0.0219176
1.7525
0.0217844
0.0265208
0.0532852
0.0219321
2.17947
0.0215571
0.021625
0.0222917
2.65009
5.34226
1.83666
0.0265702
0.0220991
0.022262
0.0215674
0.079994
7.73356
0.379087
0.0220115
0.0219457
0.021868
0.0284906
0.0245767
0.0249278
1.5952
0.0307662
0.068785
8.84989
4.15612
0.0222717
0.0219609
0.0220421
5.88006
0.0222844
0.0217162
0.0219393
0.0282074
0.021851
0.0374381
0.0222686
0.0330814
2.19263
0.0219264
0.0905767
0.0217229
0.0222914
0.027016
0.0972398
0.0219519
0.0350997
0.0219629
0.0220671
25.7504
0.0242149
0.0250555
3.19142
0.0219722
0.102288
4.77278
4.15008
4.23258
0.0222624
0.0461351
10.6225
0.0219821
0.0222705
0.0491176
2.11939
0.0514246
0.0239416
0.0250789
0.242641
0.0222612
0.068222
1.60803
0.0934517
1.84282
1.39059
1.60594
0.0411248
3.90528
0.0219047
4.77066
0.0502245
0.0247261
0.0222685
1.45064
0.0356183
2.37462
0.0219661
3.50064
10.3289
4.09748
0.021878
0.0219861
0.0222835
0.0222335
2.17658
3.28765
7.42694
0.02195
0.0221125
0.0243945
0.0220503
1.86743
0.0220278
3.03517
0.0730225
6.7003
0.042189
0.0246082
0.0220335
0.0607252
6.076
0.187361
0.195653
0.0238315
0.0218011
0.0222697
0.0234177
0.0273717
0.160837
0.611138
0.0244372
0.0222737
0.0609304
2.24194
0.0276331
0.0219301
0.0556745
5.67828
0.626827
0.0220342
4.58376
0.0217973
0.0220282
0.0220697
14.7301
0.0242658
0.0220921
0.0219186
1.48636
0.0568019
0.0219469
0.553172
0.0219134
0.0641612
0.0239421
0.021632
0.350224
0.0220849
9.61093
2.31118
0.0222819
0.0218792
0.0222173
0.0219433
6.19754
26.9032
1.95629
0.021911
0.186374
0.136631
0.738979
0.021967
0.0241543
3.88158
7.14233
0.0801157
0.0220349
0.0220729
0.0218726
7.22612
4.62648
21.7548
2.50027
0.0219925
22.1761
0.412155
0.0254123
0.0217603
0.0232915
1.98565
0.0215941
0.02193
0.022204
0.0219907
0.0216252
0.0293046
0.0251635
1.7612
0.0219249
0.0280903
0.0222799
0.0223281
0.480581
0.0585605
2.39688
0.0216323
2.7638
0.0239627
0.0431341
0.0217972
0.15567
0.0221213
0.0503718
0.0537284
0.0216286
1.41719
2.06835
0.0394112
0.02189
0.0511496
2.08877
0.049562
0.0503175
1.60429
0.13834
0.0408241
0.0358167
0.366118
0.0215912
4.54833
6.33046
0.0216
0.0222223
8.3903
0.0219011
0.0222313
0.109669
0.121737
0.0220576
0.0241852
0.0291569
0.038162
0.0242563
0.0219732
0.0440302
2.93854
0.0216259
1.97564
0.022262
0.02217
0.021659
2.1226
0.0219773
2.64601
2.78187
0.0221032
0.022131
3.31285
0.0218349
0.0222397
0.0218002
2.51997
0.272749
0.0249375
0.442032
0.0847978
2.3001
3.93197
0.0223044
21.6346
0.0222643
2.09528
7.80185
1.64471
3.13347
0.134682
0.0238609
0.04751
0.0247723
0.0217945
0.0223851
0.469917
0.0267381
0.0221395
0.0222838
0.0216297
0.0216552
0.0216291
2.50909
0.0218684
0.0217751
0.0218416
0.0219195
5.44729
0.604741
0.0638969
0.0228653
0.0562032
0.0219478
3.18218
10.7531
0.0219713
3.22406
0.0332766
0.0219552
24.909
4.01495
0.0220194
0.0462209
13.2429
0.0221282
0.033913
0.0217755
0.0222151
2.24496
0.0409921
0.0219551
0.0220215
0.0227383
0.172796
3.34431
0.0219408
0.021872
0.0217473
6.90024
4.5444
7.32748
0.0215862
0.0433319
0.0347395
2.17477
0.0683855
0.0215863
0.0216442
0.0217477
0.0459904
0.022053
7.08904
0.0220881
0.0217769
2.61902
2.41461
2.41398
0.0217269
1.44401
0.0246778
4.10922
6.38461
1.67835
0.0236037
0.032004
0.72653
1.71037
2.09891
0.0264795
0.0222634
0.0253152
0.0216834
0.0218527
0.022034
0.0220813
0.022292
8.29443
0.0222065
0.0609223
0.0303618
6.12598
0.0215811
0.024028
5.2993
0.496985
1.86143
0.0664916
0.0217806
0.0236852
0.0219405
0.46205
0.0215651
2.33729
0.159879
0.0836018
5.91333
2.28724
0.0221373
0.0218899
0.995015
0.402225
0.021924
5.55173
0.0221313
0.0221756
6.75102
0.0216305
0.092238
0.0216014
2.36353
0.0220934
0.022097
2.67474
0.0965325
0.0530855
0.025399
0.0220746
0.0218322
6.08344
0.049954
0.0215693
0.0221946
0.0342582
0.0347201
0.0526229
6.89664
0.0221956
0.0219426
0.393647
0.0220812
2.55077
0.721966
0.0220646
0.0220164
0.0223521
0.0221163
0.0217322
1.47157
0.0508294
5.77028
0.028918
0.0233933
0.0424018
0.0246431
1.73327
0.0262656
0.0222678
0.0242282
0.519939
0.0219389
0.0219168
0.0219714
0.0215681
0.0219867
0.0217937
0.0220439
0.0221576
0.0228577
0.0247317
0.108875
0.0219318
1.46546
0.0256365
0.213796
5.02861
0.0218018
2.79267
0.0810788
0.0217694
0.0215684
0.0219346
3.5631
0.0863417
0.0215649
0.0221205
0.0221972
0.0674224
0.153477
10.4819
0.0219763
0.0219204
0.0316041
6.50722
1.60174
0.0236777
0.0233142
2.0533
9.57339
0.249633
0.0221716
0.0217887
1.66589
0.0219096
0.13451
7.11682
0.0215576
0.239495
0.0269964
1.42893
0.0218332
1.93167
0.290657
0.0260222
2.57326
0.0219076
1.93589
0.0220945
0.0218863
0.022223
0.021947
3.57575
0.0218994
0.0217053
0.0228174
0.0215956
0.0217894
0.0461211
0.022779
0.0344704
0.0220339
0.0220382
4.11127
0.0747489
0.0236294
2.01968
0.0243229
0.0221752
0.0219817
0.0217311
9.24848
0.0216955
0.0220691
8.1138
8.62827
0.0388764
0.0219252
0.0222842
0.0221323
0.022241
1.89291
0.0221742
2.87184
0.0242279
1.86369
0.022262
18.962
0.0222081
0.226519
0.0219161
0.0881951
4.12309
0.0221032
8.86348
0.0218993
0.0222182
0.0216149
4.8236
1.80838
0.0219432
0.0277879
0.021691
2.00499
0.0218205
0.0446877
1.84283
0.02523
0.0220264
0.0455508
0.0222451
0.0221809
0.0217647
0.101765
0.0219558
2.18937
0.0220518
0.02207
0.0390739
0.0768282
1.52094
0.0217633
18.0206
0.0218845
0.20193
0.0219151
0.022235
0.021905
0.0220496
0.0222682
0.21832
0.0409739
9.02522
0.110415
0.0352085
0.0342183
5.31451
0.0237089
1.84033
3.62735
0.262697
11.5796
5.3059
0.178301
0.0221874
3.41589
0.0387276
0.0221374
0.360891
0.0222509
0.458883
0.0358546
0.216004
0.0276076
2.09254
4.66142
0.0368295
0.197488
0.022216
0.652692
0.022863
0.0219195
0.0220388
0.0236164
0.0463044
1.55304
0.28688
4.70821
0.0234217
0.0234045
1.42037
0.355796
0.0230684
0.0612987
0.0223511
4.92718
2.7812
0.0220586
0.0641921
0.255087
4.85527
0.0219578
0.0257963
7.85619
0.0286307
7.81404
0.0916519
6.11416
0.0256781
0.0238169
0.0219157
0.0219191
0.254523
0.0222842
0.304923
0.131281
0.0806777
0.0222596
0.0222238
0.0236615
0.0221184
0.0218328
0.021903
0.100881
3.69276
1.87103
0.0222797
0.340679
0.0219504
4.10784
0.0463346
0.0470911
0.0341776
0.269555
0.0217475
0.0220604
0.0431384
0.0219086
0.0220815
0.0600563
1.48229
0.0216245
0.236065
1.70199
0.0244604
2.12623
1.77755
0.0218103
0.0545577
0.0271843
0.0219852
0.0216118
0.10272
1.696
4.68542
0.0219529
0.0220158
0.0216596
0.0248146
0.0228091
0.0237969
0.573688
0.046009
0.0221514
6.46415
0.0294098
0.0335544
0.0220371
18.9692
0.0237034
0.021918
0.0825031
2.10773
0.0215737
0.0220499
0.0219472
0.0254974
0.0217432
0.0375625
0.621592
0.0221574
0.101227
0.0228696
0.021986
2.15026
2.84878
0.358671
0.0220749
0.0215876
5.25115
0.0258518
2.32459
0.021552
0.0219002
6.60442
2.66573
0.0297486
0.0994588
0.0628848
0.0218862
0.0222717
0.02194
3.27513
0.0220571
0.0222928
1.58808
0.0274481
0.297265
0.0328062
0.0219358
2.59261
0.022268
0.0219105
0.0219291
0.0305727
3.44212
0.0221619
0.0219705
0.0219063
0.0218945
0.0219421
0.0219283
13.3965
0.0315281
0.0227815
0.0221098
0.0316292
0.0609587
0.0264664
0.0284849
0.0222839
0.021653
0.0232995
2.1584
2.45661
0.023243
4.56955
0.0222153
0.0252111
1.18979
2.20046
0.0217754
0.0221804
0.34514
0.0510283
0.021907
0.0222486
2.26089
0.0222681
0.068696
0.0220116
0.618837
0.0222475
0.0222424
0.0221268
0.0308592
0.0220711
0.0244793
0.0261031
0.16372
0.0218631
0.0219976
0.0222498
0.021881
0.0221489
0.0219612
0.0306787
0.0221112
0.0516916
1.96698
0.0427967
0.0630405
0.0222018
0.0217642
6.64343
4.50184
0.021602
2.05226
7.3929
0.0215937
0.0219662
0.0218774
0.0956461
0.0536603
2.43597
0.0218566
0.0250666
0.0218594
0.0222596
0.0222297
0.0856739
0.0221236
0.247624
0.0220931
0.0581012
0.0218937
0.0230892
0.0219102
0.038511
0.0601472
6.89671
2.86327
2.028
0.0476375
0.0218991
2.96863
3.76976
0.0613157
0.0220355
0.0220847
1.98508
0.0218698
3.15009
0.0216065
0.0293803
0.0221989
0.0222698
0.0217818
8.54959
3.21885
2.90229
0.0723571
5.27113
0.0219517
3.04406
10.3427
0.0222705
0.0220549
0.0217269
3.42266
0.0215527
5.09683
0.0323882
0.142001
0.0222478
0.987905
7.89189
1.70953
0.0294642
0.0318437
0.0220407
18.6595
0.0215323
0.606926
0.221076
0.0687377
9.8453
3.37202
0.0238792
0.0233735
0.021949
0.0968542
5.31315
5.24616
0.0217419
3.94955
0.0260086
0.120157
0.122659
1.50917
1.55384
0.0216375
0.0259941
0.0304125
0.0242045
0.0239444
2.63405
0.0221969
11.4047
0.0217608
0.0216168
0.0783853
0.109627
3.03847
0.0226063
22.884
14.3167
0.722002
0.026853
0.022233
0.0226098
0.022227
0.0219112
0.815726
1.87294
0.0221652
0.0219152
0.0317363
1.71186
0.0258359
0.0219224
0.435773
0.0219395
0.0222749
0.0215419
0.0597167
0.0220293
0.0249657
4.3526
0.0608258
0.0222599
4.26058
0.129252
0.021935
0.0230021
0.0337115
0.0222624
0.0219654
0.0217449
12.7857
1.93246
0.0221856
0.0352725
0.0361673
0.652719
0.021939
3.27489
0.0218616
0.0217498
0.693595
0.249226
0.0648506
0.0220141
0.0218949
5.74183
1.51508
0.289104
2.85792
0.0221027
0.0238053
0.0220151
8.26135
0.0241906
2.32032
0.0226859
0.0219235
0.0236235
0.02167
0.0218756
0.0641582
0.0217756
3.22822
0.0218007
0.0221674
0.0215606
0.024924
1.8216
2.7916
0.0520107
5.48026
0.0219809
0.0359887
0.0233081
7.9745
0.0218267
0.0216256
2.68475
0.0346008
0.0327564
0.0221115
0.222101
8.58872
2.35449
0.0221112
0.0343961
0.914166
0.0313781
0.894156
0.122671
0.0809127
0.0217618
0.0225527
0.0609656
0.0768338
0.021988
0.0999621
0.0217348
0.0221829
0.0222359
0.0217596
0.0219038
0.0219891
0.757961
0.0256886
0.02293
0.0458716
0.0217449
0.0219263
0.0380894
2.81716
0.0843501
0.0609971
2.309
0.0222339
9.37199
0.0292529
5.32461
0.0615043
0.0222018
0.022086
0.0234602
8.71959
1.73969
0.0506117
0.156462
0.0216499
0.0218914
0.022248
0.022201
7.6939
0.0255934
0.0219614
0.156991
0.288297
5.90702
0.0227283
2.51157
0.0557065
0.0401694
0.0320536
0.426757
0.247259
0.0222232
1.58484
0.284117
0.0387002
2.21948
0.0449706
0.0222086
0.0222638
0.0219109
0.0231125
0.0271382
18.719
0.0502646
0.0218705
0.296524
0.0220039
4.30902
3.35405
0.021957
27.9164
0.0217967
0.0217479
0.0220212
1.57011
14.7592
0.0484189
0.0312134
0.0217109
0.549227
0.0222313
0.0308619
0.0220906
0.0221257
0.0219083
5.22056
0.0227684
0.0420585
0.0289505
0.0222115
0.367877
0.133309
0.0340981
0.0252903
0.0237641
1.76269
2.59777
0.0218855
0.0217567
0.0218829
0.0225421
5.49013
12.8339
0.207649
0.0255786
0.0217796
9.34053
5.12136
0.022182
22.4804
0.0217064
0.0844187
11.805
0.0217373
6.43306
7.92312
0.125428
6.26754
5.63161
0.0218386
0.0226428
2.47523
1.51703
0.022521
4.87883
0.0249074
0.0219043
0.0222738
0.0231561
0.0398904
0.0251889
0.313414
6.46025
0.239737
0.0342017
0.0220789
0.0601634
2.18208
0.0217527
3.64085
0.0475167
0.0222198
0.024567
0.0222415
0.0221709
0.0314642
2.30142
0.0224754
0.0217881
5.175
1.53468
0.0699793
0.0222613
0.0558673
0.0219273
0.0219312
4.12331
8.56286
0.0219211
0.0214857
2.79851
4.40103
0.0481722
0.0222317
9.94733
0.0226957
0.0219278
0.0239468
0.0219321
0.0216437
0.0216183
9.68086
0.20137
0.0258609
1.61516
0.0449728
1.48721
8.47877
2.02108
0.158515
0.0219296
0.0222387
0.0223076
0.0219924
0.0748821
0.0218813
0.109093
0.029108
2.93513
0.0220465
1.52164
0.0361683
5.15165
0.0219246
1.74609
0.0299219
0.176406
0.255827
0.0309927
0.0216152
9.00281
0.0560391
1.57561
0.0215992
5.30142
0.0220265
4.62651
0.507178
0.0431985
0.021921
0.0220886
1.88037
7.04696
0.0317733
0.0215596
1.37662
0.085165
0.0447405
2.72134
0.0790604
0.0219088
3.74296
0.021915
0.0331107
0.021612
8.82614
0.0216193
0.0236018
0.319278
3.57032
0.0222218
0.0671105
0.0243467
0.0785254
0.0218795
0.344603
0.0234079
0.0637979
0.0219249
0.0219852
2.00835
0.0285415
4.74848
4.45268
5.15131
0.0227051
0.0216367
0.0217541
0.0256114
0.0367139
0.031235
5.56468
0.0235061
0.639628
0.0418516
0.022281
0.0219292
0.0690006
0.410252
8.91182
0.0219059
1.62124
0.0218624
5.26515
1.46055
0.0465997
0.0219951
0.0217264
0.0428862
1.79909
0.0242901
0.0222687
0.0238143
0.0446272
0.0228907
1.53212
2.0857
3.90342
0.0221561
0.0262686
11.111
0.0221866
0.0617707
0.0218012
0.811689
0.0363959
0.021949
0.0431313
0.185749
0.0219306
2.18021
0.0219142
0.138945
0.25446
0.469392
0.344023
0.0221662
0.0221814
19.3735
0.0221324
0.0399021
0.0826591
0.0235154
0.0215226
10.8859
0.0248671
0.40458
0.023413
0.0661986
0.0225096
0.402789
0.0252245
0.0246281
2.38289
1.17461
0.0220889
0.022273
0.164706
2.14685
1.94145
0.778227
0.0293155
0.02192
0.0217961
1.84857
0.0221382
5.54801
0.0986091
2.47932
0.022107
0.0217129
0.0217915
0.0429366
0.0458084
3.72534
1.56422
0.920302
0.224653
0.0216013
2.53174
0.0230075
0.0631616
0.0228715
0.0401664
0.0607923
0.0219239
0.0215697
0.0642433
0.0216313
0.0392138
0.0707632
3.33878
4.29195
0.0376988
1.78989
0.0217368
0.0216303
0.0220738
0.199852
0.0615143
0.0463112
0.112729
4.00818
0.0394593
0.155039
0.0218063
0.0220778
15.3376
0.0219098
0.290169
0.0214625
0.0218544
2.08912
0.332818
0.0218444
0.0800591
0.50836
3.4891
2.55778
0.0250451
0.0668548
0.0491366
4.90082
0.0220424
4.9407
5.67324
0.0236997
0.0259791
0.0216059
0.507921
0.0217306
0.0219825
1.58877
0.0222116
0.021559
0.203047
0.0589862
1.52636
1.51344
3.34256
1.85388
0.0216097
0.0219057
0.0218501
0.0222051
8.44631
0.0220625
1.74977
0.0229863
4.59453
0.0244618
0.0221031
0.0216781
0.0222154
0.0302981
0.0220279
0.0215123
0.338894
0.0218159
0.051395
0.0224434
7.03963
0.0245052
0.0220784
0.0219303
0.0531083
0.0219064
0.0217597
0.0220884
0.0222146
0.0245657
0.0218424
0.0233726
0.0315292
3.76353
5.27475
4.60151
2.50928
0.021763
0.0220047
0.0219207
0.0214249
0.021931
0.0217294
0.186619
0.0218541
0.0222517
0.0220683
0.0220424
0.0219354
6.90877
0.0241929
0.0219717
19.7798
0.0433073
0.0217089
7.94417
7.58132
0.0220195
0.462675
0.707214
0.0220284
0.0459081
0.0239376
0.0215541
0.027404
0.0220203
0.0400063
0.0220122
0.0222473
0.0217401
27.9716
0.0284659
0.0456392
0.0220321
0.0222653
4.58864
0.0257585
0.0220356
0.0238327
0.0241912
0.0222519
0.237177
11.6711
1.25101
1.56075
0.230355
0.0374248
0.0222597
12.1662
0.162311
0.0227365
0.0598098
0.0222932
0.0218954
0.0222464
2.87907
0.0463107
0.0219985
0.0220414
0.185539
0.0217248
0.435202
0.0219408
1.8573
0.228139
3.86998
0.0220792
0.0231939
0.0317918
0.0355655
0.0222493
0.0388272
0.0857766
5.33011
0.0219756
0.49595
9.54386
0.021562
1.8839
0.0434026
0.333719
0.106256
0.0219176
0.0277828
0.0405087
0.0216817
0.0250378
0.0215399
4.30429
1.79326
0.0326536
0.0218266
0.151182
0.0749325
2.82618
0.280626
0.0233388
0.0281072
0.0219467
0.0219144
0.0405796
0.0516422
20.0487
0.0218113
0.448821
0.022552
9.68667
0.179167
2.40793
0.0215973
0.0229332
1.99447
1.8033
0.043024
2.16992
0.0228805
0.221461
0.0219132
0.0218468
2.64545
0.522885
0.0248563
0.0220936
0.075223
2.16498
0.196099
0.0661716
0.0217678
0.0220139
0.0217138
2.39506
4.90984
0.0217489
0.0448787
1.84197
0.0747836
0.284011
1.64394
5.63919
2.20657
0.0217649
0.0227776
1.60631
0.0218905
0.0493061
1.55632
9.6258
0.023375
0.0302201
4.95881
0.627145
2.01495
5.04929
1.71973
1.4866
0.0221107
0.0216136
0.0219895
0.0225612
25.1957
0.0548192
0.369065
0.457552
0.0563304
0.0219409
0.439274
0.0216995
0.0304979
0.0219215
0.0406723
7.04919
2.22346
0.022071
0.0215983
0.0385434
4.72044
0.188267
7.2121
0.0445859
0.0220426
0.0833747
0.02146
0.0957339
0.0320155
0.021908
4.7127
0.172032
0.54999
0.0577975
0.0222276
0.0215737
6.39737
0.0252165
0.0216171
0.022145
0.0222559
0.0216803
5.57806
9.66292
1.96094
1.4102
6.19235
0.0239974
0.0219416
2.92854
0.0243274
0.0858911
6.53599
0.021866
5.31341
2.85091
0.0598532
0.0336804
0.794262
0.0230932
1.79051
0.0375754
1.99967
0.0218167
0.0228513
0.0408779
3.24992
0.11505
0.0682034
4.91589
2.1462
0.0717643
0.161392
3.28784
0.0241964
0.364529
18.4273
0.0358454
0.0631773
3.14097
0.0321241
0.0368435
0.0221033
0.0368126
0.0390766
0.05627
0.0220882
8.60249
0.162623
1.81708
5.18122
2.15017
0.0396483
1.59866
8.67953
0.0218458
1.15885
3.06103
8.44235
0.0278143
0.0242141
1.64087
9.44258
0.0216072
0.241999
0.0217504
0.021909
4.17473
0.0253854
2.28917
1.56837
1.88014
8.49834
0.0216175
0.0352164
0.0219838
0.0218429
0.11082
0.0570646
0.0264961
2.79647
1.84093
0.0222731
0.0261398
1.35145
0.0234234
0.397684
0.0478682
1.48565
1.48627
0.40822
9.18662
7.1109
1.80702
1.5041
1.72865
0.0312554
0.0251657
0.117145
0.120622
1.81546
8.33994
0.0221318
0.0226074
5.50711
2.32273
0.0247075
4.87422
0.0219214
0.819606
4.65879
4.78559
0.0219228
1.65195
1.55254
0.0268031
0.0346805
5.53138
4.89888
4.76981
3.61691
0.0219743
6.24871
1.61523
0.0406926
0.223485
0.108144
0.0217323
0.0265826
3.48741
2.33711
0.0245229
0.0221716
1.55978
0.0851657
1.8174
0.0743612
2.2258
1.53735
0.0219904
11.0823
0.0222852
0.0303116
0.0220418
0.0218217
0.0217017
0.0371802
0.287414
0.0214899
15.7886
0.0713391
6.92215
7.7764
1.9842
0.0219088
4.52981
1.52651
2.00678
0.034338
0.0219237
3.82932
0.411494
2.11154
0.055048
0.0234292
0.0216846
4.88236
5.35114
0.0333967
15.7847
0.0310249
0.02216
1.45612
0.0540084
20.0224
0.0218993
0.0295365
1.65953
4.69182
1.50131
0.220194
1.49077
1.70172
6.01297
0.0220474
7.75123
0.0477026
0.02183
0.02155
0.0219149
5.17626
0.0493182
1.5032
1.55768
0.0365038
0.152167
0.0786692
2.58751
0.263686
5.73554
4.91652
1.29942
0.0885728
0.0216454
0.690363
0.0566024
0.110612
1.44153
2.67781
1.71508
0.0220944
0.0240831
0.0485969
0.0220591
0.021954
0.0277134
1.53038
0.0286743
0.0253144
1.41555
0.0724971
0.309901
4.13762
1.57815
0.430193
1.95158
4.83043
2.23205
0.0627005
0.0311518
0.0220895
1.30334
0.106947
0.223887
0.0629237
0.0607612
0.0214484
0.17842
6.16588
0.0265604
0.0215819
0.0230599
3.73108
0.0218744
0.0220252
0.0624728
1.5475
0.0284604
0.0549381
0.177653
0.0304801
0.0590029
0.0218494
0.0219824
0.0411146
0.224857
0.0222111
0.0312009
0.270742
6.88707
0.0221027
11.5412
0.0218688
1.57026
0.0232252
0.0233728
0.0215486
0.180101
0.0342702
5.59194
11.7233
0.068166
0.0221618
0.0219389
5.61362
2.85332
0.0218027
0.246073
1.60264
0.0524391
0.0770928
0.0214224
0.0226387
0.0219228
1.48016
0.0422572
0.0220502
6.44194
0.0223309
0.0576528
0.259991
0.0217338
0.0967001
0.0599237
18.3709
0.0223887
0.0261512
0.0233749
0.0542312
0.0213994
0.0219053
5.80356
0.328988
0.0751278
0.0218756
1.89788
0.0223359
0.0223342
0.0219574
0.470276
6.28176
0.0237259
9.95167
1.53
0.0640664
2.98287
4.80717
5.09136
7.0284
0.0527512
0.0630922
0.216915
0.047919
0.0219505
0.0300563
0.0295132
7.89629
0.0220788
3.29071
0.0219774
0.40984
0.0910435
0.0227822
0.0229522
8.71808
11.4747
5.42771
1.57585
0.0218102
0.0668866
4.58506
0.0259084
9.76819
0.0406526
0.107156
1.66145
0.0340578
0.021993
0.124079
0.148433
0.0219129
1.50365
0.731773
0.0217058
0.0222394
0.0221212
0.0220094
6.56105
0.021976
0.0474256
0.0220248
0.0223376
0.0322664
0.021938
1.50554
0.0840012
0.0221251
0.0216221
0.110242
0.0233024
0.0551917
6.15629
4.8247
0.0532911
0.229537
0.0403952
0.0215891
0.136262
10.4385
0.0377615
1.48055
6.0778
0.074822
0.0386113
0.0280571
0.0666886
0.0377507
5.68376
0.0221131
0.0221383
0.0217982
2.3976
9.47334
0.0358231
0.098641
0.0218647
0.0265975
0.106935
0.271021
0.0219031
0.0597738
1.85984
0.087478
0.0219903
0.0219197
19.9261
5.56734
0.0219335
0.612724
0.0304153
0.198127
0.293763
0.0218598
2.95791
0.0289647
0.0220247
2.71653
0.202653
0.0219206
0.0221622
0.263165
0.0217668
0.0220409
0.152262
0.0418506
0.0453433
6.38541
0.0251788
0.0415133
1.79928
0.0218348
9.13408
4.71345
0.025044
0.0586354
0.177979
0.0219631
0.158735
0.0214645
2.19027
1.50701
0.0220037
6.5131
7.84525
0.02193
0.0219321
0.570875
0.0378133
1.58085
1.53318
0.022095
0.0429047
4.99154
0.02262
0.0479845
0.0683065
0.03368
3.01871
0.19716
0.0233243
0.225345
5.62833
0.0452783
3.10065
0.0219116
0.021547
0.0222675
0.0420469
4.92761
0.0220656
0.0331165
15.1827
2.67611
0.0222177
0.0296858
1.97464
1.57295
0.0222247
9.28465
0.0334456
0.0868474
0.0343492
0.0230434
0.0258419
0.0219485
0.0219616
6.11601
0.0219334
0.0519538
0.0219824
4.76198
0.0233118
0.0239525
0.0215857
0.0237163
0.0219831
0.04124
5.2298
1.02033
0.0377071
0.0422102
0.0219673
0.0315162
0.0511491
2.25375
5.25539
0.0218301
0.859749
0.0220228
2.30736
1.42334
5.07402
0.0218267
0.105934
0.0701186
5.87891
0.236599
0.0218397
2.54249
0.320647
0.0377515
3.18878
0.0221674
0.021987
0.0391736
3.45444
0.0219193
7.00283
0.0338385
2.42176
0.0893503
0.0223746
2.18998
0.0279725
0.0220808
0.269919
0.0219191
2.80125
10.3195
0.156675
0.0274872
0.152386
0.0219256
0.101444
0.0438562
9.63535
0.0220044
0.0216141
0.0267193
0.029393
0.0426703
1.88666
3.71174
0.0356863
0.225899
0.0218009
3.27459
6.12934
0.181127
0.0219171
0.0222602
0.0231486
2.76359
0.0220445
0.0261878
2.39149
0.0818216
0.021972
0.264575
0.0769132
0.0219878
0.0250252
0.11787
1.55095
0.0687932
0.0428691
1.97497
1.533
0.418181
0.0265176
0.0220961
0.0242963
0.024599
0.137418
0.0559987
0.0273142
0.0754934
5.29809
0.0240249
0.0219952
4.87747
0.30281
1.74073
0.178803
0.0256103
0.0236673
0.0235325
0.021757
0.0218776
0.0427181
0.0215428
0.0228813
0.0220191
0.0228888
0.0234771
0.0219469
0.0384227
0.0359384
0.0220678
0.021934
0.0221191
0.0226963
0.0223091
0.246051
0.0220573
0.0233735
1.43431
0.0216875
0.0231572
0.0222236
0.0270288
4.86556
9.90318
2.57154
2.9854
2.94058
0.200434
0.0218719
0.0577423
0.021981
0.690736
0.0230912
0.0292476
0.022152
0.0530071
0.0219597
0.0305774
0.0217805
2.50029
0.161834
0.0220785
4.31194
2.74496
0.02213
0.087662
0.0219511
0.02159
7.29162
0.0221014
0.0639243
0.189982
0.022105
0.0215494
0.0712722
1.66201
0.0249364
0.0233602
1.48765
0.0219438
3.82906
0.0490965
9.2715
0.0216662
1.55287
0.0219106
0.0221358
0.230421
0.057121
2.29868
1.75221
6.65549
2.77004
0.164844
0.135629
0.0220461
0.132631
0.0220009
0.0218197
0.0924047
0.0219091
0.0219831
0.0215983
0.0216089
0.0547547
4.64453
1.50324
0.394495
2.63152
0.0234706
0.0301934
0.0227785
0.0226909
0.0727586
0.0220109
0.0217218
0.0218095
0.0235999
0.02311
0.201086
0.0793545
0.045478
0.0221088
0.0541115
0.0551723
1.98719
5.25147
0.0246361
0.0386208
0.0220883
11.9006
1.64459
0.0219189
0.0219336
0.0243376
0.0222129
0.622997
0.277043
4.59653
0.0220973
3.52072
0.022069
2.6962
0.0493204
0.0218102
0.0279282
3.61932
0.0268432
0.0276617
0.0296159
0.0799568
4.4346
0.0217547
0.0219153
0.0278296
0.156527
0.0218521
1.98937
3.55438
0.0219485
0.0214178
6.18144
0.0628219
0.0219174
5.05537
15.5472
2.23184
3.68413
0.0276509
1.96149
0.0220712
4.71946
3.05966
0.80614
0.0624044
0.0237941
5.18115
0.024876
0.0218672
0.0214465
0.480417
0.0216298
5.7622
0.0226204
0.022126
0.0249212
1.51086
0.0237589
0.022744
0.0220735
9.58565
4.05563
11.2618
1.61417
0.0409128
0.0219204
0.0240617
0.231906
0.108939
0.0219874
0.0483478
0.189879
3.89136
0.0219307
4.04425
4.78699
0.0372505
0.0220629
0.0237135
0.0219515
0.0217308
0.0219386
0.0220317
0.0221578
0.0955042
0.0220954
0.1188
0.0225445
0.0226403
5.07074
0.0660908
0.0233966
0.0227312
2.18556
0.0215494
0.0227469
0.0259235
0.0218147
1.93357
0.0306739
0.0226951
0.0439636
0.0219385
0.0270248
0.0218078
0.139203
0.0218191
0.0218981
6.42071
0.0234844
0.177881
0.0326436
0.0236889
0.0799383
0.0214037
0.022088
0.022588
5.23737
0.0237245
0.0219167
1.91765
0.0219631
0.0216179
0.021884
0.733959
0.0318881
0.131585
0.0332703
0.0305461
0.0493125
0.0237655
0.0269666
0.0471166
2.28798
0.0222101
0.0282253
0.0217938
0.252447
0.199702
0.0219046
0.028626
2.90406
0.0297034
0.0215413
7.24242
0.0257187
0.0808138
2.36878
0.0280704
0.0218869
0.029032
0.0219179
0.024185
0.0219052
0.0232576
0.0257834
0.0219701
0.0220681
0.0316655
0.0221199
0.0896163
0.0218974
0.0236417
0.021922
0.0292302
1.55679
0.0220539
0.0219757
0.0971191
0.0230982
0.0219306
0.259475
5.76883
2.97007
0.0220428
0.0243437
0.034314
0.0222447
0.0221251
0.033104
0.184107
0.0215309
0.0524918
0.0219615
0.0218896
0.0217484
0.0215214
0.0227783
0.0422698
0.0332917
0.0266213
1.67216
0.024083
0.0278634
0.0217176
2.13342
3.57967
2.53537
0.0220195
0.0459089
0.0279606
0.0219895
0.02212
0.0409903
1.5341
2.39533
0.0219194
0.02733
8.3207
0.0227173
0.177314
5.4313
1.61804
0.0289
0.0219784
0.0379169
0.0430157
0.148081
11.1287
8.11484
1.57317
0.0226741
0.0221737
0.0219214
0.101636
0.0219076
0.0216818
0.0371093
0.021903
0.0218663
0.0218774
0.0515724
0.0219462
0.0217755
0.0219724
2.40619
0.0215373
0.022012
0.0221066
0.0225726
0.0219389
0.0712459
0.0665559
6.81566
0.0215753
0.0280907
0.108619
5.34552
2.38124
0.0221901
0.0222752
0.0518125
0.0943267
0.0256974
0.360625
0.0219299
3.86012
0.0222781
1.4826
0.0227617
0.0219128
0.0432868
0.0219369
0.0219755
0.022691
0.688687
0.0243354
0.0224175
0.0221782
0.0219526
0.0390497
0.0219512
0.0219177
0.0258114
0.101433
0.0242015
0.021855
1.47264
6.37004
0.0219662
0.901001
0.022143
0.0297108
0.0740309
0.20594
0.0233758
0.0229219
0.022052
0.264016
0.0282409
0.0221649
0.0219023
0.0231683
0.149692
0.0220758
0.0341738
0.0238013
0.0347328
0.0500532
0.0371293
0.087557
3.59445
0.0248621
0.0220389
6.8371
0.329911
0.0219307
0.021486
0.0220632
0.0219615
0.0219066
0.0238284
0.0216691
0.0220785
5.12273
1.55673
0.0316024
0.0219339
3.08961
0.023786
0.0216979
5.87116
0.0236931
0.0216439
0.0220942
0.0220369
0.0359836
0.0220322
0.0541831
0.0219211
0.0217793
0.0219445
0.0318378
0.0351462
0.0218936
0.0553464
1.50149
0.0231039
0.0218921
0.0602953
0.0217097
0.0219843
0.0218602
0.0299792
0.0220521
4.63086
0.022287
0.232534
3.14716
0.0548092
0.0232867
0.02225
0.0220157
0.0219383
0.0292838
0.158845
0.112702
0.0218071
0.0237578
4.95186
0.0215809
0.167995
0.0219653
0.0231614
0.0306146
0.0611657
0.0219567
0.0331044
0.0279188
0.0574658
1.45454
7.63056
0.0218664
0.0219269
0.0323783
0.0227682
0.0226019
0.0489466
0.0226916
0.0980336
0.0217806
0.0689656
0.022106
0.0795792
0.0558204
1.47309
5.16738
0.021922
0.0381199
0.884434
0.203871
0.0215906
0.0217742
0.125092
0.0219419
0.0219271
0.0217396
0.0215087
0.0698344
0.0707258
20.2158
0.0220201
0.0433802
0.022255
0.0215828
0.0230162
1.73516
0.165359
0.0219125
0.0221002
0.0218373
6.71509
0.0220078
0.0219322
0.022428
0.0219451
0.0427557
0.0218336
1.84682
0.0219858
0.0225769
0.0223323
0.0218899
0.0217374
0.0220075
12.3069
0.0217804
0.021939
0.230981
0.0218834
0.0220425
0.0221116
0.0221559
0.0529861
0.0219029
0.0219748
2.46618
0.0235382
0.0220381
0.0222312
0.0215153
1.5553
0.02293
0.0221788
0.0218984
0.0258679
0.021969
5.40443
0.0217941
0.0220108
6.09339
0.0219769
0.0610053
0.0221591
0.0214071
0.0215028
0.0304516
0.037083
0.0218406
0.0222862
0.0239864
0.0219044
0.0221106
0.0220736
0.0218705
0.021747
0.021815
5.93363
0.0219589
0.0218353
1.87293
0.021937
0.0266565
0.12083
1.60456
0.0218133
0.0220457
0.0219595
0.0216318
0.0228991
0.038565
0.0238339
0.0364551
0.0217635
0.025449
0.0219742
0.0214707
0.028025
0.0578124
0.0234784
0.0289434
0.0220262
0.021959
0.0221201
2.2416
0.0235008
0.0220117
3.79269
0.0229455
2.57925
0.0220632
0.0219329
0.0217311
1.5982
0.0219337
0.0249084
0.0229278
0.0220724
0.0219654
0.0220882
0.0220062
0.0242196
0.0218993
0.0386704
0.0222479
0.0386448
0.0214938
0.0216278
0.0238775
8.29614
0.0221482
0.0220483
0.0225568
0.0219242
0.0240526
2.08667
0.0226999
0.0270545
1.94638
0.683245
0.0226554
0.0227125
0.146557
0.0899778
0.0231451
0.0221146
0.0218786
3.97831
0.0226249
6.06225
0.0216889
0.0215364
0.0221045
0.0219052
0.0231367
0.0215809
0.0219877
0.0222651
0.0583798
0.0237198
0.0225259
0.0216235
0.347074
0.0619592
0.0215085
0.0221043
0.0233924
0.022239
0.0220586
0.0215846
1.48676
0.0215973
0.021928
0.0660304
0.0215745
2.04494
0.0218215
0.0429036
0.0272316
0.0219685
0.0215341
0.0219209
0.0221645
0.0220428
0.0217698
0.0216139
2.14019
1.62872
1.87649
0.0216074
5.00195
0.0219579
0.0547931
0.0219193
0.0219236
0.0221091
5.78336
0.0219474
0.0219061
0.0221259
0.0219546
1.61812
0.0219275
1.74139
0.0214442
0.0224887
2.51236
4.86242
0.0219827
0.0219571
0.026766
0.0220163
0.140233
0.02175
0.570354
0.0217631
0.0352837
0.0221391
0.021815
0.0219424
0.0219475
0.0231262
0.0218725
0.0307634
0.0347258
0.118278
0.0217324
4.38995
0.0218951
12.6593
0.0219092
5.54692
1.26046
0.0217471
0.0219093
0.0215938
0.0218592
0.0220438
0.0220241
0.0215825
0.0224926
0.0214377
0.0864891
0.0221106
1.50612
0.0215743
0.021528
0.0219254
0.02192
0.0226542
4.13853
0.0230122
3.03392
0.02154
0.0221189
0.034728
0.0215806
0.141504
0.0231928
0.0219295
0.0394189
0.0215037
0.0219717
0.0224118
0.0217026
0.0286494
0.0398288
0.0216318
0.0221124
0.0220458
6.3738
0.0233763
0.0215789
4.70956
0.0514662
0.0216215
0.0219178
0.153737
0.0228106
0.021436
3.80748
0.212145
0.0228203
0.0214423
0.0222398
0.0351684
0.0215651
0.191523
0.0216135
0.0216766
0.0410281
0.0523812
0.0216075
0.021608
0.0215022
0.0217302
0.0217421
0.0408314
0.0219701
0.0217499
0.022111
0.0218469
2.92346
0.0222722
3.21924
0.0262452
0.0277395
0.0221421
1.75627
0.0219085
1.91622
0.0215265
0.0219595
0.453875
0.0219721
0.0227915
0.0216533
0.0247283
0.0217035
0.0269176
0.0215652
2.63865
0.0221584
0.0215727
0.0215327
0.0215714
0.101265
0.021776
3.84419
0.0219163
0.0247863
0.0214977
0.0220168
0.213409
0.0219995
0.107408
0.0218145
0.0230407
0.022123
0.0221329
0.0224218
0.0219167
0.0219824
0.256493
0.0215693
0.021947
0.0225156
0.022057
0.0220541
0.032713
0.02186
0.021917
0.0218474
0.021619
0.0217612
0.0219962
10.6927
0.189124
3.5594
0.0214331
0.0235994
0.0221258
0.0263887
0.11692
0.222896
0.0318844
0.021567
0.0219781
0.0219546
0.0221438
0.0221145
0.0219112
2.60817
0.0505161
0.0219285
0.440413
0.0221369
5.80709
0.0219626
0.0218914
0.0218028
0.0215629
0.0214807
0.021836
0.0216565
0.0217899
0.0414975
0.0228812
0.0219161
1.75076
0.0215634
0.0227192
0.0219866
0.0215965
0.0219243
0.303465
0.021786
6.59402
0.0219086
0.0215937
0.0351639
0.0218769
0.027273
0.076563
0.0216711
1.50747
0.0711376
0.0216022
0.0226037
0.0215248
0.239457
0.0216102
0.0276529
0.0229542
0.0217851
0.0217263
0.0218278
0.0219452
0.0224514
0.0217514
0.0223739
7.17094
1.84141
0.022935
0.0219638
0.237777
0.0316551
1.99997
0.0218017
0.0218841
0.0219641
0.0223209
0.0219312
0.0216216
0.0215916
0.0219746
0.0419538
0.0216559
0.0220142
0.0259033
0.0219876
0.0296612
0.022042
2.48984
0.0218675
0.0219262
0.0231015
0.0402773
5.21558
0.0219039
0.0221554
0.0218788
0.0220967
2.09662
0.0224568
0.0219332
1.45251
0.0218284
0.0219963
5.0067
0.022056
0.0218558
0.0214681
0.0219174
0.0217858
0.0220012
0.0351496
0.0217892
1.68876
0.0220987
0.0236866
6.89133
0.0219487
0.0216419
0.0220622
0.0214386
0.0216128
1.95065
0.0219716
0.0220106
0.0224768
0.0218743
6.70583
0.0218065
0.126379
0.0217146
0.0661088
0.166754
0.0720403
2.37349
0.0266156
0.0348964
0.028443
0.0218796
0.0219916
0.0232144
0.177521
0.0575379
0.0215181
0.0220079
0.0219715
0.0217467
0.0216002
0.135403
1.52813
0.158722
0.0222782
0.0221622
0.0306691
0.0220118
0.0220462
0.0219057
0.0220153
0.0219465
1.31378
0.0230567
0.0223341
0.0215024
0.063601
0.0216356
0.0220727
0.0217202
0.0215522
0.0219035
0.0220476
0.0484952
0.0217783
0.0255065
5.65837
0.0216654
0.0221047
0.0216689
3.81692
0.0215222
0.0217683
0.0454406
0.0219819
0.071311
0.0217708
0.0215258
0.0225479
2.45771
0.0222525
0.0220939
0.0216785
0.0217768
4.24125
0.023113
0.0217357
0.155932
0.0219109
0.0217616
2.04964
0.0222936
0.0222941
0.022293
0.0222925
0.0222919
0.0217335
0.0234886
0.0231169
0.0711644
0.0215765
1.93261
5.21455
0.0312877
0.0219026
0.0218023
0.021903
0.0220359
0.0217775
0.0221339
0.0217394
0.162869
0.0219254
0.0217891
0.0217515
6.24855
0.0219524
0.0221346
0.0220217
0.0219564
0.0218967
0.0217856
0.0226531
0.0233411
0.0221605
0.0228128
0.0230865
0.022238
0.0223576
0.0224871
0.0219766
0.0222858
0.0215418
0.0217891
0.0217022
0.0225495
0.0217886
6.97795
0.0218677
0.0218454
0.0219308
0.0214194
0.0230016
0.0219749
0.0220043
0.0219238
4.93778
2.36119
0.0215607
0.0217834
0.140707
0.0346135
1.98752
0.0218347
0.0241957
0.0350102
0.0215507
0.0221515
0.0219621
0.0221984
0.0219213
0.159842
0.0290657
0.0338313
0.0219553
1.61992
0.0221245
0.0220812
1.45335
1.9455
0.0217185
0.0218665
0.0222615
0.0228756
0.0219186
0.0219964
0.0218405
0.0237043
0.0215581
0.130531
0.0217818
2.22473
0.0217902
0.0220133
1.02169
0.022821
0.0218186
0.0224138
0.0218878
0.0220248
0.0278122
0.022168
0.346715
3.59359
7.35813
0.0217652
0.114602
0.021877
0.0220983
0.0219802
0.0218444
0.0217071
0.0219964
1.97838
0.0218111
0.0219321
0.0215945
0.0218455
0.02189
0.0215693
0.022536
0.0219836
0.0217216
0.0219415
0.0220276
3.57742
0.0219326
2.35131
0.0222944
0.0219764
0.0217735
4.61714
1.54767
0.0215922
0.0216452
7.74179
0.0454117
0.0219364
0.0220269
0.0299682
0.0217775
0.0219229
0.0217831
2.26317
0.0220907
0.0220546
0.0222839
0.0218924
0.0219248
4.36928
0.0217409
0.021683
0.0218065
0.0220776
0.0219207
0.0218934
0.0219511
0.0219254
8.91119
0.0221024
0.0220064
0.0216759
0.0309986
0.0217134
0.0326662
0.0220386
0.0216784
0.0219516
0.0217824
0.0218847
0.0219607
0.0221211
0.021625
0.0217833
8.00667
0.0219679
0.0334817
0.0219709
0.0219046
0.0216394
0.0218535
0.0307547
0.0220191
0.0215162
0.0219264
0.021913
0.0241148
0.584857
0.0217379
0.0214847
0.0220317
0.0220584
0.0219974
0.156208
0.021794
0.0220048
0.0318235
0.0217526
0.04587
0.0218365
3.98014
0.0219367
0.021781
0.0220532
0.0218551
0.0219496
0.0256299
0.0218701
0.0220237
0.0219078
0.0219831
0.0221246
0.021742
0.0218899
0.0216514
8.3121
0.0219742
0.0222321
0.0826278
0.0238816
0.0217937
0.0215494
0.810371
0.0226653
5.00835
0.0217954
0.0920962
0.022284
0.0239787
0.0215347
0.0220294
0.0219143
0.0217621
0.0219206
0.0219168
0.0219524
5.00598
0.0214153
0.0220393
5.43579
0.0221212
0.0216159
0.0222383
0.0219234
0.0304953
0.0216996
0.0305353
0.0218624
0.022121
0.0221253
0.0221282
0.0218373
0.0219617
0.0243506
2.41549
0.0221345
0.0221304
0.021846
0.0220063
0.0216072
11.1422
0.0229395
0.022
0.0218955
0.0215831
0.0216959
0.026797
0.0217916
0.0214642
0.022066
0.0219723
0.0214926
0.0225305
1.24937
0.0220861
0.0218118
0.0222299
0.0220082
0.0220425
0.0214527
0.0220724
0.0220256
0.0220735
0.0221388
0.0214978
0.0219117
0.0220214
0.0219355
0.0221562
8.92186
4.72116
0.0220563
0.0234019
0.0218515
0.0255614
0.106652
0.0215899
0.0217954
0.0271507
0.0227364
0.0311415
0.0219861
0.0219391
0.0219415
0.0219864
0.0215971
0.0218589
2.26142
0.0332516
0.0215664
0.0242595
0.0224112
0.252757
0.0216625
0.0216281
0.0215193
0.0217347
0.0219079
0.0798526
0.021842
0.10314
0.0435632
0.0243251
0.021868
0.0220824
0.0218443
0.0219089
0.0222761
0.0218951
0.0218811
0.0294983
0.0220459
0.0218241
0.0221604
0.0220341
0.0219758
0.0220092
0.0219877
0.0217307
0.0220106
0.0218966
0.0220287
0.0220154
0.034112
9.28462
0.0327901
0.0217198
2.82857
0.0220442
0.0216805
0.0594949
0.0222541
0.0218802
0.0218863
0.0218987
0.0219399
0.0216665
0.022031
0.0224306
0.0219174
0.0218938
0.0217937
9.51913
0.0217751
0.0219006
0.0293721
0.0217652
0.021752
0.0219834
0.022293
0.0221484
23.1036
0.0218825
0.041632
0.0219724
0.0422618
0.126732
0.0214512
5.03058
0.0219494
0.0219639
0.0217109
10.2847
3.09503
0.0215888
0.0275465
0.0221226
0.0229677
3.59362
0.0242928
0.0219526
0.021593
1.09853
0.0219725
0.0228922
0.0220096
4.37368
0.0219358
0.0215263
0.021768
11.4549
0.0217962
0.0219789
0.0220021
0.0216723
0.0220137
0.022089
0.0219985
2.64575
11.4557
0.0219958
0.0234064
0.0245857
0.076018
0.0217186
0.175799
8.80421
0.0215576
0.0216435
12.6639
0.026681
0.0220154
0.0217993
0.0222929
3.09886
4.53928
0.022163
0.0221376
0.0225947
0.0220387
0.0219767
0.0224234
0.022256
0.0220474
0.021916
0.0330756
0.0215241
0.0234132
0.0224753
14.5283
0.0215561
0.0220585
0.021832
0.0225192
16.4354
0.022129
0.0541403
0.0225938
0.0219944
4.92032
0.0220787
5.45807
12.5371
0.0218295
0.0221215
0.0219206
0.0224302
0.0219983
0.0218355
0.0271038
0.0214313
0.396072
2.11404
1.51342
0.0220002
0.0247269
0.0219461
0.0215666
0.0219959
0.0221429
2.17562
0.0220841
0.0220794
0.0218132
0.0221383
0.022182
0.0221638
0.0219999
0.021995
0.0221053
0.021516
0.0962562
0.022543
0.070805
0.0220852
0.0218854
0.0218757
0.0220286
0.0216949
0.0220467
0.0225497
0.024521
0.0216792
1.52765
0.0220974
0.0968552
0.0219205
0.0218912
0.0747487
0.0289446
0.0219248
0.0219817
0.0220308
0.0219273
0.021604
17.7059
0.0413805
0.0218913
0.0215326
0.022115
0.0219976
0.0889357
0.0219938
0.0214869
0.0220434
1.35203
9.45503
0.0216905
0.021828
0.0219745
0.0219516
0.0232949
6.06834
0.0295606
0.0662247
0.021591
0.0399899
0.122769
0.0221008
0.0222377
0.144385
0.0226345
0.0216467
0.186202
0.0236652
0.0230539
0.0217856
0.0489928
0.0220341
0.0219969
0.060994
0.0219675
0.0236101
0.02198
0.0709282
0.0215139
0.0219959
4.6058
0.0259839
0.0221273
0.0308248
0.0216152
0.0284506
0.0251305
2.52103
5.88861
0.0222235
0.0217115
0.0322234
0.0219976
3.87732
1.43586
0.0220822
0.0220547
3.01628
0.0216359
0.0221412
0.0497268
2.88409
0.0627182
0.0216421
0.0219372
0.021888
0.0217966
0.0217199
0.0220314
0.0393584
0.0220274
0.021497
0.0218767
0.0219593
9.37874
0.0321317
0.0221831
0.0233652
0.0215314
0.0220949
0.0287479
0.0220524
0.0366506
0.0218938
7.52032
0.021482
0.0217818
0.0370171
0.02218
0.0220984
0.0221924
0.0249867
0.0215188
0.0225461
0.0215624
0.0218803
0.021686
0.0231461
0.0219902
0.021911
0.0220653
1.62364
0.0373536
0.0215816
0.0219232
0.0219248
0.0215161
0.0580937
0.0644931
0.0218579
0.0220432
0.0218123
9.60576
13.692
0.0220642
0.0215884
0.0215464
0.021611
0.0222179
0.0218715
0.021773
0.0218404
0.0410602
0.0219212
1.19709
0.022027
0.0218279
0.0220174
0.0578063
0.0217196
0.0374793
0.0217849
0.0219511
0.0219228
0.0306403
0.0220113
2.91194
0.0219881
0.0222927
0.0220112
0.0217148
0.0303103
0.0225784
0.0218487
0.0215787
0.0220896
0.022006
1.59239
0.0483293
0.022074
0.0876611
0.0218214
0.0221406
0.0256154
3.46507
0.0220168
0.0222383
0.0293637
0.0262657
3.21071
0.0216221
0.0218652
0.0642503
0.0514564
0.0214218
0.0221147
0.0221746
0.021773
0.0234286
0.0219292
0.0219073
0.0266068
0.0215089
0.0450167
0.0217753
0.0218177
0.0219374
0.0218269
0.0216524
0.0220495
0.173612
0.0222521
0.0218436
0.0217455
0.0216845
0.0218116
0.0219181
0.0319022
0.0540752
0.0216949
0.0222019
16.9972
0.055329
0.061364
6.71744
0.0219156
0.0217421
0.0217062
0.0217089
0.0563097
0.0221227
0.101894
4.48559
1.64919
0.0220471
0.022281
0.0215678
0.0222382
0.0219757
0.0260538
0.0222631
0.0260042
18.0225
0.0218076
1.15676
0.0254072
2.34678
0.0220648
0.0217523
0.0217035
5.13899
0.0217938
0.0222589
2.14444
1.63052
0.0219178
0.0218477
0.0223073
0.0216384
0.0217794
0.0542547
0.0217777
0.0218289
0.0262058
0.0220965
0.0218055
0.0216032
0.984564
0.0219277
0.0221298
0.0219558
0.0559383
0.0217648
0.0220111
0.027791
0.0234531
0.021868
0.0644086
0.035657
0.0239595
0.0504765
0.0230753
0.0219967
0.0218717
0.0217509
0.0216903
0.0218345
0.0221585
0.0221048
0.0261502
0.0221855
0.0219823
0.0509186
0.045986
0.0219184
0.0215799
0.0220198
0.0220219
0.644338
0.0217315
0.0231415
0.0334507
0.401976
0.33618
0.0218567
0.0347126
0.0512951
2.44851
0.021884
0.0219838
0.022544
0.0218607
0.0222724
0.0218964
0.0412766
0.0214297
4.70886
0.0219171
0.0219794
0.0217373
0.0219163
0.0220359
0.0222654
0.0220255
0.0221259
0.0222454
0.0219394
4.30883
0.0217668
0.0219372
0.458281
0.0220206
0.0220106
0.0471634
0.0219955
0.0220314
0.0268993
0.0221458
0.0218207
0.0222717
0.021947
0.021819
0.0219187
2.6889
0.0255892
0.0225929
0.021881
0.0219021
0.0218689
4.89068
5.2487
0.0226867
0.0220004
0.0219119
0.0241755
0.0219573
0.0297969
0.0219148
0.0221956
0.0220409
0.5904
0.0379702
0.0217466
0.0351422
0.0219325
0.0302486
0.0221205
0.0216921
0.0221053
0.0221455
0.0217958
0.0217665
0.0218632
0.0221696
0.179172
0.0236427
0.0218594
0.0267605
0.0241799
0.0480593
0.0225039
0.0222526
0.0219527
0.0230139
0.0218859
0.0223502
0.0217054
2.71345
0.315051
0.0225611
0.0339434
0.0215287
0.0219566
0.0218917
0.0216969
0.0219092
0.0223125
0.0220944
0.0219927
0.0221608
0.283
0.0239643
0.0217105
0.0219219
0.111915
0.022016
0.0218697
0.0443116
6.04632
0.0219738
0.0218536
0.0219431
0.0218208
0.0219585
0.154729
0.0218229
0.0217172
0.0219029
0.0220064
0.0221462
0.0221686
0.0216826
0.0259433
0.0219419
0.123372
0.0221777
0.0232019
0.0369772
0.0219894
0.0220934
0.0219191
0.0222941
0.022089
0.0221364
0.0225624
2.57973
0.0220345
0.0217242
0.0491481
0.0220052
1.09089
0.130692
0.0219677
0.0220212
0.0220502
0.021767
0.0220271
0.0217014
0.021987
0.0398724
0.0222926
0.0215924
2.80174
0.0222045
0.0220934
0.0222076
0.0217929
0.0669107
0.0274741
0.0220758
0.0219479
0.021655
0.0220373
0.0219317
0.0221077
0.0288868
0.027642
0.0219793
0.0221535
0.0214527
0.0219798
0.021657
0.0219231
0.0219905
2.88638
0.0231978
0.0219422
4.30053
0.022148
0.0220907
0.0222932
0.0221091
0.0219606
0.0219354
0.0221234
0.0221644
0.0220217
0.0218289
0.0222849
0.0221413
0.0218942
0.0222937
0.0221342
0.0221747
0.021889
0.0221744
0.0216685
0.0222865
0.0217816
0.0221243
0.0221205
7.18508
0.0220064
0.0220266
0.0218193
0.0355321
0.022045
0.0218929
0.0217629
0.0219245
0.0231208
0.022293
0.0221448
0.0217265
0.0222935
0.0221737
0.0221303
0.0227014
0.0222917
0.0222277
0.0218906
0.022293
0.0221047
0.136476
0.0218636
4.44144
0.0221524
0.0220574
0.0300805
6.9058
0.0226925
0.0219429
0.0220404
0.0215714
0.0221137
0.0220276
0.0217061
0.0266481
0.0217693
0.0219781
0.0221001
0.0389492
0.0234395
0.0218051
1.68401
0.0480915
0.0218945
0.0218224
0.0220567
0.0231779
0.0219047
0.023671
0.0244937
0.0217694
0.0215042
0.0221352
0.0220239
0.0220864
0.0220757
0.0221867
0.0222497
3.40346
0.0219895
0.022043
0.0221183
0.0216768
0.0455763
0.0217161
0.0221568
0.0221747
0.0221283
0.0220641
5.24346
0.0390969
0.0218453
0.021803
1.44686
0.0217479
0.0221233
5.87017
0.172065
8.25971
0.022173
0.0221683
0.0392159
0.022547
0.0219586
0.0218235
0.0217066
0.0219484
0.021808
0.0219949
0.0314467
0.0221058
0.0221272
0.0218475
0.021518
0.0219953
0.0217071
0.0218663
0.022142
0.0215491
9.56239
0.0221786
0.0220183
0.0327503
0.0220382
0.021849
0.0220613
0.239804
0.0217827
4.88266
0.0219758
0.021823
0.0229897
5.00304
0.0220446
0.0220316
2.00661
0.0221982
0.0230241
0.0220132
0.0219104
0.032399
0.0216689
0.0284107
4.22644
0.0219337
2.34853
0.0222419
8.8105
1.18863
0.0848479
0.0222428
0.0218912
0.0213976
0.0221274
0.0218381
1.93565
2.47083
0.0216616
0.0221751
0.0709066
0.0218816
0.0222359
1.00795
0.0218775
0.0222757
0.0219264
0.0417067
0.0953435
0.0218455
0.0228137
0.0220806
0.0219894
0.0216936
0.0950841
2.31873
0.0234202
0.0256677
0.0219248
4.03475
6.1304
0.0220585
0.0219115
0.0221995
0.0217032
0.0220228
0.0220319
0.0221968
0.0225388
0.0214135
0.0311327
4.34068
2.50884
0.0221427
0.0221822
0.384305
0.0221615
0.0223188
5.75936
0.0221556
4.55018
0.0257622
0.022181
0.021917
0.0271188
0.0217533
0.194648
0.0221995
5.52112
4.9909
0.0220024
0.0222002
0.022121
4.79854
3.02605
0.021483
5.23355
0.0219685
0.0222301
0.0217881
0.0216767
0.284309
0.0267656
0.0218324
0.0221606
0.0244433
0.0218071
0.0220083
0.022223
0.0221411
0.0218542
0.0216725
0.0779772
0.0222256
0.0214814
0.0623882
0.0221786
0.022203
0.0221382
0.0221266
0.0214488
1.54668
0.0224438
0.0266352
0.179584
0.0221905
0.0220909
0.0215765
0.0221718
0.0221901
0.0546368
0.0266046
0.0216543
0.0217139
0.0222029
0.0217248
0.0222289
0.0257942
0.0219752
0.0222081
0.0221171
0.0222072
1.58507
9.65515
0.0216278
0.0226589
0.0218307
0.0215492
0.0790309
0.0308703
0.0221522
0.0221865
0.0217371
0.0219599
0.0220707
0.0219503
0.0214472
0.0240133
0.0222435
0.0222153
0.0222086
0.0221615
0.0219927
0.0216809
0.0221521
0.0217456
0.022
0.0216557
0.022151
0.0222194
0.0558016
0.0215299
0.022115
0.0217747
0.0221539
0.0220227
0.0221426
0.0226625
0.167727
8.90304
0.0220926
0.022454
0.0220462
0.0218326
0.0222454
0.0216692
0.0216844
0.0219206
0.021983
0.0237389
0.022246
0.0221992
0.0219136
0.0219301
1.63025
0.0222325
0.0219547
0.0216358
0.0218402
0.0217884
0.0215417
0.0254199
2.33659
0.0220993
5.07314
0.02208
0.0223779
0.0221107
0.0217366
0.0455796
0.0221371
0.0220572
0.0219203
0.0243324
0.0216549
0.0219653
0.0221842
0.021897
0.0216554
0.117781
0.0220526
0.0217236
0.0219533
0.0217472
0.0218159
0.124304
0.0218791
0.0239965
0.0221079
0.022081
0.200479
0.022526
0.0215942
0.021924
0.0217575
0.021783
0.0221721
0.022118
0.0216703
0.0246512
1.81713
0.0221933
0.0218298
0.0215518
0.0218807
0.022227
0.0220175
0.0220724
0.0222132
0.0803807
0.0214801
0.0218913
0.0214635
0.0392901
0.0222192
0.0221787
0.0218788
0.022108
0.0222225
0.0216184
0.021656
0.0218643
0.0216015
0.0218668
0.0220256
0.0216221
0.0215844
0.022165
0.0222272
7.66997
5.45833
0.0220642
3.73915
0.0220306
2.40129
0.0222318
0.0219734
0.0501018
0.0220346
0.0219092
5.06903
0.0218011
0.0217721
0.1987
0.0217698
16.8832
0.0224069
0.0221316
0.0221857
0.021788
0.0216631
0.0224039
0.0218019
0.0221568
0.0218384
0.0221552
0.0221361
0.0218
0.021774
0.0223031
0.0223183
0.0221579
0.0219042
6.42251
0.0220104
0.0414212
0.0221506
0.022211
0.0215616
0.0217601
0.0490118
0.0221066
0.195958
0.0217381
0.0221292
0.02193
0.0217798
0.0219672
0.0221952
0.0289325
1.99655
0.0219414
0.0878399
0.0220689
0.0215478
0.0220566
1.68605
0.0219153
0.0217464
0.0223068
0.021936
0.0638556
0.0310035
0.0220569
0.0219094
0.0218632
0.0219536
0.0217372
0.0219263
0.0221649
0.0218525
0.0254727
0.0220571
0.0219611
0.0220135
0.0220838
0.0221504
0.0220874
0.0220936
0.0218603
0.0218295
0.0218365
0.0219499
0.0221301
0.0219694
0.204641
0.0219883
11.5338
0.0217215
0.19373
0.0219852
0.0218552
1.73314
4.58462
0.021874
0.0217391
1.60167
0.0219041
0.0220574
0.0434145
0.024718
0.0220869
0.024935
5.02779
0.0220162
0.0324981
0.0222002
0.0220007
0.0221725
0.0220893
0.0220319
0.0222211
0.0222425
0.0219985
1.31352
0.0215015
0.022568
0.0220725
0.0371447
0.0218528
0.0222119
5.20291
1.52048
0.0221369
0.0222072
0.0242646
0.0215194
0.0216898
0.0219254
0.0220595
0.0261813
0.021917
0.0214963
0.0221159
2.41455
0.0220949
0.0220406
0.028696
0.0220767
0.0222227
2.87266
5.80067
0.0214848
0.0221878
0.0218746
0.139883
0.0221495
0.0214768
0.0216503
0.0217976
0.0219873
0.0220457
0.0220478
0.0222857
0.0218547
0.0218851
0.0215761
0.0214993
0.0218014
0.0220695
0.0214621
0.028108
0.0217324
0.0222847
0.0220228
3.82564
0.0216491
0.0218136
0.0217779
0.0220811
0.0220238
0.0217933
0.0220922
0.0221997
0.0220589
0.0221434
0.0216749
0.0220526
0.0220485
0.0222179
0.0216258
0.0221847
0.0214671
0.0217052
0.0218012
0.021926
0.0221595
0.0221634
0.0221027
0.0218606
0.021967
2.14251
0.0219255
0.0219635
0.022001
0.0221255
0.0218652
0.0274924
0.0251154
0.031257
1.83322
0.065606
0.0219799
0.0214902
0.0217135
0.0221763
0.022196
0.0227092
0.0216916
0.0220892
1.42721
0.022059
3.95144
0.0215259
2.67682
0.0220739
0.0223198
0.0216782
0.0216206
0.0221819
0.0215389
0.0219589
0.0219709
0.0217756
0.0278814
0.352945
0.0221477
0.0219203
0.0217193
0.0221814
0.0378899
0.0220206
0.0219389
0.0221669
0.0219838
0.13594
0.0214349
0.0221846
0.0220308
0.0220404
0.0221665
0.0221874
0.0220605
0.0217648
3.44789
0.0220949
0.229294
0.0296482
0.0219339
0.0218605
0.021892
0.0219842
0.0232928
0.0222186
0.0222458
0.0442251
0.0220087
0.0221683
0.0218871
0.0412164
0.13852
0.0222251
0.0220011
0.0216796
0.0218567
0.0219821
0.0221808
0.0269775
0.0220684
0.0236613
0.0347031
1.75847
0.0219627
0.0219408
0.0219491
0.0295056
0.03881
0.0221605
4.68073
3.17545
0.0219565
2.91893
0.0219306
3.96878
0.0218904
0.0219431
0.0220275
0.0216966
0.0220566
0.0221682
0.0219451
0.0221529
0.0222028
0.0232332
0.0219468
0.0221104
0.0214343
1.46482
0.0215753
0.0218425
0.0255943
0.0304839
0.021684
0.0224241
0.0220355
0.0217978
0.0221498
0.0216368
2.1999
0.0220488
4.93964
0.0219483
0.0221325
0.0223824
0.0219041
0.0216462
0.0225392
0.0219252
0.0218382
0.0215868
0.021748
0.0220282
0.0220481
0.0233467
0.0222048
0.0233702
0.022015
0.0221156
0.0220028
0.0220957
0.0294623
2.33851
0.0220028
0.0215183
0.0219637
0.0221388
0.0218371
0.0218569
2.4078
0.0217924
0.0220091
0.0259751
0.0844136
0.123923
0.0219368
0.0215077
1.93651
0.022016
0.021551
0.0342158
2.44431
0.0218444
0.0219193
0.0219519
0.0217082
0.0220025
5.46784
0.0424885
2.21817
0.0217328
0.0249823
0.0221448
0.0218553
0.0215798
0.0214571
0.021693
0.0218629
1.46686
0.0220095
0.137855
0.0218323
0.0216972
0.0220019
0.0219503
0.0218129
0.0222673
0.0216821
4.07611
0.0222061
6.01072
0.0221184
0.0218664
0.0219744
0.0317572
0.0216839
0.0218496
0.0217163
0.0215514
0.0394295
0.0233774
1.81236
0.0218961
0.0218865
0.0214001
5.28142
2.40219
0.0218607
0.0218412
0.0222694
6.7493
0.0218594
0.0217098
0.0222241
0.0216771
0.137761
0.0217746
0.021821
0.290621
0.0219299
0.0219946
0.0219474
1.90839
0.0368161
0.0218098
0.0216759
0.0218913
0.0219544
3.38289
0.0218443
0.0221176
0.0218087
0.0219897
0.0261215
0.021831
0.0219655
0.0217383
0.0218096
0.0222051
0.0235202
0.0326376
0.0219474
0.021899
0.0220966
0.0221389
0.0219376
0.0220622
0.0219706
0.0222261
0.0218421
0.021904
0.0242533
0.0223956
0.0219432
0.0224349
0.0221072
0.0221028
11.1877
0.0220761
0.0224824
7.34724
0.0219841
0.0221569
0.0219973
0.33007
0.0215397
0.0232045
0.0374653
0.0216641
0.0222538
0.0221881
0.213425
0.0220566
0.0219452
0.0218178
0.0221104
0.022007
0.0787713
0.0257797
0.0242064
0.0218719
0.0217312
0.0221926
0.021848
0.0219971
0.0216221
0.0225163
0.22378
0.0219149
0.0221127
0.580419
1.52199
0.0219365
0.021976
0.0221021
0.0623872
0.0775769
0.0218941
0.0219208
7.84144
0.0219391
0.0219326
0.0220931
0.0216863
0.0220858
0.0222282
1.65653
0.0221609
0.0221054
0.0219064
0.0218306
0.0221281
0.936844
0.021889
0.0218889
0.0218952
0.0333298
0.0221976
0.0218576
0.0219682
2.86899
0.0216418
0.0221436
0.0218197
0.0222057
0.021726
0.0233715
0.0219627
0.021859
0.0219051
0.0651557
0.0221486
0.0222078
0.0221437
0.0220621
0.0222271
0.0220666
2.79917
0.0220486
0.0629024
0.0222343
0.0217281
0.0222136
0.0222048
0.0216322
0.0217023
0.0216702
0.021816
0.147144
0.0267231
0.0218293
0.046391
0.0214645
0.155194
0.0221362
0.0217194
0.021667
1.26195
0.0217267
0.021828
0.0215346
0.0218281
0.026036
0.022063
0.0218731
0.0216688
0.0215793
0.0220147
0.0217026
0.0214829
0.669933
0.109886
0.0218181
0.0220629
0.0220612
0.0218257
0.0265533
0.0216142
0.0220738
0.0218286
0.021944
0.0222466
0.0219096
0.02165
0.0263748
0.0297372
0.0221673
0.0218207
0.02179
0.0215988
0.0226451
0.0219353
0.0221127
0.0219622
1.25893
0.0219698
0.0221128
0.0217563
0.0219269
0.0229529
0.0217869
0.021761
0.0218731
0.0216546
0.0214501
0.0298226
0.0218216
0.0219435
0.0215942
0.0219734
0.0216542
0.0220557
0.0751851
0.0221864
0.0215716
0.0225368
0.021938
0.0218871
6.08271
0.0217649
0.0218335
0.0216859
1.02556
0.0217448
0.0219302
0.0350341
0.0355564
0.0214665
0.0222463
0.022219
0.0217536
0.0219608
0.02193
0.0218361
0.0386181
0.0225261
0.0221075
0.0221203
0.0219867
0.022051
0.0218316
0.0217051
0.0235904
3.34792
0.0219558
0.0219407
0.0219471
0.0216789
11.5604
0.0218965
0.0219438
0.0219844
0.0220953
0.0224407
0.0214995
0.021834
0.0219826
0.0224083
0.0219582
0.0219378
0.0369402
0.0255384
0.0220794
0.0767033
0.021823
0.0217547
7.03952
0.0218442
0.0220361
0.0219251
0.0221993
0.0219557
0.0217559
0.0222071
0.0217922
0.0218072
26.1071
29.2504
28.1126
3.11172
0.0216143
0.0218942
0.0217503
0.0219105
0.0227352
0.0217738
0.0217204
0.0221442
0.0220742
0.0220638
0.0215159
0.0970098
0.0221283
24.4425
0.0221491
0.0221116
0.0221803
0.0701062
0.0217359
0.0218225
0.022128
0.0217553
0.0218787
25.6628
0.0218047
11.6508
0.228692
0.0218874
9.12787
0.0218351
0.0637602
0.0217491
0.02218
0.0649329
0.0238037
0.0220631
0.0221442
0.0218599
0.0220619
0.0218918
0.0218497
0.0217538
17.48
28.9116
26.3851
20.4763
23.1882
27.2555
18.4733
13.9536
21.2756
12.3583
26.8875
24.6044
13.8938
28.7038
24.4515
27.2578
12.7167
30.105
6.82374
21.7116
0.0221573
0.0217479
0.0215352
0.0658471
0.021751
0.0216822
0.0218465
0.02224
0.0222264
0.0218847
0.0219976
0.0218319
0.021825
0.0218586
0.808091
0.0220033
0.0563558
0.0218816
0.0221388
0.0216392
0.0218898
0.0218331
0.0220246
0.0214365
0.0218428
0.0218788
0.0219219
0.0219252
0.0221816
0.0218636
8.18776
8.94959
8.43684
7.65908
6.58557
0.0219291
0.0222191
0.0653533
0.0221798
0.0218165
0.0218675
0.0217609
0.0221234
0.0218761
0.0630066
0.0220785
0.0218343
0.0218156
0.0219459
9.51162
0.0218186
0.0219191
0.0218593
0.0215462
1.98326
0.0218903
1.66879
0.0388669
7.79862
0.0253376
0.0423415
7.28349
0.0220106
0.0217234
7.56964
0.183778
1.82786
1.80465
0.0338105
0.0214846
0.0230897
0.0216008
0.0218328
0.0215112
0.0217186
0.0217835
0.0221993
0.0222166
0.0579316
0.0267278
0.0218564
0.0217121
0.0220762
0.0222398
0.0228529
0.0219138
0.0217718
0.0253404
0.0216956
0.0218809
0.0217209
0.0218733
2.37036
0.0217557
0.0222393
0.0221791
0.0220883
0.0216347
0.0220423
0.0221614
0.0216412
0.0221992
0.021885
0.0216657
0.0219351
3.29212
0.0214945
0.021961
0.0216024
0.0538617
0.0219294
0.0219487
0.0222114
0.0218476
2.51657
0.144668
3.24899
0.0216249
0.0218217
0.021816
0.0218637
0.0221306
0.0221004
0.0219682
0.0218364
0.0218472
0.0218009
0.0218271
0.0250958
0.0797599
0.0216336
0.0218855
0.021934
1.44613
0.0218267
1.49856
0.0225063
0.0218359
0.0218285
8.95698
0.0216598
0.0219279
0.0220973
0.0219331
0.0214297
7.43829
0.0215293
0.0221865
0.0520818
0.0220685
0.021966
0.0301214
0.0409335
0.0216605
0.0218192
0.0224677
0.0218774
0.0216849
0.0502742
0.0220987
0.0218363
0.0224106
0.0216032
0.635145
0.0224514
0.0219724
0.0222355
0.0219207
0.0219913
0.803912
5.2428
0.021855
0.0219356
0.0220927
4.60458
0.0216625
0.0356872
0.0216402
0.0220301
0.0216135
0.0218149
0.0219601
0.0219538
0.0216643
0.0215984
0.0216683
0.0222182
0.0270105
0.0220728
0.0216899
0.0215298
0.0217067
0.0222677
0.0240978
0.0218127
0.0217907
1.65044
0.021814
0.0214157
0.0216761
0.0342575
0.0217677
0.0214807
0.0213955
0.0470408
0.022046
0.0217609
0.0220643
0.0216667
2.28807
7.89808
0.0241948
0.0213972
0.0222297
0.0217575
0.0220836
0.0219686
0.021948
0.0214969
0.021798
0.0222937
0.0226285
0.0216772
0.0263611
0.0473616
0.0220409
8.28484
0.0220081
0.0221019
0.0217671
0.0221312
0.0216494
0.0217203
6.24577
0.0227146
0.0215325
0.0217241
4.8791
0.0221428
0.0221817
0.0458516
10.0681
0.0219354
0.0214838
0.0289118
0.173034
0.0216968
0.0219611
0.0442478
0.0216221
0.022003
0.0221614
0.0215339
0.0221692
0.0216628
0.0216806
0.0220075
0.0215431
0.119179
0.0222749
0.0322578
0.0411275
0.0221722
0.0220637
0.180369
0.0214462
0.0219826
0.0216696
0.0220405
0.0214859
0.0218879
0.0250384
0.0220491
0.0221747
0.0220081
0.0219549
8.79656
0.0218403
0.0218896
0.0219651
0.243836
0.0217123
0.0221137
0.0222599
0.0219239
0.0456493
26.4763
26.9969
0.0218317
0.022035
0.0221942
0.0222485
0.0217641
0.0607468
0.0218686
0.333084
2.65205
0.0416349
0.021531
13.3198
0.0220785
0.0222604
0.0215348
0.0221187
0.0217337
19.9542
0.0222348
0.0394233
0.0438728
0.0214822
2.42644
0.021718
4.15787
0.0215645
0.0217378
0.0217532
2.68266
0.0279144
0.0219914
26.7978
0.0264246
0.0220069
0.0216785
0.0219421
0.0234324
0.0216975
0.022073
0.021877
0.022096
0.0218421
0.021889
0.0217684
0.021481
0.022239
27.5311
25.8813
0.0219223
0.0222164
0.0224018
0.0221877
0.0229684
0.0217103
0.0218033
0.0219278
0.0218381
0.0221249
0.0215007
0.112243
5.02665
0.021825
0.021563
0.0220069
0.021496
9.47323
13.5567
0.0216692
0.0235358
0.0222557
0.0218817
0.173211
0.021878
0.0217023
0.0220893
0.0234148
0.0221244
0.0216265
0.0215362
0.0219206
4.13257
0.0218881
0.0248585
1.4678
0.0287537
0.0219707
0.0216711
0.0218739
5.31991
0.0221635
2.69761
0.140895
0.0232583
0.022108
0.0218743
0.029939
0.022138
0.0216283
0.0311151
0.0221874
0.023034
0.0220447
0.147413
0.0218917
23.6505
25.8334
0.0220893
0.0218244
0.0319315
0.0220926
0.0218145
0.0220119
0.0221063
0.0218456
0.0219731
0.021651
3.1326
0.0218398
0.0215446
0.0229127
0.0218833
0.0298506
0.0216762
0.0218734
0.0215287
0.0219255
0.0220726
0.0218448
0.0218329
0.021898
0.021849
0.0220255
0.0219647
0.154488
0.0215304
0.022443
0.0221285
18.1418
0.0351305
0.0216624
0.0250835
0.0218985
0.0398252
1.70742
0.0228648
0.021938
0.0838541
0.0218419
0.0221615
0.0228843
0.0218825
0.0940464
0.0219178
0.0226496
0.0219293
0.0218497
0.0220893
0.0216457
0.0216588
0.0214857
0.0216859
10.1763
10.5084
0.0297396
0.0216909
0.0221792
0.0498337
0.0216343
0.022002
0.0218602
0.109107
6.67725
0.0221976
26.6396
0.179415
0.0219253
0.0218785
0.0214722
0.0711637
0.0218355
0.0218303
0.0220952
26.2429
0.0560608
0.021887
0.0221457
0.0217719
0.0217465
0.0441486
0.0218169
0.0217204
0.0229916
0.0214806
0.0220456
0.0249675
0.0220962
1.18591
2.12716
0.156821
0.0220531
0.0219479
0.021808
0.0217007
0.0218653
0.106942
0.0218007
21.1054
0.0259417
0.0219795
0.0217784
2.07276
0.0218455
28.187
0.0723295
0.0232239
10.6852
0.0215622
0.0221373
0.0220581
0.0218933
0.0221938
0.0393088
0.0241135
0.0645553
27.8002
28.4894
0.0221054
0.0221218
0.0330029
0.0237854
0.0218892
0.0220212
0.0225918
0.0217451
0.0219308
0.117199
0.0219956
0.0220742
11.8318
8.37698
0.0219488
0.024895
0.151505
0.0221831
4.34342
0.0225588
0.0459957
0.0219003
12.5042
0.0218057
3.19548
2.30251
0.0215254
4.35367
1.62473
0.168917
0.0222078
0.0215615
0.0336228
0.137857
30.9069
0.0218417
26.3745
0.0219818
0.0220459
0.115839
1.18869
0.021938
22.6308
4.38915
0.0215776
27.8576
0.021775
4.50542
0.0219206
0.0221352
17.3465
0.0219785
0.0218741
12.7483
3.63734
0.0218807
0.0242369
0.0220149
12.7855
0.0318121
0.0218456
0.021909
0.0215256
0.0217099
0.0214319
0.0216633
24.4718
0.0215134
1.50886
0.0220734
0.0218046
0.021844
0.0220593
0.0218614
0.022155
0.0220445
0.0225145
0.0766017
0.162268
0.0255698
0.0215705
6.2207
7.05349
0.0218704
0.0220818
0.0266416
13.0004
0.0222284
0.0279382
0.270703
1.028
0.0371789
0.0348708
0.0221743
2.5385
4.69828
1.13625
0.0247953
0.0858652
0.0220635
3.689
0.0221858
0.0219291
0.0343274
0.0346623
0.0214726
0.0218721
0.0218803
0.0220299
0.940704
0.022092
0.0219426
0.150924
0.0216368
1.64402
0.0218747
0.02512
0.0217397
0.0347192
0.0221803
0.0221319
0.0220554
0.0253477
0.0217701
0.0218891
17.9963
0.0220193
3.92932
0.0218584
0.0219341
0.0220035
0.021737
0.0350855
0.0218803
0.0219687
0.02219
0.0218537
0.116746
0.0218623
14.5919
0.0267722
0.0218713
0.0217672
0.0218555
0.022016
0.0219188
2.28938
0.0257546
0.0222373
0.13421
0.0224186
0.022051
0.0220303
27.8603
6.70307
0.0422725
0.753997
2.87161
0.024524
0.194915
0.0221388
0.0218622
0.0221343
0.054435
0.0219199
0.021654
0.0948099
0.0259771
2.59517
0.0221561
0.0670118
0.0222098
0.0217503
16.6938
0.46041
0.569914
0.0219508
0.0218463
0.0219837
0.0216533
0.0352141
0.0246744
16.3375
0.0218605
0.0223881
0.0215072
0.0222472
0.0215382
0.0217095
3.37632
0.02198
0.0223097
0.0220504
0.0300017
0.0219041
0.0461025
0.280113
1.72874
0.0217969
0.139395
0.0258079
0.0222647
0.025786
0.0219264
0.0218893
0.0254279
0.0221727
24.4317
0.0219176
0.0248893
0.169477
0.0219614
0.113206
0.0217459
0.156544
0.022401
0.0218421
2.37717
0.075518
0.0220673
0.0215642
0.0294754
0.0217749
0.0382408
0.0324231
0.0390568
0.0225691
0.0218174
0.0218544
0.0217013
17.3613
0.0221909
0.0214123
0.0219191
0.0416554
0.0287281
0.0217563
0.0222787
0.0223033
0.0217751
0.0220564
0.0220123
0.0220117
11.4645
8.29491
0.0235828
0.022285
0.0222837
0.0870655
0.0217709
0.0221776
0.071097
0.0221399
0.022979
0.0216352
0.0220171
0.0217785
0.0215518
0.0219918
1.92904
0.0824351
1.37137
0.0338826
0.0219781
5.9566
0.0219942
0.0217505
0.021917
0.0674366
2.79247
0.0217655
0.0329128
0.022187
0.0241094
1.46791
0.0217822
0.0221525
0.0221531
0.548782
26.6941
0.0244193
0.0454002
1.56792
0.0216823
0.0219217
0.0218443
0.0217136
0.0217188
0.0216856
1.89195
3.06417
3.92729
0.0219609
0.0217325
0.0233231
0.0227619
0.0222699
8.22926
7.96082
2.65295
0.0215158
0.0217052
0.0274976
0.0217286
0.0219513
0.0226462
0.0230386
3.23123
0.0221431
0.021772
0.0218261
1.81273
0.126199
0.0215966
1.77599
1.44776
7.5803
0.0219044
2.6996
0.0475894
0.0222745
0.0217585
13.7239
0.0274387
1.72993
0.0218123
1.72186
0.0217505
0.0218076
0.0236003
0.0219862
8.21767
0.0917002
0.0236329
0.0239887
0.0220783
3.27861
0.905199
0.252996
0.161404
0.0216875
0.045752
0.0228852
2.16637
1.28031
0.0218177
3.54798
0.0217131
2.02501
0.0221596
0.0244003
0.0216849
2.98033
30.8812
0.0793879
2.35728
0.0217731
0.0217153
0.0222866
0.0214486
0.0219318
0.0222622
0.0218677
24.5143
0.0274456
0.0221713
27.0783
0.0219952
0.0221048
0.0217889
2.18351
0.0228566
0.0217342
0.0217216
3.2655
0.0230037
0.0698491
21.7321
0.110526
0.0216916
0.0224068
1.7487
0.0292793
29.8805
0.0254396
0.0281839
0.0215167
27.4081
0.0386192
0.0415394
0.0221232
0.022274
0.0220529
0.0229634
0.0223982
0.0346457
0.0859823
0.0215681
0.0214985
0.0214994
0.0216458
0.0216965
18.3368
2.0288
0.123593
2.31625
0.116862
1.464
0.0220731
0.0221902
0.0216153
0.0216735
0.0221506
0.0255668
0.0219049
0.0231902
0.0215069
0.0222358
0.187817
0.0367535
0.0220788
0.0215404
0.0227604
0.0221382
0.0222498
0.122476
0.0246392
0.0220226
0.021631
1.79261
0.0220913
0.0233916
18.3798
0.0216182
0.0217978
0.0609621
0.0219613
0.0221262
0.0223779
28.6754
0.0216774
0.0222318
0.0225284
0.0227778
0.0229496
0.0228473
0.0217613
0.0263255
0.155664
0.0221927
0.0223049
0.0310295
0.0375545
0.021764
0.0222423
0.0217294
0.0221752
0.94392
0.0214662
18.0639
0.0215094
0.0224953
0.0970439
0.0646423
0.0265189
0.0287771
1.06099
0.0218386
4.93051
0.0220841
0.0776875
0.0222456
0.0272909
0.0218909
0.0223559
0.022397
2.37776
0.124945
0.0223475
0.314951
0.0222425
0.0225609
0.022049
0.220264
0.213143
0.0275411
0.100165
0.210685
0.02377
0.0219946
0.27162
0.022524
0.0220458
0.0343573
18.0842
0.362506
0.0284836
0.0222089
0.0743321
1.55312
0.499373
0.0221677
0.0221322
0.0346371
0.0227338
0.0215123
0.427864
23.225
0.0264818
0.146546
0.0262669
0.0220372
0.0216925
0.021792
0.0249703
0.0219231
0.0220776
0.0652828
0.0214539
0.0218001
0.0225441
0.0221914
0.0220994
0.0218503
0.0221466
0.11241
0.0220246
7.30713
0.0225625
0.021852
7.67698
0.0270443
0.0226002
0.768794
0.0215244
0.0219303
0.0231647
0.0301825
0.0588558
0.0219804
0.0219669
0.0231652
0.0218914
0.0221497
0.0402723
0.0652172
0.0227815
0.224083
0.02216
0.0221902
0.0214633
0.0230265
0.0565743
7.67867
0.234818
0.0218922
0.0281404
0.0283634
0.0604256
0.0270809
0.025749
0.0245334
14.2242
0.0323028
0.0218847
0.0244938
0.025879
0.0220425
0.0218275
0.0248494
0.0523822
0.112003
4.02506
0.0216177
19.8901
19.996
0.0230638
0.0223428
0.0217347
0.0223628
0.754314
0.022871
0.0249058
13.4117
0.0833413
0.0214659
17.4816
9.61953
0.0227332
0.0222977
0.0231944
0.0241597
6.04394
0.0550918
0.0236051
1.83313
3.31784
4.22159
0.0503311
0.0283114
1.06993
15.7022
0.0299201
0.25778
0.0220007
11.9546
13.0231
0.0223145
0.0220023
0.0220196
0.0216664
0.050659
0.0222111
0.910661
2.74374
0.0224387
0.200041
0.0984166
0.0228301
0.0234017
0.0218034
0.0316282
0.137607
0.0239552
0.0222226
3.2336
0.0233355
0.0219864
0.0220787
0.0215457
0.0220608
0.02937
0.0235128
2.35449
0.0221614
0.0230738
0.0219123
0.0411687
11.0025
0.0217568
0.025177
0.0217237
1.75432
0.0218343
0.0214486
0.03429
0.0218878
9.0152
0.022159
0.0219193
0.0221913
0.0218516
0.0215069
3.06258
0.0371316
0.0477195
0.0615117
0.0219626
18.7244
0.0221556
0.0227784
1.68523
1.01251
6.10983
0.0295985
0.0224416
4.84386
0.0238361
18.9543
20.0708
0.0245483
0.0220225
1.6929
0.0222778
0.0222189
3.13656
0.126824
0.0250298
0.198309
1.75824
0.0239088
0.0218765
0.022045
3.19878
6.02569
0.0360953
3.74265
0.0665099
0.142591
0.0251003
0.0220086
0.0242948
4.36386
0.027205
0.0240967
3.76684
14.4678
0.0217037
0.111297
10.1537
0.0273906
2.40119
0.0248737
0.0214899
0.029398
0.0218804
0.0483534
0.0219552
0.125623
0.0214981
0.0219651
0.0214309
0.0220504
0.0220014
15.31
0.0220682
0.0951637
0.0223594
0.0219176
0.0216377
0.0218616
0.0530038
0.0223044
7.1625
15.7116
0.0237598
0.025334
0.0222064
0.0268794
0.0226988
0.0219964
0.0237741
0.0222287
0.0215998
0.0219341
0.0217147
0.0216882
0.404294
0.0224138
0.0218659
0.0220887
0.0220227
15.3758
13.3715
0.0472364
0.0233418
0.0228098
0.142081
0.0219184
0.0220968
0.0222711
0.0305118
0.0217596
0.0218127
0.0260122
0.029025
1.62191
17.0634
0.0218288
0.0219312
0.0216648
0.0230616
0.0216981
0.0217399
0.0214719
0.0229896
2.92818
19.9051
0.0240884
0.0221465
0.027028
0.0219503
0.0222588
0.0283278
1.69952
29.0534
0.022034
0.916203
0.0244537
0.0217724
0.0222478
0.024713
0.021922
0.0230463
1.14907
0.0218568
0.021779
0.0215407
0.0231087
7.2614
0.022054
0.0297752
2.4972
7.55033
0.0244095
10.5732
0.0262669
0.0304244
0.0220455
3.59751
0.0221018
2.16874
0.0218836
0.0221107
0.0359148
0.0298732
0.0222566
3.43014
0.0221441
0.0221269
0.0218061
0.0221631
0.0217341
0.0236025
0.0250012
0.0223316
0.0298816
18.6246
0.0234198
0.929021
0.0222005
0.0263358
14.5075
0.0261559
0.0225858
10.759
0.0218268
0.0221553
0.0220729
0.0225629
0.0318042
0.0222152
8.92652
0.0243626
0.0218529
0.0281497
3.6378
0.0221679
0.0223071
0.0223146
2.38493
2.02073
5.0486
0.248805
3.3418
0.0265939
0.11403
0.0257303
0.0275754
0.0216917
0.0221385
0.0238147
0.0222056
0.0221598
0.0216471
6.13368
0.0236288
0.021902
0.126272
0.0221712
2.52816
0.0575061
0.0227708
0.0218902
0.0222803
0.0233469
0.0223905
0.024893
0.0242211
0.0219108
0.0219341
0.0217579
0.0232493
0.0507136
6.13723
0.0276152
5.18818
4.2307
0.602484
13.7474
0.0225626
1.67678
0.0693188
1.69391
0.0332848
0.0233514
0.0222806
0.0219936
35.0001
0.0252582
2.56645
0.0287096
0.0225886
0.0239848
0.0271899
0.0221779
0.0223242
4.12203
0.0217093
0.0249526
21.6002
0.0227688
0.0219384
0.0288982
0.0216793
0.0218714
0.0323331
0.0224711
2.37281
0.0222393
0.112983
0.0224767
1.59472
0.0233202
0.0222128
4.71144
0.0228786
0.189623
0.0216509
0.022453
5.05249
19.3315
0.0215138
3.6133
1.43878
1.97419
0.133052
0.0255249
0.0217726
0.0257343
2.88131
8.10129
0.022721
0.0221416
31.0791
0.0218887
0.0638236
0.0226554
0.0221217
0.0783226
0.0680519
0.0220098
0.0218678
0.0226733
0.0215496
0.0216718
0.0456931
0.0254356
0.0309986
0.0419762
0.0262352
2.32819
0.0348131
0.0293788
6.98598
0.028409
0.0220663
0.138357
0.0273668
0.023755
3.50619
0.0216679
0.0618088
0.022687
0.0216964
0.0222685
0.126766
0.0218077
9.08386
8.48231
1.65617
0.0217759
0.021482
0.0287099
0.0220405
0.0702336
20.3405
20.439
0.0225511
0.0218922
0.0256777
0.0303148
0.0275941
5.47222
0.0262955
0.0263091
0.0416546
0.0221584
0.0290187
0.0253347
1.96839
0.0275474
0.0216435
1.68137
1.43792
0.0219212
0.0221995
15.2173
0.0313801
2.18135
19.3076
0.0229714
0.0244391
0.023809
0.0233321
0.0219832
0.0224348
0.0265172
0.0229161
0.045141
9.9879
0.0220874
0.0219186
0.176977
2.08557
0.0221973
0.0222357
0.0217992
0.0287804
0.113419
0.0218545
0.0220182
2.24514
0.0232129
0.0222244
0.0219187
1.93084
0.0216358
1.59007
17.1078
0.0217791
0.0937791
0.0327184
2.07749
0.0230634
0.0868354
5.70914
7.17641
0.0312472
0.0240797
0.0222266
0.0325929
0.050036
34.3912
0.0217835
0.021473
0.0219735
1.71369
0.0275883
1.91969
0.0218927
0.0604932
0.0350806
0.0306172
0.0221051
0.0554105
0.021914
0.0683929
8.0948
0.0343941
0.0217326
0.0221042
2.16196
0.0222273
0.0221331
20.3797
0.0216633
0.0244354
12.7043
3.81048
0.0216315
0.0229061
0.0220642
0.0284237
4.31277
0.0236826
0.0488069
0.0214645
0.738715
0.021631
0.128783
14.6175
0.0218893
0.0221988
2.13268
0.0222226
0.0216817
0.0216493
1.95619
3.43261
0.0222874
0.0219187
0.0218011
0.021802
0.0217291
0.911023
0.0218527
17.2551
0.0217245
0.021703
0.0218569
0.0218217
0.0222801
0.0307716
0.0221655
11.4145
10.8623
0.0242714
1.80762
0.147393
0.160291
0.0247916
0.0218833
0.032708
0.15679
0.0219932
0.1141
0.021665
2.87137
0.0221795
0.0218483
0.025254
0.0262842
0.0236986
0.0216355
1.74357
0.0228049
12.1688
0.0979531
10.0045
0.0220406
2.4636
0.103713
0.0222344
0.0744939
0.103954
0.0250212
0.0307987
0.0214791
0.0690978
2.21965
0.0218963
3.85859
0.0221117
0.123898
0.0219237
0.170387
1.81177
0.0228167
1.88966
0.0215499
0.0231049
0.0887936
0.0341785
0.507235
0.0218565
0.0232018
0.0330889
0.0800998
1.87668
0.0218441
0.0218813
0.0219479
2.31649
0.0239028
0.0271592
1.67187
0.0226909
0.0229076
0.0214266
0.0361459
3.42838
0.0541782
0.0294021
0.0221447
0.433373
0.878566
0.0222514
0.026775
0.0219047
0.0217762
0.022207
13.2096
0.0569059
0.0605693
0.0354724
0.0216061
18.6295
19.3827
0.022216
0.0235457
4.93698
0.0241303
0.0229582
0.0217202
0.0257488
0.0217635
0.0222482
0.030144
0.0248296
0.0223614
0.324927
0.0219915
1.82908
0.0773883
1.90807
0.0534845
0.0359767
0.0215163
0.332995
0.0326623
0.0222396
0.0218854
2.33274
0.0215023
1.51569
3.00744
6.09817
0.0363495
0.0255472
0.025884
0.0223073
0.022067
1.3156
0.021787
0.0758983
0.0218902
14.584
0.021849
0.0217746
0.0238489
0.0222369
2.64041
0.0263671
0.0453049
20.8667
0.0508485
0.0262405
7.79436
0.0219213
0.0230308
0.217519
6.73959
0.673362
0.189462
0.0219035
0.0221561
2.10741
0.0273399
6.97965
0.103353
0.495492
1.7121
0.0220196
2.13902
0.0859888
0.021664
0.207127
0.022082
0.0319584
5.54105
0.0220713
0.0288818
0.0221453
3.02506
0.0228349
0.0221386
0.0218689
0.0220147
3.84579
1.91386
0.816215
1.77284
1.83886
8.68849
0.0283114
0.0219091
0.0268452
0.0216292
0.0214635
0.375275
0.0219654
19.6019
0.0296616
16.5657
0.0245739
0.101537
0.0616375
0.0220305
0.0216279
0.0216966
0.0290879
0.0223281
0.0324656
1.11501
17.0873
0.0224142
7.06147
0.0218279
4.44088
0.0222393
0.086619
16.138
0.114114
16.0286
0.0221006
0.021963
0.0389406
0.021903
0.0273062
4.82315
0.104675
4.74278
0.0372199
5.68721
0.0360881
0.651813
0.0214166
2.12448
0.0329583
0.0219256
0.0221538
0.0230812
2.33424
0.0296721
0.0216065
1.02527
2.24785
0.0223893
17.3131
0.0222301
0.030944
0.0219803
0.0354662
5.54251
0.0337147
20.0873
6.7854
0.022286
0.0219717
0.0359151
0.0877632
0.0504933
2.80559
1.72535
0.0221633
5.47882
0.0219381
0.0216912
2.39399
0.161458
4.6268
0.0283161
0.0218895
0.0551982
2.22403
1.58059
6.39169
0.2386
17.9509
1.77061
0.132939
0.0954413
31.4749
17.7769
4.55904
10.0394
21.2083
15.468
14.4665
0.0216479
2.72641
0.0215042
0.0302812
8.55874
0.025633
0.027632
1.86343
0.0333851
0.0261926
0.0221629
0.0352704
0.0983565
0.0328727
0.022
0.02215
0.0227794
1.12507
0.022002
0.122467
0.0220563
0.0222762
0.0214631
0.022356
1.65619
2.75631
0.0284308
9.41099
0.0221924
13.8314
0.0216437
0.0219219
0.12968
0.0219793
0.0221391
0.022174
0.0611496
0.0251994
0.0452454
0.0219083
0.0219914
0.0387776
2.18615
1.52064
0.0586974
2.98628
0.722
0.0219387
1.67491
2.08811
14.991
0.0219582
0.0222382
0.0227521
0.203409
0.0219769
1.5543
0.0219217
0.115054
0.0220181
6.44727
0.0223233
0.0869153
0.0248135
0.0221912
0.0222713
0.100651
0.0234553
2.053
1.42462
0.0218852
0.0216891
2.4178
0.112605
2.24616
0.0222262
0.163533
0.0223065
0.0215896
0.0750574
11.6909
0.121515
0.0360665
0.0225585
0.0265552
0.0388457
0.0221262
0.303463
0.0229103
0.0343499
0.0994135
2.84725
0.0351621
0.0220622
0.0217673
13.0849
0.0225753
0.0342305
0.0217856
5.51696
5.1805
0.0220014
0.0216957
0.200231
7.87408
9.30398
1.80621
0.0229402
0.121136
0.0488926
1.41999
10.2375
0.0259155
0.0238443
0.0272985
0.104344
0.0222269
0.0976927
0.0293354
0.124093
0.389311
0.0216487
0.0223446
0.0346937
0.021931
8.53876
0.0218253
0.0219588
0.643301
0.09914
1.61119
0.0256092
0.126913
0.0383886
0.0219144
0.0320636
0.0236382
0.0548375
1.92823
2.33065
0.0229027
0.0215163
0.0597152
0.0852939
0.0244604
0.0248479
0.0224155
0.0213956
0.0528764
0.0745628
0.0219634
14.8303
0.0220579
3.17702
1.98062
0.0222939
0.0366568
0.0225454
0.0244988
0.0460161
0.0590683
0.0231335
0.0222883
0.0945542
0.021815
0.199926
0.0216611
1.46494
0.037049
1.65977
0.441289
1.43339
0.0671679
0.0214542
1.85598
0.0214179
0.0230001
0.0221845
0.0223443
0.0304008
0.02307
0.03283
0.022288
0.184657
0.0535073
0.0822381
0.0542887
1.81084
0.021856
0.0363976
0.0217974
0.0221815
0.0217936
0.0218754
4.08585
0.0224097
0.0222299
0.0316237
0.207708
0.0478638
0.0218961
0.103483
0.371536
5.94131
0.0246626
3.03278
2.15594
0.0220085
0.0234243
0.0755657
0.0649701
12.1574
0.11417
0.0220859
0.0480955
0.0214916
0.154609
0.833364
14.787
0.761934
0.0218519
30.8321
0.0217904
0.0218038
0.0253703
0.0571342
0.0381381
0.0944478
0.0372096
0.0214822
16.1512
0.0577195
6.72083
3.05358
1.67095
0.0287865
0.0234186
0.0228353
0.0229483
0.0219893
0.0252206
33.5773
15.2599
6.46448
0.243563
0.24798
0.0219914
0.021997
0.0230562
0.0247116
4.78676
0.0230418
0.022238
0.0217363
0.0217348
0.0215808
0.0381686
0.0327698
0.0218627
0.0281172
2.60861
3.43235
0.0371714
5.47314
0.0218623
5.74606
2.92742
0.124647
0.0217906
0.0218659
0.0221965
3.66886
0.0263806
0.0290671
0.045867
0.220109
0.0380326
0.0222869
0.0221474
0.06369
0.0219365
0.108969
0.0250499
0.0295162
0.0217287
1.74381
0.0326147
0.0219357
4.23842
0.022286
0.10974
0.022412
0.0220336
1.98619
0.0561105
0.0437488
0.0218621
0.0217693
0.0217044
0.0216049
0.0221517
0.0950673
5.04416
0.472932
0.0397941
0.0835644
0.0217906
0.107619
0.0222785
2.47117
2.03039
0.0261893
0.0218864
0.0217928
2.30744
2.16527
0.0241612
0.138855
0.0305487
0.0222265
1.46118
0.0221914
0.0944719
11.7537
0.0223972
11.5563
0.0213993
0.0225513
0.0379293
32.4784
0.0217744
0.0244856
8.06307
1.77966
1.78128
0.0217114
0.0222208
4.04871
7.74754
4.58934
15.7404
0.0580469
0.0221964
0.021817
0.022517
0.0216922
0.022156
3.97726
2.37257
4.32423
2.0794
0.0215094
0.0216643
2.28163
0.0290998
0.0223943
0.0217204
0.022129
1.46352
0.0399177
2.68429
0.0222322
0.0219932
0.0222193
0.0374419
0.0258094
0.023079
0.0248617
8.46404
1.68512
0.0233818
3.02148
0.0219902
0.0221301
0.130698
0.818707
0.0214452
0.115412
0.0219447
20.2395
0.0220469
0.782234
0.0222953
0.0373789
0.0218016
0.0224531
0.0232133
0.103493
0.0694894
2.28319
0.0219638
0.0221979
0.0215218
20.7932
5.83002
0.0244808
0.132951
0.0744708
0.0232847
0.0265422
4.17732
0.0456562
0.0215544
1.73099
4.53979
0.131842
0.022274
0.0216952
0.0222134
0.0220194
0.0479107
0.0222714
0.0221663
0.0264966
2.04199
0.0222492
16.285
7.81631
2.91485
0.0800481
7.21765
7.56589
3.68009
1.18711
1.88852
1.18745
0.0696129
0.125567
0.0217958
0.71948
0.0219758
19.1658
3.77302
0.0214661
8.15882
0.0456066
0.0217041
0.153784
1.49188
0.0217879
0.0663065
0.0218029
1.69455
5.81824
5.39587
0.0220599
4.72115
4.78526
9.21495
0.0563838
0.0429525
3.26094
0.021499
1.96563
3.89252
2.69727
0.022056
0.0254182
0.0216228
18.5384
0.021994
0.785126
0.0360371
0.0292419
0.832094
0.0247054
0.02214
0.0219664
0.0220428
0.0223801
10.2613
0.021895
0.0277445
19.4215
7.23575
0.16357
0.0228886
0.036455
0.445498
0.0215945
0.0223458
0.0240201
6.56153
0.0249075
0.68224
0.0221313
0.0216136
0.0681212
0.0425387
0.0394636
23.87
0.0217313
0.586121
0.0256681
0.0220284
0.0517877
0.910852
0.0220599
10.0313
0.0281111
0.730045
1.99618
0.185499
0.0218661
15.0113
1.75993
0.0326454
0.0263333
3.28516
0.25881
0.0219174
0.0218039
2.70176
0.0217055
0.0215875
0.0230081
0.103282
1.44268
0.0215686
0.038736
0.0660678
0.0737677
3.04019
0.0219202
0.0222328
0.0219117
0.0222659
2.12787
1.89909
0.0434978
0.0219597
0.0214308
0.112948
0.0220955
0.0249412
3.84425
0.0224337
0.024483
1.97637
0.0218204
0.022035
0.0283568
0.0221294
0.0219096
4.55549
0.0748297
0.0943251
0.0222109
0.0228389
0.0391061
0.0544657
0.0221483
0.0415946
0.0214991
0.0252624
3.61311
0.0224685
9.89993
0.0214533
24.1735
1.83145
0.0217901
0.0286792
2.54769
0.0253938
1.28369
5.99773
0.022295
0.0389027
0.0218162
2.97985
1.18268
0.0220754
10.9997
0.0222977
0.0218021
3.53977
0.0889979
0.610954
5.55602
0.138533
0.021688
2.61923
0.0218382
18.9474
0.0223873
0.0900086
25.776
0.0222454
0.0217239
0.0387804
0.0215347
0.494857
5.65473
0.0218064
0.021649
0.0217497
0.0216716
2.00872
0.405514
0.0395463
0.916274
0.0283635
0.0268858
0.0241236
0.031758
0.0292805
0.0215326
0.0222853
0.0216588
0.0217997
0.0250402
0.0853306
0.0222522
0.332584
8.31988
0.0216711
2.15314
0.0216029
0.771414
0.0226561
1.54555
3.60262
0.0221613
0.228972
0.0222864
0.317973
0.785029
0.0220924
0.0222689
0.0965167
0.0312462
0.0222249
0.0445237
14.4193
0.0222833
43.5875
0.0231991
0.021856
0.188409
1.53667
0.0232508
0.021885
0.0275405
0.0220523
0.0418559
0.021733
0.0218881
0.0214897
0.0222388
1.91491
0.0275701
0.0222285
0.0217463
0.0271489
2.08876
3.1296
0.134923
0.0216825
0.275876
0.0437628
0.0214292
0.0219397
2.48176
0.0222508
0.0217602
27.9396
0.0308807
9.77435
0.0227842
0.0451213
8.89098
2.26672
0.806207
0.0218073
0.0752827
0.0221622
0.0229838
0.0216519
25.5456
0.0583449
0.0217622
0.336726
2.69234
1.82147
0.0219937
3.25823
0.0224675
0.022266
0.195414
7.55809
0.0267882
4.5037
0.0732437
8.25849
0.0216639
0.0306602
0.0741042
0.0220003
0.0222064
0.468524
0.0369092
11.7421
12.4512
0.0217848
18.2183
0.0253872
8.92593
0.0221793
0.648001
1.62228
0.0764001
0.0222194
0.0219299
7.43801
0.0220729
0.0216219
0.180008
0.0314208
0.0219237
17.13
0.021961
0.0217598
0.0221807
0.0221906
0.0216307
0.0219029
0.0216337
4.73927
7.46909
0.0224834
0.0215824
0.0219298
0.021837
0.0273984
0.021765
2.50702
0.0328487
0.539548
0.0301801
0.0279294
2.44523
0.0218357
0.0824481
3.09644
0.0255693
0.428996
12.3287
3.38604
0.0214115
0.0220453
0.021818
7.54348
0.514001
2.88509
11.1438
0.0325629
0.0217913
14.0968
0.0288481
0.0222258
0.0218998
0.022225
4.7683
0.0357756
0.783309
0.0218651
0.0221388
4.10205
0.021674
0.0230669
0.0218097
5.05331
0.0216072
0.0218228
0.0783758
0.0222163
0.0221713
0.0248225
0.0914797
0.0368613
0.400323
0.0838803
0.0222462
6.26215
0.0326805
0.0217878
0.022003
7.33925
0.021983
13.8139
2.76146
0.0216299
5.17837
0.0218081
1.43926
0.438498
2.54051
0.0440256
0.173962
10.1984
0.0363511
11.0776
0.711247
0.0219214
0.0217735
0.0508238
0.0642725
6.37085
0.0283092
0.0275822
0.0219406
0.0227291
0.0218433
0.0326015
0.0448514
5.46748
0.043541
0.0221481
4.11376
0.0402079
0.0220772
0.0219192
0.0218721
0.0215475
0.0232211
0.0222313
0.0450465
0.0323657
5.09339
5.61776
2.36256
0.0217265
0.0218656
0.0387056
0.0270375
0.0217425
0.0257425
0.0216489
2.05347
0.021955
0.081953
7.28984
0.0222122
0.0220148
0.0218785
4.99487
0.0809031
0.0518196
1.67158
0.0218801
0.0233368
1.43619
6.95509
0.0222309
14.7512
0.0227281
0.0457495
2.71929
0.0218295
0.0221469
0.0220459
1.64392
2.96244
7.20452
20.6034
0.0222515
0.0220639
0.0219734
0.0981789
0.0221495
0.021714
0.0222821
0.0217552
11.3792
0.0222927
0.0222917
1.55936
0.49352
10.2255
0.0261522
0.0292976
0.0340562
0.1915
0.117768
2.04474
1.54776
0.390377
0.0218017
1.85216
0.0217443
0.0246492
0.0220693
5.55784
0.0215503
0.0217975
0.0221058
0.0222146
4.45177
0.0226617
0.022294
1.28472
19.0143
0.0218686
0.0217642
0.0721879
0.0217004
0.0220806
0.0218096
0.0218945
0.0360029
0.142864
0.0280786
0.267031
9.69133
0.024917
3.39517
0.127746
0.0289249
2.4727
0.021668
2.38836
4.48407
25.4014
7.82432
1.56639
5.29346
0.034989
0.0219226
0.0231364
0.0218639
1.69039
0.0219224
1.53513
7.00357
0.0221804
6.27465
0.0720544
0.021736
25.1683
0.120406
0.0214626
13.7251
0.0225121
0.0321632
7.84789
0.0237438
0.166979
17.3591
0.0215951
1.60374
0.750452
0.0220786
12.3715
0.0217133
0.0484143
0.0219758
0.0218796
1.70091
0.0217907
0.0219556
1.26907
18.214
0.90425
0.0219316
2.3116
1.65034
0.12775
1.7399
0.0217062
0.0218466
1.42656
0.0217552
0.0217443
0.0222103
0.0221963
1.55331
20.7686
0.0439115
0.0216446
0.0277772
0.0219403
12.9878
0.022163
0.024925
3.45108
10.1706
10.6356
4.66216
0.258845
0.021909
9.72797
0.0218456
12.4442
2.49301
0.126599
0.0222787
0.0220583
0.358286
0.0218004
2.39532
0.0217777
0.0215417
0.0215979
7.07551
1.70261
0.0218245
0.0214138
0.16957
11.9858
9.38586
13.5932
0.02187
7.71593
0.0253818
0.022077
0.0311069
8.68066
0.0219324
0.0225994
0.0219312
9.04427
2.51599
0.0219423
0.0220776
6.30709
0.0767251
4.27274
9.2393
0.39961
0.297657
0.0571933
0.0219203
14.6893
0.0218035
8.24025
0.0220785
1.21711
0.0218398
0.0478544
0.252861
1.96551
11.1706
0.0219041
0.0934639
0.0249894
0.0219573
0.0528055
0.0219202
0.040151
0.0221022
0.0218785
0.0219978
0.0490072
0.0269535
0.0214294
0.0220282
0.0217189
0.0951626
0.0220961
0.0559238
0.0216941
0.022455
1.41718
0.0232815
0.0610407
0.0945797
0.0217506
0.0218
36.9843
0.0933698
0.0216673
4.72781
0.0216523
0.0219315
5.53225
0.0214086
0.0222001
0.0400441
0.0223263
0.16221
0.366203
0.723191
0.0877192
0.0221419
14.2191
0.0222944
0.0222148
0.135594
0.0242757
28.5718
0.0219052
0.0215464
0.0220982
19.2744
22.5831
0.0217933
0.0281943
0.0222486
0.0586836
0.0216946
0.0218678
7.98202
0.0222502
0.0218295
2.08912
0.0223357
1.97493
0.0219395
2.32714
0.0219512
2.87305
0.101377
0.0221031
0.0219596
0.0222507
0.0224262
4.42697
0.0356052
0.0525734
5.15721
9.89102
0.021916
0.0223809
4.65798
0.0928395
0.022333
0.0221172
0.0219407
0.0538649
0.0377043
0.0865881
0.0290568
0.021675
0.0219772
11.2307
0.0221523
0.021854
0.0245689
0.0311784
0.0219573
0.0219062
0.0240466
0.0412256
0.0216594
3.728
0.0217423
0.219803
0.0214132
3.06145
0.0215903
0.0235812
4.5678
4.0191
7.88213
0.718943
3.29501
0.0219455
6.85842
0.0217002
0.0216692
0.0382573
2.70556
6.55592
0.0215932
1.74047
14.9974
1.58348
0.0222639
0.0217776
0.021731
0.0222766
2.23118
0.105593
0.0700476
0.81782
0.0223011
0.0214276
0.0216488
0.0217967
0.188202
8.11292
0.0220541
20.2588
0.106506
0.213659
0.05842
5.79303
2.45867
0.0217361
0.021994
19.7284
16.3439
2.73833
0.0221793
0.178147
11.509
0.0215404
0.022192
17.8586
0.0216641
0.130709
0.104144
0.0228569
14.007
0.0219363
0.0724613
13.7657
0.0273931
3.38592
0.0219373
2.73341
5.10667
0.0218305
19.2786
0.0216908
0.0280983
0.0219094
7.12154
2.6839
0.0280483
0.0215255
16.3572
0.0222875
0.0214594
0.0218828
0.0280148
2.4248
0.0214914
0.0230417
0.0217639
7.21079
5.0636
0.0232038
0.139851
0.561386
0.12929
0.11475
0.0221401
0.0457657
0.0279225
20.7073
0.0240513
0.0237443
15.0354
0.0329566
0.123601
0.0271844
0.0220178
1.25833
0.0218932
0.0219882
0.0217502
1.76148
0.0219343
3.60575
0.0221266
1.41517
0.0219792
0.032779
3.67079
2.98652
0.0217022
0.0222619
0.022046
4.28924
0.0216496
1.79566
0.178991
0.914604
0.0219557
0.0215036
3.54819
0.093383
21.8005
0.0315315
19.6584
0.0301841
0.0220008
0.0219514
0.0724226
1.41955
0.0218931
0.0324116
0.0219012
0.399974
0.0218243
0.103197
3.76986
0.0217074
0.0214453
0.0692134
0.0217774
0.353059
21.4057
0.0222243
0.299737
0.208574
0.0459107
0.0215867
0.0217896
0.0410796
0.0392421
0.0260654
0.0505856
0.232282
0.0220198
0.0293381
0.0480855
0.0217845
0.55816
0.0225735
3.32077
15.4614
0.0221066
0.0227444
2.0036
16.664
6.48701
4.45586
0.0217369
1.81509
0.571799
0.0216721
0.0271217
0.0218218
0.021937
0.0216434
0.0220027
0.0223745
0.0433885
0.0215783
0.0227756
0.0284425
2.69814
0.022263
4.54408
4.39582
0.0216352
0.0220902
0.022064
0.0220954
4.83875
0.58251
0.022111
0.0218449
0.0219616
0.0222692
0.021969
0.0246792
0.0217377
0.337359
0.553095
9.41578
0.0280809
0.0221684
0.0272229
0.0242742
0.0220032
0.124778
0.0222457
9.51782
0.0307897
0.189678
0.0222876
0.0220452
8.64884
0.0219199
0.0483139
0.0220591
0.134468
0.0839562
0.0916793
0.0221734
0.0244095
0.679009
0.0218427
0.0222151
0.0238242
0.0220354
0.0217324
3.07794
0.601582
0.021746
0.0217933
3.29627
0.130888
0.0218572
0.021951
0.0555049
0.0225864
0.0271771
0.363788
0.848094
0.0230993
0.0541462
2.6349
0.0219268
0.0221935
0.0219518
0.0217383
0.0218184
2.23422
6.4328
5.1125
0.0246272
0.0390826
0.0219058
0.0222594
0.0263646
0.886168
0.0519608
0.0269501
0.0521114
0.0690301
8.02504
0.0219973
0.612957
0.0429734
2.63314
0.0366781
0.0217556
0.359329
5.51845
0.0346403
8.46612
1.04837
0.0217079
0.0513109
1.47036
0.0215567
0.0222327
9.32217
5.79669
0.0214765
0.0218232
0.123671
0.021584
5.12599
0.021657
0.0218305
0.0220971
1.4509
0.0296653
0.0774204
1.59593
0.0817942
0.0296098
5.73962
0.0216628
0.0216526
0.0218933
0.153445
0.722716
0.0502788
0.0245898
0.0218123
0.021836
6.84408
0.0219295
0.0219825
27.5628
15.4529
0.411197
0.0219857
2.38196
0.0218925
0.0220463
0.275251
0.470503
0.0219644
0.899539
0.0219234
0.0228112
0.0269683
0.023639
0.0218314
0.0215807
7.2228
5.2601
0.0217162
0.0216455
0.136827
0.0308335
0.0219949
0.0268135
0.0222479
0.021807
0.0404342
0.021663
0.0221935
4.09786
8.66015
0.0263266
0.0219129
6.67258
0.0213979
0.0217234
5.63093
0.0220221
4.65187
0.158266
0.0267765
1.47795
0.0219134
0.0218363
0.0218978
0.0217922
0.179042
0.028091
0.021932
0.0219015
4.12366
1.43569
0.0217506
3.24108
5.44803
0.0219519
14.9592
5.53997
0.0274795
0.0220126
19.4164
0.0220207
0.021831
0.0218572
0.0218213
0.0220668
0.08537
0.0757141
5.18676
0.0221988
6.10071
3.11223
4.72413
0.021987
0.276338
0.0217227
0.0282318
12.4156
0.0219257
0.0761877
6.45569
0.0258667
0.0395366
0.110639
0.0214554
0.0218088
0.0481189
0.0219989
5.29071
0.522057
0.0220694
0.0219438
0.0278469
0.022148
0.0436193
0.0220862
0.262502
0.0218719
0.0218036
0.0621094
0.0319869
7.26738
0.100963
0.0231623
2.75854
0.0801531
0.170626
0.0222134
0.984722
0.462523
0.0221103
1.84407
26.6894
0.021752
0.0222945
0.119594
0.0883167
0.0218017
0.0431827
1.33768
0.0214601
0.0220595
0.0438289
0.0222183
0.0566044
0.0220859
4.09239
1.23629
0.0419063
3.00737
0.0215105
0.617532
6.26244
1.51422
0.0321467
0.0217535
0.0227899
0.100666
0.022084
0.0216382
0.0222491
0.158381
0.0219158
0.0216776
0.0222665
0.0214657
0.0226333
4.94032
0.486238
0.0221994
0.0218123
0.0218185
0.0220233
0.169475
0.247768
1.14495
0.0734496
4.88444
0.0220143
12.5544
0.641155
0.0282442
0.021982
0.0384017
0.0220192
0.0219163
0.0214774
0.0727306
3.40808
0.0218501
0.126719
0.0934193
0.0332072
0.0221471
9.00987
0.0221591
0.0239977
0.112339
0.299116
0.0222936
0.0220469
0.0216114
0.02328
2.48472
0.0223686
3.67587
0.022077
0.0218964
1.30258
0.0228874
0.0219504
0.0222358
7.99066
0.0222171
0.0950092
0.031011
12.7302
0.0946812
3.66691
0.0218797
0.022513
0.0216977
0.0218118
0.0275712
0.0220973
0.0219199
5.36855
0.0222855
0.0223795
9.56588
3.24872
0.0218425
0.059879
0.02172
0.0214696
0.0231046
0.0216466
1.82507
8.16516
0.0214376
0.0221618
0.0726572
2.86568
0.0220233
0.0529992
13.9818
0.0220722
32.433
0.0226658
1.66083
0.0222231
1.01906
5.62203
0.0218097
1.71908
0.0236985
0.0216481
0.0219653
1.3118
3.43126
0.0627482
0.0221719
4.67406
0.0219956
0.0227823
0.0219408
12.4395
0.080107
0.0436771
6.71342
0.0218054
1.46583
16.1389
11.8346
5.24171
0.0359138
0.0341896
6.53929
0.0219872
0.0227926
0.0748117
1.50725
0.0214481
0.0222853
0.0219005
0.0219564
0.0219641
0.0326845
0.316665
0.0218461
27.9022
0.0219069
0.023051
0.0220112
0.0482546
1.72017
0.0221654
0.0217246
0.0528793
15.6866
1.23955
9.68728
0.609371
0.0218768
0.0218569
0.0214942
0.525164
0.0225997
0.0220295
19.3383
0.0219668
0.0933028
11.7623
0.0219587
4.99463
3.28371
0.871922
0.0467333
0.119035
15.4981
0.273709
0.0219168
0.0216505
0.0340717
0.0222818
0.0457697
32.3872
11.5561
0.0284776
5.58772
1.04325
7.1156
0.0214426
0.0221797
0.0219464
0.0217019
0.022001
1.78536
1.41679
0.022017
3.41289
0.0220088
0.0219076
0.343549
0.0217833
0.675358
1.61104
7.23505
0.021736
0.0218708
0.022247
0.0222439
12.2945
0.0219712
0.0262902
0.0222769
0.104394
0.0240622
0.0221204
0.0219455
4.76571
0.0216588
0.547152
0.0218519
3.17738
0.022028
0.0219564
0.0230796
0.305608
0.0216841
0.0220842
6.51495
0.0219082
0.0384752
0.215439
0.42047
0.0365988
0.0217615
0.0219194
0.854531
0.0286438
0.02169
0.0814435
0.115627
2.67883
0.0219696
0.0219872
0.0219373
0.0217527
0.0220121
0.022389
1.27733
0.022767
14.8988
1.40573
0.040585
0.0228948
0.0218617
0.374463
5.14149
0.0217198
0.0219903
0.0753221
0.0222745
0.0229003
7.84792
2.04629
0.0218875
3.61157
0.0227096
6.10053
0.0216993
0.0220169
0.0218972
5.32321
0.0216336
0.0218998
1.83622
0.0218567
0.0332851
0.067348
0.0219112
16.9633
0.0271465
2.67089
1.63373
0.0219314
0.0222535
2.85343
0.0218381
0.0220383
0.0219736
0.0290498
0.0220723
14.1176
14.223
2.20212
2.03492
0.0217014
0.839674
0.021865
1.51535
0.0265526
0.0284947
0.0220351
6.13725
0.0220577
0.0226656
5.58829
0.0217327
0.037237
0.0349945
0.0222791
12.8637
0.0217383
3.63614
0.0276731
0.0219791
0.0218536
0.0214559
1.43647
0.0217485
1.61225
0.0222667
0.0244616
0.0237445
0.0257715
9.27658
0.0220911
0.0240931
0.168673
0.0514877
0.14991
0.0220244
0.0218682
13.2109
0.021437
7.65033
0.0299202
0.0218622
0.0219016
12.0219
0.280449
0.0222109
11.0463
0.0218248
0.022919
0.021815
0.0497013
0.023325
0.0483044
5.76146
0.0218918
0.0217177
0.0219282
6.67259
0.0218838
0.0224115
1.4718
0.0218752
0.124646
0.0220345
0.0270651
0.022015
0.0221699
0.0222464
0.160891
0.0316911
0.0218059
0.129815
0.0221037
3.12437
0.0219481
0.148933
0.0219237
0.0219021
0.0219323
39.1171
0.0263486
0.0223218
0.325003
0.0222596
0.0286389
0.0226457
0.0246354
0.0222729
0.0218968
0.0222475
5.21849
0.0219759
0.0218211
1.44019
0.0220029
0.0217674
0.0219468
1.38745
0.0222055
0.0503517
0.0281701
0.339395
0.0222109
0.0436924
0.0217279
0.0222966
0.0277038
9.53665
0.0222927
0.0216812
0.021926
0.142403
0.557433
0.0224766
0.0218506
0.0218578
5.10316
0.0216174
0.0345923
0.0414146
7.13787
0.0222948
0.0216801
2.448
0.0224038
0.0479014
0.0292255
0.0214525
0.039551
0.0219824
0.0279831
0.021497
0.021756
0.0219307
10.18
0.0220106
0.282738
0.0216805
8.82012
3.7922
0.180414
0.0220083
7.10718
0.391489
0.0299964
0.0219627
0.0295867
23.663
0.0220209
3.86794
0.0222559
0.122423
0.0249668
0.0222149
0.13598
3.66695
0.0218247
0.0242047
0.0219223
0.033221
0.0218541
0.0217145
0.0220382
3.44238
14.1226
0.0222912
0.0219366
0.0219806
1.9722
0.0218947
0.127116
0.0220277
1.95203
6.16219
4.85161
0.0422884
0.0222519
0.0220892
7.17668
0.0219851
0.0365389
0.0222661
0.0345772
19.6348
2.92376
0.0222869
0.0216583
0.0308316
6.50658
0.0561232
0.0218115
4.69271
25.2477
0.0216081
0.475007
0.0215088
0.0439791
0.0218924
0.0225005
0.0222856
0.0345875
0.0219375
0.0215
5.38134
0.0240749
0.0225666
1.55302
3.41662
0.0220293
5.08038
0.0220991
6.81432
0.024198
0.0215161
0.0215822
0.0220142
0.0254236
0.385287
0.257075
0.0220048
0.0225542
7.02205
0.0220391
0.0216207
0.0218606
0.0219649
0.258824
0.0219321
0.0216153
0.0216342
4.94599
0.0222667
0.0219195
0.0216502
2.95578
0.0221625
2.34554
12.2755
0.0219082
8.41434
35.5782
0.0221648
0.0490325
0.104772
0.0215694
0.0216931
0.0229801
0.0219875
0.929797
0.0264742
0.0220471
0.0216444
0.021889
0.0220275
0.0218755
0.0222292
4.11572
0.0216303
0.0218536
0.0257697
0.0218885
1.45512
0.0218772
0.022053
0.0220759
0.0221431
2.9835
5.19216
1.96155
2.25255
0.0222961
10.7539
0.0218486
0.021611
2.45509
4.30709
0.0222141
0.0219624
0.0799207
0.112973
4.82864
9.45695
0.0432469
2.15219
0.0227046
6.16466
0.021903
0.0252
0.0218652
3.77835
0.0219272
14.9032
0.0222535
0.0240441
0.0221463
0.0225832
0.444462
0.0216108
0.0214819
2.55317
0.0544253
0.0222464
0.0216401
0.0216052
0.0227533
0.0222551
0.0221896
0.0218759
19.6865
0.0218117
0.022603
0.0222552
0.0216065
0.0216876
0.0368714
0.0222971
0.0380694
0.0221639
6.06032
0.0217215
0.0844397
0.0594835
0.0217976
0.852133
0.0214668
1.75133
0.0220426
0.0220178
0.0218818
0.0215866
0.0917758
0.0218593
0.0223905
0.0215801
1.78583
0.156168
0.0220231
0.0222711
0.900279
2.06628
36.9836
0.345081
4.62477
0.0218368
0.0218646
0.0324949
0.0221283
27.145
0.0222582
0.0962416
0.0218746
0.0222472
0.0283536
0.0215182
0.0222506
0.0410494
0.432868
0.021658
0.0215747
0.0222091
0.0219467
0.0219945
0.0216641
0.0219407
0.0218669
0.0295734
0.0457641
6.2669
5.05492
34.9783
0.0215843
1.53129
0.0218709
0.117517
0.966561
0.0220312
2.19989
0.0218703
1.76996
6.28745
0.0661046
0.0219938
20.5943
0.0239788
0.16299
0.0225489
0.0296233
8.34449
3.4994
0.320156
0.0242862
23.6363
0.215616
42.1613
0.0268554
16.6164
42.4134
13.1506
0.0216483
0.0222741
1.61998
0.0214761
0.0219491
0.397089
0.0219656
0.0220948
0.0368996
8.54989
1.65898
5.47468
0.0218748
0.0218314
0.0222075
10.7494
2.39983
0.308796
0.0255482
7.64488
0.0218903
0.0293641
2.89669
0.0246374
0.396434
0.0223885
0.022234
1.57877
0.021809
0.961479
0.0219147
0.0224818
0.0432277
0.0217927
0.0237025
0.0718027
0.0222667
9.10521
0.0218776
0.021472
4.42363
0.0224068
0.0219105
2.52445
0.0742555
6.7291
2.26331
13.147
0.0223582
0.0994626
5.7578
0.0888962
0.0274567
0.022362
5.01141
0.0217658
0.0220548
0.149317
0.0873723
0.0411682
0.0222557
0.0222311
0.021824
1.61038
0.0494804
2.64063
0.0222712
14.7177
0.0218721
0.0427095
0.023972
0.0217398
0.198132
0.429131
0.0327127
0.128095
6.90445
0.0222725
0.0236907
0.0267553
0.0313262
0.0224781
0.0271362
0.0270104
0.105605
0.021547
7.36033
5.94436
0.0224786
2.41512
1.87359
2.7411
0.022271
0.0215953
1.47743
0.0219382
5.57828
0.0222309
0.0222725
2.66535
0.0236668
0.0219389
29.8831
0.0255912
0.0688059
0.0219052
4.67384
0.0518714
0.0919277
0.0330496
0.0224741
0.118811
0.0224151
34.877
0.0256984
0.288978
0.647127
4.0639
0.156458
4.88459
0.0243915
0.0711598
0.0365483
0.707273
14.3692
0.021807
0.370895
0.0220454
0.0218898
3.47254
0.0677445
0.0216268
0.0658439
2.05016
5.50168
0.582392
3.47886
0.0732289
0.0222637
0.0240815
0.0216992
5.17684
0.0219788
2.65443
0.562734
0.0239223
2.06857
6.87811
0.02166
3.7759
8.22837
2.88245
0.0219741
0.0219067
0.0222421
0.0395689
0.022273
2.02174
6.80711
0.0418156
2.91721
0.0225716
3.12811
1.58142
1.43692
0.0220058
0.329527
0.0257595
0.0912875
0.0311863
0.216142
0.0385955
5.7862
0.0222481
0.0218433
0.0216267
0.405596
3.39935
0.0219195
4.81129
0.0637943
0.0815678
0.0218685
0.111318
0.0221593
3.00978
1.64914
1.43967
0.124364
5.04544
0.064445
1.79774
0.106967
0.0220876
0.499981
0.0218277
0.0426917
0.0219495
4.32125
0.0219337
0.025546
4.74005
0.0470175
0.0439391
0.0684563
8.23132
8.93865
3.2547
1.42888
0.0391126
0.0219089
0.0219034
0.0419704
12.0038
5.27446
0.0305833
0.0280174
0.100929
0.0408911
0.114833
0.312278
0.101277
0.0499953
0.0609582
0.471838
0.021608
10.9356
0.0217503
0.0222807
0.152972
0.0295561
6.27267
27.2042
0.126829
0.36834
0.505717
0.0218674
2.0488
1.46271
0.0396096
0.0277661
1.47714
0.0389394
0.0462234
2.16277
3.20485
0.0218973
3.60021
5.17216
0.0216919
1.4687
0.0224401
0.0216203
0.0214647
0.0307863
0.573707
1.50728
0.50642
0.0497271
0.047333
0.0408303
2.0896
)
;

boundaryField
{
    frontback
    {
        type            empty;
    }
    topbottom
    {
        type            fixedValue;
        value           uniform 0.0223;
    }
    outlet
    {
        type            zeroGradient;
    }
    inlet
    {
        type            fixedValue;
        value           uniform 0.0223;
    }
    walls
    {
        blending        binomial2;
        n               2;
        beta1           0.075;
        type            omegaWallFunction;
        value           nonuniform List<scalar> 
120
(
14.7824
25.7504
24.909
27.9716
26.1071
29.2504
28.1126
24.4425
25.6628
17.48
28.9116
26.3851
20.4763
23.1882
27.2555
18.4733
13.9536
21.2756
12.3583
26.8875
24.6044
13.8938
28.7038
24.4515
27.2578
12.7167
30.105
6.82374
21.7116
8.18776
8.94959
8.43684
7.65908
6.58557
26.4763
26.9969
13.3198
19.9542
26.7978
27.5311
25.8813
13.5567
23.6505
25.8334
18.1418
26.6396
26.2429
21.1054
28.187
27.8002
28.4894
12.5042
30.9069
26.3745
22.6308
27.8576
17.3465
12.7483
24.4718
6.2207
7.05349
27.8603
16.6938
24.4317
26.6941
8.22926
7.96082
8.21767
30.8812
24.5143
27.0783
21.7321
29.8805
27.4081
18.3368
18.3798
28.6754
18.0842
23.225
7.30713
9.0152
18.7244
7.1625
29.0534
35.0001
21.6002
8.10129
31.0791
8.48231
19.3076
34.3912
10.0045
13.2096
8.55874
9.41099
9.89993
24.1735
27.9396
25.5456
25.4014
25.1683
13.7251
18.214
28.5718
21.8005
27.5628
32.433
27.9022
11.7623
32.3872
11.5561
19.6865
36.9836
27.145
34.9783
20.5943
23.6363
42.1613
42.4134
13.1506
)
;
    }
    procBoundary0to1
    {
        type            processor;
        value           nonuniform List<scalar> 
80
(
2.66994
0.0335787
0.0219611
2.40377
0.0219692
0.0252816
2.77749
0.0237121
0.0237121
0.024325
0.021558
0.0245567
0.0321049
0.0302939
0.0456889
0.0213889
3.15767
2.49737
3.57116
0.0232137
0.0302939
0.0218456
0.0214035
0.028978
0.0411125
0.021761
0.0214909
0.0215199
0.292887
1.4219
0.0232137
0.0213862
3.08528
0.0214443
0.022102
0.0214714
0.0214175
0.0214175
0.0216905
0.0274286
0.021435
0.0213844
0.0411125
0.0214262
0.0702434
0.0702434
0.0370491
0.292887
0.0214205
0.021381
0.0215915
0.0216346
0.0214262
0.0869972
0.12707
0.0228528
3.37765
0.0370491
0.0214559
0.12707
0.0603387
0.0263112
0.0524885
0.111143
0.0213798
0.02141
0.0214035
0.0234847
0.0224115
0.111143
0.02141
3.64881
0.0869972
3.52294
3.25212
0.0474486
2.92534
1.4219
0.0222433
0.0226097
)
;
    }
    procBoundary0to2
    {
        type            processor;
        value           nonuniform List<scalar> 
165
(
7.51717
12.2905
17.8498
0.154244
0.022028
5.91842
3.70765
7.72484
12.2897
12.3242
12.2905
0.0277535
0.0290284
0.02197
0.021994
17.8498
0.0219766
4.51771
2.00491
0.0257919
0.0228788
0.0226959
0.121611
2.07022
8.65954
0.0226959
0.114361
7.87746
2.90077
0.0230753
5.78816
0.0220789
2.3129
2.55191
2.3129
0.0219838
9.39556
0.0219415
0.0713653
0.0713653
8.27507
8.25989
2.34075
0.0221107
0.669823
0.381445
0.0219308
1.80568
0.0450368
1.77159
0.669823
0.0220881
1.66105
0.0250591
3.24265
3.21822
3.33447
0.024431
0.0240686
0.0221205
7.00038
0.381445
1.75143
0.0219654
0.0220485
0.0220574
5.60515
7.18687
0.0219433
0.0555233
0.0223022
0.023647
0.0219238
0.0219461
3.38044
0.0222937
0.0417711
0.0219596
0.0221441
0.0225314
0.0219596
0.0222254
0.0501475
0.0622353
0.0219433
0.0274604
0.251453
7.42889
0.0219194
0.0219277
2.53185
0.0220022
1.75143
0.0224164
0.0312451
0.0221784
0.0262372
0.0867446
0.0501475
0.021931
0.0324986
0.022214
1.67593
3.554
0.0220519
0.0388873
0.0220176
2.11869
3.75612
3.69059
0.0222661
0.0221547
0.0219209
3.04822
9.22211
8.52806
7.75119
3.50424
1.89053
0.0233643
9.30343
0.036294
0.0388873
3.65526
0.0219181
8.2075
9.07913
8.62542
0.0221505
0.0344022
0.0219194
1.91155
0.0222524
8.2438
0.0290284
8.74067
0.213199
0.0867446
0.0220996
0.0220194
1.65869
0.0221893
2.73081
8.68763
10.9889
5.97462
2.73916
9.57677
8.06964
7.02652
7.86731
18.9422
8.54032
6.69089
1.59284
9.93853
2.1273
0.0300449
8.55259
32.5411
0.0222255
1.57766
1.30583
8.52885
9.71879
)
;
    }
}


// ************************************************************************* //
