/*--------------------------------*- C++ -*----------------------------------*\
| =========                 |                                                 |
| \\      /  F ield         | OpenFOAM: The Open Source CFD Toolbox           |
|  \\    /   O peration     | Version:  v2012                                 |
|   \\  /    A nd           | Website:  www.openfoam.com                      |
|    \\/     M anipulation  |                                                 |
\*---------------------------------------------------------------------------*/
FoamFile
{
    version     2.0;
    format      ascii;
    class       volScalarField;
    location    "150";
    object      omega_0;
}
// * * * * * * * * * * * * * * * * * * * * * * * * * * * * * * * * * * * * * //

dimensions      [0 0 -1 0 0 0 0];


internalField   nonuniform List<scalar> 
9793
(
0.022184
27.3189
0.0219222
5.8855
0.0222596
0.256819
0.0815451
11.9751
0.0219339
24.2307
0.0221975
0.0221883
0.0219115
6.13909
0.0217056
0.0246103
0.0538996
0.0219182
4.22644
0.021532
0.0215644
0.0222916
5.93438
11.8696
5.85332
0.0255518
0.0220988
0.022262
0.0215425
0.0822848
15.9253
0.45539
0.0220126
0.0219346
0.0218634
0.0273451
0.0233204
0.0241396
4.09234
0.0300242
0.0706833
3.58274
14.2422
0.0222715
0.021953
0.0220422
11.8488
0.0222842
0.0215692
0.0219253
0.0269944
0.0218466
0.0370129
0.0222684
0.0313366
5.44446
0.0219214
0.0980879
0.0215777
0.0222913
0.025906
0.0883025
0.0219395
0.0333952
0.0219624
0.0218873
42.372
0.0235136
0.0235875
11.5029
0.0219006
0.0927169
12.098
1.43878
9.67497
0.0222624
0.0425167
10.1727
0.0219766
0.0222704
0.0456567
4.3474
0.0517495
0.0233604
0.0236476
0.295029
0.022261
0.0751887
4.16446
0.0835938
5.24649
1.94204
2.063
0.0401085
14.3917
0.02189
9.83674
0.0500942
0.0240954
0.0222683
5.41827
0.0351552
3.50615
0.021959
7.31141
10.6939
1.48574
0.0218736
0.0219815
0.0222835
0.0222334
5.43801
3.00796
14.3287
0.0218874
0.0221116
0.0229753
0.02205
5.23313
0.0220279
6.17173
0.0807203
3.98845
0.0426132
0.0233647
0.0220333
0.0619479
13.2914
0.209271
0.21788
0.0230057
0.0217848
0.0221162
0.0228408
0.0262929
0.164301
0.472881
0.0230132
0.0222734
0.0624332
5.66124
0.0265158
0.0218677
0.0572985
11.3992
0.51696
0.0220336
10.0057
0.02178
0.0220281
0.0220692
15.716
0.0236624
0.0220911
0.0218939
1.69052
0.0577799
0.0219337
0.581564
0.0218741
0.0696059
0.0231067
0.0215735
0.297635
0.0218012
9.22715
3.18205
0.0219268
0.021875
0.0222176
0.0218777
10.5733
27.2286
4.93882
0.0219046
0.226561
0.126488
0.602275
0.0219595
0.02343
7.81842
12.7053
0.0892828
0.0220348
0.0220715
0.0218682
2.66398
11.667
18.5848
3.6247
0.0218456
26.1022
0.404382
0.0245079
0.0215728
0.0228857
1.98319
0.0215737
0.0219156
0.0222052
0.0219134
0.0215492
0.0280192
0.0239593
4.20943
0.0218921
0.027309
0.0219214
0.0221685
0.38801
0.0598437
7.2816
0.0216167
10.8357
0.0233839
0.0379512
0.0217142
0.160116
0.0221208
0.0469968
0.0542293
0.0215546
1.52705
4.7081
0.0382152
0.0218714
0.0524514
2.36022
0.0462531
0.0468693
4.70333
0.153106
0.0358797
0.0341775
0.338478
0.0214921
9.5176
12.6768
0.021582
0.0222226
2.52235
0.0218648
0.0222312
0.116728
0.127526
0.021884
0.0234446
0.0283995
0.0361945
0.0234427
0.0219659
0.042894
4.53042
0.0215565
4.94023
0.0222617
0.0221711
0.0216386
5.37838
0.0219726
4.41837
6.64364
0.022103
0.0221308
4.82056
0.0217518
0.0222395
0.0217148
5.40685
0.238918
0.0241578
0.368932
0.0920893
3.38441
6.84885
0.0219558
18.4642
0.0222641
2.38476
9.64958
4.29509
6.24194
0.146291
0.0230055
0.0469131
0.0237009
0.0215797
0.0219574
0.389274
0.0257079
0.0221398
0.0222838
0.0216135
0.0215648
0.0215634
6.14352
0.0218638
0.0217082
0.0216862
0.0219137
6.77596
0.502604
0.0594697
0.0225475
0.0587457
0.0217592
0.450433
11.6651
0.0219653
9.28337
0.0315965
0.0219461
39.0413
0.456232
0.022021
0.0452949
14.965
0.0220153
0.032028
0.0217034
0.0220828
2.71663
0.0388546
0.0219456
0.0220217
0.0224471
0.159518
3.30461
0.0219267
0.0218666
0.0216332
10.9428
9.92674
8.69707
0.0214977
0.0409746
0.0325636
1.80475
0.0735521
0.0214695
0.0215109
0.0216374
0.0454552
0.0219705
9.84222
0.0220868
0.0217619
1.25428
6.29559
7.22289
0.0216141
5.32741
0.0239671
4.3253
10.5382
4.6356
0.0230837
0.0309099
0.473066
5.2549
5.45026
0.0254205
0.0222632
0.0245169
0.0215462
0.0218467
0.0219555
0.0220805
0.022292
9.85809
0.022207
0.0623776
0.029635
0.487626
0.021465
0.0234314
6.44753
0.448559
5.86908
0.0711555
0.0217659
0.0231484
0.0219263
0.419337
0.0215522
6.28862
0.1415
0.0814667
8.78886
2.91492
0.0221375
0.0218732
0.469758
0.394529
0.0218921
10.3927
0.0221312
0.0221772
6.86859
0.0216146
0.0997638
0.0215014
3.11227
0.022092
0.0218039
2.23881
0.0868222
0.0510264
0.0245295
0.0220739
0.0218036
4.93329
0.0499535
0.0215077
0.0221961
0.0327076
0.0325339
0.0495395
11.995
0.0221972
0.0219308
0.358647
0.0220808
4.41251
0.591658
0.0220635
0.0220181
0.0219417
0.0221161
0.0216198
5.5149
0.047373
8.77126
0.027569
0.0224718
0.04278
0.0238877
5.19844
0.0252495
0.0222677
0.0235151
0.446678
0.02188
0.0218745
0.0219028
0.0215555
0.0219856
0.021732
0.0220441
0.0221579
0.0225498
0.023687
0.1164
0.0217547
1.53169
0.0247303
0.189331
7.16983
0.0215889
1.11607
0.0806375
0.0215836
0.0215549
0.0218694
6.78262
0.0935483
0.0215509
0.0221202
0.0221987
0.0612525
0.140183
10.3377
0.0219758
0.021895
0.0299354
11.9368
4.47784
0.0231608
0.0225679
5.09563
7.77988
0.207741
0.0220567
0.0217735
4.22016
0.0218931
0.124923
0.597933
0.0215005
0.214128
0.0261732
5.1189
0.021807
3.86687
0.372489
0.0242661
4.28416
0.0218927
1.56204
0.0220935
0.0218712
0.0222232
0.0219342
9.42757
0.0218837
0.0215766
0.0225285
0.0215062
0.0217731
0.0449585
0.0224657
0.0329129
0.0220343
0.0220382
5.75584
0.0683246
0.0231165
5.05748
0.0233806
0.0220629
0.0219774
0.0216172
9.06076
0.0215669
0.0220689
16.3862
3.78767
0.0373493
0.0219195
0.022284
0.0218928
0.0222407
4.83915
0.0220572
3.54438
0.0231382
1.95425
0.0222619
35.5582
0.022013
0.206339
0.0219003
0.102574
5.66547
0.0221023
3.15756
0.021874
0.0222182
0.0215588
7.2191
4.31605
0.0218744
0.0269658
0.0215556
4.79068
0.0216855
0.0436751
3.93335
0.0243543
0.022026
0.0425942
0.022245
0.0219164
0.0216551
0.10933
0.0219548
4.81933
0.0220517
0.0219781
0.0375762
0.0693129
0.362318
0.0217047
35.3951
0.0218672
0.181239
0.0218909
0.0218865
0.0218891
0.0220496
0.022268
0.188926
0.0366225
4.34986
0.122217
0.0331755
0.0323719
5.26501
0.0230728
4.77337
14.8625
0.232524
12.7055
0.498451
0.16387
0.0219163
3.38838
0.0368826
0.021837
0.313137
0.0222508
0.381173
0.0341954
0.229308
0.0264089
6.56021
14.7821
0.0349744
0.202221
0.0222168
0.540117
0.0224999
0.0219042
0.0219617
0.0224897
0.0457291
4.65952
0.240696
12.3531
0.0228517
0.0229728
5.1581
0.291864
0.0224205
0.0643976
0.0221886
4.99989
1.46047
0.0220581
0.0594184
0.221529
15.6122
0.0219572
0.0248749
7.10675
0.0272784
1.91005
0.106675
0.476851
0.0247949
0.0231818
0.021783
0.0218966
0.271907
0.0222841
0.286012
0.151932
0.0784227
0.0222595
0.0222238
0.0226067
0.0217218
0.0218277
0.0218691
0.10981
6.24396
5.26407
0.0222796
0.318558
0.0219463
13.1119
0.0471745
0.0439582
0.0322324
0.350717
0.0217388
0.0220603
0.0402858
0.0218916
0.0218601
0.0623359
5.5179
0.0215466
0.245184
4.22234
0.0236545
2.5444
4.25627
0.0217376
0.0549525
0.025133
0.0218438
0.0215607
0.091858
4.27423
12.5136
0.0218875
0.0220155
0.0216152
0.0231801
0.0224876
0.0232371
0.538934
0.0469656
0.0221516
4.70494
0.0281808
0.0316335
0.0218298
31.5526
0.0228662
0.0219163
0.0812388
2.09613
0.0215068
0.0220494
0.0219343
0.0238819
0.0217341
0.0360893
0.54276
0.0220283
0.109559
0.0222998
0.0217976
0.378569
8.13724
0.248905
0.022074
0.0215094
0.492477
0.024941
0.373289
0.0214896
0.0218716
13.8328
3.65047
0.029022
0.106937
0.057782
0.0218671
0.0222717
0.0218284
15.3614
0.0220568
0.0222928
5.20294
0.0262807
0.356373
0.0308948
0.021931
5.96278
0.0222678
0.0218885
0.0218261
0.029146
5.94033
0.0221628
0.0219649
0.0218888
0.0218775
0.0219373
0.021794
13.2835
0.0300422
0.0224975
0.0221095
0.0300796
0.0625082
0.0244773
0.0271474
0.0222839
0.0216103
0.0228225
4.24756
4.01859
0.0223616
12.5929
0.022216
0.0244496
1.11406
2.13241
0.0216924
0.0221816
0.324561
0.0525213
0.0219051
0.0222482
5.211
0.0222681
0.0700852
0.0220126
0.478632
0.0222472
0.022022
0.0221264
0.0298279
0.0216917
0.023802
0.0250522
0.153916
0.0218574
0.0219977
0.0222497
0.021865
0.0218854
0.021696
0.0299613
0.0221106
0.0526385
5.76014
0.0421015
0.0651328
0.022203
0.0216501
12.6414
0.664766
0.0215536
2.99141
15.6656
0.0215142
0.0219603
0.0218672
0.0973059
0.0556506
2.26607
0.021851
0.0243648
0.0218546
0.0221198
0.0220568
0.0823432
0.02186
0.295627
0.022092
0.0542612
0.0218894
0.022724
0.0218836
0.0340383
0.0555046
14.5471
3.52803
3.12914
0.0484331
0.0218669
2.79164
3.33464
0.065615
0.0218115
0.0220841
2.07979
0.0218585
5.9616
0.0214954
0.0275034
0.0219009
0.0222698
0.021699
1.8979
14.8654
5.96144
0.0660924
10.6753
0.0219397
6.25618
11.0556
0.0222705
0.0219705
0.0217161
0.354627
0.021501
12.3948
0.0306222
0.165522
0.0220463
0.849551
13.0163
1.74447
0.028214
0.0311884
0.0220403
18.3338
0.0214741
0.599307
0.279482
0.0628318
9.17944
11.3477
0.0231491
0.022895
0.0219476
0.116087
12.2604
8.94508
0.0217317
3.91547
0.0241358
0.126588
0.115377
5.59193
5.57773
0.021503
0.0250602
0.029014
0.0231154
0.0227579
3.97236
0.0221983
11.2736
0.0216534
0.0214912
0.0784394
0.117005
0.351272
0.0222249
19.9572
14.474
0.627591
0.0256689
0.0222329
0.0222305
0.0222269
0.0218757
0.83256
0.3679
0.0219476
0.0218876
0.0301435
1.67265
0.0250615
0.0219038
0.37601
0.0219254
0.0222749
0.0214791
0.0631855
0.0220298
0.0236986
6.65186
0.0624354
0.0221653
4.42937
0.11435
0.0219199
0.0222522
0.0331033
0.0222624
0.0219625
0.0216943
12.1185
0.426818
0.0220419
0.0347151
0.0340259
0.543223
0.0218869
6.49222
0.0218558
0.0217401
0.588071
0.272749
0.068883
0.0219392
0.0218853
11.6431
5.30387
0.278004
2.829
0.0221015
0.0226145
0.0220165
15.9282
0.0235814
0.329601
0.0224163
0.021799
0.0226054
0.0216158
0.0218714
0.0597599
0.0217614
6.4826
0.0217076
0.0220463
0.0214934
0.0236391
6.03138
5.86106
0.0532776
12.1552
0.0219796
0.0342211
0.0225614
1.19318
0.0215908
0.0215069
3.4051
0.0327147
0.0310184
0.0221109
0.202918
2.40822
4.51189
0.0220126
0.0324193
0.917229
0.0293416
1.24828
0.142137
0.0809123
0.0216794
0.0223108
0.0652445
0.0721828
0.0219875
0.119019
0.0217245
0.0221844
0.0221025
0.0217174
0.0218743
0.0219856
0.749931
0.0249373
0.0224942
0.044857
0.0217283
0.0219094
0.036772
5.73967
0.0770091
0.0618786
5.44068
0.0222338
9.67512
0.0280603
8.27423
0.0580312
0.022203
0.0218331
0.0228183
9.05972
1.71373
0.0491241
0.142305
0.0216101
0.021841
0.0222477
0.0222022
16.0329
0.0247814
0.0217747
0.182339
0.278574
2.51424
0.0223407
3.54058
0.0515141
0.0401025
0.0301273
0.405662
0.232842
0.0220452
5.97452
0.257836
0.0363143
4.4315
0.0456856
0.0219123
0.0222638
0.021887
0.0227391
0.0260221
23.6317
0.0508042
0.0218671
0.389734
0.0220044
5.83592
3.4568
0.0219531
27.6516
0.021714
0.0216729
0.0217237
5.56412
14.3181
0.049642
0.029608
0.0215568
0.550968
0.0222313
0.0298476
0.0220895
0.022005
0.0217498
2.39636
0.0224873
0.0389526
0.027736
0.0222116
0.319076
0.140878
0.0321126
0.0244762
0.0230316
3.98372
1.43816
0.0216277
0.0217097
0.0216243
0.0223097
13.4854
12.2055
0.244975
0.024731
0.021763
9.67285
0.48666
0.0220331
22.7407
0.0216874
0.0894189
15.8616
0.0217219
12.4248
9.60166
0.134488
13.637
2.10691
0.0218052
0.0223973
2.43124
4.72849
0.0223117
10.4466
0.0242381
0.0218767
0.0222738
0.0225054
0.0398911
0.0244562
0.270259
13.9907
0.223737
0.0322236
0.0220787
0.058153
2.26291
0.0217169
3.64568
0.0468117
0.0222198
0.02387
0.0222414
0.0220554
0.0298629
2.3317
0.0220155
0.021777
8.83076
5.89738
0.0762507
0.0222611
0.0564006
0.0219101
0.02193
5.4086
8.70407
0.0219191
0.0214672
5.93442
5.85508
0.0477017
0.0220959
10.3506
0.0221995
0.021924
0.0226349
0.0219303
0.0216056
0.0216009
9.0603
0.261964
0.0249772
1.7129
0.0457759
5.30988
5.90336
4.33471
0.165734
0.0218796
0.0222382
0.0219632
0.0219922
0.0692805
0.0218767
0.0992217
0.0283503
0.365413
0.0220474
5.29687
0.0339446
10.1005
0.0219233
1.73929
0.0281886
0.183932
0.333409
0.0299857
0.0215977
9.28375
0.0573699
1.528
0.0215549
2.02679
0.0220288
11.9235
0.441795
0.040071
0.0219032
0.0220874
4.92845
12.0318
0.0302991
0.0214505
0.303715
0.0821961
0.0451956
3.53801
0.0756328
0.0218541
0.812343
0.0218918
0.0316174
0.0215171
9.76823
0.0215242
0.0224774
0.399173
3.76456
0.0222221
0.069359
0.0232666
0.0714701
0.0218745
0.301708
0.0229224
0.0596809
0.0218638
0.0219849
4.30847
0.0272052
12.2617
0.709011
6.70638
0.022441
0.0215465
0.0216963
0.0248103
0.0364352
0.0304968
6.81915
0.022937
0.324346
0.0394791
0.022281
0.0218377
0.0753441
0.422255
17.6704
0.0218799
5.10693
0.0218575
6.38029
1.53392
0.0475603
0.0219922
0.0216625
0.0420205
2.30632
0.0236806
0.0222685
0.0226267
0.0451428
0.0221668
1.22301
3.9269
4.05187
0.0221567
0.0253996
11.2816
0.0221881
0.0573604
0.021723
0.722393
0.0346417
0.0219378
0.0408102
0.169119
0.02166
2.97196
0.021894
0.159361
0.220462
0.437074
0.298248
0.0221676
0.0220503
17.2628
0.0220293
0.0375331
0.0896298
0.0229521
0.0214638
10.8037
0.0240141
0.371599
0.0223609
0.061494
0.0222897
0.372269
0.0243803
0.0239618
2.57081
0.970604
0.0220876
0.022273
0.148691
4.38549
1.90965
0.648934
0.0274258
0.0219006
0.0217759
4.41487
0.0221381
2.50391
0.0985803
3.04041
0.0221069
0.0216946
0.0217798
0.0421991
0.0409531
3.69126
5.86136
1.06733
0.241066
0.0215871
2.4656
0.0225994
0.0676463
0.0223048
0.0394219
0.05548
0.0219061
0.0215456
0.0695535
0.0216012
0.0379887
0.0634565
5.28132
8.28665
0.0344276
4.23667
0.0216659
0.021542
0.0220737
0.180945
0.0570412
0.0457591
0.11712
5.08379
0.0371234
0.136992
0.0217231
0.0218447
16.7804
0.0217511
0.253343
0.021439
0.0218211
5.7604
0.286929
0.02181
0.0832017
0.488606
10.1776
2.94459
0.0243363
0.0735348
0.0500901
5.10356
0.021929
6.38011
8.89551
0.0231474
0.0240757
0.0215662
0.413771
0.0215573
0.0219779
5.45757
0.0220493
0.0215119
0.227457
0.0619032
5.47931
5.73443
3.51315
6.31162
0.0214842
0.0218786
0.0218139
0.0222061
1.60094
0.0219249
5.22215
0.0225878
12.2061
0.0237531
0.0219936
0.0216659
0.0220747
0.0289629
0.02181
0.0214585
0.356478
0.021795
0.0522358
0.0222543
14.907
0.0237529
0.0220769
0.0216539
0.0539148
0.0219027
0.021751
0.0220873
0.0222153
0.0230014
0.021807
0.0228899
0.0300143
0.829503
10.014
11.8336
4.00187
0.0217489
0.0220047
0.0218984
0.021408
0.0219149
0.0217128
0.235897
0.0218233
0.0222515
0.0220683
0.022044
0.0218036
9.9258
0.0228164
0.0219693
20.8256
0.0437176
0.0216985
8.94419
14.2645
0.0220208
0.388693
0.586863
0.0219335
0.0428599
0.0233428
0.0215354
0.0263923
0.021817
0.0367605
0.0220122
0.022247
0.0217235
45.8554
0.026005
0.042821
0.0220321
0.0222649
12.9555
0.0248211
0.0220368
0.0232846
0.0235986
0.0222518
0.211469
16.2869
1.34867
5.81579
0.205392
0.0353718
0.0222596
12.7804
0.174224
0.022405
0.0620114
0.0222931
0.0218695
0.0222461
3.17041
0.0435862
0.0219991
0.0220432
0.220441
0.0217081
0.363923
0.0218744
1.79449
0.295765
0.356929
0.0220777
0.0227886
0.0301523
0.0336751
0.0220544
0.0368576
0.0789144
0.460967
0.0218122
0.467284
10.4659
0.021511
4.31531
0.0408037
0.316681
0.111503
0.0218981
0.0267904
0.0407143
0.0216702
0.0242914
0.0215195
0.447318
1.9914
0.0309816
0.0218206
0.166248
0.0686192
2.86038
0.252088
0.0228583
0.0266593
0.0219354
0.0218556
0.040756
0.0482595
21.5392
0.0217913
0.420255
0.0221872
7.25586
0.203884
5.27116
0.0215829
0.0225927
1.933
1.74868
0.0403034
7.72922
0.0221569
0.192818
0.0219096
0.0218124
5.18995
0.263235
0.0232209
0.0220924
0.0690609
2.1793
0.174388
0.0608972
0.0217534
0.0220157
0.0217039
2.37786
13.1705
0.021702
0.0458285
5.1097
0.0779394
0.254692
5.12166
8.13108
1.99978
0.0217115
0.0220835
4.32409
0.0218808
0.0462627
1.51535
9.11304
0.022915
0.0288083
6.47002
0.608499
2.00117
12.5244
4.19183
5.68387
0.0221101
0.0215814
0.0219862
0.0220638
19.1722
0.050337
0.338554
0.380169
0.052556
0.0217856
0.302028
0.0216142
0.0291569
0.0219173
0.0383157
11.956
3.80118
0.0220706
0.0215616
0.0345445
0.529452
0.198744
9.03652
0.0417571
0.0219364
0.0740025
0.0214325
0.0859358
0.0303372
0.0218798
0.523994
0.154178
0.498646
0.056213
0.0220518
0.021504
8.83734
0.0243798
0.021587
0.0221451
0.0222558
0.0216703
7.4194
7.03591
3.85832
1.35879
8.90504
0.0227593
0.0219321
3.19981
0.0233932
0.100522
0.789782
0.021862
12.2412
4.33128
0.0607875
0.0318861
0.765118
0.0226963
1.74513
0.0362765
5.57606
0.0217941
0.0225159
0.0385765
3.46213
0.12974
0.0628093
10.0079
2.52061
0.0656686
0.188171
3.31854
0.0235885
0.318878
33.4476
0.0343754
0.0580014
6.1139
0.0302704
0.0348866
0.0221026
0.0365845
0.0388956
0.0555444
0.0220873
2.58583
0.14726
5.85364
11.1365
3.8582
0.0374142
1.54414
3.47318
0.0218405
0.387011
3.44892
1.95907
0.0268199
0.0235184
5.78947
8.65829
0.0215651
0.208228
0.0217414
0.0219032
4.35719
0.0244931
5.19606
6.05934
4.10337
1.57523
0.0216015
0.034601
0.0219193
0.0218377
0.102177
0.0589192
0.0254885
2.55319
5.10588
0.0222729
0.0250598
1.31637
0.0226776
0.335497
0.0440774
4.75839
4.80659
0.478621
7.03781
14.9856
5.23113
4.89681
3.98103
0.0272321
0.0243947
0.108623
0.108182
5.63858
1.36786
0.0221318
0.0222178
9.30012
5.79585
0.0235094
9.98832
0.021879
0.781956
5.80018
0.610184
0.0219191
5.83794
1.50589
0.0258585
0.0329939
12.1982
12.6222
11.771
14.8145
0.0218971
8.54687
5.03874
0.0380396
0.206507
0.0973198
0.021723
0.0257214
5.66435
4.43464
0.0238536
0.0221716
6.07717
0.0790486
3.8835
0.07489
1.86888
4.98475
0.0219868
10.7776
0.0222852
0.0281376
0.0219533
0.0216943
0.0216931
0.0358796
0.242172
0.0214708
11.7383
0.0801359
3.38231
9.13764
5.36874
0.0219055
6.9251
1.52923
5.07665
0.0329261
0.0219061
5.10891
0.404584
4.43899
0.050785
0.0229366
0.0216754
7.51152
8.36232
0.0319743
10.8392
0.0293684
0.0220435
5.49373
0.049873
18.3179
0.0217612
0.0262762
5.10955
11.3493
4.68973
0.202805
4.71716
5.01134
3.97806
0.0220482
9.58223
0.0450836
0.0218
0.0215069
0.0218584
9.19981
0.0456312
4.7737
4.51908
0.0328788
0.140721
0.0896375
4.12958
0.250324
12.3204
9.76561
1.26094
0.0775389
0.0215912
0.263966
0.0520227
0.134865
5.43588
5.12658
1.64455
0.0220933
0.0234626
0.0449339
0.022059
0.0217985
0.0269504
4.8063
0.0257313
0.0234366
5.33049
0.0815947
0.338075
3.51546
4.98582
0.429372
4.4779
10.5238
3.98423
0.0575813
0.030395
0.0219815
1.25224
0.11192
0.294207
0.0578777
0.055253
0.0214389
0.21673
0.656798
0.0243832
0.0215652
0.0224135
4.35181
0.0218675
0.0220271
0.0626863
5.0092
0.0259789
0.0508706
0.155614
0.0289217
0.0623299
0.0218138
0.0219787
0.0399853
0.25398
0.0220902
0.0300948
0.242647
0.819159
0.0219925
11.4181
0.0218022
4.78166
0.0227848
0.0229362
0.021528
0.205178
0.0315591
8.04723
10.0351
0.0616684
0.0221628
0.0217023
6.44538
4.23126
0.0216069
0.231621
4.42935
0.0524354
0.0702767
0.0214031
0.0223548
0.0219053
5.71513
0.0413496
0.0220509
11.2053
0.0221652
0.0527082
0.306036
0.0217245
0.0887906
0.0609259
17.9397
0.0221977
0.02524
0.022908
0.0542363
0.021386
0.021892
0.520435
0.329684
0.0783265
0.0217103
4.3121
0.0221864
0.0221668
0.0219566
0.500884
11.7707
0.0231741
10.765
2.53913
0.0639646
5.63375
4.35155
9.5047
4.21027
0.0536578
0.0678263
0.263329
0.0474596
0.0219495
0.0286078
0.0280681
10.3758
0.0220774
8.20785
0.0219724
0.378214
0.093168
0.0224183
0.0224139
11.1187
17.9947
6.8818
5.09523
0.021801
0.0732411
11.1479
0.0247775
8.57731
0.0381525
0.0970219
4.17907
0.0291384
0.0219933
0.133717
0.164159
0.0218842
5.02003
0.843879
0.0216934
0.0222392
0.0221211
0.0220103
9.19852
0.0216914
0.0469865
0.0220261
0.0219098
0.0305486
0.0219285
5.78945
0.0888537
0.02199
0.0215905
0.124306
0.0227353
0.051451
10.2253
10.1166
0.0510987
0.230605
0.0379459
0.0215657
0.160568
9.68293
0.0363465
4.92235
0.457009
0.0692808
0.0373001
0.0252266
0.0690239
0.0357716
12.2614
0.0221125
0.0219706
0.0215973
4.4729
9.69588
0.0338272
0.118456
0.0217307
0.0244533
0.118256
0.345138
0.0218489
0.0579819
4.15392
0.0797418
0.0219865
0.0218685
19.4866
12.3511
0.0219181
0.603301
0.028305
0.249995
0.229384
0.0218496
6.03357
0.027394
0.0220247
3.24728
0.258099
0.0219033
0.0221632
0.335648
0.0217386
0.0220427
0.174077
0.0390614
0.0425435
12.6912
0.0244419
0.0389797
4.15083
0.0217839
4.19154
11.7574
0.0243081
0.0609188
0.196859
0.0219086
0.188369
0.0214488
2.83194
1.48551
0.0220046
0.829737
4.20706
0.0218742
0.0218935
0.508081
0.0347729
6.14517
5.52475
0.022094
0.0420379
11.135
0.0220868
0.0489196
0.0760047
0.03203
3.27867
0.198606
0.0223607
0.292404
5.02916
0.0422584
3.51551
0.0219078
0.0215286
0.0222673
0.0394187
2.08264
0.0220653
0.0303078
11.7168
4.64844
0.0222183
0.0286444
1.91812
5.54536
0.0222249
5.58996
0.0327306
0.0890155
0.0338771
0.0226299
0.0250389
0.0218867
0.0219523
0.605545
0.021932
0.0477738
0.0219771
11.3229
0.0223492
0.0226463
0.021561
0.0230692
0.0219807
0.0401519
8.76712
0.299195
0.0365691
0.0394146
0.0219665
0.029841
0.0514246
2.94772
9.30853
0.0218242
1.12916
0.0220235
2.3276
5.32016
9.35268
0.0218192
0.098951
0.0760614
11.35
0.207161
0.0218061
2.46682
0.290011
0.0351084
0.427096
0.0218691
0.0219216
0.0370931
6.20256
0.0218872
0.605995
0.0320554
2.85603
0.0814861
0.0221243
3.12886
0.0269424
0.0219885
0.29042
0.0218063
2.85749
9.64605
0.161735
0.0263183
0.142165
0.0218871
0.106623
0.0430036
6.36198
0.0219254
0.0215363
0.0258235
0.0284379
0.0431423
4.58223
3.01099
0.0335429
0.205419
0.0217786
3.3892
0.914274
0.170931
0.0218895
0.0222599
0.022237
3.18792
0.0219501
0.025117
3.14922
0.0889347
0.0219071
0.229569
0.0834384
0.0219843
0.024315
0.127851
1.34251
0.0673165
0.0418112
4.42408
5.96585
0.279536
0.0256431
0.0219838
0.0236894
0.0238286
0.154282
0.0572479
0.0259686
0.081999
11.3677
0.0233776
0.0219922
10.2039
0.259666
6.81113
0.177916
0.0248079
0.0231103
0.0230681
0.0217243
0.0218317
0.0431804
0.0214955
0.0225385
0.0219848
0.0225191
0.0229898
0.0219355
0.0359657
0.0329142
0.0218434
0.0219193
0.0221188
0.0223968
0.0221258
0.246961
0.0220562
0.0228887
1.33745
0.0216056
0.0227364
0.0220693
0.0258675
10.5923
9.52589
5.02706
5.96416
1.44315
0.222984
0.0218568
0.0584646
0.0218872
0.551895
0.0222479
0.0280378
0.0220214
0.0536549
0.0219513
0.0296819
0.0217663
3.18503
0.187749
0.0220778
11.8984
1.58873
0.0218382
0.102876
0.0219392
0.0215506
11.7952
0.0218614
0.0657303
0.227595
0.0221043
0.0215084
0.0743779
4.13976
0.0241306
0.0227141
5.73054
0.0219319
7.58862
0.0489342
11.2253
0.0216434
5.06574
0.0218583
0.0220245
0.268957
0.0589751
5.474
4.39571
13.9443
3.17486
0.197122
0.142369
0.022046
0.155338
0.021732
0.0218112
0.0853419
0.0218958
0.0219783
0.0215633
0.0215939
0.0560385
0.60767
5.03282
0.357222
5.52317
0.0228265
0.0286972
0.0222271
0.0224072
0.0785367
0.0219288
0.0215462
0.0217925
0.0229444
0.0226987
0.167837
0.0908654
0.0448458
0.0221081
0.0497238
0.051276
4.25055
11.6748
0.0239728
0.0385347
0.0220872
11.6368
5.5524
0.0219013
0.0219311
0.023726
0.0222137
0.319672
0.3269
10.8066
0.0219848
3.22345
0.0219742
4.59891
0.049336
0.0218033
0.0270464
0.381
0.0257722
0.026881
0.0281428
0.0848077
4.88616
0.0215589
0.0219122
0.0267141
0.214851
0.0218143
3.9315
3.19732
0.0218937
0.0214019
10.7024
0.0673593
0.0218882
3.43121
12.1344
3.08068
2.99813
0.0264125
1.90711
0.0220708
10.846
3.2409
0.66753
0.0663447
0.0232498
9.0147
0.0241685
0.0218589
0.0214362
0.318731
0.0216054
1.04246
0.022007
0.0220229
0.0241636
4.86834
0.0232154
0.0223923
0.0220732
7.36171
6.18625
11.0182
4.62401
0.0392313
0.0218869
0.0234157
0.258482
0.100479
0.0219835
0.0491621
0.263101
0.471342
0.0217689
7.54032
10.8593
0.0347822
0.0220627
0.0231683
0.0219403
0.0216453
0.0219248
0.0220335
0.0217234
0.088407
0.0220943
0.135498
0.0222915
0.0223481
10.2021
0.071729
0.0223431
0.0223948
4.88404
0.0214914
0.0222924
0.0251204
0.0218079
0.324081
0.0290389
0.0223802
0.0408945
0.0218386
0.0260391
0.0215556
0.147954
0.0218056
0.0218476
0.705025
0.0224734
0.177083
0.0319816
0.0231306
0.0895128
0.0213914
0.0220868
0.0223266
12.2697
0.0228688
0.0218919
2.00476
0.0218947
0.0215905
0.0218806
0.711394
0.0303175
0.147386
0.0315123
0.0290599
0.0458665
0.0232333
0.0260352
0.0436319
4.09121
0.0220917
0.0272277
0.0217375
0.218037
0.233561
0.0219027
0.0257895
3.4864
0.0282796
0.0214964
10.5433
0.0249253
0.0750693
5.68978
0.0266211
0.0218366
0.0281938
0.0218945
0.0228082
0.0219007
0.0228057
0.0249742
0.0219695
0.0220678
0.0300057
0.0220104
0.0968473
0.0217617
0.0231247
0.0218668
0.0263166
5.05741
0.0219302
0.0217967
0.0889468
0.0222584
0.0218496
0.237328
11.5403
6.12427
0.0219467
0.0237297
0.0317722
0.0222445
0.0221248
0.0323432
0.157618
0.0215136
0.0485712
0.0219088
0.0218805
0.0216539
0.0214981
0.0222267
0.0413033
0.0325579
0.0253729
4.03145
0.0234714
0.0267766
0.0216558
5.43342
0.620659
3.14213
0.0219303
0.0452475
0.0271043
0.0219098
0.0221193
0.0387299
4.47691
5.34866
0.0216715
0.0259922
9.33244
0.0224154
0.218702
7.61209
4.1479
0.0273457
0.0219107
0.0370934
0.0433675
0.213967
10.7968
1.19776
4.29574
0.0222941
0.022174
0.0218729
0.11304
0.0217737
0.0216586
0.0366532
0.0218517
0.0217317
0.0218736
0.0475707
0.0217852
0.0217654
0.0219665
4.70574
0.0214848
0.0219302
0.0221056
0.0220151
0.0219375
0.0650907
0.073093
0.753225
0.0214816
0.0270813
0.122228
8.56492
4.03102
0.0220685
0.022275
0.0484898
0.0873299
0.0248533
0.34199
0.0219149
1.97534
0.022278
5.15409
0.0224116
0.0218673
0.0417317
0.0218903
0.0216844
0.0223807
0.569925
0.0237091
0.0222038
0.0221785
0.021897
0.0388798
0.0216315
0.0219093
0.0250022
0.093366
0.0235889
0.0215854
4.91726
1.75689
0.0219003
0.321876
0.0221435
0.0263274
0.0746701
0.248106
0.0228922
0.0225443
0.0219553
0.23293
0.0273095
0.021866
0.0218795
0.0227463
0.254944
0.0216877
0.0320515
0.0232609
0.0326614
0.0462189
0.0366913
0.0813028
3.84367
0.0241491
0.0220399
7.84565
0.38124
0.0219292
0.0214693
0.0220617
0.021907
0.0218621
0.0232804
0.021649
0.022077
7.34958
5.37157
0.0290382
0.0218878
6.39362
0.0232346
0.0216886
8.2967
0.0227387
0.0215933
0.0220933
0.0220377
0.0331795
0.0219399
0.0511219
0.0219019
0.0217685
0.0218999
0.0309804
0.0345119
0.0218851
0.0572685
5.05185
0.0227063
0.0218778
0.0551535
0.0216542
0.0218931
0.0218435
0.0282292
0.0220526
10.7752
0.0221454
0.219619
3.13024
0.0549724
0.0224747
0.021954
0.021934
0.0219239
0.0282971
0.179949
0.128969
0.0217914
0.0231712
9.67834
0.0215025
0.15157
0.0219615
0.0222499
0.0297083
0.0572915
0.0219533
0.0300767
0.0268593
0.0532493
5.44576
8.38707
0.0216476
0.0219242
0.0306701
0.0220715
0.0223375
0.0486768
0.0221541
0.10871
0.0217711
0.0631604
0.0221059
0.0723387
0.0556328
5.04033
8.98838
0.0219137
0.0378573
0.713129
0.258702
0.0215493
0.0215508
0.14573
0.0219295
0.02177
0.0217253
0.0214777
0.065919
0.077863
19.7546
0.0220209
0.0420238
0.0222548
0.0215464
0.0226015
5.4282
0.184764
0.0218618
0.0219865
0.0218161
8.28513
0.0219905
0.0218952
0.0222087
0.0219007
0.0398066
0.0218281
4.00437
0.0219834
0.0220222
0.0220184
0.0218411
0.0216868
0.0220089
8.55404
0.0217702
0.0218926
0.298646
0.0217477
0.0220422
0.0221109
0.0221564
0.0532784
0.0218548
0.0219681
2.45745
0.022607
0.0220382
0.0220728
0.021436
4.28957
0.0225657
0.0220511
0.0218513
0.0247177
0.0219619
1.20714
0.0217863
0.0220123
11.6236
0.0219765
0.0616158
0.0220256
0.0213923
0.0214481
0.0289294
0.0356314
0.0218069
0.0222859
0.0229171
0.0218817
0.02211
0.0219665
0.0216562
0.0215485
0.0215672
0.432211
0.0219498
0.0218119
4.25125
0.021891
0.0257259
0.140287
5.277
0.0217916
0.0219497
0.0219489
0.021604
0.0225445
0.0374611
0.0232945
0.0324818
0.0217317
0.0238034
0.0218915
0.0214518
0.0251443
0.0564202
0.0230244
0.0256879
0.0220269
0.0219484
0.0221201
4.55359
0.0224832
0.0220136
15.7887
0.022148
2.25792
0.0220618
0.0219201
0.0216868
6.11958
0.0218581
0.0242021
0.0222531
0.0220709
0.0219585
0.022087
0.0218181
0.023235
0.0218564
0.0359999
0.0222476
0.0385683
0.021428
0.0216007
0.0229049
2.94153
0.022149
0.0220477
0.0222961
0.02189
0.0230789
5.78596
0.0224079
0.0259336
5.42864
0.277794
0.0223949
0.0220811
0.17933
0.0988201
0.0223642
0.0221141
0.0216426
2.30279
0.0220158
12.3185
0.0215937
0.0215184
0.0221039
0.0216079
0.0227229
0.0215599
0.0219873
0.0222649
0.060566
0.0231311
0.0220606
0.0215805
0.328992
0.0653265
0.0214746
0.0221036
0.0228948
0.0222389
0.0220584
0.0215377
5.52848
0.0215422
0.0218718
0.062072
0.0215339
4.75359
0.0218137
0.0369443
0.0247337
0.0219604
0.0214852
0.0219009
0.0217193
0.0220422
0.0215385
0.0215769
0.354355
5.53083
4.09424
0.0215742
1.5125
0.0218956
0.056034
0.0218981
0.0219056
0.022108
0.507643
0.0219351
0.021884
0.0221259
0.0218926
0.379038
0.0218892
3.94134
0.0214256
0.0219482
4.58736
9.8948
0.0219824
0.0219469
0.0257681
0.0220184
0.143409
0.0217397
0.576079
0.0217387
0.0341448
0.0221393
0.0218015
0.021929
0.021889
0.0227033
0.0218265
0.0291168
0.031501
0.109348
0.0215239
7.49427
0.0218804
11.9129
0.0218861
6.98429
1.92209
0.0217367
0.0218892
0.0215437
0.0218156
0.0220434
0.0216607
0.0215387
0.0219572
0.02142
0.088779
0.02211
5.07154
0.021536
0.0214745
0.0219081
0.0218998
0.0220846
1.6563
0.0222586
3.58376
0.0214537
0.0221184
0.0312223
0.0215609
0.160354
0.0226285
0.0219134
0.0382746
0.0214857
0.0219713
0.0221313
0.0215459
0.0274616
0.0387793
0.0215865
0.0221123
0.0220455
11.7339
0.0229179
0.0214749
11.1342
0.0522047
0.0215819
0.0219042
0.181416
0.0221624
0.0214174
2.52469
0.191089
0.022169
0.0214195
0.0222397
0.0340189
0.0215433
0.166732
0.021578
0.0215835
0.0410463
0.0524243
0.0215766
0.0215403
0.0214281
0.0216685
0.0216816
0.0382391
0.0219627
0.021679
0.0221104
0.0218364
5.49862
0.0222722
1.76376
0.0249573
0.0264883
0.022142
4.38745
0.0217731
5.23974
0.0214375
0.0219485
0.445461
0.0219653
0.0224128
0.0216296
0.0240227
0.0216221
0.025496
0.0214725
3.64285
0.0220262
0.0214884
0.0214919
0.0215494
0.106118
0.0217517
6.96413
0.0219022
0.024074
0.0214806
0.0220185
0.204317
0.0219976
0.099909
0.0217997
0.0226253
0.0220116
0.022133
0.0221414
0.0218713
0.0219783
0.211527
0.0215497
0.0219343
0.022291
0.0220571
0.0220545
0.0320576
0.0215967
0.0219015
0.0218172
0.0215698
0.0217509
0.0219953
11.6038
0.177207
0.350751
0.0214175
0.0227447
0.0221256
0.025391
0.126797
0.216632
0.0310438
0.0215312
0.0219721
0.0216392
0.0221442
0.0221142
0.0218973
1.89172
0.0498204
0.0219259
0.293018
0.0221369
7.34322
0.0219531
0.0218785
0.0217917
0.0214798
0.0214651
0.0216311
0.0216326
0.0217541
0.0391079
0.0223741
0.021886
4.1132
0.0215444
0.022088
0.0219841
0.0214865
0.0218935
0.276451
0.021758
11.8672
0.0218663
0.0215324
0.033958
0.0218303
0.024811
0.0857836
0.0215887
6.03766
0.0788548
0.0215725
0.0221315
0.0214804
0.203418
0.0215954
0.0260891
0.02216
0.0217629
0.0216734
0.0217981
0.0219
0.0219591
0.0217276
0.0218993
4.95571
6.07165
0.0224943
0.0219544
0.211254
0.0292375
1.91428
0.0217949
0.0218699
0.0219545
0.0221359
0.0219298
0.0216071
0.0215235
0.0219684
0.0391286
0.0216349
0.0220057
0.0249677
0.021985
0.0281763
0.0220434
4.85371
0.0218525
0.0219217
0.0227115
0.039469
9.32499
0.0218618
0.0221562
0.0218753
0.0219842
4.96099
0.0221751
0.0218951
5.10367
0.0217146
0.0219956
1.54346
0.0217989
0.0218387
0.0214535
0.021905
0.0217234
0.0220016
0.0338885
0.0217743
1.83126
0.0220982
0.0231622
10.9038
0.0218896
0.021615
0.022062
0.0214243
0.021586
5.45819
0.0219639
0.0220123
0.0221759
0.0218288
11.8681
0.0217922
0.144338
0.0216605
0.0707769
0.199672
0.080352
3.25721
0.0253809
0.0335173
0.0267422
0.0218658
0.0219908
0.0227138
0.167992
0.0582603
0.0214694
0.0220093
0.0219635
0.0217094
0.0215786
0.152287
4.44328
0.174972
0.022278
0.0221634
0.0291412
0.0219873
0.021951
0.0216816
0.0219381
0.0219397
1.68155
0.0225629
0.021904
0.0214862
0.065289
0.0216223
0.0220713
0.0217055
0.0215288
0.0218949
0.0220485
0.0489715
0.0217581
0.0246509
0.840026
0.0216447
0.022104
0.0216573
3.83114
0.021503
0.0217464
0.0448133
0.0219786
0.0741637
0.0217623
0.0214453
0.0222995
3.22345
0.0222524
0.0220935
0.0216591
0.0217671
3.82248
0.0225436
0.0216945
0.187895
0.0218916
0.0217482
4.59045
0.0222935
0.022294
0.0222929
0.0222925
0.0222918
0.02168
0.0230029
0.0225195
0.0721847
0.0215442
4.65442
9.68004
0.0297988
0.0215996
0.0217883
0.0218821
0.0219887
0.0217683
0.0221339
0.0216757
0.146354
0.0218858
0.0217788
0.0216897
0.748113
0.0216182
0.0221347
0.0217664
0.0219476
0.0218834
0.0217179
0.0222695
0.0226746
0.0221036
0.02234
0.0225059
0.0221873
0.022203
0.022237
0.0219739
0.0222858
0.0215039
0.0217477
0.0216918
0.02225
0.0217747
11.9171
0.0218637
0.021813
0.0218643
0.0214072
0.0221488
0.0219743
0.021924
0.0219058
9.72599
2.93779
0.0214868
0.0217518
0.146434
0.033173
0.346228
0.021827
0.0232501
0.0336183
0.0215334
0.0220219
0.0219578
0.0221326
0.0219013
0.185883
0.0282384
0.0324142
0.0219488
6.59768
0.0221242
0.0218286
5.2054
5.95904
0.0216374
0.0218572
0.0222614
0.0225208
0.0219105
0.021997
0.0218052
0.0227541
0.0215187
0.154161
0.0217573
3.27441
0.0217805
0.0220151
1.39864
0.0220705
0.0218091
0.0221965
0.0218832
0.0220269
0.0253512
0.0221689
0.311919
5.06631
11.6786
0.0217548
0.133759
0.0218681
0.0220044
0.0219784
0.0218395
0.0215975
0.0219944
4.91605
0.0217949
0.0219166
0.0215738
0.0217286
0.0218859
0.0215519
0.022064
0.0219786
0.021667
0.0219276
0.0220296
8.38717
0.0219251
2.42021
0.0222944
0.0219071
0.0217518
11.0954
4.89828
0.0215593
0.0216321
11.3081
0.0429839
0.0219287
0.022029
0.0289351
0.0217694
0.0219095
0.0217752
3.2688
0.0220901
0.0220543
0.0222838
0.0218889
0.0218674
0.625708
0.0215348
0.0215982
0.0217979
0.0220773
0.0219073
0.0218898
0.0219452
0.0218934
16.6554
0.0221021
0.0220059
0.0216611
0.0294358
0.021704
0.0309337
0.0220391
0.0216673
0.0219397
0.0217739
0.0217472
0.0217712
0.0221207
0.0216013
0.0217625
8.88706
0.0219654
0.031612
0.0219645
0.0218922
0.0216153
0.0216812
0.0292939
0.022021
0.0214449
0.0218687
0.02191
0.0234667
0.590701
0.0217298
0.02147
0.0220337
0.0220574
0.0219971
0.157777
0.0217741
0.0220054
0.0302448
0.0217424
0.0462045
0.0218293
7.55084
0.0219325
0.021772
0.0219561
0.0215763
0.0219374
0.0244736
0.0218429
0.0220261
0.0218998
0.021982
0.0221244
0.0217016
0.0218812
0.0216299
11.0229
0.0219708
0.0222321
0.0904853
0.0229158
0.0217793
0.021463
0.949356
0.0220043
9.53517
0.0217857
0.0836908
0.022284
0.0230513
0.0215179
0.0220315
0.0218951
0.0217523
0.0219033
0.0219018
0.0219487
11.1894
0.0214022
0.0220413
10.7126
0.0221208
0.0215712
0.0218679
0.0219075
0.0295734
0.0216898
0.0290787
0.0218584
0.0221207
0.0221249
0.0221281
0.0218298
0.0219523
0.0231189
2.45297
0.02199
0.0221301
0.0218414
0.0220063
0.0215482
9.83594
0.0222629
0.0219281
0.0218924
0.0215492
0.0216859
0.025684
0.0217824
0.0214449
0.0220657
0.0219703
0.0214431
0.0219478
1.17578
0.0219774
0.0218053
0.0220691
0.0220081
0.0220423
0.021438
0.0220719
0.0220281
0.0220731
0.022139
0.0214378
0.0219088
0.0220223
0.0219299
0.0221571
10.7476
10.6522
0.0220566
0.0229017
0.021847
0.0247355
0.12221
0.0215329
0.0217884
0.0249564
0.02243
0.0280126
0.0219185
0.0218755
0.0219373
0.0219861
0.0215833
0.0217411
4.37145
0.0314822
0.0215236
0.0236702
0.0218979
0.22764
0.0216508
0.0216145
0.0215018
0.021726
0.021899
0.0845558
0.0218349
0.0921505
0.0437151
0.0236845
0.0217531
0.022082
0.021825
0.0218858
0.021986
0.0218909
0.0217683
0.0285483
0.0220464
0.0218152
0.0221606
0.0220339
0.0219694
0.02201
0.0219859
0.0217217
0.0220104
0.0218928
0.0220286
0.0220176
0.0336167
8.27688
0.0305478
0.0217115
3.17841
0.0220412
0.0216674
0.0625006
0.0220369
0.0218711
0.0217794
0.0218952
0.0219388
0.0215813
0.0220334
0.0222157
0.0218931
0.0217927
0.021778
10.4459
0.0217615
0.0218975
0.0284316
0.0217555
0.0217367
0.0219783
0.0222929
0.0221488
22.8945
0.0218787
0.0389503
0.0219651
0.0388286
0.135412
0.0214328
10.945
0.0219482
0.0219537
0.0216993
10.2676
5.2833
0.0215242
0.0264493
0.0220898
0.0224338
3.60127
0.0236543
0.0219517
0.021563
1.03196
0.0219721
0.0225265
0.0219974
7.61108
0.0219345
0.0214542
0.0217583
10.2992
0.0217871
0.0219736
0.0220022
0.0215762
0.0220136
0.0220878
0.0219982
3.08152
11.3304
0.021996
0.0229175
0.023904
0.0828395
0.0217098
0.170777
9.48124
0.0215206
0.0216192
10.6695
0.0259187
0.0220152
0.0217919
0.0222928
2.67963
9.43252
0.0221641
0.022137
0.0221266
0.0219463
0.0219702
0.0222001
0.0222559
0.022048
0.0218962
0.0316253
0.0214818
0.0229238
0.0222334
12.3337
0.0215346
0.0220583
0.0216222
0.0222534
14.8445
0.0221291
0.0543237
0.0222652
0.0219913
0.933887
0.0220783
11.073
10.6663
0.0217996
0.0221211
0.0218885
0.0222156
0.0219984
0.0218305
0.0261173
0.0214182
0.436505
3.83484
4.53502
0.0219992
0.0233295
0.0219377
0.0215335
0.0219953
0.0221431
4.84247
0.0220836
0.0220781
0.0218054
0.0221383
0.0221829
0.0221645
0.0220003
0.0219921
0.0221049
0.0214981
0.107434
0.0222548
0.0766496
0.0219819
0.0218431
0.0216355
0.0220305
0.0216832
0.0220478
0.0222832
0.023841
0.0216573
4.54533
0.0220972
0.10418
0.0219153
0.0218154
0.0686851
0.0276776
0.0218915
0.0219805
0.0220324
0.0218881
0.0215776
16.7088
0.0411454
0.0218028
0.0214939
0.0221148
0.0219971
0.0953073
0.0219936
0.0214323
0.0220446
1.29217
11.1902
0.0216773
0.0218223
0.0219739
0.0219506
0.0227242
0.444012
0.0273463
0.0710455
0.0215196
0.0364716
0.115427
0.0221003
0.0222377
0.127954
0.022279
0.0216014
0.196457
0.0231105
0.0226306
0.0217782
0.0488418
0.0220359
0.0219966
0.0638908
0.0219639
0.02296
0.0219068
0.0720845
0.0214972
0.0219179
10.6797
0.0250481
0.0221267
0.0271659
0.0215911
0.0273426
0.0235412
3.06965
5.26786
0.0220715
0.0216996
0.0306605
0.0219178
6.68113
1.35124
0.0220815
0.0220556
5.0718
0.0216026
0.022097
0.0462476
4.09352
0.0665211
0.0216204
0.02193
0.0218376
0.0217881
0.0216732
0.0220312
0.0388881
0.0220285
0.0214817
0.0218297
0.0219586
5.4502
0.0307042
0.0221831
0.0228699
0.021512
0.0216821
0.0268044
0.021957
0.0342975
0.0218857
15.8383
0.0214217
0.0217344
0.035512
0.0221817
0.0220977
0.0221928
0.024266
0.0214541
0.0223073
0.021545
0.0218722
0.0216755
0.0225404
0.0219899
0.0219088
0.0220651
4.84956
0.0350561
0.0215593
0.0219158
0.0219218
0.0214703
0.0606736
0.0680411
0.0218331
0.0220432
0.0218043
6.85602
11.7559
0.0220639
0.0215703
0.0215298
0.0215482
0.0222184
0.0218476
0.0217194
0.0218048
0.0411292
0.0218998
1.28909
0.0220278
0.0218209
0.0220171
0.0589536
0.0217101
0.0367809
0.0216735
0.0219501
0.0219139
0.0281798
0.022011
2.51537
0.0219878
0.0222926
0.0220116
0.0216302
0.0295668
0.0222553
0.02183
0.0215609
0.0220808
0.0219206
5.96976
0.0450368
0.0220725
0.0966297
0.0216663
0.0221411
0.0237889
5.12296
0.0220174
0.0218857
0.0282632
0.0253159
3.49402
0.0215888
0.0218224
0.064
0.0515388
0.0214072
0.0221146
0.0221747
0.0217453
0.0225942
0.021926
0.0218888
0.0258741
0.021459
0.0459668
0.0216877
0.0218116
0.0218861
0.0217976
0.0216406
0.0220493
0.170302
0.022252
0.0218374
0.0217257
0.0216756
0.0218033
0.0216647
0.029009
0.0555484
0.0216009
0.022145
15.8367
0.0510987
0.0635249
9.65554
0.0218981
0.0217098
0.0216099
0.0216603
0.0558409
0.0221222
0.112813
0.637519
4.42308
0.022047
0.0220363
0.0215222
0.0222381
0.0219751
0.024356
0.022263
0.0250807
17.3376
0.0217946
1.10211
0.0245788
4.53864
0.0220646
0.0217242
0.0216947
11.4029
0.0217804
0.0222588
4.72118
4.05103
0.0218997
0.0218203
0.0221211
0.0215954
0.0217662
0.0546531
0.0217581
0.0217984
0.0249179
0.0220795
0.021785
0.0215821
0.949055
0.0219115
0.0221297
0.0219463
0.0523874
0.0217519
0.0220124
0.0252261
0.0229928
0.021846
0.0580113
0.034793
0.0234083
0.0511128
0.0223654
0.0219957
0.0218584
0.021738
0.0216352
0.0218024
0.0221585
0.0220814
0.0240657
0.0221864
0.0219783
0.0510723
0.0419023
0.0218851
0.0215267
0.0220196
0.022016
0.775874
0.0216954
0.022355
0.0300304
0.414827
0.351318
0.0218477
0.03335
0.0513725
2.47122
0.0218715
0.0219794
0.0223132
0.0218565
0.0222723
0.0218843
0.0390053
0.0214083
13.5532
0.0219143
0.0219787
0.0217238
0.0218631
0.0220356
0.0222654
0.0220282
0.0221254
0.0222453
0.0219275
6.30109
0.0217248
0.0219227
0.527081
0.0220202
0.0220123
0.0472593
0.0219953
0.0219539
0.0254653
0.022146
0.0217931
0.0222716
0.021934
0.021804
0.0219162
2.82563
0.0244211
0.0223641
0.0218548
0.0218992
0.0218261
11.0723
9.48001
0.0223774
0.0220008
0.0218553
0.0234936
0.0219465
0.0283848
0.0218641
0.0221958
0.0220428
0.634206
0.0371258
0.0217286
0.0311819
0.021896
0.0268544
0.0221202
0.0216184
0.0221051
0.0221454
0.0217764
0.0217462
0.0218231
0.0221697
0.205849
0.0231282
0.0218442
0.0243775
0.0235673
0.0446526
0.0221709
0.0222523
0.0218987
0.0226734
0.0218826
0.0221881
0.0216936
4.28998
0.282387
0.0222577
0.0329879
0.0214639
0.0219556
0.0218286
0.0216811
0.0218971
0.0221319
0.0220934
0.0219928
0.0220396
0.291251
0.022895
0.0216951
0.0219097
0.128474
0.0220179
0.021866
0.0441114
11.1683
0.0219723
0.0218495
0.0219329
0.0218084
0.0219558
0.154613
0.0218059
0.0216989
0.0216747
0.0220065
0.0220417
0.0221699
0.0216653
0.025063
0.0218981
0.144251
0.0221777
0.0226395
0.032421
0.0219893
0.0220927
0.0218984
0.0222941
0.022077
0.0221364
0.0223066
6.35831
0.0220343
0.0217097
0.0454639
0.0220062
1.0185
0.111555
0.0219596
0.0220227
0.0219226
0.021753
0.0219352
0.0215095
0.0219867
0.0387525
0.0222926
0.0215696
3.63494
0.0222045
0.0220869
0.0222074
0.0217841
0.0659013
0.0247406
0.0220753
0.0219419
0.0216286
0.0220386
0.021929
0.0221071
0.0275478
0.0260588
0.0219735
0.0221535
0.0214412
0.0219794
0.0215538
0.0219064
0.0219867
3.3185
0.0227962
0.0219411
0.362493
0.0221481
0.0220897
0.0222931
0.0221058
0.0219026
0.0219332
0.0221233
0.0221644
0.0220226
0.0218044
0.0222849
0.0221411
0.0218574
0.0222937
0.0221328
0.0221763
0.0218685
0.0221758
0.0215607
0.0222865
0.0215618
0.022124
0.0221184
2.02174
0.0219274
0.0220265
0.0218136
0.0333996
0.0220449
0.0218502
0.0216626
0.021923
0.0225514
0.022293
0.0221442
0.021711
0.0222935
0.0221732
0.0221304
0.0224151
0.0222917
0.0222276
0.0218436
0.022293
0.0221043
0.123786
0.0218556
0.441462
0.0219746
0.0220571
0.0287382
10.4561
0.0222021
0.0219393
0.0220411
0.0215171
0.0221135
0.0220278
0.0216756
0.0256652
0.0217323
0.0219763
0.0220954
0.033795
0.0226041
0.021796
4.03078
0.0482478
0.0218879
0.0217935
0.0220564
0.0227716
0.0218967
0.023185
0.0238276
0.0217615
0.0214379
0.0221352
0.0220246
0.0220861
0.0220754
0.0221867
0.0222497
1.44349
0.0219862
0.0220436
0.0221181
0.0216033
0.0423032
0.0215326
0.0221569
0.022176
0.0221279
0.0220639
11.273
0.0376331
0.0218104
0.0217965
1.35951
0.0217346
0.0221232
0.463248
0.172056
2.19388
0.0221739
0.0221683
0.0369041
0.0222097
0.021889
0.0217952
0.0216331
0.0219389
0.0217999
0.0219922
0.0274534
0.0221057
0.0221266
0.02183
0.0214867
0.0219951
0.0216732
0.0218417
0.022142
0.0214707
10.7544
0.0221786
0.0220188
0.030353
0.022038
0.0218426
0.0220611
0.239306
0.021741
10.7121
0.0219691
0.0218157
0.0221349
7.72923
0.0220456
0.0220336
4.92953
0.0221982
0.0226504
0.0219315
0.0219074
0.0313913
0.0216505
0.0267052
1.07519
0.0219265
2.94177
0.0222419
9.77621
1.03884
0.0970114
0.0222428
0.0218836
0.0213866
0.022127
0.0218317
4.77798
3.39085
0.0215875
0.0221765
0.0651869
0.0218584
0.0222358
0.919927
0.0218486
0.0222755
0.0218586
0.041344
0.103363
0.0218419
0.0220577
0.0219827
0.0219858
0.0215313
0.0971866
1.81322
0.0226686
0.0247617
0.0218644
0.658368
8.3457
0.0220563
0.0218919
0.0221997
0.0216938
0.0220225
0.0220278
0.0221968
0.0221098
0.0214027
0.0300839
14.3015
10.7415
0.0221429
0.0221825
0.325674
0.0221624
0.0220242
9.3538
0.0221556
0.624029
0.0249102
0.022181
0.0218653
0.0248587
0.0217448
0.238309
0.0222005
8.61599
9.5719
0.022002
0.0222001
0.0221206
10.0589
4.45256
0.0214326
10.9604
0.0219678
0.0222301
0.021768
0.0215327
0.296866
0.0258981
0.0218238
0.0221616
0.0237886
0.0218012
0.0220078
0.0222229
0.0221414
0.0218482
0.0216288
0.0781393
0.0222258
0.0214642
0.0569609
0.0221788
0.022203
0.0221382
0.0221265
0.0214333
4.35277
0.0220408
0.0256483
0.156322
0.0221905
0.0220902
0.0215467
0.0221725
0.0221909
0.0546063
0.025562
0.0215736
0.0216671
0.0222036
0.0216803
0.0222288
0.0243055
0.0219747
0.0222081
0.0221171
0.0222071
4.21585
9.26818
0.021606
0.0219923
0.0217168
0.0214795
0.0854633
0.0294015
0.0221523
0.0221864
0.0217284
0.021953
0.0220704
0.0219418
0.0214339
0.0234387
0.0222435
0.0222153
0.0222089
0.0221618
0.0219925
0.0216713
0.0221523
0.021646
0.021927
0.0216207
0.0221513
0.0222194
0.0554495
0.0215139
0.0221148
0.0217271
0.0221543
0.0216545
0.022143
0.0220914
0.238566
6.33143
0.0219846
0.0219653
0.0220473
0.0218153
0.0222452
0.0216585
0.0216349
0.0218603
0.0219784
0.0231828
0.0222458
0.0221993
0.0219112
0.0219279
4.11064
0.0222324
0.021954
0.0216235
0.0218361
0.0217686
0.0215066
0.0239116
2.99331
0.022099
11.3424
0.0220791
0.0219082
0.0221103
0.0217039
0.0457221
0.0219761
0.0220569
0.0218932
0.0230952
0.0216356
0.0218077
0.0221841
0.0218942
0.0215606
0.133339
0.0220524
0.0217147
0.0219481
0.0217183
0.0218036
0.141371
0.021867
0.0234259
0.0221078
0.0220808
0.194148
0.0219369
0.0215772
0.0218848
0.0217326
0.0217642
0.0221721
0.0221179
0.0216606
0.0239177
1.37651
0.0221933
0.0218246
0.021538
0.0218774
0.0222269
0.0217708
0.0220719
0.0222131
0.089092
0.0214663
0.0218797
0.0214499
0.038799
0.0222191
0.0221787
0.0218462
0.0221074
0.0220655
0.0216056
0.0216192
0.0218606
0.0215886
0.0218533
0.0220281
0.0216075
0.0215713
0.0221649
0.0222272
8.61963
0.446738
0.0220632
11.0351
0.0220319
2.41411
0.022076
0.0219677
0.049183
0.0220344
0.0219016
9.69783
0.0217815
0.0217535
0.215183
0.0217624
16.1289
0.0218884
0.0221315
0.0221858
0.0217751
0.0215356
0.0219913
0.0217892
0.0221577
0.0218072
0.0221554
0.0221362
0.0217936
0.0217613
0.0218472
0.0221303
0.0221579
0.0218979
11.2171
0.0220122
0.0390655
0.0221506
0.0217547
0.0215429
0.0217479
0.0456463
0.0221059
0.213208
0.0217299
0.0221292
0.0219175
0.021772
0.021895
0.0221954
0.0276577
5.52642
0.0219305
0.0953534
0.0220686
0.0215335
0.022057
4.03183
0.0219137
0.0217342
0.0218558
0.0219348
0.0587247
0.0293558
0.0220572
0.0218029
0.0218404
0.0219506
0.0215705
0.0219101
0.0221651
0.0218271
0.0246623
0.0220575
0.0219521
0.0220134
0.0220836
0.0221508
0.0220862
0.0219823
0.0216615
0.0216377
0.0218323
0.0219422
0.02213
0.0219674
0.177583
0.0219853
10.0994
0.0217106
0.194105
0.0219845
0.0218517
4.03441
11.3939
0.021871
0.0217294
4.85729
0.0218925
0.0220574
0.0433468
0.023295
0.0220866
0.0242622
12.3876
0.0220177
0.0310051
0.0222003
0.0220012
0.0221729
0.0220891
0.0220336
0.0220624
0.0222424
0.0219993
0.430118
0.021475
0.0223187
0.0220718
0.0365214
0.0218178
0.022212
8.97954
5.58255
0.0221369
0.0222072
0.0236394
0.0214908
0.0216778
0.021909
0.0220592
0.0246531
0.0219054
0.0214664
0.0221158
4.45954
0.0220946
0.0220422
0.0266997
0.0220762
0.0222227
3.07097
9.08158
0.0214599
0.0221889
0.0218294
0.155104
0.0221501
0.0214218
0.0215654
0.0217896
0.0219206
0.0219529
0.0220488
0.0222857
0.0218394
0.0218822
0.0215274
0.0214713
0.0216154
0.0220693
0.0214495
0.0272191
0.0217195
0.0222847
0.022023
0.397965
0.0215371
0.0218077
0.0217459
0.0220808
0.0220236
0.0217826
0.0220919
0.0222004
0.0220587
0.0221438
0.0216615
0.0220524
0.0218456
0.022218
0.0216119
0.0221849
0.0214566
0.0216896
0.0217863
0.0219103
0.0221599
0.0221636
0.0221022
0.0218196
0.021962
5.10373
0.021911
0.0219623
0.0220007
0.0221253
0.0218228
0.0263129
0.0235026
0.029147
4.48431
0.0606689
0.021978
0.021444
0.0217042
0.0221766
0.0221965
0.0223999
0.0216748
0.0220889
5.31939
0.0220585
1.30384
0.0215021
3.19815
0.0220725
0.0221392
0.0216602
0.0216084
0.0221835
0.021462
0.0219572
0.0219628
0.0217389
0.0269276
0.344535
0.0221482
0.0218675
0.0217051
0.022183
0.0367075
0.0220207
0.0219355
0.0221681
0.0219835
0.157913
0.0214009
0.0221854
0.022031
0.0220405
0.0221672
0.022189
0.0220602
0.0217568
2.52392
0.0220939
0.221414
0.0281561
0.0219278
0.0218199
0.0218895
0.0219795
0.0224807
0.0222189
0.0222456
0.0433429
0.0220088
0.0221697
0.0218801
0.0407137
0.163117
0.0222252
0.0220012
0.0216691
0.0218295
0.0219817
0.0221824
0.0259191
0.0220681
0.0231142
0.0335212
5.48774
0.0219619
0.0219382
0.0219434
0.0272236
0.036566
0.0221605
1.40448
3.26508
0.0219543
1.35154
0.021921
3.774
0.0218849
0.0219408
0.021938
0.0216257
0.0220569
0.0221691
0.021943
0.0221529
0.0222034
0.0223523
0.021945
0.0221102
0.021422
5.04334
0.0215166
0.0218325
0.0237485
0.0280145
0.0216724
0.0222172
0.0220361
0.0217911
0.0221504
0.021615
4.6035
0.0220478
9.86017
0.0218788
0.0221326
0.0221933
0.0218977
0.0216339
0.0222801
0.021909
0.0216088
0.0215575
0.0217395
0.0220284
0.022048
0.0228564
0.0222056
0.0224786
0.022017
0.0221153
0.022001
0.022095
0.0280655
3.27123
0.0220011
0.0215026
0.0219596
0.0221388
0.0218324
0.0218534
1.62529
0.0217843
0.0220093
0.0249966
0.0904155
0.131466
0.021935
0.021448
4.75989
0.0219341
0.0215352
0.0331616
4.58429
0.0218405
0.0219122
0.0219502
0.021522
0.0220007
11.9601
0.0386341
3.3326
0.0217241
0.0241252
0.0221449
0.021852
0.0215626
0.0214402
0.0216697
0.0218597
5.29289
0.0220112
0.141775
0.0217898
0.0216876
0.0219999
0.0219484
0.0218057
0.0222673
0.021611
0.495176
0.0222071
1.78108
0.0221182
0.021863
0.021974
0.0288292
0.0216563
0.0218448
0.0217071
0.0215164
0.0388022
0.0228846
4.29671
0.0218775
0.0218655
0.0213901
0.476546
1.93078
0.0218155
0.0218285
0.0220242
11.3928
0.0218519
0.0216993
0.0222242
0.0216286
0.187092
0.0217681
0.0218106
0.24946
0.0219185
0.0219949
0.0219452
1.76643
0.0347293
0.0217855
0.0216438
0.0218888
0.0219438
5.08555
0.0218384
0.0221175
0.0218013
0.0219896
0.0240207
0.0218125
0.0219601
0.0217299
0.0217838
0.0222052
0.0227778
0.0307805
0.0218971
0.0218849
0.0220964
0.0221389
0.0219339
0.0220617
0.0219697
0.0222262
0.0218273
0.0219014
0.0236156
0.0221982
0.0219422
0.0222113
0.022107
0.0220155
10.9609
0.0220754
0.0222346
2.30946
0.0219831
0.0221573
0.0219959
0.297084
0.0214704
0.0225789
0.0366747
0.0216452
0.0222535
0.0221877
0.195076
0.0220571
0.0219424
0.0215782
0.0221103
0.0220081
0.0729022
0.024864
0.0235844
0.0218685
0.0217225
0.0221933
0.0218438
0.0219956
0.0215998
0.0222425
0.2036
0.0219133
0.0221123
0.578487
1.79012
0.0218735
0.0219747
0.0221019
0.0627531
0.0855229
0.0218613
0.0219165
2.60985
0.0219329
0.0218943
0.0220922
0.0215218
0.022085
0.0222282
4.21952
0.0221616
0.0221047
0.021869
0.021813
0.0221281
0.583964
0.0218831
0.0218453
0.0218879
0.0297398
0.0221978
0.0218495
0.0219608
14.2713
0.0216063
0.0221439
0.0218146
0.0222062
0.0216899
0.0228922
0.021961
0.0218559
0.0219001
0.0595127
0.0221489
0.0222082
0.0221439
0.0220618
0.0222271
0.0220664
5.1322
0.0220487
0.060819
0.0222343
0.0217098
0.0222138
0.0222049
0.0216198
0.0216542
0.0216553
0.0218103
0.225665
0.0243271
0.0218177
0.0474123
0.0214531
0.154394
0.0221362
0.0216971
0.0215951
1.64588
0.0217172
0.0218159
0.0215198
0.0218136
0.025116
0.0220624
0.0218663
0.0215229
0.0215557
0.0220168
0.0216479
0.0214699
0.303361
0.123642
0.0218128
0.0220624
0.0220606
0.0218209
0.0258139
0.0216013
0.0220732
0.0218145
0.0219407
0.0222463
0.0219046
0.0215802
0.0253769
0.0289528
0.0221687
0.0218153
0.0217716
0.0215858
0.0223965
0.0219241
0.0221122
0.0219519
1.00759
0.021967
0.0221124
0.0217383
0.0219227
0.0225946
0.0217798
0.0217415
0.0218699
0.0215652
0.0214376
0.0290195
0.0218105
0.0218903
0.0215783
0.021908
0.0215262
0.0220557
0.0824568
0.0221877
0.0215427
0.0223274
0.0219272
0.0218177
12.4594
0.0217494
0.0218223
0.0216762
1.3705
0.0217358
0.0219193
0.0307376
0.0346526
0.0214536
0.022246
0.0222194
0.0217374
0.0219551
0.0219136
0.0217983
0.0374572
0.0222375
0.0221066
0.0221202
0.021986
0.0218011
0.0218192
0.0216432
0.0227361
7.52788
0.021955
0.0219352
0.0219359
0.0216666
11.5813
0.0218854
0.0219347
0.0219794
0.0220942
0.0222456
0.0214543
0.0218202
0.0219058
0.0221869
0.0219517
0.0219362
0.0318873
0.0245347
0.0220779
0.0861891
0.0218179
0.0217467
11.5638
0.0218104
0.022037
0.0219184
0.0222005
0.0219482
0.0217485
0.0222078
0.0217799
0.0217967
29.7226
26.2421
30.1095
14.7973
0.0215347
0.021889
0.0217379
0.0219056
0.0221531
0.0217627
0.0217117
0.0221437
0.0220732
0.022063
0.0214772
0.115373
0.0221283
27.1642
0.0221498
0.022111
0.0221819
0.0762365
0.0216619
0.0217929
0.0221275
0.0217476
0.0218725
26.6267
0.0217987
9.94824
0.281569
0.0217939
8.8577
0.021819
0.0603202
0.0217409
0.0221814
0.0628369
0.0227495
0.0220622
0.0221442
0.0218264
0.0220615
0.0218536
0.0218405
0.0217457
10.2644
41.2951
41.4912
23.8049
30.524
45.3456
34.6103
17.0567
15.0039
17.5404
39.2983
34.7322
14.7803
43.3226
36.5198
45.3957
15.4704
38.453
9.04378
21.3267
0.0221575
0.021666
0.0215017
0.0707135
0.0217428
0.0216674
0.0217301
0.0222399
0.0222266
0.0218045
0.0219149
0.021827
0.0218009
0.0218445
1.1021
0.0220028
0.0526423
0.0217801
0.0221388
0.0215521
0.021887
0.0218123
0.0220275
0.0214277
0.0218258
0.0217683
0.0219105
0.0218829
0.022183
0.0218561
8.42682
8.61724
8.62366
7.37971
7.17995
0.0219137
0.0222195
0.0683171
0.0221809
0.0217899
0.0217543
0.0216868
0.0221234
0.0218544
0.0668785
0.0220774
0.0218175
0.0217897
0.0219365
6.82876
0.0217928
0.0218845
0.0217426
0.0215312
4.6772
0.0218878
5.35284
0.0331481
1.09064
0.0239925
0.0413562
11.709
0.0220106
0.0217101
6.80154
0.158307
1.46442
4.83435
0.0328307
0.0214675
0.0226693
0.0215835
0.0218024
0.0214842
0.0216869
0.0217649
0.0222003
0.0222169
0.0603627
0.0257851
0.0218063
0.0216847
0.0220751
0.0222397
0.0224217
0.0218942
0.0216453
0.0243099
0.0216806
0.0218782
0.0216818
0.0218537
3.29565
0.0217329
0.0222392
0.0221799
0.0220874
0.021623
0.0220436
0.0221627
0.0215294
0.0222005
0.0218437
0.0216233
0.0219249
3.22304
0.021469
0.021959
0.0215898
0.0552471
0.0219135
0.0219407
0.0222118
0.0218348
4.58068
0.166626
13.4472
0.021605
0.0217911
0.0217032
0.0217116
0.0221304
0.0219865
0.0219671
0.0218296
0.0217155
0.0216886
0.0216584
0.0240703
0.0866106
0.021533
0.0217311
0.0219221
5.67353
0.0218043
0.374357
0.022175
0.0218169
0.0218219
11.2892
0.0216446
0.0219142
0.0220971
0.0217506
0.0214186
11.7142
0.0214912
0.0218269
0.0481396
0.022068
0.0219648
0.0288433
0.0399047
0.0216464
0.0217944
0.0221337
0.0218333
0.02166
0.0507106
0.0220986
0.0217966
0.0222095
0.0215924
0.741863
0.0220462
0.0219717
0.0222354
0.0218935
0.0219912
0.30664
10.1152
0.0218512
0.0218958
0.0220926
11.1686
0.0216455
0.0338674
0.0216205
0.0220325
0.0215944
0.021788
0.0219578
0.0219524
0.0216505
0.021586
0.0216512
0.0222186
0.0259649
0.022072
0.0216413
0.0215153
0.0216957
0.0219847
0.0232763
0.021787
0.0217724
5.86122
0.0217887
0.0214057
0.0216465
0.0332964
0.021752
0.0214678
0.0213867
0.0469783
0.0220467
0.0217417
0.022064
0.0216516
3.47494
11.6678
0.0235679
0.0213894
0.0222296
0.0217403
0.0220826
0.0219621
0.0219466
0.021483
0.0216519
0.0222937
0.0223873
0.0216644
0.0253897
0.0469102
0.0220429
11.4505
0.0220072
0.0217887
0.0217509
0.0221312
0.0216301
0.0217002
0.47372
0.0224307
0.0215193
0.0216921
0.52965
0.0221431
0.0221832
0.0415592
17.4103
0.0219205
0.0214715
0.0276038
0.208769
0.0216476
0.0219596
0.0439306
0.0216038
0.0220031
0.0221624
0.0215212
0.0221698
0.0216302
0.0215092
0.0220062
0.0215274
0.105484
0.0218647
0.0312229
0.0400829
0.0221726
0.0220625
0.163918
0.0214346
0.02174
0.0216328
0.0217632
0.0214747
0.021885
0.0238113
0.0220491
0.0221754
0.0220069
0.0219523
11.1914
0.0216164
0.0218874
0.0219641
0.219014
0.0216876
0.0221131
0.0222596
0.0219225
0.042375
37.9713
39.266
0.021645
0.0220358
0.0221959
0.0222482
0.0216685
0.0569719
0.021828
0.310573
4.92499
0.0412555
0.0215172
18.1023
0.0220774
0.0222601
0.0215209
0.0219916
0.0216525
14.9904
0.0222346
0.0383384
0.0430435
0.0214703
5.72286
0.0216899
9.17416
0.0215478
0.0217296
0.0217394
2.75873
0.0260804
0.0217769
29
0.0246477
0.0220052
0.0216365
0.0217093
0.0229404
0.0216416
0.0220718
0.0216976
0.0220946
0.0218383
0.0218663
0.0217516
0.0214395
0.0222388
30.9039
29.0948
0.0219117
0.0222167
0.0219945
0.0221877
0.0224784
0.0216398
0.0216232
0.0219129
0.0218339
0.0221246
0.0214863
0.137413
9.38868
0.0218205
0.0215348
0.0220051
0.0214726
10.9866
16.1538
0.0216347
0.0225978
0.0222557
0.0218756
0.234649
0.0218539
0.0216317
0.022088
0.0229606
0.0221242
0.0215204
0.0215054
0.0218911
0.474061
0.0218296
0.0236804
5.09095
0.027417
0.0219691
0.0214993
0.0218437
6.94217
0.0221643
3.04961
0.153109
0.0226108
0.0221071
0.0218716
0.0288572
0.0221376
0.0215927
0.0299967
0.0221881
0.022463
0.0220454
0.177725
0.0218382
35.5401
40.2632
0.0220881
0.0218177
0.0309875
0.0217291
0.0217001
0.0220121
0.0221056
0.0217132
0.0219657
0.0216405
2.42409
0.0218339
0.0214477
0.0225819
0.0217288
0.0284099
0.0216377
0.0218362
0.0214996
0.0218933
0.0220717
0.0218349
0.0217863
0.021881
0.0218115
0.022028
0.0218998
0.153393
0.0215038
0.0220746
0.022128
12.1635
0.0339852
0.0215105
0.0242463
0.0218959
0.0387634
4.56965
0.022524
0.021937
0.0762847
0.0218377
0.0221617
0.0225466
0.0218796
0.0853157
0.0218905
0.022219
0.0217455
0.0218415
0.022088
0.0215722
0.0215945
0.0214644
0.0216422
10.7565
11.5365
0.0283471
0.0216819
0.0221801
0.0460624
0.0216149
0.0220018
0.0218216
0.0988891
2.62304
0.0221985
30.3012
0.222695
0.0219114
0.0218597
0.02144
0.065115
0.0218252
0.0218201
0.0220939
28.3201
0.0567429
0.0218398
0.0221457
0.0217536
0.02166
0.0432067
0.0217833
0.0216466
0.0224409
0.0214414
0.0220456
0.0242058
0.0217827
1.14729
2.58894
0.135414
0.0220537
0.0219378
0.021781
0.0216368
0.0218586
0.10738
0.021752
25.4949
0.0246194
0.0219113
0.0216781
4.10343
0.0218339
46.723
0.0778235
0.0227735
10.4566
0.0215467
0.0221374
0.0220584
0.0218636
0.0221953
0.0387845
0.0229136
0.0697581
25.7614
29.1738
0.0221046
0.0221214
0.0315371
0.0227291
0.0218454
0.0220218
0.022163
0.0217191
0.0219176
0.105634
0.0219928
0.022074
10.584
8.11074
0.0219393
0.024221
0.141764
0.0218235
0.648896
0.0219325
0.0430076
0.0218465
14.5805
0.021782
13.8767
4.79251
0.0214892
0.583377
5.43518
0.150051
0.0222084
0.0215297
0.0320798
0.12154
44.1236
0.0218302
38.1509
0.0217337
0.0217623
0.138163
1.12138
0.0219261
28.0461
6.31847
0.0215612
46.7487
0.0216322
11.6907
0.0218929
0.0217872
15.0499
0.021913
0.021847
17.7763
6.29511
0.0218589
0.0234298
0.0220141
10.8939
0.0304083
0.0218318
0.0218977
0.0214922
0.0216684
0.0214215
0.0216241
15.1361
0.0214983
4.53517
0.0220721
0.0217803
0.0218345
0.0220587
0.0218581
0.0221548
0.0220451
0.0220213
0.0712731
0.156216
0.0245794
0.0214673
6.26914
6.99283
0.0218297
0.0219925
0.0258548
10.7111
0.0222284
0.0261335
0.255492
0.297975
0.0365138
0.0336005
0.0221756
2.83943
10.4565
0.928619
0.02327
0.0786349
0.0218822
1.18014
0.0221872
0.0218703
0.0329903
0.0332114
0.0214371
0.0218324
0.0218372
0.022031
0.399472
0.0220918
0.0219319
0.172658
0.0215964
6.15478
0.0218685
0.0240909
0.021717
0.0334173
0.0221819
0.0221318
0.0219031
0.0243281
0.0216389
0.0218391
29.5192
0.0219316
2.47281
0.021805
0.0219209
0.0220023
0.0217241
0.0331227
0.0218776
0.0219597
0.0221906
0.0218399
0.107561
0.0216682
12.2758
0.0250512
0.0218379
0.0217504
0.0218504
0.0220162
0.0218944
7.13538
0.0237427
0.0218074
0.189698
0.0222094
0.0219554
0.0220323
31.4947
0.67143
0.0425031
0.619234
3.37422
0.0238513
0.183886
0.0221386
0.0218317
0.0219253
0.0544545
0.021867
0.0215011
0.093523
0.0252055
3.02727
0.0221566
0.0658706
0.0222105
0.0217296
16.5895
0.316961
0.614968
0.0219402
0.0218311
0.0219817
0.0216358
0.0344237
0.0239634
14.7503
0.0218556
0.0220983
0.0214657
0.0222472
0.0215137
0.0216954
3.13386
0.0219741
0.0221648
0.0219557
0.0272807
0.0218937
0.0434362
0.264411
5.80433
0.0216442
0.14276
0.0242681
0.0220288
0.0248587
0.0218928
0.0216861
0.0246008
0.0221733
37.3557
0.0218946
0.0241241
0.170175
0.0217012
0.129041
0.021734
0.169659
0.0221286
0.0218267
2.42184
0.0817209
0.0219764
0.0215496
0.0281023
0.02161
0.0358804
0.03167
0.0365927
0.0222487
0.0217859
0.0217796
0.0216648
16.4177
0.022192
0.0214034
0.0218961
0.0387666
0.027906
0.0217408
0.0222786
0.0221518
0.0217674
0.0219702
0.0220141
0.0220135
11.589
1.348
0.0231106
0.022285
0.0222837
0.100964
0.0217631
0.0221782
0.0772237
0.0220401
0.0226493
0.0215161
0.0219383
0.0217615
0.0215201
0.0219886
4.28771
0.0849542
0.295843
0.0297474
0.0218992
8.6079
0.0219199
0.0215973
0.0219063
0.0702529
10.4841
0.0217577
0.031155
0.0221885
0.0234957
5.04162
0.0217749
0.0220206
0.0217696
0.334909
26.4181
0.02374
0.0421093
0.300243
0.0216663
0.0218608
0.0217528
0.0216496
0.0217053
0.02158
4.3509
3.17478
4.70723
0.0219528
0.0217198
0.0228364
0.0223843
0.021857
7.90256
7.65041
5.63704
0.0214795
0.0216906
0.0264519
0.0215874
0.021885
0.0224
0.0226175
2.79062
0.0221434
0.0217646
0.0216514
3.85832
0.216433
0.0215788
4.69949
5.09898
1.07394
0.0218489
0.432141
0.0471343
0.0222744
0.0217495
12.6075
0.025562
4.13411
0.0217353
4.66943
0.0217283
0.0217837
0.0230413
0.0219168
8.44844
0.0865232
0.0231484
0.0233589
0.022077
2.96053
0.348029
0.274002
0.208564
0.0216234
0.0453176
0.0225829
2.47222
1.18334
0.0217184
3.01595
0.0216784
4.2537
0.0220243
0.0237079
0.0216288
6.27991
27.5452
0.086219
2.169
0.0217661
0.0216763
0.0222864
0.0214213
0.0218844
0.0220363
0.0218371
34.5639
0.026287
0.0221718
30.3369
0.021995
0.0221041
0.021782
3.99606
0.0220552
0.0216596
0.0216983
2.69777
0.0225695
0.0740039
27.1465
0.119248
0.0216763
0.0222087
4.40572
0.0281818
42.456
0.023961
0.0269498
0.0215028
44.6714
0.0363601
0.0408467
0.022123
0.0222741
0.0219568
0.0224694
0.022232
0.0335254
0.09338
0.0215533
0.0214557
0.0214866
0.0214877
0.0216837
19.6187
4.76085
0.115855
4.98219
0.129808
5.12091
0.0220719
0.0221903
0.0216031
0.0216094
0.0220314
0.024829
0.0218978
0.0228047
0.0214675
0.022101
0.195798
0.0345747
0.0219744
0.0215082
0.0222639
0.0221379
0.0221227
0.111056
0.0237329
0.0219313
0.0216193
4.69484
0.02209
0.0229398
21.3415
0.0216063
0.0217765
0.0618336
0.0219521
0.0219162
0.0222064
27.9831
0.0216611
0.0219886
0.0221092
0.0224119
0.0225215
0.0225554
0.0216739
0.0246673
0.207073
0.022194
0.0220229
0.0296898
0.0365215
0.0217493
0.0221024
0.0217007
0.0221753
0.861077
0.0214164
17.2707
0.0214847
0.0221205
0.110633
0.0637729
0.0255098
0.0279563
0.971761
0.0218342
11.5085
0.0220839
0.08844
0.0219472
0.0265074
0.0218635
0.0221895
0.0222236
2.94449
0.137168
0.0219483
0.339466
0.0222422
0.0223422
0.0220495
0.207938
0.303774
0.026785
0.0941372
0.227389
0.0232226
0.0217744
0.286127
0.0223077
0.0216996
0.0331009
17.7311
0.401374
0.0271849
0.0222095
0.0818685
1.58362
0.619392
0.0219533
0.0218183
0.033542
0.0223619
0.0214874
0.469394
27.1975
0.0257442
0.169767
0.0253157
0.0220383
0.0216302
0.0216919
0.0241846
0.0219071
0.0220774
0.0601043
0.0214128
0.0216849
0.0222111
0.0221918
0.0220027
0.0218462
0.0219658
0.121868
0.0219452
7.32271
0.022254
0.021815
5.81868
0.0259176
0.0223671
0.644058
0.0214987
0.02187
0.0225139
0.0293208
0.0557003
0.0219042
0.0219009
0.0226626
0.021881
0.0221498
0.040221
0.0666358
0.0225095
0.199668
0.0221601
0.0221911
0.021451
0.0224551
0.0543593
5.14494
0.236511
0.0218436
0.0273729
0.0272287
0.057854
0.0260675
0.0248586
0.0238053
12.0234
0.0313479
0.0218458
0.0235714
0.0250191
0.0220425
0.0216951
0.0240784
0.0493559
0.106407
0.703407
0.0215122
31.4976
32.1661
0.0227154
0.022048
0.0217055
0.0221823
0.341235
0.0225617
0.0241273
13.7384
0.0890811
0.0214542
16.5162
8.79279
0.0224595
0.0221292
0.0227945
0.0235239
9.38116
0.0574397
0.0230976
4.7952
3.4229
0.642321
0.0466245
0.0270541
0.999123
17.9827
0.0286572
0.263828
0.0219161
20.0006
16.5215
0.022128
0.022003
0.0220205
0.0215463
0.0498983
0.0222111
0.876142
3.89828
0.0220674
0.177129
0.0871148
0.022331
0.0229783
0.0217976
0.030405
0.1388
0.0231265
0.0220725
3.22166
0.0228401
0.0219859
0.0220772
0.0215148
0.022061
0.0283194
0.0227813
5.14039
0.0221614
0.0226418
0.0218596
0.0397999
13.9139
0.0217489
0.0243998
0.021653
5.22347
0.0218298
0.0214375
0.033606
0.0218381
8.70601
0.0221603
0.0218824
0.0220706
0.0216742
0.0214824
2.94455
0.0360113
0.0485501
0.065611
0.0218893
11.1148
0.0221557
0.0223458
4.07037
1.01815
6.96426
0.0282722
0.0218871
10.1335
0.0232052
31.1964
35.9344
0.023856
0.0219334
4.88849
0.0220426
0.0222194
3.09981
0.157848
0.0241
0.190232
4.63754
0.0233666
0.0218411
0.0220463
1.72671
10.5549
0.0339677
1.1032
0.063282
0.183612
0.0242891
0.0220109
0.0236957
0.552292
0.0260972
0.0234613
4.00272
9.40279
0.021663
0.137196
9.88076
0.0264116
3.22619
0.0240716
0.0214513
0.0279486
0.0218406
0.0464392
0.0219508
0.159958
0.0214849
0.0219615
0.0214225
0.0220502
0.0220024
16.0144
0.021885
0.104035
0.0221333
0.0219084
0.0216199
0.0218247
0.0489815
0.0217914
6.36755
18.2957
0.0232001
0.0245397
0.0219557
0.026076
0.0219899
0.0219968
0.0232343
0.0222289
0.0214693
0.0219233
0.0217057
0.02166
0.3422
0.0221384
0.0218293
0.0220875
0.0220242
19.819
20.5305
0.0444244
0.0228502
0.0224317
0.183918
0.0218898
0.0217366
0.0222709
0.0273069
0.021748
0.0217766
0.0251282
0.0277035
5.81605
22.0953
0.0216988
0.0219187
0.021602
0.0226249
0.0216553
0.0217144
0.0214293
0.0226502
3.85138
38.1243
0.0232686
0.0221465
0.0260886
0.0219455
0.0220074
0.027416
5.31762
45.6706
0.0220354
0.565666
0.0230918
0.0217651
0.0222477
0.0239272
0.0217127
0.0226086
0.838033
0.0218177
0.0216824
0.0215178
0.0226788
3.8693
0.0219578
0.028512
3.4625
15.8663
0.0236998
14.1337
0.0253215
0.0289629
0.0220466
3.01545
0.0221017
2.89813
0.0218724
0.0221101
0.0350592
0.029085
0.0221279
3.05476
0.0221438
0.0220127
0.0217951
0.0221632
0.0217203
0.0230361
0.0242262
0.0218429
0.0283913
34.9606
0.0229788
0.918267
0.0222016
0.0253554
12.2026
0.0253511
0.0221564
13.8943
0.0218231
0.0221553
0.0220721
0.022315
0.0310411
0.0220833
7.07457
0.0236929
0.0218494
0.026852
3.66772
0.0221681
0.0221592
0.0221238
2.90466
4.64592
9.16654
0.201855
2.89798
0.0256108
0.129791
0.0248714
0.0264065
0.0216497
0.0219261
0.0232732
0.0222065
0.0219689
0.0216297
10.9846
0.0228888
0.0218973
0.127037
0.0217623
10.6242
0.0580835
0.0223889
0.0218837
0.022121
0.0229232
0.0220976
0.0241214
0.0235863
0.0219064
0.0219221
0.02172
0.0226014
0.0495022
4.37308
0.0264829
5.15157
5.57023
0.288293
11.517
0.022232
6.14689
0.0676988
4.3717
0.0316057
0.0227075
0.0221394
0.0219937
23.0789
0.0234941
2.54792
0.0274773
0.0222674
0.0233464
0.0255583
0.0221784
0.0221659
0.356166
0.0216962
0.0241814
24.4856
0.0224812
0.0218929
0.0276575
0.0216166
0.0218685
0.0315835
0.0222668
3.49508
0.0222392
0.120348
0.0222796
6.95688
0.0228936
0.0218126
10.6373
0.0225458
0.176824
0.0216352
0.022268
0.481043
31.7237
0.0214999
2.12385
5.446
3.81418
0.155582
0.0246872
0.0216247
0.0250134
0.621935
7.79367
0.0223421
0.0221417
29.0651
0.0218431
0.0593277
0.022408
0.0221212
0.0849264
0.065096
0.0220106
0.0218338
0.0224256
0.0215369
0.021645
0.0422072
0.0245856
0.0293272
0.0390296
0.0253557
2.49272
0.0337261
0.0284438
0.707087
0.0276437
0.0219151
0.140712
0.0264452
0.0230179
3.6583
0.0216578
0.0586218
0.0224318
0.0216732
0.0220511
0.140102
0.0218022
17.1016
8.70131
5.0443
0.0217603
0.0214526
0.0278792
0.0220425
0.0789336
31.8732
32.4412
0.0219241
0.0218883
0.0249414
0.0296226
0.0265207
0.46431
0.024014
0.0254005
0.0387154
0.0220222
0.0278743
0.024519
4.17985
0.0268028
0.0216278
5.27311
5.86979
0.0218928
0.0222009
17.5394
0.0299735
5.24733
21.4032
0.0226359
0.0237668
0.0232649
0.0229098
0.0219828
0.0218768
0.0257683
0.0226079
0.0420036
12.0359
0.0220861
0.0218913
0.189444
4.82075
0.0221982
0.0222355
0.0216299
0.0280649
0.137346
0.0217958
0.0219336
3.14886
0.0228301
0.0222244
0.0218963
4.64251
0.0216042
4.38634
12.5378
0.0217621
0.101535
0.0316502
3.88429
0.0225685
0.0792939
5.70011
6.79422
0.029581
0.0228858
0.0220746
0.0307137
0.0477874
15.9486
0.0217765
0.0214278
0.0219728
4.17648
0.0264765
4.25102
0.0216931
0.0593747
0.0330308
0.0297347
0.0221044
0.0576475
0.0218805
0.0725057
8.61885
0.0323289
0.0217145
0.0221033
5.20924
0.0222274
0.0217823
19.9642
0.0216523
0.0230609
13.3038
0.546556
0.0215824
0.0225883
0.0220638
0.0272299
0.647689
0.0231806
0.0457665
0.0214438
0.280561
0.021613
0.158994
9.60046
0.0218382
0.0221992
5.0219
0.0222228
0.0216481
0.0216179
4.02843
0.767873
0.0222874
0.0218984
0.0216375
0.0217714
0.0217037
0.279235
0.0217832
21.5546
0.021702
0.021694
0.0218532
0.0218169
0.0222801
0.0292951
0.0220188
17.4531
18.5153
0.0236426
5.1668
0.138638
0.142723
0.0232337
0.0218517
0.0308594
0.15171
0.0216609
0.12474
0.0216546
12.8024
0.0219295
0.0217704
0.0234585
0.0254055
0.0231563
0.0216191
5.05401
0.0224197
16.2996
0.0971127
8.43938
0.0220416
2.35021
0.112111
0.0218005
0.0807394
0.115424
0.0242556
0.0295216
0.0214514
0.0677473
2.27969
0.0218729
0.888025
0.022111
0.129763
0.0219222
0.180864
4.80316
0.0224304
4.55159
0.0215368
0.0227183
0.093909
0.0323735
0.300351
0.0217923
0.0228138
0.03195
0.0868791
4.35999
0.021757
0.0218721
0.0218929
4.60129
0.0231814
0.0255241
6.10799
0.0219808
0.0224059
0.0213978
0.035636
2.0857
0.0560727
0.0284924
0.0221444
0.249563
0.800364
0.0221075
0.0250869
0.0219
0.0216174
0.0222079
13.9613
0.0559436
0.056439
0.0306778
0.0215906
32.4288
34.6993
0.02182
0.0230789
0.589989
0.0234943
0.0225238
0.0217117
0.0237071
0.0217512
0.0222479
0.0289159
0.0240638
0.0220715
0.305599
0.0219915
0.729961
0.0827141
4.59699
0.052661
0.0348534
0.0215036
0.287063
0.0309432
0.0222395
0.0218576
0.654237
0.0214892
4.46693
5.61806
10.1854
0.0352662
0.0247047
0.0250181
0.0221322
0.0219041
0.788789
0.0217708
0.0703663
0.0218604
10.4743
0.0217655
0.0217639
0.0233192
0.0219891
5.39783
0.0254207
0.0444134
33.3769
0.0502771
0.0253143
14.2218
0.0219066
0.0226006
0.198381
1.83153
0.771584
0.182679
0.0218946
0.0217775
2.8317
0.0262891
9.292
0.0947578
0.633806
4.82546
0.0220187
4.54038
0.0796597
0.0216539
0.23424
0.0220814
0.030746
7.82802
0.0220711
0.0276322
0.0221452
0.498725
0.0223358
0.0221383
0.0218657
0.0220136
12.4475
4.39271
0.73817
4.73868
4.64922
8.40048
0.027051
0.0218722
0.0258918
0.0215914
0.0214175
0.259261
0.0219648
23.837
0.0285348
20.6943
0.0235123
0.120544
0.0633039
0.0220304
0.0215767
0.0216829
0.0278045
0.0218356
0.0311289
0.374744
13.125
0.0221226
10.4726
0.0218016
8.87752
0.0222391
0.0941742
18.7678
0.117957
18.9372
0.0221002
0.0218931
0.0386722
0.0218479
0.0265251
10.8272
0.122027
10.2631
0.0361051
9.61822
0.0343538
0.322707
0.0214095
4.77865
0.0317711
0.0217196
0.02202
0.0226382
4.78413
0.0283518
0.0215334
0.876779
5.37295
0.0222193
23.2783
0.02223
0.0299394
0.0219006
0.0331474
9.92676
0.029354
39.0549
8.55024
0.0221338
0.0219705
0.0350697
0.0953336
0.0478496
5.78744
4.18693
0.0219228
9.09449
0.0219249
0.0216773
3.18155
0.171724
0.684222
0.0273836
0.0218552
0.0513012
5.2244
4.17462
9.50126
0.219135
12.3321
4.1012
0.120042
0.100518
30.1287
24.3994
6.81358
9.1997
25.9886
21.1234
21.1343
0.0216366
1.99312
0.0214904
0.028889
8.82191
0.0249071
0.0264275
4.53267
0.0324787
0.0246841
0.0219601
0.0301308
0.11574
0.0316151
0.0220003
0.0219467
0.0225079
1.11772
0.0217282
0.161299
0.0220569
0.0222761
0.021425
0.0220717
5.89572
3.07555
0.027659
9.12759
0.0221924
11.6075
0.02158
0.0218935
0.157773
0.0219028
0.0221391
0.0221752
0.0577344
0.0243542
0.0442953
0.0218526
0.0218143
0.036638
5.00918
1.34589
0.0619307
3.04226
0.632766
0.0219372
4.08209
4.90282
15.09
0.021742
0.0222381
0.0222566
0.255726
0.0219761
4.22618
0.0218809
0.104507
0.0220195
8.18517
0.0220091
0.0809008
0.0241439
0.0221917
0.0220448
0.108622
0.0230165
2.73548
5.2598
0.0218501
0.0216512
5.13352
0.133069
3.42291
0.0222261
0.160827
0.0221336
0.0215551
0.0791879
11.1407
0.109339
0.034764
0.0223503
0.0256828
0.0365339
0.0221262
0.34389
0.0224108
0.0329928
0.0962293
5.97312
0.0344303
0.0217558
0.0217597
11.5003
0.022245
0.0335644
0.0217789
6.24074
5.54966
0.0219188
0.0216697
0.20072
10.9996
11.461
4.53807
0.0223718
0.11397
0.0461813
5.39667
11.2462
0.0245814
0.0233101
0.0262827
0.0942855
0.0222269
0.0880212
0.0280508
0.161655
0.461595
0.0216341
0.0220523
0.0335708
0.0219291
11.4119
0.0217967
0.0217475
0.560934
0.0934379
0.402565
0.0248859
0.141756
0.0359573
0.0219121
0.0304989
0.0229023
0.052265
3.83211
4.03996
0.022574
0.0215027
0.0557892
0.0772434
0.0237726
0.0239361
0.0220384
0.0213886
0.0501018
0.0674322
0.0218926
12.7436
0.022057
4.48507
3.773
0.0222939
0.0345791
0.0223203
0.0237585
0.0445771
0.0559742
0.0227479
0.0222883
0.0895935
0.0217963
0.252038
0.0216487
1.35262
0.0345556
4.5428
0.336469
5.23208
0.0700936
0.0214335
4.41288
0.0213945
0.0225967
0.0221847
0.0221918
0.0292784
0.0227157
0.0315243
0.0222879
0.244552
0.0514604
0.0849305
0.0568384
4.66652
0.0218179
0.0343175
0.0217721
0.0221816
0.0217863
0.0218725
2.39128
0.0221433
0.0222299
0.0303359
0.277628
0.0452929
0.0217843
0.115403
0.322766
7.45919
0.0237493
2.78334
2.20179
0.0220098
0.0229762
0.0721577
0.0624361
13.3637
0.127853
0.0220857
0.0457171
0.0214605
0.145896
0.727239
12.7368
0.323793
0.0218446
28.3048
0.0216576
0.0217938
0.0241899
0.0529158
0.0378563
0.108601
0.035144
0.0214489
15.7181
0.0608136
6.54673
9.80243
4.7299
0.0275297
0.0229528
0.0223789
0.0223787
0.0219891
0.0243744
30.0182
17.6078
9.25973
0.306112
0.307125
0.0219905
0.0219149
0.0226203
0.0239132
10.2195
0.0226099
0.0222379
0.0217271
0.0217125
0.0215686
0.036558
0.0317081
0.0217083
0.0269297
3.09985
0.583885
0.0350438
6.97073
0.0218351
0.438796
2.89252
0.113603
0.0217847
0.0218629
0.0221972
0.841484
0.0256248
0.0277856
0.0430284
0.215707
0.0377538
0.0222868
0.0221478
0.0662058
0.0218489
0.103901
0.0241382
0.0283666
0.0216076
4.20921
0.0315477
0.0218971
0.785749
0.022286
0.118568
0.0218316
0.0220347
4.34472
0.0539288
0.0412593
0.021822
0.0217608
0.0216829
0.0215911
0.0219582
0.100313
0.533698
0.308376
0.0386295
0.0786777
0.0217837
0.107129
0.0222783
0.532038
1.77147
0.0252955
0.0218838
0.0216958
3.29786
2.09307
0.0234473
0.135694
0.0293382
0.0222265
6.13941
0.0221926
0.0931168
11.0072
0.022036
11.3483
0.0213926
0.0222271
0.0367769
28.7836
0.021594
0.0237542
9.4886
0.426018
4.16861
0.0216185
0.022221
12.3246
13.7467
6.29197
18.3465
0.0534323
0.0221964
0.0218066
0.0220225
0.0216741
0.0221564
1.34206
7.59054
0.585153
4.4421
0.0214954
0.0216157
3.48679
0.0277087
0.0221271
0.0217089
0.0221289
4.98824
0.0391205
5.73104
0.0222321
0.0219932
0.0222197
0.0362572
0.0248708
0.0227092
0.0239532
4.72438
5.70074
0.0229478
0.475104
0.021887
0.02213
0.115157
0.740684
0.0214105
0.112395
0.0219367
37.8766
0.0220466
0.661706
0.0222953
0.0353111
0.0217955
0.0222635
0.0227183
0.114038
0.0642228
4.82725
0.0218997
0.022199
0.0215077
24.8058
9.0362
0.0237861
0.126425
0.0786552
0.0227831
0.0250746
4.18082
0.0426491
0.0215282
1.35358
3.21124
0.116998
0.022274
0.0216597
0.0222137
0.022019
0.0460969
0.0222714
0.0221664
0.0250337
4.40197
0.022249
18.4967
6.45893
3.15209
0.0758961
6.65478
7.12127
7.30325
1.27105
4.6221
1.09267
0.0659035
0.139993
0.0217602
0.645844
0.0219722
25.3334
0.48387
0.0214488
15.7076
0.0425295
0.0216866
0.138187
6.30103
0.0217758
0.0633719
0.0217761
4.45979
8.613
10.3343
0.0220601
3.57149
5.088
9.41245
0.0526291
0.0416693
1.2789
0.0214653
4.74566
1.78408
2.94482
0.0219605
0.0246681
0.0216093
27.7914
0.0219132
0.728854
0.0355616
0.0279101
0.842477
0.0240041
0.022016
0.0219655
0.0220431
0.0221366
14.4538
0.0218899
0.0265306
30.0453
8.58002
0.142997
0.0225756
0.0341823
0.370817
0.0215193
0.0221209
0.0234232
13.4949
0.0242407
0.549645
0.0219177
0.0215966
0.0720502
0.0427106
0.037126
13.5338
0.0217112
0.709499
0.0249513
0.0220288
0.0489647
0.907784
0.0217511
14.905
0.0260104
0.657945
4.06442
0.167048
0.0218268
12.997
0.622132
0.0315596
0.0255703
2.54309
0.328526
0.0219076
0.0217084
2.74599
0.0216926
0.0215739
0.0225691
0.114818
5.75567
0.0215551
0.0361431
0.0713175
0.0794074
1.17649
0.0218934
0.0218642
0.0218718
0.0222658
0.574406
4.47366
0.0427235
0.0219536
0.0214223
0.125497
0.0220948
0.0242644
2.09959
0.0222358
0.0235643
4.24238
0.0218023
0.0220368
0.027165
0.0220079
0.0218993
0.370845
0.0716174
0.102949
0.0222112
0.0223682
0.0365832
0.0503794
0.021983
0.0405957
0.0214629
0.024419
7.77257
0.0222748
9.31335
0.021415
31.6817
4.58599
0.0217837
0.0273312
3.3082
0.0242143
1.03996
13.2404
0.022295
0.0362702
0.0218049
2.97411
0.928417
0.0220745
14.0748
0.0222977
0.0217902
0.38044
0.0966536
0.516973
6.07878
0.125876
0.0216572
4.88308
0.0218087
15.1362
0.0221348
0.100927
25.7394
0.0222453
0.0216989
0.0371431
0.0215127
0.416559
0.468255
0.0217598
0.0215881
0.0215903
0.0216221
1.52473
0.253264
0.0378342
0.740884
0.0272035
0.0258543
0.0235174
0.0278745
0.0281676
0.0215139
0.022121
0.0216312
0.0217457
0.0242797
0.09195
0.0222521
0.280405
10.2782
0.0216423
4.28559
0.0215797
0.745041
0.0222239
4.28812
0.864876
0.022162
0.237922
0.0222863
0.240726
0.689467
0.0218772
0.0222689
0.0849686
0.0299921
0.022225
0.0414835
12.9583
0.0222833
38.7341
0.0224648
0.0218166
0.166459
6.6742
0.0228613
0.0218597
0.025313
0.0219576
0.0388955
0.0215964
0.0218818
0.0214534
0.0222388
4.51421
0.026491
0.0222285
0.0217352
0.0251791
4.9613
6.10336
0.128696
0.0216462
0.241856
0.0408062
0.0214198
0.0218269
5.57058
0.0222508
0.0217494
44.7392
0.0296343
11.372
0.0225136
0.0441579
11.4619
2.22741
0.743457
0.0217653
0.0724516
0.0221627
0.0223441
0.0216407
37.3042
0.0539682
0.0216928
0.237472
2.37442
4.41565
0.0219935
4.23149
0.0221293
0.0218914
0.176942
8.77016
0.0258039
13.2706
0.0789846
11.2067
0.0216511
0.0293984
0.0686421
0.0218682
0.0222064
0.455758
0.0357551
10.7256
13.3792
0.021669
22.7999
0.0240707
5.61802
0.0221804
0.768135
4.10775
0.0816683
0.0222195
0.0219168
1.04137
0.0220715
0.0214807
0.162292
0.0301414
0.0219079
17.787
0.0219541
0.0217485
0.0221819
0.0221906
0.0214896
0.0217213
0.0216218
10.2778
10.7525
0.022271
0.0215681
0.0218086
0.0217442
0.0264972
0.021754
4.48404
0.0315832
0.672142
0.0288518
0.0269019
3.20228
0.0218271
0.0875985
2.98659
0.0247296
0.546402
11.1553
7.20241
0.0213933
0.022045
0.021721
12.7732
0.623934
5.32476
10.1819
0.0312971
0.0216632
13.5452
0.027873
0.0219756
0.021879
0.0219771
0.987016
0.0338757
0.348888
0.0218252
0.0220121
0.761793
0.0215546
0.0227245
0.021791
5.70731
0.021583
0.0218014
0.0716056
0.0222162
0.0221714
0.0241806
0.0935084
0.0357335
0.475139
0.0787826
0.0222461
2.59171
0.0314193
0.0217812
0.0220036
7.6459
0.0219825
12.2652
5.86194
0.0215743
0.444241
0.0218033
5.05284
0.504233
4.86889
0.0414939
0.206994
10.1779
0.0352024
11.1804
0.616609
0.0219037
0.0217618
0.0498412
0.067755
7.06019
0.0271195
0.0265134
0.0218834
0.022292
0.0216923
0.0310055
0.0438182
4.66068
0.0430314
0.02202
8.60979
0.0390167
0.0220756
0.0218984
0.021865
0.021534
0.0228366
0.0222314
0.0441856
0.031436
7.19075
14.425
2.35122
0.0216279
0.0218535
0.0374369
0.0259472
0.0217246
0.0250102
0.0216163
4.32465
0.0219538
0.0734277
12.1558
0.0222121
0.0220144
0.0218735
11.1445
0.0765689
0.053038
4.09288
0.0217045
0.0228927
5.4485
8.56235
0.0222309
12.6101
0.0222933
0.0450452
5.43224
0.0217788
0.0221475
0.021864
1.2285
2.85726
1.02448
38.2629
0.0222512
0.0220625
0.0219682
0.11023
0.0221501
0.0215892
0.0220321
0.0216296
11.5824
0.0222927
0.0222917
6.84027
0.412447
10.5621
0.0253746
0.0283432
0.0322022
0.190909
0.113717
4.76551
1.47422
0.479424
0.0217045
4.6918
0.0215802
0.0239706
0.0219677
4.58467
0.0214554
0.021775
0.0221048
0.0220671
0.518706
0.0224255
0.0222939
0.363007
31.8369
0.0218517
0.0217525
0.0678526
0.0216708
0.0219835
0.0217859
0.0218723
0.0338027
0.121209
0.0269779
0.285475
15.9276
0.0238773
2.68339
0.117766
0.0278948
5.42284
0.0216421
5.40994
0.845249
35.8967
5.31627
4.19756
9.82435
0.0330986
0.0219209
0.0227716
0.0218563
4.55548
0.0219032
4.3316
0.618264
0.0221816
6.90483
0.0661499
0.0217159
34.6115
0.112478
0.0214275
16.5157
0.0222961
0.0313251
10.3314
0.0231773
0.161347
24.1323
0.0215697
4.12223
0.789832
0.0220773
12.5978
0.0217037
0.0479402
0.0218987
0.021865
4.03759
0.0217628
0.0217964
1.00962
20.2687
0.779346
0.0219232
6.15982
4.11244
0.109983
4.56438
0.0216953
0.0218386
5.75919
0.0217405
0.0217333
0.0222112
0.0219549
4.46014
30.9858
0.0421818
0.0216149
0.0269434
0.0218828
11.6053
0.0221638
0.0238839
5.78825
11.367
11.3262
10.4718
0.282793
0.0218918
11.3573
0.0218374
11.3605
5.27962
0.135021
0.0221152
0.0219156
0.42091
0.0217025
1.89224
0.021766
0.0215163
0.0215711
7.39563
1.78344
0.0217658
0.0214058
0.164938
11.3086
11.2849
12.2411
0.0218286
12.1869
0.0245377
0.0220757
0.0299564
10.8747
0.0219308
0.0222698
0.0219221
11.0989
1.66782
0.021883
0.0220764
7.84593
0.0684193
3.95282
9.38441
0.239988
0.257214
0.0530932
0.021918
14.3687
0.021785
10.6154
0.0219715
0.852759
0.021817
0.0451106
0.211352
0.600924
11.2416
0.0218944
0.101682
0.0243077
0.021946
0.0480362
0.0219007
0.0401477
0.0219878
0.0218672
0.021842
0.0461988
0.0250751
0.0214053
0.0220304
0.0217062
0.0900027
0.0219838
0.0530779
0.0216616
0.0222638
5.54052
0.022786
0.0651461
0.102804
0.0217389
0.0217765
31.2176
0.10071
0.021658
10.3361
0.0216424
0.021917
11.0104
0.0214009
0.0222004
0.0386558
0.0221316
0.15956
0.405164
0.585643
0.0808851
0.0221421
13.0723
0.0222944
0.0220675
0.13388
0.0235823
46.6023
0.0219029
0.0215236
0.0219858
30.0044
35.5464
0.0217678
0.026971
0.0222485
0.0560401
0.0216737
0.0218264
7.27452
0.02225
0.0217742
2.93573
0.0221227
4.701
0.0219385
2.39831
0.0219447
4.90094
0.0910926
0.0218956
0.0219492
0.0222507
0.0221387
13.8034
0.0336523
0.0492823
5.83355
7.77308
0.0217814
0.0221982
10.6098
0.0881156
0.0221026
0.0217238
0.0219276
0.0503136
0.0362997
0.0937372
0.0262873
0.0216625
0.0219765
12.6856
0.0219374
0.0218433
0.0234802
0.0280828
0.0218839
0.0217272
0.0234542
0.0399623
0.0216207
12.1654
0.0217268
0.232283
0.0214057
3.9649
0.0215305
0.0230682
0.371378
4.09064
9.39692
0.631453
5.4445
0.0219347
5.97041
0.0216733
0.0216456
0.0368447
2.09865
14.0663
0.0215779
4.50515
14.8919
4.31924
0.0222639
0.0216029
0.0216373
0.0220279
5.69531
0.10132
0.0661949
0.326025
0.0217866
0.0214167
0.0216013
0.021766
0.181499
16.3034
0.0219583
30.4451
0.115711
0.236367
0.0553578
9.92434
3.37176
0.0217248
0.0219911
32.19
15.3194
6.05333
0.0221803
0.152523
11.4495
0.0215132
0.0221933
13.1536
0.0215633
0.117117
0.114365
0.0224234
28.17
0.0219271
0.0657372
14.5624
0.0263665
3.37128
0.0219289
2.69508
9.56656
0.0217131
30.1005
0.0216705
0.0260345
0.0218999
0.697745
2.93308
0.0268946
0.0215035
15.6879
0.0222875
0.0214326
0.0218721
0.0268367
2.64519
0.0214628
0.0226932
0.0217549
5.93604
10.5457
0.0224702
0.14407
0.483268
0.11332
0.111151
0.0220185
0.0428852
0.0267611
39.3922
0.0234186
0.0231784
8.22955
0.0318398
0.110327
0.0264083
0.0219378
0.291264
0.0217228
0.021988
0.0217356
6.16575
0.02192
14.0633
0.0221265
5.19537
0.0218214
0.031652
2.43471
12.6767
0.0216838
0.0222619
0.0218628
7.11075
0.0216355
4.56913
0.155352
0.830698
0.0219472
0.0214821
12.4614
0.0885357
28.0677
0.0303695
23.0292
0.0286967
0.0219203
0.021944
0.067855
5.21979
0.0218694
0.0287097
0.0218819
0.366447
0.0217615
0.112581
4.06876
0.0216832
0.0214139
0.0742246
0.0217649
0.296247
20.6519
0.0222243
0.391085
0.259419
0.045096
0.0215748
0.0217668
0.0397725
0.0367939
0.0250609
0.0502424
0.289179
0.0217174
0.0267662
0.0457601
0.0217677
0.512504
0.0223569
2.84168
11.3726
0.022106
0.0223658
3.55977
13.119
9.70582
6.01871
0.0217249
4.18436
0.574174
0.0216155
0.0260498
0.0216726
0.0218772
0.0215877
0.0220029
0.0221987
0.0406915
0.0215636
0.0224941
0.0271364
11.3782
0.0217957
6.00727
0.423202
0.0216244
0.0220892
0.0220638
0.0220945
0.537735
0.540569
0.0218957
0.0218153
0.0219541
0.0222689
0.021963
0.02391
0.0217269
0.315074
0.507718
6.22893
0.0268651
0.0217581
0.0261657
0.0236281
0.0220029
0.114336
0.0222456
10.1298
0.0294411
0.181462
0.0222876
0.0216943
5.89494
0.0219183
0.0480113
0.022059
0.122736
0.0745054
0.0864396
0.0221744
0.0238012
0.613814
0.0216875
0.0222154
0.0232542
0.0219439
0.0217203
3.15931
0.492744
0.0217344
0.0217714
2.8025
0.116299
0.0218383
0.0218835
0.0514626
0.0222584
0.0264124
0.272428
0.658778
0.0226979
0.0511448
3.6171
0.0219101
0.0221935
0.0219394
0.0216066
0.0217485
4.41809
11.3274
0.522758
0.0239112
0.0365232
0.0219039
0.0222593
0.0256186
0.662624
0.0485146
0.0258974
0.0536301
0.0741337
8.78877
0.0219951
0.55554
0.0418898
0.505953
0.0346975
0.0216149
0.47539
7.84591
0.0326673
11.2239
0.948107
0.0216857
0.0511042
5.86731
0.021528
0.0222327
12.0418
11.7743
0.0214485
0.0217966
0.109529
0.0215699
0.496551
0.0216443
0.0217294
0.0220966
5.09584
0.028657
0.0742823
0.660591
0.0756361
0.0284361
12.7486
0.0216321
0.0215478
0.021887
0.158137
0.695148
0.0478787
0.023872
0.0217722
0.0217398
9.8644
0.0219151
0.0219173
30.3636
14.1412
0.34713
0.0219196
2.98936
0.021799
0.0220466
0.249437
0.404645
0.0219592
0.703244
0.0219138
0.0224288
0.0261742
0.0231402
0.0218006
0.0215345
3.99973
11.3428
0.0216961
0.0216177
0.159215
0.0296596
0.0218772
0.0257923
0.0220999
0.021795
0.0389169
0.0216079
0.0220551
13.8057
10.1126
0.0254022
0.0218586
12.3336
0.0213916
0.0217118
4.79137
0.0220225
10.6077
0.191116
0.0257629
0.726815
0.0218973
0.0218272
0.0218779
0.0217708
0.222475
0.0271117
0.0219177
0.0216172
10.8211
5.12655
0.0217396
3.3644
9.87222
0.0219006
20.8008
12.2424
0.0253543
0.0220131
22.9698
0.0220204
0.0217331
0.021845
0.021812
0.0220666
0.07842
0.08607
11.3569
0.0218569
7.21555
0.822346
10.8503
0.021878
0.328166
0.0217103
0.0272134
11.7329
0.0219082
0.0704164
10.5148
0.0251215
0.0381756
0.104822
0.0214226
0.0216764
0.0473066
0.0219985
11.265
0.498306
0.0218946
0.0219429
0.0266562
0.0221485
0.0412989
0.0219769
0.301021
0.0218557
0.0217829
0.0572094
0.0308596
10.0577
0.109837
0.0226576
2.46734
0.0820672
0.167803
0.0222135
0.755101
0.418154
0.0221096
4.1593
33.9952
0.0216225
0.0222945
0.134804
0.0996442
0.021779
0.0413044
0.750925
0.0214339
0.0218928
0.0421423
0.0222186
0.0528363
0.0217504
0.713722
1.01641
0.0389121
0.426408
0.0214875
0.56194
6.54949
2.67573
0.0307559
0.0216069
0.0224129
0.0968095
0.0220834
0.0216262
0.022249
0.17409
0.0219137
0.0216225
0.0222665
0.0214349
0.0222528
10.0033
0.260312
0.0222005
0.0218059
0.0217515
0.022026
0.182204
0.315621
0.793802
0.0707275
10.3851
0.022016
11.8448
0.488432
0.02606
0.0218458
0.0360709
0.0220188
0.0219144
0.0214558
0.0779279
5.14978
0.0218428
0.115075
0.0848287
0.0320344
0.0221471
7.58563
0.0221596
0.0233982
0.106616
0.340297
0.0222234
0.0219536
0.0215233
0.0226344
5.6157
0.0221508
13.7405
0.0218715
0.0218863
1.27111
0.0222684
0.0219498
0.0222358
9.37189
0.0222176
0.103247
0.0299339
13.7091
0.102019
3.39902
0.0218719
0.0222923
0.0216876
0.021798
0.0264357
0.0220964
0.0218941
11.9497
0.0222855
0.0219436
8.05027
4.62961
0.0218149
0.0559274
0.0215962
0.0214527
0.022735
0.0216315
0.375652
16.7579
0.0214098
0.0221618
0.0697628
14.3046
0.0220257
0.0505381
12.6299
0.0220713
47.6891
0.0224309
4.42544
0.0222231
0.929205
8.38778
0.0216809
4.04744
0.0231594
0.0216373
0.0218094
1.02744
3.54351
0.0593519
0.0221724
13.3161
0.0219955
0.0223513
0.0219274
13.268
0.0903636
0.0416083
10.1371
0.0217832
1.16386
15.0557
11.4688
10.464
0.0344663
0.0334277
11.0549
0.0219868
0.0224135
0.0694084
6.05151
0.0214199
0.0222853
0.021898
0.0219466
0.0219083
0.0283288
0.393613
0.0218248
37.9328
0.0219046
0.0226937
0.0219333
0.0459508
6.11877
0.0221653
0.0217138
0.0503586
14.1804
0.982464
11.0628
0.591891
0.0218669
0.0218455
0.0214734
0.38138
0.0222656
0.0218443
32.0581
0.021894
0.100965
12.0722
0.0219493
11.0156
4.93957
0.789067
0.0436571
0.109099
17.4195
0.270782
0.0218997
0.0216392
0.0332597
0.0221121
0.0443853
46.7331
12.5857
0.0273587
7.28175
0.885925
14.2289
0.0214277
0.0221802
0.0219336
0.0216821
0.0218565
4.70132
5.44492
0.0218312
3.41733
0.0218316
0.021875
0.438264
0.0217732
0.581071
4.29691
3.622
0.0217251
0.0218583
0.0222469
0.0222439
11.7352
0.0219669
0.0253792
0.0219616
0.0988169
0.0234524
0.0219715
0.0219377
3.88433
0.0216082
0.485157
0.0218139
0.794906
0.0220302
0.0219483
0.0223699
0.358793
0.021673
0.0217438
9.02478
0.0218769
0.0360367
0.271521
0.516538
0.0354033
0.0217529
0.021895
0.682865
0.0275018
0.0216687
0.0882948
0.126448
2.6899
0.0219644
0.0219195
0.0219235
0.0217438
0.021933
0.0222011
0.468222
0.022498
13.7618
1.19859
0.0392459
0.0222699
0.0218427
0.452499
10.1558
0.0217086
0.0218687
0.0847472
0.0222744
0.0226012
13.4368
3.59957
0.0218849
2.03636
0.0221632
7.65311
0.0215891
0.0220167
0.0218951
0.454208
0.0215858
0.0218808
4.71204
0.021847
0.0324844
0.064946
0.0219094
15.8769
0.0260773
5.85007
4.05587
0.021891
0.0222534
3.6935
0.0218128
0.0218392
0.0219726
0.0278925
0.0220715
12.2506
24.3307
2.94736
3.6608
0.0215825
0.460991
0.0218542
5.73575
0.0256569
0.0259336
0.0217143
7.77565
0.0220574
0.0222894
10.0621
0.0217215
0.036833
0.0330901
0.022279
12.4432
0.0217282
2.9933
0.0265736
0.0219784
0.0218407
0.0214267
5.1175
0.0217398
4.04293
0.0222668
0.023651
0.0232198
0.0249238
8.24377
0.0220899
0.0234814
0.149311
0.0484128
0.137059
0.021935
0.0218585
15.1112
0.0214075
15.7824
0.0267675
0.0218557
0.0218993
11.5822
0.354409
0.0217576
11.1297
0.0218049
0.0226191
0.0217913
0.0508081
0.022853
0.04672
8.91586
0.0218895
0.0217079
0.0219122
11.9316
0.0218763
0.0220882
4.96831
0.0218727
0.127955
0.0217073
0.026171
0.0219349
0.0220394
0.0221078
0.191683
0.0279729
0.0218003
0.116464
0.0221024
3.46787
0.0219001
0.127655
0.021875
0.0218719
0.0219178
36.8761
0.0256137
0.0220837
0.296747
0.0217919
0.0262471
0.0222387
0.0237695
0.022273
0.0218901
0.0217571
11.6837
0.021975
0.0218014
5.91321
0.0220026
0.0217586
0.0218784
1.15165
0.0222055
0.049996
0.0272295
0.430987
0.0222117
0.0425425
0.0217175
0.0222966
0.0266023
10.0332
0.0222926
0.0216623
0.021912
0.151891
0.575688
0.0222865
0.0218298
0.0217056
6.79924
0.0216043
0.0326615
0.0393374
1.03008
0.0222948
0.0215741
0.730398
0.0221198
0.0473592
0.0281994
0.0214321
0.0379104
0.0219796
0.0268155
0.0214583
0.0217464
0.0219156
10.7807
0.0220106
0.21565
0.0216554
8.88881
3.88087
0.215213
0.0220086
0.727636
0.346049
0.0272646
0.0218892
0.02666
39.0129
0.0218237
4.0882
0.0222557
0.12867
0.0242332
0.0222149
0.124101
5.63447
0.0218054
0.0231895
0.0219204
0.0315367
0.0218426
0.0216976
0.0220404
0.856965
14.3622
0.0222912
0.0219234
0.0216775
4.32369
0.0218462
0.115136
0.0218462
5.79009
7.69855
0.39617
0.0403169
0.0222519
0.0220891
15.2015
0.0216733
0.0344663
0.0222661
0.032762
30.2651
7.07193
0.0222869
0.0216012
0.0296178
10.4592
0.058651
0.0218064
3.74505
39.6254
0.021539
0.541195
0.0214887
0.041796
0.0218453
0.0221272
0.0222856
0.0328904
0.0218779
0.0214819
11.5623
0.0234726
0.02224
4.63427
2.70778
0.0220318
9.38422
0.022099
1.0281
0.0228748
0.0214957
0.0215683
0.0220147
0.0246946
0.330596
0.218535
0.0220041
0.022346
6.62628
0.0220414
0.0216061
0.0218539
0.021905
0.337822
0.021919
0.0215937
0.0216197
10.9691
0.0222667
0.0218982
0.0216371
5.21953
0.0221637
0.324351
11.7042
0.0219063
8.83178
30.7478
0.0221659
0.0502881
0.114297
0.0214942
0.0216821
0.0223398
0.0219191
0.431534
0.0254668
0.0218255
0.0216305
0.0218866
0.0220278
0.0216096
0.0222293
10.6831
0.0215602
0.0218309
0.0244004
0.021842
5.07632
0.0218703
0.0220541
0.0219696
0.022143
2.45321
7.05662
4.27579
3.38671
0.022036
11.0224
0.0218252
0.0215902
0.892406
5.89193
0.0222141
0.0219076
0.0738038
0.122272
10.8259
14.1677
0.0420674
4.09868
0.0224512
7.25359
0.0219009
0.0239938
0.0218536
2.95152
0.0218772
14.1688
0.0222535
0.0234649
0.0221463
0.0221967
0.383103
0.0215909
0.0214604
7.46767
0.0505243
0.0222464
0.0215403
0.0215828
0.0221697
0.022255
0.0220522
0.0218703
22.981
0.0217895
0.0219273
0.0222548
0.0215908
0.0215701
0.0345134
0.0222971
0.0364773
0.0221646
10.3681
0.0217119
0.0963027
0.0631124
0.0217801
0.891017
0.0214388
6.00138
0.0220443
0.0220188
0.0218403
0.0215593
0.0978314
0.0218387
0.0220598
0.0215645
4.73098
0.1611
0.0220244
0.022271
0.729415
3.15408
52.0714
0.34153
0.605145
0.0218052
0.0218448
0.0289151
0.0218119
42.9247
0.022258
0.0889852
0.021831
0.0222472
0.0273815
0.0214757
0.0222506
0.0384572
0.459905
0.0216286
0.0215491
0.0222091
0.0218791
0.0216662
0.021651
0.0219291
0.0218608
0.0284893
0.0440599
6.7037
0.398418
50.055
0.0215584
6.60744
0.0218302
0.13199
0.992879
0.0220328
3.64411
0.0218521
1.42336
6.98371
0.0691064
0.0218421
19.6015
0.0234172
0.148975
0.0223174
0.0284831
17.2059
2.92854
0.414139
0.0236444
20.0783
0.245862
33.8547
0.0259747
23.3879
39.8902
13.2935
0.0216313
0.0222742
4.0754
0.0214471
0.0219368
0.431297
0.0219072
0.0220935
0.0347726
16.8171
4.05916
10.8665
0.021857
0.0218218
0.0222075
11.263
5.53448
0.25184
0.0245571
10.7333
0.0218878
0.0269117
2.7116
0.0237953
0.240475
0.0222204
0.022234
4.18591
0.021803
0.816275
0.0218624
0.022282
0.0404915
0.0217869
0.0231546
0.0759832
0.0222666
10.2064
0.0218749
0.0214515
10.754
0.0221199
0.0219087
2.75752
0.0807121
4.54558
3.85359
12.5912
0.0218272
0.107147
7.50879
0.0940635
0.0255685
0.0218317
10.8326
0.0217566
0.0220556
0.14958
0.081117
0.0398131
0.0220074
0.0222309
0.0218192
4.07481
0.0457667
11.8216
0.0222711
13.6289
0.0218636
0.0411776
0.0233886
0.0216132
0.210438
0.361171
0.0313742
0.131299
7.74412
0.0222725
0.0231765
0.0259793
0.0301091
0.0218728
0.026256
0.0260139
0.115141
0.0215183
13.5718
9.70822
0.0218754
1.66354
0.805653
5.27177
0.022271
0.0215484
6.32047
0.0219251
0.461283
0.0222308
0.0222723
3.5044
0.0231606
0.0216503
28.8481
0.0248902
0.0728981
0.0218875
4.82307
0.0504976
0.0980351
0.0288056
0.0222838
0.120721
0.0221274
28.5667
0.0249697
0.373218
0.539552
4.16763
0.148692
7.28404
0.0230241
0.0753204
0.0343551
0.662923
18.8396
0.0217846
0.424328
0.0220467
0.0218877
0.902966
0.0625058
0.0215364
0.0688151
1.61993
0.491176
0.376928
2.98846
0.0676224
0.0222634
0.023456
0.0216889
10.2212
0.0218235
2.88095
0.499791
0.0227435
3.92058
7.68492
0.0216466
2.45263
7.89182
3.65608
0.0219695
0.0218756
0.0221007
0.0394903
0.022273
1.5913
7.272
0.0390686
2.70931
0.0221939
1.07586
4.16482
5.18966
0.0218629
0.380988
0.0243648
0.104812
0.0301167
0.241522
0.0359846
7.06913
0.022248
0.0218182
0.0215965
0.517349
3.2266
0.0218961
10.5114
0.0663518
0.0919037
0.0218583
0.113069
0.0221602
1.05154
1.75026
5.49273
0.133759
10.6794
0.0674385
4.46971
0.0876344
0.0220875
0.463994
0.0218228
0.0416404
0.0219367
10.8557
0.0216438
0.0245796
10.7645
0.0448589
0.0416101
0.0724746
14.5229
17.7618
3.18247
5.58089
0.0377104
0.0219071
0.0216248
0.0400798
13.3207
6.56617
0.0272492
0.0258428
0.089774
0.0397293
0.122985
0.4111
0.0926119
0.0462801
0.0564116
0.490173
0.0215274
10.3886
0.0217402
0.0222806
0.132802
0.0267323
6.85276
29.2581
0.126551
0.406299
0.448975
0.0218583
4.38617
5.60434
0.0383887
0.0268346
5.69141
0.0364469
0.0439249
3.11137
0.949677
0.0218952
6.2632
6.70669
0.0216806
6.1475
0.022099
0.0215318
0.0214441
0.0296328
0.505032
6.2614
0.446128
0.0448145
0.0421366
0.0380777
3.66646
)
;

boundaryField
{
    frontback
    {
        type            empty;
    }
    topbottom
    {
        type            fixedValue;
        value           uniform 0.0223;
    }
    outlet
    {
        type            zeroGradient;
    }
    inlet
    {
        type            fixedValue;
        value           uniform 0.0223;
    }
    walls
    {
        blending        binomial2;
        n               2;
        beta1           0.075;
        type            omegaWallFunction;
        value           nonuniform List<scalar> 
120
(
24.2307
42.372
39.0413
45.8554
29.7226
26.2421
30.1095
27.1642
26.6267
10.2644
41.2951
41.4912
23.8049
30.524
45.3456
34.6103
17.0567
15.0039
17.5404
39.2983
34.7322
14.7803
43.3226
36.5198
45.3957
15.4704
38.453
9.04378
21.3267
8.42682
8.61724
8.62366
7.37971
7.17995
37.9713
39.266
18.1023
14.9904
29
30.9039
29.0948
16.1538
35.5401
40.2632
12.1635
30.3012
28.3201
25.4949
46.723
25.7614
29.1738
14.5805
44.1236
38.1509
28.0461
46.7487
15.0499
17.7763
15.1361
6.26914
6.99283
31.4947
16.5895
37.3557
26.4181
7.90256
7.65041
8.44844
27.5452
34.5639
30.3369
27.1465
42.456
44.6714
19.6187
21.3415
27.9831
17.7311
27.1975
7.32271
8.70601
11.1148
6.36755
45.6706
23.0789
24.4856
7.79367
29.0651
8.70131
21.4032
15.9486
8.43938
13.9613
8.82191
9.12759
9.31335
31.6817
44.7392
37.3042
35.8967
34.6115
16.5157
20.2687
46.6023
28.0677
30.3636
47.6891
37.9328
12.0722
46.7331
12.5857
22.981
52.0714
42.9247
50.055
19.6015
20.0783
33.8547
39.8902
13.2935
)
;
    }
    procBoundary0to1
    {
        type            processor;
        value           nonuniform List<scalar> 
80
(
2.71926
0.0286956
0.0217677
2.91878
0.0216184
0.0234039
3.3511
0.0224967
0.0224967
0.0228277
0.0214476
0.0229966
0.0276586
0.0265762
0.0394526
0.0213762
3.35563
3.17106
3.10159
0.0222427
0.0265762
0.0215639
0.0213867
0.0256403
0.0350219
0.0215274
0.0214185
0.0214294
0.273822
0.607203
0.0222427
0.0213802
2.61774
0.0214025
0.0216804
0.0214112
0.021392
0.021392
0.0214992
0.0246793
0.021398
0.0213744
0.0350219
0.0213951
0.0726335
0.0726335
0.0314557
0.273822
0.0214046
0.0213731
0.0214619
0.0214778
0.0213951
0.0962148
0.190951
0.0220486
2.77718
0.0314557
0.0214058
0.190951
0.0557981
0.0239862
0.0467262
0.13621
0.0213739
0.0213892
0.0213867
0.0227788
0.0218279
0.13621
0.0213892
2.48385
0.0962148
2.93674
2.02534
0.0416963
2.62871
0.607203
0.0217477
0.0219263
)
;
    }
    procBoundary0to2
    {
        type            processor;
        value           nonuniform List<scalar> 
165
(
13.6566
21.3714
24.6775
0.14066
0.0220273
7.59642
10.0415
14.8641
20.7517
14.086
21.3714
0.026573
0.0276687
0.0219652
0.0219909
24.6775
0.0219723
5.2392
8.10873
0.0248449
0.0225081
0.0223826
0.11209
4.59497
16.3415
0.0223826
0.105802
14.6258
4.2199
0.02265
7.60949
0.0220774
5.56765
5.25959
5.56765
0.0219208
11.4861
0.021933
0.0659654
0.0659654
9.28743
10.5049
5.33143
0.0221101
0.640489
0.358129
0.0218959
7.52559
0.041817
5.879
0.640489
0.022087
6.26698
0.0241778
3.50661
3.63494
3.37568
0.0236889
0.0233955
0.0221201
7.82893
0.358129
5.35283
0.021913
0.0220474
0.0220561
7.20158
8.23306
0.0219004
0.0512096
0.0221137
0.0230806
0.0218935
0.0219387
3.33648
0.0222937
0.0388667
0.0219535
0.0221434
0.0222669
0.0219535
0.0220635
0.0463436
0.0573444
0.0219004
0.0262755
0.238799
14.5379
0.0218938
0.0219151
5.03383
0.0219999
5.35283
0.0221892
0.0296199
0.0221789
0.0252442
0.0808388
0.0463436
0.0219197
0.0307398
0.0222142
7.48479
3.22843
0.0219588
0.0362992
0.021939
5.03079
3.22186
3.14281
0.0222663
0.0221543
0.0219041
4.02443
17.0194
16.4439
14.2264
3.29275
5.00598
0.0228665
17.5591
0.0340244
0.0362992
3.14766
0.0218946
14.931
16.985
16.4932
0.0220168
0.0323981
0.0219008
4.84254
0.0222524
15.9062
0.0276687
16.718
0.189629
0.0808388
0.0219856
0.0220183
7.21556
0.0221901
9.39257
16.2273
20.4159
7.57977
4.61547
9.33181
14.7161
7.80396
8.36368
19.7587
16.1195
8.50811
6.72252
17.7798
2.25815
0.0285846
9.30341
35.07
0.0222256
6.49754
1.25772
14.81
18.2567
)
;
    }
}


// ************************************************************************* //
