/*--------------------------------*- C++ -*----------------------------------*\
| =========                 |                                                 |
| \\      /  F ield         | OpenFOAM: The Open Source CFD Toolbox           |
|  \\    /   O peration     | Version:  v2012                                 |
|   \\  /    A nd           | Website:  www.openfoam.com                      |
|    \\/     M anipulation  |                                                 |
\*---------------------------------------------------------------------------*/
FoamFile
{
    version     2.0;
    format      ascii;
    class       volScalarField;
    location    "150";
    object      omega;
}
// * * * * * * * * * * * * * * * * * * * * * * * * * * * * * * * * * * * * * //

dimensions      [0 0 -1 0 0 0 0];


internalField   nonuniform List<scalar> 
9793
(
0.0221837
27.251
0.0219222
5.88843
0.0222596
0.257551
0.0814559
11.9468
0.0219337
23.9651
0.0221975
0.0221883
0.0219114
6.11954
0.0217055
0.0246095
0.0539051
0.0219182
4.21213
0.0215319
0.0215644
0.0222916
5.91761
11.8392
5.80833
0.0255507
0.0220988
0.022262
0.0215424
0.082242
15.9207
0.456718
0.0220126
0.0219346
0.0218634
0.0273462
0.0233199
0.0241396
4.10602
0.030024
0.0706507
3.67925
14.2002
0.0222715
0.021953
0.0220421
11.8504
0.0222842
0.0215692
0.0219253
0.0269952
0.0218466
0.0370152
0.0222684
0.0313306
5.44691
0.0219214
0.0980801
0.0215776
0.0222913
0.0259056
0.0880437
0.0219396
0.0333987
0.0219624
0.0218872
42.2757
0.0235135
0.0235869
11.5104
0.0219005
0.0927165
12.0767
1.34806
9.63863
0.0222624
0.0425123
10.1861
0.0219767
0.0222704
0.0455845
4.34181
0.0517534
0.0233603
0.0236471
0.294678
0.022261
0.0751413
4.17955
0.0835111
5.23523
1.9015
2.08369
0.0401013
14.3398
0.02189
9.77523
0.0500906
0.0240942
0.0222683
5.40158
0.0351532
3.51528
0.021959
7.30153
10.6797
1.40194
0.0218736
0.0219816
0.0222835
0.0222334
5.42507
3.0082
14.297
0.0218874
0.0221116
0.0229738
0.0220499
5.23944
0.0220279
6.12674
0.0806578
3.99529
0.0426152
0.0233644
0.0220333
0.0619568
13.3082
0.207965
0.216589
0.0230055
0.0217848
0.0221158
0.0228407
0.0262937
0.163905
0.476297
0.0230119
0.0222734
0.0624519
5.66962
0.0265167
0.0218676
0.0572909
11.3922
0.514052
0.0220335
9.92927
0.0217799
0.0220281
0.0220692
15.793
0.0236614
0.0220911
0.0218939
1.64112
0.0577902
0.0219337
0.583991
0.0218741
0.0695732
0.0231063
0.0215734
0.297137
0.0218011
9.27774
3.1979
0.0219267
0.021875
0.0222176
0.0218776
10.5241
27.2188
4.92612
0.0219046
0.227155
0.126203
0.600431
0.0219595
0.02343
7.82113
12.6883
0.0891699
0.0220347
0.0220715
0.0218682
2.6619
11.6577
18.5075
3.60998
0.0218456
26.105
0.403772
0.0245078
0.0215727
0.0228862
1.9835
0.0215737
0.0219155
0.0222052
0.0219132
0.0215491
0.0280207
0.0239593
4.21951
0.0218921
0.0273094
0.0219213
0.0221683
0.392554
0.0598597
7.32022
0.0216167
10.9211
0.0233835
0.0379748
0.0217141
0.159732
0.0221208
0.0469977
0.0542303
0.0215545
1.52839
4.75208
0.0382076
0.0218714
0.0524546
2.37204
0.0462646
0.0468747
4.7161
0.152453
0.0358908
0.0341811
0.338132
0.021492
9.49249
12.6559
0.021582
0.0222226
2.5869
0.0218649
0.0222311
0.116652
0.127579
0.021884
0.0234447
0.0284003
0.0361827
0.0234426
0.021966
0.04288
4.53825
0.0215565
4.93565
0.0222617
0.0221711
0.0216386
5.38615
0.0219726
4.23155
6.71416
0.022103
0.0221309
4.83487
0.0217519
0.0222395
0.0217149
5.46756
0.239894
0.0241578
0.368638
0.0921059
3.39836
6.82976
0.0219557
18.4916
0.0222641
2.37832
9.6928
4.30002
6.1961
0.145718
0.0230053
0.0469142
0.0237009
0.0215797
0.0219572
0.390468
0.0257068
0.0221398
0.0222838
0.0216135
0.0215648
0.0215633
6.12502
0.0218638
0.0217082
0.0216861
0.0219137
6.7503
0.499351
0.059479
0.0225473
0.0587384
0.021759
0.443788
11.7307
0.0219653
9.33392
0.0315979
0.0219461
39.0352
0.440044
0.022021
0.045283
14.9825
0.0220148
0.0320279
0.0217035
0.0220823
2.6739
0.0388428
0.0219457
0.0220217
0.0224471
0.159139
3.30533
0.0219267
0.0218666
0.0216332
10.8938
9.76708
8.6862
0.0214976
0.0409758
0.0325627
1.79914
0.0735808
0.0214695
0.0215109
0.0216374
0.0454581
0.0219702
9.82468
0.0220868
0.0217619
1.21362
6.27204
7.34728
0.0216141
5.31746
0.0239661
4.32546
10.5155
4.64971
0.0230836
0.0309059
0.476043
5.24425
5.43982
0.0254203
0.0222632
0.024517
0.0215461
0.0218467
0.0219552
0.0220805
0.022292
9.83233
0.022207
0.0623796
0.029637
0.490295
0.0214649
0.0234312
6.45637
0.447804
5.88348
0.071177
0.0217659
0.0231481
0.0219263
0.416938
0.0215522
6.38042
0.141139
0.0814055
8.77863
2.87582
0.0221375
0.0218733
0.473191
0.390001
0.0218921
10.3839
0.0221312
0.0221772
6.88086
0.0216146
0.0997958
0.0215013
3.12605
0.022092
0.0218038
2.30695
0.086788
0.0510659
0.0245301
0.0220739
0.0218036
4.91069
0.0499489
0.0215076
0.0221961
0.0327044
0.0325345
0.049579
11.9788
0.0221972
0.0219308
0.356088
0.0220808
4.42315
0.591924
0.0220634
0.0220181
0.0219415
0.0221161
0.0216198
5.50727
0.0473796
8.78332
0.0275689
0.0224713
0.0427831
0.0238875
5.20052
0.0252494
0.0222677
0.0235151
0.44453
0.02188
0.0218746
0.0219027
0.0215555
0.0219856
0.0217321
0.0220441
0.0221579
0.02255
0.023687
0.116333
0.0217548
1.53171
0.0247299
0.189284
7.15136
0.0215888
1.10533
0.0805211
0.0215835
0.0215549
0.0218691
6.7871
0.0935972
0.0215509
0.0221202
0.0221987
0.0612474
0.139889
10.3402
0.0219758
0.021895
0.0299323
11.939
4.49394
0.023161
0.0225676
5.09656
7.87088
0.20766
0.0220563
0.0217734
4.23109
0.0218931
0.124666
0.600213
0.0215004
0.214983
0.0261736
5.10421
0.021807
3.86197
0.372292
0.0242653
4.31068
0.0218927
1.55436
0.0220935
0.0218712
0.0222231
0.0219342
9.44577
0.0218838
0.0215765
0.0225289
0.0215062
0.021773
0.0449378
0.0224663
0.0329147
0.0220343
0.0220382
5.76616
0.0683216
0.0231168
5.0408
0.0233804
0.0220629
0.0219774
0.0216172
9.05446
0.0215668
0.0220689
16.3935
3.86797
0.0373321
0.0219195
0.022284
0.0218928
0.0222407
4.84054
0.0220568
3.51762
0.0231379
1.95357
0.0222619
35.5432
0.022013
0.205749
0.0219003
0.102445
5.66946
0.0221023
3.22956
0.021874
0.0222182
0.0215588
7.174
4.3275
0.0218742
0.0269665
0.0215555
4.81722
0.0216855
0.0436582
3.92986
0.0243539
0.022026
0.0425563
0.022245
0.0219162
0.021655
0.109225
0.0219548
4.86792
0.0220517
0.0219782
0.0375807
0.0693553
0.36421
0.0217048
35.389
0.0218673
0.180756
0.0218909
0.0218864
0.0218891
0.0220496
0.022268
0.188557
0.036637
4.43936
0.12224
0.0331713
0.0323644
5.28041
0.0230727
4.77798
14.8072
0.231555
12.6881
0.501442
0.163469
0.0219163
3.38816
0.0368869
0.0218369
0.31118
0.0222508
0.382268
0.0341829
0.230585
0.0264086
6.52681
14.7857
0.0349769
0.203072
0.0222168
0.536719
0.0224999
0.0219041
0.0219614
0.0224886
0.0457236
4.67265
0.240081
12.3665
0.0228516
0.0229735
5.14265
0.291297
0.0224202
0.0644126
0.0221884
5.00292
1.4799
0.022058
0.0594265
0.219364
15.6214
0.0219572
0.0248747
7.1679
0.0272796
1.92699
0.106465
0.478219
0.0247949
0.0231816
0.0217829
0.0218966
0.270155
0.0222841
0.284296
0.152032
0.078253
0.0222595
0.0222238
0.0226061
0.0217216
0.0218277
0.0218691
0.109776
6.27917
5.2023
0.0222796
0.317591
0.0219464
12.9764
0.0471803
0.043937
0.0322323
0.349967
0.0217388
0.0220602
0.0402868
0.0218915
0.0218599
0.0623544
5.50278
0.0215466
0.243365
4.2199
0.0236546
2.53405
4.25053
0.0217377
0.0549566
0.0251317
0.0218439
0.0215607
0.0918337
4.27173
12.4973
0.0218874
0.0220156
0.0216152
0.0231781
0.022488
0.0232373
0.539288
0.0469736
0.0221516
4.81351
0.0281825
0.0316286
0.0218296
31.4277
0.0228659
0.0219163
0.0810826
2.09473
0.0215067
0.0220493
0.0219343
0.0238812
0.0217341
0.0360938
0.546068
0.0220287
0.109427
0.0222997
0.0217975
0.380726
8.0322
0.24778
0.022074
0.0215093
0.488118
0.024941
0.369944
0.0214895
0.0218716
13.811
3.63664
0.0290221
0.106926
0.0577865
0.0218672
0.0222717
0.0218287
15.2874
0.0220568
0.0222928
5.19516
0.0262798
0.355906
0.0308914
0.021931
5.91448
0.0222678
0.0218885
0.0218263
0.0291396
5.95195
0.0221628
0.0219649
0.0218888
0.0218775
0.0219373
0.0217939
13.266
0.0300393
0.0224978
0.0221096
0.0300725
0.0625204
0.0244759
0.027146
0.0222839
0.0216102
0.0228221
4.25782
4.04456
0.022361
12.5901
0.022216
0.024448
1.08658
2.13203
0.0216924
0.0221816
0.324631
0.0525241
0.0219051
0.0222482
5.2417
0.0222681
0.0700492
0.0220126
0.478978
0.0222472
0.022022
0.0221264
0.0298237
0.0216916
0.0238024
0.0250517
0.153737
0.0218574
0.0219978
0.0222497
0.021865
0.0218854
0.0216959
0.0299618
0.0221106
0.0526394
5.77241
0.0421036
0.0651573
0.022203
0.02165
12.611
0.656053
0.0215536
3.03571
15.672
0.0215141
0.0219603
0.0218672
0.0971455
0.0556481
2.26327
0.021851
0.0243627
0.0218546
0.0221195
0.0220568
0.0822245
0.02186
0.295047
0.022092
0.0542259
0.0218894
0.0227244
0.0218836
0.0340447
0.0555077
14.562
3.53144
3.17532
0.0484365
0.021867
2.78949
3.32793
0.0655957
0.0218115
0.0220841
2.08185
0.0218586
5.96945
0.0214953
0.0275045
0.0219008
0.0222698
0.021699
1.93848
14.7791
5.9687
0.0660982
10.6592
0.0219397
6.24926
11.0282
0.0222705
0.0219704
0.0217161
0.355521
0.0215009
12.3648
0.0306189
0.165842
0.0220467
0.842656
13.023
1.74364
0.0282088
0.0311906
0.0220403
18.3524
0.021474
0.600062
0.280309
0.0627677
9.22529
11.339
0.0231489
0.0228941
0.0219476
0.11589
12.2272
8.91084
0.0217317
3.90927
0.0241346
0.126595
0.115476
5.55148
5.55262
0.0215029
0.0250595
0.0290159
0.023115
0.0227569
4.00072
0.0221983
11.2452
0.0216534
0.0214912
0.0783448
0.117016
0.351427
0.0222247
19.8807
14.44
0.651324
0.0256681
0.0222329
0.0222303
0.0222269
0.0218757
0.823051
0.365109
0.0219473
0.0218876
0.0301451
1.67197
0.0250586
0.0219038
0.37543
0.0219253
0.0222749
0.0214791
0.0631706
0.0220298
0.0236984
6.63817
0.0624396
0.0221653
4.42047
0.114286
0.0219199
0.0222518
0.0331021
0.0222624
0.0219625
0.0216943
12.0948
0.427439
0.0220422
0.0347159
0.0340249
0.539978
0.0218869
6.45514
0.0218558
0.0217401
0.588715
0.27421
0.0689043
0.0219388
0.0218853
11.6412
5.31195
0.27697
2.82947
0.0221015
0.0226134
0.0220165
15.893
0.0235814
0.327297
0.0224161
0.0217991
0.0226047
0.0216158
0.0218715
0.0596877
0.0217614
6.46835
0.0217077
0.0220458
0.0214933
0.0236388
6.03852
5.85989
0.0532768
12.1659
0.0219797
0.0342069
0.0225611
1.2082
0.0215908
0.0215069
3.36616
0.0327052
0.0310122
0.0221109
0.202722
2.47057
4.53689
0.0220122
0.0324155
0.918051
0.0293434
1.19509
0.142253
0.0807901
0.0216793
0.0223106
0.0652291
0.0721528
0.0219876
0.118755
0.0217245
0.0221844
0.0221026
0.0217175
0.0218744
0.0219857
0.75483
0.0249346
0.022494
0.0448386
0.0217283
0.0219094
0.0367636
5.7786
0.0770197
0.0618595
5.45774
0.0222338
9.64948
0.0280558
8.2409
0.057997
0.0222029
0.0218331
0.0228182
9.04816
1.71345
0.0490978
0.14199
0.02161
0.0218406
0.0222477
0.0222022
16.051
0.0247819
0.0217746
0.18271
0.278986
2.48162
0.0223404
3.51549
0.0515095
0.0401057
0.0301291
0.406425
0.232072
0.0220457
5.93813
0.258951
0.036314
4.45013
0.0456887
0.0219122
0.0222638
0.021887
0.0227396
0.0260217
23.7111
0.0508097
0.0218671
0.390164
0.0220044
5.81556
3.45274
0.0219532
27.6192
0.0217141
0.0216729
0.0217235
5.55994
14.3018
0.049646
0.0296066
0.0215568
0.53831
0.0222313
0.0298432
0.0220895
0.0220048
0.0217496
2.37542
0.0224876
0.0389502
0.0277302
0.0222116
0.317954
0.140659
0.0321155
0.0244737
0.0230314
3.98179
1.44788
0.0216276
0.0217098
0.0216242
0.0223104
13.5222
12.1829
0.244724
0.0247281
0.021763
9.69582
0.481679
0.0220335
22.7293
0.0216874
0.0894119
15.8996
0.0217219
12.4462
9.58246
0.134308
13.6585
2.07643
0.021805
0.0223977
2.43071
4.73977
0.0223119
10.4614
0.0242375
0.0218768
0.0222738
0.0225052
0.0398948
0.0244562
0.270022
14.0162
0.224485
0.0322198
0.0220787
0.0580955
2.26592
0.021717
3.64621
0.0467999
0.0222197
0.0238693
0.0222414
0.0220549
0.0298619
2.33233
0.0220153
0.021777
8.82026
5.88892
0.0762191
0.0222611
0.0564004
0.02191
0.02193
5.44317
8.75561
0.0219191
0.0214672
5.89919
5.84365
0.0476902
0.0220955
10.3469
0.0221994
0.021924
0.0226334
0.0219303
0.0216055
0.0216009
9.10754
0.260467
0.0249747
1.71565
0.0457826
5.31182
5.98311
4.33865
0.166075
0.0218796
0.0222382
0.0219632
0.0219922
0.0692179
0.0218767
0.0992098
0.0283511
0.367073
0.0220473
5.2899
0.0339485
10.1027
0.0219233
1.73955
0.0281898
0.184415
0.334512
0.0299817
0.0215977
9.31777
0.0573835
1.51562
0.0215549
2.01943
0.0220288
11.9093
0.439506
0.0400366
0.0219031
0.0220874
4.91874
12.0339
0.0303011
0.0214505
0.301854
0.0820746
0.0451975
3.5473
0.0754137
0.0218537
0.816124
0.0218918
0.0316189
0.021517
9.78289
0.0215241
0.0224763
0.400434
3.77189
0.0222221
0.0693412
0.0232664
0.0714788
0.0218745
0.299617
0.0229221
0.0596212
0.0218635
0.0219849
4.31997
0.0272065
12.2397
0.701621
6.70893
0.0224408
0.0215465
0.0216963
0.0248108
0.0364353
0.0304995
6.8217
0.0229367
0.321899
0.0394707
0.022281
0.0218379
0.0753067
0.423902
17.6415
0.0218799
5.1068
0.0218575
6.30149
1.53365
0.047563
0.0219922
0.0216624
0.0420142
2.37426
0.0236792
0.0222685
0.0226256
0.0451447
0.0221664
1.21681
3.91939
4.0423
0.0221567
0.0254001
11.2494
0.0221882
0.0573663
0.0217231
0.716983
0.034631
0.0219378
0.0408112
0.16869
0.0216599
2.92355
0.021894
0.15967
0.220036
0.439413
0.296501
0.0221677
0.02205
17.183
0.0220292
0.0375241
0.0896234
0.0229518
0.0214637
10.7873
0.0240137
0.371233
0.0223599
0.0615414
0.0222903
0.372817
0.0243801
0.0239615
2.48977
0.966693
0.0220875
0.022273
0.148384
4.38316
1.90958
0.644681
0.0274269
0.0219006
0.0217757
4.40589
0.0221381
2.46786
0.098399
3.01269
0.0221069
0.0216946
0.0217798
0.0422008
0.0409816
3.684
5.86414
1.0645
0.242193
0.0215871
2.46427
0.0225995
0.0676048
0.0223046
0.0394231
0.0554785
0.0219061
0.0215455
0.069524
0.0216011
0.0379771
0.0634454
5.2443
8.29247
0.0344335
4.23223
0.0216658
0.0215419
0.0220737
0.180478
0.0570281
0.0457521
0.116942
5.14584
0.0371083
0.136778
0.0217231
0.0218445
16.854
0.021751
0.251132
0.0214389
0.0218211
5.76332
0.286489
0.0218098
0.0831554
0.488078
10.2137
2.95598
0.0243339
0.0734978
0.0500938
5.17662
0.0219293
6.36083
8.88714
0.0231472
0.0240739
0.0215661
0.41757
0.0215572
0.021978
5.45207
0.0220497
0.0215118
0.226977
0.0618817
5.48464
5.73252
3.50542
6.28849
0.0214842
0.0218787
0.0218136
0.0222061
1.62898
0.0219252
5.2163
0.0225879
12.1955
0.0237529
0.0219932
0.0216659
0.0220743
0.028955
0.02181
0.0214585
0.358257
0.0217949
0.0522433
0.0222543
14.9082
0.0237525
0.0220769
0.0216538
0.0539213
0.0219027
0.021751
0.0220873
0.0222152
0.0229994
0.0218068
0.0228892
0.0300154
0.818293
10.0141
11.8365
4.00057
0.0217488
0.0220047
0.0218984
0.0214079
0.0219149
0.0217128
0.234637
0.0218234
0.0222515
0.0220683
0.022044
0.0218036
9.90907
0.0228149
0.0219694
20.8514
0.0437251
0.0216985
8.93343
14.2754
0.0220208
0.386253
0.584566
0.0219338
0.0428609
0.0233427
0.0215353
0.0263892
0.021817
0.0367685
0.0220122
0.022247
0.0217235
45.5852
0.026004
0.0427692
0.022032
0.0222649
12.9475
0.0248202
0.0220368
0.0232833
0.0235975
0.0222518
0.214956
16.4302
1.26944
5.82358
0.205886
0.0353658
0.0222596
12.7662
0.173852
0.0224053
0.0620281
0.0222931
0.0218696
0.0222461
3.15198
0.0435545
0.0219991
0.0220431
0.221072
0.0217081
0.363666
0.021874
1.79284
0.296466
0.356547
0.0220777
0.0227888
0.0301515
0.033662
0.0220548
0.036851
0.0788586
0.463512
0.0218123
0.466551
10.4571
0.021511
4.30947
0.0407995
0.317387
0.111367
0.0218981
0.0267868
0.0407204
0.0216702
0.0242916
0.0215195
0.442943
2.02586
0.0309775
0.0218206
0.165988
0.0686041
2.85393
0.247918
0.0228579
0.0266603
0.0219354
0.0218554
0.0407618
0.0482549
21.5686
0.0217913
0.421053
0.0221873
7.35494
0.203607
5.29943
0.0215829
0.022593
1.93359
1.74914
0.0402987
7.69455
0.0221565
0.1923
0.0219096
0.0218123
5.20079
0.261261
0.023219
0.0220924
0.0690146
2.17988
0.174019
0.0608526
0.0217533
0.0220157
0.0217039
2.3735
13.199
0.021702
0.0458364
5.13257
0.0779282
0.253341
5.11385
8.11991
1.93642
0.0217116
0.0220831
4.3369
0.0218808
0.0462537
1.51473
9.10593
0.0229149
0.0288085
6.47896
0.608511
2.00066
12.5029
4.19301
5.67042
0.0221101
0.0215814
0.0219862
0.0220636
19.0156
0.0503289
0.338876
0.384152
0.0525099
0.0217854
0.299868
0.0216142
0.029159
0.0219173
0.0383268
12.0724
3.88575
0.0220706
0.0215615
0.0345522
0.524838
0.198265
9.02574
0.0417381
0.0219367
0.0739436
0.0214325
0.0859499
0.0303376
0.0218798
0.519258
0.152947
0.495922
0.0561694
0.0220522
0.021504
8.75509
0.0243807
0.021587
0.0221451
0.0222558
0.0216703
7.42562
7.12316
3.85916
1.35954
8.89567
0.0227583
0.0219321
3.1855
0.0233929
0.100476
0.794963
0.021862
12.2147
4.31842
0.0607767
0.0318844
0.765867
0.0226968
1.7433
0.0362664
5.55728
0.021794
0.0225167
0.0385676
3.47259
0.129786
0.0627648
10.0109
2.44938
0.0656789
0.188668
3.31925
0.0235877
0.318971
33.3594
0.0343658
0.0579358
6.13503
0.0302722
0.0348702
0.0221026
0.0365863
0.038901
0.0555122
0.0220872
2.63921
0.146372
5.83325
11.1378
3.85689
0.0374035
1.54409
3.53827
0.0218405
0.385496
3.42059
2.00238
0.0268134
0.023518
5.80049
8.72419
0.0215651
0.208235
0.0217414
0.0219032
4.35178
0.0244925
5.20761
6.03703
4.10094
1.60128
0.0216015
0.0346051
0.0219193
0.0218377
0.10224
0.0589277
0.0254893
2.5552
5.11586
0.0222729
0.0250601
1.316
0.0226773
0.334721
0.0440714
4.76845
4.81687
0.480435
7.12302
14.9744
5.22009
4.9082
3.98491
0.0272276
0.0243942
0.10841
0.107961
5.65949
1.38701
0.0221318
0.0222179
9.29828
5.78741
0.0235091
9.99846
0.021879
0.780847
5.80905
0.603395
0.0219191
5.82367
1.50487
0.0258565
0.0329915
12.1669
12.5957
11.7795
14.763
0.0218973
8.55981
5.04412
0.0380158
0.205868
0.097285
0.021723
0.0257215
5.67408
4.43415
0.0238534
0.0221716
6.08532
0.0790878
3.88472
0.0748287
1.86133
5.00088
0.0219869
10.7653
0.0222852
0.0281392
0.0219529
0.0216943
0.0216931
0.0358712
0.241418
0.0214708
11.5742
0.0801097
3.45191
9.12531
5.36367
0.0219055
6.92014
1.52868
5.08791
0.0329172
0.0219061
5.00652
0.40333
4.43216
0.0507905
0.0229364
0.0216754
7.5484
8.33127
0.0319716
10.7131
0.0293678
0.0220436
5.46719
0.0498748
18.206
0.021761
0.0262723
5.10104
11.3514
4.70195
0.203027
4.72904
5.0195
4.04235
0.0220481
9.65202
0.0450633
0.0217999
0.0215069
0.0218583
9.17514
0.0456261
4.78711
4.5332
0.0328835
0.140765
0.0896353
4.12975
0.250707
12.2858
9.77025
1.26264
0.0775082
0.0215911
0.262743
0.0519812
0.134619
5.41136
5.14547
1.6421
0.0220934
0.0234621
0.0450337
0.022059
0.0217983
0.0269485
4.82428
0.0257284
0.023434
5.32324
0.0815499
0.339929
3.42432
5.00338
0.425374
4.46755
10.5451
3.98872
0.0575399
0.0303985
0.0219812
1.25265
0.111774
0.294603
0.0578283
0.0552548
0.0214389
0.217208
0.664028
0.0243808
0.0215652
0.0224132
4.39561
0.0218676
0.0220271
0.0626591
5.01344
0.0259779
0.0508623
0.155123
0.0289186
0.0623187
0.0218135
0.0219787
0.0399733
0.255153
0.0220899
0.0300874
0.242506
0.821405
0.0219921
11.3796
0.0218023
4.80846
0.0227846
0.0229364
0.021528
0.204873
0.0315622
8.04404
10.047
0.0616303
0.0221629
0.0217022
6.33348
4.2661
0.0216068
0.230621
4.44313
0.0524242
0.0702472
0.021403
0.0223553
0.0219052
5.69152
0.0413461
0.0220509
11.1724
0.0221656
0.0527112
0.307076
0.0217245
0.0884406
0.0609133
17.949
0.0221975
0.0252394
0.0229079
0.0542255
0.021386
0.021892
0.530082
0.328482
0.0783115
0.0217103
4.3102
0.0221864
0.0221671
0.0219566
0.502788
11.7344
0.0231732
10.7448
2.45588
0.0639279
5.64311
4.41111
9.50877
4.31681
0.0536578
0.0678018
0.26304
0.0474484
0.0219495
0.0286081
0.0280693
10.3482
0.0220773
8.25953
0.0219725
0.377926
0.093056
0.0224181
0.0224136
11.0919
18.0888
6.87536
5.08709
0.021801
0.0732236
11.1477
0.024778
8.62513
0.0381518
0.097062
4.18534
0.0291352
0.0219934
0.133553
0.16393
0.0218842
5.01856
0.917274
0.0216934
0.0222391
0.0221211
0.0220103
9.18987
0.0216913
0.0469766
0.0220261
0.0219097
0.030549
0.0219285
5.75617
0.0888538
0.0219905
0.0215905
0.124354
0.0227353
0.0514526
10.287
10.132
0.0510709
0.231021
0.0379403
0.0215657
0.160795
9.66036
0.0363351
4.92644
0.456632
0.0692341
0.0372887
0.0252233
0.0690073
0.0357641
12.2261
0.0221125
0.021971
0.0215972
4.47816
9.72259
0.0338158
0.118322
0.0217305
0.0244514
0.117993
0.346194
0.0218488
0.05792
4.16041
0.0797335
0.0219866
0.0218685
19.4787
12.3579
0.0219181
0.568474
0.0283065
0.250449
0.228152
0.0218497
6.01665
0.0273951
0.0220247
3.24397
0.25865
0.0219033
0.0221633
0.336372
0.0217387
0.0220427
0.173193
0.0390627
0.042518
12.7039
0.0244419
0.038989
4.15708
0.021784
4.279
11.7442
0.0243083
0.0609017
0.197574
0.0219086
0.188749
0.0214488
2.7849
1.48626
0.0220047
0.836451
4.25549
0.0218742
0.0218934
0.507464
0.0347787
6.13495
5.51632
0.022094
0.0420309
11.1598
0.0220866
0.0489236
0.075976
0.0320194
3.2668
0.199202
0.0223601
0.292691
5.11118
0.0422583
3.50925
0.0219078
0.0215286
0.0222673
0.0394171
2.09752
0.0220653
0.0303102
11.5809
4.62209
0.0222183
0.0286398
1.91486
5.55784
0.0222249
5.69915
0.0327319
0.0889285
0.0338777
0.0226297
0.025039
0.0218867
0.0219523
0.610779
0.021932
0.0477662
0.0219772
11.2877
0.0223484
0.0226449
0.021561
0.0230691
0.0219808
0.0401488
8.73986
0.296751
0.0365621
0.0394142
0.0219665
0.0298378
0.0514279
2.89274
9.30764
0.0218242
1.06718
0.0220234
2.33275
5.30603
9.34021
0.0218192
0.0987319
0.0760798
11.3225
0.207117
0.0218059
2.36643
0.290461
0.0351048
0.424899
0.0218691
0.0219216
0.0370782
6.23588
0.0218872
0.607021
0.0320552
2.83883
0.0814349
0.0221245
3.09508
0.0269378
0.0219879
0.291944
0.0218064
2.85183
9.67206
0.162073
0.0263174
0.141856
0.0218871
0.10651
0.0429951
6.48604
0.0219253
0.0215362
0.0258211
0.0284341
0.0431477
4.59919
2.97868
0.0335432
0.205558
0.0217784
3.38127
0.923689
0.170418
0.0218895
0.0222599
0.0222362
3.17356
0.02195
0.0251175
3.12645
0.0889114
0.0219071
0.230447
0.0834516
0.0219843
0.0243128
0.127715
1.34408
0.0672586
0.0417987
4.41541
5.94815
0.277386
0.0256412
0.0219837
0.023688
0.0238281
0.154124
0.0572583
0.0259692
0.082007
11.357
0.0233774
0.0219922
10.2131
0.25797
6.79533
0.17819
0.0248049
0.02311
0.0230689
0.0217244
0.0218316
0.0431861
0.0214955
0.0225385
0.0219848
0.0225195
0.0229898
0.0219355
0.0359555
0.0329185
0.0218433
0.0219193
0.0221188
0.0223967
0.0221257
0.247157
0.0220561
0.0228884
1.33561
0.0216056
0.0227363
0.0220692
0.0258687
10.613
9.51055
5.03945
5.98664
1.31134
0.223899
0.0218568
0.0584555
0.0218874
0.555023
0.0222473
0.0280347
0.0220213
0.0536598
0.0219514
0.0296848
0.0217662
3.18723
0.187599
0.0220778
11.8107
1.47249
0.0218381
0.102756
0.0219392
0.0215505
11.7441
0.0218613
0.0657232
0.227484
0.0221043
0.0215083
0.074377
4.14839
0.0241304
0.022714
5.72444
0.0219319
7.52031
0.0489379
11.2073
0.0216434
5.05904
0.0218583
0.0220248
0.269868
0.058989
5.46132
4.40821
13.9326
3.16338
0.196103
0.142125
0.022046
0.154726
0.0217319
0.0218112
0.0853974
0.0218958
0.0219784
0.0215633
0.0215939
0.0560361
0.600529
5.02351
0.3555
5.57081
0.0228264
0.0286973
0.0222269
0.022408
0.0785649
0.021929
0.0215462
0.0217925
0.0229443
0.0226986
0.167582
0.0907917
0.0448443
0.0221081
0.0497134
0.0512781
4.24944
11.6958
0.0239724
0.0385418
0.0220872
11.6153
5.5541
0.0219013
0.0219311
0.0237248
0.0222137
0.317699
0.328524
10.8081
0.0219845
3.19442
0.0219744
4.61013
0.0493404
0.0218033
0.0270432
0.37768
0.0257714
0.0268787
0.0281442
0.0848212
4.91665
0.0215589
0.0219122
0.0267111
0.214143
0.021814
3.93542
3.17891
0.0218937
0.0214018
10.6595
0.0673378
0.0218882
3.40069
12.0793
3.0495
2.97822
0.0264133
1.90459
0.0220707
10.8526
3.22627
0.663814
0.0663357
0.0232484
9.00498
0.024167
0.021859
0.0214361
0.316456
0.0216054
1.05731
0.0220067
0.0220229
0.0241637
4.87649
0.0232143
0.0223922
0.0220732
7.47154
6.19801
11.0063
4.64629
0.0392388
0.0218869
0.0234153
0.256907
0.100483
0.0219836
0.0491693
0.262224
0.468338
0.0217687
7.48842
10.8707
0.0347863
0.0220627
0.0231672
0.0219403
0.0216452
0.0219248
0.0220335
0.0217232
0.0884394
0.0220943
0.13505
0.0222914
0.0223486
10.1936
0.0717339
0.022342
0.0223948
4.8969
0.0214913
0.0222924
0.0251186
0.0218079
0.321318
0.02904
0.0223806
0.0408931
0.0218389
0.0260397
0.0215555
0.148375
0.0218056
0.0218475
0.709209
0.0224726
0.177395
0.0319837
0.0231305
0.0893973
0.0213914
0.0220868
0.0223273
12.2383
0.0228684
0.0218919
2.00741
0.0218948
0.0215905
0.0218806
0.736207
0.0303142
0.14672
0.0315103
0.0290584
0.0458661
0.0232322
0.0260321
0.0436287
4.09773
0.0220914
0.0272221
0.0217377
0.217671
0.23445
0.0219027
0.0257871
3.49022
0.0282769
0.0214964
10.5157
0.0249219
0.0750757
5.68168
0.0266222
0.0218364
0.0281914
0.0218945
0.0228067
0.0219007
0.0228059
0.0249709
0.0219695
0.0220678
0.0300041
0.0220099
0.0968859
0.0217615
0.0231246
0.0218667
0.026315
5.04843
0.0219306
0.0217966
0.08888
0.0222579
0.0218499
0.235854
11.5238
6.11257
0.0219465
0.0237284
0.0317746
0.0222444
0.0221248
0.0323457
0.157735
0.0215135
0.048565
0.0219088
0.0218805
0.0216538
0.0214981
0.0222265
0.0413003
0.0325607
0.0253732
4.03616
0.0234709
0.0267737
0.0216557
5.45582
0.583506
3.12118
0.02193
0.0452506
0.0271014
0.0219092
0.0221194
0.0387294
4.49166
5.35646
0.0216714
0.0259928
9.36505
0.0224153
0.219117
7.6095
4.15769
0.0273469
0.0219106
0.0370944
0.0433743
0.212896
10.7867
1.21195
4.30962
0.0222938
0.022174
0.0218729
0.113116
0.0217735
0.0216586
0.0366576
0.0218516
0.0217315
0.0218736
0.0475724
0.021785
0.0217654
0.0219666
4.71918
0.0214847
0.0219302
0.0221056
0.0220148
0.0219375
0.0651293
0.0730661
0.757804
0.0214816
0.0270759
0.121899
8.54527
4.02048
0.0220687
0.022275
0.0484497
0.0873491
0.0248494
0.342807
0.0219149
1.9077
0.022278
5.15956
0.0224116
0.0218674
0.0417434
0.0218903
0.0216843
0.0223811
0.567454
0.0237075
0.0222037
0.0221785
0.021897
0.0388852
0.0216314
0.0219093
0.0250024
0.0930618
0.0235881
0.0215853
4.92333
1.73848
0.0219003
0.318682
0.0221435
0.0263237
0.074614
0.24906
0.0228912
0.0225449
0.0219552
0.23307
0.0273066
0.021866
0.0218796
0.0227464
0.254619
0.0216875
0.0320546
0.0232597
0.0326615
0.0462278
0.0366961
0.0812223
3.8334
0.0241474
0.0220399
7.83213
0.382952
0.0219292
0.0214693
0.0220617
0.021907
0.0218621
0.0232791
0.021649
0.022077
7.40919
5.385
0.0290398
0.0218878
6.35897
0.0232335
0.0216886
8.28322
0.0227383
0.0215933
0.0220933
0.0220376
0.0331833
0.02194
0.0511015
0.0219019
0.0217685
0.0218999
0.0309836
0.0345161
0.0218851
0.0572565
5.04426
0.0227062
0.0218779
0.0551546
0.0216541
0.0218933
0.0218436
0.0282305
0.0220526
10.7823
0.0221451
0.220083
3.12949
0.0549573
0.0224743
0.0219539
0.021934
0.0219239
0.028293
0.180459
0.129099
0.0217914
0.023171
9.68743
0.0215024
0.151268
0.0219616
0.0222492
0.0297053
0.057257
0.0219533
0.0300792
0.0268566
0.0532001
5.4272
8.43257
0.0216475
0.0219242
0.0306704
0.0220712
0.0223381
0.0486765
0.0221539
0.108491
0.0217711
0.0631626
0.0221059
0.0722994
0.0556122
5.03894
8.97021
0.0219136
0.0378612
0.707931
0.259154
0.0215493
0.0215507
0.145951
0.0219295
0.0217698
0.0217253
0.0214776
0.0657846
0.0778901
19.73
0.0220209
0.0420345
0.0222548
0.0215463
0.022601
5.41487
0.183741
0.0218618
0.0219864
0.0218162
8.27321
0.0219904
0.0218952
0.0222085
0.0219006
0.0398216
0.0218282
4.01032
0.0219834
0.0220219
0.0220183
0.0218407
0.0216868
0.0220089
8.51239
0.0217702
0.0218926
0.298337
0.0217475
0.0220421
0.0221109
0.0221564
0.0532829
0.0218548
0.0219681
2.45746
0.0226066
0.0220382
0.0220727
0.0214359
4.30645
0.0225655
0.0220507
0.0218513
0.0247182
0.021962
1.23128
0.0217863
0.0220123
11.6019
0.0219765
0.0615929
0.0220255
0.0213923
0.021448
0.0289295
0.0356206
0.0218066
0.0222859
0.0229167
0.0218818
0.02211
0.0219663
0.0216561
0.0215484
0.0215671
0.431091
0.0219499
0.0218119
4.2533
0.021891
0.0257265
0.140388
5.30236
0.0217915
0.0219493
0.0219489
0.021604
0.0225445
0.0374596
0.0232953
0.032486
0.0217318
0.0238025
0.0218917
0.0214518
0.02514
0.056382
0.0230252
0.0256837
0.0220269
0.0219484
0.0221201
4.53497
0.0224825
0.0220136
15.7542
0.0221474
2.25741
0.0220618
0.0219201
0.0216868
6.10627
0.0218583
0.0241998
0.0222528
0.0220709
0.0219585
0.0220871
0.0218179
0.0232347
0.0218564
0.0359961
0.0222476
0.0385735
0.021428
0.0216007
0.0229044
2.98166
0.022149
0.0220476
0.022296
0.02189
0.0230786
5.77875
0.0224079
0.0259324
5.41411
0.276214
0.0223948
0.0220808
0.178574
0.0986979
0.0223638
0.0221141
0.0216425
2.24542
0.0220155
12.2795
0.0215937
0.0215183
0.0221039
0.0216077
0.0227228
0.0215598
0.0219873
0.0222649
0.0605683
0.0231307
0.0220604
0.0215804
0.328792
0.0653372
0.0214745
0.0221036
0.0228944
0.0222389
0.0220584
0.0215377
5.52139
0.0215422
0.0218718
0.0620663
0.0215339
4.7773
0.0218137
0.0369645
0.0247304
0.0219605
0.0214852
0.0219009
0.0217192
0.0220422
0.0215384
0.0215769
0.355915
5.51933
4.10237
0.0215741
1.5496
0.0218954
0.0560333
0.0218981
0.0219055
0.0221081
0.510502
0.0219351
0.0218841
0.022126
0.0218924
0.376503
0.0218892
3.94172
0.0214256
0.021948
4.56456
9.90829
0.0219824
0.0219469
0.025769
0.0220184
0.143096
0.0217397
0.577906
0.0217387
0.0341383
0.0221393
0.0218016
0.021929
0.0218888
0.0227031
0.0218262
0.0291181
0.0315045
0.109136
0.0215238
7.48418
0.0218804
11.8855
0.0218861
6.97582
1.98568
0.0217367
0.0218892
0.0215437
0.0218155
0.0220434
0.0216606
0.0215386
0.021957
0.02142
0.0886975
0.02211
5.06387
0.021536
0.0214745
0.0219081
0.0218998
0.0220843
1.69461
0.0222582
3.56752
0.0214536
0.0221184
0.0312256
0.0215608
0.160735
0.0226285
0.0219134
0.0382722
0.0214857
0.0219713
0.0221311
0.0215458
0.0274576
0.038775
0.0215864
0.0221123
0.0220455
11.7058
0.022918
0.0214749
11.1373
0.0522092
0.0215819
0.0219041
0.181637
0.022162
0.0214174
2.4838
0.191173
0.0221687
0.0214195
0.0222397
0.0340125
0.0215433
0.167605
0.021578
0.0215834
0.0410545
0.0524141
0.0215766
0.0215402
0.0214281
0.0216684
0.0216816
0.038231
0.0219628
0.0216789
0.0221104
0.0218365
5.49529
0.0222722
1.80535
0.0249576
0.0264891
0.022142
4.37789
0.0217729
5.26796
0.0214374
0.0219485
0.44476
0.0219653
0.0224124
0.0216296
0.0240209
0.0216221
0.0254964
0.0214725
3.64144
0.022026
0.0214884
0.0214918
0.0215493
0.106015
0.0217517
6.97775
0.0219022
0.0240716
0.0214805
0.0220186
0.203416
0.0219977
0.0996817
0.0217997
0.0226247
0.022011
0.022133
0.0221412
0.0218713
0.0219783
0.21146
0.0215497
0.0219343
0.0222907
0.0220571
0.0220544
0.0320593
0.0215966
0.0219015
0.0218172
0.0215698
0.0217509
0.0219954
11.593
0.176663
0.350529
0.0214174
0.0227443
0.0221257
0.0253916
0.126674
0.216855
0.0310466
0.0215311
0.0219721
0.0216391
0.0221443
0.0221142
0.0218973
1.92994
0.0497989
0.0219259
0.291027
0.022137
7.32567
0.0219532
0.0218785
0.0217917
0.0214797
0.0214651
0.021631
0.0216326
0.0217542
0.0391062
0.0223741
0.021886
4.11715
0.0215444
0.0220877
0.0219842
0.0214865
0.0218934
0.275132
0.021758
11.8348
0.0218664
0.0215324
0.0339506
0.02183
0.0248085
0.0856942
0.0215887
6.03202
0.0787819
0.0215725
0.0221313
0.0214804
0.203268
0.0215954
0.0260897
0.0221595
0.0217628
0.0216734
0.0217979
0.0219
0.021959
0.0217276
0.0218992
4.97668
6.07054
0.0224941
0.0219544
0.211621
0.0292394
1.9352
0.0217949
0.0218699
0.0219545
0.0221358
0.0219298
0.0216071
0.0215235
0.0219685
0.0391274
0.0216349
0.0220057
0.0249671
0.0219851
0.0281731
0.0220434
4.92182
0.0218525
0.0219217
0.0227114
0.0394699
9.29421
0.0218619
0.0221562
0.0218753
0.021984
4.9847
0.0221753
0.021895
5.10178
0.0217144
0.0219957
1.56726
0.0217989
0.0218388
0.0214534
0.0219049
0.0217235
0.0220017
0.0338794
0.0217743
1.84684
0.0220982
0.0231623
10.8715
0.0218892
0.021615
0.0220619
0.0214242
0.0215859
5.45973
0.0219639
0.0220123
0.0221761
0.0218287
11.8352
0.0217922
0.144596
0.0216604
0.070809
0.198648
0.0803314
3.27139
0.0253814
0.0335072
0.026743
0.0218659
0.0219909
0.0227135
0.166355
0.0582532
0.0214694
0.0220093
0.0219635
0.0217095
0.0215786
0.152147
4.46154
0.17548
0.022278
0.0221634
0.0291409
0.0219873
0.0219509
0.0216815
0.0219377
0.0219397
1.72925
0.0225628
0.0219039
0.0214861
0.0652847
0.0216223
0.0220713
0.0217055
0.0215288
0.0218949
0.0220484
0.0489798
0.021758
0.0246507
0.847764
0.0216447
0.022104
0.0216573
3.83164
0.0215029
0.0217463
0.0448139
0.0219786
0.0741606
0.0217623
0.0214452
0.0222993
3.2101
0.0222524
0.0220934
0.0216591
0.0217671
3.90077
0.0225435
0.0216946
0.188034
0.0218916
0.0217482
4.57456
0.0222935
0.022294
0.0222929
0.0222925
0.0222918
0.02168
0.0230031
0.0225191
0.0721467
0.0215442
4.67922
9.65729
0.0297957
0.0215995
0.0217883
0.0218821
0.0219887
0.0217683
0.0221339
0.0216756
0.145487
0.0218858
0.0217788
0.0216897
0.757098
0.0216181
0.0221347
0.0217664
0.0219476
0.0218834
0.0217179
0.0222697
0.0226741
0.0221036
0.02234
0.0225057
0.0221872
0.022203
0.022237
0.0219739
0.0222858
0.0215038
0.0217478
0.0216918
0.02225
0.0217747
11.8806
0.0218637
0.021813
0.0218644
0.0214072
0.0221481
0.0219743
0.0219239
0.0219058
9.72348
2.94785
0.0214867
0.0217519
0.146667
0.0331598
0.34306
0.0218271
0.0232499
0.0336098
0.0215334
0.0220217
0.0219578
0.0221325
0.0219013
0.185788
0.0282363
0.0324072
0.0219488
6.58882
0.0221242
0.0218285
5.20183
5.94933
0.0216374
0.0218573
0.0222614
0.0225206
0.0219104
0.0219971
0.0218051
0.0227537
0.0215187
0.153549
0.0217573
3.25321
0.0217805
0.0220151
1.3518
0.02207
0.0218091
0.0221964
0.0218832
0.0220269
0.0253496
0.0221689
0.31141
5.13827
11.638
0.0217548
0.13331
0.0218681
0.0220044
0.0219784
0.0218395
0.0215974
0.0219945
4.92844
0.0217949
0.0219165
0.0215737
0.0217285
0.0218859
0.0215519
0.0220638
0.0219787
0.0216669
0.0219275
0.0220296
8.42614
0.0219251
2.41729
0.0222944
0.0219071
0.0217517
11.0923
4.90701
0.0215593
0.0216321
11.2658
0.042948
0.0219287
0.022029
0.0289371
0.0217694
0.0219094
0.0217752
3.2333
0.0220901
0.0220543
0.0222838
0.0218889
0.0218674
0.620779
0.0215347
0.0215982
0.0217979
0.0220773
0.0219073
0.0218898
0.0219453
0.0218933
16.7211
0.0221021
0.0220059
0.0216611
0.0294334
0.021704
0.0309314
0.022039
0.0216673
0.0219397
0.0217739
0.0217471
0.0217711
0.0221207
0.0216013
0.0217624
8.93784
0.0219654
0.0316125
0.0219645
0.0218921
0.0216152
0.0216812
0.0292913
0.022021
0.0214448
0.0218687
0.02191
0.0234662
0.593112
0.0217298
0.02147
0.0220337
0.0220573
0.0219971
0.157896
0.021774
0.0220054
0.0302461
0.0217423
0.046212
0.0218294
7.55792
0.0219325
0.021772
0.0219558
0.0215762
0.0219374
0.024474
0.021843
0.022026
0.0218998
0.0219821
0.0221244
0.0217017
0.0218812
0.0216299
10.9816
0.0219708
0.0222321
0.0904066
0.0229154
0.0217793
0.0214629
0.972107
0.022004
9.52799
0.0217857
0.0837895
0.022284
0.023051
0.0215178
0.0220314
0.0218951
0.0217523
0.0219032
0.0219018
0.0219488
11.2116
0.0214022
0.0220412
10.6912
0.0221208
0.0215712
0.0218678
0.0219075
0.0295764
0.0216898
0.0290788
0.0218584
0.0221207
0.022125
0.0221282
0.0218299
0.0219523
0.0231184
2.44966
0.0219905
0.0221301
0.0218415
0.0220063
0.0215482
9.82875
0.0222626
0.021928
0.0218924
0.0215492
0.0216859
0.0256831
0.0217824
0.0214449
0.0220656
0.0219703
0.021443
0.0219476
1.1743
0.0219773
0.0218054
0.0220691
0.0220081
0.0220423
0.0214379
0.0220719
0.0220281
0.0220731
0.022139
0.0214378
0.0219088
0.0220223
0.0219299
0.0221571
10.7084
10.6636
0.0220566
0.0229008
0.021847
0.0247336
0.121884
0.0215328
0.0217884
0.0249549
0.0224297
0.0280131
0.0219182
0.0218754
0.0219373
0.0219861
0.0215832
0.021741
4.44419
0.0314805
0.0215236
0.023669
0.0218977
0.227471
0.0216508
0.0216145
0.0215018
0.021726
0.0218989
0.0845691
0.0218349
0.0921285
0.0437219
0.0236826
0.021753
0.022082
0.0218251
0.0218858
0.0219859
0.0218909
0.0217684
0.0285446
0.0220464
0.0218152
0.0221606
0.0220339
0.0219695
0.02201
0.021986
0.0217217
0.0220104
0.0218928
0.0220286
0.0220176
0.0336173
8.35267
0.0305501
0.0217115
3.17378
0.0220412
0.0216674
0.0624687
0.0220371
0.0218711
0.0217795
0.0218952
0.0219388
0.0215813
0.0220333
0.0222156
0.0218931
0.0217929
0.0217779
10.4105
0.0217615
0.0218975
0.0284283
0.0217554
0.0217367
0.0219783
0.0222929
0.0221488
22.8616
0.0218787
0.0389508
0.0219652
0.0388455
0.135659
0.0214328
10.9029
0.0219482
0.0219538
0.0216993
10.2338
5.33941
0.0215242
0.0264468
0.0220897
0.0224338
3.60013
0.0236531
0.0219517
0.021563
1.03007
0.0219721
0.0225265
0.0219973
7.48497
0.0219345
0.0214542
0.0217583
10.2726
0.0217871
0.0219736
0.0220022
0.0215762
0.0220136
0.0220878
0.0219982
3.05919
11.3194
0.0219961
0.0229166
0.0239036
0.0827997
0.0217098
0.17066
9.46176
0.0215206
0.0216192
10.6758
0.0259161
0.0220152
0.0217919
0.0222928
2.68627
9.40436
0.0221641
0.022137
0.0221263
0.0219461
0.0219702
0.0222
0.0222559
0.0220479
0.0218962
0.0316147
0.0214817
0.0229228
0.0222339
12.3582
0.0215346
0.0220583
0.0216221
0.0222538
14.8731
0.0221291
0.054312
0.0222649
0.0219913
0.94446
0.0220783
11.0753
10.649
0.0217994
0.0221211
0.0218885
0.0222161
0.0219984
0.0218305
0.0261165
0.0214181
0.437257
3.83128
4.54915
0.0219993
0.0233288
0.0219377
0.0215334
0.0219954
0.0221431
4.87408
0.0220836
0.0220781
0.0218054
0.0221384
0.0221829
0.0221645
0.0220004
0.0219922
0.0221049
0.0214981
0.107231
0.0222551
0.0766334
0.0219814
0.0218428
0.0216354
0.0220304
0.0216832
0.0220477
0.0222832
0.0238408
0.0216573
4.56174
0.0220972
0.104162
0.0219153
0.0218157
0.0686892
0.0276766
0.0218915
0.0219805
0.0220323
0.0218881
0.0215776
16.7126
0.0411522
0.021803
0.0214939
0.0221148
0.0219971
0.0953515
0.0219936
0.0214322
0.0220446
1.29268
11.126
0.0216773
0.0218223
0.021974
0.0219506
0.0227242
0.444744
0.0273472
0.0710544
0.0215195
0.0364813
0.115483
0.0221003
0.0222377
0.128326
0.0222792
0.0216014
0.19598
0.0231099
0.02263
0.0217782
0.0488433
0.0220359
0.0219966
0.0639094
0.021964
0.0229599
0.0219063
0.0720477
0.0214972
0.0219179
10.6845
0.0250471
0.0221267
0.0271634
0.0215911
0.0273393
0.0235403
3.01044
5.11661
0.0220713
0.0216997
0.0306571
0.0219177
6.71161
1.34656
0.0220815
0.0220556
5.08343
0.0216026
0.0220969
0.0462444
3.99101
0.0665321
0.0216204
0.02193
0.0218373
0.0217881
0.0216732
0.0220312
0.0388939
0.0220285
0.0214816
0.0218295
0.0219586
5.54414
0.0306952
0.0221831
0.022869
0.0215119
0.0216819
0.026805
0.0219565
0.0342961
0.0218857
15.8521
0.0214216
0.0217345
0.0354999
0.0221817
0.0220977
0.0221928
0.0242644
0.021454
0.0223072
0.021545
0.0218722
0.0216755
0.0225401
0.0219899
0.0219088
0.0220651
4.87469
0.0350598
0.0215593
0.0219158
0.0219219
0.0214702
0.0606785
0.0680666
0.0218332
0.0220432
0.0218043
6.90001
11.7244
0.0220639
0.0215703
0.0215298
0.0215482
0.0222184
0.0218477
0.0217195
0.0218047
0.041136
0.0218998
1.28863
0.0220277
0.0218209
0.0220171
0.0589678
0.0217101
0.0367847
0.0216734
0.0219501
0.0219139
0.0281809
0.022011
2.41748
0.0219878
0.0222926
0.0220116
0.0216302
0.0295667
0.0222549
0.02183
0.0215609
0.0220808
0.0219204
5.96886
0.0450544
0.0220725
0.0965002
0.0216663
0.0221412
0.0237874
5.09134
0.0220174
0.0218856
0.0282616
0.0253151
3.4782
0.0215888
0.0218222
0.0639589
0.0515311
0.0214071
0.0221146
0.0221747
0.0217453
0.0225939
0.021926
0.0218888
0.0258723
0.0214589
0.0459686
0.0216876
0.0218116
0.0218861
0.0217974
0.0216406
0.0220493
0.170154
0.022252
0.0218374
0.0217257
0.0216756
0.0218034
0.0216646
0.0290109
0.0555529
0.0216009
0.022145
15.6945
0.0511131
0.0635541
9.62454
0.0218981
0.0217099
0.0216099
0.0216603
0.055812
0.0221222
0.112888
0.631676
4.43124
0.0220469
0.0220362
0.0215222
0.022238
0.0219751
0.0243555
0.022263
0.0250807
17.3069
0.0217946
1.10271
0.0245784
4.55106
0.0220646
0.0217243
0.0216947
11.3823
0.0217804
0.0222588
4.73491
4.06311
0.0218997
0.0218203
0.022121
0.0215953
0.0217662
0.054663
0.021758
0.0217982
0.0249181
0.0220794
0.0217849
0.0215821
0.949007
0.0219115
0.0221297
0.0219464
0.0523045
0.0217518
0.0220124
0.0252236
0.022993
0.0218461
0.0580762
0.0347959
0.0234087
0.051115
0.0223651
0.0219958
0.0218584
0.0217379
0.0216351
0.0218022
0.0221585
0.0220813
0.0240635
0.0221864
0.0219784
0.0510858
0.0419346
0.0218851
0.0215266
0.0220196
0.0220159
0.785308
0.0216955
0.0223546
0.0300328
0.415134
0.348588
0.0218477
0.0333411
0.0513663
2.47125
0.0218716
0.0219795
0.022313
0.0218565
0.0222723
0.0218843
0.0390005
0.0214082
13.5131
0.0219143
0.0219787
0.0217238
0.0218628
0.0220356
0.0222654
0.0220282
0.0221254
0.0222453
0.0219275
6.31513
0.0217249
0.0219226
0.521566
0.0220202
0.0220123
0.0472622
0.0219954
0.0219535
0.0254656
0.022146
0.0217929
0.0222716
0.021934
0.021804
0.0219162
2.82294
0.0244216
0.0223646
0.0218549
0.0218992
0.021826
11.1028
9.48303
0.0223773
0.0220009
0.0218552
0.0234934
0.0219466
0.028382
0.0218638
0.0221958
0.0220427
0.630334
0.0371268
0.0217286
0.0311852
0.0218959
0.0268516
0.0221202
0.0216184
0.0221051
0.0221454
0.0217763
0.0217461
0.0218229
0.0221697
0.206513
0.0231288
0.0218443
0.0243744
0.0235674
0.0446561
0.0221704
0.0222523
0.0218987
0.0226735
0.0218826
0.0221878
0.0216935
4.29663
0.27987
0.0222578
0.0329907
0.0214638
0.0219556
0.0218288
0.0216811
0.0218971
0.0221318
0.0220934
0.0219928
0.0220391
0.290085
0.0228945
0.0216951
0.0219097
0.128595
0.0220179
0.021866
0.0441144
11.1674
0.0219724
0.0218495
0.021933
0.0218085
0.0219558
0.154294
0.0218059
0.0216989
0.0216746
0.0220065
0.0220416
0.0221699
0.0216653
0.0250609
0.021898
0.144481
0.0221777
0.0226394
0.0324256
0.0219893
0.0220927
0.0218984
0.0222941
0.0220769
0.0221364
0.0223065
6.45575
0.0220343
0.0217097
0.0454703
0.0220062
1.01893
0.111771
0.0219596
0.0220227
0.021923
0.021753
0.0219349
0.0215094
0.0219867
0.0387434
0.0222926
0.0215696
3.62964
0.0222045
0.0220868
0.0222074
0.0217841
0.0658456
0.0247365
0.0220753
0.0219419
0.0216286
0.0220385
0.021929
0.0221071
0.027545
0.0260593
0.0219736
0.0221535
0.0214411
0.0219794
0.0215537
0.0219064
0.0219868
3.32714
0.0227963
0.0219411
0.361723
0.0221481
0.0220897
0.0222931
0.0221058
0.0219025
0.0219333
0.0221233
0.0221644
0.0220226
0.0218044
0.0222849
0.0221411
0.0218575
0.0222937
0.0221328
0.0221764
0.0218686
0.0221759
0.0215606
0.0222865
0.0215618
0.022124
0.0221183
2.02392
0.0219269
0.0220265
0.0218136
0.0334024
0.0220448
0.0218503
0.0216625
0.021923
0.0225513
0.022293
0.0221441
0.021711
0.0222935
0.0221732
0.0221304
0.0224151
0.0222917
0.0222276
0.0218435
0.022293
0.0221043
0.123788
0.0218556
0.437644
0.0219749
0.022057
0.0287383
10.4355
0.022202
0.0219393
0.0220411
0.021517
0.0221135
0.0220277
0.0216756
0.0256641
0.0217324
0.0219764
0.0220954
0.0338019
0.0226038
0.021796
4.04495
0.0482595
0.0218879
0.0217933
0.0220564
0.0227716
0.0218967
0.023185
0.0238274
0.0217615
0.0214379
0.0221352
0.0220246
0.0220861
0.0220754
0.0221867
0.0222497
1.31283
0.0219863
0.0220435
0.0221181
0.0216033
0.0423078
0.0215325
0.0221569
0.022176
0.0221279
0.0220639
11.2702
0.03762
0.0218103
0.0217965
1.35797
0.0217346
0.0221232
0.462394
0.171451
2.22305
0.0221739
0.0221683
0.03691
0.0222092
0.0218885
0.021795
0.021633
0.0219389
0.0217999
0.0219923
0.0274494
0.0221057
0.0221266
0.02183
0.0214867
0.0219951
0.0216732
0.0218418
0.022142
0.0214707
10.7888
0.0221786
0.0220188
0.0303552
0.022038
0.0218426
0.0220611
0.23847
0.0217411
10.7358
0.0219692
0.0218157
0.0221342
7.7202
0.0220455
0.0220335
4.90917
0.0221982
0.0226511
0.0219315
0.0219074
0.0313941
0.0216505
0.0267059
1.09162
0.0219265
2.94336
0.0222419
9.79447
1.01538
0.0970522
0.0222428
0.0218836
0.0213866
0.022127
0.0218317
4.76262
3.40865
0.0215875
0.0221766
0.0651874
0.0218585
0.0222358
0.919894
0.0218487
0.0222755
0.0218587
0.0413464
0.103371
0.0218419
0.0220572
0.0219823
0.0219859
0.0215313
0.0970399
1.7864
0.0226683
0.0247612
0.0218645
0.65569
8.33296
0.0220563
0.0218919
0.0221997
0.0216938
0.0220225
0.0220277
0.0221968
0.0221096
0.0214026
0.0300865
14.2903
10.8468
0.0221429
0.0221825
0.322168
0.0221625
0.0220241
9.3126
0.0221556
0.622112
0.0249106
0.022181
0.0218652
0.0248567
0.0217448
0.237951
0.0222005
8.5992
9.57109
0.0220021
0.0222001
0.0221206
10.0761
4.44338
0.0214326
10.9511
0.0219678
0.0222301
0.0217679
0.0215327
0.294353
0.0258943
0.0218239
0.0221617
0.0237889
0.0218013
0.0220079
0.0222229
0.0221414
0.0218482
0.0216288
0.0780513
0.0222257
0.0214642
0.0569615
0.0221788
0.022203
0.0221382
0.0221265
0.0214333
4.36773
0.0220406
0.0256474
0.155895
0.0221905
0.0220902
0.0215467
0.0221725
0.0221909
0.0545883
0.0255611
0.0215736
0.0216671
0.0222036
0.0216804
0.0222288
0.0243055
0.0219747
0.0222081
0.0221171
0.0222071
4.22846
9.30613
0.021606
0.0219919
0.0217167
0.0214795
0.0855205
0.0293979
0.0221523
0.0221864
0.0217284
0.021953
0.0220704
0.0219418
0.0214338
0.0234387
0.0222435
0.0222153
0.0222089
0.0221618
0.0219925
0.0216713
0.0221524
0.021646
0.021927
0.0216206
0.0221513
0.0222194
0.0554254
0.0215139
0.0221148
0.0217272
0.0221544
0.0216544
0.022143
0.0220912
0.237552
6.25221
0.0219848
0.0219652
0.0220473
0.0218154
0.0222451
0.0216585
0.0216349
0.0218601
0.0219785
0.0231827
0.0222458
0.0221993
0.0219112
0.0219279
4.11934
0.0222324
0.021954
0.0216235
0.0218361
0.0217684
0.0215065
0.0239113
3.00507
0.022099
11.3706
0.0220791
0.021908
0.0221103
0.0217039
0.0457319
0.0219765
0.0220568
0.0218931
0.0230945
0.0216356
0.0218075
0.0221841
0.0218942
0.0215605
0.133403
0.0220524
0.0217147
0.0219481
0.0217184
0.0218037
0.141603
0.021867
0.0234257
0.0221078
0.0220808
0.193554
0.0219366
0.0215772
0.0218848
0.0217326
0.0217641
0.0221721
0.0221179
0.0216606
0.0239175
1.44464
0.0221933
0.0218246
0.021538
0.0218774
0.0222269
0.0217708
0.0220719
0.0222131
0.0890122
0.0214662
0.0218797
0.0214498
0.0388003
0.0222191
0.0221787
0.0218463
0.0221074
0.0220655
0.0216056
0.0216192
0.0218606
0.0215885
0.0218533
0.0220281
0.0216075
0.0215712
0.0221649
0.0222272
8.63008
0.449749
0.0220631
10.8063
0.0220319
2.33366
0.0220759
0.0219677
0.0491607
0.0220344
0.0219016
9.70551
0.0217814
0.0217534
0.214811
0.0217624
16.1729
0.0218882
0.0221316
0.0221858
0.0217751
0.0215355
0.0219911
0.0217892
0.0221577
0.0218071
0.0221554
0.0221362
0.0217937
0.0217613
0.021847
0.0221302
0.0221579
0.0218979
11.2029
0.0220122
0.039075
0.0221506
0.0217545
0.0215429
0.0217478
0.0456388
0.0221059
0.213959
0.0217299
0.0221292
0.0219174
0.0217721
0.0218946
0.0221954
0.0276568
5.54804
0.0219305
0.0952893
0.0220686
0.0215335
0.0220569
4.03508
0.0219137
0.0217341
0.0218556
0.0219348
0.0587305
0.029352
0.0220571
0.021803
0.0218405
0.0219506
0.0215705
0.02191
0.0221651
0.0218272
0.024662
0.0220574
0.0219521
0.0220134
0.0220836
0.0221508
0.0220862
0.0219823
0.0216614
0.0216376
0.0218323
0.0219422
0.02213
0.0219674
0.177481
0.0219854
10.1217
0.0217106
0.193029
0.0219845
0.0218517
4.04068
11.3936
0.021871
0.0217294
4.86873
0.0218924
0.0220573
0.0433548
0.0232941
0.0220866
0.0242605
12.4112
0.0220177
0.0309984
0.0222003
0.0220012
0.0221729
0.0220891
0.0220335
0.0220624
0.0222424
0.0219994
0.432896
0.0214749
0.0223192
0.0220717
0.0365217
0.0218177
0.022212
8.96442
5.5797
0.0221369
0.0222072
0.0236376
0.0214907
0.0216778
0.021909
0.0220592
0.024653
0.0219054
0.0214664
0.0221158
4.53173
0.0220946
0.0220422
0.0267001
0.0220762
0.0222227
3.06741
9.07546
0.0214599
0.0221889
0.0218291
0.155524
0.0221501
0.0214217
0.0215654
0.0217896
0.0219203
0.0219524
0.0220488
0.0222857
0.0218395
0.0218822
0.0215273
0.0214713
0.0216153
0.0220692
0.0214494
0.0272166
0.0217195
0.0222847
0.022023
0.393695
0.021537
0.0218077
0.021746
0.0220808
0.0220236
0.0217826
0.0220919
0.0222004
0.0220586
0.0221438
0.0216615
0.0220524
0.0218455
0.022218
0.0216119
0.0221849
0.0214565
0.0216896
0.0217863
0.0219103
0.0221599
0.0221636
0.0221022
0.0218194
0.0219621
5.12943
0.021911
0.0219623
0.0220007
0.0221254
0.0218226
0.0263119
0.0235013
0.0291487
4.47418
0.0606824
0.0219781
0.0214439
0.0217041
0.0221766
0.0221965
0.0223997
0.0216749
0.0220889
5.29939
0.0220585
1.33142
0.021502
3.19554
0.0220725
0.022139
0.0216602
0.0216084
0.0221835
0.0214619
0.0219572
0.0219628
0.021739
0.0269282
0.342992
0.0221482
0.0218673
0.0217051
0.022183
0.0367015
0.0220207
0.0219355
0.0221681
0.0219835
0.157994
0.0214009
0.0221854
0.022031
0.0220404
0.0221672
0.022189
0.0220602
0.0217568
2.51721
0.0220939
0.220021
0.0281543
0.0219278
0.0218196
0.0218895
0.0219796
0.0224804
0.0222188
0.0222456
0.0433409
0.0220088
0.0221698
0.0218801
0.0407198
0.163342
0.0222252
0.0220012
0.0216691
0.0218296
0.0219817
0.0221824
0.0259179
0.0220681
0.0231136
0.0335183
5.51625
0.0219619
0.0219382
0.0219435
0.0272244
0.0365512
0.0221605
1.43226
3.25433
0.0219544
1.3792
0.021921
3.87045
0.021885
0.0219408
0.0219378
0.0216257
0.0220568
0.0221692
0.0219431
0.0221529
0.0222034
0.0223518
0.021945
0.0221102
0.0214219
5.03213
0.0215166
0.0218326
0.0237466
0.0280157
0.0216724
0.022217
0.022036
0.0217911
0.0221505
0.0216149
4.58241
0.0220478
9.87153
0.0218784
0.0221326
0.0221938
0.0218977
0.0216339
0.02228
0.021909
0.0216087
0.0215575
0.0217395
0.0220284
0.022048
0.0228555
0.0222056
0.0224782
0.022017
0.0221153
0.022001
0.022095
0.0280637
3.2562
0.0220011
0.0215025
0.0219597
0.0221388
0.0218324
0.0218534
1.65741
0.0217843
0.0220093
0.0249958
0.0904786
0.131537
0.021935
0.021448
4.77971
0.0219341
0.0215352
0.0331597
4.56019
0.0218405
0.0219122
0.0219502
0.0215219
0.0220007
11.961
0.0386534
3.30977
0.0217241
0.0241249
0.0221449
0.021852
0.0215625
0.0214401
0.0216697
0.0218597
5.2882
0.0220113
0.141922
0.0217899
0.0216876
0.0219999
0.0219484
0.0218057
0.0222673
0.0216109
0.487839
0.0222071
1.73992
0.0221182
0.021863
0.021974
0.0288307
0.0216563
0.0218448
0.0217071
0.0215164
0.0388091
0.0228837
4.30027
0.0218775
0.0218656
0.0213901
0.472651
1.82919
0.0218155
0.0218285
0.022024
11.3709
0.0218519
0.0216993
0.0222242
0.0216285
0.186476
0.0217681
0.0218106
0.2479
0.0219185
0.021995
0.0219452
1.80484
0.0347278
0.0217854
0.0216438
0.0218888
0.0219439
5.15962
0.0218384
0.0221175
0.0218014
0.0219896
0.024018
0.0218125
0.0219601
0.0217299
0.0217836
0.0222052
0.0227776
0.0307813
0.0218971
0.0218849
0.0220964
0.0221389
0.0219339
0.0220617
0.0219697
0.0222262
0.0218274
0.0219014
0.0236142
0.0221988
0.0219422
0.0222118
0.022107
0.022015
10.9482
0.0220754
0.0222351
2.37159
0.0219831
0.0221573
0.0219959
0.298877
0.0214703
0.0225787
0.036678
0.0216452
0.0222535
0.0221877
0.19534
0.022057
0.0219424
0.0215782
0.0221103
0.0220081
0.0728789
0.0248648
0.0235836
0.0218685
0.0217225
0.0221933
0.0218438
0.0219957
0.0215998
0.0222428
0.202688
0.0219133
0.0221123
0.580237
1.81385
0.0218734
0.0219748
0.0221019
0.0627299
0.0855894
0.0218614
0.0219165
2.62799
0.0219329
0.0218943
0.0220922
0.0215218
0.022085
0.0222282
4.22398
0.0221617
0.0221047
0.0218691
0.0218131
0.0221281
0.587254
0.0218831
0.0218453
0.021888
0.0297415
0.0221978
0.0218495
0.0219608
14.2075
0.0216062
0.0221439
0.0218146
0.0222062
0.0216899
0.0228913
0.021961
0.0218559
0.0219001
0.0595272
0.0221489
0.0222082
0.0221439
0.0220617
0.0222271
0.0220663
5.09754
0.0220486
0.0606995
0.0222343
0.0217098
0.0222138
0.0222049
0.0216198
0.0216542
0.0216553
0.0218103
0.225113
0.0243234
0.0218178
0.0474169
0.0214531
0.154629
0.0221363
0.0216971
0.021595
1.65452
0.0217172
0.0218159
0.0215198
0.0218136
0.0251168
0.0220623
0.0218663
0.0215229
0.0215557
0.0220168
0.0216478
0.0214699
0.301128
0.123712
0.0218128
0.0220623
0.0220605
0.0218209
0.0258117
0.0216013
0.0220731
0.0218145
0.0219407
0.0222463
0.0219046
0.0215802
0.0253767
0.0289515
0.0221687
0.0218153
0.0217715
0.0215858
0.0223964
0.0219241
0.0221122
0.0219519
1.00291
0.021967
0.0221124
0.0217382
0.0219227
0.0225944
0.0217798
0.0217415
0.0218699
0.0215651
0.0214376
0.0290226
0.0218106
0.0218903
0.0215783
0.0219076
0.0215262
0.0220556
0.0824177
0.0221877
0.0215427
0.0223277
0.0219272
0.0218179
12.5158
0.0217493
0.0218223
0.0216762
1.37408
0.0217358
0.0219193
0.03074
0.0346547
0.0214536
0.022246
0.0222194
0.0217374
0.0219552
0.0219136
0.0217982
0.0374553
0.0222377
0.0221066
0.0221202
0.0219861
0.0218011
0.0218192
0.0216431
0.0227357
7.53772
0.021955
0.0219352
0.0219359
0.0216666
11.5671
0.0218854
0.0219347
0.0219795
0.0220942
0.0222454
0.0214542
0.0218202
0.0219057
0.0221868
0.0219518
0.0219362
0.0318895
0.0245352
0.0220779
0.086232
0.021818
0.0217467
11.5353
0.0218102
0.022037
0.0219184
0.0222005
0.0219482
0.0217485
0.0222078
0.0217799
0.0217967
29.7352
26.238
30.1082
14.6916
0.0215346
0.021889
0.0217379
0.0219056
0.0221528
0.0217627
0.0217117
0.0221437
0.0220732
0.0220629
0.0214771
0.115301
0.0221283
27.2964
0.0221499
0.022111
0.0221819
0.0762186
0.021662
0.0217927
0.0221275
0.0217476
0.0218725
26.6876
0.0217987
9.93613
0.282713
0.0217941
8.85791
0.021819
0.0602735
0.0217409
0.0221814
0.0628387
0.022749
0.0220622
0.0221442
0.0218265
0.0220614
0.0218537
0.0218405
0.0217457
10.2527
41.2601
41.297
23.715
30.396
45.2633
34.3385
17.0602
14.9082
17.4893
39.2826
34.7627
14.7259
43.3115
36.3721
45.2005
15.434
38.2404
9.00152
21.5408
0.0221575
0.0216659
0.0215017
0.0707159
0.0217428
0.0216674
0.02173
0.0222399
0.0222265
0.0218048
0.0219147
0.021827
0.0218008
0.0218446
1.08689
0.0220029
0.052712
0.0217802
0.0221388
0.0215521
0.021887
0.0218124
0.0220275
0.0214277
0.0218259
0.0217683
0.0219105
0.0218829
0.022183
0.0218561
8.42883
8.61567
8.62111
7.38096
7.18907
0.0219136
0.0222195
0.0683847
0.0221809
0.0217897
0.0217542
0.0216868
0.0221234
0.0218545
0.0668829
0.0220773
0.0218175
0.0217895
0.0219365
6.79118
0.0217926
0.0218845
0.0217425
0.0215312
4.69025
0.0218878
5.34654
0.0331512
1.10074
0.0239925
0.041345
11.6762
0.0220106
0.0217101
6.80133
0.158243
1.45752
4.84636
0.032833
0.0214675
0.022669
0.0215835
0.0218021
0.0214842
0.0216869
0.0217647
0.0222003
0.0222169
0.060365
0.025783
0.0218064
0.0216848
0.022075
0.0222397
0.0224215
0.0218942
0.0216453
0.0243104
0.0216806
0.0218782
0.0216819
0.0218538
3.25632
0.021733
0.0222392
0.0221799
0.0220874
0.021623
0.0220436
0.0221627
0.0215293
0.0222005
0.0218434
0.0216233
0.0219249
3.22509
0.0214689
0.0219591
0.0215898
0.0552486
0.0219134
0.0219407
0.0222117
0.0218349
4.55591
0.166604
13.3759
0.021605
0.021791
0.021703
0.0217115
0.0221304
0.0219865
0.0219671
0.0218296
0.0217154
0.0216885
0.0216583
0.0240707
0.08664
0.0215329
0.0217309
0.0219221
5.67008
0.0218043
0.372316
0.0221746
0.021817
0.0218219
11.2789
0.0216446
0.0219142
0.0220971
0.0217505
0.0214186
11.678
0.0214912
0.0218268
0.0481359
0.0220679
0.0219648
0.0288399
0.0398978
0.0216464
0.0217944
0.0221335
0.0218333
0.02166
0.0507097
0.0220986
0.0217967
0.0222092
0.0215924
0.74042
0.022046
0.0219717
0.0222354
0.0218934
0.0219912
0.308317
10.0961
0.0218512
0.0218958
0.0220926
11.1718
0.0216455
0.0338621
0.0216205
0.0220324
0.0215944
0.0217878
0.0219578
0.0219524
0.0216505
0.021586
0.0216512
0.0222186
0.0259655
0.0220719
0.0216413
0.0215153
0.0216957
0.0219846
0.0232761
0.0217868
0.0217724
5.8115
0.0217886
0.0214056
0.0216465
0.0332946
0.021752
0.0214678
0.0213867
0.0469814
0.0220467
0.0217416
0.0220639
0.0216516
3.58725
11.6281
0.023567
0.0213894
0.0222296
0.0217403
0.0220825
0.0219622
0.0219466
0.0214829
0.0216519
0.0222937
0.0223873
0.0216644
0.0253886
0.0469009
0.0220429
11.4065
0.0220073
0.0217885
0.021751
0.0221312
0.0216301
0.0217002
0.474685
0.0224306
0.0215192
0.0216921
0.522055
0.0221432
0.0221832
0.0415939
17.4435
0.0219205
0.0214714
0.0276032
0.208695
0.0216476
0.0219596
0.043934
0.0216038
0.0220031
0.0221624
0.0215212
0.0221698
0.0216301
0.0215091
0.0220062
0.0215274
0.105267
0.0218646
0.0312257
0.0400803
0.0221726
0.0220625
0.163982
0.0214346
0.02174
0.0216328
0.0217631
0.0214747
0.021885
0.0238113
0.0220491
0.0221754
0.022007
0.0219523
11.1464
0.0216163
0.0218874
0.0219641
0.21834
0.0216877
0.0221131
0.0222596
0.0219225
0.0423718
38.0137
39.2668
0.0216449
0.0220358
0.0221959
0.0222482
0.0216684
0.0568736
0.021828
0.308519
4.98846
0.0412584
0.0215172
18.0609
0.0220773
0.0222601
0.0215209
0.021992
0.0216524
15.1899
0.0222346
0.038336
0.0430348
0.0214703
5.79172
0.0216899
9.16027
0.0215478
0.0217296
0.0217394
2.76921
0.0260804
0.0217769
28.9539
0.0246471
0.0220052
0.0216364
0.0217092
0.0229394
0.0216415
0.0220718
0.0216976
0.0220946
0.0218383
0.0218664
0.0217515
0.0214395
0.0222388
30.9032
29.0637
0.0219117
0.0222166
0.0219943
0.0221877
0.0224783
0.0216398
0.0216231
0.0219129
0.0218339
0.0221246
0.0214862
0.137056
9.38328
0.0218205
0.0215348
0.0220051
0.0214725
10.9423
16.1401
0.0216347
0.0225974
0.0222557
0.0218756
0.233381
0.021854
0.0216317
0.022088
0.0229607
0.0221242
0.0215204
0.0215054
0.0218911
0.477278
0.0218297
0.0236803
5.09497
0.0274168
0.0219691
0.0214992
0.0218438
6.83277
0.0221643
2.988
0.153461
0.0226106
0.0221071
0.0218716
0.0288594
0.0221376
0.0215926
0.0299997
0.0221881
0.0224629
0.0220453
0.176979
0.0218382
35.3943
40.0833
0.0220881
0.0218177
0.0309829
0.021729
0.0216999
0.0220121
0.0221056
0.0217131
0.0219657
0.0216405
2.32643
0.0218339
0.0214477
0.0225819
0.0217287
0.0284039
0.0216376
0.0218363
0.0214996
0.0218933
0.0220716
0.0218349
0.0217865
0.021881
0.0218113
0.022028
0.0218997
0.153102
0.0215037
0.0220746
0.022128
12.1039
0.0339777
0.0215105
0.0242449
0.0218959
0.0387586
4.57059
0.0225246
0.021937
0.076277
0.0218378
0.0221617
0.0225465
0.0218796
0.0853177
0.0218905
0.0222189
0.0217455
0.0218416
0.022088
0.0215722
0.0215945
0.0214643
0.0216422
10.7132
11.526
0.0283452
0.0216819
0.0221801
0.0460723
0.0216148
0.0220019
0.0218215
0.0988847
2.60056
0.0221985
30.3647
0.222835
0.0219114
0.0218598
0.02144
0.0651859
0.0218252
0.0218202
0.0220939
28.4042
0.0567407
0.0218397
0.0221457
0.0217535
0.0216599
0.0432056
0.0217833
0.0216465
0.0224407
0.0214413
0.0220456
0.0242062
0.0217825
1.14741
2.53262
0.134488
0.0220536
0.0219378
0.0217809
0.0216367
0.0218586
0.107212
0.0217522
25.3938
0.0246196
0.0219113
0.021678
4.11193
0.021834
46.6253
0.0778669
0.0227732
10.418
0.0215467
0.0221374
0.0220583
0.0218636
0.0221953
0.0387862
0.022913
0.0697377
25.7638
29.1753
0.0221046
0.0221214
0.0315292
0.0227286
0.0218452
0.0220218
0.0221629
0.0217191
0.0219176
0.105642
0.0219928
0.022074
10.5495
8.17001
0.0219393
0.0242196
0.141446
0.0218234
0.643391
0.0219321
0.0429478
0.0218463
14.572
0.0217818
13.8017
4.82884
0.0214891
0.578615
5.45349
0.147856
0.0222084
0.0215297
0.032073
0.121972
44.0757
0.0218302
38.1735
0.0217337
0.0217622
0.137737
1.12192
0.0219261
28.1802
6.33634
0.0215612
46.6112
0.0216322
11.5931
0.0218928
0.0217871
15.0195
0.0219126
0.021847
17.7373
6.28396
0.021859
0.0234297
0.0220141
10.8698
0.0304016
0.0218319
0.0218976
0.0214921
0.0216684
0.0214214
0.0216241
15.3807
0.0214983
4.55003
0.0220721
0.0217801
0.0218345
0.0220586
0.0218581
0.0221548
0.022045
0.0220211
0.0712954
0.155778
0.02458
0.0214673
6.26732
6.9941
0.0218293
0.0219922
0.0258518
10.7142
0.0222284
0.0261338
0.256537
0.298896
0.0365143
0.0335926
0.0221756
2.84874
10.475
0.920981
0.0232687
0.0786483
0.0218821
1.07643
0.0221872
0.0218699
0.0329797
0.0332016
0.021437
0.0218324
0.0218372
0.022031
0.40218
0.0220918
0.0219319
0.171839
0.0215963
6.14291
0.0218685
0.0240913
0.021717
0.0334074
0.0221819
0.0221318
0.0219034
0.0243286
0.0216389
0.021839
29.2385
0.0219312
2.40466
0.0218052
0.0219209
0.0220023
0.0217241
0.0331112
0.0218776
0.0219597
0.0221906
0.02184
0.107626
0.0216682
12.2968
0.0250507
0.0218379
0.0217503
0.0218504
0.0220162
0.0218943
7.24691
0.0237402
0.0218072
0.188887
0.0222092
0.0219553
0.0220323
31.4842
0.676023
0.0425039
0.622187
3.33382
0.0238514
0.183705
0.0221386
0.0218317
0.0219251
0.0544757
0.0218667
0.021501
0.0933953
0.0252025
3.00805
0.0221566
0.0658117
0.0222104
0.0217296
16.4545
0.319003
0.633682
0.0219402
0.0218312
0.0219818
0.0216358
0.0344229
0.0239622
14.7811
0.0218556
0.0220978
0.0214656
0.0222472
0.0215136
0.0216954
3.13365
0.0219742
0.0221653
0.0219553
0.0272808
0.0218937
0.0434001
0.263947
5.81981
0.0216442
0.142445
0.024268
0.0220287
0.024859
0.0218928
0.0216861
0.0246014
0.0221733
37.1933
0.0218946
0.0241243
0.169605
0.0217011
0.129237
0.0217339
0.170028
0.0221285
0.0218267
2.42685
0.0818352
0.021976
0.0215496
0.0281018
0.0216099
0.0358749
0.0316686
0.0365919
0.0222485
0.0217858
0.0217798
0.0216648
16.4154
0.022192
0.0214033
0.021896
0.0387691
0.0279073
0.0217408
0.0222786
0.0221514
0.0217674
0.0219698
0.0220141
0.0220135
11.5742
1.36612
0.023111
0.022285
0.0222837
0.100945
0.0217631
0.0221782
0.0772812
0.02204
0.0226499
0.021516
0.0219384
0.0217614
0.0215201
0.0219886
4.32151
0.0848979
0.295949
0.0297488
0.0218989
8.59643
0.0219194
0.0215972
0.0219063
0.0702617
10.4575
0.0217577
0.0311538
0.0221885
0.023495
5.03234
0.0217749
0.0220205
0.0217695
0.336975
26.4502
0.0237406
0.0421107
0.299057
0.0216663
0.0218604
0.0217529
0.0216496
0.0217053
0.02158
4.36894
3.1739
4.6585
0.0219528
0.0217198
0.0228357
0.0223838
0.0218569
7.90266
7.64937
5.65643
0.0214795
0.0216906
0.0264496
0.0215873
0.0218845
0.0224001
0.022617
2.7941
0.0221434
0.0217646
0.0216513
3.85715
0.216289
0.0215788
4.70305
5.09449
1.08286
0.0218487
0.427615
0.0471348
0.0222744
0.0217495
12.6564
0.0255617
4.13808
0.0217354
4.67354
0.0217284
0.0217835
0.0230409
0.0219168
8.4514
0.0864367
0.0231486
0.0233586
0.022077
2.96434
0.346454
0.272273
0.207629
0.0216233
0.0453277
0.0225835
2.46522
1.18035
0.0217184
3.0129
0.0216784
4.30176
0.0220243
0.0237078
0.0216287
6.2613
27.1151
0.0862708
2.20911
0.0217662
0.0216763
0.0222864
0.0214212
0.0218844
0.0220364
0.0218372
34.4156
0.0262865
0.0221718
30.4142
0.021995
0.0221041
0.021782
4.06269
0.0220546
0.0216596
0.0216984
2.702
0.0225689
0.0740856
27.0353
0.119165
0.0216763
0.0222084
4.39776
0.0281785
42.4151
0.0239608
0.0269484
0.0215028
44.5365
0.036337
0.0408511
0.022123
0.0222741
0.0219567
0.0224693
0.0222322
0.0335219
0.0934472
0.0215533
0.0214556
0.0214866
0.0214876
0.0216837
19.5467
4.78589
0.11565
5.01191
0.129421
5.11467
0.0220719
0.0221903
0.0216031
0.0216094
0.0220309
0.024828
0.0218978
0.0228049
0.0214674
0.0221006
0.194781
0.0345754
0.021974
0.0215082
0.0222638
0.0221379
0.0221226
0.111328
0.0237329
0.0219309
0.0216193
4.70791
0.02209
0.0229399
21.2778
0.0216063
0.0217764
0.0618898
0.0219521
0.0219159
0.0222063
27.9856
0.0216612
0.0219883
0.0221091
0.0224116
0.0225211
0.0225554
0.0216738
0.0246668
0.206103
0.022194
0.0220226
0.0296857
0.0365261
0.0217493
0.022102
0.0217007
0.0221753
0.859828
0.0214164
17.2478
0.0214847
0.0221205
0.110381
0.063872
0.0255097
0.0279545
0.969718
0.0218342
11.4932
0.0220839
0.0883955
0.0219472
0.0265067
0.0218636
0.0221892
0.0222239
2.94956
0.137293
0.0219482
0.339358
0.0222422
0.0223423
0.0220494
0.208729
0.302629
0.0267832
0.0939954
0.225897
0.0232214
0.0217744
0.284995
0.0223076
0.0216995
0.0331029
17.6678
0.39458
0.027184
0.0222095
0.0818079
1.58258
0.595781
0.0219531
0.0218181
0.0335375
0.0223616
0.0214874
0.480305
26.9628
0.0257426
0.169718
0.0253152
0.0220382
0.0216301
0.0216918
0.0241841
0.0219071
0.0220774
0.0601016
0.0214128
0.0216848
0.0222107
0.0221917
0.0220023
0.0218463
0.021966
0.122078
0.0219447
7.32087
0.0222541
0.0218147
5.52307
0.0259185
0.0223674
0.657424
0.0214987
0.0218696
0.0225137
0.0293178
0.0556706
0.021904
0.0219005
0.0226625
0.021881
0.0221498
0.0402217
0.0667178
0.0225098
0.199887
0.0221601
0.0221911
0.0214509
0.022455
0.0544185
5.1009
0.23571
0.0218436
0.0273732
0.0272237
0.0579404
0.0260669
0.0248577
0.0238051
11.9059
0.031344
0.0218459
0.0235713
0.0250167
0.0220425
0.021695
0.0240788
0.0493222
0.106197
0.693603
0.0215122
31.4723
32.0831
0.0227161
0.0220477
0.0217056
0.0221819
0.338531
0.0225619
0.0241276
13.5479
0.0891262
0.0214541
16.4888
8.78173
0.0224595
0.0221289
0.0227945
0.0235237
9.37547
0.0574398
0.0230979
4.78971
3.53961
0.634371
0.0466619
0.0270533
0.999211
18.1173
0.0286509
0.261917
0.0219158
19.9348
16.3585
0.0221285
0.022003
0.0220205
0.0215462
0.0498773
0.0222111
0.876274
3.99338
0.0220674
0.176884
0.0869315
0.0223309
0.0229788
0.0217976
0.0304077
0.138607
0.0231262
0.0220721
3.21716
0.0228394
0.0219859
0.0220772
0.0215148
0.0220609
0.0283209
0.0227811
5.10116
0.0221614
0.0226412
0.0218592
0.0398067
13.8987
0.0217489
0.0243999
0.0216529
5.22353
0.0218298
0.0214374
0.0336042
0.0218381
8.70413
0.0221603
0.0218824
0.0220706
0.0216741
0.0214824
2.94849
0.0360069
0.0485517
0.0656035
0.0218891
11.1278
0.0221558
0.0223456
4.08018
1.01825
6.98589
0.0282666
0.0218868
10.1491
0.023205
31.0772
35.8035
0.0238558
0.021933
4.89948
0.0220426
0.0222194
3.1018
0.157573
0.0241003
0.189691
4.63429
0.0233671
0.0218411
0.0220463
1.78369
10.6008
0.0339682
1.12578
0.0632081
0.182981
0.0242896
0.0220109
0.0236945
0.557008
0.0260972
0.0234611
4.00009
9.35269
0.021663
0.137018
9.89768
0.0264129
3.23332
0.0240713
0.0214512
0.027947
0.0218406
0.0464153
0.0219508
0.159536
0.0214849
0.0219615
0.0214224
0.0220502
0.0220024
16.2666
0.0218849
0.10413
0.0221336
0.0219083
0.0216199
0.0218247
0.0489573
0.0217912
6.35648
18.3812
0.0231994
0.0245392
0.0219555
0.0260734
0.0219894
0.0219968
0.0232331
0.0222289
0.0214693
0.0219233
0.0217057
0.02166
0.341655
0.0221383
0.0218293
0.0220875
0.0220242
19.7138
20.4099
0.0443926
0.0228497
0.0224314
0.183276
0.0218898
0.0217364
0.0222709
0.0273064
0.021748
0.0217767
0.0251289
0.0277025
5.82606
21.9904
0.0216987
0.0219187
0.021602
0.0226241
0.0216553
0.0217145
0.0214293
0.0226503
3.94595
38.1184
0.0232683
0.0221465
0.0260892
0.0219455
0.022007
0.027417
5.28039
45.0941
0.0220354
0.569702
0.023091
0.0217651
0.0222477
0.0239273
0.0217127
0.022608
0.840332
0.0218173
0.0216823
0.0215178
0.0226785
3.90606
0.0219574
0.0285103
3.55079
15.9501
0.0236998
14.0887
0.0253222
0.02896
0.0220465
3.01011
0.0221017
2.95816
0.0218724
0.0221101
0.0350615
0.0290874
0.0221277
3.05608
0.0221438
0.0220122
0.0217951
0.0221632
0.0217203
0.0230357
0.0242265
0.0218427
0.0283909
34.913
0.0229789
0.919653
0.0222016
0.0253528
12.1987
0.0253512
0.0221564
13.8869
0.0218231
0.0221553
0.0220721
0.0223148
0.0310422
0.0220828
7.16032
0.0236931
0.0218494
0.0268492
3.67
0.0221681
0.0221595
0.0221238
2.87927
4.62967
9.04031
0.202079
2.89947
0.0256103
0.129973
0.0248716
0.0264037
0.0216497
0.0219259
0.0232736
0.0222065
0.021969
0.0216297
10.9599
0.0228886
0.0218973
0.12675
0.0217621
10.6769
0.0581148
0.0223884
0.0218837
0.0221206
0.0229234
0.0220971
0.0241216
0.0235866
0.0219064
0.0219221
0.02172
0.0226012
0.049477
4.34007
0.0264824
5.14939
5.57475
0.289415
11.5134
0.0222316
6.12705
0.067635
4.36847
0.0316026
0.0227074
0.022139
0.0219937
23.0702
0.0234923
2.54685
0.0274762
0.0222673
0.0233461
0.0255583
0.0221784
0.0221656
0.355525
0.0216962
0.0241816
24.6818
0.0224811
0.0218929
0.0276555
0.0216166
0.0218685
0.0315827
0.0222668
3.47306
0.0222392
0.120422
0.02228
6.95636
0.0228938
0.0218125
10.6558
0.0225458
0.176993
0.0216352
0.022268
0.475148
31.6292
0.0214999
2.02769
5.44233
3.85588
0.155558
0.0246876
0.0216246
0.0250114
0.626291
7.7929
0.0223418
0.0221417
29.0692
0.021843
0.0593349
0.0224081
0.0221212
0.0849809
0.0651381
0.0220106
0.0218338
0.0224258
0.0215369
0.021645
0.0422084
0.0245862
0.0293263
0.0390305
0.0253563
2.49222
0.0337221
0.0284459
0.709493
0.0276436
0.0219154
0.140805
0.0264456
0.0230178
3.73344
0.0216578
0.0586282
0.0224323
0.0216732
0.0220514
0.140407
0.0218022
17.0609
8.70275
5.07305
0.0217602
0.0214525
0.0278804
0.0220425
0.0788696
31.8248
32.3732
0.0219237
0.0218883
0.02494
0.0296257
0.0265193
0.462858
0.0240107
0.0253984
0.0387155
0.0220222
0.02787
0.024517
4.22384
0.0268025
0.0216278
5.29619
5.86861
0.0218927
0.0222009
17.6031
0.0299638
5.24638
21.3183
0.0226367
0.0237667
0.0232647
0.0229104
0.0219828
0.0218766
0.0257671
0.0226083
0.0420021
12.0306
0.0220861
0.0218912
0.190176
4.79781
0.0221981
0.0222355
0.0216299
0.0280641
0.136923
0.0217959
0.0219331
3.22132
0.0228309
0.0222244
0.0218962
4.656
0.0216042
4.40599
12.7493
0.021762
0.10163
0.0316466
3.94885
0.0225684
0.0792883
5.70168
6.79274
0.0295817
0.022885
0.0220744
0.0307142
0.0477657
16.0439
0.0217765
0.0214278
0.0219728
4.18277
0.0264757
4.27971
0.0216931
0.0594507
0.0330237
0.0297326
0.0221044
0.0576444
0.0218806
0.0725439
8.61977
0.0323296
0.0217145
0.0221033
5.1866
0.0222274
0.0217822
19.8735
0.0216523
0.0230599
13.2821
0.549256
0.0215824
0.0225884
0.0220638
0.0272288
0.639789
0.0231813
0.0457631
0.0214437
0.281192
0.021613
0.158467
9.62039
0.0218379
0.0221991
4.9955
0.0222228
0.0216481
0.0216179
4.05558
0.757217
0.0222874
0.0218984
0.0216374
0.0217714
0.0217038
0.278806
0.0217834
21.7826
0.0217021
0.021694
0.0218532
0.0218169
0.0222801
0.0292919
0.0220188
17.323
18.4309
0.0236428
5.14953
0.13833
0.142717
0.0232322
0.0218518
0.0308612
0.15129
0.0216608
0.124871
0.0216546
12.7762
0.0219293
0.0217706
0.0234563
0.0254021
0.0231553
0.0216191
5.07695
0.0224191
16.2974
0.0969428
8.27777
0.0220415
2.41046
0.112236
0.0218003
0.0807838
0.115574
0.0242553
0.0295155
0.0214514
0.0676943
2.31448
0.021873
0.889543
0.022111
0.129564
0.0219222
0.179951
4.81867
0.0224299
4.56734
0.0215368
0.0227184
0.0938782
0.0323682
0.30225
0.0217926
0.0228139
0.0319458
0.0869383
4.38049
0.0217572
0.0218721
0.0218929
4.62979
0.0231814
0.0255239
6.109
0.0219804
0.0224059
0.0213978
0.0356345
2.16277
0.0560737
0.0284944
0.0221444
0.249484
0.811461
0.0221071
0.0250867
0.0219
0.0216173
0.0222079
13.8445
0.0559868
0.0564321
0.0306789
0.0215906
32.3082
34.5801
0.0218199
0.0230794
0.58443
0.0234945
0.0225235
0.0217117
0.0237042
0.0217512
0.0222479
0.0289096
0.0240639
0.0220712
0.30737
0.0219915
0.734574
0.0827598
4.58397
0.0526891
0.0348559
0.0215036
0.287539
0.0309384
0.0222395
0.0218577
0.658263
0.0214892
4.48249
5.57042
10.1922
0.035266
0.0247049
0.025017
0.022132
0.0219043
0.794985
0.0217708
0.0703956
0.0218605
10.4168
0.0217657
0.0217639
0.0233204
0.0219888
5.34355
0.0254206
0.0443961
33.2837
0.050258
0.0253123
14.1823
0.0219065
0.0225999
0.198379
1.82167
0.787515
0.182895
0.0218945
0.0217773
2.85574
0.0262878
9.28079
0.0947598
0.619919
4.84118
0.0220187
4.56613
0.079663
0.0216539
0.233783
0.0220814
0.0307402
7.68363
0.0220711
0.0276276
0.0221452
0.501681
0.0223357
0.0221383
0.0218657
0.0220136
12.351
4.41012
0.736526
4.74407
4.65649
8.39995
0.0270478
0.0218723
0.02589
0.0215914
0.0214174
0.260278
0.0219648
23.8698
0.0285295
20.6088
0.0235122
0.120231
0.0633195
0.0220304
0.0215767
0.0216829
0.0278017
0.0218353
0.0311206
0.377704
13.0972
0.0221221
10.4732
0.0218016
8.8713
0.0222391
0.0942511
18.8726
0.117763
19.034
0.0221002
0.0218931
0.0386767
0.0218476
0.0265248
10.8351
0.1217
10.2757
0.0361016
9.61638
0.0343495
0.324553
0.0214095
4.75441
0.0317633
0.0217196
0.02202
0.0226375
4.74956
0.028349
0.0215333
0.877318
5.35525
0.0222191
23.1684
0.02223
0.0299356
0.0219003
0.03315
9.91928
0.0293541
39.0424
8.54064
0.0221333
0.0219705
0.0350703
0.095421
0.0478835
5.74358
4.20115
0.0219226
9.08942
0.0219249
0.0216773
3.25999
0.171379
0.684704
0.0273843
0.0218553
0.0512834
5.19638
4.18867
9.49239
0.21966
12.5692
4.11561
0.120077
0.100448
30.0843
24.5096
6.81087
9.24565
26.0438
21.0227
21.0249
0.0216367
1.98149
0.0214904
0.0288867
8.82221
0.0249054
0.0264268
4.54492
0.0324754
0.0246841
0.0219602
0.0301298
0.115716
0.0316174
0.0220003
0.0219467
0.022508
1.1164
0.0217281
0.160968
0.0220568
0.0222761
0.021425
0.0220714
5.90536
3.08374
0.0276584
9.12572
0.0221924
11.5977
0.02158
0.0218935
0.15726
0.0219025
0.0221391
0.0221752
0.0576996
0.0243547
0.0442784
0.0218523
0.0218141
0.0366367
4.97972
1.34348
0.0619304
3.0469
0.63238
0.0219372
4.08907
4.93006
15.0288
0.021742
0.0222381
0.0222565
0.255812
0.0219761
4.24435
0.0218809
0.104499
0.0220195
8.19246
0.022009
0.0807935
0.0241434
0.0221917
0.0220449
0.108667
0.0230169
2.77523
5.24128
0.0218502
0.0216512
5.09153
0.132983
3.41116
0.0222261
0.161439
0.0221333
0.0215551
0.0792088
11.0976
0.109358
0.0347665
0.0223503
0.0256828
0.0365324
0.0221262
0.342449
0.0224108
0.0329945
0.096095
5.90653
0.0344295
0.0217556
0.0217597
11.4721
0.0222446
0.0335614
0.0217789
6.24166
5.55398
0.0219186
0.0216698
0.200103
10.982
11.422
4.52715
0.0223717
0.11377
0.0461521
5.39374
11.2007
0.0245817
0.0233105
0.0262812
0.0943105
0.0222269
0.0880273
0.0280499
0.161274
0.464009
0.0216341
0.0220521
0.0335678
0.0219291
11.3797
0.0217965
0.0217475
0.559093
0.093305
0.405396
0.024885
0.141662
0.0359557
0.0219121
0.030496
0.0229021
0.0522563
3.82831
4.0285
0.0225741
0.0215027
0.0557323
0.0772505
0.0237725
0.0239364
0.0220383
0.0213886
0.0500639
0.0674024
0.0218925
12.7515
0.022057
4.48476
3.80676
0.0222939
0.0345729
0.0223201
0.0237583
0.0445532
0.0559307
0.022748
0.0222883
0.0894753
0.0217963
0.252023
0.0216487
1.35073
0.0345464
4.55255
0.338657
5.2182
0.0701058
0.0214334
4.42449
0.0213945
0.0225963
0.0221847
0.0221919
0.0292805
0.0227159
0.0315265
0.0222879
0.243507
0.0514305
0.0848768
0.0568358
4.66967
0.0218177
0.0343199
0.021772
0.0221816
0.0217864
0.0218725
2.45099
0.0221434
0.0222299
0.0303387
0.276712
0.0452635
0.0217844
0.115524
0.321983
7.41182
0.0237494
2.78946
2.20806
0.0220099
0.022977
0.072083
0.0623818
13.3451
0.128038
0.0220857
0.0456919
0.0214604
0.146193
0.705674
12.7423
0.323062
0.0218446
28.235
0.0216576
0.0217938
0.0241902
0.0529122
0.0378559
0.108365
0.0351357
0.0214489
15.6766
0.0608171
6.55294
9.86983
4.74611
0.0275283
0.0229532
0.0223791
0.0223786
0.0219891
0.0243749
29.949
17.5356
9.28608
0.30519
0.308119
0.0219905
0.0219146
0.0226197
0.0239134
10.2327
0.0226091
0.0222379
0.0217271
0.0217126
0.0215686
0.0365438
0.031705
0.0217083
0.0269256
3.10992
0.587197
0.0350432
6.97304
0.0218351
0.437612
2.89977
0.113377
0.0217847
0.021863
0.0221972
0.839125
0.025624
0.0277862
0.0429963
0.216521
0.0377542
0.0222868
0.0221478
0.06623
0.0218492
0.103698
0.0241386
0.0283681
0.0216075
4.22055
0.0315443
0.0218971
0.727983
0.022286
0.1185
0.0218314
0.0220347
4.36732
0.0539128
0.0412378
0.0218219
0.0217608
0.021683
0.0215911
0.0219583
0.100251
0.528645
0.306766
0.038635
0.0785769
0.0217837
0.106916
0.0222783
0.534736
1.65036
0.025294
0.0218839
0.0216957
3.30688
2.09226
0.0234474
0.135343
0.029341
0.0222265
6.13954
0.0221926
0.0930198
10.8243
0.022036
11.3295
0.0213925
0.0222267
0.0367813
28.7017
0.0215939
0.0237538
9.49599
0.422967
4.18373
0.0216185
0.022221
12.2216
13.7031
6.29787
18.2436
0.0534234
0.0221964
0.0218066
0.0220223
0.0216741
0.0221564
1.37568
7.73953
0.566915
4.45468
0.0214953
0.0216156
3.47305
0.0277079
0.0221272
0.0217089
0.022129
4.99126
0.039126
5.69094
0.0222321
0.0219933
0.0222197
0.0362519
0.0248716
0.0227095
0.0239535
4.79647
5.72161
0.0229479
0.470798
0.0218873
0.02213
0.115114
0.740988
0.0214105
0.112148
0.0219367
37.7736
0.0220466
0.651968
0.0222953
0.0353066
0.0217955
0.0222633
0.0227179
0.114167
0.0642366
4.79262
0.0218992
0.022199
0.0215077
24.8458
8.99983
0.0237864
0.126138
0.0786795
0.0227826
0.0250747
4.17843
0.0426502
0.0215282
1.24828
3.12728
0.118068
0.022274
0.0216597
0.0222137
0.022019
0.0460723
0.0222714
0.0221664
0.0250337
4.4249
0.022249
18.5358
6.44959
3.1535
0.0758165
6.65274
7.11964
7.31027
1.27065
4.60864
1.09171
0.0658428
0.139904
0.0217603
0.646431
0.0219723
25.2464
0.48757
0.0214488
15.7213
0.0425305
0.0216867
0.138222
6.29989
0.0217758
0.063324
0.021776
4.4598
8.60047
10.3087
0.0220601
3.64874
5.0806
9.41296
0.0526186
0.0416515
1.30172
0.0214653
4.72813
1.68678
2.95311
0.0219605
0.024668
0.0216093
27.8532
0.0219128
0.729763
0.0355593
0.0279088
0.842828
0.0240046
0.0220157
0.0219656
0.0220431
0.0221369
14.4723
0.0218899
0.0265284
29.9919
8.57063
0.142851
0.0225758
0.0341851
0.373402
0.0215193
0.0221213
0.0234228
13.5081
0.0242399
0.554823
0.0219175
0.0215965
0.0720904
0.0427118
0.0371272
13.4432
0.0217112
0.707
0.0249491
0.0220288
0.048959
0.907232
0.0217509
14.9393
0.0260102
0.657532
4.09464
0.167028
0.0218265
12.976
0.627495
0.0315558
0.0255693
2.51014
0.327934
0.0219076
0.0217084
2.74692
0.0216926
0.0215739
0.0225685
0.114938
5.759
0.0215551
0.0361451
0.0713007
0.0794558
1.18781
0.0218934
0.021864
0.0218718
0.0222658
0.578472
4.49401
0.0427324
0.0219536
0.0214222
0.125737
0.0220948
0.024263
2.17345
0.0222358
0.0235642
4.26735
0.0218023
0.0220367
0.0271641
0.0220076
0.0218993
0.368903
0.0715357
0.103048
0.0222112
0.0223683
0.0365899
0.0503438
0.0219831
0.0406025
0.0214628
0.0244166
7.78044
0.0222749
9.31263
0.021415
31.7549
4.59446
0.0217837
0.0273306
3.31981
0.0242145
1.04523
13.249
0.022295
0.0362699
0.021805
2.97458
0.92629
0.0220745
14.0914
0.0222977
0.0217902
0.376742
0.096593
0.513121
5.95859
0.125919
0.0216572
4.83071
0.0218087
15.0981
0.0221351
0.100743
25.6408
0.0222453
0.0216989
0.0371295
0.0215127
0.414152
0.465943
0.02176
0.0215881
0.0215902
0.021622
1.51455
0.253427
0.0378212
0.739182
0.0272019
0.0258535
0.0235179
0.0278724
0.0281647
0.0215139
0.0221206
0.0216312
0.0217459
0.0242802
0.0920168
0.0222521
0.279401
10.3018
0.0216423
4.30961
0.0215797
0.745811
0.0222239
4.30409
0.862175
0.022162
0.236918
0.0222863
0.241536
0.687469
0.0218769
0.0222689
0.0849628
0.0299862
0.022225
0.0414835
12.9485
0.0222833
38.6795
0.0224645
0.0218164
0.166154
6.67645
0.0228615
0.0218598
0.0253113
0.0219576
0.0388937
0.0215964
0.0218818
0.0214533
0.0222388
4.52753
0.0264898
0.0222285
0.0217352
0.0251784
4.96836
6.08993
0.128387
0.0216462
0.240785
0.0408073
0.0214197
0.0218271
5.57569
0.0222508
0.0217494
44.5439
0.0296282
11.3281
0.022514
0.0441474
11.4258
2.2268
0.744712
0.0217654
0.0724265
0.0221628
0.0223438
0.0216407
37.1474
0.0539635
0.0216928
0.23787
2.37136
4.42848
0.0219935
4.23338
0.0221291
0.0218913
0.176498
8.68433
0.0258037
13.2785
0.0790347
11.181
0.0216511
0.0293927
0.0686557
0.0218684
0.0222064
0.456631
0.0357534
10.6957
13.3218
0.0216689
22.7139
0.0240707
5.70452
0.0221805
0.772522
4.11792
0.0817137
0.0222195
0.0219168
1.04642
0.0220715
0.0214807
0.16228
0.0301328
0.0219079
17.7834
0.0219542
0.0217485
0.022182
0.0221906
0.0214896
0.0217212
0.0216218
10.2992
10.7429
0.0222707
0.0215681
0.0218087
0.0217443
0.0264977
0.021754
4.51571
0.0315758
0.668622
0.0288451
0.0269022
3.20897
0.0218271
0.0876448
2.9252
0.0247282
0.559945
11.118
7.18994
0.0213933
0.022045
0.021721
12.7246
0.618526
5.2566
10.2118
0.0312904
0.0216631
13.8668
0.0278744
0.0219754
0.021879
0.0219768
1.00323
0.0338665
0.347661
0.0218249
0.0220118
0.76365
0.0215545
0.0227252
0.021791
5.70797
0.021583
0.0218014
0.0716107
0.0222162
0.0221714
0.0241793
0.0933884
0.0357307
0.474992
0.0786718
0.0222461
2.5541
0.0314106
0.0217812
0.0220036
7.64256
0.0219825
12.2478
5.8724
0.0215743
0.439937
0.0218033
5.04137
0.505301
4.81996
0.0415178
0.206996
10.1794
0.0352013
11.1361
0.61435
0.0219037
0.0217617
0.0498656
0.067778
7.07336
0.0271172
0.0265138
0.0218831
0.022292
0.0216922
0.0310019
0.0438051
4.64584
0.0430388
0.0220198
8.6093
0.039003
0.0220756
0.0218984
0.021865
0.021534
0.0228369
0.0222314
0.0441754
0.0314345
7.10034
14.4656
2.34516
0.0216279
0.0218536
0.0374241
0.0259469
0.0217246
0.0250076
0.0216162
4.33075
0.0219538
0.0734254
12.1034
0.0222121
0.0220144
0.0218735
11.1292
0.0764916
0.0530409
4.10529
0.0217045
0.0228929
5.43749
8.5524
0.0222309
12.6626
0.0222933
0.0450584
5.37367
0.021779
0.0221476
0.0218637
1.22876
2.85721
1.02782
38.1934
0.0222512
0.0220625
0.0219683
0.110299
0.0221501
0.0215891
0.0220318
0.0216295
11.5678
0.0222927
0.0222917
6.84833
0.411163
10.6101
0.0253747
0.0283395
0.0321972
0.190386
0.113469
4.78334
1.4735
0.466992
0.0217044
4.67982
0.0215801
0.0239696
0.0219675
4.56332
0.0214554
0.0217748
0.0221048
0.0220668
0.522039
0.0224258
0.0222939
0.36453
31.7716
0.0218518
0.0217525
0.0677651
0.0216709
0.021983
0.0217858
0.0218724
0.0338014
0.121042
0.0269744
0.28457
16.0227
0.0238775
2.68102
0.117768
0.0278954
5.38347
0.0216421
5.37543
0.859463
35.7442
5.37273
4.21364
9.79676
0.0330997
0.0219209
0.0227718
0.0218563
4.56815
0.0219032
4.34818
0.621175
0.0221816
6.90052
0.0661594
0.0217159
34.709
0.112962
0.0214275
16.5229
0.022296
0.0313276
10.3364
0.0231772
0.161364
24.0176
0.0215696
4.13594
0.800536
0.0220773
12.5886
0.0217037
0.047929
0.0218983
0.021865
4.05182
0.0217628
0.0217962
1.00628
20.2338
0.785287
0.0219232
6.13822
4.1226
0.111037
4.56234
0.0216953
0.0218386
5.75961
0.0217405
0.0217333
0.0222112
0.0219547
4.48093
30.8511
0.0421656
0.0216149
0.0269443
0.0218828
11.5752
0.0221638
0.023884
5.61824
11.3275
11.2838
10.4836
0.281566
0.0218918
11.3218
0.0218375
11.323
5.28391
0.134629
0.0221156
0.0219159
0.425729
0.0217026
1.88476
0.021766
0.0215162
0.0215711
7.39248
1.78583
0.021766
0.0214058
0.164486
11.2663
11.2534
12.2226
0.0218282
12.1198
0.024537
0.0220757
0.0299494
10.8582
0.0219308
0.0222694
0.0219221
11.0732
1.72806
0.0218826
0.0220764
7.86369
0.0684074
3.94363
9.41828
0.239345
0.257066
0.0530967
0.021918
14.3475
0.0217849
10.6089
0.0219718
0.864464
0.0218171
0.0450878
0.210905
0.574717
11.1976
0.0218944
0.101757
0.0243062
0.021946
0.0480943
0.0219007
0.0401485
0.0219878
0.0218672
0.0218419
0.046172
0.0250741
0.0214052
0.0220304
0.0217063
0.0899954
0.0219838
0.0530155
0.0216616
0.0222637
5.53883
0.0227855
0.0651366
0.102908
0.0217389
0.0217764
31.1341
0.100784
0.021658
10.3565
0.0216424
0.021917
11.0155
0.0214009
0.0222004
0.0386417
0.0221321
0.159154
0.406508
0.587035
0.0809327
0.0221422
13.0594
0.0222944
0.0220673
0.133547
0.0235819
46.4294
0.0219029
0.0215236
0.0219858
30.0241
35.4498
0.0217677
0.0269708
0.0222485
0.0559313
0.0216737
0.0218261
6.97729
0.02225
0.0217743
2.98998
0.0221231
4.715
0.0219385
2.39929
0.0219448
4.91386
0.0903343
0.0218953
0.0219492
0.0222507
0.0221385
13.8044
0.033649
0.049266
5.78214
7.90391
0.0217813
0.0221986
10.6193
0.0884823
0.0221027
0.0217236
0.0219276
0.0502124
0.0362884
0.0938014
0.0262861
0.0216625
0.0219765
12.7103
0.0219371
0.0218434
0.0234799
0.0280835
0.0218837
0.0217272
0.0234545
0.0399499
0.0216207
12.1157
0.0217268
0.231742
0.0214057
4.05833
0.0215305
0.0230681
0.368735
4.09157
9.42475
0.631184
5.45808
0.0219347
5.96558
0.0216734
0.0216456
0.036831
2.08722
14.095
0.0215779
4.49971
14.7697
4.33811
0.0222639
0.0216028
0.0216372
0.0220277
5.7653
0.100701
0.0661347
0.323655
0.0217864
0.0214167
0.0216012
0.0217661
0.180899
16.2776
0.0219583
30.3067
0.115498
0.235666
0.0553226
9.91955
3.38886
0.0217248
0.0219911
32.0591
15.3134
6.03511
0.0221804
0.15232
11.2924
0.0215131
0.0221933
13.1236
0.0215632
0.116692
0.114546
0.0224232
27.9027
0.0219271
0.0657381
14.5591
0.026364
3.37148
0.0219289
2.69432
9.4646
0.0217132
30.041
0.0216705
0.0260344
0.0218999
0.699549
2.93526
0.0268939
0.0215035
15.6634
0.0222875
0.0214325
0.0218721
0.0268363
2.64757
0.0214628
0.0226935
0.0217549
6.0431
10.5432
0.0224699
0.143717
0.483102
0.11396
0.11045
0.0220182
0.042913
0.0267607
39.3079
0.0234186
0.0231784
8.20971
0.0318329
0.111032
0.0264086
0.0219378
0.290046
0.0217227
0.0219881
0.0217356
6.15922
0.02192
13.9916
0.0221266
5.18801
0.0218212
0.0316476
2.41183
12.6368
0.0216838
0.0222619
0.0218625
7.13253
0.0216355
4.55851
0.155254
0.830366
0.0219472
0.021482
12.3851
0.0884191
27.9506
0.0303629
22.9758
0.0286978
0.0219202
0.021944
0.0677622
5.21358
0.0218695
0.0287102
0.0218819
0.368952
0.0217616
0.11266
4.07639
0.0216833
0.0214138
0.0742592
0.0217649
0.295476
20.5735
0.0222243
0.392416
0.259092
0.0450812
0.0215747
0.0217667
0.039757
0.0367945
0.0250599
0.0502276
0.288621
0.0217173
0.0267658
0.0457394
0.0217677
0.507604
0.0223571
2.776
11.3488
0.022106
0.0223655
3.61833
13.1076
9.55989
6.02179
0.0217249
4.18667
0.5731
0.0216155
0.0260493
0.0216726
0.0218768
0.0215877
0.0220029
0.022199
0.0406762
0.0215636
0.0224947
0.0271356
11.3966
0.0217955
6.00245
0.418873
0.0216244
0.0220892
0.0220638
0.0220945
0.530812
0.540652
0.0218954
0.0218154
0.0219542
0.0222689
0.0219631
0.0239097
0.0217269
0.314725
0.507216
6.34305
0.0268643
0.0217579
0.0261645
0.0236286
0.0220029
0.114063
0.0222456
10.1274
0.0294335
0.181411
0.0222876
0.0216941
5.85242
0.0219183
0.0480248
0.0220589
0.122742
0.0746102
0.0863385
0.0221744
0.0238014
0.613353
0.0216874
0.0222153
0.0232536
0.0219437
0.0217203
3.15999
0.490323
0.0217343
0.0217713
2.80537
0.115857
0.0218384
0.0218834
0.0514526
0.022258
0.0264126
0.273713
0.661913
0.0226982
0.051128
3.6369
0.02191
0.0221935
0.0219394
0.0216066
0.0217487
4.43652
11.2881
0.518375
0.0239106
0.0365201
0.0219039
0.0222593
0.0256186
0.667611
0.048534
0.0258964
0.053632
0.0741647
8.79854
0.0219952
0.556976
0.0418718
0.488065
0.0346945
0.0216148
0.475112
7.7878
0.0326649
11.266
0.947388
0.0216857
0.0511199
5.87165
0.021528
0.0222327
11.9716
11.7424
0.0214485
0.0217965
0.109535
0.0215699
0.490731
0.0216443
0.0217293
0.0220966
5.0868
0.0286526
0.0742874
0.665142
0.0756269
0.0284312
12.7621
0.0216321
0.0215477
0.021887
0.157534
0.694282
0.0478546
0.0238718
0.0217723
0.0217399
9.88185
0.0219151
0.0219173
30.6375
14.1446
0.34782
0.0219196
2.99399
0.0217991
0.0220466
0.249694
0.404798
0.0219593
0.706266
0.0219138
0.0224282
0.0261747
0.0231397
0.0218004
0.0215345
3.98643
11.3564
0.0216962
0.0216177
0.159275
0.029656
0.0218775
0.0257909
0.0221003
0.021795
0.0389015
0.0216079
0.0220548
13.7287
10.1049
0.0254011
0.0218582
12.2995
0.0213916
0.0217118
4.77903
0.0220225
10.4974
0.191211
0.0257619
0.732372
0.0218973
0.0218272
0.0218779
0.0217707
0.222553
0.0271066
0.0219177
0.0216171
10.7509
5.11956
0.0217395
3.29967
9.8757
0.0219006
20.9857
12.2709
0.025353
0.0220131
22.7978
0.0220203
0.0217331
0.021845
0.021812
0.0220666
0.0784284
0.0859817
11.3653
0.0218567
7.22625
0.768595
10.8501
0.0218782
0.32731
0.0217103
0.027215
11.7007
0.0219082
0.0704733
10.4657
0.0251189
0.0381623
0.104635
0.0214226
0.0216763
0.0473266
0.0219985
11.247
0.49902
0.0218946
0.0219429
0.0266564
0.0221486
0.0413192
0.0219767
0.30038
0.0218557
0.0217827
0.0572206
0.0308522
10.0697
0.109686
0.0226575
2.53968
0.0820302
0.167822
0.0222135
0.751125
0.416471
0.0221096
4.17171
33.8428
0.0216225
0.0222945
0.134806
0.0994677
0.0217788
0.0412901
0.756703
0.0214338
0.0218929
0.0421256
0.0222186
0.0527949
0.0217502
0.700641
1.00502
0.0389104
0.422863
0.0214874
0.562455
6.54346
2.62023
0.0307467
0.0216069
0.0224124
0.0966683
0.0220834
0.0216262
0.022249
0.173186
0.0219137
0.0216224
0.0222665
0.0214348
0.022253
9.94184
0.259539
0.0222005
0.0218059
0.0217516
0.022026
0.18127
0.316547
0.799785
0.0706586
10.3918
0.0220161
11.8168
0.48629
0.0260597
0.021846
0.0360683
0.0220188
0.0219144
0.0214557
0.0779714
5.16046
0.0218428
0.115109
0.0849184
0.0320289
0.0221471
7.57845
0.0221596
0.0233979
0.106426
0.339645
0.0222234
0.0219536
0.0215233
0.0226339
5.5905
0.0221512
13.653
0.0218712
0.0218863
1.27158
0.0222682
0.0219498
0.0222358
9.34616
0.0222176
0.103311
0.0299278
13.6537
0.102035
3.23418
0.0218719
0.0222922
0.0216876
0.0217981
0.0264346
0.0220964
0.0218941
11.9828
0.0222855
0.0219434
8.13233
4.63172
0.021815
0.0559195
0.0215961
0.0214527
0.0227351
0.0216315
0.372094
16.7724
0.0214097
0.0221618
0.0696912
14.2496
0.0220257
0.0505405
12.6804
0.0220712
47.664
0.0224312
4.43825
0.0222231
0.928876
8.36298
0.0216809
4.05914
0.0231589
0.0216373
0.0218092
1.02282
3.55214
0.059377
0.0221724
13.2921
0.0219955
0.0223512
0.0219274
13.2129
0.0902505
0.0415836
10.0897
0.0217831
1.15838
15.0418
11.4378
10.4613
0.0344602
0.0334265
11.1007
0.0219869
0.022413
0.0693958
6.05925
0.0214199
0.0222853
0.021898
0.0219466
0.0219083
0.0283264
0.387609
0.0218248
37.7712
0.0219046
0.022695
0.0219333
0.0459806
6.11981
0.0221653
0.0217138
0.0503121
14.1872
0.974207
10.9499
0.592567
0.0218669
0.0218456
0.0214734
0.384023
0.0222652
0.0218441
31.9402
0.0218938
0.10103
12.0725
0.0219493
11.0256
4.95057
0.791512
0.0436875
0.109147
17.4077
0.269778
0.0218996
0.0216392
0.0332571
0.0221125
0.0444002
46.6787
12.6264
0.02736
7.29552
0.880606
14.2436
0.0214277
0.0221802
0.0219336
0.0216821
0.0218566
4.69675
5.44233
0.021831
3.42399
0.0218314
0.0218751
0.437778
0.0217732
0.582116
4.31315
3.69788
0.0217251
0.0218583
0.0222469
0.0222439
11.7042
0.021967
0.0253787
0.0219615
0.0990916
0.0234522
0.0219719
0.0219377
3.8657
0.0216081
0.485777
0.0218137
0.791945
0.0220302
0.0219483
0.0223697
0.360041
0.021673
0.0217436
8.96728
0.021877
0.0360355
0.271655
0.515932
0.0353979
0.0217529
0.021895
0.68077
0.0274962
0.0216687
0.0883476
0.126107
2.697
0.0219644
0.0219195
0.0219235
0.0217438
0.021933
0.0222009
0.471606
0.0224981
13.7528
1.1954
0.0392322
0.0222696
0.0218428
0.453979
10.1409
0.0217086
0.021869
0.0846683
0.0222744
0.0226016
13.3891
3.65771
0.0218849
1.98417
0.0221629
7.64332
0.0215891
0.0220167
0.0218951
0.450282
0.0215857
0.0218808
4.70425
0.021847
0.0324823
0.0648646
0.0219094
15.9265
0.026078
5.83073
4.07262
0.0218909
0.0222534
3.70639
0.0218128
0.0218393
0.0219726
0.0278877
0.0220715
12.2949
24.2222
2.95825
3.70362
0.0215825
0.464617
0.0218543
5.73796
0.0256532
0.0259317
0.0217141
7.79691
0.0220574
0.0222891
10.0601
0.0217215
0.0368357
0.0330922
0.022279
12.424
0.0217282
2.94954
0.0265714
0.0219784
0.0218407
0.0214266
5.10287
0.0217398
4.05957
0.0222668
0.0236511
0.0232205
0.0249233
8.22904
0.0220899
0.0234806
0.149166
0.0484068
0.136852
0.0219348
0.0218585
15.1704
0.0214075
15.7731
0.0267654
0.0218557
0.0218993
11.5461
0.353395
0.0217574
11.1024
0.0218049
0.0226195
0.0217912
0.0508143
0.0228526
0.0467429
8.92804
0.0218895
0.0217079
0.0219122
11.8931
0.0218763
0.022088
4.97468
0.0218727
0.127719
0.0217072
0.0261678
0.0219349
0.0220397
0.0221079
0.191768
0.0279719
0.0218004
0.116349
0.0221024
3.44179
0.0219001
0.127518
0.021875
0.021872
0.0219178
36.8448
0.025613
0.0220838
0.295147
0.0217917
0.0262466
0.0222387
0.0237696
0.022273
0.0218901
0.0217569
11.7152
0.021975
0.0218014
5.91495
0.0220026
0.0217586
0.0218782
1.14601
0.0222055
0.0499779
0.0272261
0.427483
0.0222117
0.0425278
0.0217175
0.0222966
0.0266019
10.0408
0.0222926
0.0216623
0.021912
0.151325
0.576815
0.0222866
0.0218298
0.0217056
6.74873
0.0216043
0.0326613
0.0393253
1.03206
0.0222948
0.021574
0.734981
0.0221194
0.0473481
0.0281945
0.0214321
0.0378975
0.0219797
0.0268148
0.0214583
0.0217464
0.0219156
10.643
0.0220107
0.215602
0.0216555
8.89368
3.88169
0.213875
0.0220086
0.728892
0.344356
0.0272646
0.021889
0.0266593
38.8951
0.0218238
4.07092
0.0222557
0.12848
0.0242335
0.0222149
0.124261
5.59466
0.0218054
0.0231892
0.0219204
0.0315334
0.0218427
0.0216976
0.0220403
0.85085
14.3256
0.0222912
0.0219234
0.0216774
4.33254
0.0218458
0.115117
0.0218459
5.75834
7.67551
0.392862
0.0403025
0.0222519
0.0220891
15.2236
0.0216732
0.0344644
0.0222661
0.0327565
30.1381
7.031
0.0222869
0.0216012
0.0296112
10.4656
0.0586532
0.0218064
3.73552
39.5252
0.0215389
0.542926
0.0214886
0.0417742
0.0218449
0.0221271
0.0222856
0.0328857
0.0218774
0.0214818
11.5746
0.0234725
0.0222396
4.65441
2.68965
0.0220318
9.36898
0.022099
1.03148
0.0228736
0.0214956
0.0215683
0.0220147
0.0246944
0.330214
0.21907
0.0220041
0.022346
6.66688
0.0220414
0.0216061
0.0218539
0.0219049
0.338715
0.021919
0.0215937
0.0216197
10.9963
0.0222667
0.0218982
0.0216371
5.27657
0.0221637
0.3226
11.6756
0.0219063
8.83679
30.6865
0.0221659
0.0502923
0.11424
0.0214942
0.0216821
0.0223395
0.0219191
0.434513
0.0254668
0.0218255
0.0216305
0.0218866
0.0220278
0.0216095
0.0222293
10.646
0.0215602
0.0218309
0.0244005
0.0218417
5.07084
0.0218703
0.022054
0.0219694
0.022143
2.52343
7.0591
4.29471
3.40824
0.0220356
10.9989
0.0218252
0.0215901
0.846165
5.89983
0.0222141
0.0219076
0.0733208
0.121999
10.8547
14.1558
0.0420507
4.12591
0.0224517
7.25048
0.0219009
0.0239939
0.0218536
2.9363
0.0218772
14.1559
0.0222536
0.0234649
0.0221463
0.0221966
0.382357
0.0215908
0.0214603
7.425
0.0504475
0.0222464
0.0215402
0.0215828
0.0221694
0.022255
0.0220519
0.0218703
22.9621
0.0217895
0.0219269
0.0222548
0.0215908
0.02157
0.0345139
0.0222971
0.0364646
0.0221646
10.3583
0.0217118
0.096168
0.0631033
0.02178
0.892638
0.0214388
6.01136
0.0220442
0.0220188
0.02184
0.0215593
0.0977995
0.0218388
0.0220597
0.0215645
4.72728
0.1605
0.0220244
0.022271
0.726374
3.18522
52.037
0.341645
0.595696
0.0218051
0.0218449
0.0289163
0.0218117
42.8145
0.022258
0.0890428
0.0218307
0.0222472
0.0273772
0.0214757
0.0222506
0.0384535
0.461032
0.0216285
0.0215491
0.0222091
0.0218789
0.0216661
0.021651
0.021929
0.0218608
0.0284834
0.0440802
6.71772
0.394499
49.9848
0.0215584
6.61384
0.0218298
0.131912
0.993771
0.0220328
3.67564
0.0218522
1.41211
7.00747
0.0691287
0.021842
19.5478
0.023417
0.148975
0.0223183
0.0284792
17.2252
2.92349
0.414504
0.023645
19.9709
0.24521
33.8615
0.0259713
23.4745
39.8969
13.3066
0.0216313
0.0222742
4.0913
0.021447
0.0219368
0.431504
0.0219072
0.0220935
0.0347741
16.8277
4.07444
10.8542
0.0218571
0.0218218
0.0222075
11.2319
5.51925
0.253081
0.0245561
10.6932
0.0218878
0.0269121
2.72019
0.0237954
0.240413
0.0222202
0.022234
4.20477
0.021803
0.814006
0.0218621
0.0222827
0.040474
0.021787
0.0231541
0.0760168
0.0222666
10.209
0.0218749
0.0214514
10.6531
0.0221194
0.0219087
2.76362
0.0807585
4.51316
3.87908
12.5728
0.021827
0.107169
7.51327
0.0940324
0.025568
0.0218315
10.8256
0.0217566
0.0220556
0.14924
0.0810298
0.0397976
0.022007
0.0222309
0.0218192
4.09208
0.0458393
11.8483
0.0222711
13.6161
0.0218636
0.04116
0.023389
0.0216132
0.209226
0.360313
0.0313708
0.13137
7.77419
0.0222725
0.0231763
0.025976
0.0301063
0.0218725
0.0262494
0.0260121
0.115184
0.0215183
13.585
9.70333
0.0218751
1.67744
0.812282
5.32198
0.022271
0.0215484
6.3236
0.0219251
0.458952
0.0222308
0.0222723
3.59383
0.0231618
0.0216502
28.8006
0.0248894
0.0729308
0.0218875
4.82461
0.0505284
0.0979932
0.0288047
0.0222839
0.120474
0.022127
28.4028
0.0249687
0.373074
0.537851
4.16885
0.148744
7.23463
0.023023
0.0753537
0.0343548
0.661785
18.9235
0.0217845
0.424115
0.0220467
0.0218877
0.89089
0.0625159
0.0215363
0.0688394
1.66392
0.488064
0.379593
2.93766
0.0676221
0.0222634
0.0234558
0.0216889
10.2273
0.0218234
2.89197
0.49939
0.0227426
3.95187
7.69467
0.0216466
2.37763
7.94318
3.63257
0.0219696
0.0218757
0.022101
0.0394912
0.022273
1.58339
7.08514
0.0390691
2.71863
0.0221937
1.0709
4.18309
5.17736
0.0218631
0.381979
0.0243649
0.104604
0.0301097
0.240786
0.0359833
7.02678
0.022248
0.0218182
0.0215965
0.518192
3.19078
0.021896
10.519
0.0663734
0.0917765
0.0218583
0.112845
0.0221602
1.05374
1.75343
5.48829
0.133364
10.6732
0.0674625
4.48278
0.0876999
0.0220875
0.464041
0.0218228
0.0416242
0.0219367
10.7978
0.0216437
0.0245787
10.7681
0.0448372
0.0415921
0.0725085
14.5486
17.7403
3.13694
5.57949
0.0376964
0.0219071
0.0216247
0.0400645
13.2952
6.58597
0.0272468
0.0258419
0.0895943
0.0397159
0.122722
0.411822
0.0923277
0.0463357
0.0562649
0.491217
0.0215274
10.4181
0.0217402
0.0222806
0.132749
0.0267317
6.8768
29.2698
0.126614
0.40728
0.448222
0.0218583
4.40739
5.60097
0.0383749
0.0268294
5.69304
0.0364454
0.0439026
3.12577
0.962548
0.0218952
6.25432
6.71138
0.0216806
6.15175
0.0220988
0.0215317
0.0214441
0.0296279
0.499967
6.26933
0.444296
0.0448595
0.0421769
0.0380767
3.70205
)
;

boundaryField
{
    frontback
    {
        type            empty;
    }
    topbottom
    {
        type            fixedValue;
        value           uniform 0.0223;
    }
    outlet
    {
        type            zeroGradient;
    }
    inlet
    {
        type            fixedValue;
        value           uniform 0.0223;
    }
    walls
    {
        blending        binomial2;
        n               2;
        beta1           0.075;
        type            omegaWallFunction;
        value           nonuniform List<scalar> 
120
(
23.9651
42.2757
39.0352
45.5852
29.7352
26.238
30.1082
27.2964
26.6876
10.2527
41.2601
41.297
23.715
30.396
45.2633
34.3385
17.0602
14.9082
17.4893
39.2826
34.7627
14.7259
43.3115
36.3721
45.2005
15.434
38.2404
9.00152
21.5408
8.42883
8.61567
8.62111
7.38096
7.18907
38.0137
39.2668
18.0609
15.1899
28.9539
30.9032
29.0637
16.1401
35.3943
40.0833
12.1039
30.3647
28.4042
25.3938
46.6253
25.7638
29.1753
14.572
44.0757
38.1735
28.1802
46.6112
15.0195
17.7373
15.3807
6.26732
6.9941
31.4842
16.4545
37.1933
26.4502
7.90266
7.64937
8.4514
27.1151
34.4156
30.4142
27.0353
42.4151
44.5365
19.5467
21.2778
27.9856
17.6678
26.9628
7.32087
8.70413
11.1278
6.35648
45.0941
23.0702
24.6818
7.7929
29.0692
8.70275
21.3183
16.0439
8.27777
13.8445
8.82221
9.12572
9.31263
31.7549
44.5439
37.1474
35.7442
34.709
16.5229
20.2338
46.4294
27.9506
30.6375
47.664
37.7712
12.0725
46.6787
12.6264
22.9621
52.037
42.8145
49.9848
19.5478
19.9709
33.8615
39.8969
13.3066
)
;
    }
    procBoundary0to1
    {
        type            processor;
        value           nonuniform List<scalar> 
80
(
2.71221
0.0286905
0.0217675
2.91258
0.0216183
0.023401
3.36454
0.0224954
0.0224954
0.0228258
0.0214476
0.0229946
0.0276517
0.0265706
0.0394832
0.0213762
3.35607
3.17823
3.09122
0.0222419
0.0265706
0.0215638
0.0213867
0.0256354
0.0350371
0.0215273
0.0214185
0.0214293
0.27215
0.583787
0.0222419
0.0213802
2.62076
0.0214025
0.0216802
0.0214112
0.021392
0.021392
0.0214991
0.0246745
0.0213979
0.0213743
0.0350371
0.021395
0.0727454
0.0727454
0.0314559
0.27215
0.0214045
0.0213731
0.0214618
0.0214778
0.021395
0.096314
0.190658
0.0220479
2.77003
0.0314559
0.0214057
0.190658
0.055894
0.0239822
0.046789
0.136058
0.0213739
0.0213892
0.0213867
0.0227782
0.0218276
0.136058
0.0213892
2.45191
0.096314
2.92956
1.98567
0.0417347
2.632
0.583787
0.0217475
0.0219258
)
;
    }
    procBoundary0to2
    {
        type            processor;
        value           nonuniform List<scalar> 
165
(
13.6325
21.1797
24.5407
0.140757
0.0220273
7.60897
10.0261
14.8074
20.8022
14.1038
21.1797
0.0265729
0.027669
0.0219652
0.0219909
24.5407
0.0219723
5.23891
8.09604
0.0248454
0.022508
0.0223825
0.1121
4.58197
16.2777
0.0223825
0.105811
14.5692
4.24112
0.0226498
7.59746
0.0220774
5.56928
5.27421
5.56928
0.0219208
11.5767
0.021933
0.0659919
0.0659919
9.27895
10.5514
5.29912
0.0221101
0.642581
0.359492
0.0218958
7.51591
0.0418226
5.89517
0.642581
0.022087
6.27963
0.0241781
3.50078
3.63505
3.36216
0.0236886
0.0233949
0.0221201
7.8389
0.359492
5.35697
0.021913
0.0220474
0.0220561
7.21093
8.23612
0.0219003
0.0512245
0.0221137
0.0230804
0.0218934
0.0219387
3.32534
0.0222937
0.0388716
0.0219535
0.0221434
0.0222669
0.0219535
0.0220635
0.0463568
0.0573566
0.0219003
0.0262744
0.239195
14.4884
0.0218937
0.0219151
5.05579
0.0219999
5.35697
0.0221892
0.0296221
0.0221789
0.0252451
0.0808515
0.0463568
0.0219197
0.0307428
0.0222142
7.49084
3.22528
0.0219589
0.0363031
0.021939
4.97802
3.21483
3.13604
0.0222663
0.0221543
0.0219041
4.0404
16.9543
16.3875
14.198
3.28774
5.00556
0.022866
17.5005
0.0340254
0.0363031
3.14374
0.0218945
14.9006
16.924
16.4344
0.0220169
0.0323999
0.0219008
4.84171
0.0222524
15.8533
0.027669
16.6617
0.189513
0.0808515
0.0219857
0.0220183
7.22926
0.0221901
9.33305
16.1544
20.3429
7.59982
4.63981
9.33798
14.6648
7.80344
8.37435
19.6535
16.049
8.49661
6.73266
17.7364
2.25769
0.028586
9.30562
34.9074
0.0222256
6.50784
1.25777
14.8021
18.1769
)
;
    }
}


// ************************************************************************* //
