/*--------------------------------*- C++ -*----------------------------------*\
| =========                 |                                                 |
| \\      /  F ield         | OpenFOAM: The Open Source CFD Toolbox           |
|  \\    /   O peration     | Version:  v2012                                 |
|   \\  /    A nd           | Website:  www.openfoam.com                      |
|    \\/     M anipulation  |                                                 |
\*---------------------------------------------------------------------------*/
FoamFile
{
    version     2.0;
    format      ascii;
    class       volScalarField::Internal;
    location    "850";
    object      V0;
}
// * * * * * * * * * * * * * * * * * * * * * * * * * * * * * * * * * * * * * //

dimensions      [0 3 0 0 0 0 0];


value           nonuniform List<scalar> 
9793
(
0.0430545
0.212594
0.0467139
0.133047
0.0460595
0.104321
0.168138
0.160293
0.0694586
0.0457614
0.0326792
0.0675294
0.166062
0.157162
0.182323
0.167577
0.171319
0.180436
0.0595887
0.161501
0.0738202
0.0567368
0.129757
0.210928
0.121348
0.170338
0.16752
0.170458
0.0324179
0.0752049
0.0756934
0.159576
0.15348
0.171396
0.0425908
0.0749817
0.15348
0.0588306
0.14715
0.181702
0.0933983
0.185162
0.154211
0.174252
0.190408
0.140804
0.0371768
0.156055
0.0922494
0.123122
0.0412304
0.0301605
0.0849692
0.0801963
0.0352497
0.0789279
0.0870539
0.0239087
0.089726
0.126195
0.166205
0.0819075
0.0828484
0.170119
0.0384977
0.159568
0.108678
0.0915835
0.0642275
0.0336651
0.041391
0.177519
0.122045
0.177804
0.0416393
0.0969478
0.106401
0.172175
0.131154
0.178222
0.124755
0.142468
0.157925
0.17459
0.0981131
0.153613
0.181995
0.0961108
0.0897068
0.148288
0.191555
0.038635
0.132815
0.161743
0.0787949
0.174073
0.0753623
0.166606
0.12759
0.140902
0.156198
0.143173
0.136672
0.137497
0.178909
0.100871
0.0750029
0.162733
0.0920023
0.154947
0.157934
0.0777572
0.104029
0.0818906
0.0292278
0.102297
0.134438
0.0396703
0.139453
0.163935
0.134685
0.138894
0.104886
0.090651
0.0665722
0.0737499
0.023573
0.152212
0.131457
0.110779
0.182503
0.0908883
0.0939636
0.134988
0.0683461
0.0945718
0.166908
0.170362
0.125872
0.165359
0.096793
0.121019
0.154695
0.138932
0.163659
0.154564
0.175497
0.159899
0.152021
0.0349339
0.0437578
0.193144
0.0426855
0.0465862
0.149188
0.117649
0.174263
0.116516
0.173018
0.131821
0.134454
0.152705
0.164061
0.0643729
0.195115
0.0871417
0.14854
0.0496234
0.166557
0.14543
0.135139
0.112981
0.192426
0.105634
0.0664852
0.0529381
0.0924014
0.172245
0.105082
0.0357392
0.0213846
0.0457462
0.163304
0.114054
0.0986969
0.135969
0.0262906
0.101188
0.101808
0.159404
0.0690354
0.11343
0.0947408
0.0757441
0.0867783
0.0404685
0.0554436
0.131687
0.0489143
0.13722
0.0597457
0.0651949
0.0749118
0.101641
0.0825775
0.16626
0.0870174
0.150392
0.0977293
0.0539348
0.0384447
0.100015
0.0913713
0.0704919
0.0498398
0.17847
0.130859
0.0972666
0.150855
0.0809536
0.0416992
0.10447
0.0600286
0.139566
0.152621
0.0587094
0.10738
0.146042
0.0370229
0.0266956
0.205882
0.193977
0.0413219
0.143066
0.0252852
0.0771543
0.108999
0.126411
0.0771906
0.155657
0.0972465
0.149559
0.124543
0.145351
0.123641
0.134441
0.170861
0.122483
0.141657
0.139967
0.0593931
0.0426842
0.0323889
0.0245811
0.118635
0.0663528
0.130089
0.0389562
0.105094
0.162456
0.119404
0.121171
0.0312789
0.147396
0.0476627
0.136184
0.166029
0.0362923
0.0603171
0.101391
0.12948
0.158115
0.0554485
0.0948775
0.156004
0.15611
0.0877297
0.0788891
0.136118
0.0255889
0.124588
0.159158
0.161602
0.172533
0.0177164
0.0779969
0.063313
0.0457297
0.17249
0.0825755
0.105136
0.115979
0.0918849
0.156792
0.160305
0.131906
0.0594264
0.0430635
0.142384
0.0621366
0.132723
0.108321
0.125405
0.15581
0.160174
0.121721
0.0503362
0.0437996
0.109076
0.0939317
0.148233
0.124438
0.0453283
0.0700649
0.0689575
0.136057
0.152341
0.123392
0.0533206
0.0475617
0.121375
0.166148
0.054778
0.177362
0.16702
0.0162793
0.0599178
0.0874289
0.0358286
0.152336
0.0396123
0.0430494
0.136532
0.0968689
0.0218513
0.152109
0.131302
0.0649568
0.152734
0.145621
0.0467177
0.100975
0.119134
0.0635612
0.149434
0.158039
0.166147
0.0603942
0.181888
0.0483577
0.0628133
0.0676265
0.0767858
0.138148
0.108289
0.0763224
0.0727462
0.178116
0.0289235
0.0373609
0.0237145
0.0279448
0.0733392
0.125295
0.0534722
0.136151
0.124811
0.134809
0.136578
0.1309
0.0988591
0.0522462
0.0691699
0.023465
0.0569653
0.0998109
0.119675
0.131852
0.0338286
0.179875
0.0597547
0.0743542
0.103879
0.139027
0.0596137
0.173138
0.146858
0.160563
0.0756446
0.064918
0.0948714
0.0539558
0.0259828
0.129403
0.0541079
0.0258832
0.154323
0.178392
0.0539232
0.0379315
0.127082
0.145994
0.0461622
0.05391
0.158866
0.0743705
0.111658
0.0647045
0.160452
0.0399317
0.086263
0.0304137
0.0801206
0.140783
0.109447
0.110955
0.0568773
0.114675
0.149097
0.0768358
0.148494
0.0545437
0.120314
0.0571448
0.0285352
0.0752926
0.103911
0.0580621
0.163163
0.0351104
0.158515
0.0711413
0.163258
0.119902
0.159772
0.111676
0.137151
0.104476
0.130813
0.137521
0.167039
0.0518929
0.0964969
0.133536
0.0397216
0.160338
0.101366
0.0580691
0.0670292
0.0583814
0.0347627
0.0992878
0.102044
0.103732
0.0663702
0.040578
0.0388288
0.16172
0.127347
0.134206
0.108186
0.0239686
0.108518
0.137119
0.101795
0.151992
0.162744
0.0801387
0.0337221
0.0972638
0.14256
0.054811
0.174424
0.176199
0.172279
0.134121
0.06675
0.128249
0.104951
0.161166
0.15299
0.0928369
0.108517
0.159822
0.10182
0.12321
0.0960084
0.0587509
0.0703809
0.104826
0.17204
0.152303
0.0580965
0.0946853
0.0607067
0.153947
0.139863
0.125707
0.113126
0.116193
0.157893
0.0292376
0.139686
0.0959777
0.046424
0.128658
0.0973778
0.142937
0.0742175
0.104204
0.0658755
0.154398
0.120827
0.0301598
0.101702
0.0298928
0.131379
0.0484773
0.133178
0.0247598
0.0971226
0.140709
0.105095
0.0214035
0.100698
0.14197
0.115463
0.113834
0.135319
0.0230957
0.0442805
0.092734
0.103875
0.116919
0.0754173
0.151324
0.118194
0.0728429
0.0230249
0.153252
0.0979533
0.036508
0.09665
0.144924
0.0688112
0.165879
0.0231471
0.102397
0.086492
0.0186729
0.122567
0.0847382
0.0439303
0.0967723
0.131135
0.122589
0.137446
0.162409
0.10097
0.0910357
0.136655
0.0400834
0.0242291
0.065351
0.0408896
0.143837
0.0260354
0.0935773
0.138634
0.0662824
0.0994693
0.159327
0.141342
0.139665
0.0440683
0.122541
0.0174176
0.150565
0.16541
0.0384278
0.0476024
0.0325391
0.0919578
0.10476
0.0939744
0.0961122
0.0509158
0.0840814
0.129078
0.0534356
0.111396
0.137475
0.0449239
0.0463378
0.0978633
0.074548
0.0974603
0.041202
0.0435641
0.0445004
0.147234
0.135486
0.0651752
0.044328
0.0734688
0.0468153
0.106973
0.0818412
0.0538397
0.0337741
0.129407
0.103214
0.135877
0.122839
0.124793
0.118509
0.1149
0.163372
0.11808
0.121716
0.12479
0.0697419
0.154436
0.0407487
0.141893
0.0703771
0.0704985
0.0328237
0.0253737
0.146517
0.11968
0.100037
0.142434
0.158681
0.130343
0.15757
0.123712
0.0643863
0.152582
0.0365002
0.159978
0.164968
0.0768556
0.0980293
0.11532
0.156412
0.0266423
0.135885
0.0829627
0.0159596
0.0917531
0.156876
0.168703
0.0166622
0.130412
0.0233562
0.0374505
0.131161
0.134115
0.0888354
0.0705236
0.133553
0.11015
0.159397
0.162711
0.0983511
0.034897
0.10002
0.0206351
0.080251
0.0940206
0.0771103
0.133915
0.105107
0.124278
0.0302759
0.120732
0.0429006
0.0658039
0.0170174
0.0674383
0.119567
0.112923
0.02534
0.119768
0.0912485
0.0229928
0.0197226
0.119053
0.147799
0.0894684
0.133051
0.150941
0.12227
0.142915
0.136483
0.0621354
0.106897
0.117734
0.130763
0.153401
0.121526
0.1576
0.0744685
0.156648
0.125517
0.0376817
0.148322
0.0303642
0.0720603
0.0313647
0.101455
0.0620716
0.097969
0.0738016
0.019494
0.160449
0.12746
0.139321
0.0961283
0.0559419
0.129043
0.140721
0.126656
0.116983
0.147058
0.119624
0.0258987
0.111068
0.0380296
0.03001
0.0653389
0.0650891
0.155658
0.132023
0.160039
0.130965
0.0634356
0.124691
0.0843993
0.144775
0.157402
0.123862
0.117049
0.0883078
0.0974124
0.0897772
0.160326
0.103129
0.100504
0.0369144
0.146607
0.140759
0.135637
0.10048
0.12207
0.0928794
0.0248424
0.123538
0.143919
0.140754
0.123986
0.0730475
0.038669
0.0439756
0.0367989
0.140613
0.0209059
0.134237
0.13651
0.10153
0.0920017
0.114754
0.0495204
0.140716
0.0639323
0.132251
0.1138
0.152663
0.155066
0.127993
0.0853765
0.0883421
0.0397742
0.114501
0.057544
0.0422846
0.0155503
0.136087
0.0196926
0.128857
0.0251028
0.113887
0.145971
0.12586
0.143458
0.0356112
0.128255
0.05814
0.164919
0.141684
0.156056
0.0414612
0.150841
0.0422593
0.122751
0.12238
0.149676
0.140065
0.0733301
0.130757
0.150282
0.123524
0.100059
0.140908
0.0680058
0.0786972
0.0919937
0.145186
0.147298
0.147396
0.111255
0.026049
0.101434
0.0968598
0.0392199
0.147176
0.164191
0.132317
0.144973
0.0414688
0.0337102
0.0576063
0.15289
0.089358
0.120272
0.165411
0.058536
0.0634012
0.152199
0.0529906
0.168591
0.0659168
0.112785
0.0934258
0.0242159
0.133181
0.156853
0.0408971
0.150846
0.0284222
0.0851883
0.131247
0.139257
0.155482
0.133889
0.061274
0.0250454
0.161472
0.151596
0.129502
0.159958
0.129034
0.151248
0.0617446
0.148537
0.148623
0.140154
0.107682
0.032063
0.0703797
0.133602
0.0190474
0.145036
0.0931996
0.0762838
0.134667
0.0742256
0.133152
0.107335
0.0229676
0.131486
0.124806
0.153282
0.0535989
0.0685054
0.0234086
0.127463
0.12851
0.0266579
0.153874
0.160255
0.0327545
0.12887
0.0360191
0.143915
0.151374
0.147159
0.0544934
0.151676
0.170326
0.158501
0.15154
0.128752
0.0552944
0.0314707
0.13292
0.0342013
0.116859
0.0871654
0.0635575
0.0838891
0.0414958
0.0353453
0.115377
0.122268
0.0811761
0.0300364
0.0224951
0.117928
0.128857
0.147226
0.152645
0.0248015
0.0348557
0.045815
0.144522
0.033418
0.118411
0.125499
0.116762
0.147842
0.0751237
0.150107
0.122515
0.0247524
0.0754084
0.0268432
0.119294
0.0244642
0.0631148
0.0413959
0.140136
0.0978041
0.147615
0.156582
0.0722214
0.0469492
0.128448
0.174611
0.100924
0.136432
0.0336022
0.118112
0.149861
0.132682
0.0684179
0.136773
0.10513
0.146569
0.0217651
0.135885
0.0690274
0.12679
0.146348
0.0743306
0.155773
0.0191699
0.106411
0.0393906
0.0542023
0.151661
0.14414
0.0210399
0.128688
0.142
0.1109
0.0234783
0.103055
0.11586
0.100045
0.153345
0.0653691
0.0827617
0.0313311
0.0479441
0.0966502
0.0902772
0.105237
0.0631677
0.177488
0.0647672
0.100147
0.0710641
0.144954
0.139809
0.0628552
0.158694
0.0637227
0.124218
0.0763106
0.146537
0.0854775
0.0968984
0.144389
0.0959141
0.144211
0.101052
0.126184
0.0797863
0.076215
0.149538
0.134397
0.136461
0.0433637
0.0905587
0.15121
0.0280429
0.108413
0.0238169
0.0739854
0.129757
0.0967202
0.119992
0.104277
0.0882374
0.12919
0.0961672
0.144821
0.0272363
0.0709228
0.140922
0.11779
0.123358
0.103493
0.0598432
0.0861014
0.144094
0.0745151
0.129648
0.0652627
0.0197257
0.0683956
0.074667
0.134428
0.0948662
0.0478073
0.0956969
0.137148
0.126867
0.133296
0.126045
0.0646215
0.14359
0.0240906
0.133389
0.105926
0.148239
0.0238876
0.0761797
0.108928
0.0220841
0.0685298
0.14165
0.0801274
0.144384
0.0230809
0.099396
0.158528
0.0211238
0.0430897
0.178344
0.115021
0.0331929
0.0887944
0.0610822
0.135828
0.0670085
0.0624511
0.149294
0.107591
0.0636504
0.13271
0.147983
0.158446
0.0733118
0.156553
0.157991
0.0228418
0.115709
0.0771778
0.0527396
0.155863
0.0613359
0.0976644
0.149606
0.0430247
0.11512
0.0990912
0.0998039
0.157598
0.0730566
0.135799
0.0972939
0.0591966
0.129726
0.119607
0.0625948
0.103103
0.0818465
0.150684
0.168134
0.0355086
0.0924132
0.157618
0.101235
0.157391
0.034098
0.123703
0.0605607
0.138929
0.150936
0.109448
0.138529
0.0261469
0.0934327
0.140116
0.145219
0.123176
0.144176
0.112246
0.128598
0.131125
0.0455005
0.118484
0.102419
0.097263
0.163276
0.14848
0.142229
0.059714
0.147474
0.06234
0.0809785
0.106178
0.067165
0.0273721
0.141326
0.145322
0.0217146
0.112934
0.0201456
0.0162706
0.148527
0.146369
0.157644
0.040136
0.0407311
0.130256
0.144808
0.157636
0.0245993
0.0408284
0.157357
0.0973107
0.0737618
0.115569
0.0321975
0.0344801
0.0154573
0.0243515
0.147072
0.0406477
0.0228561
0.136107
0.0302935
0.135225
0.144617
0.100021
0.146334
0.121806
0.0279164
0.0203421
0.0242115
0.0256265
0.156958
0.122924
0.0257821
0.117534
0.131483
0.0619122
0.067836
0.0336749
0.149891
0.143794
0.1471
0.0685963
0.105809
0.173458
0.125312
0.066851
0.125864
0.0213898
0.0659057
0.0693453
0.0201276
0.0542615
0.102573
0.0696886
0.156808
0.0165092
0.0152518
0.0999891
0.149665
0.0982152
0.0182503
0.145705
0.0382166
0.0510057
0.149901
0.150237
0.11619
0.0303227
0.0323687
0.109429
0.0194693
0.0934395
0.138664
0.141301
0.15366
0.0802615
0.0950323
0.0657455
0.0286344
0.128945
0.153815
0.14601
0.134681
0.0268805
0.0656701
0.0241262
0.0984266
0.108039
0.0395888
0.131389
0.148411
0.109222
0.148262
0.114782
0.030022
0.0609636
0.153411
0.144325
0.130383
0.129659
0.149087
0.0479379
0.119003
0.0986416
0.118475
0.0191199
0.129584
0.0195802
0.100736
0.0707498
0.0519114
0.11255
0.0343391
0.0670364
0.0187735
0.0274431
0.130661
0.038985
0.0446017
0.153394
0.022511
0.0298222
0.0208947
0.0530534
0.148258
0.0400678
0.103595
0.0246224
0.0933905
0.0219977
0.0252975
0.155139
0.018983
0.0887176
0.0583519
0.0362223
0.050515
0.0215927
0.127887
0.0533886
0.113965
0.135606
0.0701734
0.0883418
0.169085
0.0429472
0.0507061
0.0971709
0.113845
0.128379
0.0313672
0.0851769
0.121932
0.077321
0.0664982
0.0251239
0.0984524
0.142906
0.0509763
0.0294522
0.0357994
0.0771791
0.146039
0.0543239
0.146852
0.149917
0.146557
0.163513
0.140698
0.0947319
0.053846
0.0420387
0.118744
0.144842
0.156107
0.035878
0.150398
0.0485106
0.115411
0.0183943
0.125543
0.149141
0.103082
0.0207709
0.0246875
0.150856
0.172568
0.0505759
0.0422287
0.145312
0.0962787
0.138684
0.052539
0.117557
0.0736577
0.0570252
0.0509014
0.106479
0.0190876
0.148195
0.148541
0.137016
0.0461102
0.03444
0.104398
0.149603
0.117411
0.0159311
0.0335238
0.0708559
0.0684629
0.0355902
0.139995
0.100388
0.0551506
0.0729743
0.0939761
0.0664752
0.153623
0.153535
0.0227175
0.0242045
0.169671
0.0352038
0.150458
0.0354012
0.0383295
0.111406
0.103559
0.0716518
0.116618
0.074659
0.0784794
0.0366141
0.0283403
0.0633299
0.154058
0.101001
0.153411
0.0674155
0.0531018
0.0476366
0.0226682
0.101478
0.0615788
0.127071
0.0236263
0.0784982
0.0235675
0.0818097
0.0734925
0.156475
0.0250971
0.041279
0.150969
0.0265223
0.0653089
0.0735705
0.131353
0.0957528
0.148368
0.170369
0.0345552
0.106943
0.0586047
0.0519351
0.0368549
0.0403058
0.024668
0.0879702
0.0351572
0.126287
0.142895
0.14812
0.0986583
0.169577
0.0265408
0.136345
0.104216
0.0745287
0.123955
0.0542854
0.148168
0.048967
0.122341
0.119315
0.0470482
0.0737163
0.159034
0.0551195
0.0507341
0.0219851
0.0632688
0.124114
0.0669625
0.0219094
0.114927
0.0233755
0.026457
0.0760742
0.0959466
0.13626
0.0799206
0.0322388
0.149576
0.111209
0.0746876
0.0241803
0.0796666
0.0631554
0.0475912
0.0284395
0.0386462
0.0431762
0.0497668
0.0351861
0.128185
0.0729673
0.145487
0.029728
0.0179218
0.0412208
0.0367425
0.0598876
0.0609942
0.102931
0.137592
0.100273
0.0527573
0.0778121
0.0493987
0.144631
0.0365824
0.0694201
0.100227
0.106116
0.154158
0.0537984
0.124098
0.0536995
0.0480369
0.0901332
0.0753865
0.0211201
0.128861
0.0939884
0.0595702
0.10197
0.0365369
0.0771692
0.11121
0.0762303
0.147417
0.0668494
0.0381318
0.0742449
0.0550855
0.0760767
0.0815969
0.0743897
0.0553094
0.031337
0.054956
0.12296
0.144364
0.0733177
0.0212652
0.0713397
0.048545
0.14719
0.0817088
0.067115
0.0456181
0.07954
0.1007
0.0617739
0.0777626
0.148945
0.134941
0.130702
0.135284
0.0456962
0.134891
0.0709668
0.0784611
0.0988759
0.150832
0.151266
0.028423
0.0668737
0.150235
0.0699489
0.117337
0.0992851
0.0170781
0.126607
0.148206
0.118467
0.164617
0.0562511
0.128386
0.0671233
0.151749
0.119278
0.130286
0.150567
0.0556767
0.0918939
0.061943
0.151484
0.062722
0.0245708
0.0934605
0.116595
0.112601
0.081112
0.095764
0.117474
0.100132
0.0684599
0.0740993
0.165481
0.0345832
0.0856752
0.0955818
0.0161303
0.0247233
0.0952589
0.0905508
0.116344
0.0528595
0.0970444
0.127539
0.0631958
0.147168
0.12572
0.103151
0.105312
0.0921546
0.105614
0.0816736
0.0190885
0.0233007
0.0976147
0.0978673
0.145579
0.143542
0.154601
0.0518077
0.135755
0.126032
0.0569191
0.101219
0.0995952
0.0573056
0.077924
0.165778
0.0467264
0.149296
0.0880573
0.101616
0.0866749
0.0932827
0.13039
0.155317
0.109842
0.0480141
0.146612
0.131509
0.1511
0.154731
0.125863
0.050599
0.0908248
0.149187
0.0457246
0.0404973
0.049975
0.151057
0.10983
0.0523566
0.0816446
0.10231
0.0966229
0.0507767
0.10212
0.103491
0.153723
0.0256207
0.140228
0.0409801
0.061291
0.0724152
0.158461
0.148515
0.143845
0.0950386
0.0625765
0.100493
0.0539856
0.0254175
0.07352
0.141729
0.123486
0.039819
0.0531245
0.117948
0.0228205
0.0757428
0.123188
0.151961
0.0632619
0.0918855
0.132607
0.122372
0.0705352
0.11235
0.081543
0.0349485
0.117988
0.0479921
0.0218075
0.0926572
0.0705253
0.105977
0.164029
0.108573
0.0598021
0.141948
0.0973528
0.0880416
0.0827591
0.0356963
0.0735173
0.134091
0.0502464
0.136259
0.109606
0.108083
0.0949844
0.146636
0.118856
0.0908688
0.107548
0.0993836
0.0605238
0.0698016
0.122213
0.133372
0.0959077
0.147251
0.153284
0.109954
0.127388
0.129615
0.0938375
0.0826621
0.0955519
0.146982
0.122536
0.0683924
0.143791
0.0871762
0.15008
0.108035
0.154199
0.0663997
0.0737879
0.0618103
0.0522499
0.144912
0.0513963
0.0860353
0.126997
0.112931
0.147987
0.0555741
0.0405932
0.0679755
0.0622369
0.117768
0.106746
0.0241217
0.0841511
0.152253
0.146336
0.0535933
0.0451048
0.0963838
0.117461
0.155931
0.157747
0.150126
0.141293
0.135808
0.154228
0.102526
0.112514
0.0982025
0.112177
0.0179706
0.165077
0.150414
0.0277168
0.0986777
0.146841
0.115591
0.162053
0.10342
0.0237027
0.107254
0.0614344
0.0834628
0.0595627
0.0493986
0.152647
0.151722
0.0740094
0.0212046
0.149634
0.100137
0.110231
0.106149
0.104678
0.0796201
0.0988541
0.136438
0.0949797
0.0597424
0.069496
0.123449
0.146074
0.142954
0.097988
0.0378166
0.151952
0.0769317
0.0853089
0.0243835
0.0976667
0.154077
0.123738
0.121523
0.104297
0.0811674
0.142452
0.0864881
0.149972
0.096928
0.101522
0.0203902
0.111494
0.103493
0.116994
0.0418063
0.125898
0.10943
0.146795
0.0694564
0.0560794
0.0663312
0.171637
0.0604578
0.0364006
0.0997065
0.153138
0.0972485
0.149433
0.143413
0.078915
0.0824059
0.0280907
0.106559
0.119742
0.124864
0.0918608
0.0931143
0.116653
0.0722247
0.114426
0.0685012
0.0982726
0.117923
0.126968
0.0969505
0.0906842
0.120392
0.125281
0.142974
0.0939384
0.0558241
0.0969982
0.0193333
0.123803
0.118289
0.118992
0.102538
0.11459
0.0972992
0.109596
0.110653
0.148756
0.0964005
0.151516
0.102339
0.0525628
0.10009
0.148544
0.100766
0.140593
0.039587
0.121727
0.0913546
0.0761474
0.149916
0.0759915
0.0996647
0.0226724
0.111179
0.132111
0.110212
0.0711537
0.110607
0.14886
0.0620171
0.0489141
0.0260965
0.0889921
0.144059
0.0955346
0.153478
0.0245939
0.0956983
0.122009
0.08482
0.0962105
0.117666
0.129036
0.13094
0.0918371
0.119366
0.0879369
0.0931
0.0988803
0.116983
0.139124
0.126029
0.148839
0.0562513
0.102614
0.153283
0.0587741
0.0666141
0.0960794
0.0680594
0.112282
0.153456
0.148709
0.0622963
0.113024
0.0717515
0.132589
0.147549
0.0905695
0.0688286
0.166571
0.0972573
0.15606
0.0792798
0.017314
0.146391
0.100598
0.0946803
0.0792913
0.0952615
0.098089
0.119514
0.165272
0.136557
0.0958281
0.105053
0.151035
0.0862659
0.153477
0.115151
0.099204
0.100912
0.138734
0.112576
0.090167
0.0903375
0.0905838
0.109316
0.090328
0.044192
0.0916569
0.148411
0.146991
0.10727
0.0900639
0.0498056
0.0216068
0.131767
0.0673979
0.100222
0.0739438
0.144402
0.147211
0.147979
0.0737416
0.14967
0.0920406
0.0795931
0.0968466
0.0610613
0.0953023
0.0994554
0.0738303
0.0661904
0.118714
0.0517525
0.0997278
0.0975733
0.149883
0.0696816
0.0930922
0.0932725
0.11336
0.0640216
0.115194
0.112928
0.110692
0.127038
0.1186
0.0976504
0.0440199
0.126311
0.0968547
0.0677221
0.102898
0.099466
0.0963064
0.10786
0.0644592
0.09001
0.121106
0.124412
0.057463
0.0991225
0.0357946
0.114094
0.0929254
0.147286
0.084297
0.115065
0.100534
0.141654
0.0786189
0.153707
0.0893812
0.105689
0.0940998
0.096517
0.0686574
0.111626
0.153075
0.109243
0.148796
0.11569
0.102922
0.0827145
0.0358424
0.154522
0.127359
0.0968014
0.15334
0.107615
0.0561651
0.0653726
0.112039
0.144568
0.122744
0.123065
0.147911
0.154689
0.115438
0.103452
0.114497
0.0971436
0.128662
0.082993
0.0968929
0.0971907
0.100562
0.135493
0.14154
0.110403
0.142228
0.100881
0.154054
0.113555
0.157218
0.101992
0.135498
0.116059
0.149321
0.15363
0.0960365
0.107045
0.156559
0.0854741
0.149916
0.100958
0.0965528
0.100211
0.110963
0.114148
0.151819
0.146275
0.0963908
0.0635378
0.148424
0.130428
0.113314
0.155007
0.0659277
0.100534
0.0981796
0.0658331
0.117473
0.101535
0.155343
0.082414
0.0557335
0.139975
0.12407
0.123917
0.116056
0.125221
0.151696
0.114013
0.116512
0.126417
0.0475332
0.172419
0.149759
0.151939
0.104681
0.134524
0.142261
0.0693263
0.106686
0.126048
0.150616
0.137227
0.149673
0.126433
0.148648
0.150597
0.148689
0.13027
0.104238
0.082178
0.129823
0.117716
0.0213068
0.0977545
0.153315
0.106816
0.0349503
0.126273
0.111525
0.0809217
0.137428
0.149228
0.127852
0.151905
0.121828
0.122812
0.147542
0.11647
0.150221
0.0632137
0.0771786
0.0541696
0.0936955
0.139978
0.0811612
0.0447345
0.103193
0.0465123
0.150215
0.145983
0.12849
0.127786
0.126015
0.152945
0.0949066
0.148409
0.150468
0.0917892
0.115594
0.111942
0.0995862
0.12054
0.125202
0.0684992
0.0554229
0.121461
0.11091
0.148075
0.08758
0.079996
0.129835
0.0214345
0.149712
0.152349
0.0822789
0.0982163
0.151111
0.0641243
0.114058
0.147238
0.108856
0.152043
0.128038
0.154343
0.0794817
0.142382
0.119195
0.131902
0.105975
0.0684371
0.12334
0.0374256
0.134418
0.133994
0.127308
0.060659
0.0409135
0.145014
0.123079
0.129872
0.12194
0.128433
0.0310707
0.100044
0.118103
0.105533
0.148871
0.131542
0.0552647
0.109233
0.124491
0.135239
0.101088
0.148812
0.0782365
0.147526
0.1425
0.127062
0.104411
0.118719
0.0238727
0.119627
0.13327
0.0914672
0.141306
0.0305365
0.154021
0.116596
0.088687
0.150379
0.109542
0.132751
0.0685112
0.168946
0.159502
0.0536829
0.13484
0.120484
0.131688
0.101052
0.0954821
0.0694063
0.0892034
0.151596
0.125914
0.123196
0.113311
0.0281027
0.142229
0.14319
0.138776
0.0622342
0.11519
0.107663
0.123848
0.110509
0.105205
0.111756
0.132884
0.107114
0.112637
0.130914
0.131057
0.119958
0.110629
0.124504
0.139007
0.108178
0.146342
0.0904133
0.153161
0.109518
0.146022
0.0539344
0.132007
0.114021
0.133532
0.151185
0.113284
0.0325181
0.0211976
0.0981722
0.0420789
0.100759
0.101952
0.110269
0.0358149
0.0640156
0.116481
0.0362385
0.14896
0.141577
0.117336
0.110774
0.100577
0.148977
0.145705
0.154068
0.113934
0.112924
0.121113
0.149314
0.147777
0.0421732
0.134798
0.0705992
0.0906067
0.148572
0.101432
0.126028
0.147201
0.105303
0.057879
0.117668
0.136195
0.100958
0.148437
0.0223305
0.141753
0.120479
0.15787
0.097465
0.136073
0.13722
0.0380943
0.15286
0.110295
0.0982953
0.127633
0.105266
0.152463
0.103237
0.122656
0.144145
0.146288
0.146933
0.153183
0.0517621
0.0972443
0.145117
0.0968869
0.0971417
0.119206
0.130558
0.0991293
0.135387
0.127448
0.141411
0.13124
0.0689862
0.0794416
0.0898123
0.131247
0.11071
0.148727
0.0805969
0.121997
0.111567
0.100361
0.0701391
0.135891
0.149975
0.0670521
0.0776137
0.146229
0.115971
0.133935
0.149218
0.128581
0.039544
0.134182
0.124736
0.14618
0.140473
0.142907
0.152814
0.129746
0.124977
0.148331
0.127997
0.135948
0.139714
0.0615396
0.148489
0.131546
0.152669
0.0475999
0.14056
0.115764
0.103689
0.114206
0.148375
0.132728
0.149109
0.151824
0.126135
0.136532
0.0918632
0.140405
0.132364
0.116657
0.0323529
0.0506297
0.123337
0.102312
0.146265
0.153339
0.13514
0.134245
0.13596
0.147206
0.152691
0.103853
0.152073
0.121128
0.115775
0.103539
0.113564
0.1405
0.0963651
0.128938
0.0691489
0.110805
0.11689
0.135926
0.152546
0.0969112
0.101865
0.12805
0.0564442
0.11216
0.0581878
0.0890807
0.120119
0.106844
0.149933
0.140855
0.161314
0.0978795
0.0356639
0.110102
0.116132
0.137608
0.0487514
0.113512
0.0637686
0.11667
0.116648
0.140927
0.127466
0.115764
0.10854
0.128787
0.128839
0.121399
0.141358
0.120831
0.13996
0.125544
0.118761
0.101717
0.135911
0.0343195
0.0308742
0.138755
0.132483
0.0368259
0.093594
0.12496
0.142465
0.124178
0.142993
0.15069
0.115767
0.0994573
0.127621
0.118369
0.105796
0.119079
0.126689
0.0723082
0.0770414
0.0705615
0.115928
0.0942593
0.10922
0.13937
0.147837
0.0911206
0.140264
0.0387185
0.0582093
0.117985
0.152068
0.127374
0.123185
0.1313
0.125869
0.140704
0.118051
0.11829
0.132412
0.117175
0.101592
0.15318
0.140077
0.118168
0.121305
0.0877361
0.109462
0.152067
0.131441
0.0986308
0.10315
0.125106
0.119751
0.0996641
0.153126
0.116587
0.152807
0.125391
0.122661
0.152671
0.0745645
0.11722
0.0838004
0.154035
0.119063
0.146319
0.135024
0.0396132
0.101471
0.139871
0.146026
0.147983
0.153132
0.133259
0.135582
0.108128
0.128087
0.0459944
0.076049
0.167454
0.107033
0.100013
0.123455
0.1318
0.148604
0.131686
0.143066
0.0906486
0.149639
0.116854
0.11544
0.120792
0.148948
0.0413879
0.110958
0.135919
0.147873
0.0821901
0.135975
0.0975338
0.0286623
0.100194
0.142467
0.0453113
0.12987
0.147169
0.14372
0.129907
0.148752
0.0218779
0.123334
0.106916
0.143172
0.101074
0.127198
0.124757
0.126462
0.0981838
0.142202
0.0982105
0.132721
0.152324
0.132257
0.0495744
0.139404
0.145575
0.130634
0.106365
0.0488967
0.152636
0.0555637
0.100653
0.12564
0.136459
0.127914
0.09909
0.15401
0.147867
0.121398
0.134479
0.128857
0.105768
0.0554413
0.139516
0.131508
0.10949
0.105403
0.126921
0.147561
0.124017
0.0682044
0.139606
0.0348083
0.119231
0.108635
0.153911
0.153858
0.126776
0.135444
0.124961
0.152308
0.102863
0.0927201
0.120018
0.117954
0.122333
0.149282
0.129294
0.03579
0.131672
0.093545
0.144716
0.148681
0.0629763
0.11775
0.154
0.130705
0.129843
0.0285843
0.142519
0.131858
0.119682
0.143669
0.130341
0.131068
0.0991684
0.145949
0.0533054
0.154076
0.114702
0.133114
0.124049
0.0772269
0.136771
0.124278
0.151857
0.141927
0.126217
0.13041
0.169465
0.0904058
0.125345
0.142932
0.116331
0.142553
0.105293
0.133822
0.120624
0.130215
0.0759714
0.112748
0.0577916
0.142853
0.139559
0.132486
0.131262
0.146218
0.111888
0.13454
0.108806
0.107233
0.123365
0.123034
0.130403
0.137048
0.135722
0.141015
0.125118
0.133327
0.140824
0.101496
0.12855
0.127831
0.139021
0.127737
0.0838418
0.131794
0.130812
0.156449
0.136842
0.0560405
0.0392351
0.0697618
0.142287
0.126445
0.123914
0.157276
0.111765
0.147185
0.138179
0.147234
0.15509
0.141163
0.0662725
0.13394
0.142066
0.14053
0.149017
0.14905
0.128664
0.128615
0.143338
0.0829291
0.147155
0.0348232
0.131113
0.145361
0.0978329
0.141271
0.148121
0.13316
0.152252
0.103198
0.143689
0.125372
0.142616
0.159913
0.112351
0.144212
0.106389
0.151032
0.135293
0.128754
0.148397
0.134908
0.138534
0.132936
0.153214
0.124007
0.119749
0.136591
0.130044
0.130031
0.0797469
0.0260729
0.133129
0.144303
0.0771017
0.138867
0.145918
0.133989
0.0364677
0.145763
0.0971481
0.0274872
0.148414
0.117774
0.147441
0.11281
0.140963
0.113872
0.148655
0.115912
0.134542
0.107835
0.132124
0.14306
0.156105
0.132113
0.0840434
0.0828705
0.113564
0.147361
0.13608
0.137857
0.129745
0.133362
0.137701
0.118592
0.129257
0.0987224
0.153092
0.151861
0.0256961
0.135267
0.145752
0.125586
0.148854
0.153147
0.130281
0.141521
0.136146
0.146075
0.147083
0.117647
0.152434
0.136991
0.103039
0.152825
0.148594
0.164984
0.0427948
0.0801315
0.0336456
0.12768
0.133773
0.179825
0.132434
0.147582
0.0980719
0.11733
0.141847
0.152537
0.0990318
0.130244
0.0252368
0.132226
0.146011
0.12138
0.15202
0.152774
0.147316
0.14504
0.14736
0.140483
0.111903
0.145982
0.148452
0.134435
0.131479
0.0903761
0.146375
0.135929
0.146937
0.16175
0.0922265
0.140732
0.151569
0.161569
0.152346
0.104605
0.141711
0.133225
0.126958
0.102008
0.0934153
0.129508
0.142649
0.143315
0.041771
0.0664495
0.145365
0.143693
0.105151
0.126214
0.155442
0.0884403
0.115262
0.148545
0.129023
0.130732
0.132664
0.148787
0.132948
0.117388
0.129542
0.147723
0.0908565
0.0615578
0.135911
0.0911607
0.110729
0.128899
0.0278614
0.147284
0.152228
0.14635
0.145998
0.134619
0.148665
0.15476
0.0263999
0.147304
0.145981
0.144628
0.14854
0.146462
0.0978163
0.135176
0.0496247
0.152941
0.149043
0.098824
0.131666
0.13266
0.128452
0.0717288
0.113853
0.147402
0.148346
0.143634
0.125005
0.135269
0.134431
0.159927
0.11918
0.132171
0.0867968
0.136454
0.136048
0.126494
0.133078
0.131918
0.185749
0.146029
0.142493
0.138145
0.137566
0.144864
0.14704
0.13431
0.129612
0.129966
0.154632
0.0902413
0.147284
0.145818
0.144354
0.135791
0.139915
0.147818
0.131444
0.114898
0.14645
0.110999
0.143436
0.125371
0.0555584
0.143047
0.101837
0.152361
0.146788
0.145804
0.133804
0.0989531
0.115137
0.13504
0.130417
0.153755
0.147877
0.144913
0.137219
0.132391
0.131779
0.115431
0.132063
0.137749
0.14744
0.12835
0.147457
0.146407
0.144842
0.148135
0.141018
0.132162
0.15125
0.138749
0.150875
0.136731
0.146945
0.101196
0.0684004
0.0640436
0.148601
0.104381
0.122709
0.134404
0.148225
0.0876135
0.13148
0.146734
0.100368
0.129016
0.102179
0.148505
0.127314
0.146838
0.132589
0.134918
0.146356
0.135598
0.135643
0.137168
0.146855
0.148156
0.12694
0.152895
0.132134
0.144392
0.147194
0.151607
0.14565
0.149293
0.148642
0.0542737
0.0763425
0.0402016
0.131549
0.153105
0.124598
0.132385
0.144309
0.129278
0.147591
0.112017
0.133162
0.15216
0.118247
0.151087
0.121804
0.148478
0.148613
0.127867
0.0723766
0.146133
0.124257
0.14145
0.146023
0.167173
0.145271
0.143099
0.137848
0.133851
0.143004
0.146114
0.130614
0.0942663
0.142709
0.161479
0.150765
0.171088
0.155776
0.143069
0.103776
0.122476
0.146064
0.131009
0.143084
0.117278
0.123873
0.160136
0.146973
0.146151
0.138611
0.135303
0.0970539
0.148098
0.132259
0.116784
0.142963
0.131698
0.149334
0.148812
0.166022
0.136713
0.143231
0.131219
0.15332
0.134188
0.10186
0.149676
0.147824
0.137319
0.0719488
0.148406
0.144461
0.134477
0.141492
0.132261
0.14877
0.147236
0.10291
0.152462
0.123466
0.150461
0.142547
0.148447
0.146497
0.138487
0.143594
0.151746
0.143532
0.147351
0.148547
0.148218
0.148845
0.147692
0.142342
0.148573
0.143694
0.133159
0.14438
0.132738
0.1366
0.134099
0.147666
0.141959
0.147427
0.115394
0.130939
0.0947913
0.141939
0.146063
0.148839
0.0530143
0.147306
0.149064
0.145649
0.148315
0.115494
0.148433
0.14849
0.148714
0.134379
0.144157
0.135133
0.0791297
0.145256
0.136656
0.14898
0.142991
0.115753
0.147793
0.149285
0.148169
0.14625
0.146775
0.146443
0.153102
0.145784
0.140968
0.134755
0.114334
0.148207
0.129924
0.11975
0.132799
0.150286
0.145697
0.125281
0.0971505
0.112757
0.106172
0.148829
0.140663
0.145536
0.145537
0.147059
0.134648
0.153006
0.127655
0.148007
0.150389
0.147433
0.148475
0.150109
0.152955
0.147366
0.15322
0.153257
0.151675
0.148543
0.148659
0.143263
0.105292
0.147354
0.145356
0.155491
0.157893
0.147573
0.146146
0.152815
0.155477
0.147496
0.143493
0.142386
0.153276
0.144486
0.145856
0.150697
0.148059
0.138207
0.153163
0.13245
0.152917
0.146802
0.143137
0.135858
0.050453
0.14638
0.143225
0.151922
0.151136
0.144851
0.13429
0.129677
0.131316
0.138356
0.143124
0.149898
0.143201
0.0566923
0.146772
0.135696
0.117171
0.149916
0.153196
0.0660198
0.128738
0.0226288
0.148688
0.0949617
0.113935
0.155441
0.145932
0.150321
0.152939
0.141341
0.148122
0.0627596
0.14684
0.148891
0.152511
0.148094
0.110777
0.122537
0.141726
0.141225
0.149105
0.143686
0.151712
0.149013
0.147816
0.0495336
0.149019
0.150483
0.135423
0.137942
0.150754
0.155565
0.132466
0.126945
0.131962
0.148978
0.096597
0.141228
0.0687264
0.152976
0.143425
0.159489
0.134958
0.14778
0.169291
0.147965
0.149975
0.14494
0.154013
0.151527
0.124844
0.153267
0.152264
0.0642109
0.130041
0.132065
0.148741
0.152696
0.119521
0.152146
0.146121
0.151961
0.135251
0.151933
0.137586
0.129524
0.143841
0.164522
0.127871
0.146076
0.150689
0.152961
0.147768
0.148814
0.0953914
0.153577
0.151118
0.144305
0.149519
0.133812
0.147018
0.148576
0.158622
0.144226
0.118155
0.156119
0.138106
0.146195
0.131483
0.10354
0.146664
0.151504
0.146929
0.130965
0.116186
0.128581
0.149169
0.142847
0.109215
0.131326
0.153249
0.133159
0.150922
0.14681
0.147467
0.149747
0.152152
0.10522
0.14839
0.152385
0.136663
0.148282
0.149284
0.155379
0.145794
0.153242
0.144821
0.152459
0.0279786
0.152757
0.0347494
0.106567
0.147102
0.114588
0.0902219
0.0259338
0.150172
0.132651
0.150545
0.148427
0.123617
0.148971
0.137833
0.154133
0.14837
0.131544
0.149629
0.0193762
0.1484
0.1559
0.0515981
0.150631
0.149535
0.152891
0.151907
0.0430955
0.152524
0.143319
0.133652
0.0409344
0.148377
0.149287
0.148145
0.150511
0.152618
0.0983064
0.134995
0.147421
0.148696
0.143901
0.136065
0.0554352
0.145261
0.142991
0.144287
0.106621
0.157654
0.145824
0.153479
0.147562
0.149103
0.148947
0.149648
0.153592
0.146619
0.151698
0.151809
0.14005
0.089597
0.154086
0.151429
0.152515
0.0813992
0.148366
0.148864
0.150303
0.146046
0.102457
0.0935928
0.145755
0.182761
0.13201
0.129639
0.150682
0.150406
0.14545
0.149053
0.153123
0.116281
0.146785
0.057059
0.147377
0.1349
0.146457
0.153141
0.130534
0.148379
0.177346
0.152047
0.153967
0.117401
0.149611
0.125171
0.147635
0.141324
0.142455
0.152551
0.152372
0.15237
0.146381
0.134298
0.140572
0.145886
0.0859357
0.0432006
0.14774
0.136411
0.151307
0.148307
0.152652
0.147259
0.136315
0.144894
0.142786
0.148675
0.0458961
0.151816
0.174938
0.154403
0.134934
0.145762
0.167403
0.0692693
0.14558
0.130391
0.136474
0.152132
0.0934146
0.127647
0.151476
0.148182
0.132432
0.147884
0.152455
0.133979
0.114123
0.152498
0.146059
0.14932
0.148327
0.151975
0.145604
0.148121
0.15316
0.15245
0.120459
0.132278
0.148474
0.150501
0.148025
0.147532
0.127098
0.147958
0.153016
0.148159
0.152961
0.137433
0.141145
0.15268
0.137143
0.152097
0.147321
0.0484336
0.0604128
0.136272
0.152518
0.0678072
0.149834
0.14925
0.151009
0.15395
0.136672
0.158525
0.152138
0.152307
0.152855
0.147557
0.147211
0.107268
0.140947
0.15205
0.152252
0.15253
0.14701
0.141918
0.144969
0.152694
0.15124
0.153094
0.0924466
0.149012
0.136515
0.151654
0.0916879
0.149017
0.152706
0.152284
0.152267
0.15318
0.150421
0.149686
0.152663
0.144912
0.152857
0.179258
0.148813
0.144609
0.152776
0.121206
0.153011
0.151864
0.148635
0.14645
0.148654
0.152643
0.152492
0.154805
0.152755
0.152527
0.125843
0.152964
0.145617
0.132254
0.153232
0.146488
0.152552
0.153913
0.130985
0.151602
0.153092
0.151876
0.152388
0.152263
0.096957
0.151714
0.152215
0.155667
0.151387
0.143774
0.147053
0.0642638
0.149332
0.15302
0.149908
0.150695
0.137162
0.15467
0.146663
0.153479
0.147943
0.14625
0.154259
0.131241
0.172042
0.149319
0.176629
0.110781
0.153273
0.131553
0.146343
0.136123
0.152063
0.128608
0.152355
0.152287
0.138133
0.153088
0.119962
0.152565
0.126772
0.14755
0.136042
0.152011
0.153542
0.147655
0.129944
0.0405462
0.129018
0.148776
0.140673
0.153288
0.183349
0.121308
0.152196
0.134437
0.123618
0.146451
0.148063
0.152299
0.143523
0.137631
0.152056
0.151292
0.148954
0.151055
0.10353
0.154126
0.114591
0.120078
0.1527
0.152601
0.1361
0.152443
0.148192
0.107761
0.131243
0.159614
0.152635
0.0975589
0.152774
0.149947
0.148067
0.117365
0.152976
0.15202
0.125826
0.138168
0.152638
0.15109
0.151049
0.142872
0.152149
0.149287
0.137212
0.114423
0.0944719
0.122785
0.14809
0.132119
0.152005
0.153004
0.152877
0.131693
0.118349
0.151769
0.151212
0.152811
0.148523
0.150873
0.142288
0.112197
0.170471
0.151501
0.066246
0.152775
0.152759
0.103789
0.134302
0.152859
0.14652
0.139829
0.117647
0.145128
0.145985
0.151749
0.153143
0.152811
0.11907
0.140632
0.148358
0.144312
0.148627
0.147238
0.14485
0.152834
0.126901
0.142144
0.148675
0.137353
0.151448
0.120542
0.125219
0.153237
0.138986
0.153355
0.153361
0.149898
0.134952
0.0488767
0.148151
0.102192
0.153252
0.151162
0.129123
0.0783491
0.152682
0.147389
0.145461
0.153239
0.112717
0.152679
0.152883
0.146838
0.134982
0.137473
0.141496
0.148752
0.143795
0.151806
0.152599
0.151552
0.151911
0.153851
0.134471
0.152474
0.12565
0.152788
0.139171
0.154135
0.153489
0.174868
0.151574
0.148951
0.146309
0.111083
0.150772
0.133705
0.137152
0.152662
0.154371
0.15308
0.148819
0.150022
0.153723
0.117829
0.141725
0.138037
0.153276
0.151222
0.153916
0.14713
0.140673
0.164824
0.150802
0.0239258
0.150222
0.118065
0.152858
0.153329
0.153981
0.131252
0.147769
0.154144
0.0770142
0.153181
0.143571
0.148148
0.149034
0.146219
0.0690504
0.153191
0.102835
0.142259
0.149424
0.129737
0.148502
0.154891
0.149548
0.151916
0.154337
0.157513
0.153917
0.119486
0.0782784
0.151219
0.148574
0.129826
0.148992
0.115859
0.153
0.118063
0.146242
0.134917
0.178297
0.148576
0.144177
0.154324
0.148179
0.0571744
0.148347
0.148977
0.15817
0.139087
0.121063
0.153829
0.146221
0.139836
0.152428
0.150439
0.147533
0.119881
0.138209
0.0938338
0.153712
0.152503
0.14959
0.136293
0.154479
0.137735
0.154306
0.135847
0.161897
0.136169
0.153009
0.143096
0.149185
0.154296
0.153883
0.132246
0.153558
0.149139
0.148797
0.153648
0.154201
0.14401
0.15303
0.148249
0.149023
0.152936
0.146137
0.150927
0.149936
0.140874
0.13391
0.14562
0.0345213
0.150541
0.135553
0.0997076
0.12745
0.153827
0.148296
0.142763
0.149984
0.153377
0.150661
0.150868
0.157646
0.124155
0.16445
0.17272
0.0608933
0.149671
0.153308
0.148189
0.150358
0.134037
0.148138
0.151311
0.14494
0.145273
0.141565
0.153753
0.153944
0.151776
0.143401
0.148857
0.145127
0.149066
0.15493
0.144748
0.173557
0.15293
0.183753
0.137441
0.144611
0.151508
0.15128
0.0282329
0.0795138
0.129367
0.140764
0.142683
0.14783
0.152581
0.147801
0.140757
0.146023
0.142613
0.148682
0.135466
0.153817
0.156275
0.154321
0.153296
0.158326
0.146537
0.138146
0.154267
0.142632
0.14842
0.153562
0.150437
0.148055
0.153296
0.129083
0.150757
0.149211
0.143781
0.1461
0.153318
0.152631
0.151283
0.123262
0.149014
0.151575
0.171047
0.183791
0.151574
0.146218
0.149665
0.153197
0.148879
0.1726
0.15427
0.15427
0.182779
0.161179
0.145122
0.169603
0.177753
0.160705
0.15335
0.157691
0.143256
0.15195
0.153556
0.146866
0.147376
0.162814
0.147023
0.167938
0.151951
0.14165
0.172724
0.150249
0.147374
0.154008
0.149497
0.149495
0.158799
0.15228
0.156715
0.149559
0.159827
0.152604
0.149313
0.16814
0.154312
0.154323
0.152625
0.155588
0.159151
0.150264
0.139468
0.150276
0.162434
0.139431
0.149066
0.154337
0.147084
0.148088
0.171736
0.154225
0.143595
0.140528
0.18076
0.151947
0.172577
0.144228
0.154336
0.146845
0.163481
0.154337
0.147564
0.145787
0.142686
0.140263
0.141801
0.152982
0.144991
0.0828507
0.135591
0.143226
0.136518
0.152614
0.15326
0.134391
0.150028
0.147364
0.151606
0.153643
0.15369
0.114626
0.151028
0.0652145
0.153266
0.148105
0.12233
0.131269
0.14987
0.123085
0.148347
0.158108
0.147551
0.149096
0.152686
0.152993
0.148609
0.143754
0.152048
0.154076
0.152671
0.153867
0.150773
0.15319
0.148958
0.152717
0.150306
0.148455
0.0911515
0.16986
0.140792
0.132952
0.153002
0.124162
0.151023
0.130266
0.143832
0.117564
0.148066
0.153992
0.149656
0.114307
0.153231
0.135379
0.151763
0.152764
0.0963854
0.143424
0.14498
0.154125
0.135353
0.164116
0.147326
0.153115
0.154085
0.140659
0.147744
0.152901
0.109871
0.120533
0.146914
0.15413
0.153951
0.127967
0.158696
0.141751
0.152476
0.143187
0.149458
0.147264
0.153053
0.158607
0.151222
0.153638
0.151685
0.137128
0.152819
0.0747074
0.15251
0.124055
0.153173
0.152336
0.144587
0.149031
0.118545
0.148693
0.145893
0.123684
0.147747
0.153975
0.151795
0.151165
0.145308
0.150882
0.162447
0.143562
0.152849
0.135595
0.148496
0.131983
0.154337
0.135316
0.152515
0.113379
0.120639
0.133213
0.144874
0.143819
0.153888
0.146349
0.131474
0.146789
0.147109
0.151641
0.151215
0.129935
0.136696
0.164279
0.153102
0.153414
0.149672
0.15409
0.153245
0.152285
0.154036
0.150532
0.145367
0.130563
0.127258
0.149179
0.153346
0.133924
0.153278
0.153959
0.0817288
0.152471
0.147087
0.146974
0.153794
0.147593
0.0764565
0.118514
0.153543
0.153523
0.135905
0.150792
0.149483
0.156586
0.147787
0.135132
0.100977
0.146432
0.153995
0.0908408
0.136785
0.148218
0.0412659
0.152455
0.131877
0.131924
0.151838
0.148881
0.0403672
0.0836391
0.152712
0.15433
0.15188
0.153569
0.149342
0.147534
0.153227
0.1499
0.152025
0.134163
0.0818252
0.150096
0.163793
0.149063
0.157181
0.146682
0.148063
0.159223
0.148395
0.153224
0.15286
0.116977
0.149972
0.153003
0.149275
0.153416
0.147228
0.138484
0.0940423
0.159206
0.153098
0.152958
0.151329
0.146885
0.151496
0.153353
0.144675
0.148807
0.0847062
0.153955
0.143471
0.152859
0.153347
0.100491
0.154043
0.150843
0.152193
0.153709
0.153384
0.153975
0.144546
0.151875
0.149131
0.0674598
0.15336
0.147911
0.15304
0.151877
0.146795
0.142004
0.136508
0.0898018
0.147862
0.147841
0.152994
0.15315
0.153182
0.152642
0.151858
0.135907
0.141848
0.15309
0.0878005
0.149805
0.147595
0.0712915
0.121157
0.14031
0.153503
0.144764
0.149089
0.148232
0.139801
0.15335
0.150273
0.150155
0.120341
0.154529
0.152915
0.150609
0.122023
0.136702
0.147623
0.148296
0.153346
0.148266
0.148688
0.147665
0.150502
0.152638
0.154002
0.150115
0.139704
0.142243
0.149395
0.153188
0.140819
0.145125
0.151186
0.16593
0.149245
0.144618
0.151477
0.149962
0.153274
0.153286
0.149135
0.137446
0.147927
0.174752
0.157418
0.026333
0.14869
0.108832
0.153585
0.153417
0.15285
0.153368
0.145176
0.153111
0.152209
0.142352
0.153388
0.156412
0.0210395
0.144375
0.155807
0.137883
0.150107
0.146234
0.0725851
0.151486
0.153473
0.15545
0.151944
0.130485
0.0611162
0.137345
0.149629
0.15204
0.15076
0.034639
0.152673
0.137936
0.145456
0.132963
0.152419
0.151868
0.138499
0.150912
0.139665
0.0484785
0.128683
0.152465
0.152544
0.151965
0.104017
0.145543
0.150951
0.150519
0.144629
0.146677
0.145273
0.155894
0.0191364
0.12569
0.142258
0.146644
0.152888
0.14617
0.129236
0.148601
0.148777
0.145802
0.147473
0.15088
0.157955
0.146043
0.153157
0.150811
0.152296
0.146343
0.148128
0.134771
0.169153
0.134697
0.09528
0.0293031
0.150749
0.127301
0.129766
0.0990799
0.152962
0.152322
0.153418
0.135271
0.153241
0.172546
0.153226
0.150855
0.149192
0.13131
0.143222
0.151128
0.152514
0.159472
0.145828
0.100257
0.0994807
0.0772856
0.151108
0.151657
0.124886
0.161044
0.150849
0.153384
0.153125
0.131034
0.158239
0.127231
0.133663
0.117908
0.060534
0.152692
0.142139
0.153121
0.159261
0.151011
0.151348
0.147027
0.13822
0.137257
0.148508
0.153105
0.153178
0.158254
0.145637
0.150463
0.144859
0.151285
0.1519
0.152909
0.150465
0.133016
0.131624
0.137488
0.0797921
0.152585
0.131402
0.144596
0.145117
0.136983
0.147944
0.146644
0.153056
0.153149
0.149711
0.149627
0.0848301
0.153102
0.126672
0.147257
0.148346
0.151132
0.15129
0.152787
0.146399
0.153316
0.142894
0.150927
0.101618
0.150585
0.148979
0.120167
0.148638
0.148784
0.15096
0.153306
0.152552
0.147058
0.130976
0.143754
0.15199
0.15322
0.149042
0.15069
0.152881
0.135692
0.157485
0.14739
0.153334
0.132856
0.151907
0.0977689
0.147586
0.151468
0.145657
0.150368
0.151619
0.111739
0.14169
0.153455
0.151541
0.0625563
0.143925
0.152492
0.148789
0.151199
0.151343
0.129171
0.151351
0.136251
0.145029
0.131872
0.148296
0.147276
0.15174
0.147864
0.148496
0.148666
0.149741
0.152452
0.152001
0.138905
0.129719
0.13712
0.152989
0.143446
0.143575
0.148904
0.141245
0.147087
0.15632
0.0978283
0.153342
0.152926
0.15063
0.151365
0.150413
0.121465
0.15113
0.149171
0.146301
0.147876
0.148189
0.15026
0.136496
0.130981
0.15022
0.15054
0.151988
0.131123
0.134506
0.148336
0.0697069
0.144007
0.150729
0.146102
0.144257
0.137312
0.152296
0.151369
0.141068
0.152963
0.0702927
0.148066
0.131521
0.150211
0.145912
0.150079
0.145731
0.147947
0.156845
0.152978
0.127899
0.153059
0.0970306
0.115123
0.15197
0.153623
0.148049
0.147797
0.147882
0.153033
0.0952688
0.140996
0.151305
0.146643
0.148637
0.114912
0.150182
0.15045
0.149559
0.153178
0.144382
0.153362
0.131197
0.153514
0.152793
0.1622
0.149015
0.147373
0.144459
0.141932
0.153286
0.149072
0.150679
0.144671
0.149037
0.152231
0.152243
0.148354
0.152428
0.151216
0.153218
0.144674
0.14193
0.146508
0.140717
0.158018
0.150176
0.149686
0.145632
0.152349
0.14552
0.164358
0.151252
0.151931
0.153351
0.142118
0.0213195
0.144836
0.149252
0.131739
0.132545
0.149557
0.150544
0.152045
0.112074
0.137279
0.147915
0.152129
0.149708
0.149954
0.150119
0.145412
0.150052
0.151645
0.152012
0.14764
0.148108
0.150966
0.152447
0.108642
0.149936
0.150291
0.125925
0.149247
0.166588
0.148861
0.152842
0.160465
0.145985
0.0424202
0.136089
0.146219
0.110553
0.145674
0.130408
0.152357
0.171857
0.148135
0.152719
0.153287
0.149284
0.149078
0.146688
0.14649
0.150859
0.149114
0.151026
0.148118
0.148998
0.153694
0.1529
0.14528
0.140944
0.14846
0.148742
0.147429
0.143599
0.105805
0.151717
0.152209
0.148002
0.148535
0.149046
0.148504
0.0741638
0.14957
0.152041
0.140919
0.150801
0.146632
0.148403
0.161496
0.151877
0.151266
0.13708
0.148473
0.152122
0.158466
0.151447
0.150449
0.153297
0.126968
0.140601
0.14663
0.150957
0.146931
0.143026
0.105331
0.152666
0.151855
0.149982
0.146954
0.136909
0.153182
0.1662
0.13732
0.167242
0.147227
0.147574
0.149299
0.119604
0.134843
0.129338
0.146785
0.152038
0.14364
0.0755816
0.125424
0.175429
0.150014
0.149162
0.138748
0.147714
0.122516
0.146676
0.147459
0.149034
0.139126
0.118761
0.1503
0.151786
0.150903
0.14653
0.146502
0.14761
0.154122
0.148059
0.14853
0.148848
0.144793
0.151555
0.151524
0.154155
0.151912
0.156587
0.12958
0.158579
0.152441
0.15224
0.148142
0.149321
0.149552
0.146138
0.148871
0.132876
0.153365
0.120715
0.148383
0.147765
0.150486
0.142925
0.142251
0.148217
0.149372
0.147449
0.139511
0.0644399
0.112557
0.15291
0.150146
0.152419
0.147877
0.149416
0.148307
0.149552
0.148328
0.149095
0.149363
0.13389
0.149533
0.142405
0.143439
0.149066
0.149886
0.150203
0.1499
0.148468
0.14581
0.131651
0.154609
0.152246
0.150816
0.144948
0.128945
0.146173
0.149168
0.148997
0.149306
0.151307
0.114036
0.15345
0.143688
0.131893
0.126376
0.07515
0.119655
0.131623
0.130909
0.12027
0.137918
0.146738
0.151881
0.144749
0.147518
0.149128
0.154361
0.155992
0.0965928
0.147571
0.151435
0.149253
0.147132
0.146963
0.149303
0.151529
0.134355
0.136317
0.139816
0.148502
0.0407397
0.151388
0.152491
0.122203
0.129874
0.144438
0.0403047
0.142513
0.116704
0.151778
0.145177
0.151274
0.138038
0.154727
0.152888
0.153086
0.17231
0.131935
0.117855
0.142651
0.146703
0.144597
0.159958
0.144206
0.132
0.146594
0.147751
0.143863
0.146306
0.140906
0.126902
0.15353
0.0567373
0.156693
0.148798
0.145975
0.132653
0.146507
0.0876745
0.132075
0.149177
0.120376
0.119432
0.13944
0.149763
0.101723
0.0402534
0.151903
0.131791
0.149389
0.151615
0.150191
0.148806
0.145079
0.15151
0.151048
0.151343
0.143399
0.149967
0.151624
0.150978
0.141737
0.149433
0.130986
0.126988
0.134221
0.148049
0.126956
0.139682
0.150753
0.125795
0.091081
0.149923
0.126222
0.151292
0.150979
0.136959
0.153488
0.130887
0.148137
0.151822
0.153445
0.145903
0.147627
0.149685
0.115697
0.124972
0.151316
0.147581
0.151019
0.152953
0.13848
0.10049
0.127657
0.102512
0.146312
0.133888
0.149009
0.112811
0.142776
0.149222
0.101617
0.129691
0.0640991
0.137973
0.148575
0.155755
0.150883
0.147924
0.149567
0.147617
0.148522
0.138458
0.150422
0.146908
0.135084
0.149743
0.149714
0.149598
0.131916
0.151282
0.148016
0.149987
0.0485303
0.137879
0.124695
0.160093
0.148861
0.15095
0.151514
0.0633526
0.145683
0.145663
0.151006
0.12573
0.137606
0.0822761
0.149568
0.139149
0.151475
0.149157
0.149707
0.14332
0.130627
0.142357
0.146853
0.152427
0.0643663
0.125431
0.151726
0.143192
0.133909
0.148944
0.144689
0.141842
0.153496
0.099598
0.148815
0.135979
0.135478
0.151173
0.148265
0.148776
0.128869
0.144308
0.0353968
0.153008
0.152321
0.152677
0.137462
0.149117
0.150397
0.147643
0.151952
0.147864
0.148247
0.14897
0.152643
0.141555
0.128311
0.152227
0.133205
0.148724
0.150682
0.140487
0.0992483
0.147884
0.0985647
0.156983
0.1543
0.150802
0.0282799
0.141274
0.150225
0.136332
0.137217
0.136651
0.150795
0.15053
0.121238
0.142956
0.145688
0.074499
0.0922847
0.149755
0.106706
0.144945
0.14951
0.148073
0.152477
0.135894
0.14108
0.142932
0.149285
0.0966896
0.13902
0.144263
0.134646
0.153545
0.140822
0.152669
0.149285
0.109036
0.147551
0.148866
0.0718665
0.135867
0.149289
0.128854
0.13654
0.145291
0.142366
0.136299
0.14695
0.150792
0.124912
0.149439
0.150295
0.134315
0.14156
0.144683
0.140609
0.149179
0.141401
0.147968
0.150774
0.143353
0.144216
0.149383
0.142877
0.170397
0.133514
0.144425
0.139845
0.148404
0.137869
0.132429
0.147733
0.150655
0.14278
0.133688
0.149285
0.12719
0.150166
0.149005
0.150611
0.150178
0.118796
0.148656
0.149815
0.151856
0.152577
0.150498
0.147957
0.0913775
0.150493
0.098224
0.143639
0.146446
0.149786
0.151911
0.1479
0.134519
0.151117
0.148135
0.154494
0.149821
0.120345
0.138888
0.150086
0.130342
0.0655017
0.11784
0.127613
0.114915
0.106138
0.148511
0.140878
0.109444
0.0642545
0.13867
0.118047
0.14963
0.151558
0.149246
0.148845
0.15158
0.142871
0.150686
0.1192
0.110097
0.148214
0.151474
0.14733
0.148437
0.149346
0.150921
0.153417
0.149792
0.135454
0.148881
0.149163
0.152907
0.0620939
0.138314
0.14684
0.137992
0.138838
0.151954
0.14298
0.137531
0.14883
0.148383
0.146627
0.106778
0.15065
0.142456
0.149785
0.146479
0.148488
0.150841
0.124564
0.144711
0.137727
0.118588
0.147026
0.14223
0.146993
0.152148
0.150719
0.146187
0.120546
0.104459
0.14877
0.142061
0.147976
0.148546
0.148346
0.142914
0.137294
0.145648
0.146264
0.139305
0.139943
0.144636
0.148206
0.148552
0.153386
0.117886
0.138154
0.148416
0.150073
0.148416
0.136675
0.134531
0.147522
0.140845
0.148425
0.139869
0.128958
0.15385
0.135386
0.150318
0.104158
0.147064
0.129754
0.15077
0.114379
0.150511
0.11169
0.147847
0.118121
0.132976
0.145772
0.134237
0.147426
0.144304
0.0639662
0.144044
0.148858
0.145179
0.153706
0.148127
0.145161
0.144673
0.153708
0.141088
0.149704
0.151668
0.101041
0.130544
0.132342
0.145691
0.142401
0.14918
0.150235
0.150808
0.133911
0.123761
0.104732
0.146997
0.148833
0.149892
0.143101
0.130009
0.139681
0.148031
0.129284
0.150834
0.149015
0.145518
0.151515
0.149375
0.153123
0.141076
0.151361
0.148246
0.147022
0.14844
0.142147
0.127068
0.148831
0.147712
0.151493
0.118793
0.143502
0.141006
0.142972
0.134284
0.155449
0.133482
0.0911101
0.139404
0.139612
0.131718
0.148199
0.138634
0.15172
0.148304
0.147905
0.150412
0.0835309
0.141037
0.147327
0.123444
0.139055
0.14546
0.0962916
0.128526
0.130689
0.125694
0.150313
0.0764072
0.144726
0.129403
0.102877
0.107512
0.149561
0.149197
0.148264
0.145422
0.143403
0.141786
0.124704
0.14964
0.129546
0.0412579
0.131371
0.146847
0.14111
0.051968
0.146444
0.151948
0.145644
0.150081
0.151069
0.145835
0.149076
0.123597
0.138873
0.148537
0.148721
0.135708
0.152638
0.148809
0.149248
0.147471
0.126396
0.125324
0.142341
0.137521
0.130949
0.130184
0.149816
0.145614
0.133557
0.148915
0.147314
0.161175
0.122233
0.147348
0.146997
0.135029
0.126187
0.0333459
0.133408
0.148825
0.148803
0.126794
0.131753
0.1415
0.112017
0.147644
0.135355
0.146517
0.146952
0.139343
0.146898
0.146473
0.132248
0.104973
0.125045
0.145126
0.13355
0.150072
0.129666
0.144974
0.0977026
0.146302
0.0252355
0.142568
0.147366
0.0858091
0.13531
0.116901
0.119993
0.137588
0.132096
0.0977734
0.15117
0.14897
0.142841
0.136738
0.142936
0.117372
0.136604
0.149894
0.138496
0.122946
0.023045
0.151531
0.115186
0.133893
0.146961
0.0962962
0.126195
0.123503
0.130122
0.146832
0.150063
0.14836
0.150238
0.147876
0.0835089
0.148902
0.145133
0.149372
0.15289
0.114322
0.149962
0.14978
0.0360038
0.147885
0.102968
0.151564
0.153755
0.14883
0.150149
0.131053
0.113709
0.0777675
0.149347
0.127207
0.142476
0.146489
0.149276
0.13758
0.089563
0.118663
0.148773
0.15376
0.148784
0.148487
0.123232
0.124475
0.145649
0.151568
0.152847
0.137593
0.151689
0.0508441
0.142799
0.14405
0.118018
0.113061
0.148322
0.133274
0.0921318
0.0979249
0.148838
0.0824639
0.136647
0.118459
0.1402
0.126414
0.135479
0.149076
0.134246
0.148893
0.120965
0.118726
0.0684439
0.118288
0.137077
0.145358
0.135956
0.142964
0.142237
0.122587
0.150165
0.153597
0.141133
0.139141
0.129153
0.127237
0.142406
0.143738
0.149263
0.147375
0.141903
0.123108
0.138545
0.125858
0.124355
0.1498
0.116875
0.14941
0.124887
0.137776
0.150939
0.131694
0.150579
0.152129
0.0340388
0.112988
0.100564
0.0985019
0.145396
0.130141
0.135253
0.13191
0.1471
0.0568698
0.169498
0.1301
0.149938
0.0762563
0.116729
0.114862
0.125998
0.136963
0.126437
0.0703189
0.150269
0.0184346
0.128136
0.125697
0.136909
0.130029
0.147037
0.0790702
0.149928
0.0807262
0.14399
0.124857
0.132034
0.14952
0.135102
0.148171
0.151438
0.146057
0.125019
0.139707
0.122003
0.134223
0.143841
0.132706
0.142736
0.147276
0.143244
0.131494
0.103801
0.123914
0.150549
0.147744
0.116095
0.145578
0.145293
0.112071
0.147823
0.145526
0.153998
0.112459
0.122572
0.148605
0.145454
0.14929
0.132752
0.146284
0.151737
0.144025
0.0774256
0.119291
0.122778
0.143798
0.14798
0.132489
0.131438
0.132122
0.151174
0.146527
0.142167
0.130584
0.149174
0.141274
0.130971
0.141639
0.118795
0.149062
0.134391
0.125001
0.146836
0.14894
0.140298
0.146414
0.129205
0.137956
0.103084
0.13274
0.0582033
0.134359
0.18312
0.144722
0.13829
0.126302
0.13792
0.134381
0.137517
0.0968647
0.149037
0.114141
0.13667
0.132185
0.13608
0.117962
0.105911
0.141285
0.129809
0.129736
0.143356
0.14796
0.134606
0.150087
0.123131
0.115017
0.131242
0.114207
0.130902
0.120767
0.14712
0.151253
0.144216
0.151162
0.137631
0.130337
0.149045
0.116077
0.0677539
0.0799608
0.138648
0.117732
0.129021
0.133988
0.142609
0.106756
0.126616
0.126136
0.151576
0.0993639
0.148293
0.146121
0.149095
0.0346247
0.118382
0.149706
0.136113
0.132047
0.144593
0.147139
0.132556
0.0776449
0.120566
0.128359
0.139018
0.136679
0.132897
0.118345
0.135288
0.118882
0.126403
0.121933
0.0792451
0.147832
0.134776
0.142912
0.152132
0.144317
0.148655
0.124769
0.151205
0.149645
0.11765
0.141988
0.144293
0.128779
0.123319
0.140065
0.0478288
0.0940986
0.0656173
0.150395
0.113834
0.143696
0.125627
0.126634
0.119127
0.0943366
0.0666627
0.150258
0.103103
0.132689
0.0575429
0.121686
0.174893
0.149216
0.0423552
0.0910538
0.138079
0.116212
0.147639
0.134209
0.126324
0.134325
0.146261
0.131813
0.150257
0.150186
0.129926
0.0757528
0.153517
0.122426
0.113655
0.063327
0.119171
0.150955
0.111718
0.136155
0.134137
0.112936
0.115668
0.0994743
0.100584
0.148043
0.153259
0.0685352
0.128039
0.123137
0.0695138
0.140835
0.152693
0.119605
0.0530486
0.133745
0.151916
0.126702
0.151295
0.153324
0.13882
0.11744
0.131077
0.15372
0.136753
0.148388
0.127384
0.132624
0.0772854
0.141668
0.0621413
0.104872
0.132372
0.149525
0.130103
0.138438
0.143687
0.137169
0.153056
0.131746
0.152198
0.176057
0.107753
0.150905
0.0360975
0.12625
0.148811
0.145206
0.143224
0.092474
0.147781
0.144496
0.0977215
0.131351
0.144322
0.150139
0.128165
0.127652
0.131846
0.15212
0.145046
0.165243
0.134136
0.0234553
0.122788
0.129892
0.135339
0.146699
0.140968
0.135484
0.14137
0.117904
0.14848
0.0991988
0.134871
0.143928
0.126337
0.102465
0.0367017
0.123462
0.118112
0.136825
0.150032
0.154438
0.151214
0.121126
0.13566
0.149414
0.110962
0.150879
0.0293187
0.0765013
0.147351
0.132087
0.129838
0.119349
0.104713
0.129605
0.135261
0.118582
0.14404
0.0701342
0.148631
0.151842
0.132981
0.0680949
0.115613
0.118168
0.149407
0.0772446
0.0977632
0.148994
0.023601
0.161925
0.137734
0.148149
0.130661
0.149099
0.135771
0.0995435
0.101651
0.0265344
0.147921
0.0859341
0.145535
0.1013
0.147402
0.123764
0.124844
0.152067
0.146128
0.170252
0.147695
0.146097
0.146975
0.149485
0.131262
0.132699
0.146696
0.15073
0.148137
0.117227
0.0761593
0.103878
0.132553
0.167713
0.130285
0.156877
0.148686
0.0540693
0.158033
0.130502
0.137473
0.130376
0.103127
0.100481
0.126652
0.101837
0.151575
0.125132
0.145182
0.136268
0.106661
0.13133
0.127878
0.114264
0.134878
0.105774
0.118056
0.149305
0.102193
0.125558
0.149429
0.133871
0.0160473
0.126196
0.0798394
0.0958967
0.14047
0.123118
0.149279
0.135843
0.149828
0.112629
0.134172
0.112945
0.146734
0.0952403
0.129246
0.13753
0.148821
0.130011
0.144968
0.0565942
0.100517
0.0595212
0.105582
0.138341
0.119475
0.0935438
0.116498
0.144668
0.153464
0.104686
0.157457
0.106237
0.0503532
0.0938109
0.13747
0.106494
0.152678
0.0641343
0.143639
0.149851
0.128888
0.022524
0.147616
0.121093
0.117148
0.127682
0.153339
0.0363839
0.0646827
0.113639
0.100481
0.0959729
0.065735
0.140171
0.130938
0.0813969
0.130652
0.0990111
0.145671
0.148128
0.132743
0.138852
0.118983
0.11851
0.149076
0.129995
0.0299174
0.132526
0.147887
0.0793843
0.054822
0.0879772
0.0676842
0.115288
0.100544
0.138512
0.140681
0.0485229
0.0896307
0.130234
0.138156
0.14475
0.137355
0.13372
0.106768
0.147784
0.0968443
0.102665
0.150041
0.149243
0.147373
0.102216
0.132544
0.0991251
0.0974356
0.114598
0.145881
0.0292133
0.0933804
0.135896
0.0873158
0.147459
0.130509
0.147309
0.13282
0.149157
0.13368
0.100121
0.145716
0.097702
0.110048
0.149324
0.11648
0.129808
0.124319
0.0354806
0.142816
0.13061
0.144002
0.095305
0.126403
0.0657826
0.131265
0.147537
0.140423
0.143981
0.14814
0.119894
0.110299
0.029965
0.123505
0.148602
0.141197
0.12069
0.105687
0.149059
0.13136
0.0280666
0.139557
0.122822
0.132734
0.128421
0.121235
0.119149
0.129663
0.148418
0.0906601
0.145326
0.0569648
0.153406
0.0954102
0.117992
0.147213
0.129564
0.129508
0.0810636
0.0921075
0.0694955
0.100648
0.137384
0.0575817
0.13294
0.129127
0.0788663
0.10301
0.130699
0.148967
0.11366
0.151983
0.122031
0.118974
0.117174
0.0913947
0.114854
0.135882
0.0687132
0.147886
0.106714
0.0951909
0.139953
0.125702
0.0968072
0.0659421
0.0859045
0.150928
0.147332
0.145458
0.0222502
0.127113
0.0558699
0.117394
0.143619
0.145424
0.147823
0.133454
0.117786
0.147382
0.128931
0.149231
0.148662
0.141423
0.0938072
0.134724
0.148935
0.136234
0.140104
0.139502
0.13247
0.141164
0.14146
0.134683
0.130551
0.141243
0.151738
0.146899
0.144752
0.143036
0.151246
0.151787
0.12951
0.118967
0.148088
0.0386056
0.131366
0.13841
0.114894
0.1285
0.143772
0.149063
0.1479
0.0997745
0.143577
0.150271
0.149353
0.141757
0.147294
0.131339
0.13412
0.0585808
0.129979
0.122999
0.0696285
0.149308
0.134763
0.0857686
0.0674728
0.098867
0.0642741
0.138751
0.0474469
0.0716578
0.131461
0.129686
0.105218
0.0461681
0.0917905
0.0239316
0.104067
0.130411
0.11202
0.130602
0.0527728
0.119314
0.122608
0.129499
0.0652735
0.061376
0.0954698
0.116354
0.123808
0.118118
0.130106
0.0826342
0.115314
0.142711
0.113348
0.157266
0.0257891
0.142984
0.12792
0.0998639
0.116937
0.147618
0.137229
0.0348779
0.128816
0.145531
0.0854192
0.104235
0.15098
0.12426
0.129203
0.086512
0.0263902
0.0789787
0.114276
0.0623116
0.136899
0.133697
0.15037
0.147208
0.149397
0.115364
0.0418597
0.0561471
0.131392
0.130803
0.1374
0.139261
0.110033
0.122292
0.100095
0.139982
0.121408
0.130478
0.149456
0.0965546
0.142114
0.149198
0.105956
0.138299
0.147902
0.076109
0.147825
0.0360232
0.129448
0.0349441
0.147281
0.102914
0.113796
0.103658
0.116776
0.149147
0.127104
0.149365
0.125315
0.126306
0.0575864
0.117626
0.0572524
0.152068
0.125531
0.083978
0.0771049
0.120524
0.128128
0.118564
0.102227
0.0224144
0.118511
0.135976
0.147779
0.105885
0.141713
0.0580281
0.149703
0.0584784
0.08332
0.114932
0.152146
0.0235271
0.136489
0.1444
0.0287859
0.0719249
0.0950729
0.107148
0.0621305
0.0660505
0.0879174
0.0884283
0.149231
0.144047
0.134912
0.136512
0.097517
0.125765
0.140859
0.108504
0.0622149
0.137773
0.122049
0.145064
0.103403
0.149673
0.130126
0.132999
0.0970283
0.0469386
0.10201
0.0685267
0.150125
0.112289
0.0846116
0.168487
0.113807
0.0813051
0.134244
0.137184
0.115651
0.11173
0.0178872
0.149659
0.131899
0.128105
0.108515
0.132023
0.0988284
0.147253
0.132017
0.149983
0.103121
0.163933
0.148632
0.134969
0.149847
0.0877554
0.0782425
0.0952408
0.133909
0.0703969
0.121945
0.140406
0.118872
0.135676
0.147122
0.1059
0.0501386
0.149904
0.131626
0.117472
0.10744
0.0616134
0.0800833
0.148956
0.107293
0.107224
0.123097
0.118207
0.10929
0.0980532
0.124132
0.119797
0.151918
0.119363
0.13088
0.0835086
0.103248
0.0269248
0.147285
0.126755
0.171487
0.130797
0.118184
0.117753
0.1318
0.148237
0.167931
0.104142
0.138778
0.0205946
0.149553
0.147232
0.130151
0.0729505
0.131028
0.150483
0.134086
0.103116
0.105258
0.106961
0.155803
0.174048
0.145788
0.147939
0.140027
0.136049
0.136138
0.13324
0.0807827
0.0992705
0.0712372
0.100809
0.0490577
0.0696517
0.149713
0.095695
0.122728
0.150165
0.0691367
0.102721
0.0669633
0.12432
0.125184
0.152048
0.105287
0.138973
0.0414756
0.0972452
0.141076
0.137242
0.136927
0.036082
0.148802
0.152369
0.101228
0.0857379
0.151663
0.0243393
0.0482404
0.0942292
0.0998626
0.114698
0.07616
0.136805
0.147981
0.147641
0.150008
0.0822505
0.154273
0.145652
0.0993262
0.103314
0.150985
0.13547
0.108078
0.11526
0.125328
0.111192
0.0887899
0.126778
0.0416856
0.103487
0.0988364
0.0972762
0.0652303
0.115024
0.0874679
0.12679
0.141747
0.12777
0.140616
0.104793
0.101757
0.0280569
0.0625655
0.13364
0.112654
0.134638
0.0901239
0.14804
0.115557
0.118677
0.12983
0.0976239
0.117819
0.178974
0.148239
0.0790277
0.0502602
0.134269
0.134972
0.136302
0.103455
0.148496
0.127821
0.0719213
0.101238
0.11817
0.107836
0.0999602
0.129961
0.148061
0.0208749
0.0475451
0.118299
0.0964835
0.106819
0.022245
0.0202562
0.152667
0.101787
0.164123
0.136398
0.158838
0.104088
0.132829
0.131583
0.106374
0.0815791
0.0697936
0.100024
0.148114
0.13187
0.0160989
0.152286
0.132025
0.150133
0.0598778
0.127725
0.118001
0.102087
0.0509277
0.148112
0.0729448
0.151263
0.0253955
0.058669
0.14927
0.0483349
0.0422468
0.109681
0.144922
0.116476
0.128506
0.145577
0.137553
0.0512781
0.0248159
0.137908
0.0685426
0.130774
0.106339
0.0727889
0.0963854
0.103797
0.131136
0.0495576
0.0264636
0.121305
0.0489305
0.11507
0.11224
0.0946811
0.0429342
0.151146
0.102647
0.136547
0.13035
0.146039
0.0326178
0.119954
0.110812
0.090192
0.0766607
0.0697775
0.128407
0.0909745
0.0935449
0.118794
0.151987
0.0223454
0.0506813
0.0943882
0.145186
0.0226986
0.0934777
0.104339
0.0682322
0.136121
0.116261
0.142707
0.139975
0.152363
0.144898
0.120646
0.1423
0.0400119
0.025915
0.0656716
0.148719
0.132677
0.127084
0.104245
0.13473
0.141109
0.0261037
0.148143
0.145588
0.104342
0.166576
0.0437138
0.0903102
0.135959
0.0904439
0.0869725
0.101952
0.0994551
0.092443
0.0689265
0.0914718
0.126287
0.102884
0.0640753
0.149188
0.161122
0.149607
0.0754344
0.102636
0.146117
0.14839
0.148414
0.133873
0.149179
0.149768
0.0905039
0.10148
0.110396
0.0742048
0.148556
0.102273
0.0863506
0.0901326
0.127048
0.0561298
0.0444219
0.119388
0.0791836
0.0690538
0.145123
0.0962857
0.125936
0.144711
0.148598
0.077766
0.0484705
0.131379
0.1302
0.0776319
0.148694
0.151692
0.0250571
0.139574
0.0791681
0.0930629
0.118972
0.0808733
0.0852479
0.0786457
0.116582
0.143604
0.122379
0.0827355
0.0988638
0.0413026
0.13508
0.137443
0.0915414
0.0535629
0.123022
0.142421
0.147623
0.147828
0.131143
0.0348408
0.13019
0.123404
0.074356
0.105261
0.0758574
0.089398
0.0670229
0.153548
0.103452
0.142693
0.115363
0.136094
0.149506
0.122436
0.0710546
0.027753
0.0699908
0.126345
0.15696
0.0710293
0.130295
0.124489
0.0767782
0.150701
0.0653412
0.0739282
0.0919146
0.131897
0.0687018
0.0854484
0.150469
0.0885337
0.13433
0.0490208
0.112234
0.165457
0.0692074
0.0621311
0.114941
0.0661697
0.112582
0.13041
0.0866873
0.078115
0.14834
0.0619586
0.105831
0.101791
0.0501273
0.113423
0.164275
0.129783
0.0680966
0.0211229
0.139436
0.131525
0.148107
0.105441
0.0834599
0.12364
0.0985364
0.0795636
0.0719422
0.149143
0.0760037
0.093047
0.0957803
0.126663
0.050064
0.0409309
0.110773
0.106413
0.118397
0.0784195
0.121443
0.113953
0.112774
0.135854
0.167726
0.159106
0.0774477
0.10103
0.0941251
0.116829
0.117716
0.0925459
0.0232455
0.128864
0.0269066
0.0758783
0.132664
0.120401
0.064055
0.0978305
0.139139
0.149002
0.0410477
0.094198
0.0838274
0.0758836
0.123253
0.0573434
0.146977
0.132782
0.0717656
0.085251
0.0864319
0.0960565
0.0859053
0.131753
0.0504303
0.132586
0.0919513
0.132256
0.0235237
0.0949005
0.0402586
0.105286
0.079812
0.0913054
0.116196
0.119372
0.0745541
0.119785
0.149163
0.129271
0.124621
0.0525388
0.0237295
0.157183
0.0981991
0.1481
0.141821
0.0571697
0.0848794
0.145942
0.130004
0.0575067
0.0557832
0.127091
0.127709
0.0875223
0.134179
0.143976
0.137953
0.0745115
0.114141
0.135877
0.0209806
0.115631
0.13335
0.0948253
0.130826
0.0763494
0.149907
0.112185
0.0583023
0.132609
0.135476
0.131878
0.140469
0.04899
0.0500091
0.149595
0.0752742
0.068542
0.0588621
0.0769599
0.075571
0.0671102
0.100878
0.0176395
0.132138
0.0260553
0.077587
0.0662133
0.121671
0.105841
0.0570473
0.104033
0.104238
0.0344898
0.091261
0.10373
0.147251
0.129622
0.147971
0.0966271
0.128589
0.103609
0.0640897
0.147649
0.1238
0.147804
0.121674
0.0732345
0.149071
0.0276936
0.10283
0.143489
0.11637
0.106184
0.0559992
0.094913
0.116562
0.0956004
0.147941
0.119896
0.0838898
0.110241
0.143071
0.118937
0.0841622
0.140961
0.145578
0.0732949
0.13153
0.151062
0.093164
0.149202
0.0849955
0.124543
0.0683211
0.0567803
0.149561
0.0405913
0.128917
0.112772
0.114035
0.0610605
0.0962697
0.0534121
0.121307
0.0546633
0.0580075
0.121725
0.15126
0.142939
0.118426
0.0587954
0.126551
0.146375
0.149854
0.113834
0.116182
0.0978323
0.0619228
0.0267896
0.133405
0.104352
0.128358
0.148486
0.0476875
0.0709389
0.152745
0.0651784
0.021779
0.131113
0.133769
0.118448
0.0955094
0.144987
0.0988548
0.117678
0.0568099
0.0403979
0.102686
0.0405801
0.129135
0.0928781
0.0550113
0.0348568
0.114785
0.0518546
0.111305
0.0851403
0.0796973
0.140375
0.0676288
0.070736
0.0968741
0.0902824
0.105235
0.0810764
0.139266
0.111002
0.154344
0.134091
0.135377
0.11756
0.10208
0.129335
0.125105
0.0589773
0.0721242
0.141681
0.062269
0.0708312
0.024058
0.147669
0.121806
0.0667117
0.116267
0.0283496
0.0787632
0.13441
0.154347
0.130155
0.149069
0.149115
0.130219
0.0861834
0.0214789
0.127403
0.128828
0.137884
0.147911
0.0633758
0.134506
0.151066
0.139261
0.105194
0.132006
0.114987
0.151095
0.0769406
0.136635
0.132889
0.130746
0.131314
0.122383
0.0682497
0.125546
0.103014
0.0630561
0.126887
0.035916
0.138699
0.058289
0.12696
0.0807527
0.11182
0.131848
0.124271
0.123743
0.112361
0.078195
0.0209351
0.0150177
0.0279712
0.0580668
0.145039
0.136422
0.0589144
0.119243
0.148529
0.024759
0.149113
0.0865449
0.132309
0.100654
0.131385
0.0639842
0.130968
0.123751
0.130887
0.0593408
0.0703696
0.0468286
0.0475566
0.116559
0.143215
0.147974
0.156095
0.0653893
0.152039
0.124347
0.0389261
0.124961
0.117612
0.0700035
0.132594
0.100518
0.148434
0.154648
0.111195
0.110101
0.131355
0.144736
0.158684
0.0266157
0.0363233
0.146791
0.0253896
0.0483831
0.0453125
0.149053
0.0602926
0.114469
0.148978
0.0913746
0.127978
0.0626608
0.0376574
0.0978405
0.0658414
0.154735
0.13295
0.130928
0.13071
0.0627839
0.139304
0.0799261
0.174561
0.0961705
0.128225
0.149861
0.122707
0.147612
0.116265
0.0768841
0.0705581
0.149003
0.0590356
0.150097
0.0521268
0.061396
0.105428
0.144502
0.14909
0.0841551
0.0502001
0.14383
0.107192
0.115055
0.148272
0.149877
0.148594
0.139443
0.0576806
0.0983971
0.128446
0.148574
0.117831
0.0701822
0.0624467
0.124913
0.0586598
0.147033
0.120802
0.0359468
0.0750635
0.0517886
0.057468
0.148596
0.149798
0.148675
0.122076
0.0456913
0.0714511
0.0930019
0.0788748
0.157089
0.117055
0.0494208
0.113391
0.0755644
0.105738
0.149048
0.0586044
0.0365083
0.0630758
0.0366954
0.0783845
0.105796
0.152278
0.0369364
0.129287
0.145402
0.069048
0.0588276
0.10304
0.144147
0.0985782
0.0424258
0.118762
0.118497
0.116673
0.125287
0.137175
0.0358684
0.111712
0.0673978
0.058434
0.0710182
0.0196389
0.0285642
0.118355
0.103155
0.0355434
0.0502941
0.0218859
0.0271541
0.149811
0.0273807
0.0689732
0.148692
0.0680392
0.0850351
0.0549558
0.0607538
0.052519
0.0709747
0.0583027
0.11321
0.0398737
0.148031
0.147277
0.0733417
0.0653242
0.150105
0.161559
0.0638041
0.061262
0.103251
0.0536184
0.116959
0.0800795
0.149041
0.0593428
0.144009
0.119297
0.149906
0.0965667
0.087393
0.146685
0.0703619
0.0719817
0.101356
0.119635
0.114821
0.147679
0.121601
0.0217515
0.143793
0.113577
0.0553722
0.0299419
0.130932
0.0535221
0.145897
0.132726
0.13091
0.113979
0.0824669
0.126403
0.128033
0.0728448
0.102183
0.0684416
0.120656
0.0847898
0.119919
0.155355
0.113756
0.0531103
0.151238
0.0270922
0.103241
0.0408282
0.0762369
0.0841571
0.147731
0.148768
0.151948
0.058127
0.0297016
0.130452
0.0352444
0.0400037
0.0830809
0.0169766
0.0826657
0.0717969
0.053469
0.143909
0.0460612
0.0829987
0.11532
0.0209521
0.0562955
0.149505
0.0718212
0.0625581
0.112845
0.0445545
0.0812094
0.12385
0.147971
0.0165799
0.0415302
0.0229501
0.140748
0.0822758
0.0375169
0.136541
0.148728
0.0649326
0.119445
0.165387
0.0414998
0.0371939
0.149919
0.109355
0.0727105
0.113308
0.102497
0.0247818
0.0795059
0.0626288
0.121228
0.0340112
0.144111
0.133409
0.0993121
0.0856211
0.087376
0.130389
0.111171
0.146932
0.0288279
0.0788005
0.131009
0.0210003
0.146934
0.0303694
0.124824
0.147658
0.119828
0.035269
0.0301003
0.0689627
0.0387219
0.0424055
0.0377041
0.110907
0.0404252
0.0907946
0.145473
0.147466
0.0298004
0.037862
0.130709
0.0803967
0.0365369
0.0420077
0.0501561
0.135269
0.0352399
0.0277211
0.116443
0.0292098
0.0769538
0.143384
0.0226641
0.11675
0.0568815
0.131559
0.0905682
0.114473
0.122526
0.0340457
0.0437629
0.124764
0.1011
0.129068
0.129228
0.0505688
0.0587765
0.0563003
0.0956874
0.0575059
0.0357459
0.128838
0.0403247
0.034838
0.132498
0.0911287
0.103728
0.148469
0.11114
0.148411
0.0805446
0.065956
0.147407
0.0296675
0.0531472
0.0452825
0.079245
0.131063
0.0914208
0.0437426
0.128613
0.157048
0.091903
0.0796626
0.0417332
0.020249
0.148768
0.0617803
0.0562613
0.0343164
0.128883
0.154706
0.143361
0.14766
0.132175
0.123453
0.0603782
0.148371
0.148623
0.069432
0.0512331
0.122537
0.0566038
0.142777
0.0444122
0.0399067
0.0864055
0.150309
0.123627
0.0298224
0.149861
0.134912
0.142374
0.0721163
0.120889
0.0498971
0.0782572
0.129844
0.118711
0.156461
0.0863726
0.124246
0.113061
0.0874847
0.0860646
0.0599627
0.0426488
0.0309796
0.148789
0.115552
0.123059
0.0328171
0.0155669
0.0199694
0.0694318
0.0375971
0.0981265
0.0184245
0.148291
0.0389615
0.039124
0.0854563
0.0336035
0.100004
0.0374988
0.112417
0.142739
0.0270862
0.121794
0.0988678
0.0304366
0.0620789
0.147745
0.0243597
0.105743
0.0300601
0.131167
0.1326
0.035965
0.0556174
0.110929
0.0955139
0.133883
0.0736121
0.148844
0.0313543
0.0232566
0.0639179
0.144405
0.0837709
0.0421667
0.021417
0.0793683
0.149255
0.0729497
0.0347196
0.123663
0.0842537
0.136758
0.128074
0.0895048
0.0401213
0.109393
0.0389316
0.0248478
0.0571047
0.133212
0.0273919
0.0397831
0.0428449
0.132877
0.121319
0.0849417
0.149211
0.0400416
0.125979
0.140927
0.132728
0.146078
0.0428108
0.133293
0.147141
0.113436
0.0237589
0.0419331
0.0258563
0.0214022
0.0277185
0.0261924
0.0507919
0.0213334
0.0948213
0.127516
0.120146
0.129936
0.0217472
0.0424784
0.0364754
0.129892
0.144363
0.0632085
0.14969
0.0835241
0.0241529
0.023516
0.0929948
0.10376
0.0486972
0.0336694
0.0428141
0.030774
0.119248
0.071031
0.0752903
0.148456
0.0417916
0.151974
0.147669
0.143532
0.056276
0.148726
0.149965
0.0849088
0.0840219
0.0320661
0.110827
0.0209712
0.128177
0.145665
0.0715801
0.144207
0.151364
0.0809589
0.0433509
0.0469303
0.0701056
0.151182
0.0666214
0.130684
0.113692
0.129746
0.130786
0.0873402
0.0440927
0.0310386
0.0474196
0.154938
0.0922243
0.0408936
0.102921
0.0368344
0.138462
0.145999
0.0190736
0.147977
0.061969
0.148921
0.0582258
0.148142
0.0496134
0.148882
0.0304939
0.149126
0.114302
0.03261
0.117907
0.0380658
0.145278
0.0919973
0.127054
0.147655
0.0445831
0.0371272
0.124439
0.143446
0.144437
0.0442479
0.0225768
0.118937
0.0365799
0.12726
0.0413159
0.0689092
0.114174
0.142483
0.0829476
0.123917
0.0232885
0.124595
0.0540431
0.043756
0.0354126
0.128774
0.0616726
0.149122
0.145288
0.13833
0.0459225
0.118539
0.0258631
0.125762
0.149753
0.0446464
0.0363855
0.100979
0.129275
0.136145
0.0725937
0.142497
0.0807353
0.095291
0.0870485
0.149772
0.113347
0.147788
0.105292
0.145683
0.0359447
0.036213
0.115329
0.0424149
0.0651072
0.118128
0.0576762
0.0826953
0.142362
0.115689
0.148196
0.122248
0.0687311
0.0225295
0.143731
0.0301242
0.0707703
0.129419
0.114281
0.0365295
0.140607
0.0987593
0.113823
0.124467
0.0579734
0.0577059
0.0387111
0.1176
0.119361
0.109649
0.0937981
0.116588
0.143367
0.133776
0.149316
0.0364715
0.142609
0.0720367
0.147412
0.0376208
0.0293662
0.0690562
0.108186
0.115534
0.149125
0.148426
0.147646
0.0695346
0.0305783
0.0282095
0.102296
0.0549889
0.133383
0.148818
0.147566
0.140674
0.0864775
0.0406392
0.0774912
0.11619
0.0965971
0.13246
0.0382179
0.118508
0.131628
0.037475
0.142209
0.142436
0.148481
0.0294378
0.128683
0.0335295
0.0156413
0.028712
0.122988
0.0999481
0.0228452
0.140394
0.0324796
0.10574
0.123439
0.14558
0.0938791
0.13935
0.148364
0.0865958
0.128244
0.131349
0.13881
0.148968
0.133056
0.0708574
0.143987
0.0297358
0.153222
0.0580318
0.0677297
0.0428608
0.0297133
0.144767
0.174106
0.142534
0.118456
0.114882
0.0196371
0.15306
0.0597501
0.0791734
0.0284525
0.13243
0.0159617
0.0405674
0.0378637
0.14865
0.0587499
0.148933
0.0459028
0.131933
0.129574
0.030146
0.127948
0.130344
0.0689721
0.10829
0.112908
0.0524403
0.128172
0.0981303
0.0394391
0.0255204
0.0242202
0.10655
0.147658
0.0696806
0.0949322
0.105124
0.083768
0.123277
0.0265293
0.141667
0.0662446
0.122095
0.0950094
0.0465555
0.068388
0.140505
0.0373315
0.0401361
0.130727
0.139134
0.0448535
0.145119
0.141026
0.135664
0.115547
0.0885449
0.0148567
0.0519948
0.131464
0.0576846
0.0538545
0.123224
0.147923
0.146585
0.0659566
0.119134
0.06681
0.148929
0.156099
0.141788
0.122687
0.126891
0.108795
0.140012
0.0705221
0.147792
0.119797
0.0661258
0.0499109
0.048979
0.143432
0.127121
0.151965
0.157458
0.157543
0.0984386
0.144021
0.015676
0.0450319
0.130996
0.0752864
0.141433
0.0980234
0.130508
0.137777
0.138381
0.0901542
0.128283
0.0683689
0.0347331
0.0150176
0.131506
0.143754
0.138648
0.137478
0.14791
0.0576504
0.0782455
0.148625
0.123498
0.0407356
0.0549264
0.0466738
0.13275
0.0570018
0.122396
0.0410305
0.120676
0.122507
0.0371337
0.130875
0.14689
0.136386
0.0435409
0.114232
0.122988
0.161404
0.13012
0.144935
0.121072
0.154696
0.124718
0.142577
0.127767
0.135687
0.125938
0.0436128
0.12241
0.0177449
0.0647136
0.125461
0.118379
0.11847
0.0495626
0.137532
0.13066
0.0664579
0.131553
0.147658
0.0919922
0.141489
0.091285
0.0784729
0.143776
0.125927
0.123296
0.132115
0.144242
0.0395642
0.114498
0.0551665
0.103508
0.101462
0.16533
0.0425364
0.0700794
0.114996
0.127391
0.125381
0.125701
0.0769608
0.0266808
0.113559
0.0405139
0.147861
0.131403
0.114366
0.0625711
0.0274996
0.144988
0.147131
0.0259611
0.146112
0.128298
0.0978249
0.0854199
0.0462206
0.10568
0.147696
0.137773
0.132745
0.0570371
0.0395089
0.131974
0.0584893
0.0852686
0.0993456
0.122821
0.140378
0.0320259
0.122332
0.139665
0.125231
0.122432
0.090212
0.136855
0.0341407
0.092056
0.0671913
0.122145
0.0431947
0.143711
0.129504
0.125575
0.0406102
0.13757
0.0574143
0.141995
0.115247
0.149897
0.0581839
0.118308
0.133763
0.133734
0.0484634
0.035315
0.0562049
0.138041
0.125894
0.0783606
0.10946
0.122278
0.134007
0.0890055
0.0780669
0.117741
0.14606
0.0941544
0.147561
0.120063
0.0547246
0.0556381
0.126099
0.0572747
0.0388879
0.149358
0.141083
0.120093
0.0838878
0.13105
0.0783186
0.137131
0.107131
0.075811
0.0607442
0.0774301
0.0495088
0.0573803
0.119474
0.036749
0.130354
0.0340081
0.0458461
0.130822
0.111408
0.0578459
0.144934
0.0571811
0.0526111
0.087916
0.10764
0.0677985
0.0530189
0.141778
0.0497606
0.127192
0.0604006
0.145068
0.0421835
0.146363
0.141588
0.17134
0.0265909
0.125191
0.134873
0.150955
0.023105
0.117975
0.143627
0.078064
0.0932994
0.100483
0.0699814
0.100428
0.138278
0.0295864
0.116226
0.0811783
0.0918526
0.0461867
0.141743
0.101687
0.0582631
0.124185
0.135435
0.136291
0.150904
0.0808238
0.0982749
0.140984
0.0308558
0.113069
0.103495
0.150322
0.144295
0.127827
0.147359
0.119369
0.0232585
0.143961
0.138547
0.142585
0.0562187
0.026444
0.141547
0.143999
0.0262526
0.086567
0.0638188
0.115366
0.149481
0.147047
0.137461
0.0146417
0.125432
0.027186
0.0268475
0.090705
0.113986
0.125681
0.0905688
0.120339
0.0442578
0.0156412
0.128726
0.0962297
0.145626
0.022466
0.130712
0.146916
0.0204877
0.0545003
0.129036
0.144219
0.080409
0.0329642
0.133963
0.100829
0.143067
0.0248609
0.0126887
0.0427005
0.0213922
0.0528726
0.139209
0.0553539
0.145463
0.0262472
0.13351
0.0210162
0.0228932
0.15724
0.0448244
0.054877
0.0859066
0.149736
0.028855
0.0170864
0.133641
0.0390531
0.121771
0.0809556
0.132443
0.104222
0.121494
0.138488
0.0783281
0.0360598
0.140767
0.0166111
0.111568
0.142034
0.025639
0.04197
0.0265927
0.0259497
0.0346046
0.0535029
0.10069
0.0754602
0.116875
0.0298557
0.1426
0.11545
0.0687497
0.135174
0.127461
0.0344636
0.0478463
0.0212648
0.0269342
0.107431
0.153387
0.0851327
0.0352663
0.0559519
0.115433
0.144087
0.0608966
0.115521
0.123068
0.0373965
0.129946
0.0407631
0.0593528
0.09688
0.151367
0.0262943
0.0986696
0.128685
0.152673
0.145445
0.0936804
0.142332
0.142319
0.137296
0.078108
0.147073
0.165685
0.0276536
0.0430571
0.116663
0.122418
0.0981936
0.111857
0.0954109
0.0649715
0.150169
0.0407607
0.0308631
0.0588613
0.0470119
0.058037
0.0330665
0.130283
0.122727
0.069554
0.130807
0.0886834
0.0224325
0.112175
0.164136
0.142914
0.0984754
0.14483
0.129992
0.104968
0.154986
0.0858692
0.109245
0.0697738
0.117082
0.0800431
0.123935
0.126367
0.143597
0.144454
0.134184
0.0651138
0.117542
0.096359
0.0238379
0.0744221
0.0548546
0.12543
0.165466
0.0181861
0.0287142
0.0964459
0.0451712
0.134006
0.0269097
0.0703258
0.125572
0.0741201
0.140436
0.0959254
0.146752
0.0586159
0.0370092
0.0252084
0.0164124
0.150717
0.0234764
0.0470066
0.0977362
0.0308052
0.131978
0.0315762
0.100672
0.0440993
0.0448255
0.128299
0.116401
0.13475
0.038908
0.111577
0.022851
0.0825024
0.135702
0.0676383
0.158068
0.155679
0.133751
0.0848218
0.0147927
0.0153568
0.0414583
0.138624
0.118802
0.144079
0.125363
0.055653
0.133905
0.0720813
0.156896
0.12658
0.0580517
0.114218
0.0379666
0.0417106
0.130166
0.0902056
0.143602
0.0425847
0.122608
0.126934
0.059403
0.0946159
0.130622
0.158177
0.10122
0.0528223
0.132776
0.144997
0.122695
0.0898526
0.132694
0.0682383
0.0383554
0.0802918
0.146819
0.138661
0.155585
0.114088
0.100477
0.0892067
0.153011
0.0976083
0.118851
0.133045
0.129653
0.123925
0.147508
0.0509226
0.122742
0.0657679
0.0569602
0.106544
0.112016
0.0609519
0.13955
0.0975435
0.0303128
0.107211
0.091505
0.0293526
0.0832304
0.0501272
0.0320292
0.0957598
0.0288736
0.103991
0.0425777
0.116569
0.143438
0.134472
0.0149008
0.143438
0.123368
0.0927853
0.141394
0.0536238
0.0452953
0.0404503
0.0250631
0.0432382
0.120974
0.134963
0.113526
0.126615
0.0786254
0.152208
0.152166
0.112029
0.0162253
0.113158
0.0980049
0.0569888
0.127497
0.0388959
0.127473
0.139823
0.109978
0.0195708
0.170609
0.093602
0.113315
0.0945547
0.113617
0.133879
0.0743005
0.0929525
0.130423
0.13009
0.110772
0.0549305
0.0917667
0.135177
0.099882
0.0430528
0.0333678
0.13471
0.03356
0.11835
0.128408
0.135153
0.062062
0.122016
0.0419145
0.10538
0.12046
0.136464
0.0445648
0.0749657
0.135406
0.0685773
0.122242
0.0582902
0.135927
0.112033
0.0967002
0.121641
0.0527039
0.133885
0.123329
0.0936398
0.131761
0.0995785
0.0903346
0.125689
0.0900544
0.121257
0.0590965
0.0507575
0.0276824
0.0789652
0.121187
0.150177
0.139651
0.118164
0.0882224
0.0683749
0.0499284
0.142416
0.100249
0.0220938
0.0257234
0.0427431
0.139391
0.150136
0.105949
0.140737
0.132245
0.13322
0.024858
0.0380882
0.13259
0.126358
0.158514
0.103796
0.0878638
0.126904
0.0632507
0.128779
0.125401
0.138206
0.143873
0.0755905
0.078072
0.0782072
0.115561
0.108057
0.092588
0.128262
0.0946362
0.0941107
0.125532
0.130883
0.144713
0.134211
0.0569349
0.0683812
0.0340914
0.0340519
0.103738
0.12408
0.0219512
0.129462
0.0307426
0.145854
0.0496238
0.10039
0.130788
0.0999687
0.133181
0.138243
0.139883
0.096443
0.100621
0.109496
0.038125
0.0904782
0.0502973
0.0245876
0.0901429
0.125196
0.126585
0.083709
0.024555
0.038517
0.138172
0.108326
0.0255035
0.130958
0.127944
0.151856
0.125454
0.112415
0.0905045
0.0406479
0.106514
0.0906498
0.0927123
0.112418
0.117059
0.0423577
0.033255
0.128771
0.0747748
0.126836
0.12895
0.0530581
0.0456308
0.132569
0.0995583
0.137084
0.0354924
0.134421
0.130693
0.0725814
0.0236052
0.0492973
0.0672813
0.102475
0.151229
0.127938
0.0569135
0.0624482
0.10963
0.138223
0.102056
0.13475
0.116065
0.140233
0.0781493
0.11814
0.124949
0.130662
0.0772904
0.109798
0.0903803
0.129428
0.0674787
0.120215
0.129195
0.144573
0.123415
0.0222204
0.127499
0.0251829
0.0937914
0.135754
0.115252
0.140318
0.0997483
0.0565979
0.143267
0.0359897
0.134441
0.100482
0.151167
0.130298
0.0506894
0.0846406
0.0555203
0.0574739
0.0896545
0.124178
0.0618051
0.148819
0.0223937
0.114122
0.10359
0.0482512
0.0754621
0.0279054
0.128894
0.134273
0.119389
0.0346331
0.0332386
0.110983
0.049524
0.0860008
0.131051
0.135969
0.112812
0.102842
0.0346166
0.139633
0.078215
0.0937927
0.0871053
0.0293928
0.112505
0.0878474
0.146204
0.0429325
0.0427362
0.0221387
0.0654472
0.139978
0.0232087
0.100373
0.129734
0.0146497
0.068597
0.144149
0.0725384
0.150559
0.129003
0.147156
0.128594
0.0404398
0.122387
0.11533
0.126006
0.120339
0.131487
0.067854
0.120957
0.122413
0.130807
0.110565
0.0482204
0.134176
0.0789403
0.0715544
0.106432
0.129077
0.0664543
0.126763
0.0762048
0.0327331
0.0471286
0.0648114
0.131066
0.0994799
0.153663
0.106405
0.137277
0.102501
0.0948694
0.0348699
0.114926
0.119491
0.0930141
0.129751
0.127276
0.124767
0.125748
0.0459161
0.141721
0.138174
0.104207
0.107023
0.0956225
0.108074
0.118517
0.0984958
0.0545
0.133516
0.089773
0.0281148
0.0938274
0.128863
0.114673
0.117228
0.141411
0.109697
0.11334
0.0632485
0.0342198
0.0770657
0.0770164
0.106926
0.140016
0.110408
0.0910322
0.118828
0.0650148
0.0588179
0.0672332
0.11636
0.0250999
0.0996826
0.0454015
0.0609193
0.0789752
0.0879448
0.0546876
0.112149
0.137833
0.128449
0.107151
0.117409
0.146964
0.114256
0.129793
0.126156
0.135265
0.0987376
0.03567
0.100601
0.0378469
0.113328
0.125097
0.0657564
0.135958
0.131971
0.0479646
0.116014
0.121326
0.131309
0.067004
0.126137
0.0454337
0.132801
0.133782
0.0996551
0.060881
0.131576
0.097806
0.120607
0.0889606
0.148696
0.0668219
0.10148
0.111029
0.0808804
0.0917429
0.0666655
0.0626702
0.137679
0.0549562
0.126305
0.10126
0.0955993
0.141381
0.0458811
0.0249778
0.127835
0.0924823
0.126806
0.174406
0.088462
0.0650663
0.12586
0.0130967
0.102551
0.117336
0.110572
0.0239259
0.0526451
0.139653
0.0311482
0.134818
0.0764335
0.0859396
0.0639775
0.0570623
0.113053
0.12098
0.127072
0.0495873
0.10583
0.0382344
0.0243452
0.0905229
0.0756681
0.119404
0.0412226
0.0670935
0.0311162
0.0127413
0.131152
0.0420632
0.133615
0.0628523
0.128572
0.117593
0.115593
0.0361512
0.0627498
0.132337
0.12723
0.0247216
0.0882453
0.0557164
0.0799913
0.14341
0.0550357
0.125921
0.117255
0.114511
0.130051
0.135601
0.134758
0.0783644
0.0658031
0.0971681
0.107089
0.10635
0.127525
0.0852336
0.093036
0.102627
0.0512837
0.123817
0.151376
0.0919343
0.0665727
0.0623857
0.0212861
0.0774459
0.0791217
0.0723372
0.0941047
0.106583
0.124055
0.127876
0.0359228
0.1093
0.0848453
0.133022
0.0929265
0.0527953
0.0446768
0.0194668
0.0326632
0.101898
0.023753
0.0841524
0.127504
0.115258
0.127289
0.0748272
0.0808343
0.028433
0.109404
0.0897026
0.0416253
0.101581
0.0964172
0.136727
0.134294
0.0954551
0.143433
0.130837
0.0197545
0.130272
0.0578805
0.069585
0.11167
0.036856
0.130422
0.132745
0.0836188
0.132371
0.121685
0.0602164
0.142018
0.0436043
0.113031
0.138139
0.0955979
0.128547
0.0367283
0.140953
0.0924825
0.119525
0.0643224
0.124069
0.124597
0.0134543
0.13776
0.014961
0.139658
0.0854759
0.0389606
0.0922491
0.063066
0.0979977
0.0390557
0.0148667
0.066151
0.166807
0.0754135
0.088666
0.131178
0.0264121
0.0210805
0.0238839
0.0605984
0.139712
0.0823803
0.0946402
0.0231711
0.0711601
0.0288721
0.0771063
0.103332
0.125344
0.134869
0.119182
0.0368132
0.0659189
0.0379478
0.0263659
0.0224728
0.0950545
0.140528
0.0229732
0.0998881
0.0666748
0.135332
0.0402446
0.0895758
0.0266574
0.122805
0.0478342
0.0905788
0.0922528
0.0820192
0.115685
0.110557
0.0396813
0.111822
0.114671
0.111633
0.102625
0.11512
0.111906
0.116814
0.123345
0.135524
0.139936
0.0276667
0.0260309
0.0947161
0.0942802
0.116932
0.131566
0.0701151
0.12326
0.0319358
0.0393472
0.0233784
0.0612176
0.135303
0.0671858
0.016472
0.0374766
0.126397
0.0915989
0.0412277
0.12001
0.102697
0.119039
0.0261579
0.0939033
0.141557
0.103806
0.0628605
0.0814636
0.142522
0.0539866
0.127394
0.118225
0.0472683
0.150504
0.107969
0.113291
0.0377627
0.0252989
0.128633
0.081336
0.0976409
0.133547
0.0930817
0.072424
0.133981
0.105217
0.0438596
0.0476093
0.115138
0.113698
0.134912
0.0349688
0.123848
0.0859418
0.099105
0.040861
0.0974469
0.0992168
0.119169
0.11991
0.0604731
0.120816
0.0714352
0.127815
0.119243
0.111218
0.0285895
0.107535
0.125527
0.104273
0.109981
0.122438
0.128991
0.0588452
0.0860991
0.132437
0.119629
0.0344567
0.123413
0.0383939
0.112067
0.127669
0.0233261
0.0225135
0.127473
0.114313
0.0906201
0.133431
0.043012
0.0710709
0.110469
0.0807614
0.0929249
0.0966178
0.0695533
0.110401
0.133816
0.136009
0.0923619
0.121742
0.0817172
0.131197
0.134773
0.0249494
0.119999
0.114613
0.152779
0.101077
0.0785916
0.0924562
0.0952325
0.0311676
0.0951023
0.105182
0.132583
0.0785265
0.0481594
0.140112
0.0244718
0.135026
0.122178
0.0617584
0.0671764
0.0994686
0.129473
0.117878
0.128186
0.0682928
0.127971
0.0829202
0.0345169
0.134516
0.0970202
0.040237
0.0966557
0.113619
0.0629736
0.104765
0.0646231
0.125817
0.133636
0.0704688
0.0317749
0.066818
0.0590794
0.0405072
0.0964462
0.0393089
0.123814
0.0635837
0.0738149
0.0394133
0.104482
0.0311527
0.146512
0.0378804
0.0889366
0.0573414
0.0550283
0.0664705
0.118722
0.0964128
0.0864237
0.108896
0.0643424
0.0776352
0.131403
0.0569239
0.101293
0.122259
0.0269045
0.0685588
0.119701
0.0375171
0.030701
0.136498
0.0770547
0.11254
0.0231074
0.0631714
0.0265581
0.0998865
0.0909659
0.11213
0.117283
0.0976957
0.0832236
0.131805
0.0467227
0.150304
0.121855
0.13726
0.108813
0.125748
0.0887321
0.0618017
0.120044
0.113838
0.129632
0.134601
0.125154
0.0807476
0.135694
0.0136218
0.114119
0.064574
0.0876866
0.12122
0.104291
0.0953742
0.131443
0.0826305
0.128818
0.129431
0.0211565
0.120351
0.0377571
0.124313
0.119987
0.112605
0.0871611
0.0233643
0.0858688
0.0481968
0.043979
0.128915
0.0643461
0.0923906
0.127748
0.0146207
0.103657
0.0493426
0.0623857
0.0393018
0.0820961
0.113571
0.0906726
0.0430409
0.0911455
0.121887
0.0589608
0.0367236
0.0142164
0.0970308
0.0382555
0.113675
0.0394598
0.0903443
0.0614536
0.139665
0.128186
0.118643
0.0993751
0.132291
0.0951714
0.0820122
0.0239763
0.0431078
0.106954
0.0377904
0.132777
0.0306824
0.115417
0.0627993
0.0896797
0.129719
0.090779
0.115995
0.120519
0.0465296
0.128538
0.0392549
0.101852
0.0631928
0.0387214
0.0912934
0.0967924
0.0802996
0.0366625
0.112167
0.0658815
0.1114
0.11254
0.131481
0.0259867
0.0618788
0.105349
0.0261764
0.135922
0.037858
0.12915
0.0882516
0.0203267
0.120886
0.0984379
0.107154
0.0902175
0.130025
0.1228
0.124921
0.100631
0.0939201
0.0300472
0.0476994
0.125126
0.0812018
0.019784
0.105689
0.120477
0.109559
0.0843752
0.11994
0.13938
0.0137627
0.0931849
0.0993252
0.06485
0.0428903
0.0883824
0.0440646
0.108258
0.0995739
0.115615
0.0823274
0.102612
0.100673
0.0875645
0.0238439
0.0942056
0.124046
0.0680495
0.110962
0.0192869
0.123361
0.0950086
0.0651285
0.11791
0.0655161
0.127731
0.104471
0.0812468
0.127463
0.0608032
0.0527215
0.075865
0.135767
0.120775
0.0415936
0.0139609
0.0533069
0.08727
0.0480821
0.0888752
0.124279
0.0355549
0.117114
0.137955
0.0758677
0.0825764
0.0818051
0.0324813
0.0799303
0.126002
0.13564
0.0989401
0.0787579
0.0804355
0.0925639
0.0417641
0.0595066
0.117752
0.0209783
0.0407339
0.0925528
0.0775533
0.108173
0.0859856
0.107852
0.0801591
0.11552
0.0329614
0.0525646
0.0622209
0.0976681
0.0384792
0.110009
0.0218275
0.0564384
0.148236
0.0584664
0.0817815
0.0787638
0.0773055
0.112033
0.0438545
0.0481646
0.0419828
0.109976
0.106128
0.0606437
0.0619952
0.0393396
0.0702044
0.0801351
0.0859202
0.0566642
0.111151
0.0218952
0.0388439
0.114034
0.0642141
0.112643
0.0282521
0.0652053
0.0720915
0.0147146
0.0117517
0.0508506
0.0675777
0.126536
0.0432519
0.108043
0.0635417
0.0991377
0.0452702
0.0453585
0.112979
0.101738
0.104321
0.082197
0.121578
0.0355605
0.109934
0.0884863
0.0769072
0.084278
0.105378
0.109586
0.13619
0.0537067
0.0933153
0.0643487
0.0728633
0.12456
0.103785
0.0399201
0.116794
0.112758
0.0635133
0.11706
0.070971
0.117319
0.12094
0.11392
0.074845
0.0390071
0.125591
0.0513905
0.0867105
0.0824156
0.0830643
0.0287891
0.0394679
0.118022
0.0132022
0.0875876
0.123337
0.0763834
0.139853
0.0625028
0.0217785
0.0380929
0.0365413
0.0403687
0.0239041
0.0759415
0.0408906
0.0347502
0.0692227
0.11509
0.0774895
0.100386
0.11217
0.122906
0.0951317
0.0351346
0.121859
0.0767749
0.082928
0.0990803
0.0573838
0.0127157
0.106143
0.0660519
0.0941431
0.0939766
0.10697
0.0663516
0.136469
0.057959
0.0333388
0.117564
0.0742707
0.0722993
0.107523
0.122859
0.0661074
0.0458256
0.0144916
0.0854985
0.128454
0.112677
0.0952413
0.0260679
0.110402
0.0946256
0.0318414
0.104797
0.0775396
0.117595
0.0643572
0.109206
0.112057
0.0999139
0.0124308
0.111483
0.0423263
0.0567521
0.123571
0.0857738
0.11269
0.0377026
0.123842
0.099613
0.0399781
0.0984225
0.0201962
0.116965
0.0550084
0.0398701
0.121076
0.100503
0.0946825
0.117669
0.0789179
0.106663
0.0777563
0.0902438
0.023971
0.0797497
0.0834966
0.115503
0.0362683
0.102505
0.107221
0.100135
0.0804168
0.0792533
0.0873937
0.0709669
0.0207229
0.105919
0.0723555
0.0951812
0.0187779
0.0525425
0.0494053
0.0623629
0.0771984
0.101746
0.0514705
0.105264
0.0758969
0.102925
0.06132
0.0994301
0.0498408
0.106599
0.112221
0.101493
0.101434
0.0599072
0.11218
0.115104
0.110759
0.115533
0.0720087
0.110127
0.110066
0.0223421
0.107538
0.0920182
0.132493
0.112094
0.0512359
0.0187074
0.0311904
0.0905587
0.0790019
0.116592
0.125027
0.05592
0.0981419
0.0207248
0.104894
0.109092
0.12794
0.0129612
0.036762
0.089593
0.102568
0.0969162
0.112134
0.111503
0.0391215
0.106902
0.105107
0.109219
0.0892552
0.10034
0.0949612
0.0533197
0.0680209
0.102712
0.0915412
0.082175
0.0514335
0.0771248
0.0683617
0.0965838
0.0716277
0.0947933
0.0939861
0.0992849
0.0504006
0.0775018
0.103368
0.0983846
0.0629644
0.0401023
0.0764899
0.107938
0.0337155
0.0454688
0.0530698
0.0601043
0.0912232
0.0213444
0.0679708
0.096399
0.0468533
0.0932167
0.0979081
0.100786
0.0728363
0.101512
0.0834232
0.106732
0.101425
0.0307895
0.0882671
0.0605524
0.0687912
0.0509041
0.0509457
0.0950997
0.0855656
0.0529352
0.103006
0.0805386
0.0376552
0.0545007
0.0619747
0.0300197
0.116938
0.110399
0.0111941
0.0881493
0.113777
0.075778
0.0148033
0.0996025
0.0623111
0.100394
0.102447
0.108305
0.085
0.11702
0.0613787
0.097703
0.098379
0.0390434
0.0202917
0.0331718
0.086093
0.0461446
0.0714011
0.0697647
0.0431099
0.0965333
0.103732
0.0867413
0.0403014
0.063602
0.0833712
0.0887161
0.0156111
0.0705222
0.0984104
0.104955
0.101472
0.0805086
0.100072
0.064552
0.0961981
0.0776642
0.0826112
0.0202278
0.0975781
0.0863592
0.109713
0.0842255
0.085417
0.0203503
0.114341
0.0450368
0.0701931
0.0120719
0.0657158
0.0737335
0.102945
0.053361
0.0159014
0.0346738
0.0565046
0.114517
0.0513153
0.0412998
0.0695425
0.0542333
0.0637712
0.0211507
0.106371
0.0326961
0.0439272
0.0977867
0.0936708
0.0849265
0.0658313
0.0222086
0.106034
0.0688607
0.101265
0.0806701
0.11149
0.0946694
0.0998263
0.106745
0.0128825
0.0578947
0.0131035
0.0976314
0.0113694
0.0632993
0.111593
0.105471
0.0905213
0.0934237
0.0967031
0.109219
0.0987973
0.0947175
0.0552535
0.010831
0.0980428
0.111321
0.0338789
0.107696
0.106139
0.0627512
0.010332
0.034836
0.107988
0.089451
0.0958988
0.084903
0.0292117
0.090343
0.102117
0.0966322
0.0921073
0.10353
0.0711176
0.102424
0.0890357
0.0508605
0.109286
0.022498
0.0783502
0.0985059
0.0869107
0.117302
0.0545795
0.0102638
0.0940324
0.102831
0.107569
0.031144
0.105088
0.0844189
0.0735382
0.0673568
0.0448993
0.0861276
0.0676393
0.0953464
0.0595215
0.0610522
0.0673224
0.0949478
0.0890215
0.0388645
0.093154
0.0328971
0.0269195
0.0691838
0.0740539
0.0917008
0.0897548
0.0807658
0.0130575
0.0570898
0.0924807
0.0105325
0.0334381
0.0834808
0.0865294
0.0299258
0.0355479
0.0678996
0.0343393
0.0548538
)
;


// ************************************************************************* //
