/*--------------------------------*- C++ -*----------------------------------*\
| =========                 |                                                 |
| \\      /  F ield         | OpenFOAM: The Open Source CFD Toolbox           |
|  \\    /   O peration     | Version:  v2012                                 |
|   \\  /    A nd           | Website:  www.openfoam.com                      |
|    \\/     M anipulation  |                                                 |
\*---------------------------------------------------------------------------*/
FoamFile
{
    version     2.0;
    format      ascii;
    class       volScalarField;
    location    "650";
    object      omega;
}
// * * * * * * * * * * * * * * * * * * * * * * * * * * * * * * * * * * * * * //

dimensions      [0 0 -1 0 0 0 0];


internalField   nonuniform List<scalar> 
9793
(
0.0224612
12.5962
0.0219346
2.54692
0.02226
0.223504
0.0875864
6.92465
0.0221664
20.82
0.0221974
0.0221883
0.0219139
1.56587
0.0217993
0.025903
0.0553717
0.021928
2.04243
0.0215678
0.0216325
0.0222917
2.49778
6.96385
1.63399
0.0269037
0.0221002
0.0222621
0.0215782
0.084379
9.1536
0.416143
0.0220097
0.0219401
0.0218676
0.0288158
0.0241673
0.0251645
1.35011
0.0315208
0.0723921
8.63155
5.59856
0.0222717
0.0219634
0.0220427
7.00393
0.0222844
0.021702
0.0219348
0.0284531
0.0218503
0.0388681
0.0222688
0.0335905
2.11498
0.0219233
0.0951269
0.0217089
0.0222914
0.0273516
0.100584
0.0219485
0.0356276
0.0219632
0.0220931
29.6871
0.024251
0.024536
4.22817
0.0220034
0.104844
6.59733
1.27114
5.58848
0.0222627
0.0472007
11.1017
0.0219803
0.0222707
0.0498941
1.97808
0.0534831
0.0241802
0.0246101
0.268949
0.0222614
0.0726028
1.36231
0.0966425
1.74951
1.62592
1.70567
0.0421059
5.09329
0.0219026
6.46599
0.0518247
0.0249027
0.0222687
1.31193
0.0369178
3.40848
0.0219684
3.81612
11.0875
0.854403
0.0218764
0.0219845
0.0222835
0.0222338
2.06028
3.28278
8.55905
0.0219764
0.0221134
0.0237537
0.0220503
1.76264
0.0220289
2.99389
0.0777422
8.6125
0.0441772
0.0242132
0.0220347
0.0633608
7.32114
0.17392
0.177189
0.0236822
0.0218079
0.022354
0.0234059
0.0276107
0.173298
0.523592
0.0238029
0.0222737
0.064067
2.15204
0.0278844
0.0219644
0.0588456
7.02896
0.645612
0.0220357
6.26904
0.0218059
0.0220297
0.0220698
14.2877
0.0244092
0.0220928
0.0219273
1.41644
0.0592419
0.021943
0.589944
0.0219285
0.0684242
0.0238018
0.021639
0.372706
0.0220338
9.95226
2.87126
0.022215
0.0218777
0.0222179
0.0219803
6.68545
26.8138
1.75769
0.0219074
0.201678
0.145276
0.764848
0.0219647
0.0241715
4.55233
7.96423
0.0835066
0.0220355
0.0220731
0.021871
8.75957
6.25824
22.4047
3.60051
0.0220229
14.1279
0.444808
0.0256879
0.0217356
0.0234809
2.025
0.0216045
0.0219252
0.0222049
0.0220271
0.02163
0.0296551
0.0249446
1.59966
0.0219373
0.028595
0.0222107
0.0224223
0.514372
0.0611242
2.37125
0.0216411
3.45536
0.0242091
0.042533
0.0218149
0.167251
0.0221223
0.0515089
0.0557685
0.0216336
1.40352
1.98308
0.0402448
0.0218916
0.0538848
2.08695
0.0507201
0.0515503
1.45689
0.134686
0.0400039
0.0364151
0.388405
0.021596
4.39844
7.34934
0.0216102
0.022223
7.39201
0.0219144
0.0222315
0.112852
0.125008
0.0220886
0.0241946
0.029793
0.0389743
0.0242152
0.0219711
0.0453028
2.94378
0.0216318
1.81215
0.0222623
0.0221711
0.0216667
2.01546
0.0219806
3.64029
3.06442
0.0221041
0.0221321
3.8117
0.0218437
0.0222402
0.0218161
2.62294
0.278179
0.0252288
0.471602
0.0893895
3.09698
3.53483
0.0222443
22.7624
0.0222645
2.0045
7.73692
1.41775
3.17197
0.129916
0.0236899
0.048867
0.0246013
0.0217626
0.0222796
0.487411
0.0270784
0.0221407
0.0222838
0.0216389
0.0217099
0.0216351
2.26456
0.0218669
0.0217926
0.0219313
0.0219162
5.37113
0.623355
0.0653925
0.0229938
0.0595283
0.0220565
0.319587
10.4398
0.0219738
3.83557
0.0336861
0.0219573
19.6698
0.40126
0.0220176
0.0476907
13.1274
0.0222034
0.0344574
0.0217902
0.0222961
1.84514
0.0419273
0.0219493
0.0220218
0.0228565
0.185242
3.31193
0.0219387
0.0218703
0.0217422
7.37526
5.23933
7.15585
0.0215919
0.0444255
0.0353274
2.21949
0.0728877
0.0215926
0.0216405
0.021743
0.0474463
0.022128
7.44864
0.0220884
0.0217857
3.10016
2.16791
2.66971
0.0217911
1.30482
0.0249731
4.10665
7.28705
1.53275
0.0238071
0.0327816
0.601902
1.61585
1.98083
0.0267601
0.0222635
0.0256189
0.021674
0.0218516
0.0221052
0.0220822
0.022292
8.43732
0.0222073
0.0637299
0.0311215
4.3247
0.0215894
0.0242705
5.44964
0.50797
1.60202
0.0708652
0.0217878
0.0238868
0.0219379
0.503924
0.021575
2.45639
0.167934
0.0881044
6.09033
1.89005
0.0221381
0.0218899
0.71234
0.437204
0.021936
6.54684
0.0221321
0.0221767
6.75666
0.0216395
0.0969854
0.0216053
2.57335
0.0220939
0.0220418
2.98841
0.0986277
0.0544611
0.0256821
0.0220752
0.0218476
8.07692
0.051667
0.0215783
0.0221955
0.0348925
0.0354179
0.0536532
8.02987
0.0221966
0.0219367
0.34765
0.0220818
2.48326
0.750235
0.0220649
0.0220145
0.0222564
0.0221172
0.0217271
1.32027
0.0520041
6.92653
0.0293064
0.0230535
0.0443837
0.0248702
1.62717
0.0265779
0.0222679
0.0242595
0.544933
0.0219654
0.0219332
0.0220013
0.0215778
0.0219833
0.0218156
0.0220441
0.0221583
0.0230129
0.0245633
0.111983
0.0220132
1.5036
0.025937
0.227253
4.37226
0.0217678
3.39756
0.0855908
0.0217437
0.0215779
0.0219757
3.94259
0.0912792
0.0215748
0.0221211
0.0221982
0.0688288
0.162343
11.0297
0.0219767
0.0219287
0.0321112
7.28831
1.38413
0.0238831
0.0231298
1.91725
9.71789
0.237003
0.0222593
0.0217969
1.49252
0.0219073
0.143058
5.51912
0.0215676
0.241673
0.0273634
1.31991
0.0218465
1.77973
0.322214
0.0254725
2.98837
0.0219052
2.00057
0.022095
0.0218859
0.0222237
0.021942
4.38421
0.0218979
0.0216964
0.0229582
0.0216006
0.0217974
0.0475602
0.0229254
0.0350016
0.0220343
0.0220386
4.32589
0.0764093
0.0238307
1.83964
0.024164
0.0222652
0.0219851
0.0217256
8.94209
0.0216867
0.0220696
9.49963
7.97772
0.0397769
0.0219218
0.0222842
0.0221178
0.0222414
1.71199
0.0222521
4.15983
0.0239086
1.83106
0.0222623
22.5844
0.0222343
0.24259
0.0219134
0.0894886
4.44996
0.0221036
9.48375
0.0219057
0.0222182
0.0216228
6.10128
1.65137
0.0219828
0.0282314
0.0216814
1.88221
0.0218808
0.0460444
1.67536
0.0254794
0.022027
0.0465196
0.0222452
0.0221579
0.021761
0.104562
0.0219556
2.1434
0.0220523
0.0221454
0.0399962
0.0787841
0.689987
0.0217803
20.6467
0.0218857
0.214468
0.0219215
0.0221633
0.0219029
0.0220502
0.0222683
0.231475
0.0405118
9.71367
0.119545
0.0358476
0.0348396
5.33295
0.0237089
1.64554
4.23154
0.281244
12.5715
3.02093
0.190535
0.0221633
3.42247
0.039498
0.0220833
0.381487
0.022251
0.484301
0.036573
0.223456
0.02795
1.89133
7.72771
0.0373861
0.204071
0.0222168
0.684877
0.0229602
0.0219161
0.0221112
0.0230986
0.0476188
1.3958
0.293506
7.06891
0.0234164
0.0236163
1.31486
0.365164
0.0229225
0.0650233
0.0224502
4.92619
3.1924
0.0220587
0.0656518
0.307606
8.17151
0.0219581
0.0261119
10.1383
0.0288331
8.94396
0.0922353
3.20433
0.0259949
0.0238382
0.0219302
0.0219262
0.211558
0.0222843
0.221428
0.143271
0.0844833
0.0222596
0.0222241
0.0232476
0.0220063
0.0218321
0.0219157
0.108426
4.17503
1.67395
0.0222797
0.365774
0.0219474
4.38955
0.048695
0.0480898
0.0346732
0.303499
0.0217497
0.0220603
0.0442553
0.0219069
0.022064
0.0633187
1.38056
0.0216292
0.198955
1.44139
0.0244684
1.87244
1.49058
0.021831
0.0564578
0.0265736
0.022018
0.0216207
0.106146
1.44986
6.89311
0.0219853
0.0220165
0.0216691
0.0240207
0.022958
0.0240199
0.586026
0.0483534
0.0221522
6.36722
0.0297697
0.0341242
0.0220208
21.3751
0.0235127
0.0219176
0.08719
2.12742
0.0215827
0.0220502
0.0219442
0.0249478
0.0217454
0.0384273
0.580084
0.0222391
0.103975
0.0227532
0.0219728
0.902981
3.01253
0.277451
0.0220753
0.0215939
3.54897
0.0261609
0.478342
0.0215622
0.0219091
7.79908
3.96125
0.030445
0.103382
0.0642926
0.0218883
0.0222717
0.0219768
3.99268
0.0220577
0.0222928
1.50095
0.0277627
0.33605
0.0333347
0.0219328
2.65714
0.0222682
0.0219148
0.0219671
0.031067
3.32529
0.0221631
0.0219739
0.0219051
0.0218947
0.0219389
0.0219479
14.0078
0.0321143
0.0229284
0.0221109
0.0321413
0.0637568
0.02578
0.0288274
0.0222839
0.0216625
0.0234474
2.03552
1.84612
0.0228982
6.78966
0.022216
0.02556
1.35681
2.16657
0.0217845
0.0221814
0.348867
0.0538104
0.0219066
0.022249
2.19024
0.0222682
0.0722162
0.0220092
0.634822
0.0222479
0.0222675
0.0221276
0.0312843
0.0219693
0.0247551
0.0263788
0.166714
0.0218615
0.0219945
0.0222498
0.0218814
0.0221173
0.0219061
0.0314492
0.0221117
0.0545131
1.67164
0.0439975
0.0665517
0.0222028
0.0217598
7.58115
4.95308
0.0216112
1.81198
8.81874
0.0215993
0.0219695
0.0218758
0.101794
0.0567643
2.38974
0.0218555
0.0253337
0.0218581
0.0223479
0.0222595
0.0899361
0.0220943
0.274677
0.022094
0.0598537
0.0218917
0.0232693
0.0219178
0.0376584
0.0614439
8.21049
2.90893
1.87502
0.0500293
0.0219112
3.01317
3.74484
0.0651833
0.0220093
0.0220858
2.01564
0.0218688
3.09384
0.0216092
0.0293012
0.022154
0.0222699
0.0217934
8.1125
4.02921
2.78223
0.0739074
6.08091
0.0219474
3.05268
11.1597
0.0222705
0.0221286
0.0217311
1.30996
0.021563
7.42183
0.0329297
0.15338
0.0223183
1.08572
11.3433
1.70071
0.0299104
0.0327624
0.0220413
18.5361
0.0215435
0.608652
0.239642
0.0710349
10.6989
4.43648
0.0238266
0.0235168
0.0219486
0.0955715
7.26665
5.62966
0.021745
3.90839
0.0253115
0.123578
0.125302
1.39367
1.43691
0.0216358
0.0263126
0.0307797
0.0238832
0.0234473
1.91335
0.0221979
11.8407
0.0218051
0.0216176
0.0826643
0.113735
0.975731
0.0225801
23.3383
15.074
0.704136
0.0271604
0.0222331
0.0225868
0.022227
0.0219231
0.946307
0.412692
0.0221905
0.0219232
0.0320791
1.71107
0.0261929
0.021929
0.450823
0.0219362
0.022275
0.0215528
0.0632938
0.0220297
0.0246373
3.89964
0.0636643
0.0222929
4.23429
0.133583
0.0219314
0.0227281
0.0348341
0.0222624
0.0219625
0.0217598
13.1426
0.244686
0.0222703
0.0364865
0.0368074
0.677986
0.0219621
3.40285
0.0218601
0.0217525
0.658508
0.267098
0.0689733
0.02208
0.0218913
7.72275
1.33709
0.311314
2.86218
0.0221037
0.0232782
0.022014
9.57489
0.0244602
0.604089
0.0227955
0.0219485
0.0232285
0.0216851
0.0218741
0.0663308
0.0217829
3.3265
0.0218167
0.0222423
0.0215707
0.024568
1.58078
2.69888
0.054826
6.61412
0.0219784
0.0366786
0.0231236
8.29119
0.0217858
0.0216264
3.68612
0.0352236
0.0333157
0.0221128
0.217568
8.1361
2.21175
0.0221894
0.034996
0.914995
0.0313805
1.15698
0.133471
0.0854588
0.0217702
0.022653
0.0650019
0.0791482
0.0219859
0.0979922
0.0217386
0.022184
0.0223273
0.021778
0.021912
0.0219923
0.808944
0.026006
0.0229344
0.047322
0.0217549
0.0219287
0.0388364
2.99842
0.0866237
0.0638751
1.86636
0.0222341
9.27302
0.0296745
5.5949
0.0636493
0.0222026
0.0220505
0.0234054
8.41635
1.76532
0.0522922
0.165303
0.0216599
0.0219291
0.0222484
0.0222019
9.13235
0.0257613
0.021945
0.169474
0.292936
7.40253
0.0227316
3.47629
0.0569605
0.0418712
0.0321946
0.43284
0.265832
0.0223012
1.44789
0.273842
0.0394092
1.97397
0.0472225
0.0221655
0.0222638
0.0219168
0.0232861
0.0274782
18.4555
0.0528905
0.02187
0.352362
0.0220033
4.34894
3.37014
0.0219538
27.8276
0.0218081
0.0217578
0.0219517
1.48395
15.1938
0.0510818
0.0316982
0.0216959
0.586859
0.0222313
0.0313102
0.0220915
0.0221808
0.0218997
6.55917
0.0229146
0.0428418
0.0293405
0.0222119
0.372208
0.143286
0.0343716
0.0256299
0.0236873
1.56753
3.01159
0.0218339
0.0217738
0.0218318
0.022668
9.06506
13.2251
0.229424
0.0259032
0.0217882
10.7626
3.13906
0.0222614
22.5896
0.0217155
0.0895573
11.7497
0.0217458
9.38723
8.05671
0.135116
7.55381
6.98018
0.0218621
0.0227737
2.49797
1.35878
0.022646
5.80056
0.025095
0.021912
0.0222739
0.023028
0.0416301
0.0253643
0.32452
7.78269
0.238533
0.0347937
0.0220794
0.0625147
2.18986
0.0217698
3.63472
0.0490626
0.0222202
0.0248544
0.0222418
0.0222584
0.031955
2.29122
0.0223578
0.0217908
5.61679
1.37229
0.0742645
0.0222616
0.057913
0.0219289
0.0219312
4.92048
8.98688
0.0219204
0.021496
2.69389
4.5417
0.0498197
0.0223198
10.8875
0.022601
0.0219257
0.0233031
0.0219315
0.0216535
0.0216279
10.5046
0.189403
0.0262138
1.58792
0.0473154
1.32059
10.1116
1.6722
0.164279
0.0219501
0.022239
0.0222495
0.0219927
0.0774616
0.0218794
0.112897
0.0297434
1.11461
0.0220459
1.44053
0.0367703
6.11742
0.0219247
1.75181
0.0300284
0.183214
0.280891
0.0314378
0.0216248
10.817
0.0586489
1.81104
0.0216091
6.61523
0.0220248
6.47308
0.534731
0.0440798
0.0219219
0.0220887
1.67554
9.04743
0.0321728
0.0215709
0.445032
0.0895144
0.0467707
3.87225
0.0817723
0.0219518
4.7368
0.0219195
0.0335958
0.0216156
9.45458
0.0216221
0.0230848
0.359505
3.54301
0.0222224
0.0706391
0.0240786
0.0813528
0.0218777
0.363296
0.0235544
0.0660045
0.0219648
0.0219853
1.87027
0.028758
6.7789
4.87626
5.7346
0.0228235
0.0216393
0.0217698
0.02579
0.038105
0.0320467
5.31451
0.0235196
0.243241
0.0428369
0.0222811
0.0219718
0.0734458
0.409925
10.4748
0.0219127
1.51212
0.0218612
6.72429
1.49917
0.0490017
0.0219969
0.0217359
0.0439792
1.9104
0.0244704
0.0222688
0.023289
0.0466773
0.0226165
1.5897
1.94484
3.909
0.0221569
0.0265011
11.6289
0.0221877
0.0632096
0.0218193
0.858665
0.0371479
0.0219503
0.0443053
0.191593
0.0218715
2.42114
0.0219163
0.148891
0.267364
0.459841
0.329223
0.0221674
0.022254
19.943
0.0222152
0.0407197
0.0869893
0.0235357
0.0215346
11.3725
0.0250979
0.408735
0.0229175
0.0681436
0.0226307
0.412694
0.0255169
0.0247545
2.88041
1.25952
0.0220895
0.0222731
0.174324
1.80127
1.92512
0.844991
0.0292496
0.0219271
0.0218126
1.55374
0.0221389
6.97538
0.104561
1.86457
0.0221072
0.0217218
0.0217941
0.0441045
0.0460901
3.70225
1.38857
1.1653
0.235614
0.0216105
2.50094
0.0231382
0.0669644
0.0227546
0.041193
0.0620821
0.0219272
0.0215804
0.0683935
0.0216416
0.0400187
0.0721368
3.27308
5.27359
0.0375712
1.48863
0.0217461
0.0216335
0.0220746
0.203365
0.0635348
0.0476538
0.120768
4.49875
0.0402354
0.163557
0.0218234
0.0222036
14.901
0.0219014
0.301566
0.0214744
0.0218708
1.76265
0.350397
0.0218782
0.0846714
0.526086
4.34494
2.38352
0.0253319
0.0709063
0.0517198
5.16118
0.0221033
6.24602
5.95925
0.0238568
0.0252404
0.0216161
0.530932
0.0217108
0.021985
1.48342
0.0222931
0.0215694
0.221914
0.0623121
1.35097
1.35113
3.32103
1.71454
0.0216132
0.0219131
0.0218838
0.022206
7.6969
0.0221192
1.65507
0.0231205
6.63891
0.0246811
0.022165
0.0216845
0.0222899
0.0307475
0.0220023
0.0215249
0.337996
0.0218253
0.0540503
0.0225571
8.41781
0.0247114
0.0220787
0.0218699
0.0556266
0.0219044
0.0217613
0.022089
0.0222153
0.023782
0.0218687
0.0235204
0.032032
4.72156
6.15784
6.5601
2.40146
0.0217708
0.022005
0.0219283
0.0214365
0.021932
0.0217384
0.169667
0.021867
0.0222519
0.0220691
0.0220415
0.0219604
7.38095
0.0235392
0.0219688
19.5987
0.0454166
0.0217133
7.76658
8.54323
0.022019
0.487249
0.758296
0.0220925
0.0469005
0.0241438
0.0215646
0.0277695
0.0221057
0.0400255
0.0220126
0.0222477
0.0217499
30.1833
0.0277231
0.0467525
0.0220327
0.0222655
6.89311
0.0260327
0.0220355
0.0239783
0.0243284
0.022252
0.236468
11.5505
1.33057
1.4955
0.232911
0.0381766
0.0222598
12.9781
0.17538
0.0228555
0.0630111
0.0222932
0.021903
0.0222467
1.9108
0.0474808
0.0219967
0.0220404
0.200316
0.0217335
0.470835
0.0219856
1.89647
0.256673
1.40069
0.0220794
0.0233547
0.0322806
0.0362121
0.0223248
0.0396683
0.0885594
2.06043
0.022018
0.491153
10.7942
0.021572
1.55517
0.0444535
0.340359
0.113689
0.0219199
0.0281846
0.0424038
0.0216876
0.0251697
0.0215507
1.23538
1.91528
0.0332675
0.021826
0.163994
0.0765493
2.85319
0.295368
0.0234886
0.0281644
0.0219487
0.0219493
0.0424395
0.0532049
19.9383
0.021821
0.458463
0.0226502
10.3273
0.195955
2.36895
0.0216068
0.0230688
1.97516
1.79195
0.0439927
1.89821
0.0226059
0.26602
0.0219115
0.0218665
2.58866
0.296708
0.0240807
0.0220942
0.0776977
2.15817
0.196418
0.0685213
0.0217757
0.0220127
0.0217178
2.37212
7.84575
0.0217652
0.0472548
1.57559
0.0787385
0.301694
1.54494
5.84224
2.44006
0.0217833
0.0225111
1.42932
0.0218876
0.050677
1.58706
9.26502
0.02353
0.0306728
5.10052
0.634368
2.03262
7.43826
1.43318
1.33737
0.0221117
0.0216266
0.0219919
0.0224317
25.7089
0.0560058
0.392048
0.409673
0.0580743
0.0219437
0.218182
0.0217015
0.0308844
0.0219192
0.0416082
6.86775
2.77468
0.0220716
0.0216086
0.0379131
2.1912
0.203991
7.17823
0.0456091
0.0221064
0.0850313
0.0214722
0.0977741
0.0325337
0.0219159
1.67475
0.179691
0.600807
0.0600224
0.022306
0.021582
7.646
0.0254274
0.0216274
0.0221458
0.0222562
0.0216858
5.87287
9.77052
1.81267
1.39721
6.34547
0.0234553
0.0219464
1.91835
0.0241782
0.0869658
7.38474
0.0218648
7.76535
2.75654
0.062661
0.0342577
0.802861
0.0232619
1.78256
0.0383456
1.86893
0.0218277
0.0229936
0.0417698
3.26329
0.125055
0.069782
5.68386
2.31944
0.0733081
0.173738
3.28154
0.0243135
0.371804
19.8375
0.0365912
0.0652098
3.26353
0.0323231
0.0375496
0.0221043
0.0381992
0.0407113
0.0584949
0.0220889
9.37299
0.170768
1.69127
6.15882
2.02418
0.0405025
1.58417
9.54758
0.0218448
0.217009
4.34823
7.50372
0.0282303
0.0244047
1.55974
9.70814
0.021617
0.247443
0.0217526
0.0219059
4.18221
0.0256301
2.18895
1.41725
1.70887
8.2252
0.0216265
0.036378
0.022006
0.0218419
0.113514
0.0601022
0.0266617
2.76536
1.72731
0.0222732
0.0262001
1.36307
0.0232619
0.425286
0.0488017
1.31509
1.30648
0.437243
10.3217
8.51021
1.71215
1.31809
1.54701
0.0297445
0.0254292
0.123536
0.126376
1.56109
7.91553
0.0221327
0.0227144
5.98471
2.21709
0.0243847
5.70014
0.0219389
0.816142
5.79104
4.99707
0.0219208
1.56044
1.57051
0.0271361
0.0353939
7.86416
7.24563
6.85449
4.45509
0.0220314
7.32666
1.49697
0.0415449
0.240656
0.111908
0.0217351
0.0268753
3.42015
2.06689
0.0246335
0.0221717
1.4989
0.0859356
1.65171
0.0782579
2.27942
1.34498
0.0219921
11.5112
0.0222852
0.0301614
0.0221076
0.0218725
0.0217056
0.0378656
0.295336
0.0215003
17.0581
0.0754611
6.13767
7.65305
1.90287
0.0219071
5.59434
1.53595
1.90143
0.0350526
0.0219274
4.45345
0.431133
1.76065
0.056175
0.0235917
0.0216895
5.73615
5.64419
0.0339907
16.6885
0.031517
0.0222466
1.33599
0.0551678
20.476
0.0219035
0.0282545
1.5667
6.39187
1.33083
0.219578
1.30891
1.58419
5.45464
0.0220468
7.75765
0.0488701
0.0218481
0.0215608
0.021945
5.69825
0.0503293
1.31301
1.38868
0.0358974
0.168684
0.0807293
2.54436
0.268792
7.60054
5.66172
1.32632
0.0921369
0.0216533
0.342803
0.0581941
0.102785
1.31914
2.67938
1.68588
0.0220946
0.0241635
0.0499328
0.0220596
0.0219603
0.028208
1.33445
0.0274611
0.0243598
1.32832
0.0763257
0.310893
4.54162
1.3805
0.490303
1.63008
5.81984
2.11421
0.0646818
0.0319595
0.0221491
1.30436
0.114449
0.252688
0.0643843
0.0621234
0.0214569
0.196127
7.04986
0.0256551
0.0215927
0.0229161
3.91187
0.0218725
0.0220241
0.0653114
1.42328
0.0276932
0.0563734
0.190146
0.0309322
0.0627769
0.0218838
0.0219778
0.0420782
0.235526
0.0223066
0.0316265
0.276741
7.41322
0.0221647
11.9542
0.0218772
1.36852
0.0233675
0.0235506
0.0215595
0.197176
0.0340919
5.83596
11.2685
0.0699764
0.0221629
0.0218962
7.50653
3.20731
0.0217731
0.26316
1.44048
0.0544337
0.0792125
0.0214349
0.0227605
0.0219228
1.34611
0.0432287
0.0220502
7.62966
0.0224384
0.0586939
0.279343
0.0217366
0.102367
0.0627265
18.3255
0.0224788
0.0264485
0.0235204
0.0564103
0.0214107
0.0219017
6.77384
0.356193
0.0791926
0.0219663
1.55917
0.0224464
0.0224405
0.0219575
0.547403
7.69407
0.0238077
10.9418
1.87926
0.0669972
2.89091
4.60208
5.77372
6.58148
0.055617
0.0668923
0.240347
0.049446
0.0219504
0.0304764
0.0297738
8.31427
0.0220793
3.78103
0.0219798
0.413271
0.096776
0.0228745
0.0231653
10.1691
10.9147
4.7858
1.48218
0.0218109
0.0705818
5.99702
0.0258862
10.1308
0.041428
0.109638
1.39803
0.0322935
0.0219922
0.133859
0.161197
0.0219212
1.3785
0.80374
0.0217114
0.0222398
0.0221216
0.0220088
6.73559
0.0219104
0.0488299
0.0220246
0.0222267
0.0328073
0.0219435
1.37161
0.0890009
0.0221988
0.0216325
0.119551
0.0232718
0.0564513
6.20928
5.72486
0.0549972
0.249505
0.041345
0.0215998
0.148362
10.1836
0.03862
1.33442
4.80411
0.0769225
0.0394398
0.0267987
0.0702112
0.0385319
7.7951
0.0221142
0.0222
0.0217682
2.19599
9.90548
0.0365142
0.095069
0.0218632
0.0257451
0.108458
0.292863
0.021935
0.062198
1.52509
0.0895386
0.0219911
0.0219433
20.0105
6.73666
0.0219335
0.618789
0.0302657
0.220212
0.242889
0.0218596
2.7238
0.0290563
0.0220251
1.89738
0.222746
0.0219202
0.0221631
0.295305
0.0217859
0.0220399
0.14023
0.0427202
0.0463818
7.37852
0.0253469
0.0421483
1.47617
0.0218398
9.66083
6.31069
0.0251854
0.0616912
0.187045
0.0219825
0.172431
0.0214745
2.00553
1.49778
0.022002
4.73577
9.57707
0.0219554
0.0219466
0.588522
0.0377331
1.49669
1.4577
0.0220953
0.0440149
6.06329
0.0224737
0.05046
0.0731103
0.0342441
2.00379
0.20416
0.022906
0.25075
5.8506
0.0462244
2.58809
0.0219096
0.0215574
0.0222676
0.042944
6.15753
0.0220661
0.0327234
15.5152
2.58687
0.0222184
0.0300926
2.02217
1.38735
0.0222253
9.95088
0.0344454
0.0920561
0.0354913
0.0231813
0.0260678
0.0219756
0.0219617
6.89041
0.0219331
0.0530433
0.02198
6.76209
0.0228879
0.0233137
0.0215964
0.0237083
0.0219792
0.0420595
5.63516
0.348576
0.038477
0.043062
0.0219672
0.031999
0.0532314
2.68009
5.81554
0.0218294
1.12526
0.0220219
2.25371
1.32701
5.6282
0.0218264
0.111949
0.0746923
7.19772
0.241763
0.0218616
3.19882
0.329488
0.0384009
0.444424
0.0221199
0.0220084
0.0400171
3.79917
0.0219308
6.60508
0.0344179
2.74522
0.0928132
0.0224158
2.26305
0.028365
0.0221578
0.278226
0.02195
2.7569
10.874
0.162345
0.0278364
0.15989
0.021941
0.108367
0.0449705
10.0084
0.0220365
0.0216193
0.0270913
0.0298248
0.0448062
1.70558
1.11322
0.0362664
0.23087
0.0218169
1.36126
4.37974
0.194569
0.0219253
0.0222605
0.0227402
1.8927
0.0220822
0.0262545
1.98344
0.0861821
0.0219981
0.281204
0.0814713
0.0219856
0.0252897
0.127314
1.55601
0.0721435
0.0439721
1.63639
1.3842
0.273623
0.0269003
0.0221399
0.0245014
0.0248038
0.149784
0.0586213
0.0273259
0.0801596
7.70411
0.0241992
0.0219963
5.71755
0.299337
1.60808
0.182847
0.025961
0.0238216
0.0237303
0.0217747
0.0219037
0.0448367
0.0215536
0.0229939
0.0220451
0.0230233
0.0236751
0.0219474
0.0391679
0.0357308
0.0220455
0.0219355
0.0221199
0.0227896
0.0223699
0.250302
0.0220578
0.023513
1.48254
0.0216906
0.0233182
0.0222781
0.0271393
5.84571
9.63832
2.48048
3.06113
3.77096
0.212525
0.0218731
0.0603157
0.0220353
0.627082
0.0227439
0.029709
0.0222009
0.0555176
0.0219543
0.0312558
0.0217865
1.82266
0.177648
0.0220793
6.12601
3.44007
0.0220786
0.0881314
0.0219459
0.0216002
7.86273
0.022078
0.0671684
0.210642
0.0221052
0.0215604
0.0751989
1.47922
0.0251528
0.0232768
1.41914
0.0219382
4.40539
0.0510433
10.4128
0.0216757
1.44275
0.0219362
0.0222184
0.243925
0.0601959
2.21909
1.59692
7.89287
1.90501
0.148726
0.145754
0.0220466
0.125057
0.0219455
0.02182
0.0945717
0.021905
0.021984
0.0216087
0.0216183
0.0576076
2.65929
1.40225
0.421125
2.71482
0.0234142
0.0306493
0.0226485
0.0228312
0.0772897
0.0220771
0.0217031
0.0218164
0.0235533
0.0232351
0.203969
0.0819928
0.0466939
0.0221096
0.0552767
0.0564078
1.82759
6.37397
0.0247693
0.0402618
0.0220886
12.3582
1.5551
0.021919
0.0219325
0.0245141
0.0222135
0.262063
0.296536
5.83612
0.0221505
2.1547
0.0221434
2.70833
0.0513092
0.0218099
0.0283503
0.734991
0.0271668
0.0281399
0.02985
0.084865
5.42926
0.0217295
0.0219139
0.0282152
0.139055
0.0218818
1.85136
0.835541
0.0219713
0.0214293
6.77797
0.0664177
0.0219263
5.34225
16.2953
2.07481
0.504676
0.0277882
1.86369
0.0220717
5.96656
2.00142
0.872944
0.0658191
0.023944
5.6379
0.0251584
0.0218654
0.0214552
0.162302
0.02164
4.07827
0.022406
0.0222101
0.0252265
1.36515
0.0238739
0.0228387
0.0220741
10.3361
4.03495
11.6859
1.4083
0.0419331
0.0219326
0.0242455
0.193816
0.111752
0.0219855
0.0508103
0.150645
0.820529
0.021925
3.38152
5.90135
0.0375366
0.0220635
0.023804
0.0219514
0.0217338
0.0219394
0.0220306
0.0220318
0.0978234
0.0220963
0.115646
0.0226271
0.0227599
5.81411
0.06986
0.0228953
0.0228432
2.08006
0.0215594
0.0228924
0.0262875
0.0218143
0.463194
0.0308854
0.0228142
0.0448111
0.0219802
0.0272874
0.0217727
0.144319
0.0218221
0.021925
7.1174
0.0230664
0.182082
0.0336386
0.0238715
0.0832557
0.0214143
0.0220884
0.0227093
7.40611
0.0235205
0.0219235
1.95155
0.0220201
0.0216284
0.0218828
0.729627
0.0324154
0.124479
0.0338396
0.0310071
0.0503634
0.023902
0.0273166
0.0480669
2.18234
0.0223066
0.0286089
0.0218158
0.265821
0.2155
0.0219044
0.0275246
2.00097
0.0301363
0.0215524
7.92726
0.0260551
0.0843397
2.25978
0.0281229
0.0219169
0.0295447
0.0219233
0.023528
0.0219029
0.0234258
0.0261364
0.0219702
0.0220686
0.0321419
0.0221944
0.0957407
0.021904
0.0238107
0.0219498
0.0281885
1.45431
0.0221141
0.0219649
0.100542
0.0227545
0.0219778
0.231102
8.40254
2.78553
0.022086
0.024542
0.0341869
0.022245
0.0221263
0.0340639
0.196028
0.0215412
0.0542275
0.02198
0.0218867
0.0217497
0.0215325
0.0226463
0.0432007
0.0342633
0.026629
1.47223
0.0241718
0.0282508
0.0217273
1.75429
0.276099
1.89916
0.0220634
0.0472811
0.0284059
0.022045
0.022121
0.041939
1.35159
2.2901
0.0218688
0.0273544
10.6303
0.0228151
0.195417
6.27168
1.41835
0.0290116
0.0220055
0.038759
0.0451144
0.135729
11.5409
8.06906
1.38022
0.0226675
0.0221743
0.0219419
0.109444
0.0219194
0.0216914
0.0384827
0.0219299
0.021865
0.0218761
0.0526519
0.0219442
0.0217775
0.0219676
2.33245
0.0215481
0.0220443
0.0221075
0.022396
0.0219387
0.072931
0.0706947
5.04166
0.021582
0.0284998
0.108862
5.71446
2.28078
0.0222809
0.0222753
0.0531464
0.0965965
0.0260403
0.367879
0.0219325
0.413367
0.0222782
1.31224
0.0228677
0.0219328
0.0445326
0.0219559
0.0219087
0.0228108
0.735431
0.0245412
0.0224913
0.0221787
0.0219757
0.0407102
0.0218799
0.0219131
0.0260266
0.105267
0.0243168
0.0218085
1.31526
7.84775
0.0220255
0.314584
0.0221444
0.0283179
0.0778835
0.223463
0.0235027
0.0230632
0.0220892
0.269227
0.0286512
0.0221171
0.0219068
0.0233389
0.147559
0.0219687
0.0343679
0.0239323
0.0352887
0.0510489
0.0385053
0.091608
3.59602
0.0251494
0.0220387
7.17568
0.349352
0.0219311
0.021496
0.0220639
0.0219812
0.0219259
0.0239942
0.0216783
0.0220789
5.6628
1.37078
0.0313106
0.0219517
3.10572
0.0238961
0.0217022
6.05421
0.0233874
0.0216523
0.0220944
0.0220365
0.0358411
0.0220995
0.0557949
0.0219258
0.0217819
0.0219606
0.032669
0.036304
0.0218901
0.0584148
1.38586
0.0232365
0.0218903
0.0616405
0.02172
0.0220398
0.0218637
0.0300588
0.0220523
5.88579
0.0223881
0.240506
3.17644
0.0570803
0.023031
0.0222108
0.0220821
0.0219379
0.0296969
0.170053
0.122072
0.0218117
0.0239317
5.75005
0.0215876
0.17779
0.0219614
0.0227548
0.0311353
0.0633763
0.021954
0.032616
0.0283269
0.0590383
1.34997
10.1156
0.0218294
0.0219255
0.0329122
0.0225031
0.0227304
0.0504516
0.022555
0.100084
0.0217821
0.0698069
0.0221066
0.0827657
0.0580769
1.33893
5.63875
0.0219173
0.0396853
0.974877
0.224007
0.0216007
0.0217449
0.13556
0.0219428
0.0219234
0.0217471
0.0215205
0.0727015
0.0742155
20.4192
0.0220198
0.0446667
0.0222551
0.0215934
0.0231231
1.64331
0.157283
0.0219368
0.0221424
0.021845
6.7525
0.0220274
0.0219458
0.0225002
0.021961
0.0437764
0.0218328
1.68976
0.0219818
0.0224006
0.0222993
0.0219291
0.0217517
0.022005
12.781
0.0217823
0.021958
0.261015
0.0218862
0.0220433
0.0221127
0.0221568
0.0549631
0.0219259
0.0219724
2.454
0.0232206
0.0220385
0.0222841
0.021531
1.32793
0.0230467
0.0222525
0.0219209
0.025827
0.0219638
3.89912
0.0217942
0.0220083
8.68553
0.0219772
0.0638352
0.0222064
0.0214187
0.0215159
0.0308691
0.0379051
0.021868
0.0222862
0.0236274
0.0219104
0.0221107
0.0221259
0.0218332
0.021723
0.0217769
3.52064
0.0219536
0.0218449
1.68894
0.0219562
0.0268904
0.131514
1.40925
0.0218245
0.0220965
0.0219549
0.0216422
0.0230096
0.0392608
0.0240659
0.0357143
0.0217823
0.024853
0.0220303
0.0214814
0.0266729
0.0600405
0.0236821
0.0274557
0.0220261
0.0219538
0.0221205
1.89712
0.0230778
0.0220097
4.44998
0.0226154
2.62389
0.0220637
0.0219278
0.0217451
1.43029
0.0219832
0.0251907
0.0227147
0.0220727
0.0219664
0.0220883
0.0219967
0.0239959
0.021917
0.0394157
0.0222482
0.0402623
0.0215103
0.0216379
0.0235957
9.39642
0.0221496
0.0220489
0.0226381
0.0219365
0.0238076
1.77715
0.0227993
0.0274059
1.83075
0.339142
0.0227702
0.0224936
0.135012
0.0932606
0.022879
0.0221158
0.0218332
0.651349
0.0224102
7.68341
0.0216891
0.0215468
0.0221045
0.0218456
0.0232706
0.0215915
0.0219882
0.0222653
0.0612884
0.0238768
0.0224198
0.021633
0.355956
0.0650848
0.0215201
0.0221042
0.023533
0.0222394
0.0220591
0.0215944
1.40107
0.0216059
0.0219542
0.0687103
0.0215849
1.82765
0.0218214
0.0419646
0.0261435
0.0219685
0.0215453
0.0219235
0.0220335
0.022044
0.0217424
0.021624
0.807069
1.54028
1.72687
0.0216178
3.84428
0.0220159
0.0574919
0.0219231
0.0219248
0.0221098
6.65363
0.0219472
0.0219096
0.0221269
0.0220121
0.32059
0.0219427
1.55118
0.0214557
0.0223156
2.30146
5.74521
0.0219832
0.0219567
0.0269808
0.0220142
0.150213
0.0217534
0.581617
0.0217805
0.0359479
0.0221399
0.0218184
0.0219425
0.022004
0.0232492
0.021904
0.0309791
0.0341942
0.124519
0.0217127
5.32836
0.0218936
12.97
0.0219135
5.94326
1.2576
0.0217504
0.0219107
0.0216033
0.0218981
0.0220442
0.021932
0.0215927
0.0223194
0.0214487
0.0916454
0.0221106
1.41339
0.0215847
0.0215393
0.021926
0.021926
0.0224778
3.34212
0.0227378
3.99938
0.0215525
0.0221196
0.0340763
0.0215912
0.151451
0.0231454
0.0219294
0.0401388
0.021514
0.0219721
0.0224579
0.021688
0.0290857
0.0407224
0.0216411
0.0221128
0.0220463
8.75713
0.0235419
0.0215854
6.16279
0.0540071
0.0216316
0.0219131
0.167282
0.0225935
0.0214477
0.337228
0.216888
0.0226021
0.0214544
0.0222402
0.0357782
0.0215759
0.183032
0.0216238
0.0216775
0.0429147
0.0543491
0.0216181
0.021615
0.021519
0.0217415
0.0217554
0.0416821
0.0219655
0.0217614
0.0221113
0.0218479
3.0216
0.0222722
2.81313
0.0261567
0.0278833
0.0221423
1.50274
0.021919
1.62045
0.0215404
0.0219559
0.477356
0.0219726
0.0228633
0.0216629
0.0250106
0.0217068
0.0268196
0.0215736
3.94925
0.0222102
0.0215803
0.0215441
0.0215821
0.107966
0.021796
4.42585
0.0219124
0.0250876
0.0215079
0.0220147
0.203763
0.0219979
0.113514
0.0218188
0.0231633
0.0221904
0.022134
0.0224731
0.0219358
0.0219784
0.265488
0.0215802
0.0219417
0.0226126
0.0220574
0.0220545
0.0336875
0.021812
0.021913
0.0218617
0.0216277
0.0217639
0.0219928
11.5794
0.203084
1.00256
0.0214439
0.0233712
0.0221269
0.0265378
0.126503
0.22697
0.032707
0.0215778
0.0219784
0.0218821
0.0221449
0.0221156
0.0219073
2.49465
0.0523224
0.0219273
0.15913
0.0221379
6.14917
0.0219576
0.0218893
0.0218046
0.0215715
0.0214905
0.0218026
0.0216663
0.0218136
0.0423976
0.0230541
0.0219247
1.5328
0.021574
0.0225
0.0219827
0.0216015
0.0219361
0.3221
0.0218079
8.68905
0.0219271
0.0216017
0.0358103
0.0219119
0.0262399
0.0802311
0.0216739
1.44032
0.0750923
0.0216126
0.0225034
0.0215365
0.255685
0.0216194
0.0275505
0.0226247
0.0218053
0.0217389
0.0218574
0.0219621
0.0223095
0.0217546
0.0222349
9.21951
1.61007
0.0229385
0.0219591
0.24828
0.0314183
2.04658
0.0218016
0.0218831
0.0219602
0.0223857
0.0219319
0.0216305
0.021599
0.0219702
0.0428213
0.0216654
0.0220293
0.0262259
0.0219839
0.030091
0.0220412
2.5238
0.0218693
0.0219236
0.0232408
0.0412576
5.73731
0.0219212
0.0221565
0.0218777
0.0221416
1.9917
0.0225113
0.0219473
1.30481
0.0218332
0.0219926
6.24766
0.022016
0.0218597
0.0214778
0.0219123
0.021805
0.0219982
0.0358125
0.0217956
1.83349
0.0220996
0.0238782
7.84084
0.0220039
0.0216519
0.0220627
0.0214486
0.0216231
1.85505
0.021967
0.022008
0.0225432
0.0219018
8.51538
0.0218106
0.13563
0.0217257
0.0692389
0.154125
0.0752747
3.49096
0.0266293
0.0355323
0.0283615
0.0218793
0.0219885
0.0232275
0.188013
0.0600573
0.02153
0.0220057
0.0219677
0.021763
0.0216106
0.147658
1.31817
0.167393
0.0222782
0.0221634
0.0310868
0.0220347
0.0220847
0.0218657
0.0220785
0.0219418
1.43021
0.0230371
0.0222239
0.0215124
0.0668099
0.0216438
0.022073
0.0217281
0.0215632
0.0218996
0.0220473
0.0508468
0.0217961
0.0257863
3.06384
0.0216745
0.0221048
0.0216754
3.83284
0.0215327
0.0217857
0.0466885
0.0219775
0.0750919
0.021772
0.0215391
0.0226372
2.03656
0.0222527
0.0220946
0.0216873
0.0217783
5.12888
0.0230439
0.0217505
0.171169
0.0219113
0.0217681
1.72232
0.0222936
0.0222942
0.0222931
0.0222926
0.0222919
0.0217465
0.023689
0.0233621
0.0747827
0.0215873
1.77344
5.83249
0.0318002
0.0218456
0.0218067
0.0219055
0.0220853
0.0217787
0.0221342
0.0217512
0.172029
0.0219408
0.0217912
0.0217656
3.33881
0.0218809
0.0221354
0.0219775
0.0219575
0.021894
0.0218037
0.0227433
0.0236208
0.0221953
0.0229602
0.0232895
0.0222688
0.0223921
0.0225372
0.021973
0.0222859
0.0215529
0.0218129
0.0217066
0.0226108
0.0217938
8.54717
0.0218665
0.0218618
0.0219821
0.0214293
0.0226261
0.0219756
0.0220373
0.0219296
5.61779
2.90968
0.0215701
0.0218059
0.145929
0.0353337
0.462086
0.0218344
0.0240099
0.0357081
0.021561
0.0222045
0.0219581
0.0222172
0.0219255
0.175023
0.0296036
0.0344654
0.0219596
1.52402
0.0221257
0.0220455
1.30289
1.68932
0.0217223
0.0218657
0.0222617
0.0229803
0.0219142
0.0219939
0.0218747
0.0234016
0.0215688
0.120965
0.0218023
2.33926
0.0217917
0.0220117
1.10977
0.0225132
0.0218193
0.0224822
0.0218859
0.0220236
0.0269193
0.022169
0.363549
4.0519
8.65709
0.0217678
0.111177
0.0218752
0.0221481
0.0219767
0.0218434
0.0217038
0.0219941
1.8582
0.0218175
0.0219311
0.0216049
0.0218529
0.0218882
0.0215794
0.0224213
0.0219805
0.0217331
0.0219401
0.0220262
4.21506
0.021928
2.31472
0.0222944
0.0220072
0.0217917
5.99234
1.41236
0.0216027
0.0216529
8.77706
0.0467163
0.0219316
0.0220261
0.0305052
0.0217782
0.0219183
0.0217836
2.76368
0.0220916
0.0220552
0.022284
0.0218907
0.0219757
5.38847
0.0217181
0.0216854
0.0218069
0.0220783
0.0219159
0.021892
0.0219468
0.0219375
8.68365
0.022103
0.0220052
0.0216832
0.0314817
0.0217172
0.0332196
0.0220388
0.0216842
0.0219506
0.0217832
0.021886
0.0219439
0.0221218
0.0216352
0.0218015
8.61131
0.0219655
0.0340269
0.0219723
0.0219007
0.0216493
0.0218317
0.031241
0.0220179
0.0215304
0.0219557
0.0219136
0.0243207
0.605373
0.0217397
0.0214943
0.0220303
0.0220588
0.0219983
0.159218
0.0218083
0.0220045
0.032339
0.0217552
0.0480371
0.0218359
4.69272
0.021934
0.0217822
0.0221055
0.0218087
0.0219443
0.0255399
0.0218797
0.0220221
0.0219036
0.0219809
0.0221258
0.0217576
0.0218869
0.0216608
9.05448
0.0219699
0.0222321
0.0865905
0.0236077
0.0217988
0.0215595
0.948439
0.022414
5.60638
0.0217967
0.0963784
0.0222841
0.0237585
0.0215449
0.0220288
0.021916
0.0217643
0.0219195
0.0219132
0.0219498
6.11311
0.021426
0.0220384
6.21473
0.0221213
0.0216254
0.0221511
0.0219194
0.0311539
0.0217037
0.0309791
0.0218613
0.0221223
0.0221263
0.0221294
0.021837
0.0219608
0.0239097
2.43574
0.0222058
0.0221316
0.021845
0.0220067
0.0216154
10.7299
0.0227258
0.0220645
0.0218942
0.0215937
0.0217006
0.0271035
0.0217925
0.021479
0.0220667
0.0219699
0.0215061
0.0223257
1.28516
0.0221308
0.0218113
0.0222786
0.0220086
0.0220435
0.0214625
0.022073
0.0220238
0.0220742
0.02214
0.0215122
0.0219105
0.0220212
0.0219319
0.0221574
9.39187
5.8193
0.0220568
0.023489
0.0218504
0.025871
0.10726
0.0215987
0.0217953
0.0263845
0.0228429
0.0304045
0.022049
0.0219696
0.0219388
0.0219866
0.0216064
0.0218678
2.27346
0.0338107
0.0215769
0.0244219
0.0222448
0.25804
0.0216691
0.0216364
0.0215295
0.0217367
0.0219035
0.0847593
0.0218414
0.10394
0.0455421
0.0245436
0.0218834
0.0220831
0.0218501
0.0219127
0.0222518
0.0218933
0.0219019
0.0299308
0.0220462
0.0218243
0.022161
0.0220346
0.0219714
0.0220088
0.0219838
0.0217333
0.0220111
0.021895
0.0220292
0.0220132
0.0352131
10.6385
0.032749
0.0217225
1.91607
0.022052
0.0216871
0.0629952
0.0223158
0.0218776
0.0219117
0.0218973
0.0219399
0.0216692
0.0220296
0.022509
0.021925
0.0219235
0.0217997
9.77527
0.021781
0.0218993
0.0298153
0.0217674
0.0217617
0.0219834
0.022293
0.0221497
23.2308
0.0218811
0.042436
0.0219719
0.0425704
0.131928
0.0214622
7.26136
0.0219492
0.0219608
0.0217157
10.3013
3.2744
0.0215968
0.0279118
0.0221618
0.0231447
3.55915
0.0245319
0.0219526
0.0216038
1.131
0.0219728
0.0229952
0.022027
4.62046
0.0219356
0.0215392
0.0217695
11.2688
0.0217971
0.0219805
0.0219992
0.0216728
0.0220142
0.0220892
0.0219991
1.85974
11.9394
0.0219929
0.0235159
0.0248888
0.0804816
0.0217214
0.177217
8.72468
0.0215687
0.0216536
12.1903
0.0270906
0.0220159
0.0217993
0.0222929
2.2765
5.94142
0.0221642
0.0221374
0.0224918
0.0220764
0.0219727
0.0224905
0.0222562
0.0220469
0.0219196
0.0336298
0.0215357
0.0235359
0.022582
14.1263
0.021567
0.0220584
0.0217984
0.0226251
16.2553
0.0221303
0.0563595
0.0226553
0.021997
2.87716
0.0220793
7.92045
12.2676
0.0218492
0.0221217
0.0219329
0.022538
0.0219982
0.0218347
0.0275172
0.0214413
0.41339
1.97946
1.3295
0.0219986
0.0241995
0.0219506
0.0215777
0.0219922
0.0221442
2.00387
0.0220847
0.0220797
0.021813
0.022139
0.022183
0.0221648
0.0219967
0.0219954
0.022106
0.0215262
0.0981823
0.0226373
0.0752921
0.0221482
0.0219287
0.0218311
0.0220275
0.0217005
0.0220461
0.0226252
0.0246239
0.0216886
1.32115
0.0220981
0.101048
0.0219174
0.0219297
0.0763922
0.0293508
0.0219374
0.0219787
0.0220302
0.021943
0.0216148
17.7383
0.0430898
0.0219256
0.021544
0.0221156
0.0219982
0.0948543
0.0219941
0.0215013
0.0220427
1.32419
10.7003
0.0216967
0.0218272
0.0219746
0.0219524
0.0232609
3.22765
0.0292452
0.0705004
0.0215981
0.0399042
0.125394
0.0221016
0.0222382
0.151837
0.0227114
0.021656
0.202825
0.0237256
0.0231577
0.0217859
0.0505689
0.0220336
0.0219974
0.0646078
0.0219639
0.0235717
0.0220346
0.0745382
0.0215239
0.0220278
5.80075
0.0262732
0.0221272
0.0295382
0.0216255
0.0288545
0.0244999
3.2705
7.66678
0.0222834
0.021717
0.032753
0.0220351
4.53708
1.48014
0.0220829
0.0220544
3.0117
0.0216463
0.0221831
0.0507811
3.54181
0.0666511
0.0216518
0.0219328
0.0219231
0.0217972
0.0217324
0.0220319
0.040838
0.0220273
0.0215067
0.0219073
0.0219595
9.87977
0.0327112
0.0221833
0.0234319
0.0215419
0.0219834
0.0285217
0.022114
0.0373568
0.0218904
8.95073
0.0214982
0.0218041
0.0377711
0.0221813
0.0220992
0.0221929
0.0252971
0.0215317
0.0226397
0.0215727
0.0218783
0.0216912
0.0233882
0.0219906
0.0219112
0.0220659
1.42075
0.0376752
0.0215921
0.0219189
0.0219231
0.0215281
0.0614781
0.0684627
0.0218666
0.0220434
0.0218123
9.80418
14.6241
0.0220648
0.0215987
0.0215566
0.0216182
0.0222187
0.0218792
0.0217932
0.0218745
0.0429278
0.021928
1.20726
0.0220271
0.0218274
0.0220179
0.0603823
0.0217228
0.0387301
0.0217816
0.0219516
0.0219179
0.0303046
0.0220119
3.84478
0.0219883
0.0222927
0.0220112
0.021717
0.0309564
0.0226352
0.0218543
0.021589
0.022109
0.0220472
1.41348
0.0498879
0.0220782
0.0906221
0.0218059
0.0221419
0.0248469
3.39543
0.0220164
0.0221651
0.0297847
0.0266041
2.69233
0.0216324
0.0218927
0.067181
0.0532227
0.0214326
0.022115
0.0221748
0.0217929
0.0231853
0.0219275
0.0219081
0.0270137
0.0215213
0.047346
0.0217837
0.0218172
0.0219585
0.0218569
0.0216595
0.0220501
0.174441
0.0222521
0.0218425
0.0217583
0.0216894
0.0218119
0.0218672
0.031377
0.0569196
0.0216956
0.0222274
17.5678
0.0563978
0.0642311
7.10537
0.0219145
0.0217574
0.0217058
0.0217202
0.0585707
0.0221238
0.109729
5.45659
1.43084
0.0220476
0.0223223
0.0215779
0.0222387
0.0219759
0.0255664
0.0222631
0.0263013
18.3415
0.0218109
1.13188
0.0257209
2.25951
0.0220657
0.0217686
0.0217072
6.57049
0.0217979
0.022259
2.02885
1.36433
0.0219176
0.0218595
0.0223636
0.0216477
0.0217842
0.0566767
0.0217934
0.0218521
0.0261186
0.0221261
0.0218168
0.0216134
0.99297
0.0219269
0.0221311
0.0219511
0.0577231
0.0217703
0.0220086
0.0268018
0.0236289
0.0218735
0.06609
0.0367022
0.0242164
0.0528803
0.0228675
0.0219934
0.0218722
0.021757
0.0216993
0.0218625
0.0221587
0.022139
0.0252231
0.0221865
0.021978
0.053278
0.0464379
0.0219296
0.0215893
0.0220208
0.0220346
0.702956
0.0217457
0.022869
0.0327
0.422991
0.364293
0.0218559
0.0353731
0.0530393
2.44568
0.0218826
0.0219798
0.0226479
0.0218595
0.0222724
0.0218932
0.0422245
0.0214423
6.75709
0.0219159
0.0219789
0.021744
0.0219641
0.0220364
0.0222655
0.0220236
0.0221268
0.0222454
0.0219347
5.22927
0.0217864
0.0219357
0.518879
0.0220211
0.0220077
0.04916
0.0219921
0.0220984
0.0267881
0.0221468
0.0218454
0.0222717
0.0219455
0.0218231
0.0219177
2.70318
0.0254849
0.0227298
0.0218892
0.021901
0.0218922
6.00785
5.88328
0.0227738
0.0219973
0.0219428
0.0243816
0.0219562
0.0302293
0.0219646
0.022196
0.0220398
0.6409
0.0387977
0.0217582
0.0342129
0.0219459
0.0289673
0.0221211
0.0216968
0.0221058
0.0221457
0.0218081
0.0217818
0.0219033
0.0221698
0.190691
0.0238721
0.0218617
0.0256484
0.0244542
0.0490629
0.0224953
0.0222529
0.0219747
0.0231721
0.0218848
0.0224498
0.0217105
2.64612
0.321648
0.0226454
0.0348337
0.0215407
0.0219566
0.0219341
0.0217047
0.0219047
0.0223791
0.0220945
0.0219901
0.0222337
0.312397
0.0236089
0.0217181
0.0219167
0.121401
0.0220147
0.0218686
0.0459728
8.76258
0.0219719
0.0218526
0.0219374
0.0218231
0.0219564
0.154958
0.0218285
0.0217264
0.0218632
0.0220064
0.0222331
0.02217
0.0216908
0.0262901
0.021959
0.133701
0.0221778
0.0231583
0.035836
0.0219877
0.0220942
0.0219244
0.0222941
0.022113
0.0221367
0.0226498
2.91581
0.0220351
0.0217314
0.0501353
0.0220039
1.13292
0.13039
0.021967
0.0220203
0.0221087
0.0217735
0.0220743
0.021688
0.0219868
0.0407618
0.0222926
0.0216028
3.9729
0.0222046
0.0221083
0.0222077
0.0217935
0.0699553
0.0261297
0.0220765
0.0219437
0.021665
0.0220368
0.0219304
0.0221096
0.0292727
0.0275179
0.0219789
0.0221539
0.0214625
0.0219802
0.0216569
0.0219297
0.0219905
2.89863
0.0233888
0.0219422
1.56095
0.0221483
0.0220935
0.0222932
0.0221168
0.0219836
0.0219345
0.0221237
0.0221646
0.0220212
0.0218406
0.0222849
0.0221422
0.0219105
0.0222938
0.0221375
0.0221758
0.0218923
0.0221754
0.0216671
0.0222865
0.0217502
0.0221253
0.0221257
8.54687
0.0220669
0.0220271
0.0218187
0.0357711
0.0220455
0.0219123
0.0217637
0.0219243
0.0230523
0.022293
0.0221465
0.0217345
0.0222935
0.0221747
0.0221316
0.0228065
0.0222917
0.0222277
0.0219142
0.022293
0.0221053
0.139314
0.0218623
0.840739
0.0222117
0.0220579
0.0305528
7.56187
0.0226012
0.0219406
0.0220407
0.0215809
0.0221141
0.0220279
0.0217176
0.0269988
0.0217894
0.021975
0.0221112
0.0376883
0.0231949
0.0218059
1.39531
0.0503369
0.0218917
0.0218432
0.0220573
0.0233304
0.021901
0.0239005
0.0247477
0.0217703
0.0215194
0.0221356
0.022024
0.0220871
0.0220763
0.0221868
0.0222497
4.48269
0.0219857
0.0220432
0.022119
0.0216816
0.0465086
0.021698
0.0221571
0.0221756
0.0221289
0.0220645
6.21156
0.0400033
0.0218666
0.0218027
1.35307
0.0217549
0.0221239
4.93722
0.170623
9.19995
0.0221734
0.0221685
0.0396798
0.0225529
0.022009
0.0218473
0.0217117
0.0219427
0.021808
0.0219931
0.0298573
0.0221061
0.0221272
0.0218516
0.0215293
0.0219957
0.0217189
0.0218742
0.0221425
0.0215593
9.50368
0.0221788
0.0220185
0.032674
0.0220388
0.0218481
0.0220614
0.259679
0.0218051
5.93307
0.0219728
0.0218226
0.0226108
5.97547
0.022044
0.0220304
1.78085
0.0221984
0.023192
0.022045
0.021909
0.0331405
0.0216776
0.0283262
2.72829
0.0219295
1.7916
0.0222419
10.6672
1.3075
0.0849383
0.0222428
0.0218881
0.0214081
0.0221276
0.0218373
1.70057
3.76522
0.0216662
0.0221763
0.0731257
0.021888
0.0222363
1.06317
0.0218878
0.0222758
0.0219767
0.0431571
0.102097
0.0218448
0.0225055
0.0221459
0.0219864
0.0216804
0.101271
2.6569
0.0232528
0.0259214
0.0219759
4.77028
6.23185
0.0220643
0.0219141
0.0221999
0.0217072
0.0220234
0.022042
0.0221969
0.0224628
0.0214234
0.0317568
6.6173
2.81052
0.0221439
0.0221826
0.189081
0.0221628
0.0222968
6.13412
0.0221558
2.18752
0.0260661
0.0221811
0.021967
0.0262835
0.0217547
0.216889
0.0222004
5.82377
5.65301
0.0220005
0.0222003
0.0221209
5.74845
2.96684
0.0214972
6.12379
0.0219685
0.0222301
0.0218056
0.0216675
0.171314
0.027142
0.0218324
0.022162
0.0247097
0.0218066
0.0220079
0.022223
0.0221424
0.021853
0.0216824
0.082213
0.0222262
0.0214917
0.0637297
0.022179
0.0222032
0.0221388
0.022127
0.0214591
1.35013
0.0223634
0.0269613
0.190774
0.0221906
0.0220918
0.0215876
0.0221727
0.0221909
0.0568627
0.0269074
0.0216578
0.0217259
0.0222038
0.021738
0.022229
0.0254432
0.0219761
0.0222082
0.0221175
0.0222073
1.37873
10.6708
0.0216377
0.0224086
0.0218353
0.0215597
0.0842706
0.031359
0.0221529
0.0221865
0.0217392
0.0219633
0.0220712
0.021954
0.0214569
0.0242731
0.0222439
0.0222154
0.0222092
0.0221618
0.0219931
0.0216863
0.0221529
0.0217457
0.0220653
0.0216661
0.0221519
0.0222196
0.0580245
0.0215399
0.0221158
0.0217954
0.0221549
0.0219311
0.022144
0.0224863
0.154191
9.59229
0.0221679
0.0223123
0.0220456
0.0218354
0.0222458
0.0216752
0.021694
0.021956
0.0219848
0.0239264
0.0222461
0.0221993
0.0219126
0.0219292
1.41862
0.0222329
0.0219548
0.0216436
0.0218392
0.021804
0.0215531
0.0249625
3.22323
0.0220999
6.18052
0.0220806
0.0222385
0.0221116
0.0217512
0.0476564
0.0221997
0.0220573
0.021931
0.0238885
0.021664
0.0219735
0.0221845
0.021896
0.0216574
0.128177
0.0220531
0.021726
0.0219494
0.021763
0.0218184
0.13326
0.0218783
0.0242525
0.0221084
0.0220815
0.215521
0.0223216
0.0216041
0.0219382
0.021774
0.0217982
0.0221723
0.0221186
0.0216759
0.0249081
2.23034
0.0221934
0.021829
0.0215615
0.0218796
0.022227
0.0219778
0.0220727
0.0222133
0.0843734
0.0214894
0.0218889
0.0214729
0.0404783
0.0222192
0.0221789
0.0218917
0.0221089
0.0222721
0.0216268
0.0216662
0.0218632
0.0216105
0.0218677
0.0220239
0.021631
0.0215938
0.0221654
0.0222272
7.57169
6.5102
0.0220643
4.62742
0.0220301
2.79007
0.0222899
0.0219689
0.0518527
0.0220352
0.0219053
5.83857
0.0218124
0.0217873
0.216218
0.0217702
16.5961
0.0222409
0.0221319
0.0221861
0.0217921
0.0216579
0.0223153
0.0218052
0.0221581
0.0218561
0.0221558
0.0221367
0.0217996
0.0217789
0.0221682
0.0223779
0.0221582
0.021901
9.12826
0.0220078
0.0420968
0.0221509
0.0220731
0.0215725
0.0217657
0.0502258
0.0221076
0.20945
0.0217397
0.0221296
0.0219244
0.0217801
0.0220174
0.0221956
0.0293535
1.67712
0.021945
0.09167
0.0220694
0.0215577
0.0220562
1.4773
0.0219151
0.0217525
0.0221717
0.0219359
0.0653067
0.0314469
0.0220565
0.0219225
0.0218692
0.0219513
0.0217173
0.0219246
0.0221653
0.0218621
0.0257955
0.0220567
0.021956
0.022014
0.0220844
0.0221515
0.0220879
0.0221329
0.0218314
0.0218013
0.0218357
0.0219543
0.0221309
0.0219674
0.203343
0.0219846
11.0736
0.0217255
0.186228
0.0219834
0.0218543
1.56042
6.23312
0.0218732
0.0217419
1.47047
0.0219002
0.022057
0.0453109
0.0241651
0.0220874
0.0251894
7.67389
0.0220151
0.0330556
0.0222004
0.0219992
0.0221731
0.0220898
0.0220313
0.0222673
0.0222426
0.0219964
0.755176
0.0215127
0.0226964
0.0220727
0.038145
0.0218711
0.0222123
5.64157
1.442
0.0221373
0.0222074
0.0244666
0.0215307
0.0216957
0.0219235
0.02206
0.0258761
0.0219121
0.0215168
0.0221163
2.4722
0.0220954
0.0220398
0.0284514
0.0220773
0.0222229
2.80718
6.13038
0.0214961
0.0221889
0.0219112
0.147103
0.0221507
0.0214923
0.0216538
0.0217979
0.0220497
0.0221089
0.0220477
0.0222857
0.0218573
0.0218842
0.021586
0.0215107
0.0217744
0.0220698
0.0214725
0.0285279
0.021739
0.0222847
0.0220232
0.607092
0.0216479
0.021813
0.0217992
0.0220817
0.0220244
0.0217953
0.0220927
0.0222006
0.0220586
0.0221445
0.0216818
0.0220532
0.0220438
0.0222184
0.0216345
0.0221851
0.0214756
0.0217127
0.0218068
0.0219319
0.0221603
0.0221638
0.0221035
0.0218897
0.0219627
1.74637
0.0219323
0.0219629
0.0220016
0.0221261
0.0218899
0.0278259
0.0244509
0.0312209
1.55656
0.0674907
0.021977
0.0215036
0.021717
0.0221768
0.0221967
0.0228011
0.0216995
0.0220898
1.31622
0.0220594
2.92858
0.0215369
1.96409
0.022074
0.0223901
0.0216864
0.0216291
0.022183
0.021551
0.0219577
0.0219678
0.0217969
0.0282642
0.379844
0.0221489
0.0219723
0.0217264
0.0221824
0.0386469
0.0220209
0.0219369
0.0221682
0.0219837
0.14851
0.0214509
0.0221854
0.0220312
0.0220409
0.0221674
0.0221886
0.022061
0.0217657
3.61195
0.0220957
0.209645
0.0300567
0.0219301
0.0218911
0.021892
0.0219805
0.0230365
0.0222193
0.0222461
0.0452862
0.0220072
0.0221697
0.0218843
0.0428868
0.150697
0.0222257
0.0220012
0.0216851
0.0218679
0.0219819
0.0221818
0.0273106
0.022069
0.0237294
0.0353395
1.52255
0.0219629
0.0219392
0.0219453
0.0291493
0.0396093
0.0221607
5.81495
1.9957
0.021955
2.24245
0.0219254
4.69662
0.021888
0.0219417
0.0220678
0.0217023
0.0220563
0.0221694
0.0219441
0.0221532
0.0222035
0.0228864
0.021946
0.0221109
0.0214439
1.36033
0.0215845
0.0218429
0.0247885
0.0301904
0.0216888
0.0225073
0.0220356
0.0217976
0.0221513
0.0216465
1.8593
0.0220497
5.8067
0.0219944
0.0221339
0.0224908
0.0219004
0.0216535
0.0226166
0.0219305
0.0217999
0.0215974
0.0217496
0.0220287
0.0220487
0.0234199
0.0222057
0.0230508
0.0220127
0.0221166
0.0220039
0.0220966
0.0298948
2.19622
0.0220032
0.0215283
0.0219601
0.0221391
0.0218363
0.0218559
2.13893
0.0217928
0.0220094
0.0262518
0.089862
0.128691
0.0219362
0.0215215
1.62966
0.0220467
0.0215612
0.0347564
2.16874
0.0218436
0.0219154
0.0219511
0.0216919
0.0220043
6.55865
0.0425976
2.58139
0.0217351
0.0252144
0.0221452
0.0218545
0.0215897
0.0214673
0.0217029
0.0218621
1.38895
0.0220078
0.141264
0.0218645
0.0217016
0.0220043
0.0219493
0.0218128
0.0222673
0.0216874
0.612392
0.0222071
7.37896
0.0221194
0.0218654
0.0219747
0.0312728
0.0216942
0.0218485
0.0217194
0.0215623
0.0409085
0.0234732
1.59947
0.0218964
0.0218903
0.0214098
6.07196
2.83983
0.0218992
0.021843
0.0223046
9.26701
0.0218581
0.0217144
0.0222246
0.0216864
0.123334
0.0217749
0.0218218
0.227133
0.0219242
0.0219924
0.0219462
1.86736
0.0375486
0.0218271
0.0216864
0.0218906
0.0219491
3.74128
0.0218434
0.0221179
0.0218086
0.0219897
0.0251534
0.0218374
0.0219698
0.02174
0.0218347
0.0222054
0.0233858
0.0331235
0.0219668
0.0218962
0.0220971
0.0221398
0.0219353
0.0220622
0.0219702
0.0222268
0.0218452
0.0219031
0.0244765
0.0225037
0.0219432
0.0225409
0.0221078
0.0221874
11.6021
0.0220768
0.0225885
6.17206
0.0219814
0.0221578
0.021994
0.31212
0.0215511
0.0234356
0.0386842
0.0216728
0.022254
0.0221886
0.215961
0.0220562
0.0219436
0.0217791
0.0221108
0.0220061
0.0811296
0.0259067
0.0244441
0.0218709
0.0217336
0.0221934
0.021847
0.0219943
0.021632
0.022615
0.210727
0.0219148
0.0221139
0.582414
1.49687
0.021968
0.0219745
0.0221027
0.0652417
0.0787905
0.0219071
0.0219182
9.15113
0.021935
0.0219469
0.022094
0.0216742
0.0220865
0.0222288
1.40321
0.0221621
0.0221063
0.0219213
0.0218364
0.0221291
0.764619
0.0218863
0.0219089
0.0218922
0.0325059
0.0221979
0.0218566
0.0219635
3.45362
0.021652
0.0221447
0.021819
0.0222063
0.0217394
0.023488
0.0219615
0.0218582
0.0219023
0.0669152
0.0221495
0.0222085
0.0221447
0.022062
0.0222275
0.022067
2.74982
0.0220484
0.0653935
0.0222347
0.021738
0.0222142
0.0222051
0.0216403
0.021713
0.0216757
0.0218153
0.133801
0.0255657
0.0218308
0.0488424
0.0214731
0.15777
0.0221372
0.0217302
0.0216718
1.44556
0.0217301
0.0218302
0.0215445
0.0218322
0.0262017
0.0220629
0.0218711
0.0216606
0.0215911
0.0220123
0.0217124
0.021492
0.27443
0.118887
0.0218174
0.0220628
0.022061
0.0218249
0.0269516
0.021623
0.0220744
0.0218309
0.021942
0.022247
0.0219068
0.0216553
0.0266901
0.0303726
0.0221687
0.02182
0.0218019
0.0216082
0.0227659
0.0219295
0.0221136
0.0219604
1.29914
0.0219666
0.0221139
0.0217692
0.0219246
0.0230832
0.021787
0.0217757
0.0218723
0.0216566
0.0214595
0.0304982
0.0218232
0.0219662
0.021604
0.022034
0.0216499
0.0220558
0.0796371
0.0221875
0.0215823
0.022664
0.0219426
0.0219274
6.16981
0.0217759
0.0218348
0.0216908
1.07243
0.0217461
0.0219248
0.0338907
0.0365717
0.0214757
0.0222467
0.0222198
0.0217648
0.0219563
0.0219285
0.0218694
0.039286
0.0226127
0.0221086
0.0221208
0.0219842
0.0220151
0.0218333
0.0217136
0.0233595
3.72254
0.021956
0.021937
0.0219417
0.0216854
12.1302
0.0218935
0.0219384
0.0219836
0.0220956
0.022544
0.0215122
0.0218366
0.0220178
0.0224719
0.0219532
0.0219373
0.0354525
0.0255576
0.0220796
0.0794603
0.0218223
0.0217559
9.24781
0.0218787
0.0220358
0.0219211
0.0222003
0.0219592
0.0217569
0.022208
0.0217953
0.0218085
26.2592
25.8539
25.7306
3.56941
0.0216197
0.0218917
0.0217556
0.0219079
0.0225678
0.0217772
0.0217233
0.0221442
0.0220745
0.0220637
0.0215275
0.0934325
0.0221288
24.5737
0.0221505
0.0221119
0.0221815
0.0745687
0.021754
0.0218522
0.0221283
0.0217564
0.0218766
27.9339
0.0218044
11.2753
0.247805
0.0219192
8.83748
0.0218391
0.0661817
0.0217506
0.0221812
0.0678649
0.0234205
0.022063
0.0221447
0.0218751
0.022062
0.0219076
0.0218493
0.0217547
17.483
23.4225
29.254
20.5426
23.6867
31.5456
22.3162
13.101
19.7568
12.7388
24.0847
23.0146
13.8637
21.9149
26.1225
30.5103
12.0617
25.0894
6.46234
20.5845
0.0221577
0.0217544
0.0215462
0.0702323
0.0217523
0.0216894
0.0218544
0.0222405
0.0222271
0.0219217
0.0220385
0.021831
0.0218367
0.0218598
0.942746
0.0220005
0.0573939
0.0219077
0.0221393
0.021642
0.021889
0.0218405
0.022023
0.0214452
0.0218472
0.021898
0.0219166
0.0219412
0.0221823
0.0218621
8.17001
8.92174
8.41689
7.55053
6.59577
0.0219271
0.0222198
0.0682643
0.022181
0.021841
0.0218839
0.0217727
0.0221239
0.0218805
0.0670605
0.022079
0.0218387
0.021836
0.0219494
9.8868
0.0218347
0.0219309
0.0218696
0.0215562
1.83429
0.0218896
1.55198
0.0371892
8.16495
0.0250277
0.043394
9.18382
0.0220109
0.0217297
7.83878
0.188352
1.88894
1.67712
0.0346858
0.0214966
0.0232066
0.0216105
0.0218618
0.0215224
0.0217311
0.0217965
0.0222003
0.0222169
0.0613005
0.0271147
0.0218933
0.0217237
0.0220767
0.0222401
0.0228419
0.0219152
0.0217626
0.0253081
0.0217029
0.0218802
0.0217339
0.0218769
3.05901
0.0217705
0.0222398
0.0221794
0.022089
0.0216424
0.022042
0.0221628
0.0216408
0.0222002
0.0219283
0.0216754
0.0219296
3.32126
0.0215057
0.0219595
0.0216115
0.0566473
0.0219263
0.0219436
0.022212
0.0218492
2.38676
0.158647
4.43835
0.0216346
0.0218515
0.0218171
0.021851
0.0221315
0.0221386
0.0219676
0.0218363
0.021843
0.0217994
0.0218055
0.0250254
0.084559
0.0216357
0.0218746
0.0219284
1.38308
0.0218362
0.278055
0.0225021
0.0218418
0.021828
10.3108
0.0216677
0.0219341
0.0220977
0.0219142
0.0214391
9.05632
0.0215531
0.022098
0.0532177
0.0220691
0.0219652
0.0306236
0.0419129
0.0216681
0.0218325
0.0224489
0.0219004
0.0216949
0.0526206
0.0220991
0.0218694
0.022498
0.021612
0.719063
0.0223745
0.0219722
0.0222357
0.0219313
0.0219914
0.475006
5.92683
0.0218541
0.0219512
0.0220932
6.03424
0.0216708
0.0363785
0.0216496
0.0220287
0.0216235
0.0218405
0.0219583
0.0219533
0.0216718
0.0216081
0.0216765
0.022219
0.0272225
0.0220729
0.0216999
0.0215396
0.0217103
0.022245
0.0240118
0.0218346
0.0218015
1.50389
0.0218312
0.021425
0.0216865
0.0348492
0.0217772
0.0214897
0.0214052
0.0489868
0.0220458
0.0217744
0.0220648
0.0216744
2.8512
9.22526
0.0244329
0.0214062
0.0222301
0.0217691
0.0220843
0.0219634
0.0219475
0.0215063
0.0217833
0.0222937
0.0227502
0.0216822
0.0266629
0.0487452
0.0220397
9.33513
0.0220081
0.0220316
0.0217684
0.0221325
0.0216585
0.0217305
4.83245
0.0228241
0.021542
0.021737
5.59924
0.0221441
0.0221826
0.0462126
10.3096
0.0219326
0.0214928
0.0293107
0.191115
0.0217071
0.0219602
0.0458698
0.0216317
0.0220032
0.0221628
0.0215435
0.02217
0.0216731
0.02167
0.0220082
0.0215535
0.124849
0.0221642
0.0329773
0.0419692
0.0221722
0.0220638
0.184016
0.0214553
0.0219389
0.0216799
0.0219867
0.0214946
0.021887
0.0247629
0.0220491
0.0221755
0.0220094
0.021953
9.56149
0.021801
0.0218891
0.0219646
0.24753
0.0217235
0.0221149
0.0222601
0.0219237
0.0465438
24.5731
24.5986
0.0218043
0.0220348
0.0221952
0.0222487
0.0217661
0.0628458
0.0218894
0.203908
2.73548
0.0431086
0.0215407
13.2909
0.0220789
0.0222607
0.0215446
0.022194
0.0217387
18.7671
0.0222351
0.0401888
0.0450115
0.0214909
2.52238
0.0217299
5.24668
0.0215749
0.0217397
0.0217603
2.60244
0.0276536
0.0219656
26.8205
0.0259598
0.0220087
0.0216887
0.0218999
0.0235813
0.0217066
0.022073
0.021856
0.0220969
0.0218413
0.0218935
0.0217797
0.0214951
0.0222395
25.9568
25.3439
0.0219174
0.0222167
0.0223157
0.0221879
0.0229338
0.0217167
0.0217779
0.0219328
0.0218372
0.0221261
0.0215102
0.105341
5.61985
0.0218242
0.0215743
0.0220094
0.0215072
9.95403
12.8149
0.0216796
0.0232132
0.0222558
0.0218794
0.163377
0.0218845
0.0217265
0.0220898
0.0235924
0.0221256
0.0216279
0.0215477
0.0219309
1.54242
0.0219315
0.0245867
1.3049
0.0291501
0.021969
0.0216638
0.0218854
6.98454
0.0221643
3.60127
0.148994
0.0231528
0.022109
0.0218736
0.0304428
0.022138
0.0216385
0.0316976
0.0221881
0.022947
0.0220445
0.130431
0.0219367
25.4184
28.388
0.0220899
0.0218238
0.032592
0.0219943
0.0218155
0.0220106
0.0221073
0.0218413
0.0219717
0.0216578
4.21955
0.0218389
0.0215572
0.0230457
0.0218723
0.0302813
0.0216866
0.0218904
0.0215397
0.0219378
0.0220727
0.0218449
0.0218643
0.021898
0.0218762
0.0220236
0.0219917
0.15398
0.0215413
0.0223963
0.0221289
18.1082
0.0357883
0.0216553
0.0253346
0.0218976
0.0407342
1.49591
0.0230134
0.021938
0.0857188
0.021841
0.0221617
0.0230026
0.0218816
0.0961067
0.0219267
0.0225956
0.0219096
0.0218491
0.0220896
0.0216507
0.021665
0.0214967
0.0216964
10.43
11.4197
0.0301764
0.0216951
0.0221796
0.0508576
0.0216437
0.0219991
0.0218814
0.111298
8.2396
0.022198
27.8836
0.197902
0.0219211
0.0218814
0.0214854
0.0728809
0.0218361
0.0218311
0.0220956
27.8056
0.0582633
0.0219124
0.0221464
0.0217852
0.0217511
0.0451575
0.0218459
0.0217263
0.0231905
0.0214942
0.022046
0.0252442
0.0220262
1.18046
2.10471
0.173761
0.0220531
0.0219422
0.0218341
0.0217079
0.0218638
0.113728
0.021825
21.2384
0.0257718
0.0220067
0.021781
1.93976
0.0218459
32.5423
0.0772739
0.023374
10.7317
0.0215723
0.0221382
0.0220582
0.021903
0.0221945
0.0405295
0.0236494
0.0689282
24.8313
25.6009
0.0221057
0.0221222
0.0335512
0.023402
0.0219338
0.0220211
0.0225271
0.0217596
0.0219355
0.119986
0.0219952
0.0220748
11.7012
10.4524
0.0219512
0.0251217
0.161908
0.0220948
3.0597
0.0223264
0.0470547
0.0219331
11.8998
0.0218238
4.22594
2.16358
0.0215366
1.12628
1.42724
0.169537
0.022208
0.0215722
0.0341973
0.146397
26.1683
0.0218423
24.2631
0.0219364
0.0219893
0.110648
1.20253
0.0219414
21.4422
4.18185
0.0215877
31.8933
0.021761
6.54351
0.0219313
0.0220473
17.3256
0.022039
0.0218834
12.7788
3.43288
0.0218849
0.0242012
0.0220165
12.6039
0.0323806
0.0218475
0.0219047
0.0215373
0.021722
0.0214409
0.0216735
23.0184
0.0215231
1.31242
0.0220736
0.0218275
0.0218439
0.0220592
0.0218605
0.022155
0.0220443
0.0223749
0.078405
0.173872
0.0256034
0.0215791
6.22219
6.86473
0.0219095
0.022158
0.0270282
12.5915
0.0222286
0.0276926
0.270454
0.504156
0.0381998
0.0354905
0.022175
2.66428
5.78396
1.22419
0.024138
0.0878668
0.0220841
4.66228
0.0221869
0.0219761
0.0349595
0.0352803
0.0214857
0.0218918
0.0219015
0.0220299
0.601238
0.0220925
0.0219367
0.142825
0.0216466
1.46854
0.0218726
0.025048
0.0217528
0.0353532
0.0221815
0.0221324
0.0221011
0.0253217
0.0217599
0.0219176
18.3019
0.0220745
1.68628
0.0218945
0.0219379
0.0220032
0.0217428
0.0357161
0.0218796
0.021967
0.0221907
0.0218554
0.119311
0.0218331
14.233
0.0263827
0.0218854
0.0217797
0.0218542
0.0220161
0.0219281
2.35204
0.0247798
0.022109
0.120153
0.0224991
0.0220869
0.0220288
26.6326
3.82321
0.0441093
0.814928
4.00272
0.024787
0.19214
0.0221393
0.021875
0.0221503
0.0566525
0.0219703
0.0216491
0.100481
0.0263498
1.84327
0.0221567
0.0700722
0.0222101
0.0217638
15.6873
0.37915
0.60487
0.0219517
0.0218491
0.0219799
0.0216619
0.0360913
0.0249612
16.2161
0.0218592
0.0224011
0.0215195
0.0222473
0.0215492
0.0217164
1.99533
0.0219789
0.0224185
0.0221071
0.0293523
0.0219003
0.0472766
0.312264
1.50557
0.0217812
0.137802
0.0254264
0.022311
0.0258961
0.0219392
0.0218596
0.0255599
0.0221729
26.5494
0.021924
0.0249831
0.167306
0.0219072
0.121846
0.0217512
0.165725
0.0224555
0.0218457
2.40027
0.0777604
0.02214
0.0215741
0.0298952
0.0217542
0.0389892
0.0333038
0.0398138
0.022635
0.0218464
0.0218845
0.0217128
17.4211
0.0221912
0.0214214
0.021928
0.0423603
0.0292719
0.0217661
0.0222787
0.0223982
0.0217751
0.0221259
0.0220101
0.0220102
12.0673
8.2707
0.0237978
0.022285
0.0222837
0.0863856
0.0217715
0.0221784
0.0737852
0.0222247
0.0231487
0.021634
0.0220421
0.0217908
0.0215632
0.0219912
1.75791
0.0871762
0.536279
0.0327008
0.0220235
6.10543
0.0220539
0.0217337
0.0219122
0.0710644
3.04303
0.0217663
0.0334525
0.0221882
0.0243492
1.35349
0.0217824
0.0221965
0.0220479
0.428179
28.1703
0.0246776
0.0463624
0.529209
0.0216901
0.0219627
0.021866
0.021722
0.021725
0.0216836
1.65097
1.93469
4.59594
0.0219618
0.0217383
0.023383
0.0227977
0.0221599
8.136
7.92682
2.63706
0.0215278
0.021712
0.0279019
0.0217161
0.0220014
0.0227763
0.0231387
2.02441
0.0221442
0.0217721
0.0218041
1.64135
0.130847
0.0216068
1.55552
1.30934
8.19286
0.0219411
0.394675
0.0490388
0.0222745
0.0217593
13.3533
0.0270351
1.43178
0.021833
1.50775
0.0217651
0.0218289
0.0236409
0.0220132
8.19978
0.0960832
0.0238617
0.0240409
0.0220786
1.96874
0.239013
0.182382
0.146281
0.0216942
0.0475705
0.0230423
2.16571
1.26625
0.0218318
1.9991
0.0217253
1.94176
0.0222027
0.024475
0.0216933
2.73607
19.9832
0.0844402
2.60447
0.0217734
0.0217278
0.0222866
0.0214613
0.0219512
0.0223167
0.0218793
25.6627
0.0277807
0.0221721
28.3722
0.0219957
0.0221055
0.0217888
2.20789
0.0225149
0.0217412
0.021726
2.12661
0.0230389
0.0727902
21.9665
0.118953
0.0216989
0.0224899
1.5097
0.029703
24.7875
0.0250077
0.0285554
0.0215262
31.3765
0.0394065
0.0430058
0.0221243
0.022274
0.0220871
0.0229232
0.0225195
0.0351635
0.0913926
0.021578
0.0215111
0.0215086
0.0216435
0.0217025
18.3226
1.6791
0.131139
1.82846
0.116279
1.37716
0.0220731
0.0221904
0.0216242
0.0216798
0.0222217
0.0258281
0.0219016
0.0233679
0.0215191
0.0223256
0.182156
0.0374964
0.0221373
0.0215589
0.0226785
0.0221384
0.0223543
0.123741
0.0245889
0.0220702
0.0216392
1.65427
0.0220919
0.0235625
19.2632
0.0216266
0.0218124
0.063357
0.021959
0.0221361
0.0224835
25.5777
0.0216852
0.0222418
0.0224593
0.0228666
0.0229715
0.0229947
0.0217678
0.0259301
0.141499
0.0221933
0.0222931
0.0314972
0.0386122
0.0217734
0.0223272
0.0217426
0.0221755
0.975783
0.0214828
18.2716
0.0215252
0.022452
0.0981762
0.0667203
0.0268235
0.0293144
1.09222
0.0218378
6.40183
0.0220846
0.080548
0.0222074
0.0277318
0.0218986
0.0224557
0.0225173
3.25467
0.132219
0.0222536
0.345566
0.0222429
0.0226857
0.022049
0.218095
0.166111
0.0280122
0.105395
0.200175
0.0239391
0.0219659
0.293232
0.0226376
0.0219541
0.0350722
18.0657
0.397678
0.0288594
0.0222092
0.0785529
1.52576
0.584653
0.0222009
0.0220663
0.0352337
0.0227577
0.0215234
0.450171
31.3122
0.02686
0.160617
0.0265949
0.0220373
0.0217001
0.021797
0.0252874
0.0219305
0.0220781
0.0671014
0.0214697
0.0217985
0.022554
0.0221919
0.0221755
0.0218493
0.0222011
0.11817
0.0220903
7.19886
0.0226438
0.0218845
8.57511
0.0271959
0.0227385
0.880229
0.0215355
0.021976
0.0230376
0.0307765
0.0609332
0.0220193
0.0220229
0.0231637
0.0218887
0.0221501
0.0418272
0.0675412
0.0229337
0.223497
0.0221604
0.0221904
0.0214722
0.0229381
0.0579937
8.34341
0.253946
0.0219383
0.0286611
0.0287958
0.061796
0.0274558
0.026023
0.0247618
15.026
0.0328568
0.0219016
0.0243984
0.0262501
0.022043
0.0218208
0.0251283
0.0539925
0.117218
4.98243
0.0216204
17.2026
16.3735
0.0232406
0.0223297
0.0217484
0.0224443
0.221143
0.0230227
0.0252281
16.2228
0.0886969
0.0214747
18.1217
9.71197
0.0228658
0.0223714
0.0233629
0.0244009
6.46631
0.0582341
0.0238121
1.63642
3.71394
5.15431
0.0510182
0.028677
1.04491
14.3404
0.0304109
0.219034
0.0220511
17.0687
16.6265
0.0224104
0.0220012
0.0220186
0.0216619
0.0524505
0.0222112
0.891735
2.91501
0.0223891
0.204263
0.102956
0.0227604
0.0236113
0.0218028
0.0321854
0.139047
0.0238261
0.02229
1.99655
0.0233876
0.021985
0.022079
0.0215566
0.0220612
0.0298207
0.0233859
2.0949
0.0221615
0.023168
0.0219584
0.042317
10.275
0.0217575
0.0254558
0.0217312
1.63146
0.0218335
0.0214574
0.0353078
0.0219332
8.9969
0.0221601
0.0219317
0.0222812
0.02183
0.0215181
1.9869
0.0378745
0.0500767
0.0654911
0.0220042
17.4542
0.0221559
0.022748
1.39776
1.03922
5.65448
0.0300527
0.0222498
5.80743
0.0238613
21.2878
23.4942
0.0248452
0.0220757
1.56531
0.0223285
0.0222197
1.94774
0.110708
0.0250195
0.212936
1.54406
0.0241652
0.0218919
0.0220449
3.65512
6.1483
0.0366853
4.44569
0.0691139
0.124634
0.0253499
0.0220063
0.0244599
0.84995
0.0275334
0.0243151
3.70021
14.6357
0.0217152
0.102084
10.8355
0.0276925
2.26426
0.0251262
0.0215028
0.0297856
0.0218991
0.0498276
0.0219516
0.11374
0.0215073
0.0219619
0.0214394
0.022051
0.0219994
14.8468
0.0220894
0.10116
0.0224441
0.0219129
0.0216468
0.0218799
0.0541943
0.0221397
6.9006
13.152
0.0239379
0.0256608
0.022195
0.0273053
0.0224161
0.0219944
0.0239449
0.0222291
0.0216056
0.0219399
0.021718
0.0216988
0.440779
0.0224725
0.0218833
0.022089
0.0220221
16.279
16.951
0.0485968
0.023473
0.0228928
0.127976
0.0219282
0.0219983
0.0222712
0.029574
0.0217643
0.0218406
0.0261926
0.0294432
1.43022
17.6422
0.0218223
0.0219369
0.0216712
0.0231204
0.0217093
0.0217538
0.0214863
0.0231452
3.18287
23.989
0.0240038
0.022147
0.0273169
0.0219468
0.0222739
0.0287829
1.5609
29.2039
0.0220337
0.731487
0.0238982
0.0217728
0.022248
0.0247597
0.021891
0.0230924
1.10732
0.0218876
0.0217823
0.0215517
0.023225
9.13893
0.0221088
0.0302328
2.6292
14.6356
0.0244736
9.95396
0.0265665
0.0308967
0.0220447
2.00432
0.0221022
2.25592
0.021882
0.0221117
0.0366036
0.0305488
0.0223609
1.99684
0.0221443
0.0221942
0.0218078
0.0221634
0.0217416
0.0236369
0.0252874
0.0221752
0.0302997
20.8348
0.0236187
0.974679
0.0222012
0.0266868
14.659
0.0264358
0.0225199
10.7282
0.021826
0.0221555
0.0220734
0.0226559
0.0326513
0.0222968
10.3566
0.024622
0.021852
0.0285111
3.63579
0.0221683
0.0224168
0.0223694
1.81386
1.71542
6.99193
0.253361
1.98183
0.0269252
0.122715
0.0260388
0.0279348
0.0217025
0.0221507
0.0240364
0.0222065
0.0222112
0.0216558
7.26654
0.0235146
0.0218993
0.135017
0.0220517
2.74159
0.0598429
0.0228011
0.0218874
0.0223537
0.0235332
0.0223989
0.0249802
0.0244898
0.0219086
0.021939
0.0217621
0.023143
0.0524437
6.40076
0.0279738
5.18336
4.28038
0.400345
13.477
0.0225819
1.50891
0.0726477
1.4698
0.0338756
0.0232705
0.0223809
0.0219931
29.6779
0.0244515
2.58057
0.0290925
0.0226642
0.0240293
0.0269624
0.0221785
0.0224221
1.07366
0.0217155
0.0252108
20.4684
0.022899
0.0219565
0.0293241
0.0216863
0.0218706
0.0332267
0.022586
3.16149
0.0222397
0.117909
0.0226052
1.50647
0.0235028
0.0221033
5.82224
0.0230003
0.193229
0.0216592
0.0225691
5.95399
15.1647
0.0215233
4.59053
1.36737
1.80731
0.145606
0.0258
0.0217567
0.0260555
1.527
8.05682
0.022731
0.0221421
34.7332
0.0219341
0.0655632
0.0227867
0.0221221
0.0835523
0.0707095
0.0220093
0.0218824
0.0228101
0.0215594
0.0216818
0.0466032
0.0255513
0.0314126
0.0427657
0.0264569
2.28273
0.0354009
0.0299336
5.23969
0.0289805
0.022116
0.141589
0.0277198
0.0236722
3.96381
0.0216738
0.0642164
0.0228357
0.0217063
0.0223332
0.133783
0.0218071
10.498
8.46493
1.45018
0.0217864
0.0214943
0.029251
0.0220395
0.074879
17.4668
17.2649
0.0223206
0.0218924
0.025966
0.0311045
0.0280425
6.40772
0.025138
0.0266656
0.0424738
0.0221983
0.0294816
0.0256594
1.82741
0.0280353
0.0216521
1.46928
1.38113
0.0219315
0.0222005
10.4514
0.0318621
2.06332
19.3238
0.0231483
0.0247316
0.0240512
0.0235277
0.0219836
0.0222436
0.0268961
0.0230808
0.0460177
9.97707
0.0220877
0.0219288
0.185474
1.80911
0.0221976
0.0222359
0.0217774
0.029388
0.107884
0.0218897
0.0220771
2.33548
0.02341
0.022225
0.0219281
1.80074
0.0216461
1.37017
15.8574
0.0217902
0.0999346
0.0331875
2.0414
0.023043
0.0886891
5.65352
7.14625
0.0316929
0.0236221
0.0222886
0.0330669
0.0515572
25.8266
0.0217836
0.0214883
0.0219734
1.47476
0.0279548
1.69421
0.0218624
0.0624177
0.0357276
0.0311813
0.0221055
0.058638
0.0219264
0.0727757
8.03347
0.0349008
0.0217428
0.0221047
1.98506
0.0222275
0.0220452
16.4921
0.0216697
0.0238641
13.5222
1.78084
0.0216519
0.0230569
0.0220648
0.0288246
5.27413
0.023919
0.0500988
0.0214755
0.417761
0.0216402
0.119055
13.5568
0.0219225
0.0221994
1.90036
0.0222232
0.0216923
0.0216596
1.69549
4.46754
0.0222874
0.0219276
0.0217809
0.0218281
0.0217416
0.427074
0.0218837
15.7497
0.0217359
0.0217068
0.021856
0.0218208
0.0222802
0.0312569
0.0222002
16.5183
16.5405
0.0245508
1.64472
0.157499
0.163855
0.0241062
0.0218943
0.0332112
0.167889
0.0219088
0.120785
0.0216713
3.70482
0.0221626
0.0218751
0.024398
0.0266421
0.0238657
0.0216445
1.51408
0.0228486
12.2048
0.103644
8.3247
0.0220407
2.70287
0.10899
0.0221062
0.0792725
0.111017
0.0253362
0.0312955
0.0214908
0.0724553
2.37984
0.0219013
4.64975
0.0221121
0.125266
0.0219234
0.164837
1.56122
0.0228826
1.60979
0.0215596
0.0232519
0.094414
0.034809
0.381118
0.0218899
0.0233782
0.0335898
0.085202
1.58076
0.0218661
0.0218788
0.0219713
1.81097
0.0238646
0.0269264
1.479
0.0224099
0.0228505
0.0214417
0.0373008
3.9391
0.0573185
0.0299652
0.022145
0.315332
0.933296
0.022337
0.0264207
0.0219023
0.0217576
0.022208
13.9269
0.058885
0.0622129
0.0339966
0.0216155
21.4341
22.559
0.0221066
0.0237514
3.95511
0.0243752
0.0229747
0.021723
0.0247168
0.0217682
0.0222486
0.030596
0.0251107
0.0223593
0.314692
0.0219903
1.34346
0.0824042
1.62768
0.0553763
0.0368767
0.0215256
0.342872
0.0332106
0.0222399
0.0218942
1.41035
0.0215117
1.31837
3.03789
8.78606
0.0369456
0.0258566
0.0262251
0.0223792
0.02211
1.18178
0.0217966
0.0776213
0.0219008
15.0583
0.0218741
0.0217773
0.0241117
0.0222418
2.42027
0.0266995
0.0466728
16.688
0.0526825
0.0266257
8.8091
0.0219181
0.0230835
0.222658
8.15801
0.776873
0.191378
0.0218995
0.022051
1.81777
0.0277036
7.13083
0.105443
0.541205
1.49328
0.0220213
1.90079
0.0884918
0.0216705
0.22672
0.0220827
0.0325107
7.61431
0.0220719
0.029312
0.0221458
1.2972
0.0227652
0.0221389
0.021868
0.0220168
5.53197
1.63343
0.850565
1.53882
1.5858
8.66222
0.0286936
0.0219225
0.0271935
0.0216392
0.0214793
0.309996
0.0219658
19.0753
0.0300941
17.0345
0.0243575
0.100769
0.0645578
0.022031
0.0216364
0.0217034
0.0295159
0.0221722
0.0329539
0.623606
17.481
0.0224352
9.80061
0.0218418
5.61208
0.0222399
0.0921907
15.4567
0.122242
14.6135
0.0221013
0.0219946
0.0405421
0.0219408
0.0277458
5.93868
0.103425
5.8102
0.0379483
6.2961
0.0368114
0.44751
0.0214252
1.82051
0.0335168
0.0218944
0.0221946
0.0231554
2.00752
0.030123
0.0216127
1.04693
2.10411
0.0224986
18.0705
0.0222305
0.0313939
0.022024
0.0356246
8.03332
0.0323038
24.3463
6.77371
0.0223728
0.0219704
0.0366299
0.0930917
0.0515019
2.66421
1.44855
0.0221496
5.90849
0.0219396
0.021698
2.5497
0.174756
5.67545
0.0287592
0.0219027
0.0567652
2.0178
1.35711
6.79987
0.236407
16.4034
1.46468
0.135846
0.101657
31.4736
16.1282
4.3124
10.6929
8.35113
16.715
16.8112
0.0216553
2.85898
0.021514
0.0307662
8.54072
0.0259281
0.027972
1.64615
0.0342213
0.025899
0.0222057
0.03344
0.0925846
0.0334973
0.0219968
0.0221861
0.0229294
1.11045
0.0219451
0.110084
0.022056
0.0222763
0.0214773
0.0223593
1.45794
2.00456
0.0289959
9.39845
0.0221926
13.6274
0.0216499
0.0219319
0.115381
0.0220196
0.0221393
0.0221747
0.0633053
0.0252843
0.0466331
0.0219496
0.0219901
0.0395826
1.92403
1.56364
0.0622855
1.95715
0.768707
0.0219384
1.44339
1.9334
15.185
0.021926
0.0222383
0.0226706
0.224933
0.0219756
1.32679
0.0219369
0.11853
0.0220174
6.37336
0.0222913
0.0910405
0.0249783
0.0221918
0.0223295
0.10548
0.0236723
2.00914
1.31
0.0218992
0.0217
2.13964
0.100172
2.67401
0.0222263
0.166584
0.0223795
0.0216059
0.0795688
11.8003
0.124233
0.0368224
0.0226891
0.0268475
0.0396262
0.0221265
0.33082
0.0228545
0.0349879
0.105016
2.94918
0.0360452
0.0219917
0.0217679
13.0772
0.0226068
0.035293
0.0217855
5.38017
5.05586
0.0220471
0.0217062
0.216475
10.1289
10.3138
1.56469
0.0228383
0.128458
0.0502641
1.34647
10.7461
0.0257323
0.0240768
0.0277091
0.106703
0.0222276
0.0998236
0.0297783
0.107888
0.425719
0.021657
0.022334
0.0352005
0.0219303
10.1119
0.021844
0.0219283
0.697055
0.104317
0.802731
0.0258729
0.138067
0.0391271
0.0219136
0.0326008
0.0235305
0.0568698
1.77716
2.20595
0.0230352
0.0215258
0.0615875
0.0871841
0.0247032
0.0248266
0.0223557
0.0214045
0.054616
0.0769491
0.0219975
14.6784
0.0220582
3.15785
1.73707
0.0222939
0.0373303
0.0226587
0.024713
0.0474008
0.0611788
0.023287
0.0222883
0.099386
0.0218227
0.220791
0.0216681
1.50527
0.0377234
1.45083
0.379558
1.30572
0.0708026
0.0214659
1.62673
0.0214316
0.0231265
0.0221848
0.0224562
0.0309199
0.0232415
0.0334316
0.0222881
0.157959
0.0553497
0.0869797
0.0574215
1.59577
0.0218783
0.0370462
0.0218207
0.0221818
0.0217931
0.0218746
4.90197
0.0224798
0.0222301
0.0321442
0.17555
0.0492718
0.0219107
0.111244
0.391392
5.78629
0.024609
2.1187
2.29696
0.0220058
0.0236333
0.0789263
0.0676017
13.2934
0.122084
0.0220866
0.0494727
0.0215033
0.157687
0.95823
14.7043
0.178451
0.021851
30.9469
0.0217807
0.0218052
0.02521
0.0585946
0.0394533
0.0957133
0.0379584
0.0214945
16.6266
0.0613363
6.94375
3.72597
1.46279
0.0292071
0.0236154
0.0229524
0.0228459
0.0219888
0.0253058
33.7809
15.4845
9.23967
0.271261
0.265964
0.0219879
0.0220448
0.0231376
0.0247484
5.81993
0.0231061
0.0222382
0.0217386
0.0217473
0.0215903
0.0389914
0.0332628
0.02185
0.0285097
2.13402
1.64601
0.0378467
6.11401
0.0218726
3.80216
2.07665
0.130502
0.0217904
0.0218652
0.0221967
4.46472
0.0267248
0.0294864
0.0469373
0.226834
0.0393983
0.0222869
0.0221486
0.0672922
0.0219825
0.114016
0.0250595
0.0299472
0.0217224
1.48256
0.0331146
0.0219508
2.97064
0.022286
0.118127
0.0222128
0.0220331
1.68589
0.0581007
0.0448865
0.0219019
0.0217703
0.0217142
0.0216138
0.0221994
0.101187
3.82029
0.197126
0.041084
0.0872102
0.0217901
0.11439
0.0222785
1.2125
2.49366
0.0265561
0.0218856
0.0217982
2.49407
2.20081
0.024209
0.14817
0.031038
0.0222265
1.40759
0.0221919
0.100036
12.5979
0.022348
12.0064
0.0214087
0.0225766
0.0389322
32.7714
0.0217495
0.0247145
8.8149
0.268931
1.48453
0.0217119
0.0222215
5.88959
8.66736
5.13896
16.097
0.0594018
0.0221965
0.021818
0.0223785
0.0217007
0.0221566
4.77792
2.57827
1.38354
1.96458
0.0215194
0.0216732
2.96678
0.0294766
0.0224568
0.0217248
0.0221302
1.30604
0.0412855
2.52175
0.0222323
0.0219922
0.02222
0.0381664
0.0260364
0.0232361
0.0248429
9.88477
1.47415
0.0235783
0.329384
0.0220437
0.0221312
0.138831
0.831861
0.0214602
0.122408
0.0219396
24.1435
0.0220475
0.816027
0.0222953
0.0381356
0.0218012
0.0225668
0.0232319
0.11035
0.0714906
1.97196
0.0220203
0.0221984
0.0215316
20.3534
6.20227
0.0247508
0.14183
0.0789967
0.0233146
0.0263547
4.19084
0.0466643
0.0215652
1.82831
4.71277
0.129728
0.022274
0.0217065
0.0222138
0.0220204
0.0493451
0.0222714
0.0221666
0.0263106
1.68348
0.0222493
11.4589
7.70571
2.84233
0.0836381
7.12952
7.5323
4.16478
1.20982
1.62807
1.22112
0.0723839
0.136645
0.0218209
0.735352
0.0219718
17.3388
0.512255
0.0214766
9.30281
0.0465518
0.0217127
0.157308
1.43166
0.0217912
0.068969
0.0218287
1.47805
5.99246
6.10069
0.0220605
5.57174
4.7207
9.16492
0.058163
0.0441709
3.80724
0.0215114
1.70629
3.42806
2.18819
0.0220857
0.025642
0.0216313
16.5702
0.0220473
0.804683
0.0372103
0.0296693
0.8422
0.0250195
0.0222037
0.0219661
0.0220433
0.0224591
9.59926
0.0218927
0.0281138
17.2217
7.10494
0.167925
0.0230397
0.0370487
0.40948
0.0216007
0.0224282
0.0242573
7.6798
0.0251136
0.774926
0.0221396
0.0216232
0.0725614
0.0443574
0.0402294
22.3186
0.0217424
0.631567
0.0259888
0.0220293
0.0532293
0.934425
0.0219895
16.2789
0.0276327
0.707902
1.67939
0.189619
0.0219065
15.1475
1.12817
0.0331025
0.0266761
4.1495
0.28847
0.0219127
0.0218132
2.69516
0.0217117
0.0215968
0.0230376
0.111019
1.38532
0.0215781
0.0393122
0.070309
0.0786476
3.56297
0.0219305
0.0221469
0.0219267
0.022266
1.17417
1.62764
0.0450882
0.0219551
0.0214392
0.120137
0.0220964
0.0251624
4.5233
0.0224759
0.0243916
1.65852
0.021827
0.0220341
0.0287565
0.0221822
0.0219055
1.69447
0.0781282
0.100701
0.0222114
0.0229761
0.0395401
0.0559687
0.0221739
0.0429905
0.0215111
0.0255628
4.14014
0.0225082
9.65498
0.0214685
22.8016
1.60316
0.0217899
0.0290493
3.82674
0.0252396
1.48811
7.25699
0.0222951
0.0395545
0.0218178
3.01329
1.20364
0.022076
10.1813
0.0222977
0.0218045
0.832337
0.0930077
0.632649
7.1622
0.141533
0.0216987
2.39117
0.0218529
19.7054
0.0224628
0.0924278
27.3885
0.0222454
0.021736
0.0396586
0.0215457
0.522177
4.98894
0.0218331
0.0216555
0.0217313
0.0216805
2.15571
0.313482
0.0404934
0.949839
0.0287701
0.0272415
0.0243802
0.0304375
0.0297184
0.0215442
0.0223571
0.021669
0.0218243
0.0253285
0.0909741
0.0222522
0.364669
8.45981
0.0216813
1.73367
0.0216133
0.787972
0.0226018
1.33407
4.32588
0.0221624
0.248207
0.0222864
0.289128
0.811741
0.0220841
0.0222689
0.09934
0.0317969
0.0222255
0.045476
14.5375
0.0222833
44.1031
0.0230006
0.0218805
0.195479
1.46801
0.0234457
0.0218915
0.0268261
0.0220822
0.0426474
0.0217214
0.0218855
0.0215026
0.0222389
1.77627
0.027952
0.0222286
0.0217501
0.0265952
1.97052
2.99138
0.143845
0.0216931
0.295206
0.0445979
0.0214381
0.0219774
2.41875
0.0222509
0.0217635
31.3829
0.0313408
10.5181
0.0229388
0.0462933
10.1792
2.24453
0.792253
0.0218336
0.0792752
0.0221627
0.0228235
0.0216588
27.0201
0.0597373
0.0217758
0.294356
2.73487
1.56216
0.0219934
3.37486
0.0224472
0.0221825
0.207788
8.50085
0.0271055
6.83095
0.0781836
10.1292
0.0216707
0.0311667
0.0758461
0.0220426
0.0222066
0.475695
0.0375075
11.9832
11.782
0.0217809
18.3915
0.0251074
10.1117
0.0221805
0.674067
1.39106
0.0813262
0.0222198
0.0219245
8.12092
0.0220732
0.0216244
0.18407
0.0319896
0.0219204
23.2785
0.0219558
0.0217638
0.0221818
0.0221907
0.0216301
0.0218825
0.0216417
5.75981
10.0118
0.0225814
0.021592
0.0219591
0.0218551
0.0277595
0.0217682
1.88663
0.0333833
0.631288
0.0305713
0.0282785
3.76078
0.0218353
0.0875392
4.23874
0.0259157
0.507409
12.3111
3.70225
0.0214241
0.0220459
0.0218309
8.28075
0.529977
2.78563
10.7781
0.0330887
0.0217818
15.3543
0.0292973
0.0222227
0.0219028
0.0222246
5.92523
0.0364588
0.18533
0.0219044
0.0221932
4.80855
0.0216693
0.0232507
0.0218178
4.94495
0.0216177
0.0218321
0.0801814
0.0222165
0.0221716
0.0250247
0.0972655
0.0374821
0.422552
0.0875282
0.0222463
7.81599
0.0332125
0.0217875
0.0220022
7.21335
0.0219826
13.8923
2.73654
0.0216381
6.265
0.0218076
1.33825
0.499687
2.27051
0.0448628
0.190745
10.1687
0.0369184
11.3465
0.736886
0.0219287
0.0217776
0.0526999
0.0682555
6.38422
0.0287112
0.0278563
0.0219937
0.0226863
0.021829
0.03315
0.046129
5.34602
0.045252
0.0222018
5.043
0.0411442
0.0220774
0.0219275
0.0218702
0.0215573
0.0234145
0.0222317
0.046319
0.0329457
6.56566
9.54367
2.32437
0.021726
0.0218658
0.039663
0.0273447
0.0217537
0.0260696
0.0216592
1.7169
0.0219547
0.0836591
7.95068
0.0222122
0.022016
0.0218766
6.35355
0.084539
0.0545468
1.40633
0.0218587
0.0235204
1.34355
6.87348
0.0222312
16.3154
0.022687
0.0474733
2.52186
0.0218589
0.0221482
0.0220611
1.7316
2.99066
8.063
24.7802
0.0222517
0.0220642
0.0219687
0.0910756
0.0221508
0.021706
0.0223138
0.0217464
12.0062
0.0222927
0.0222917
1.4896
0.513801
9.97899
0.0264379
0.0297264
0.0346822
0.206315
0.124845
1.914
1.59646
0.437215
0.0218112
1.62801
0.0217247
0.0249743
0.0221204
5.61804
0.021561
0.0218166
0.0221066
0.0222772
2.19583
0.0228038
0.022294
0.204814
14.5536
0.0218712
0.0217681
0.0749544
0.0217116
0.0221513
0.0218244
0.0218984
0.0366686
0.148663
0.0284945
0.288833
15.0691
0.0248037
3.39114
0.131395
0.0293718
2.25428
0.021678
2.19209
5.5281
26.4749
9.72807
1.33953
5.91186
0.0355977
0.0219223
0.0233033
0.0218645
1.54193
0.0219279
1.3227
4.53943
0.022181
6.14351
0.0737821
0.0217474
23.6284
0.120397
0.0214768
12.9134
0.0226161
0.0328245
10.3062
0.0239305
0.17394
18.2827
0.0216059
1.36529
0.829144
0.0220789
12.18
0.0217161
0.0500642
0.0220243
0.0218797
1.40923
0.0218136
0.0219585
1.30859
16.9898
0.869124
0.0219267
2.12938
1.4058
0.131109
1.52831
0.021711
0.0218458
1.36789
0.0217635
0.0217454
0.0222108
0.0221927
1.33674
22.4414
0.0450979
0.0216549
0.0282181
0.0219665
13.0879
0.0221637
0.024808
4.43719
10.9195
11.168
5.78464
0.281154
0.0219084
10.7062
0.021845
12.5527
3.49821
0.126175
0.0223754
0.0221106
0.404838
0.0218213
2.44731
0.021781
0.0215524
0.0216085
7.05167
1.6579
0.0218511
0.0214225
0.181737
12.1669
10.6075
13.7547
0.0219068
9.19754
0.0257118
0.0220771
0.0315912
10.4627
0.0219319
0.0226527
0.0219262
10.5038
2.62586
0.0219955
0.0220779
6.43399
0.0793127
3.74032
8.81802
0.287986
0.315622
0.0586395
0.0219195
15.467
0.021813
10.423
0.022152
1.15541
0.0218491
0.0490764
0.23222
0.198432
11.4983
0.0219001
0.0999946
0.0252384
0.0219548
0.0530319
0.0219281
0.0417345
0.0221378
0.0218772
0.0220224
0.0503151
0.026458
0.0214424
0.0220268
0.0217245
0.0971467
0.0221319
0.0577994
0.0217052
0.0225625
1.34868
0.0233174
0.0649919
0.100189
0.0217551
0.0218218
37.3956
0.0997207
0.0216733
5.7735
0.0216591
0.0219353
6.4547
0.0214181
0.0222006
0.0410518
0.0224208
0.17381
0.374102
0.779622
0.0899019
0.0221431
14.3639
0.0222944
0.0222777
0.144779
0.0244988
32.5015
0.0219045
0.0215594
0.0221324
17.1174
18.3596
0.0218152
0.0285532
0.0222486
0.0607442
0.0217039
0.0219046
9.05345
0.0222504
0.0218583
2.09355
0.0224222
1.78583
0.0219396
2.35594
0.0219465
2.84645
0.106336
0.0221081
0.0219568
0.0222507
0.0224677
6.70393
0.0362764
0.0541217
5.96233
10.3232
0.0219289
0.0224916
5.80961
0.0950627
0.0223675
0.0220068
0.0219429
0.0552713
0.0385606
0.0915452
0.028149
0.0216817
0.0219762
10.6702
0.0221707
0.0218539
0.0243134
0.0304395
0.0220005
0.0218855
0.0242875
0.0421894
0.0216713
5.22863
0.021751
0.239711
0.0214219
3.31493
0.021625
0.0237844
1.16038
4.01941
10.3776
0.733713
3.23017
0.0219478
6.89881
0.0217112
0.021679
0.0391043
2.78035
7.85179
0.0216029
1.52121
15.8048
1.35283
0.0222639
0.0217542
0.0217317
0.0223057
2.26782
0.113007
0.0728256
0.267209
0.0221381
0.0214385
0.0216576
0.0218217
0.185879
9.54306
0.0220853
21.9832
0.10835
0.232536
0.0605983
6.4938
1.81141
0.0217406
0.0219928
16.7309
16.5085
2.47523
0.0221798
0.183437
12.6648
0.0215513
0.0221926
16.3682
0.0216644
0.137352
0.110388
0.0228448
16.6093
0.0219313
0.0740372
12.6752
0.0277886
3.37292
0.0219324
2.71008
7.38195
0.0218654
15.1432
0.0217
0.0276775
0.0219051
5.73556
2.62355
0.0284407
0.0215365
16.7037
0.0222875
0.0214716
0.0218806
0.0284028
2.37444
0.0215031
0.0232115
0.0217656
8.14518
5.90318
0.0230051
0.1396
0.587583
0.133753
0.124149
0.0222
0.0466396
0.0282876
24.9434
0.0242388
0.023923
15.0963
0.0335299
0.120649
0.0275953
0.0220437
0.465774
0.0219809
0.0219873
0.0217585
1.55777
0.0219374
4.80985
0.0221268
1.32321
0.0219965
0.0333263
3.6556
3.98685
0.021711
0.0222619
0.0220607
4.23252
0.0216573
1.56837
0.18458
0.892763
0.0219501
0.0215144
5.01915
0.0979499
22.1606
0.0320168
21.2313
0.0306242
0.0220387
0.0219466
0.0751822
1.33493
0.0218985
0.0313864
0.0219024
0.388328
0.0218501
0.10915
3.4151
0.0217181
0.02146
0.0737331
0.0217814
0.383502
20.2706
0.0222244
0.334726
0.232381
0.047347
0.0215962
0.0218097
0.0421026
0.0400043
0.0263618
0.0524528
0.257409
0.0219497
0.0286541
0.0494466
0.0217855
0.620951
0.0227005
4.47603
15.5198
0.0221077
0.0227628
1.8788
15.1475
6.64791
4.50812
0.0217419
1.49062
0.623097
0.0216796
0.0274586
0.0218067
0.021988
0.0216507
0.0220026
0.0224839
0.0444174
0.0215881
0.0229282
0.0288245
3.34152
0.0221172
4.84533
0.974777
0.0216429
0.0220909
0.0220646
0.0220964
5.57098
0.592313
0.0221086
0.0218487
0.0219563
0.0222693
0.0219641
0.0249248
0.0217415
0.344728
0.546791
9.46507
0.028468
0.0220493
0.0275839
0.024516
0.0220037
0.130677
0.0222458
9.47919
0.0311894
0.190433
0.0222876
0.0219526
9.02567
0.0219196
0.0503334
0.0220597
0.137215
0.0868321
0.0960982
0.0221739
0.0247306
0.665519
0.0218283
0.0222153
0.0240264
0.0220806
0.0217374
3.07673
0.652271
0.0217505
0.0218127
2.03677
0.13789
0.0218621
0.0219838
0.0569168
0.0226343
0.0275958
0.31825
0.781992
0.0232678
0.055734
1.88962
0.0219309
0.0221936
0.0219491
0.0217283
0.0218422
1.96582
7.12048
3.06823
0.0249292
0.0398262
0.0219054
0.0222596
0.0266932
0.78156
0.0533857
0.0273003
0.0549924
0.0736224
7.84268
0.0219965
0.635277
0.0442344
0.240645
0.0374045
0.0217424
0.407606
7.73727
0.0352539
8.59345
0.977537
0.0217181
0.0534376
1.41257
0.0215675
0.0222329
10.9341
7.29163
0.0214883
0.0218389
0.125071
0.0215934
5.692
0.0216636
0.0218428
0.0220979
1.32976
0.0300744
0.0808119
1.10564
0.0845063
0.0300762
6.94775
0.0216732
0.0216525
0.0218904
0.149902
0.745896
0.0517997
0.0248979
0.0218405
0.0218527
9.6479
0.0219245
0.0220055
27.6969
15.5436
0.45537
0.0220088
3.56211
0.0219029
0.0220467
0.291853
0.491302
0.02196
0.927582
0.0219186
0.0228662
0.0273361
0.0238346
0.021854
0.0216053
6.81694
6.28412
0.0217261
0.0216557
0.149831
0.0313299
0.0220436
0.0271728
0.0223438
0.0218094
0.0414384
0.0216708
0.0222558
5.61566
9.45996
0.0266773
0.021958
7.53701
0.0214066
0.0217285
5.69566
0.0220223
6.54582
0.173735
0.0271229
1.13118
0.0219115
0.0218365
0.0218991
0.0218096
0.197998
0.0284678
0.0219269
0.021845
5.63819
1.34591
0.0217544
3.70479
6.19595
0.0219712
14.6802
6.71276
0.0268447
0.0220127
17.4165
0.0220213
0.0218445
0.0218577
0.0218218
0.0220672
0.0880356
0.0794114
6.19793
0.0221255
5.95843
0.220849
5.96382
0.0220377
0.305884
0.0217284
0.0285835
12.7104
0.0219304
0.0794521
6.92096
0.0262483
0.0405141
0.116911
0.0214691
0.0218003
0.0499704
0.0219994
6.5982
0.527702
0.0221043
0.021944
0.0281972
0.0221492
0.0445477
0.0221315
0.285251
0.0218739
0.0218167
0.0633493
0.0325417
10.0279
0.103676
0.0231594
3.06538
0.0842799
0.179964
0.0222138
1.00972
0.491211
0.022111
1.52445
24.9824
0.0217416
0.0222945
0.130158
0.0903352
0.02182
0.0442835
1.09044
0.0214812
0.0220979
0.0450197
0.0222188
0.0579944
0.0220002
4.96685
1.35975
0.0426948
0.583033
0.0215216
0.674474
8.66358
1.70412
0.0326106
0.0217386
0.0228493
0.106316
0.0220848
0.0216459
0.0222491
0.153202
0.0219152
0.0216858
0.0222665
0.0214785
0.0227228
7.19569
0.323837
0.0222
0.0218116
0.021842
0.0220216
0.164401
0.272457
1.05089
0.0764457
5.97305
0.022012
12.8649
0.653305
0.0277252
0.0220153
0.0391232
0.0220205
0.0219158
0.0214887
0.0775552
3.54661
0.0218489
0.131477
0.0967577
0.0337595
0.0221473
9.27007
0.0221598
0.0241994
0.118884
0.31795
0.022334
0.0220784
0.0216155
0.0235584
2.33585
0.0224645
5.0317
0.0220742
0.0218931
1.27407
0.0227199
0.0219507
0.0222362
8.33623
0.0222176
0.100494
0.0314682
13.8117
0.101231
4.16458
0.0218776
0.0226196
0.0217025
0.0218136
0.0279423
0.0220982
0.0219285
6.51813
0.0222855
0.0222707
10.4764
3.25799
0.0218555
0.0613979
0.0217125
0.0214795
0.0232587
0.021655
0.360769
9.63518
0.0214514
0.0221619
0.0759486
3.36687
0.0220215
0.0547878
13.4976
0.0220722
24.8992
0.0228101
1.51016
0.0222233
0.947415
5.9602
0.0218013
1.41811
0.023894
0.0216554
0.0219754
1.34645
3.42956
0.0645387
0.0221726
6.8389
0.0219954
0.0227561
0.0219356
13.4576
0.0830522
0.0448264
8.23757
0.0218204
1.5171
16.2956
12.2114
6.32274
0.036645
0.0348669
6.61716
0.021986
0.0228423
0.0778331
1.45244
0.0214611
0.0222854
0.0218997
0.0219539
0.0219846
0.0310701
0.357928
0.0218533
28.749
0.0219063
0.0232388
0.0220372
0.0494149
1.51659
0.0221655
0.0217282
0.0546979
15.7053
1.29736
10.9493
0.610968
0.0218751
0.0218571
0.0215051
0.452334
0.022643
0.022032
21.7319
0.0220049
0.098404
11.7204
0.0219595
6.08973
3.37567
0.911928
0.0475895
0.124226
14.2168
0.298769
0.0219149
0.0216576
0.0347793
0.0223777
0.047127
27.9753
11.0532
0.0288177
5.80974
1.14299
8.24158
0.0214556
0.0221803
0.0219443
0.021711
0.0220356
1.57442
1.34322
0.0220143
3.44763
0.0220123
0.0219188
0.370928
0.0217837
0.716745
1.3762
6.55957
0.0217392
0.0218706
0.022247
0.0222439
12.6274
0.0219668
0.0266593
0.0222309
0.106065
0.0242831
0.0221853
0.0219406
4.84615
0.0216673
0.584653
0.0218774
4.03462
0.0220266
0.0219511
0.0228722
0.31482
0.0216898
0.021998
7.78446
0.0219185
0.0392079
0.236944
0.477764
0.0373013
0.0217627
0.0219286
0.861235
0.0290443
0.0216993
0.0863184
0.115587
2.75801
0.0219649
0.0220121
0.0219319
0.0217543
0.0220409
0.0224774
0.798971
0.0229156
15.1248
1.46139
0.0416484
0.0227221
0.0218661
0.420938
5.86381
0.0217248
0.0220372
0.0788493
0.0222746
0.0230661
8.67295
1.99828
0.021887
0.265037
0.0225634
8.57933
0.0216953
0.0220175
0.0218968
3.34858
0.0216423
0.0219004
1.62417
0.0218555
0.0340716
0.0700802
0.0219109
16.6444
0.0274824
2.56954
1.36444
0.0219469
0.0222536
2.00286
0.0218492
0.0221022
0.0219726
0.0294992
0.0220723
13.6266
12.9767
1.77878
1.73086
0.0216952
0.631108
0.0218646
1.44865
0.0269025
0.0276187
0.0219547
6.28242
0.0220583
0.0226607
6.38155
0.0217372
0.038683
0.0355886
0.0222792
13.3319
0.0217409
2.38809
0.028054
0.0219784
0.021855
0.0214694
1.31658
0.0217503
1.35345
0.0222668
0.0244537
0.0239548
0.0261211
9.2949
0.0220918
0.0243248
0.174709
0.0530081
0.156037
0.0220697
0.0218669
13.5147
0.0214512
9.08505
0.0289035
0.0218607
0.0219009
12.365
0.315919
0.0220737
11.566
0.0218323
0.0230879
0.0218282
0.0524215
0.0234823
0.0496745
8.3525
0.0218912
0.0217214
0.0219326
7.44724
0.0218811
0.0223881
1.30424
0.0218747
0.133405
0.0219515
0.0274343
0.0220429
0.0222563
0.0223439
0.176435
0.0304841
0.0218053
0.135105
0.0221044
4.06088
0.0219665
0.152873
0.0219448
0.0219128
0.0219346
39.2617
0.0266866
0.0223506
0.344616
0.022115
0.0280549
0.0227688
0.0246063
0.022273
0.0218934
0.0220967
6.35701
0.0219752
0.0218291
1.3853
0.0220035
0.0217688
0.0219818
1.4443
0.0222055
0.0522105
0.0285492
0.37399
0.0222114
0.0448714
0.02173
0.0222966
0.0280587
10.7574
0.0222928
0.0216901
0.0219214
0.139324
0.55798
0.022595
0.0218574
0.0219299
4.86963
0.0216261
0.035214
0.0423446
8.00127
0.0222948
0.0216779
1.56638
0.0224385
0.0494451
0.0296366
0.0214637
0.0404728
0.0219783
0.0283591
0.0215255
0.021758
0.0219339
11.0899
0.0220097
0.246215
0.0216903
8.57795
3.79089
0.167252
0.0220082
6.39966
0.417814
0.0293569
0.0220011
0.0286622
17.8219
0.0220882
3.44929
0.0222561
0.123715
0.0253072
0.022215
0.141922
3.67029
0.0218313
0.0239504
0.0219219
0.0337991
0.0218551
0.0217228
0.0220372
4.22103
14.9015
0.0222912
0.0219316
0.0219086
1.63404
0.0219368
0.133003
0.0220344
1.70548
6.41401
1.9448
0.0433091
0.0222521
0.0220897
8.57513
0.0219094
0.0372461
0.0222662
0.0352237
21.3004
2.50481
0.0222869
0.0216657
0.0312998
9.3553
0.0594838
0.0218108
4.7996
20.8261
0.0216147
0.500929
0.0215194
0.0450081
0.0219361
0.0224581
0.0222856
0.0352361
0.0219893
0.0215102
6.42532
0.0243134
0.022603
1.34464
3.48412
0.0220278
5.62423
0.0220995
7.96346
0.0236112
0.0215268
0.0215919
0.0220144
0.0256453
0.407126
0.248294
0.0220041
0.0226834
9.50544
0.0220381
0.0216297
0.0218592
0.0219884
0.284448
0.0219267
0.0216255
0.0216426
6.03175
0.0222667
0.0219274
0.0216577
3.10843
0.0221638
0.615034
12.6174
0.0219077
8.20151
35.8923
0.022166
0.0516524
0.112652
0.0215779
0.0216986
0.0228189
0.0220136
0.627769
0.026767
0.0221522
0.0216525
0.0218883
0.0220278
0.0218263
0.0222296
5.48454
0.021667
0.0218613
0.0255204
0.0219299
1.32301
0.021875
0.0220527
0.0221209
0.0221433
3.31925
4.94124
1.64566
1.76125
0.0223199
11.3887
0.0218571
0.021621
0.191534
4.67764
0.0222143
0.0219828
0.0847142
0.114297
5.91768
14.8484
0.0444926
1.72899
0.022852
6.59227
0.0219024
0.0249827
0.0218649
3.86865
0.0219484
15.2437
0.0222537
0.0242835
0.0221465
0.0225478
0.453882
0.0216209
0.0214929
2.17613
0.0558961
0.0222464
0.0216415
0.0216168
0.0225875
0.0222553
0.0222558
0.0218739
18.5033
0.0218142
0.0223458
0.0222554
0.0216159
0.021682
0.0374547
0.0222971
0.0388541
0.022165
6.80426
0.0217249
0.0862019
0.0632069
0.0218065
0.882169
0.0214792
1.5288
0.0220419
0.022017
0.0219239
0.0215975
0.0978703
0.021865
0.0223578
0.0215903
1.57877
0.153515
0.0220223
0.0222712
0.983588
1.75808
29.13
0.362024
5.47639
0.0218557
0.0218693
0.0315216
0.0220614
24.041
0.0222585
0.101425
0.0219122
0.0222475
0.0287413
0.0215467
0.0222506
0.0418119
0.427234
0.0216683
0.0215856
0.0222092
0.0219834
0.0219117
0.0216714
0.0219433
0.0218653
0.0299927
0.0470903
6.46035
1.35785
31.0105
0.021595
1.47118
0.0219085
0.127501
0.961579
0.0220306
1.74347
0.0218732
1.81425
6.72557
0.069805
0.0220197
20.5359
0.0242072
0.166357
0.0226816
0.0300838
9.85525
1.99764
0.356732
0.0245604
22.1298
0.235589
33.7141
0.0272289
16.0739
40.1332
12.8263
0.0216562
0.0222741
1.36429
0.0214882
0.0219469
0.409258
0.021988
0.0220955
0.0375657
9.84953
1.38773
6.62995
0.021877
0.0218316
0.0222076
11.4447
2.27762
0.287314
0.025815
8.05842
0.0218897
0.0287981
2.26917
0.024628
0.300677
0.0224982
0.0222343
1.33678
0.0218083
0.94935
0.0219633
0.0226063
0.0443168
0.0217925
0.0238829
0.0763148
0.0222668
10.7338
0.021877
0.0214832
6.31771
0.0224334
0.0219102
3.04701
0.0790414
8.72027
1.77066
13.5472
0.0221817
0.106667
6.66598
0.0945677
0.0270179
0.0221849
6.23699
0.0217665
0.0220545
0.160162
0.0915805
0.0422089
0.0222747
0.0222313
0.0218231
1.35437
0.0508135
2.82331
0.0222713
14.9372
0.0218704
0.0438636
0.0242384
0.0217309
0.184702
0.459509
0.0332151
0.133461
9.48114
0.0222725
0.0238947
0.0271693
0.0318373
0.022261
0.0275009
0.0273741
0.113788
0.0215581
11.799
6.52904
0.0222627
2.73393
1.46142
2.80391
0.022271
0.0216178
1.42593
0.0219409
3.99249
0.022231
0.0222726
2.8495
0.0239027
0.0218738
29.9741
0.0258588
0.0731213
0.0219049
4.67895
0.0535312
0.0981073
0.0316425
0.022594
0.127133
0.0224459
35.3221
0.0259517
0.324512
0.653891
4.06067
0.16137
5.11355
0.0238186
0.0757206
0.0372166
0.723475
14.4061
0.0218199
0.416525
0.0220446
0.0218893
4.3082
0.0692987
0.0216301
0.0696047
2.27568
5.13198
0.456674
3.74781
0.0749384
0.0222639
0.0242947
0.0217041
6.08885
0.021998
2.41947
0.581713
0.0234275
1.70178
6.63614
0.0216674
3.44611
9.00471
2.77422
0.0219695
0.0219162
0.0223375
0.0410755
0.022273
2.07927
7.9383
0.0426035
2.3434
0.0225393
3.7399
1.34065
1.30817
0.0220438
0.330656
0.0254908
0.0927844
0.031678
0.235473
0.0392818
7.92262
0.0222484
0.0218538
0.0216381
0.442264
3.78792
0.0219281
5.93712
0.067205
0.0845041
0.0218672
0.118881
0.0221605
3.66128
1.61197
1.36245
0.122896
6.2205
0.0680524
1.6545
0.110566
0.0220881
0.521885
0.0218268
0.0438495
0.0219474
5.85504
0.0218677
0.0258098
5.94653
0.0483376
0.0450901
0.0728112
14.5853
10.5029
4.42053
1.3599
0.0400251
0.0219086
0.0218461
0.0429919
13.1764
5.24291
0.0295321
0.0274392
0.105512
0.0418767
0.116529
0.362987
0.105382
0.0513862
0.0625705
0.462765
0.0216127
10.5787
0.0217524
0.0222808
0.153093
0.0287345
6.52032
27.0274
0.133066
0.36753
0.531996
0.0218657
1.73536
1.38889
0.0406089
0.0281339
1.41428
0.0396833
0.0474548
1.75611
3.97679
0.021897
3.39928
4.85296
0.0216974
1.41803
0.0224112
0.0216239
0.0214756
0.0312743
0.619348
1.45437
0.532478
0.0497989
0.0474685
0.0416139
1.71825
)
;

boundaryField
{
    frontback
    {
        type            empty;
    }
    topbottom
    {
        type            fixedValue;
        value           uniform 0.0223;
    }
    outlet
    {
        type            zeroGradient;
    }
    inlet
    {
        type            fixedValue;
        value           uniform 0.0223;
    }
    walls
    {
        blending        binomial2;
        n               2;
        beta1           0.075;
        type            omegaWallFunction;
        value           nonuniform List<scalar> 
120
(
20.82
29.6871
19.6698
30.1833
26.2592
25.8539
25.7306
24.5737
27.9339
17.483
23.4225
29.254
20.5426
23.6867
31.5456
22.3162
13.101
19.7568
12.7388
24.0847
23.0146
13.8637
21.9149
26.1225
30.5103
12.0617
25.0894
6.46234
20.5845
8.17001
8.92174
8.41689
7.55053
6.59577
24.5731
24.5986
13.2909
18.7671
26.8205
25.9568
25.3439
12.8149
25.4184
28.388
18.1082
27.8836
27.8056
21.2384
32.5423
24.8313
25.6009
11.8998
26.1683
24.2631
21.4422
31.8933
17.3256
12.7788
23.0184
6.22219
6.86473
26.6326
15.6873
26.5494
28.1703
8.136
7.92682
8.19978
19.9832
25.6627
28.3722
21.9665
24.7875
31.3765
18.3226
19.2632
25.5777
18.0657
31.3122
7.19886
8.9969
17.4542
6.9006
29.2039
29.6779
20.4684
8.05682
34.7332
8.46493
19.3238
25.8266
8.3247
13.9269
8.54072
9.39845
9.65498
22.8016
31.3829
27.0201
26.4749
23.6284
12.9134
16.9898
32.5015
22.1606
27.6969
24.8992
28.749
11.7204
27.9753
11.0532
18.5033
29.13
24.041
31.0105
20.5359
22.1298
33.7141
40.1332
12.8263
)
;
    }
    procBoundary0to1
    {
        type            processor;
        value           nonuniform List<scalar> 
80
(
3.01579
0.0316871
0.0220722
3.53636
0.0218954
0.0243018
2.85831
0.0231094
0.0231094
0.0235543
0.0215711
0.0237737
0.0302577
0.0286723
0.0449667
0.0214003
1.05538
3.70081
0.406346
0.0227597
0.0286723
0.0218051
0.0214159
0.0274021
0.0396226
0.0217377
0.0215099
0.0215365
0.143308
0.172211
0.0227597
0.0213952
2.42822
0.0214606
0.0219868
0.0214889
0.0214318
0.0214318
0.0216817
0.0260126
0.0214515
0.0213949
0.0396226
0.0214419
0.0721717
0.0721717
0.0352509
0.143308
0.0214361
0.0213906
0.0215997
0.0216366
0.0214419
0.0843867
0.119437
0.0225119
2.07321
0.0352509
0.0214734
0.119437
0.0613305
0.0250726
0.0523446
0.0996052
0.0213887
0.0214233
0.0214159
0.0237968
0.0222126
0.0996052
0.0214233
0.235303
0.0843867
2.0053
0.207191
0.047514
2.64421
0.172211
0.0220958
0.0223461
)
;
    }
    procBoundary0to2
    {
        type            processor;
        value           nonuniform List<scalar> 
165
(
5.82537
15.564
18.1876
0.157518
0.0220298
5.28828
3.1051
6.60636
4.54262
12.1451
15.564
0.0280949
0.0294218
0.0219744
0.0219973
18.1876
0.0219806
4.41224
1.76251
0.0260574
0.0229743
0.0227805
0.123824
1.80674
7.24549
0.0227805
0.116358
6.34085
2.06673
0.0231861
5.32426
0.0220793
1.88383
1.98514
1.88383
0.0220035
8.3101
0.0219471
0.0728959
0.0728959
7.33161
7.30324
1.9368
0.0221106
0.691115
0.380531
0.0219436
1.64305
0.0458938
1.65827
0.691115
0.0220882
1.57902
0.0252856
2.14716
2.14585
2.12213
0.0246262
0.0242441
0.0221203
6.23939
0.380531
1.63635
0.0219827
0.0220497
0.0220582
5.08406
6.43506
0.0219584
0.0565274
0.0223539
0.0237972
0.0219355
0.0219513
2.11585
0.0222937
0.0424947
0.0219641
0.022144
0.0226027
0.0219641
0.02227
0.0511379
0.0633997
0.0219584
0.0277791
0.261568
5.98004
0.0219299
0.0219346
1.9536
0.0220051
1.63635
0.0224779
0.0317158
0.0221785
0.0265097
0.0885354
0.0511379
0.0219374
0.0330087
0.0222141
1.56051
2.09284
0.0220803
0.0395031
0.0220417
1.82665
2.06457
2.06828
0.0222662
0.0221546
0.0219289
2.13505
7.67581
6.90611
6.77315
2.09922
1.73285
0.0234955
7.47194
0.0368907
0.0395031
2.07358
0.0219277
7.14138
7.49032
7.04347
0.0221884
0.0349396
0.0219279
1.7385
0.0222525
6.64638
0.0294218
7.02887
0.21331
0.0885354
0.0221324
0.0220216
1.55951
0.0221894
2.30543
7.42272
8.68191
5.35336
2.02187
8.52711
6.40704
6.54287
6.97876
17.9205
7.20506
6.21062
1.52158
8.51698
2.08081
0.0304705
7.68528
31.0518
0.0222256
1.51295
1.28327
6.9092
7.61004
)
;
    }
}


// ************************************************************************* //
