/*--------------------------------*- C++ -*----------------------------------*\
| =========                 |                                                 |
| \\      /  F ield         | OpenFOAM: The Open Source CFD Toolbox           |
|  \\    /   O peration     | Version:  v2012                                 |
|   \\  /    A nd           | Website:  www.openfoam.com                      |
|    \\/     M anipulation  |                                                 |
\*---------------------------------------------------------------------------*/
FoamFile
{
    version     2.0;
    format      ascii;
    class       volScalarField::Internal;
    location    "300";
    object      V0;
}
// * * * * * * * * * * * * * * * * * * * * * * * * * * * * * * * * * * * * * //

dimensions      [0 3 0 0 0 0 0];


value           nonuniform List<scalar> 
9793
(
0.0430412
0.212594
0.0466994
0.133229
0.0460444
0.104346
0.168347
0.160451
0.0694619
0.0457483
0.03266
0.0675277
0.16629
0.157213
0.182514
0.167629
0.171409
0.180519
0.0595743
0.161554
0.0738119
0.0567283
0.129778
0.210928
0.121403
0.170573
0.16757
0.170552
0.0323973
0.0752111
0.0756988
0.159611
0.153491
0.17151
0.0425716
0.0749704
0.153656
0.0588218
0.14727
0.181858
0.0934092
0.185353
0.154433
0.174462
0.190682
0.140995
0.0371619
0.15608
0.0922586
0.123283
0.0412119
0.030142
0.0849859
0.0802078
0.0352372
0.0789184
0.0871014
0.0238935
0.0897202
0.126304
0.166343
0.081921
0.0828494
0.170362
0.0384845
0.159594
0.108682
0.0915888
0.064226
0.0336434
0.0413769
0.177522
0.122142
0.177808
0.0416227
0.0969445
0.106452
0.172175
0.13122
0.178318
0.124776
0.142541
0.157923
0.174627
0.0981224
0.153641
0.182085
0.0961579
0.0897275
0.14836
0.191555
0.0386227
0.132884
0.161778
0.0788076
0.17411
0.0753521
0.166605
0.127657
0.140969
0.156271
0.143249
0.13676
0.137589
0.178913
0.100883
0.075018
0.162889
0.0920213
0.154969
0.15794
0.0777511
0.104114
0.0818759
0.0292099
0.102345
0.134452
0.0396529
0.139524
0.163972
0.134704
0.138901
0.104955
0.0906735
0.0665635
0.0737415
0.023555
0.152239
0.131522
0.110884
0.182517
0.0909329
0.0940413
0.135063
0.0683572
0.0946155
0.167145
0.170567
0.125971
0.165415
0.0968622
0.121081
0.154893
0.138993
0.163711
0.154612
0.175499
0.159968
0.152105
0.0349227
0.0437463
0.193159
0.042674
0.046575
0.149276
0.117654
0.174312
0.11658
0.173097
0.131989
0.13459
0.152789
0.164111
0.0643539
0.195111
0.0871292
0.148564
0.0496062
0.166605
0.145518
0.13523
0.112982
0.192428
0.105637
0.0664769
0.052922
0.0924441
0.172252
0.105156
0.0357227
0.0213781
0.045729
0.163378
0.114114
0.0986922
0.136083
0.0262782
0.101259
0.101878
0.159453
0.0690271
0.11355
0.0947499
0.0757382
0.0867824
0.0404487
0.0554262
0.131771
0.0489049
0.137264
0.0597553
0.0651813
0.0749016
0.101736
0.0826163
0.166261
0.087006
0.150449
0.0977415
0.0539222
0.0384267
0.100025
0.0913777
0.0704955
0.0498261
0.17852
0.13094
0.0972642
0.150859
0.0809509
0.0416828
0.104532
0.0600208
0.139728
0.152653
0.0586975
0.107406
0.14613
0.0370083
0.0266786
0.205888
0.193979
0.0413049
0.143111
0.025268
0.0771528
0.109091
0.126505
0.0771834
0.155737
0.0972612
0.149611
0.124639
0.145368
0.123742
0.134515
0.171031
0.122551
0.141732
0.140061
0.0594043
0.0426665
0.0323716
0.0245634
0.118739
0.0663444
0.130179
0.0389428
0.105122
0.162521
0.119413
0.121267
0.0312624
0.147469
0.0476451
0.136186
0.166033
0.0362752
0.0603038
0.101418
0.129532
0.15817
0.0554371
0.0949302
0.156007
0.156112
0.0878139
0.0788804
0.136294
0.0255706
0.124662
0.159163
0.161763
0.17268
0.0177031
0.0780454
0.063325
0.0457126
0.172702
0.0826143
0.105217
0.11599
0.0919106
0.156972
0.160324
0.13198
0.0594188
0.0430471
0.142568
0.0621239
0.132802
0.108327
0.12541
0.155955
0.160351
0.121773
0.050325
0.0437872
0.109143
0.0939371
0.148424
0.12449
0.0453159
0.0700768
0.0689797
0.136135
0.152373
0.123481
0.0533059
0.0475488
0.121473
0.166145
0.0547636
0.177367
0.167025
0.0162738
0.05991
0.0874233
0.035812
0.152384
0.0395929
0.0430302
0.136615
0.0968839
0.0218389
0.152263
0.131491
0.0649722
0.152826
0.145709
0.0467014
0.10105
0.119237
0.0635473
0.149511
0.158089
0.166151
0.0603874
0.182068
0.0483435
0.0628058
0.0676657
0.0768078
0.138221
0.108302
0.0763365
0.0727395
0.178118
0.0289066
0.0373467
0.0237033
0.0279291
0.0733368
0.125362
0.0534597
0.136264
0.124821
0.134888
0.136621
0.130908
0.098877
0.0522328
0.0692075
0.0234501
0.0569565
0.0998423
0.119782
0.13186
0.033811
0.179878
0.059747
0.0743675
0.103874
0.13922
0.0596057
0.173206
0.146985
0.16061
0.0756582
0.0649084
0.0948791
0.0539519
0.0259758
0.129422
0.0540954
0.0258668
0.154325
0.178529
0.0539358
0.0379195
0.127102
0.146044
0.0461515
0.0538999
0.158921
0.0743569
0.111742
0.0646949
0.160506
0.0399137
0.0863275
0.0303996
0.0801118
0.140837
0.109467
0.110997
0.05687
0.11472
0.14918
0.0768532
0.14854
0.054532
0.12047
0.0571652
0.0285187
0.075306
0.103939
0.0580546
0.163212
0.0350954
0.15872
0.0711655
0.16331
0.119919
0.15982
0.111693
0.137234
0.104486
0.130996
0.137607
0.167227
0.0518895
0.0964936
0.133621
0.0397064
0.160388
0.101431
0.0580613
0.0670169
0.0583855
0.0347527
0.0992986
0.102064
0.10384
0.0663622
0.0405599
0.0388121
0.161721
0.127357
0.134379
0.108234
0.0239537
0.108583
0.137185
0.101866
0.15209
0.162876
0.080127
0.0337064
0.0972614
0.142647
0.0547999
0.174428
0.176314
0.172313
0.134188
0.0667428
0.128328
0.105
0.161216
0.153203
0.0928604
0.108534
0.160018
0.101935
0.123215
0.0960275
0.0587439
0.0703811
0.104835
0.172106
0.152372
0.0580885
0.0947094
0.0607234
0.154169
0.140064
0.125789
0.113205
0.116293
0.157893
0.0292221
0.139728
0.0959732
0.0464091
0.128723
0.0974054
0.14301
0.0742136
0.104266
0.0658697
0.154447
0.12092
0.0301429
0.101777
0.0298745
0.131387
0.0484679
0.133244
0.0247531
0.0971444
0.140819
0.105165
0.021389
0.100784
0.142081
0.115611
0.113941
0.135341
0.02308
0.0442673
0.0927589
0.103947
0.117012
0.0754406
0.151339
0.118351
0.0728399
0.0230133
0.153307
0.0980008
0.0364974
0.0967035
0.144955
0.0688033
0.165895
0.0231333
0.102392
0.0865401
0.0186638
0.122571
0.0847267
0.0439139
0.0967722
0.131247
0.122688
0.137515
0.162408
0.101019
0.0910354
0.136669
0.0400704
0.0242147
0.0653453
0.0408721
0.14399
0.026019
0.0936246
0.138646
0.0662958
0.0994775
0.15937
0.141366
0.139801
0.0440535
0.122637
0.0174102
0.150607
0.165482
0.0384153
0.0475888
0.0325238
0.0920303
0.10485
0.094028
0.0961706
0.0509032
0.0842081
0.129087
0.0534262
0.11154
0.137607
0.0449143
0.046327
0.0979333
0.0745608
0.097491
0.0411863
0.0435477
0.0444872
0.147361
0.135555
0.0651728
0.0443132
0.0734843
0.0468135
0.106973
0.0818848
0.0538279
0.0337573
0.129568
0.103298
0.136001
0.122902
0.124854
0.118606
0.114952
0.163372
0.118171
0.121769
0.124934
0.0697368
0.154483
0.0407351
0.141999
0.0703895
0.0704968
0.0328103
0.0253587
0.14667
0.11979
0.100118
0.142557
0.158713
0.130382
0.157604
0.123817
0.0644203
0.152625
0.0364829
0.160101
0.165139
0.0768988
0.0980402
0.115457
0.156465
0.0266264
0.135891
0.0830028
0.015953
0.0917944
0.157092
0.168736
0.0166523
0.130531
0.0233412
0.0374383
0.131166
0.134143
0.0888799
0.0705668
0.133572
0.110195
0.15945
0.162713
0.0983593
0.0348848
0.100095
0.0206211
0.0802947
0.0940821
0.0770991
0.134072
0.105129
0.12432
0.0302599
0.120844
0.0428884
0.0658055
0.0170102
0.0674307
0.119655
0.112963
0.0253242
0.119876
0.0912724
0.0229775
0.0197161
0.11916
0.14783
0.0895053
0.133063
0.150974
0.122282
0.142933
0.136551
0.0621404
0.1069
0.117873
0.130911
0.15354
0.121587
0.157646
0.0744595
0.156697
0.125525
0.0376645
0.148349
0.0303446
0.0720769
0.031352
0.10146
0.0620675
0.0979663
0.0738074
0.0194813
0.160496
0.127467
0.139327
0.0961842
0.055937
0.129206
0.140733
0.126745
0.117001
0.147065
0.119681
0.0258913
0.111215
0.0380166
0.0299923
0.0653266
0.0650768
0.155687
0.132113
0.160089
0.13097
0.0634218
0.124863
0.0844095
0.144805
0.157451
0.123998
0.117116
0.0883261
0.0974388
0.0898248
0.160421
0.10321
0.100524
0.0369036
0.146635
0.140878
0.135809
0.100491
0.122208
0.0928782
0.0248284
0.123542
0.143941
0.140767
0.1241
0.0730643
0.0386543
0.0439633
0.036784
0.140804
0.0208917
0.134254
0.136606
0.101535
0.0920774
0.114773
0.0495182
0.140732
0.0639284
0.132308
0.113895
0.152685
0.1551
0.128001
0.0853791
0.088383
0.0397578
0.114561
0.0575385
0.0422733
0.0155455
0.136289
0.0196798
0.12898
0.0250866
0.113973
0.14602
0.12595
0.14364
0.0356006
0.128402
0.0581301
0.165111
0.141697
0.156098
0.0414461
0.150927
0.0422424
0.122858
0.122511
0.149683
0.140235
0.0733244
0.130844
0.150315
0.123599
0.100083
0.140966
0.0680041
0.0787208
0.0920432
0.145364
0.1473
0.147403
0.111272
0.026039
0.101443
0.0969161
0.0392062
0.147176
0.164231
0.132326
0.144985
0.0414538
0.0336934
0.0576005
0.152895
0.0893796
0.120283
0.165409
0.0585271
0.0634137
0.152203
0.0529795
0.168832
0.065912
0.112923
0.0934764
0.0241986
0.133221
0.156885
0.0408828
0.150876
0.0284054
0.0852021
0.131256
0.139427
0.155515
0.133911
0.0612622
0.0250268
0.161697
0.151626
0.129594
0.159997
0.129047
0.151287
0.0617358
0.148541
0.148626
0.140225
0.107693
0.0320543
0.0703749
0.133628
0.0190422
0.145244
0.093205
0.0763016
0.1348
0.0742702
0.133228
0.10739
0.022961
0.131552
0.124815
0.153306
0.0535852
0.0685171
0.0233912
0.127521
0.128589
0.0266442
0.153898
0.160292
0.0327402
0.128924
0.0360025
0.143995
0.151428
0.14717
0.0544832
0.151695
0.170331
0.158504
0.151581
0.128817
0.0552807
0.031457
0.132944
0.034186
0.116867
0.0872083
0.0635535
0.0838958
0.0414806
0.0353278
0.115473
0.122376
0.0811647
0.0300197
0.0224881
0.118038
0.128863
0.147231
0.152867
0.0247841
0.0348384
0.0458039
0.144697
0.0334019
0.11842
0.125559
0.116866
0.147871
0.0751453
0.150232
0.122634
0.0247429
0.0754283
0.0268266
0.119321
0.0244476
0.0631081
0.0413789
0.140166
0.0978142
0.147646
0.156618
0.0722413
0.0469358
0.128507
0.174744
0.100933
0.136449
0.0335856
0.118131
0.14989
0.132711
0.0684362
0.136786
0.10522
0.146571
0.0217514
0.136005
0.0690136
0.126803
0.146527
0.0743553
0.155976
0.0191629
0.106425
0.0393788
0.0541881
0.151695
0.144141
0.0210333
0.128706
0.142078
0.110999
0.0234715
0.103067
0.115967
0.100106
0.153373
0.0653803
0.0827904
0.0313145
0.0479349
0.0967095
0.090299
0.105245
0.0631632
0.177498
0.0647592
0.100158
0.0710795
0.14502
0.139838
0.0628511
0.158746
0.0637185
0.124343
0.0763082
0.146541
0.0854976
0.0969469
0.144415
0.0959401
0.144238
0.101138
0.126249
0.0797835
0.076235
0.149551
0.134474
0.136612
0.0433521
0.0905935
0.151232
0.0280268
0.108516
0.0238049
0.0740108
0.129913
0.0967201
0.120099
0.10428
0.0882555
0.129354
0.0961836
0.144892
0.0272202
0.0709166
0.141001
0.117814
0.123479
0.10358
0.0598316
0.0860991
0.144173
0.0745382
0.129766
0.0652607
0.0197126
0.0683968
0.0747044
0.134576
0.0949188
0.0477952
0.0957551
0.137195
0.127009
0.133462
0.126075
0.0646174
0.143637
0.0240736
0.133457
0.10594
0.148269
0.023871
0.0762085
0.109027
0.0220703
0.0685281
0.141833
0.0801533
0.144389
0.0230692
0.0994746
0.158569
0.0211103
0.0430749
0.17835
0.115035
0.0331791
0.0888346
0.0610813
0.135877
0.0670136
0.0624447
0.149325
0.107654
0.0636497
0.132759
0.148018
0.158484
0.0733597
0.156599
0.158034
0.0228303
0.115811
0.0771787
0.0527258
0.155908
0.0613318
0.0976847
0.149642
0.04302
0.115246
0.0991142
0.0998167
0.157641
0.0730775
0.135806
0.0973265
0.0591987
0.129782
0.119707
0.0625946
0.103196
0.0818726
0.150703
0.168158
0.035494
0.092422
0.157656
0.101295
0.157431
0.0340834
0.123834
0.0605532
0.139122
0.151008
0.109485
0.13863
0.0261309
0.0934805
0.140217
0.145242
0.123184
0.144355
0.112387
0.128742
0.131152
0.0454872
0.118615
0.102435
0.0972669
0.163359
0.148513
0.142232
0.0596987
0.147481
0.0623383
0.080998
0.106277
0.0671686
0.0273582
0.141426
0.145344
0.0217078
0.113039
0.0201394
0.0162657
0.148726
0.146376
0.157676
0.0401146
0.0407092
0.130394
0.144818
0.157666
0.0245829
0.0408124
0.157392
0.0973221
0.0737805
0.115711
0.0321789
0.0344627
0.0154501
0.0243451
0.147122
0.0406309
0.0228491
0.136232
0.0302768
0.135361
0.144621
0.100033
0.14637
0.121881
0.0279002
0.020335
0.0242045
0.025611
0.156993
0.123052
0.025775
0.117557
0.131512
0.0619066
0.0678338
0.0336573
0.149945
0.143984
0.147316
0.0685981
0.105894
0.173715
0.125319
0.0668411
0.126001
0.0213809
0.0659015
0.069335
0.020122
0.0542486
0.102574
0.0696826
0.15684
0.0165006
0.0152428
0.0999953
0.149686
0.0982794
0.0182412
0.14571
0.0381999
0.0509939
0.149922
0.150258
0.116302
0.0303077
0.0323518
0.109534
0.0194568
0.093509
0.138693
0.141432
0.153687
0.0802857
0.0950839
0.0657436
0.028618
0.128965
0.15404
0.146016
0.134815
0.0268634
0.0656777
0.0241189
0.098428
0.108144
0.0395677
0.131465
0.1485
0.109367
0.148336
0.114882
0.0300076
0.0609658
0.153422
0.144392
0.130533
0.129661
0.149302
0.0479255
0.119139
0.0987053
0.118502
0.0191077
0.129593
0.019573
0.100747
0.0707637
0.0519018
0.112619
0.0343221
0.0670343
0.0187618
0.0274362
0.130825
0.038968
0.0445893
0.153405
0.0225039
0.0298058
0.0208883
0.0530406
0.148455
0.040052
0.103681
0.0246062
0.0934171
0.0219837
0.0252814
0.155169
0.0189774
0.0887284
0.0583501
0.0362065
0.0505042
0.021584
0.127945
0.0533833
0.113982
0.135749
0.0701592
0.08836
0.169319
0.0429327
0.0506978
0.0971855
0.113958
0.12841
0.0313507
0.0852352
0.122044
0.0773237
0.0664997
0.0251173
0.0984822
0.143115
0.0509648
0.029438
0.035783
0.0772197
0.146058
0.0543177
0.146968
0.14994
0.146575
0.163756
0.140817
0.0947636
0.0538277
0.0420232
0.11888
0.144876
0.15615
0.0358632
0.150426
0.0484978
0.115525
0.0183845
0.125674
0.149296
0.103163
0.0207584
0.0246805
0.150889
0.172819
0.0505656
0.0422137
0.145315
0.0962987
0.138739
0.0525309
0.117671
0.0736519
0.0570113
0.050889
0.106576
0.019077
0.148281
0.148615
0.137091
0.0460964
0.0344222
0.104489
0.14963
0.117431
0.0159263
0.0335072
0.0708742
0.0684751
0.0355733
0.140127
0.100451
0.0551367
0.0729957
0.0940496
0.0664764
0.153842
0.153592
0.0227112
0.0241873
0.16991
0.0351877
0.150488
0.0353852
0.0383187
0.11148
0.103649
0.0716724
0.116726
0.0746854
0.0785428
0.0366009
0.0283268
0.0633355
0.154246
0.101068
0.153618
0.0674134
0.0530869
0.0476252
0.0226603
0.101567
0.0615779
0.127128
0.0236138
0.0785231
0.0235602
0.0818374
0.0735085
0.156478
0.0250899
0.0412646
0.150995
0.026515
0.0653107
0.0735939
0.131477
0.095807
0.1484
0.170597
0.0345385
0.106943
0.0586085
0.0519201
0.036842
0.0402916
0.0246552
0.0880007
0.0351411
0.126405
0.142994
0.148206
0.0987342
0.169582
0.0265271
0.136486
0.104215
0.0745307
0.12408
0.0542738
0.148269
0.0489547
0.122518
0.119442
0.0470332
0.0737417
0.159249
0.0551062
0.0507176
0.0219715
0.0632643
0.124241
0.0669604
0.0219036
0.114948
0.023359
0.0264396
0.0761041
0.0959955
0.136283
0.0799451
0.0322239
0.149606
0.111225
0.0747155
0.0241637
0.0796965
0.0631581
0.0475808
0.0284238
0.0386355
0.0431616
0.0497561
0.0351699
0.128214
0.0729653
0.145597
0.0297115
0.0179116
0.0412062
0.0367242
0.0598887
0.0609944
0.103018
0.137642
0.100285
0.0527434
0.0778404
0.0493824
0.144831
0.0365631
0.0694345
0.100309
0.106211
0.154179
0.0537834
0.124157
0.0536868
0.0480253
0.0901823
0.0754152
0.0211113
0.128967
0.094047
0.0595668
0.101988
0.0365248
0.0772005
0.111289
0.0762562
0.147436
0.066851
0.0381185
0.0742724
0.0550714
0.0761067
0.0816233
0.0743887
0.0553096
0.0313189
0.0549504
0.123122
0.144464
0.0733104
0.0212549
0.0713579
0.0485327
0.147203
0.0817372
0.0671163
0.045605
0.0795608
0.100765
0.0617695
0.0777646
0.149101
0.135083
0.130853
0.135313
0.0456798
0.134897
0.0709864
0.0784795
0.0988888
0.15085
0.151268
0.0284068
0.0668666
0.150237
0.0699714
0.117347
0.0993124
0.0170692
0.126727
0.148229
0.118497
0.164623
0.0562368
0.12844
0.0671247
0.151773
0.119306
0.130425
0.150569
0.0556738
0.0919565
0.0619427
0.151508
0.0627246
0.0245586
0.0935161
0.116725
0.112719
0.0811391
0.0958324
0.117502
0.100138
0.0684685
0.0741232
0.165529
0.0345675
0.0857027
0.0956424
0.0161212
0.0247068
0.0952844
0.0906484
0.116368
0.0528479
0.097061
0.127567
0.0631901
0.147268
0.125866
0.103182
0.105308
0.0922012
0.105709
0.0816764
0.0190791
0.0232855
0.0976185
0.0979353
0.145788
0.143719
0.154637
0.0518015
0.135786
0.126043
0.0569098
0.101308
0.0996095
0.0573057
0.0779533
0.166024
0.046714
0.149516
0.0880705
0.1017
0.0867061
0.0933379
0.130532
0.155368
0.109925
0.0479969
0.146631
0.131549
0.151105
0.154787
0.126009
0.0505906
0.0908826
0.149212
0.0457109
0.0404829
0.0499647
0.151059
0.109931
0.0523434
0.0816488
0.102404
0.096696
0.0507636
0.102189
0.103581
0.153933
0.0256117
0.14027
0.0409639
0.0612907
0.072404
0.158507
0.148593
0.143954
0.095113
0.0625755
0.100582
0.0539815
0.0254013
0.0735634
0.141754
0.123543
0.0398025
0.0531162
0.117979
0.0228041
0.0757703
0.123332
0.152182
0.0632692
0.091944
0.132633
0.122524
0.0705335
0.112457
0.0815803
0.0349361
0.118098
0.0479828
0.0217943
0.0927217
0.0705263
0.10608
0.164249
0.108674
0.0597987
0.142096
0.0974142
0.0880941
0.0828039
0.035683
0.0735387
0.13425
0.0502356
0.136404
0.10971
0.108184
0.0950455
0.146759
0.118987
0.0909296
0.107648
0.099462
0.0605222
0.0697884
0.122294
0.133565
0.0959252
0.147265
0.153303
0.109994
0.127527
0.12968
0.0939072
0.0827038
0.0955476
0.146996
0.122681
0.0683942
0.143801
0.0872052
0.150094
0.108037
0.154241
0.0663917
0.0738125
0.0618114
0.0522373
0.144936
0.0513846
0.0860465
0.127135
0.113042
0.148013
0.0555615
0.0405782
0.0679771
0.0622361
0.117787
0.106889
0.0241141
0.0841564
0.152273
0.146451
0.0535814
0.0450923
0.0964467
0.117575
0.155957
0.157975
0.150341
0.141499
0.135978
0.154451
0.102544
0.112613
0.098266
0.11229
0.0179621
0.165324
0.150635
0.027706
0.0986941
0.146874
0.115698
0.162293
0.103509
0.0236859
0.107356
0.0614298
0.0834681
0.0595703
0.0493841
0.152673
0.151724
0.0740108
0.0211912
0.149647
0.100149
0.11033
0.106248
0.104772
0.0796239
0.0989124
0.136601
0.0950549
0.05973
0.0694855
0.123449
0.146281
0.142993
0.0980043
0.0377986
0.151953
0.0769356
0.0853169
0.024367
0.0976812
0.154083
0.123888
0.121671
0.104383
0.0811708
0.14249
0.0864961
0.149999
0.0970059
0.101589
0.0203814
0.111603
0.103564
0.117104
0.0417899
0.12603
0.109538
0.146895
0.0694588
0.0560658
0.0663269
0.171867
0.0604721
0.0363875
0.0997323
0.153159
0.097356
0.149447
0.143438
0.0789414
0.0824334
0.0280805
0.106637
0.119863
0.124987
0.0919101
0.0931297
0.116784
0.0722411
0.114542
0.0685185
0.0983368
0.118025
0.127127
0.0970174
0.0907345
0.120424
0.125419
0.143139
0.0939538
0.0558097
0.0970181
0.0193199
0.123932
0.118321
0.119128
0.102566
0.114706
0.0973104
0.109681
0.110761
0.148832
0.0964136
0.151736
0.102431
0.0525498
0.100158
0.148617
0.100833
0.14077
0.0395684
0.121843
0.0913568
0.0761782
0.149941
0.0759898
0.0997199
0.0226568
0.111309
0.132216
0.11032
0.0711413
0.110649
0.148877
0.0620184
0.0488983
0.02608
0.0890028
0.144272
0.0955969
0.153509
0.0245853
0.0957112
0.122148
0.0848213
0.0962888
0.11778
0.12905
0.131037
0.0918951
0.1194
0.0879476
0.0931038
0.0989381
0.117098
0.139161
0.126156
0.148867
0.0562391
0.102685
0.153298
0.0587617
0.0665995
0.0961499
0.0680648
0.1124
0.153474
0.148736
0.0623004
0.113124
0.0717449
0.132713
0.147584
0.0906197
0.0688336
0.166791
0.0972597
0.156289
0.0793091
0.0173075
0.1464
0.100664
0.0946952
0.0793213
0.0953219
0.0981435
0.119622
0.165504
0.136604
0.0958431
0.10513
0.15125
0.0862962
0.153506
0.115257
0.0992637
0.100942
0.138901
0.112659
0.0901976
0.0903857
0.0905852
0.109423
0.0903577
0.0441766
0.0916863
0.148505
0.147008
0.107272
0.0900635
0.0497888
0.0215931
0.131865
0.0674035
0.100237
0.0739337
0.144429
0.147226
0.147991
0.0737676
0.149672
0.0920427
0.0796222
0.0968637
0.0610598
0.0953077
0.0994741
0.0738191
0.0661962
0.118817
0.0517383
0.099789
0.0976264
0.149902
0.0696751
0.0931512
0.0933253
0.113444
0.0640095
0.115287
0.113026
0.110798
0.127176
0.11872
0.0976676
0.0440104
0.126446
0.0969074
0.0677183
0.102918
0.0994734
0.0963654
0.107943
0.0644574
0.0900701
0.121232
0.124566
0.057449
0.0991901
0.0357767
0.114214
0.0929724
0.14739
0.084346
0.115068
0.100553
0.141778
0.0786538
0.153714
0.0893788
0.105715
0.0941035
0.0965736
0.0686535
0.111732
0.153104
0.109334
0.14887
0.115801
0.103009
0.0827393
0.0358292
0.154559
0.12739
0.0968069
0.153358
0.107647
0.0561518
0.0653788
0.112152
0.144766
0.122825
0.123164
0.147919
0.154716
0.115526
0.103472
0.114602
0.0972169
0.128806
0.0829963
0.0969576
0.0972655
0.10057
0.135622
0.141673
0.110494
0.142267
0.100964
0.154064
0.113662
0.157253
0.102008
0.135538
0.116171
0.149343
0.153658
0.0961027
0.107105
0.156575
0.0854683
0.14998
0.100989
0.0966198
0.100294
0.111054
0.114264
0.151827
0.146286
0.096448
0.0635398
0.148451
0.130579
0.113414
0.155233
0.0659147
0.100544
0.0982377
0.0658323
0.117487
0.101626
0.155555
0.0824178
0.0557213
0.140018
0.12419
0.123977
0.116144
0.125355
0.151697
0.114118
0.116526
0.126453
0.0475205
0.172661
0.149765
0.151957
0.104703
0.134556
0.142289
0.0693287
0.106786
0.126221
0.150626
0.137392
0.149691
0.12656
0.148706
0.150682
0.148769
0.130387
0.104234
0.0822095
0.129835
0.117736
0.0212936
0.0977586
0.153346
0.106912
0.0349355
0.126307
0.111637
0.0809258
0.137479
0.149289
0.127989
0.151906
0.121949
0.122862
0.147554
0.116584
0.150224
0.0632196
0.0771844
0.0541567
0.0937623
0.140105
0.0811659
0.0447217
0.103263
0.0465002
0.150316
0.146019
0.128629
0.127809
0.126129
0.152962
0.094924
0.148481
0.150471
0.0918516
0.115725
0.112025
0.0996015
0.12065
0.125333
0.06849
0.0554097
0.121494
0.110978
0.148147
0.0875932
0.0799994
0.129868
0.0214245
0.149894
0.152568
0.0823113
0.0982937
0.151334
0.0641308
0.114145
0.147352
0.108888
0.152269
0.12817
0.154356
0.0795138
0.142512
0.119272
0.131957
0.105998
0.0684374
0.123392
0.0374131
0.134422
0.134113
0.127444
0.0606572
0.0408975
0.145064
0.123149
0.130014
0.122046
0.128555
0.0310531
0.100106
0.118132
0.105631
0.149
0.131576
0.0552505
0.109296
0.124603
0.135379
0.1011
0.148824
0.0782688
0.147616
0.142545
0.127193
0.104505
0.118837
0.0238601
0.119764
0.133415
0.0914805
0.141422
0.0305218
0.154232
0.116707
0.0887476
0.150388
0.109568
0.132776
0.0685074
0.169167
0.159716
0.0536768
0.135027
0.120532
0.131809
0.101061
0.0954778
0.0694115
0.0892168
0.151605
0.126029
0.123217
0.113358
0.0280956
0.142274
0.143337
0.138911
0.0622377
0.115304
0.107688
0.123857
0.11054
0.10528
0.111859
0.133032
0.107139
0.112684
0.130946
0.131201
0.120036
0.11066
0.124606
0.139031
0.108204
0.146491
0.090462
0.153188
0.109594
0.146035
0.0539197
0.13215
0.114124
0.133649
0.151191
0.113403
0.0325016
0.0211869
0.0981918
0.0420672
0.10078
0.101968
0.110377
0.0357982
0.0640247
0.116579
0.0362238
0.148985
0.141693
0.117429
0.110804
0.100641
0.149012
0.145711
0.154087
0.114024
0.112954
0.121148
0.149369
0.147866
0.0421577
0.13483
0.0705978
0.0906061
0.1486
0.101445
0.126173
0.147236
0.105329
0.0578668
0.117685
0.136248
0.100967
0.148459
0.0223224
0.141883
0.120626
0.157947
0.097528
0.136114
0.137367
0.03808
0.152879
0.11036
0.0983525
0.127647
0.105382
0.152464
0.103268
0.122708
0.144182
0.146323
0.146966
0.153211
0.0517488
0.0973094
0.14515
0.0969375
0.0971613
0.11924
0.13061
0.0991333
0.135531
0.127479
0.141598
0.131292
0.069017
0.0794449
0.0898556
0.131394
0.110818
0.148746
0.0806309
0.122042
0.111599
0.100391
0.0701309
0.136056
0.150033
0.0670523
0.077615
0.146235
0.115986
0.134051
0.149232
0.128588
0.0395283
0.134306
0.124771
0.146193
0.14062
0.142948
0.15285
0.129783
0.124989
0.148335
0.128034
0.136097
0.139847
0.0615437
0.148577
0.131599
0.152885
0.0475906
0.140652
0.115782
0.103747
0.11428
0.148404
0.132754
0.14913
0.151839
0.126188
0.136586
0.0918622
0.140544
0.132385
0.11679
0.0323349
0.0506166
0.123409
0.102313
0.146384
0.153355
0.135264
0.134397
0.13608
0.147334
0.152726
0.103873
0.152276
0.121249
0.115796
0.103634
0.113635
0.14063
0.0963656
0.129018
0.0691507
0.110837
0.116925
0.136091
0.152582
0.0969157
0.101937
0.128067
0.0564294
0.112231
0.0581916
0.0890965
0.120155
0.106865
0.150004
0.14099
0.16152
0.0979019
0.0356493
0.110128
0.116167
0.137663
0.048744
0.113558
0.0637668
0.116707
0.116666
0.14105
0.127479
0.115801
0.108663
0.128928
0.128955
0.121509
0.141497
0.120947
0.14011
0.125611
0.118797
0.101752
0.135988
0.0343039
0.0308578
0.138875
0.132623
0.0368121
0.0936227
0.125017
0.142594
0.12425
0.143123
0.150748
0.115788
0.0995386
0.127784
0.118394
0.105806
0.11911
0.126826
0.0722955
0.0770716
0.0705532
0.115949
0.0942974
0.10923
0.139507
0.14794
0.0911243
0.140437
0.0387035
0.058198
0.11801
0.15228
0.12741
0.123265
0.131421
0.125985
0.140839
0.118078
0.11832
0.13256
0.117198
0.101612
0.15321
0.140207
0.118203
0.121344
0.0877438
0.109503
0.152074
0.131454
0.0986995
0.103152
0.12513
0.119787
0.0996711
0.153133
0.11661
0.152842
0.125428
0.122699
0.152701
0.0745544
0.117231
0.0838056
0.15405
0.119094
0.146434
0.135157
0.0396023
0.101477
0.14001
0.146103
0.14801
0.153149
0.133311
0.13572
0.108156
0.128125
0.0459858
0.0760787
0.167478
0.107063
0.10002
0.123493
0.131874
0.148606
0.131851
0.143067
0.0906694
0.149673
0.116866
0.115509
0.12083
0.149149
0.0413761
0.11105
0.136003
0.14797
0.0822332
0.136081
0.0975811
0.028651
0.100201
0.1426
0.0452986
0.1299
0.147277
0.143855
0.129917
0.148773
0.0218691
0.123358
0.106919
0.143303
0.101146
0.12723
0.124812
0.126491
0.098207
0.142342
0.0982798
0.132777
0.152362
0.132371
0.0495578
0.139526
0.14558
0.13078
0.106441
0.0488826
0.152672
0.0555518
0.100661
0.125745
0.136605
0.128055
0.0991158
0.154028
0.147938
0.121436
0.134507
0.128908
0.105833
0.0554301
0.139641
0.131586
0.10959
0.105402
0.126961
0.147573
0.124049
0.0682003
0.139641
0.0347935
0.119358
0.108684
0.153927
0.15387
0.12683
0.135593
0.124976
0.152315
0.102897
0.0927252
0.120065
0.117973
0.12237
0.149344
0.129334
0.0357753
0.131705
0.0936101
0.144835
0.14876
0.0629785
0.117767
0.154029
0.130716
0.129992
0.0285738
0.142653
0.131888
0.119713
0.143783
0.130404
0.131149
0.0991734
0.145959
0.0533028
0.154091
0.114737
0.133173
0.124086
0.0772584
0.136841
0.124293
0.151865
0.142038
0.126268
0.130531
0.169688
0.0904493
0.12537
0.143096
0.116399
0.142586
0.105391
0.133973
0.120641
0.130253
0.0760028
0.11282
0.0577872
0.14299
0.139669
0.132521
0.13128
0.146337
0.111933
0.134687
0.108913
0.107335
0.12347
0.123056
0.130424
0.13709
0.13575
0.141183
0.125167
0.133488
0.140898
0.101519
0.128628
0.127868
0.139168
0.127769
0.0838806
0.131824
0.130838
0.156502
0.137002
0.0560274
0.0392186
0.0697532
0.142294
0.126484
0.123932
0.157502
0.111888
0.1472
0.138327
0.147251
0.155143
0.141191
0.0662609
0.134067
0.14214
0.140665
0.149039
0.149053
0.128741
0.128654
0.14338
0.0829352
0.14728
0.0348076
0.131149
0.14548
0.0978458
0.141272
0.14821
0.133169
0.152263
0.103215
0.143811
0.125391
0.142691
0.160002
0.112386
0.144326
0.106395
0.151088
0.13543
0.128854
0.14859
0.13494
0.138692
0.13294
0.153231
0.124062
0.119782
0.13666
0.130066
0.130069
0.0797505
0.0260593
0.133204
0.144439
0.0770949
0.138973
0.146026
0.13406
0.0364568
0.145768
0.0971658
0.0274785
0.148489
0.117894
0.147478
0.112839
0.141101
0.113885
0.148674
0.116035
0.134571
0.107858
0.132145
0.143164
0.156157
0.132169
0.0840989
0.0828751
0.113582
0.147465
0.136126
0.137994
0.12976
0.133398
0.137773
0.118621
0.129402
0.0987817
0.153111
0.151879
0.0256828
0.135301
0.145876
0.12562
0.148881
0.153165
0.130293
0.141644
0.136311
0.146105
0.147131
0.117673
0.15247
0.137038
0.103058
0.152862
0.148664
0.165028
0.0427823
0.080142
0.0336334
0.127714
0.133826
0.180054
0.132465
0.147727
0.0980783
0.117368
0.141987
0.152543
0.0990456
0.13028
0.0252278
0.132261
0.146115
0.121391
0.15203
0.15278
0.147331
0.145166
0.147453
0.140647
0.111914
0.146076
0.148532
0.13447
0.131527
0.0904388
0.146484
0.136057
0.147036
0.161805
0.0922398
0.140904
0.151581
0.161592
0.152353
0.104637
0.141859
0.133319
0.126987
0.102029
0.0934182
0.129519
0.142779
0.143472
0.0417557
0.0664351
0.145369
0.143798
0.105161
0.12624
0.155492
0.0884534
0.115304
0.148629
0.129125
0.130786
0.132733
0.148861
0.132984
0.117403
0.129615
0.147727
0.0909082
0.0615543
0.136078
0.0912329
0.110767
0.128942
0.0278454
0.147392
0.152266
0.146444
0.146088
0.134626
0.148688
0.154788
0.0263857
0.147318
0.146016
0.144719
0.148566
0.146484
0.0978852
0.13519
0.0496155
0.152976
0.14907
0.098833
0.131723
0.132709
0.128494
0.0717269
0.113892
0.1475
0.148542
0.143797
0.125022
0.135393
0.13446
0.159962
0.119218
0.132203
0.0868074
0.136498
0.136082
0.12659
0.133152
0.131982
0.18581
0.146036
0.14263
0.138271
0.137621
0.144939
0.147121
0.134345
0.12963
0.129987
0.154718
0.0902418
0.147294
0.14584
0.144419
0.135861
0.139973
0.147902
0.131472
0.114946
0.146544
0.111034
0.143571
0.125388
0.0555452
0.143184
0.101852
0.15237
0.146901
0.145813
0.133815
0.0989728
0.115194
0.135073
0.130441
0.153773
0.148021
0.144922
0.137267
0.132471
0.131798
0.115552
0.132147
0.137858
0.147544
0.128369
0.147538
0.146498
0.144852
0.148155
0.141129
0.132264
0.151261
0.138781
0.150933
0.136772
0.147063
0.101207
0.0683925
0.0640526
0.148694
0.104384
0.122717
0.134459
0.148297
0.0876288
0.131536
0.146812
0.100373
0.129153
0.102203
0.148644
0.127321
0.146854
0.132621
0.134947
0.14648
0.135632
0.135714
0.137214
0.146869
0.148239
0.126985
0.152911
0.132143
0.144555
0.147303
0.15167
0.145774
0.149369
0.148721
0.0542594
0.0763752
0.0401884
0.131617
0.153124
0.124661
0.132411
0.144445
0.129307
0.147693
0.112115
0.133173
0.152174
0.118249
0.151284
0.121844
0.148548
0.14869
0.127936
0.0723954
0.146216
0.124317
0.141501
0.146045
0.167244
0.145321
0.143229
0.137858
0.133861
0.143049
0.14614
0.130668
0.0942719
0.142753
0.161532
0.150772
0.171147
0.155821
0.143071
0.103774
0.122516
0.146071
0.131053
0.143089
0.117322
0.123952
0.160157
0.146976
0.14627
0.138619
0.135333
0.0971167
0.14819
0.132307
0.116793
0.142987
0.131713
0.14934
0.148838
0.166095
0.136744
0.14326
0.131317
0.153347
0.134335
0.101895
0.149781
0.147892
0.137349
0.0719472
0.148471
0.144464
0.134488
0.141522
0.132291
0.148846
0.147301
0.102933
0.152471
0.123506
0.150657
0.142553
0.148516
0.146505
0.138505
0.143631
0.151761
0.143593
0.147464
0.148561
0.148362
0.148922
0.147713
0.142375
0.148716
0.143723
0.133177
0.144417
0.132759
0.136602
0.134198
0.147773
0.142014
0.147454
0.115512
0.130967
0.0948608
0.142005
0.14607
0.148908
0.0530001
0.14731
0.149136
0.145652
0.148321
0.115524
0.148511
0.148577
0.148788
0.134389
0.144243
0.135138
0.0791325
0.145267
0.136701
0.149002
0.143038
0.115869
0.147828
0.149291
0.148207
0.146257
0.146792
0.146464
0.153127
0.145791
0.141003
0.134783
0.114347
0.148274
0.130015
0.119757
0.132853
0.150367
0.145706
0.125375
0.0972206
0.112772
0.106173
0.148907
0.140765
0.145545
0.145549
0.147068
0.134658
0.153037
0.127696
0.148109
0.150445
0.147435
0.148572
0.150213
0.15298
0.147376
0.153247
0.153272
0.151685
0.148635
0.148712
0.143394
0.105329
0.147457
0.145369
0.155512
0.157959
0.14767
0.146273
0.152839
0.155532
0.14756
0.143575
0.142516
0.153293
0.144594
0.145872
0.150796
0.148095
0.13826
0.153188
0.13246
0.15295
0.146864
0.143168
0.135896
0.0504427
0.146397
0.14327
0.151966
0.151192
0.144869
0.134363
0.129718
0.131365
0.138378
0.143172
0.149956
0.143222
0.056695
0.14678
0.135733
0.117204
0.149976
0.153214
0.0660158
0.128802
0.0226176
0.14869
0.0950119
0.114055
0.155495
0.145957
0.150375
0.152977
0.141477
0.148142
0.0627465
0.14685
0.148977
0.152525
0.148129
0.110784
0.122584
0.141776
0.141272
0.14913
0.143725
0.151722
0.149037
0.147843
0.0495193
0.14906
0.150587
0.135466
0.137964
0.150823
0.15561
0.132517
0.12699
0.131973
0.149059
0.0966615
0.141316
0.0687318
0.152992
0.143469
0.159522
0.134965
0.147865
0.169439
0.148
0.150028
0.145084
0.154063
0.151533
0.124901
0.153292
0.152269
0.0642086
0.13008
0.132127
0.148765
0.152701
0.11961
0.15215
0.146257
0.152002
0.135269
0.151935
0.137611
0.129582
0.144004
0.164594
0.127934
0.146099
0.150791
0.152999
0.147796
0.148896
0.0953889
0.153625
0.151158
0.144462
0.149616
0.133846
0.147051
0.148611
0.158751
0.144262
0.118182
0.156153
0.138178
0.146318
0.131521
0.103541
0.146777
0.151576
0.147028
0.130985
0.116227
0.128588
0.149206
0.142916
0.109243
0.131391
0.153266
0.133171
0.150934
0.146928
0.14748
0.149814
0.15216
0.105227
0.148407
0.152392
0.136748
0.148364
0.149356
0.155431
0.145825
0.153265
0.144873
0.152482
0.0279631
0.152762
0.0347336
0.106648
0.147168
0.114701
0.0902354
0.0259209
0.150226
0.132715
0.150616
0.148458
0.123666
0.149044
0.137897
0.154149
0.148374
0.131547
0.149687
0.0193654
0.148419
0.155954
0.0515896
0.150683
0.14954
0.152941
0.151912
0.0430813
0.152531
0.143321
0.133689
0.0409217
0.148394
0.149355
0.14815
0.150522
0.152623
0.0983261
0.135063
0.147432
0.148778
0.143937
0.136096
0.055422
0.145296
0.142995
0.144327
0.106687
0.157679
0.145834
0.153503
0.147664
0.149116
0.148978
0.149655
0.15364
0.146627
0.151772
0.151902
0.140225
0.0896101
0.154099
0.151512
0.152522
0.081474
0.148389
0.148887
0.150314
0.146052
0.102529
0.0935916
0.14578
0.182819
0.13209
0.129654
0.150694
0.150416
0.145475
0.149078
0.153153
0.11631
0.146806
0.0570473
0.147482
0.134936
0.146492
0.153194
0.13063
0.148466
0.177566
0.15208
0.154014
0.117491
0.149642
0.125223
0.147743
0.141411
0.142505
0.152567
0.152387
0.152412
0.146511
0.134323
0.140644
0.14589
0.0859299
0.0431896
0.147767
0.136422
0.151321
0.148339
0.152695
0.147371
0.136325
0.14496
0.142792
0.148694
0.0458784
0.151829
0.175132
0.154426
0.134974
0.145932
0.16743
0.0692744
0.145591
0.130439
0.136501
0.152173
0.0934731
0.127753
0.151485
0.148216
0.132518
0.147936
0.152491
0.133994
0.114157
0.152513
0.146179
0.149387
0.148419
0.152016
0.145617
0.148217
0.15319
0.152457
0.120554
0.13235
0.148644
0.150553
0.148046
0.147599
0.127181
0.148059
0.153052
0.148196
0.152986
0.137476
0.141153
0.152706
0.137192
0.152103
0.147329
0.0484237
0.060408
0.136307
0.15253
0.0678129
0.14989
0.149321
0.151016
0.153963
0.136704
0.158576
0.152181
0.15233
0.152895
0.147569
0.147309
0.107352
0.141015
0.152061
0.15226
0.15257
0.147043
0.141929
0.144985
0.152728
0.151243
0.153127
0.0924979
0.149034
0.136533
0.151656
0.0916931
0.149098
0.152731
0.152297
0.152267
0.153202
0.150454
0.149715
0.152697
0.144965
0.152892
0.179317
0.148899
0.144679
0.15279
0.121258
0.153037
0.151905
0.148637
0.146508
0.148683
0.152667
0.152526
0.154835
0.152779
0.152565
0.12586
0.152991
0.145764
0.132311
0.15326
0.146505
0.152575
0.153929
0.131035
0.15161
0.153115
0.151911
0.152411
0.152302
0.0969583
0.151723
0.152231
0.155823
0.151559
0.143865
0.14707
0.0642696
0.149365
0.153042
0.149914
0.150752
0.137224
0.154702
0.146767
0.15353
0.147983
0.146275
0.154413
0.131396
0.17209
0.149355
0.176629
0.110815
0.153301
0.131718
0.146362
0.136152
0.15207
0.128644
0.152368
0.15233
0.138158
0.153121
0.120042
0.152583
0.126824
0.147563
0.136109
0.152033
0.153563
0.147723
0.129961
0.040533
0.129073
0.148919
0.140826
0.153313
0.183529
0.12141
0.15222
0.134443
0.1237
0.146482
0.14814
0.152341
0.143545
0.137685
0.152095
0.151306
0.149022
0.151086
0.10359
0.154166
0.114693
0.120108
0.152709
0.152608
0.136251
0.15247
0.148272
0.10779
0.131397
0.159684
0.152648
0.0975658
0.152815
0.149979
0.148078
0.117387
0.152991
0.152021
0.125849
0.138246
0.15268
0.151094
0.151151
0.142897
0.152157
0.14932
0.137264
0.114545
0.094518
0.122904
0.148231
0.132269
0.152009
0.153036
0.152882
0.131743
0.118425
0.151921
0.151257
0.152877
0.148545
0.150931
0.142345
0.112329
0.170525
0.151545
0.0662518
0.152827
0.15279
0.103853
0.134379
0.15289
0.146575
0.139952
0.11767
0.145154
0.145995
0.151758
0.15317
0.152843
0.11909
0.140739
0.148369
0.144398
0.14863
0.147256
0.14487
0.152856
0.126916
0.142198
0.148695
0.137399
0.151531
0.120577
0.125272
0.153257
0.139137
0.15337
0.153386
0.149933
0.134991
0.0488632
0.148183
0.102242
0.153278
0.151206
0.129199
0.0783454
0.152689
0.147418
0.145557
0.153267
0.112752
0.1527
0.152888
0.146931
0.135147
0.137618
0.141555
0.148778
0.143941
0.151865
0.152616
0.151555
0.151913
0.153862
0.134552
0.152495
0.12567
0.152826
0.139251
0.154151
0.153517
0.174956
0.15165
0.148975
0.146408
0.111117
0.150772
0.133759
0.137279
0.152683
0.154382
0.153097
0.148847
0.150079
0.153734
0.117867
0.141788
0.138096
0.153294
0.151222
0.153936
0.147205
0.140714
0.164877
0.15085
0.0239094
0.15023
0.118085
0.152865
0.153352
0.153996
0.131335
0.147802
0.154169
0.0770481
0.153201
0.143634
0.148216
0.149094
0.146278
0.0690506
0.153222
0.102871
0.142321
0.149485
0.129842
0.148544
0.154915
0.149612
0.151916
0.154337
0.157571
0.153937
0.119525
0.078307
0.151263
0.148577
0.129873
0.149018
0.11588
0.153024
0.118081
0.146248
0.13507
0.178508
0.148608
0.144216
0.154372
0.148267
0.0571611
0.148382
0.149068
0.158172
0.139109
0.121118
0.15384
0.146334
0.139978
0.152488
0.150557
0.147544
0.119893
0.138253
0.0938639
0.153762
0.152536
0.149606
0.136393
0.154653
0.137778
0.154305
0.135934
0.161958
0.136169
0.153031
0.143152
0.149192
0.154342
0.153894
0.132351
0.153584
0.149141
0.148816
0.153672
0.154214
0.144173
0.153065
0.148286
0.149028
0.152964
0.146149
0.150971
0.149948
0.140913
0.133996
0.145797
0.0345046
0.150552
0.135578
0.0997199
0.127506
0.153836
0.148347
0.142912
0.149992
0.15339
0.150671
0.15087
0.157803
0.124311
0.164469
0.172741
0.0608783
0.149678
0.153325
0.148256
0.150392
0.134133
0.148223
0.15149
0.145001
0.145294
0.141587
0.153771
0.153959
0.151785
0.143457
0.148902
0.145235
0.149102
0.15496
0.144753
0.173748
0.152968
0.183971
0.137468
0.144648
0.151511
0.15128
0.0282166
0.0795077
0.129481
0.1408
0.142731
0.147833
0.152587
0.14792
0.140762
0.146027
0.142787
0.148684
0.135558
0.153835
0.156335
0.154321
0.153316
0.158486
0.146599
0.138152
0.15428
0.142682
0.148463
0.15357
0.150441
0.148072
0.153318
0.129202
0.150808
0.149217
0.143934
0.1461
0.153343
0.152637
0.151285
0.123338
0.149153
0.151708
0.171211
0.18397
0.151708
0.146349
0.149802
0.153342
0.149012
0.172749
0.154405
0.154405
0.182935
0.161218
0.145158
0.169702
0.177854
0.160706
0.15345
0.157795
0.143365
0.152044
0.153649
0.146984
0.147414
0.162827
0.147137
0.167938
0.151951
0.141736
0.172821
0.150249
0.147374
0.154008
0.149497
0.149495
0.158799
0.15228
0.156715
0.149559
0.159936
0.152701
0.149403
0.168224
0.154368
0.154373
0.152666
0.155624
0.159182
0.150284
0.139571
0.150385
0.162434
0.139532
0.149066
0.154337
0.147145
0.148195
0.17186
0.154329
0.143675
0.140633
0.180886
0.15195
0.1727
0.144341
0.154339
0.146846
0.163481
0.154337
0.147566
0.145787
0.142827
0.140335
0.141839
0.153002
0.145065
0.0828431
0.135622
0.143412
0.136523
0.152654
0.153288
0.13448
0.150034
0.147373
0.151614
0.153666
0.153716
0.114637
0.151065
0.0652206
0.153299
0.148145
0.122371
0.131278
0.149876
0.123125
0.148389
0.158257
0.147582
0.149102
0.152726
0.153
0.148611
0.143798
0.152083
0.154089
0.152676
0.153885
0.150818
0.15322
0.149
0.152723
0.150319
0.148563
0.0911623
0.169871
0.140825
0.132986
0.153016
0.124202
0.151078
0.130296
0.143874
0.117604
0.148075
0.154002
0.14972
0.114329
0.153261
0.135411
0.151767
0.152779
0.0963826
0.143471
0.145107
0.154165
0.135438
0.164128
0.147377
0.15313
0.154097
0.140668
0.147786
0.152905
0.109921
0.120542
0.146917
0.15414
0.153967
0.128008
0.158744
0.141758
0.152514
0.143325
0.149528
0.147335
0.153089
0.158617
0.151277
0.153693
0.151727
0.137194
0.152832
0.0747031
0.152523
0.124106
0.153188
0.152348
0.144682
0.149107
0.118648
0.148711
0.145946
0.123768
0.14781
0.153988
0.151801
0.151173
0.145346
0.150884
0.162455
0.143571
0.152874
0.13567
0.148513
0.132142
0.15438
0.135352
0.152528
0.113453
0.12066
0.133308
0.144905
0.143858
0.153909
0.146408
0.131511
0.146917
0.147138
0.151697
0.15126
0.129977
0.136731
0.164328
0.153122
0.153435
0.149731
0.154099
0.153277
0.152296
0.154049
0.150549
0.145553
0.130603
0.127307
0.149269
0.153369
0.133962
0.153296
0.153977
0.0817598
0.152481
0.147105
0.146993
0.153814
0.147619
0.0764884
0.118603
0.153571
0.153543
0.135918
0.150838
0.149546
0.156627
0.147794
0.135197
0.101062
0.146529
0.154008
0.0908706
0.136876
0.148271
0.041253
0.152478
0.131937
0.132101
0.151839
0.148901
0.0403537
0.0836327
0.152723
0.154351
0.151905
0.153597
0.149398
0.147628
0.153245
0.149908
0.152057
0.134192
0.0818554
0.150153
0.163799
0.149147
0.157225
0.146688
0.148195
0.159426
0.148486
0.153236
0.152881
0.117017
0.149997
0.153041
0.149305
0.153437
0.147274
0.138504
0.0940844
0.159215
0.153128
0.152975
0.151343
0.147002
0.151519
0.153374
0.14471
0.148817
0.084736
0.15397
0.143602
0.152902
0.15337
0.100521
0.154056
0.150891
0.152266
0.153727
0.153405
0.153992
0.144583
0.151886
0.14914
0.0674616
0.153376
0.147979
0.153053
0.151934
0.146849
0.142008
0.136546
0.0898323
0.147879
0.147886
0.153009
0.153175
0.153194
0.152679
0.151912
0.136073
0.141898
0.153111
0.0878571
0.149866
0.147601
0.0712872
0.121239
0.140315
0.153526
0.144796
0.149111
0.148332
0.139961
0.153381
0.150284
0.150249
0.120354
0.154539
0.152927
0.150619
0.122066
0.136774
0.147734
0.148392
0.153369
0.148339
0.148717
0.147771
0.150511
0.152654
0.154017
0.150123
0.139748
0.142299
0.149416
0.153203
0.140984
0.145129
0.151201
0.165943
0.149264
0.144797
0.151536
0.149969
0.153289
0.153315
0.149215
0.137495
0.147959
0.174865
0.157623
0.0263246
0.148742
0.108895
0.153616
0.153448
0.152855
0.153396
0.145206
0.153144
0.152225
0.142411
0.153421
0.15642
0.021028
0.144511
0.155822
0.138051
0.150113
0.146244
0.0725737
0.151511
0.153501
0.155481
0.152013
0.130653
0.0611088
0.137507
0.149673
0.152072
0.150811
0.0346232
0.152684
0.137979
0.145464
0.133004
0.15243
0.151921
0.138577
0.150945
0.139843
0.0484684
0.128828
0.152505
0.152555
0.152051
0.104044
0.14557
0.150973
0.150524
0.144665
0.146799
0.145282
0.155944
0.0191282
0.125754
0.142312
0.146679
0.152901
0.146221
0.129303
0.148654
0.148806
0.145827
0.147572
0.150949
0.157971
0.146066
0.15319
0.150829
0.152305
0.146364
0.148173
0.134784
0.169156
0.134827
0.0953157
0.0292869
0.150802
0.127345
0.12981
0.0991491
0.152994
0.152332
0.153444
0.135282
0.153259
0.172555
0.153239
0.150922
0.149201
0.131382
0.143393
0.151144
0.152522
0.159481
0.145872
0.100271
0.0995333
0.0773199
0.151209
0.151685
0.124946
0.16105
0.150903
0.153402
0.15314
0.13106
0.15828
0.127371
0.133706
0.117987
0.0605256
0.152702
0.14219
0.153154
0.159266
0.151117
0.151436
0.147096
0.138298
0.137309
0.148519
0.153116
0.153211
0.158317
0.145643
0.150475
0.144896
0.151336
0.151917
0.152913
0.150557
0.1331
0.131698
0.137503
0.0798387
0.152621
0.13143
0.144635
0.145295
0.13706
0.147953
0.146662
0.153092
0.153167
0.149776
0.149697
0.0848799
0.153138
0.126781
0.147288
0.148359
0.151135
0.151392
0.152793
0.146401
0.153337
0.142944
0.150938
0.101673
0.150675
0.149055
0.12029
0.148654
0.148801
0.151026
0.153332
0.152563
0.147075
0.131037
0.143798
0.152023
0.153261
0.149065
0.150798
0.152901
0.135701
0.157485
0.147405
0.153359
0.132913
0.15193
0.0978475
0.147599
0.151592
0.145669
0.15037
0.151632
0.11181
0.141727
0.153484
0.15156
0.0625598
0.143967
0.152552
0.148896
0.151202
0.15136
0.129232
0.151353
0.136289
0.145144
0.131936
0.148428
0.147284
0.151741
0.14787
0.1485
0.14867
0.149744
0.152452
0.152001
0.138965
0.129739
0.137172
0.153029
0.14361
0.143623
0.148931
0.141286
0.147114
0.15632
0.0978515
0.15337
0.152939
0.150655
0.15139
0.150468
0.121508
0.151143
0.14923
0.146304
0.147893
0.148307
0.150333
0.136575
0.13104
0.150285
0.150559
0.152001
0.131176
0.134507
0.148378
0.0696984
0.144047
0.150751
0.146106
0.144466
0.137367
0.152339
0.151371
0.141244
0.152976
0.0702797
0.14811
0.131589
0.150331
0.145928
0.150142
0.145874
0.148025
0.15689
0.152991
0.127933
0.153078
0.0970698
0.115201
0.152018
0.153644
0.148178
0.147826
0.147894
0.153038
0.0953149
0.141034
0.151344
0.146645
0.148671
0.115038
0.150293
0.150571
0.149563
0.153188
0.144535
0.15341
0.131207
0.153535
0.152798
0.162202
0.149035
0.147437
0.144477
0.141935
0.153304
0.149091
0.150732
0.144705
0.149153
0.152241
0.152253
0.148371
0.152437
0.15123
0.153248
0.144711
0.141978
0.146651
0.140752
0.158022
0.150301
0.149801
0.145727
0.152353
0.145525
0.164356
0.151306
0.151932
0.153382
0.142199
0.0213072
0.144868
0.149256
0.131794
0.132585
0.149586
0.150606
0.152046
0.112094
0.137331
0.147921
0.152137
0.149712
0.149958
0.150124
0.145442
0.150055
0.151701
0.152023
0.147654
0.148139
0.150967
0.152448
0.108739
0.150015
0.150347
0.12595
0.149258
0.166592
0.14889
0.152885
0.160517
0.14601
0.0424078
0.136096
0.146242
0.110667
0.145701
0.130416
0.152402
0.171884
0.148226
0.152727
0.153328
0.149417
0.149098
0.146717
0.146511
0.150905
0.149198
0.151078
0.148132
0.149129
0.153741
0.152906
0.145317
0.141017
0.148474
0.148811
0.147479
0.143621
0.105839
0.151726
0.15222
0.148041
0.148548
0.1491
0.148516
0.0741912
0.149643
0.152116
0.141003
0.150811
0.146655
0.148407
0.1615
0.15192
0.151279
0.137142
0.148489
0.152195
0.158512
0.1515
0.150457
0.153307
0.127011
0.140674
0.146686
0.150973
0.14695
0.14306
0.105367
0.15272
0.151909
0.150042
0.146957
0.137081
0.153187
0.166199
0.13739
0.167293
0.147244
0.147589
0.149362
0.119709
0.134907
0.129382
0.146804
0.152095
0.143725
0.0755782
0.125441
0.175499
0.150068
0.149181
0.138913
0.147843
0.122641
0.146816
0.147468
0.149063
0.139128
0.118855
0.150303
0.151798
0.150906
0.146536
0.146558
0.147617
0.15416
0.148065
0.148535
0.148852
0.144955
0.151567
0.151526
0.15436
0.151913
0.156587
0.129587
0.158662
0.152498
0.152295
0.148169
0.149341
0.14958
0.146165
0.148889
0.132957
0.153395
0.120756
0.14851
0.147778
0.150497
0.142929
0.142265
0.148246
0.14939
0.1476
0.139587
0.0644459
0.112594
0.152922
0.150196
0.152463
0.147892
0.149473
0.148322
0.149699
0.148423
0.149122
0.149382
0.133955
0.149537
0.142563
0.143533
0.149213
0.14989
0.150208
0.149905
0.148568
0.145837
0.131709
0.15461
0.152247
0.150916
0.145075
0.129005
0.146177
0.149247
0.149162
0.149334
0.151389
0.114052
0.153455
0.143797
0.131932
0.126392
0.0751787
0.119688
0.131689
0.130919
0.120311
0.13799
0.146743
0.151912
0.14483
0.147577
0.149151
0.154406
0.15604
0.096597
0.147677
0.151465
0.149396
0.147193
0.147016
0.149391
0.151615
0.134375
0.136331
0.139872
0.14865
0.0407265
0.151401
0.152501
0.122273
0.129878
0.144477
0.0402872
0.142567
0.116737
0.151812
0.145209
0.15131
0.13809
0.15477
0.152898
0.153092
0.172421
0.131974
0.117881
0.142693
0.14682
0.144615
0.159962
0.144245
0.132018
0.146598
0.147862
0.143916
0.146452
0.140968
0.126954
0.153553
0.0567241
0.156764
0.148823
0.146047
0.132747
0.14651
0.0876831
0.132158
0.149311
0.120388
0.119447
0.139495
0.149857
0.101796
0.0402376
0.151975
0.131842
0.14947
0.151682
0.150257
0.148837
0.145237
0.151551
0.151136
0.151379
0.143449
0.150027
0.15169
0.151043
0.141781
0.149487
0.131011
0.127005
0.134345
0.148133
0.127032
0.139761
0.150821
0.125818
0.0910873
0.149986
0.126264
0.15136
0.151044
0.137
0.153506
0.130936
0.148151
0.151891
0.153468
0.146002
0.147633
0.149755
0.115716
0.124986
0.151419
0.147655
0.151057
0.152958
0.13853
0.100584
0.127712
0.10252
0.146354
0.133974
0.149041
0.112902
0.142841
0.149243
0.101627
0.129725
0.0640852
0.138019
0.148631
0.155799
0.150947
0.147937
0.149599
0.147628
0.148626
0.138505
0.150486
0.14703
0.135097
0.149815
0.149782
0.149655
0.131963
0.151294
0.148056
0.15005
0.0485195
0.137964
0.124755
0.160096
0.148886
0.151056
0.151517
0.063343
0.145707
0.145708
0.151009
0.125771
0.137684
0.0823077
0.149642
0.139202
0.151516
0.149322
0.149775
0.143381
0.130635
0.14241
0.146857
0.152436
0.0643733
0.125436
0.151812
0.143242
0.133924
0.148987
0.144728
0.141871
0.153521
0.0996061
0.148822
0.136043
0.13549
0.151217
0.148295
0.148803
0.128879
0.144439
0.0353811
0.153013
0.15233
0.152677
0.137508
0.149177
0.150512
0.147723
0.152073
0.147907
0.148288
0.149004
0.152651
0.141603
0.128343
0.152227
0.133272
0.148766
0.150761
0.14056
0.0992608
0.148
0.0985728
0.156986
0.154304
0.150905
0.028264
0.141336
0.150227
0.136368
0.137305
0.136689
0.150841
0.150622
0.121283
0.143036
0.145759
0.0745051
0.092286
0.149803
0.106708
0.145038
0.149596
0.148087
0.152485
0.135903
0.141125
0.143073
0.14936
0.09669
0.139099
0.144265
0.13469
0.153565
0.140863
0.152707
0.149368
0.109103
0.14756
0.148892
0.0718808
0.135906
0.149367
0.128933
0.136691
0.145311
0.142425
0.136443
0.147077
0.150912
0.124923
0.149512
0.150365
0.134403
0.141612
0.144819
0.140645
0.149253
0.141448
0.147983
0.150864
0.143492
0.144218
0.149465
0.142943
0.170434
0.133618
0.144479
0.139987
0.148417
0.138019
0.13258
0.147744
0.150698
0.142833
0.133765
0.149368
0.12722
0.150254
0.149115
0.150737
0.150227
0.118799
0.148661
0.149905
0.1519
0.152586
0.150554
0.148037
0.0914307
0.150585
0.0982934
0.143688
0.146601
0.149829
0.151917
0.148034
0.134582
0.151119
0.148141
0.154499
0.149933
0.12039
0.138964
0.150089
0.130449
0.0654944
0.117864
0.127619
0.11494
0.106137
0.1486
0.140951
0.10948
0.064261
0.138673
0.118068
0.149681
0.151664
0.149348
0.148872
0.151624
0.142979
0.150752
0.119312
0.110235
0.148231
0.151523
0.147347
0.14845
0.149426
0.150925
0.15344
0.149836
0.135505
0.148969
0.149293
0.152945
0.0620959
0.138361
0.146897
0.138074
0.138888
0.152057
0.143151
0.137583
0.148971
0.148424
0.146631
0.106789
0.150761
0.142518
0.149856
0.146485
0.148504
0.150925
0.124612
0.144748
0.137773
0.118624
0.147028
0.142362
0.147012
0.152149
0.150731
0.146207
0.120554
0.104465
0.148873
0.142108
0.14807
0.148564
0.148382
0.142983
0.137337
0.145757
0.146286
0.13938
0.139945
0.144787
0.148243
0.148651
0.153427
0.11789
0.138203
0.148515
0.150134
0.148438
0.136711
0.13457
0.147608
0.140946
0.14843
0.139968
0.128977
0.153865
0.135539
0.15032
0.104191
0.14708
0.129832
0.150781
0.114435
0.150619
0.111801
0.147886
0.118221
0.133068
0.145909
0.134252
0.147447
0.144326
0.0639512
0.144154
0.148882
0.145245
0.153725
0.148157
0.145301
0.144788
0.153729
0.141165
0.14981
0.151785
0.101057
0.130546
0.132353
0.145723
0.142463
0.149287
0.150344
0.150919
0.133926
0.123845
0.104746
0.147073
0.148848
0.149958
0.143246
0.130011
0.139764
0.148136
0.129459
0.150957
0.149056
0.145608
0.151584
0.149461
0.153156
0.141149
0.15143
0.14836
0.147029
0.148529
0.142211
0.127175
0.148896
0.147821
0.151507
0.118803
0.143589
0.141092
0.143025
0.134292
0.155451
0.133523
0.0911104
0.13949
0.139692
0.13178
0.148343
0.138713
0.151844
0.148407
0.148015
0.150533
0.0835392
0.141111
0.147383
0.123458
0.13913
0.145502
0.096289
0.12867
0.130738
0.125712
0.150348
0.0764391
0.144765
0.129418
0.102881
0.107514
0.149706
0.149315
0.148382
0.145573
0.143456
0.141865
0.12476
0.149656
0.129601
0.0412444
0.131389
0.146904
0.141154
0.0519572
0.146449
0.15202
0.14566
0.150204
0.151194
0.145836
0.149154
0.123599
0.139027
0.14865
0.148838
0.135792
0.152645
0.148811
0.149326
0.147625
0.126556
0.125324
0.142388
0.137596
0.130951
0.130189
0.149949
0.145741
0.133571
0.149035
0.147431
0.161178
0.122316
0.147474
0.147057
0.135131
0.126189
0.0333305
0.133463
0.148851
0.14884
0.126878
0.131806
0.141577
0.11213
0.147759
0.135401
0.146533
0.147074
0.139422
0.14702
0.146477
0.132304
0.104996
0.125057
0.145164
0.133634
0.150142
0.129669
0.145141
0.0977051
0.146428
0.0252275
0.14263
0.147368
0.0858197
0.135408
0.117029
0.120009
0.137669
0.13215
0.0978423
0.15118
0.149116
0.142921
0.136785
0.142998
0.117417
0.136651
0.150025
0.138585
0.122951
0.0230292
0.151665
0.115301
0.133911
0.147112
0.0963008
0.126368
0.123515
0.130164
0.146839
0.150133
0.148361
0.150324
0.148005
0.0835142
0.149067
0.145301
0.149415
0.153109
0.114397
0.150063
0.149904
0.0359886
0.147989
0.103031
0.151567
0.153769
0.148845
0.150283
0.131062
0.113838
0.0778054
0.149428
0.127209
0.142523
0.146514
0.149407
0.137629
0.0896251
0.118712
0.148876
0.153778
0.148928
0.148581
0.12328
0.124489
0.145735
0.151584
0.15285
0.137674
0.151703
0.0508307
0.142859
0.144226
0.11802
0.113099
0.14845
0.133359
0.092197
0.0979688
0.14897
0.0824965
0.136683
0.118485
0.140284
0.12643
0.135636
0.149246
0.134333
0.148938
0.120966
0.118744
0.0684422
0.118368
0.13717
0.145385
0.13604
0.143041
0.142323
0.122593
0.150256
0.153613
0.141206
0.139188
0.129167
0.127297
0.142462
0.143787
0.149372
0.147499
0.141945
0.12311
0.138592
0.125873
0.124407
0.149892
0.116923
0.149502
0.124943
0.137826
0.15095
0.131712
0.150636
0.152138
0.0340223
0.113027
0.100579
0.0985052
0.145522
0.130165
0.135362
0.13199
0.147216
0.0568582
0.169663
0.130145
0.150087
0.0762861
0.116757
0.114933
0.126017
0.137026
0.126461
0.0703151
0.150358
0.0184294
0.1283
0.125717
0.136948
0.130056
0.147127
0.0791028
0.150013
0.0807589
0.144158
0.124861
0.132127
0.149566
0.135275
0.148285
0.151449
0.146218
0.125078
0.139787
0.122058
0.134314
0.143903
0.132812
0.142823
0.147317
0.14343
0.131576
0.103884
0.123996
0.150697
0.147752
0.116173
0.145714
0.145428
0.112071
0.147832
0.145666
0.154036
0.112578
0.122615
0.148607
0.145484
0.149365
0.132778
0.146374
0.151827
0.144061
0.077456
0.119433
0.122779
0.143832
0.148133
0.132577
0.131494
0.132222
0.151283
0.146668
0.142224
0.130749
0.149347
0.141454
0.131064
0.141681
0.118835
0.149212
0.13449
0.125016
0.146868
0.148947
0.140374
0.146558
0.129205
0.138009
0.103103
0.132795
0.0581888
0.134466
0.18331
0.144861
0.138373
0.126304
0.138105
0.134534
0.137599
0.0969153
0.149062
0.114185
0.136709
0.132238
0.136169
0.118027
0.105909
0.141361
0.129961
0.129788
0.143498
0.147968
0.134703
0.150146
0.123167
0.115066
0.131292
0.114327
0.131075
0.120906
0.147245
0.151364
0.144355
0.151271
0.137798
0.130351
0.149121
0.116079
0.0677517
0.0799946
0.138698
0.117869
0.129095
0.134078
0.142668
0.106757
0.126674
0.12616
0.151593
0.0993689
0.148441
0.146146
0.149251
0.0346089
0.11841
0.149863
0.136157
0.132141
0.144678
0.147283
0.132641
0.0776424
0.120598
0.128405
0.139108
0.136841
0.132997
0.118352
0.135374
0.118959
0.126459
0.121982
0.0792496
0.14798
0.134868
0.143095
0.152141
0.144335
0.148807
0.124823
0.151311
0.149693
0.117653
0.142132
0.144327
0.128834
0.123329
0.140149
0.0478149
0.0941339
0.0656281
0.150558
0.113953
0.143732
0.125645
0.126664
0.119158
0.094406
0.0666598
0.150268
0.103141
0.13279
0.0575402
0.121686
0.174961
0.149224
0.0423417
0.0910823
0.138132
0.116237
0.147649
0.134248
0.12648
0.134411
0.146291
0.131968
0.150315
0.150253
0.129942
0.0757539
0.153532
0.122471
0.113716
0.0633303
0.119193
0.150988
0.111737
0.136187
0.134228
0.112973
0.115691
0.0995354
0.100581
0.148201
0.153295
0.0685429
0.128061
0.123282
0.0695118
0.140978
0.1527
0.119648
0.0530381
0.133832
0.151925
0.126713
0.15133
0.15336
0.138903
0.117565
0.131259
0.153728
0.136801
0.148427
0.127409
0.132711
0.0772834
0.141784
0.0621456
0.104881
0.132558
0.14961
0.130118
0.138593
0.143833
0.137339
0.153118
0.13181
0.152323
0.176068
0.107776
0.150967
0.0360822
0.126341
0.148832
0.145291
0.143366
0.0924791
0.14784
0.144646
0.0977255
0.131364
0.144441
0.150342
0.128181
0.127752
0.131945
0.152129
0.145076
0.165427
0.13425
0.0234395
0.122861
0.129962
0.135428
0.146853
0.141126
0.135582
0.141481
0.117946
0.148487
0.0992214
0.134964
0.144067
0.126427
0.102469
0.0366888
0.123519
0.118139
0.136865
0.150093
0.154448
0.151223
0.121135
0.135826
0.149499
0.110962
0.150887
0.0293038
0.0765313
0.147399
0.132192
0.129848
0.119428
0.104744
0.129625
0.135363
0.118604
0.144077
0.0701729
0.148739
0.151859
0.133084
0.0680873
0.115734
0.118214
0.149572
0.0772758
0.0978338
0.149126
0.023585
0.162137
0.137887
0.148308
0.130672
0.149175
0.135858
0.0996275
0.101662
0.0265274
0.148054
0.0859417
0.145675
0.101343
0.147562
0.123814
0.124898
0.152088
0.146234
0.170418
0.147704
0.146252
0.146979
0.149549
0.131323
0.132878
0.146852
0.150791
0.148271
0.11728
0.076149
0.103916
0.132642
0.167865
0.130289
0.157019
0.148851
0.0540591
0.158119
0.130591
0.137637
0.13038
0.103161
0.100507
0.126711
0.101867
0.151627
0.125219
0.145333
0.13636
0.106718
0.131337
0.127975
0.11437
0.135034
0.10581
0.118102
0.149328
0.102203
0.125614
0.149467
0.133913
0.0160416
0.126217
0.0798288
0.0959437
0.140613
0.123204
0.149301
0.135997
0.149831
0.112667
0.13428
0.112969
0.146869
0.0953114
0.129351
0.137618
0.148822
0.130121
0.145135
0.0565824
0.100533
0.0595117
0.10558
0.138427
0.119498
0.0935436
0.116501
0.144699
0.153492
0.104699
0.15747
0.106279
0.0503429
0.0938148
0.137558
0.106529
0.152698
0.0641384
0.143785
0.149939
0.128992
0.0225161
0.147623
0.12118
0.117152
0.127837
0.153369
0.0363687
0.0646795
0.113719
0.100507
0.0959718
0.0657326
0.140356
0.131053
0.0814305
0.130732
0.0990175
0.145843
0.148152
0.132924
0.139003
0.119095
0.118561
0.149155
0.130094
0.0299021
0.132621
0.147933
0.0794044
0.0548116
0.0879876
0.067678
0.115406
0.100553
0.138698
0.140842
0.0485136
0.0896464
0.130277
0.138242
0.144918
0.137508
0.133874
0.106787
0.147794
0.096848
0.102737
0.150098
0.149265
0.147436
0.102265
0.132645
0.0991326
0.0974457
0.114643
0.14606
0.0291967
0.0933732
0.136001
0.0873079
0.147519
0.130514
0.147314
0.132926
0.149159
0.13374
0.100143
0.145893
0.0976974
0.110094
0.149332
0.116574
0.129899
0.124405
0.0354656
0.142983
0.130616
0.144148
0.0953167
0.12643
0.065776
0.131307
0.147597
0.140498
0.144153
0.148248
0.119977
0.110412
0.0299501
0.123548
0.148615
0.141383
0.120783
0.105771
0.149084
0.131418
0.0280589
0.139714
0.122908
0.132823
0.128481
0.121321
0.119302
0.129684
0.148425
0.0906779
0.145503
0.0569542
0.153419
0.0954169
0.118128
0.147352
0.129566
0.129659
0.081098
0.0921285
0.0695111
0.10071
0.137547
0.0575718
0.133093
0.12918
0.0788606
0.103087
0.130745
0.149118
0.113702
0.151994
0.12214
0.119
0.117264
0.0914189
0.1149
0.136036
0.068718
0.147949
0.106816
0.0951938
0.139988
0.125791
0.0968063
0.065955
0.0859126
0.150987
0.147337
0.14552
0.0222391
0.127206
0.0558599
0.117475
0.143645
0.145595
0.147932
0.133544
0.117859
0.147501
0.128983
0.149385
0.14867
0.141593
0.0938547
0.134818
0.149085
0.136392
0.140278
0.13967
0.132474
0.141203
0.141502
0.134772
0.130722
0.141304
0.151748
0.147057
0.144754
0.143111
0.151306
0.151807
0.129616
0.119049
0.148097
0.0385911
0.131538
0.138516
0.114976
0.1286
0.143954
0.149161
0.14791
0.0997829
0.143745
0.15033
0.149501
0.141919
0.147474
0.131451
0.134281
0.0585697
0.130078
0.123052
0.0696193
0.149315
0.134851
0.0857789
0.067472
0.0988741
0.0642661
0.13884
0.047438
0.0716653
0.131617
0.129743
0.105291
0.0461552
0.0917918
0.0239158
0.104113
0.130457
0.112067
0.130693
0.0527611
0.119447
0.122651
0.129617
0.0652716
0.0613731
0.0954707
0.11646
0.123896
0.118123
0.130149
0.0826405
0.115319
0.142768
0.113387
0.157313
0.0257817
0.143085
0.128083
0.0999617
0.117018
0.147743
0.137298
0.0348681
0.12885
0.145662
0.0854322
0.104312
0.15099
0.124318
0.129375
0.0865433
0.0263833
0.078975
0.114398
0.0623071
0.136978
0.133858
0.150457
0.147329
0.149398
0.115444
0.0418443
0.0561349
0.131454
0.130896
0.137573
0.139268
0.110144
0.12243
0.100136
0.140152
0.12155
0.130651
0.149461
0.0965681
0.14217
0.1492
0.105993
0.138463
0.14801
0.0761406
0.147937
0.0360086
0.129471
0.0349283
0.147317
0.102927
0.113873
0.10367
0.116863
0.149298
0.127259
0.14946
0.125426
0.126333
0.0575769
0.117723
0.0572407
0.152077
0.12559
0.0839704
0.0771363
0.120609
0.128191
0.118658
0.102289
0.0224079
0.118552
0.136134
0.147818
0.105932
0.141737
0.0580293
0.149775
0.0584669
0.0833246
0.115058
0.152157
0.0235192
0.136565
0.144543
0.0287768
0.0719197
0.0950716
0.107199
0.0621277
0.0660464
0.0879334
0.0884484
0.149383
0.144073
0.134997
0.136681
0.0975306
0.125865
0.141016
0.108609
0.0622056
0.137853
0.122139
0.145229
0.103442
0.149756
0.130275
0.133052
0.0970216
0.0469276
0.102025
0.068525
0.150184
0.112328
0.08462
0.168674
0.113909
0.0812992
0.134425
0.137224
0.11574
0.111803
0.0178772
0.149731
0.131995
0.128249
0.108517
0.132125
0.0988504
0.147347
0.132109
0.150066
0.103133
0.164161
0.1488
0.135062
0.149851
0.0878196
0.0782349
0.0953119
0.134066
0.0703987
0.121947
0.14059
0.118881
0.135712
0.147184
0.105998
0.0501219
0.149974
0.131717
0.117491
0.107518
0.0616176
0.080086
0.149051
0.107362
0.107271
0.123144
0.118214
0.109328
0.0980533
0.124167
0.119936
0.151925
0.119408
0.13092
0.0835483
0.103264
0.0269084
0.147406
0.126786
0.171722
0.130829
0.118267
0.117778
0.131813
0.148258
0.168029
0.104163
0.13886
0.0205801
0.149655
0.147356
0.130333
0.0729418
0.131182
0.15049
0.134248
0.103204
0.105321
0.107061
0.155814
0.174276
0.145821
0.147948
0.140205
0.136081
0.136309
0.133306
0.080779
0.0992805
0.0712482
0.100809
0.0490487
0.0696618
0.149735
0.0957148
0.122773
0.150191
0.0691386
0.102753
0.0669532
0.124409
0.125274
0.152071
0.105324
0.139124
0.0414602
0.097248
0.141115
0.137316
0.137005
0.0360673
0.1489
0.152395
0.101257
0.0857433
0.151707
0.0243235
0.0482307
0.0942967
0.0998879
0.114778
0.0761928
0.136892
0.148073
0.147706
0.15007
0.0822607
0.154339
0.145788
0.0993783
0.103347
0.150992
0.135555
0.108129
0.115384
0.125387
0.111302
0.0888151
0.12687
0.0416701
0.103544
0.098922
0.0972716
0.0652315
0.115117
0.0874831
0.126882
0.141806
0.12788
0.140763
0.104837
0.101808
0.0280409
0.0625725
0.133647
0.11273
0.134728
0.0901394
0.148078
0.115642
0.118722
0.129978
0.0976342
0.11791
0.179081
0.148246
0.0790341
0.0502506
0.134431
0.135138
0.136461
0.103502
0.148587
0.127917
0.0719187
0.101248
0.118194
0.10784
0.100007
0.129966
0.148074
0.0208605
0.0475332
0.118342
0.0964789
0.106869
0.022236
0.020246
0.152693
0.101788
0.164328
0.136509
0.158901
0.104166
0.132988
0.13174
0.106415
0.0815757
0.0697989
0.100049
0.148122
0.132029
0.0160893
0.152292
0.13212
0.150193
0.0598679
0.127905
0.118028
0.102101
0.0509164
0.148127
0.0729332
0.151328
0.0253801
0.0586656
0.149396
0.048325
0.0422314
0.109753
0.145095
0.116578
0.12865
0.145617
0.137612
0.0512679
0.0247985
0.138065
0.0685362
0.130926
0.106407
0.0727878
0.0963881
0.103835
0.131307
0.0495456
0.02645
0.121347
0.0489182
0.115192
0.112289
0.0947329
0.0429197
0.151207
0.102725
0.136715
0.130466
0.146064
0.032602
0.120041
0.110949
0.0902149
0.0766946
0.0697756
0.128553
0.0910271
0.0935376
0.118878
0.151994
0.0223356
0.0506698
0.0944557
0.145363
0.022683
0.0935147
0.104402
0.0682723
0.136212
0.116343
0.142716
0.140141
0.15239
0.14507
0.120792
0.142356
0.039995
0.0258995
0.0656731
0.148722
0.132696
0.127245
0.104317
0.134823
0.141281
0.026091
0.148254
0.14576
0.104379
0.166626
0.0437
0.0903278
0.136044
0.0904706
0.0869739
0.102029
0.0994481
0.0924664
0.0689234
0.0914921
0.126297
0.102976
0.0640702
0.149286
0.161323
0.149764
0.075429
0.102692
0.146184
0.148428
0.14842
0.13405
0.149232
0.149892
0.0905296
0.10153
0.110489
0.0742081
0.148564
0.102286
0.0863696
0.0901501
0.127141
0.0561178
0.0444071
0.119434
0.0791968
0.0690517
0.145296
0.0963201
0.126097
0.144842
0.148608
0.0777755
0.0484605
0.131424
0.130219
0.0776358
0.148804
0.151752
0.0250436
0.13973
0.079177
0.0930914
0.119049
0.0808809
0.085269
0.0786558
0.116711
0.143747
0.122423
0.0827499
0.0988659
0.0412864
0.135122
0.137471
0.0915916
0.0535496
0.123151
0.142462
0.147734
0.147976
0.131145
0.0348252
0.130196
0.123445
0.074362
0.105357
0.0758501
0.0894045
0.067014
0.153611
0.103501
0.142729
0.115424
0.136129
0.149513
0.122525
0.0710536
0.0277388
0.0699826
0.126373
0.156984
0.0710407
0.130341
0.124547
0.0767751
0.150714
0.0653346
0.0739271
0.0919799
0.13199
0.0686984
0.0854922
0.150532
0.0885644
0.134511
0.0490087
0.112354
0.165667
0.0692056
0.0621256
0.115068
0.0662118
0.112696
0.130575
0.08672
0.0781185
0.14846
0.0619493
0.105871
0.101788
0.0501162
0.113539
0.16451
0.129815
0.0680944
0.0211087
0.139615
0.1317
0.148203
0.105487
0.0834707
0.123733
0.0985937
0.0795995
0.0719457
0.149181
0.0760013
0.0931178
0.0958126
0.12672
0.0500473
0.040918
0.110859
0.106462
0.118526
0.0784548
0.121531
0.114082
0.112843
0.135897
0.167732
0.159316
0.0774821
0.101027
0.0941544
0.116887
0.117799
0.0925748
0.0232297
0.129043
0.0268908
0.0758752
0.132822
0.120444
0.06404
0.0978852
0.139196
0.149116
0.041035
0.0942353
0.0838286
0.0759226
0.123418
0.0573315
0.1471
0.132876
0.0717974
0.0852663
0.0864474
0.0961122
0.0859183
0.131936
0.0504191
0.132647
0.0919671
0.132281
0.0235079
0.0949563
0.0402456
0.105328
0.079847
0.0913244
0.116324
0.119428
0.0745817
0.119919
0.149344
0.129441
0.124756
0.0525279
0.0237136
0.157317
0.0982793
0.148225
0.141845
0.0571578
0.0849214
0.146007
0.130158
0.0574975
0.05577
0.127267
0.127738
0.0875639
0.134287
0.144119
0.138131
0.0745399
0.114274
0.136061
0.0209689
0.115755
0.133402
0.0948593
0.13098
0.0763471
0.149913
0.112274
0.0582922
0.132617
0.135566
0.131975
0.140655
0.0489758
0.0499977
0.1496
0.075273
0.0685479
0.0588548
0.0769568
0.0756005
0.0671093
0.100895
0.0176286
0.132315
0.0260392
0.0776252
0.0662109
0.121702
0.105942
0.0570368
0.104101
0.104282
0.0344741
0.0912689
0.103769
0.147374
0.129773
0.148065
0.0966246
0.128682
0.103648
0.0640914
0.147662
0.123965
0.147819
0.121709
0.0732323
0.149079
0.0276777
0.102843
0.143635
0.116457
0.106286
0.0559877
0.0949843
0.116645
0.0956327
0.147981
0.120037
0.0839259
0.110291
0.143242
0.119011
0.0842059
0.141114
0.145707
0.0732923
0.131685
0.151245
0.0931929
0.149206
0.0850301
0.124589
0.0683293
0.05677
0.149565
0.0405777
0.129067
0.112911
0.114051
0.0610701
0.0962687
0.0534015
0.121446
0.0546529
0.0579955
0.121815
0.151268
0.142998
0.11851
0.058783
0.126554
0.146508
0.149931
0.113878
0.116265
0.097911
0.0619218
0.026774
0.1335
0.10439
0.128534
0.148502
0.0476758
0.0709408
0.152753
0.0651701
0.0217651
0.131287
0.133814
0.118533
0.095507
0.145133
0.0988765
0.117812
0.0567976
0.0403838
0.10276
0.0405669
0.129188
0.0929468
0.0550008
0.034841
0.114909
0.051846
0.111384
0.0851454
0.0797099
0.140527
0.0676337
0.0707696
0.096949
0.0902932
0.105275
0.0810844
0.139448
0.111121
0.154399
0.134271
0.135549
0.117691
0.102161
0.12943
0.12511
0.058968
0.0721497
0.141838
0.0622622
0.070818
0.0240422
0.147783
0.121949
0.0667107
0.116397
0.0283339
0.0787689
0.134572
0.154556
0.130335
0.149074
0.149118
0.130241
0.0862176
0.0214681
0.127461
0.128924
0.13806
0.148004
0.063369
0.134687
0.15113
0.139407
0.105207
0.132012
0.115043
0.151156
0.0769717
0.136681
0.133069
0.130754
0.13147
0.122491
0.0682515
0.125701
0.103115
0.0630506
0.126909
0.0359
0.138896
0.0582783
0.127122
0.0807877
0.111961
0.131854
0.124421
0.123906
0.112472
0.0782283
0.0209224
0.0150108
0.027955
0.0580565
0.145065
0.136577
0.0589121
0.119382
0.148659
0.0247428
0.149186
0.0865763
0.132402
0.100719
0.131388
0.0639759
0.131014
0.123842
0.130931
0.0593291
0.0703838
0.0468157
0.0475471
0.116644
0.143292
0.148086
0.156163
0.0653965
0.152059
0.124489
0.0389134
0.125117
0.117746
0.0700086
0.132771
0.100542
0.148614
0.154709
0.111273
0.110213
0.131356
0.14487
0.158903
0.0265998
0.036308
0.14683
0.0253743
0.0483698
0.0452981
0.149062
0.0602832
0.114582
0.149135
0.0913904
0.128124
0.0626527
0.037641
0.0978952
0.0658768
0.154936
0.133054
0.131092
0.13075
0.0627914
0.13938
0.0799387
0.174742
0.0962466
0.128342
0.149864
0.122754
0.147738
0.116384
0.0769172
0.0705633
0.149007
0.0590246
0.150178
0.0521148
0.0613864
0.105451
0.144551
0.149229
0.0841613
0.050188
0.143865
0.107295
0.115176
0.148388
0.149955
0.148669
0.139606
0.0576819
0.098419
0.128593
0.148667
0.117965
0.0701828
0.0624537
0.125007
0.058652
0.147099
0.120809
0.0359315
0.0751042
0.0517783
0.0574563
0.14861
0.149804
0.148786
0.12222
0.0456765
0.0714516
0.0930501
0.0789112
0.157161
0.11718
0.0494084
0.113522
0.0755702
0.105822
0.149125
0.0585953
0.0364943
0.0630846
0.03668
0.0784196
0.105869
0.15228
0.0369261
0.129381
0.145551
0.0690499
0.0588185
0.103072
0.14428
0.0986023
0.0424102
0.118811
0.118585
0.116801
0.125381
0.137331
0.0358538
0.11182
0.0673976
0.0584236
0.0710262
0.0196239
0.0285481
0.118486
0.103264
0.0355294
0.0502817
0.0218757
0.0271413
0.149887
0.0273647
0.0690051
0.148819
0.0680469
0.0850641
0.0549557
0.0607428
0.0525077
0.0709639
0.0582898
0.113355
0.0398608
0.148126
0.147398
0.0733537
0.0653212
0.150108
0.161633
0.0637977
0.0612538
0.103267
0.0536072
0.117044
0.0801146
0.149056
0.0593297
0.144186
0.119325
0.149909
0.0966503
0.0874233
0.146727
0.0703785
0.0720137
0.101383
0.119663
0.114938
0.147776
0.121634
0.0217393
0.143827
0.113618
0.0553606
0.0299264
0.130935
0.05351
0.146098
0.132906
0.130955
0.114104
0.0825081
0.126452
0.128135
0.0728331
0.102212
0.0684435
0.12067
0.0848085
0.119969
0.155571
0.113798
0.0530981
0.151266
0.0270766
0.103258
0.0408119
0.0762711
0.0841796
0.147939
0.148844
0.152078
0.0581181
0.0296855
0.13062
0.0352265
0.0399887
0.0831139
0.0169648
0.0826795
0.0718049
0.0534574
0.144056
0.0460485
0.0830276
0.115367
0.0209373
0.0562874
0.149508
0.0718543
0.0625518
0.112967
0.0445426
0.08122
0.123896
0.148064
0.0165698
0.0415192
0.0229424
0.140895
0.0822889
0.0375002
0.1367
0.148849
0.0649296
0.119473
0.165486
0.0414865
0.0371795
0.150127
0.109463
0.0727224
0.113354
0.102513
0.0247687
0.0795136
0.0626361
0.121304
0.034001
0.144241
0.133588
0.0993304
0.0856273
0.0874059
0.13049
0.111286
0.146946
0.0288202
0.0788083
0.13117
0.0209859
0.147055
0.0303539
0.124971
0.147739
0.119859
0.0352576
0.030085
0.0689734
0.0387114
0.0423897
0.0376897
0.111022
0.0404119
0.0908105
0.145506
0.14748
0.0297856
0.0378495
0.130753
0.0804358
0.0365235
0.0419922
0.0501411
0.135374
0.0352261
0.0277056
0.11653
0.0291982
0.0769884
0.143588
0.0226562
0.116871
0.0568699
0.131662
0.0905837
0.114518
0.122654
0.0340341
0.043748
0.124819
0.1011
0.129216
0.129378
0.0505561
0.0587654
0.0562873
0.0956897
0.0574943
0.0357352
0.128991
0.0403126
0.034826
0.132598
0.091146
0.103747
0.148583
0.111219
0.148487
0.0805866
0.0659692
0.147502
0.0296593
0.0531378
0.0452705
0.0792839
0.131068
0.0914646
0.0437309
0.128717
0.157072
0.0919491
0.0797011
0.0417199
0.0202437
0.148881
0.0617805
0.0562474
0.0343023
0.129014
0.154825
0.143507
0.147676
0.132188
0.123458
0.0603665
0.148486
0.148721
0.0694457
0.0512247
0.122679
0.0565951
0.142775
0.0443963
0.0398935
0.0864381
0.150381
0.123675
0.0298105
0.149888
0.134976
0.142378
0.0721219
0.121026
0.0498896
0.0782911
0.129909
0.118847
0.156461
0.0863836
0.124338
0.113183
0.0875167
0.086096
0.059952
0.0426347
0.0309621
0.148915
0.115678
0.123208
0.0328034
0.0155609
0.0199556
0.0694401
0.0375831
0.0981315
0.0184181
0.148387
0.0389485
0.0391087
0.0854902
0.0335915
0.100102
0.037485
0.112534
0.14277
0.0270747
0.121828
0.0989296
0.0304209
0.0620684
0.147843
0.0243495
0.105854
0.0300479
0.131169
0.132647
0.0359509
0.0556069
0.111044
0.0955368
0.134078
0.0736506
0.14892
0.0313402
0.0232443
0.0639279
0.144536
0.0838107
0.0421498
0.0214026
0.0794091
0.149258
0.0729475
0.0347053
0.123705
0.0842871
0.136925
0.128176
0.0895259
0.0401082
0.109433
0.038918
0.0248361
0.057094
0.133279
0.027384
0.0397722
0.0428301
0.132971
0.121373
0.0849525
0.149224
0.0400303
0.126076
0.141095
0.132735
0.146208
0.0427953
0.133387
0.147297
0.113477
0.0237438
0.0419193
0.0258443
0.0213896
0.0277073
0.0261779
0.0507784
0.0213185
0.094821
0.127681
0.120176
0.129955
0.0217332
0.0424659
0.0364604
0.130065
0.144493
0.0632142
0.149705
0.0835411
0.0241358
0.0235051
0.0930124
0.103802
0.0486891
0.0336554
0.0427987
0.030758
0.119351
0.0710649
0.0752789
0.14847
0.0417798
0.151977
0.147672
0.143622
0.0562639
0.148728
0.150041
0.0849196
0.0840562
0.0320517
0.110961
0.0209557
0.128343
0.145814
0.0715779
0.144245
0.151481
0.0809935
0.0433376
0.0469166
0.0701136
0.151298
0.0666289
0.13073
0.113737
0.129859
0.130828
0.0873558
0.0440795
0.0310226
0.0474056
0.155067
0.092242
0.040877
0.102941
0.0368206
0.138643
0.146151
0.0190622
0.148073
0.061957
0.14902
0.058213
0.148259
0.0495989
0.148961
0.0304774
0.149199
0.114344
0.0325963
0.117993
0.0380512
0.145412
0.0920671
0.127058
0.147788
0.0445682
0.037113
0.124544
0.143594
0.144457
0.0442345
0.0225649
0.119031
0.0365666
0.127316
0.0413016
0.0689176
0.11422
0.142602
0.0829831
0.123961
0.0232731
0.124642
0.0540301
0.0437402
0.0353978
0.128876
0.0616661
0.149126
0.14542
0.138336
0.0459084
0.11859
0.0258499
0.12581
0.149801
0.0446315
0.03637
0.101077
0.129427
0.136267
0.0725912
0.142665
0.0807693
0.095331
0.0870818
0.1499
0.113393
0.147834
0.105396
0.145798
0.0359339
0.0362013
0.115455
0.0424018
0.0650954
0.118179
0.0576666
0.0827311
0.142396
0.11585
0.148214
0.122348
0.0687394
0.0225142
0.143878
0.0301122
0.070759
0.129491
0.114409
0.0365186
0.140758
0.0988337
0.113866
0.124627
0.0579625
0.0576979
0.0386977
0.117652
0.119498
0.109735
0.0938156
0.11664
0.143532
0.133874
0.149354
0.0364567
0.142642
0.0720448
0.147454
0.0376052
0.0293583
0.0690531
0.108302
0.115668
0.14913
0.1485
0.147802
0.0695254
0.0305662
0.0281926
0.102296
0.0549801
0.133486
0.148913
0.147583
0.140759
0.0864906
0.040627
0.077499
0.11632
0.096596
0.132559
0.0382054
0.118641
0.131726
0.0374618
0.14236
0.14247
0.1485
0.0294227
0.128761
0.0335145
0.015632
0.0286961
0.12302
0.0999748
0.0228352
0.140421
0.0324631
0.105881
0.123456
0.145715
0.0939383
0.139496
0.148368
0.0866323
0.128352
0.131392
0.138972
0.148973
0.133162
0.0708466
0.144121
0.0297197
0.153358
0.0580233
0.0677385
0.0428455
0.0296965
0.144791
0.174253
0.142651
0.118589
0.115008
0.0196317
0.153259
0.0597413
0.0792075
0.0284404
0.132542
0.0159548
0.0405553
0.0378498
0.148728
0.0587527
0.149009
0.0458896
0.131976
0.129639
0.0301293
0.128053
0.130522
0.0689797
0.108415
0.112996
0.0524318
0.128188
0.0981559
0.0394252
0.0255083
0.0242089
0.106633
0.147682
0.0696809
0.0950244
0.105188
0.0838089
0.123288
0.026517
0.141832
0.0662442
0.122242
0.0950104
0.0465446
0.0683799
0.140632
0.0373198
0.0401246
0.130906
0.139305
0.0448433
0.145255
0.141194
0.135697
0.11559
0.0885503
0.0148498
0.0519819
0.13154
0.0576754
0.053844
0.123272
0.148014
0.146735
0.0659557
0.119282
0.0668116
0.148932
0.15611
0.141943
0.12273
0.127067
0.108906
0.140084
0.0705223
0.147883
0.119825
0.0661255
0.0498966
0.0489711
0.143556
0.127277
0.151986
0.157541
0.157571
0.0984421
0.144173
0.0156699
0.0450184
0.131
0.0753228
0.141564
0.0980874
0.130558
0.137904
0.138542
0.090172
0.128454
0.0683687
0.034721
0.0150124
0.131556
0.143887
0.138798
0.137638
0.147925
0.0576393
0.0782782
0.148777
0.123644
0.0407208
0.0549177
0.0466609
0.132852
0.056991
0.122539
0.0410189
0.120836
0.122658
0.0371195
0.130974
0.147044
0.136588
0.043528
0.114342
0.123034
0.161415
0.130136
0.145087
0.121214
0.154794
0.124903
0.142609
0.127943
0.135714
0.125958
0.0435979
0.122467
0.0177357
0.0647086
0.125558
0.11838
0.118559
0.0495495
0.137701
0.130813
0.0664521
0.131709
0.147752
0.0920617
0.141644
0.0913093
0.0785057
0.143937
0.125934
0.123298
0.132131
0.144379
0.0395501
0.114635
0.0551577
0.103509
0.101464
0.165435
0.0425237
0.0701136
0.115134
0.127489
0.125554
0.125827
0.076998
0.0266642
0.113681
0.0405003
0.147864
0.131502
0.114411
0.0625795
0.0274871
0.145012
0.147134
0.0259485
0.14616
0.128304
0.0978831
0.0854348
0.0462079
0.10576
0.147698
0.137847
0.13286
0.057028
0.0394938
0.13201
0.05848
0.0852868
0.0994065
0.122832
0.140378
0.0320139
0.12236
0.139812
0.125247
0.122476
0.0902556
0.136983
0.0341271
0.092076
0.067187
0.122192
0.0431792
0.143866
0.129674
0.12574
0.0405981
0.137655
0.0574044
0.142113
0.115367
0.149898
0.0581739
0.118415
0.133874
0.133735
0.0484629
0.0353014
0.0561957
0.138205
0.126059
0.0783985
0.109573
0.122323
0.134071
0.0890487
0.0781025
0.117879
0.146257
0.0942251
0.147564
0.120063
0.0547168
0.0556283
0.12627
0.0572638
0.0388762
0.149437
0.141274
0.120105
0.0839232
0.131097
0.0783818
0.137143
0.107237
0.0758582
0.0607499
0.0774683
0.0495008
0.0573715
0.119528
0.0367369
0.130363
0.0339989
0.0458372
0.130825
0.111453
0.0578348
0.145088
0.0571687
0.0526026
0.0879589
0.107675
0.0678284
0.0530473
0.141845
0.0497532
0.127299
0.0603921
0.145203
0.0421706
0.146503
0.141623
0.171344
0.0265766
0.125347
0.135043
0.150996
0.0230897
0.118036
0.143635
0.0780996
0.0933172
0.100485
0.0699813
0.100455
0.138427
0.0295705
0.116326
0.0812381
0.0918747
0.0461744
0.141913
0.101798
0.0582529
0.124243
0.135523
0.136418
0.150905
0.0808608
0.0982776
0.141102
0.0308473
0.113123
0.103584
0.150362
0.144461
0.127981
0.147362
0.119463
0.0232488
0.144115
0.138627
0.142611
0.0562099
0.026432
0.141722
0.14415
0.0262414
0.0865697
0.0638139
0.115498
0.149503
0.147075
0.137549
0.0146363
0.125537
0.0271708
0.026832
0.0907248
0.114036
0.125744
0.0905874
0.120352
0.0442458
0.0156306
0.12888
0.0962312
0.145762
0.022457
0.130804
0.146918
0.0204775
0.0544906
0.129216
0.144378
0.0804453
0.0329518
0.134079
0.100853
0.143072
0.0248505
0.0126847
0.0426865
0.0213767
0.052863
0.139216
0.0553844
0.14549
0.026235
0.133613
0.021001
0.0228768
0.157251
0.0448121
0.0548876
0.0859806
0.149766
0.0288386
0.0170799
0.133833
0.0390395
0.121817
0.080994
0.132604
0.104268
0.121595
0.13864
0.0783258
0.0360455
0.140895
0.0166001
0.111691
0.14219
0.0256206
0.0419549
0.0265767
0.0259374
0.0345874
0.0534884
0.100689
0.0755043
0.116964
0.0298469
0.142607
0.115539
0.0687682
0.135352
0.127571
0.034449
0.0478333
0.0212492
0.0269194
0.107479
0.153387
0.0851956
0.0352486
0.0559371
0.115554
0.144087
0.0608896
0.11566
0.123115
0.0373828
0.130038
0.0407484
0.0593445
0.0969376
0.151373
0.0262813
0.0987744
0.128737
0.152725
0.145493
0.093703
0.142368
0.142352
0.137378
0.0781419
0.14713
0.165751
0.0276393
0.0430477
0.116794
0.122587
0.0982676
0.111982
0.0955131
0.0649646
0.150343
0.0407451
0.030853
0.0588612
0.0469965
0.0580296
0.0330483
0.130439
0.122784
0.0695501
0.130857
0.0887235
0.0224242
0.112279
0.164266
0.143048
0.0984906
0.144876
0.130053
0.105044
0.15503
0.0858822
0.109321
0.0697736
0.117205
0.0800818
0.124042
0.126506
0.143731
0.144622
0.13436
0.0651112
0.117655
0.0964336
0.0238222
0.0744464
0.0548465
0.125562
0.165519
0.0181773
0.0286989
0.0965236
0.0451614
0.134072
0.0268955
0.0703245
0.12574
0.0741279
0.140571
0.0959975
0.146785
0.058607
0.0369987
0.0251976
0.0164059
0.150717
0.0234605
0.0469938
0.0977874
0.0307927
0.132098
0.0315639
0.100697
0.0440907
0.0448151
0.1284
0.116531
0.134814
0.0388943
0.111702
0.0228415
0.0825516
0.135869
0.0676508
0.15807
0.155679
0.133918
0.0848345
0.0147879
0.0153502
0.0414448
0.138775
0.118858
0.144127
0.125366
0.0556623
0.133928
0.0721339
0.156925
0.126687
0.0580422
0.114305
0.0379527
0.0416987
0.130281
0.090271
0.143649
0.0425739
0.122665
0.12701
0.0593961
0.0946872
0.130734
0.158292
0.101247
0.052804
0.132874
0.145047
0.12286
0.0898386
0.132806
0.0682342
0.0383405
0.0802877
0.146819
0.138817
0.1558
0.114106
0.100552
0.0892251
0.153108
0.0976356
0.118858
0.133217
0.129821
0.123996
0.14752
0.0509091
0.122907
0.0657627
0.0569465
0.106593
0.112137
0.0609457
0.139705
0.0976168
0.0302974
0.107273
0.0915639
0.029339
0.0832716
0.0501107
0.0320114
0.0958203
0.0288591
0.104016
0.0425663
0.116643
0.143594
0.13458
0.0148945
0.143618
0.123371
0.0927866
0.141442
0.0536325
0.0452842
0.0404382
0.0250516
0.0432232
0.121152
0.135142
0.113557
0.126627
0.0786504
0.152255
0.152192
0.112043
0.01622
0.113238
0.0980119
0.0569857
0.127571
0.0388835
0.127526
0.139838
0.110082
0.0195644
0.170663
0.0936733
0.113447
0.0946136
0.113631
0.133947
0.0743015
0.0929669
0.13054
0.130222
0.11082
0.0549416
0.0918428
0.135296
0.0999924
0.0430362
0.0333567
0.134819
0.0335442
0.11841
0.128484
0.135329
0.0620543
0.122196
0.0418987
0.10546
0.120566
0.136582
0.0445542
0.0750063
0.135408
0.0685782
0.122344
0.0582808
0.136105
0.112152
0.0967615
0.121647
0.052691
0.133892
0.123514
0.0936661
0.131829
0.0996075
0.0903664
0.125859
0.0901056
0.121292
0.0590889
0.050745
0.027668
0.079008
0.121213
0.150301
0.139724
0.118339
0.088238
0.0683751
0.0499117
0.1425
0.100278
0.0220829
0.0257071
0.0427289
0.139473
0.150177
0.106022
0.14086
0.132332
0.133329
0.0248428
0.0380732
0.132651
0.126373
0.158591
0.103934
0.0878821
0.127081
0.063245
0.128927
0.125464
0.138209
0.143875
0.0755904
0.0780682
0.0782094
0.115689
0.108132
0.09267
0.128265
0.0947165
0.0941107
0.125583
0.130997
0.1448
0.134375
0.05693
0.0683855
0.0340749
0.0340379
0.103805
0.124141
0.0219362
0.129484
0.0307319
0.145903
0.0496129
0.100477
0.130946
0.0999984
0.133222
0.13834
0.139922
0.0964613
0.100715
0.109544
0.0381145
0.0904983
0.0502851
0.0245719
0.0902117
0.125198
0.126691
0.0837136
0.0245398
0.0385028
0.138303
0.108387
0.0254873
0.13107
0.127997
0.151907
0.125529
0.112471
0.0905068
0.0406355
0.106514
0.0906712
0.0927149
0.112452
0.117073
0.0423467
0.0332448
0.128925
0.0747869
0.126946
0.129035
0.0530437
0.0456284
0.132684
0.0995878
0.137085
0.0354784
0.134544
0.130789
0.0726046
0.02359
0.0492884
0.0672855
0.102508
0.151279
0.128104
0.0569048
0.0624433
0.109753
0.138273
0.102143
0.134792
0.116075
0.140257
0.0781879
0.118201
0.125034
0.130752
0.0772984
0.109852
0.0904053
0.129519
0.0674705
0.120325
0.129367
0.144768
0.123417
0.0222049
0.127606
0.0251663
0.0937969
0.135954
0.115388
0.140375
0.0998255
0.0565885
0.143291
0.0359754
0.134464
0.100527
0.151216
0.130402
0.0506781
0.0846966
0.0555131
0.057464
0.0897259
0.124231
0.0618138
0.14882
0.0223779
0.114265
0.103622
0.0482399
0.0754709
0.0278918
0.128944
0.134363
0.11955
0.0346232
0.0332267
0.111018
0.0495158
0.086017
0.131117
0.136016
0.11287
0.102922
0.0346055
0.139638
0.07822
0.093808
0.0871328
0.029377
0.11255
0.0878936
0.14638
0.0429227
0.0427237
0.0221233
0.0654549
0.140047
0.0231996
0.10038
0.129801
0.0146442
0.0685892
0.144201
0.0725538
0.150658
0.129061
0.14731
0.128613
0.0404256
0.122564
0.115383
0.126182
0.120497
0.131566
0.0678538
0.121114
0.122464
0.130821
0.110667
0.0482142
0.134188
0.078978
0.0715644
0.106486
0.129122
0.0664564
0.126916
0.0762631
0.0327232
0.0471248
0.0648145
0.131179
0.0996158
0.153712
0.106443
0.137428
0.102514
0.0948813
0.0348621
0.115069
0.119545
0.0930283
0.129812
0.127346
0.124792
0.125776
0.0459014
0.14179
0.138257
0.10434
0.107079
0.0957058
0.108211
0.11859
0.0985281
0.0544865
0.133572
0.0897902
0.0281006
0.0938757
0.128865
0.114671
0.117358
0.141574
0.109711
0.113355
0.0632492
0.0342046
0.077103
0.0770435
0.107055
0.140034
0.11054
0.0910472
0.118989
0.065001
0.058822
0.0672353
0.116374
0.025086
0.0996826
0.0453924
0.0609196
0.0789819
0.088016
0.0546851
0.112163
0.13784
0.128469
0.107167
0.117574
0.147084
0.114302
0.129866
0.126215
0.135331
0.0988196
0.0356558
0.100613
0.0378342
0.11345
0.125175
0.065763
0.136147
0.131975
0.0479561
0.116029
0.121401
0.131486
0.0670087
0.12629
0.0454221
0.132888
0.133898
0.0996877
0.0608683
0.131747
0.097909
0.120614
0.0889673
0.14876
0.0668236
0.101479
0.111037
0.0809413
0.0917689
0.0666613
0.0626693
0.137772
0.0549466
0.126392
0.101301
0.0956222
0.141499
0.0458726
0.0249695
0.127894
0.0924864
0.126918
0.174418
0.0885262
0.0650873
0.125863
0.0130886
0.102587
0.1175
0.110707
0.0239169
0.0526323
0.139716
0.0311349
0.13497
0.0764666
0.0860014
0.0639804
0.0570535
0.113179
0.121011
0.127174
0.0495777
0.105973
0.0382211
0.0243299
0.0905417
0.0757031
0.119411
0.0412173
0.0671241
0.0311035
0.0127352
0.131243
0.042053
0.133725
0.0628466
0.12869
0.11773
0.115602
0.0361409
0.0627612
0.13234
0.127346
0.0247058
0.0883127
0.0557258
0.0800271
0.143415
0.0550471
0.12608
0.117326
0.114617
0.130141
0.135697
0.134832
0.0783678
0.0658202
0.0972142
0.107207
0.106382
0.12753
0.0853017
0.093118
0.102693
0.0512728
0.123822
0.151486
0.0919496
0.0665834
0.0623841
0.0212733
0.0774779
0.0791194
0.0723346
0.0941556
0.106708
0.124061
0.127945
0.0359082
0.109315
0.0848894
0.133109
0.0930054
0.0527839
0.0446752
0.0194575
0.0326499
0.101955
0.0237383
0.0841957
0.127589
0.115404
0.127445
0.0748374
0.0808415
0.0284169
0.10954
0.0897549
0.0416121
0.101617
0.096419
0.136763
0.134477
0.0954579
0.143438
0.130935
0.0197438
0.130364
0.0578835
0.0696221
0.111822
0.0368472
0.130533
0.132843
0.0836451
0.132436
0.121736
0.0602094
0.142073
0.0435904
0.113184
0.138144
0.0956399
0.128722
0.0367136
0.140956
0.092494
0.119692
0.0643194
0.124087
0.124628
0.0134499
0.137909
0.0149564
0.139775
0.0855374
0.0389432
0.0922517
0.0630785
0.0980473
0.0390402
0.0148584
0.0661645
0.166852
0.0754217
0.0886904
0.131259
0.0264
0.0210661
0.0238697
0.0606027
0.139888
0.0824115
0.0947363
0.023162
0.0711955
0.0288629
0.0771641
0.103359
0.125403
0.134873
0.119184
0.0367987
0.0659358
0.037936
0.0263538
0.0224649
0.0950584
0.140531
0.0229647
0.0999812
0.0666711
0.135423
0.0402321
0.0896835
0.0266444
0.122907
0.0478172
0.0906172
0.0923688
0.0820593
0.115849
0.110711
0.0396704
0.111946
0.114801
0.111789
0.102629
0.115133
0.11191
0.116864
0.123347
0.135527
0.140042
0.0276507
0.0260152
0.0947201
0.0943585
0.117097
0.131587
0.0701537
0.123416
0.0319257
0.0393355
0.0233658
0.0612194
0.135406
0.0672181
0.0164608
0.0374739
0.126509
0.091626
0.0412155
0.120172
0.102714
0.119132
0.026145
0.0939871
0.14168
0.10385
0.0628773
0.0815048
0.142571
0.0539871
0.127505
0.118368
0.0472569
0.150504
0.108106
0.113429
0.0377459
0.0252846
0.128813
0.0813784
0.0976544
0.133571
0.0931845
0.0724226
0.134113
0.105362
0.0438505
0.0476115
0.115144
0.11382
0.134933
0.034956
0.124026
0.0860068
0.0991541
0.0408562
0.0975224
0.099352
0.119181
0.120072
0.0604812
0.12094
0.0714312
0.127978
0.119319
0.111329
0.0285751
0.10758
0.125657
0.1044
0.11006
0.122515
0.129106
0.0588393
0.0861642
0.132497
0.119644
0.0344445
0.123567
0.0383825
0.112139
0.127669
0.0233173
0.0225056
0.127587
0.114386
0.0907205
0.133504
0.0430025
0.0710788
0.11058
0.0807991
0.0929532
0.0966728
0.0695846
0.110407
0.133819
0.136136
0.0924444
0.121906
0.0817581
0.131299
0.134951
0.024938
0.120126
0.114626
0.152828
0.101132
0.0786283
0.0925423
0.0952758
0.0311555
0.095145
0.10522
0.132589
0.0785632
0.04815
0.140135
0.0244586
0.135152
0.122189
0.0617531
0.0671901
0.0994846
0.129635
0.117888
0.128324
0.0682976
0.128037
0.0829881
0.0345046
0.13452
0.0970669
0.0402238
0.0966616
0.113692
0.0629693
0.1049
0.0646187
0.12599
0.133736
0.0704648
0.0317674
0.0668136
0.0590812
0.0404938
0.0965674
0.0392981
0.123982
0.0635912
0.0738583
0.0394033
0.10455
0.0311372
0.146555
0.0378709
0.089006
0.0573491
0.0550237
0.0664805
0.118892
0.0964216
0.0864911
0.108926
0.0643356
0.0776704
0.131595
0.0569169
0.10134
0.122315
0.0268918
0.0685691
0.119875
0.0375067
0.0306887
0.136568
0.0770522
0.112626
0.0230987
0.0631811
0.026546
0.0998998
0.0910451
0.112137
0.117312
0.097755
0.0832625
0.131808
0.0467109
0.150487
0.122015
0.137352
0.108813
0.125753
0.0887416
0.0617949
0.120218
0.11384
0.129807
0.134619
0.125158
0.0807518
0.13587
0.013616
0.114121
0.0645922
0.0877761
0.121374
0.104317
0.0954187
0.13151
0.0826831
0.128886
0.129488
0.0211412
0.120456
0.0377441
0.124486
0.120074
0.112741
0.0871696
0.023349
0.0858788
0.0482083
0.0439713
0.128919
0.0643645
0.0923972
0.127911
0.0146108
0.103685
0.0493307
0.0623957
0.0392916
0.0821449
0.113709
0.0907468
0.0430427
0.0912351
0.122004
0.0589717
0.0367127
0.0142122
0.097038
0.0382406
0.113829
0.0394511
0.0903879
0.0614695
0.139731
0.128277
0.118739
0.0994313
0.13239
0.0951868
0.0820544
0.0239629
0.0431011
0.106958
0.0377777
0.132871
0.0306691
0.115441
0.0628088
0.0896865
0.129765
0.0907906
0.11608
0.120627
0.0465318
0.128704
0.0392422
0.101912
0.0631938
0.0387185
0.0913792
0.0968065
0.0803431
0.0366519
0.112175
0.0658736
0.111485
0.112576
0.131567
0.0259743
0.0618792
0.105495
0.0261621
0.136111
0.0378538
0.129175
0.0883579
0.0203156
0.120947
0.0984527
0.107294
0.0902306
0.130029
0.122836
0.124926
0.100689
0.0939287
0.0300349
0.0476923
0.125129
0.0812065
0.0197717
0.105691
0.120576
0.109708
0.0844432
0.120096
0.139432
0.0137529
0.0932694
0.0994028
0.0648483
0.0428855
0.0884587
0.0440546
0.108323
0.0996321
0.115733
0.0823638
0.102613
0.100728
0.0875956
0.0238353
0.0942194
0.124052
0.068072
0.111056
0.0192745
0.123459
0.0950182
0.0651413
0.11795
0.0655291
0.127756
0.104517
0.0812991
0.127466
0.0608117
0.0527219
0.0759057
0.135885
0.120894
0.0415807
0.0139512
0.0533015
0.0873025
0.048078
0.0889501
0.124315
0.0355535
0.117262
0.138051
0.0758758
0.0826054
0.0818258
0.0324696
0.0799666
0.126002
0.135642
0.0990686
0.0788324
0.0804738
0.0925832
0.0417492
0.0595071
0.117765
0.0209657
0.040722
0.0925581
0.0775882
0.108305
0.0860233
0.10791
0.0801611
0.115641
0.0329495
0.0525646
0.0622297
0.0976818
0.0384686
0.110152
0.0218203
0.0564534
0.148416
0.0585022
0.0817988
0.078798
0.0773403
0.112109
0.0438465
0.048181
0.0419693
0.110017
0.106132
0.0606452
0.0619946
0.0393263
0.0702024
0.0801688
0.0859226
0.0566932
0.111277
0.0218876
0.0388285
0.114038
0.0642151
0.112761
0.0282382
0.0652207
0.0721281
0.0147042
0.0117478
0.0508791
0.0675785
0.126538
0.0432392
0.108091
0.0635426
0.099157
0.0452629
0.0453608
0.113084
0.101751
0.104462
0.0822331
0.121582
0.0355487
0.110079
0.0885758
0.07694
0.0842939
0.105522
0.109734
0.13619
0.0537369
0.0934183
0.0643495
0.0728934
0.124561
0.103907
0.0399097
0.11681
0.112776
0.0635138
0.117118
0.0710082
0.117334
0.121071
0.114051
0.0748809
0.0390072
0.125602
0.0513806
0.0867865
0.0824177
0.0831324
0.0287779
0.0394554
0.118071
0.0131972
0.0876334
0.123506
0.076424
0.139923
0.0625018
0.0217703
0.038084
0.0365298
0.0403606
0.0238907
0.0759814
0.0408859
0.0347424
0.0692224
0.115107
0.0775188
0.100438
0.112171
0.122936
0.095148
0.0351257
0.121863
0.0768066
0.0829646
0.0991369
0.0573814
0.0127131
0.106293
0.0660844
0.0942161
0.0940807
0.106985
0.0663524
0.136562
0.0579558
0.0333288
0.11757
0.0743084
0.0723122
0.107659
0.122861
0.0661412
0.0458196
0.0144816
0.0855286
0.128458
0.112689
0.0952566
0.026056
0.110465
0.0946314
0.0318277
0.104811
0.0775785
0.117666
0.0643503
0.10927
0.112198
0.0999169
0.0124256
0.11164
0.0423148
0.0567831
0.123738
0.085785
0.11276
0.0376932
0.123919
0.0996639
0.0399702
0.0984724
0.0201894
0.116976
0.05504
0.0398571
0.121129
0.100515
0.0947233
0.117829
0.0789516
0.106729
0.0778297
0.0902591
0.0239581
0.0797593
0.0835381
0.115664
0.0362543
0.102636
0.107232
0.100147
0.0804578
0.0792628
0.0873994
0.070974
0.0207134
0.105942
0.072388
0.0952243
0.0187677
0.0525375
0.049395
0.0623628
0.0772559
0.101754
0.0514631
0.105392
0.0759605
0.10305
0.0613494
0.0994424
0.0498336
0.106725
0.112262
0.101497
0.101481
0.0599104
0.112273
0.115108
0.110825
0.115535
0.0720159
0.11013
0.110194
0.0223346
0.107673
0.0920236
0.132558
0.112153
0.0512485
0.0187011
0.0311807
0.0905958
0.0790167
0.116594
0.125093
0.0559141
0.0982611
0.020717
0.104948
0.10909
0.127943
0.0129533
0.0367522
0.089638
0.102724
0.0969282
0.112134
0.111505
0.0391139
0.106915
0.105116
0.109273
0.0892574
0.100371
0.0950077
0.0533173
0.0680541
0.102872
0.0916191
0.0821787
0.0514306
0.0771313
0.0683754
0.0966331
0.0716257
0.0948057
0.0940232
0.0992875
0.0503969
0.0775339
0.103368
0.0983854
0.0629621
0.0400956
0.0765489
0.107996
0.0337057
0.0454691
0.0530708
0.0601147
0.0912686
0.0213374
0.0680033
0.0964509
0.046857
0.0932613
0.0979208
0.100833
0.0728446
0.101558
0.0834301
0.10678
0.101468
0.0307797
0.0883567
0.0605884
0.0688046
0.0509067
0.0509467
0.0951332
0.0856582
0.0529628
0.103147
0.0805867
0.0376429
0.0545296
0.0619695
0.0300111
0.117108
0.110446
0.0111908
0.088194
0.113849
0.0758409
0.0147954
0.0996508
0.0623159
0.100473
0.102493
0.108449
0.0850061
0.117105
0.0613861
0.0977034
0.0983805
0.0390361
0.0202819
0.0331614
0.0861468
0.0461366
0.0714348
0.0698413
0.0431181
0.0965762
0.103737
0.0867546
0.0402913
0.0636331
0.0834415
0.0887164
0.0156022
0.0705552
0.0984234
0.105031
0.101485
0.0805248
0.100116
0.0645648
0.0962809
0.0776975
0.0827187
0.0202199
0.0976239
0.0864034
0.109739
0.0843045
0.0854609
0.0203387
0.114389
0.0450297
0.0701912
0.012067
0.0657468
0.0737923
0.10297
0.0533882
0.0158918
0.0346622
0.0565178
0.114519
0.0513256
0.0413
0.069584
0.0542359
0.063811
0.0211439
0.106389
0.0326862
0.043938
0.0978461
0.0937221
0.084956
0.0659059
0.0221987
0.106043
0.0689317
0.10132
0.0807614
0.111532
0.0946818
0.0999547
0.106869
0.0128785
0.0578885
0.0130999
0.0977542
0.0113648
0.0633273
0.111748
0.105569
0.0905354
0.0934351
0.0967596
0.109229
0.0988537
0.09477
0.0552499
0.010827
0.0981796
0.111381
0.0338699
0.107759
0.106158
0.0627438
0.010329
0.0348252
0.108127
0.0895583
0.0960296
0.0849109
0.0292014
0.0904485
0.102195
0.0966845
0.0922378
0.10367
0.0711604
0.102578
0.0890597
0.0508608
0.109427
0.0224902
0.0784139
0.0985189
0.0869381
0.117449
0.0545782
0.0102604
0.0940456
0.102924
0.107702
0.0311346
0.105136
0.0844553
0.0736049
0.0673562
0.0448961
0.0861586
0.0676497
0.0953978
0.0595541
0.0610526
0.0673587
0.0949468
0.0891343
0.0388643
0.0931597
0.0328889
0.0269111
0.0692188
0.0740914
0.0917106
0.089763
0.0808006
0.0130539
0.0570881
0.0924829
0.0105295
0.0334398
0.0835208
0.0865678
0.0299171
0.0355391
0.0679719
0.0343391
0.054883
)
;


// ************************************************************************* //
