/*--------------------------------*- C++ -*----------------------------------*\
| =========                 |                                                 |
| \\      /  F ield         | OpenFOAM: The Open Source CFD Toolbox           |
|  \\    /   O peration     | Version:  v2012                                 |
|   \\  /    A nd           | Website:  www.openfoam.com                      |
|    \\/     M anipulation  |                                                 |
\*---------------------------------------------------------------------------*/
FoamFile
{
    version     2.0;
    format      ascii;
    class       volScalarField::Internal;
    location    "350";
    object      V0;
}
// * * * * * * * * * * * * * * * * * * * * * * * * * * * * * * * * * * * * * //

dimensions      [0 3 0 0 0 0 0];


value           nonuniform List<scalar> 
10042
(
0.191
0.0799061
0.0870437
0.136365
0.171495
0.145105
0.0585228
0.158395
0.188587
0.0524353
0.142012
0.0787619
0.0492061
0.152544
0.0844513
0.154044
0.116598
0.131665
0.0657687
0.0996988
0.0484015
0.199827
0.144127
0.132385
0.165145
0.17587
0.0678327
0.195875
0.143296
0.110294
0.15341
0.0346583
0.175919
0.16572
0.156096
0.142101
0.172355
0.154374
0.145469
0.205029
0.14137
0.176499
0.0387052
0.107934
0.139039
0.122685
0.169361
0.103143
0.0509109
0.0442442
0.0403848
0.164738
0.111528
0.0607527
0.0643324
0.033884
0.0467215
0.167122
0.0838436
0.192611
0.0577325
0.0628616
0.0390488
0.149883
0.138225
0.151203
0.0877267
0.142428
0.126598
0.140218
0.0367715
0.105129
0.160858
0.0860051
0.150824
0.0349387
0.116964
0.160608
0.111262
0.0598549
0.0987057
0.126655
0.187085
0.165397
0.0729444
0.0498988
0.0927676
0.0875584
0.139991
0.13885
0.0454066
0.0779247
0.0380832
0.0588799
0.133025
0.113318
0.0148288
0.0893009
0.115795
0.0856258
0.0502282
0.0596743
0.0982506
0.0351019
0.0595771
0.0995142
0.033081
0.159742
0.0547404
0.101772
0.114285
0.0543197
0.074419
0.148578
0.137935
0.165464
0.109706
0.172776
0.158809
0.171933
0.170873
0.0648357
0.0652234
0.137456
0.107654
0.158176
0.119493
0.0621077
0.023932
0.117403
0.171157
0.128175
0.15394
0.13434
0.0466472
0.0427304
0.0899851
0.0339927
0.0749952
0.123864
0.0429982
0.166666
0.0394104
0.198275
0.0615617
0.145335
0.0716501
0.164434
0.0929144
0.0847209
0.143479
0.164504
0.0636459
0.0356742
0.1347
0.0604493
0.0280175
0.0326025
0.146166
0.130738
0.166018
0.185487
0.0427409
0.14095
0.0790477
0.116021
0.188993
0.042348
0.168781
0.13548
0.138407
0.105795
0.0813696
0.160293
0.0578461
0.0754489
0.11407
0.172932
0.143575
0.116747
0.0788401
0.050189
0.0801168
0.173342
0.180201
0.0423208
0.0955406
0.141106
0.0355598
0.154709
0.0695291
0.0477878
0.164742
0.0578569
0.0620213
0.0720305
0.0206094
0.145238
0.0180598
0.141996
0.0235599
0.0411292
0.0937696
0.128516
0.117522
0.135707
0.132307
0.0439811
0.113445
0.0981202
0.0371612
0.133183
0.0927485
0.0991811
0.176364
0.147071
0.153047
0.0994152
0.146996
0.0280817
0.0220837
0.137617
0.0271905
0.132855
0.11158
0.0362111
0.101216
0.0848219
0.0770499
0.0715375
0.167778
0.120522
0.0426825
0.131941
0.110187
0.182535
0.0903504
0.0207468
0.0605065
0.136743
0.0967233
0.133338
0.177522
0.162626
0.0664752
0.171208
0.139173
0.0778996
0.0491717
0.144885
0.0648672
0.158384
0.10519
0.0526423
0.11144
0.0955101
0.128741
0.101906
0.0102115
0.15029
0.131228
0.151907
0.15202
0.173803
0.0406993
0.069622
0.13705
0.102501
0.154712
0.108591
0.1009
0.0421827
0.145273
0.0348543
0.106394
0.161634
0.0669056
0.130162
0.147456
0.0571249
0.140241
0.143301
0.0187622
0.0744315
0.175192
0.022798
0.108533
0.154721
0.164736
0.13638
0.0472784
0.111533
0.173857
0.132739
0.1294
0.12048
0.069412
0.10101
0.0957245
0.151958
0.0685033
0.0928003
0.127244
0.0911665
0.0930666
0.0480647
0.156571
0.164343
0.0660174
0.12326
0.142062
0.130388
0.130944
0.112079
0.109704
0.164895
0.113926
0.143148
0.137667
0.160507
0.147907
0.0354594
0.155417
0.12822
0.177385
0.168881
0.135703
0.128587
0.0919463
0.046029
0.135459
0.111005
0.161076
0.157315
0.135262
0.163466
0.0331787
0.126856
0.155303
0.11838
0.0415676
0.0480892
0.172186
0.144248
0.162746
0.172202
0.144352
0.156824
0.125493
0.0170918
0.0720628
0.135216
0.120721
0.145018
0.0708267
0.140127
0.101977
0.169903
0.0261262
0.166982
0.10611
0.158615
0.0765672
0.141242
0.107132
0.0730883
0.144608
0.127873
0.125579
0.0603922
0.145123
0.162511
0.140258
0.164122
0.0545608
0.130764
0.155965
0.0950121
0.0651167
0.0462898
0.113723
0.0921709
0.0780507
0.138238
0.0285262
0.165444
0.154882
0.165536
0.105358
0.148232
0.111609
0.0265886
0.0730211
0.143217
0.106166
0.052594
0.136257
0.153916
0.12983
0.0266174
0.144789
0.0235455
0.148576
0.0707181
0.0238674
0.135216
0.0398714
0.147843
0.100202
0.112935
0.109262
0.0542288
0.134572
0.0766063
0.149995
0.101144
0.0740805
0.0609692
0.143875
0.0909823
0.152537
0.0952104
0.163392
0.166378
0.0360647
0.101236
0.0852619
0.108478
0.126873
0.047056
0.100197
0.139941
0.0536005
0.0990316
0.137494
0.0751396
0.0416423
0.152587
0.156944
0.0326342
0.16358
0.114492
0.089415
0.031923
0.0380438
0.173402
0.141422
0.0403189
0.147989
0.169477
0.153912
0.065872
0.0724863
0.033692
0.109539
0.140296
0.140239
0.0261982
0.165006
0.137086
0.14803
0.119643
0.158995
0.158895
0.0985132
0.16946
0.159974
0.0648233
0.0911551
0.138291
0.0409915
0.135028
0.0267666
0.0402363
0.12349
0.126599
0.0405771
0.129585
0.0515663
0.100266
0.137481
0.0779833
0.122644
0.140772
0.057169
0.121766
0.152557
0.120583
0.159456
0.137155
0.139398
0.0800582
0.146032
0.147208
0.0936014
0.0402283
0.136003
0.148072
0.115315
0.0467007
0.104452
0.157046
0.141412
0.0840901
0.0524727
0.111793
0.158434
0.140205
0.0717965
0.0694753
0.0774188
0.136718
0.14569
0.133023
0.0948128
0.122033
0.120035
0.0990451
0.123466
0.102489
0.129782
0.071898
0.100133
0.077649
0.0752154
0.106211
0.139524
0.0775562
0.106537
0.13636
0.114821
0.0376952
0.109546
0.141534
0.0933718
0.0842892
0.111212
0.071624
0.153943
0.0661442
0.122668
0.0773719
0.137676
0.022582
0.122624
0.0436479
0.153664
0.132234
0.10896
0.173168
0.0922609
0.0501854
0.148523
0.134049
0.0269591
0.102333
0.137851
0.164848
0.13841
0.160963
0.161042
0.158451
0.0955257
0.0870342
0.11856
0.173277
0.0434673
0.0577288
0.146013
0.145142
0.13368
0.0474112
0.138206
0.137762
0.137112
0.0947952
0.044176
0.140427
0.144968
0.14123
0.115871
0.106148
0.163076
0.0209128
0.0836262
0.0649847
0.133243
0.145388
0.119834
0.0761626
0.104235
0.144612
0.130004
0.162999
0.136561
0.133056
0.0629314
0.116086
0.183298
0.15218
0.160028
0.140381
0.0223694
0.131888
0.137246
0.118842
0.0654367
0.125932
0.113705
0.152318
0.0710015
0.12792
0.0989195
0.166624
0.0970455
0.074553
0.10314
0.139483
0.129386
0.0158929
0.0816746
0.109521
0.10973
0.046364
0.126963
0.0795984
0.123059
0.146674
0.0914885
0.124541
0.16735
0.131519
0.0898232
0.108663
0.0977484
0.088657
0.137755
0.0278344
0.0814102
0.135158
0.136812
0.108258
0.133037
0.144608
0.163045
0.0978537
0.0654411
0.168499
0.0267721
0.121816
0.0796183
0.150525
0.0762846
0.134795
0.125719
0.137449
0.106076
0.0893676
0.0632812
0.101027
0.167939
0.133875
0.135285
0.137953
0.119543
0.0694913
0.0834482
0.105687
0.129506
0.135039
0.136759
0.0814155
0.129729
0.155179
0.154636
0.132044
0.0320829
0.146589
0.104087
0.138553
0.0181583
0.0390219
0.135551
0.066069
0.138969
0.0487414
0.13497
0.141766
0.160294
0.103638
0.141067
0.144628
0.0454131
0.113786
0.165038
0.139266
0.126781
0.0270167
0.0157034
0.15948
0.132906
0.157881
0.156367
0.152617
0.0940816
0.123847
0.0346923
0.129489
0.133613
0.125783
0.0989686
0.108449
0.139197
0.0945579
0.0762201
0.14106
0.061577
0.117154
0.128331
0.0875086
0.139957
0.126452
0.0274434
0.131355
0.12925
0.151396
0.132055
0.136515
0.099586
0.109621
0.126995
0.0619542
0.124944
0.145182
0.0574597
0.132723
0.0464526
0.141281
0.158505
0.110582
0.0306871
0.161202
0.0938094
0.139333
0.103334
0.139902
0.0928769
0.0985578
0.108227
0.0682901
0.156315
0.131389
0.0500274
0.155622
0.148982
0.112687
0.0866808
0.161792
0.121306
0.0762632
0.106124
0.0866664
0.138394
0.0326104
0.0696051
0.142776
0.133396
0.1586
0.134232
0.125907
0.0775145
0.141808
0.0526278
0.0804056
0.0895533
0.043447
0.0903097
0.128453
0.0701654
0.143376
0.0751173
0.0626668
0.176029
0.0752458
0.132325
0.0795565
0.131352
0.163477
0.0639714
0.0515641
0.163306
0.0916898
0.164818
0.156543
0.127371
0.135097
0.166118
0.141102
0.130288
0.100219
0.152307
0.166962
0.107422
0.150945
0.0927557
0.153128
0.134387
0.159618
0.109456
0.131457
0.0524379
0.129816
0.0657006
0.0399915
0.0263042
0.126621
0.0974604
0.0410255
0.113805
0.153525
0.136633
0.151767
0.12819
0.0784614
0.0810535
0.0254211
0.0931833
0.138351
0.137886
0.123699
0.0889168
0.0933867
0.101788
0.0636001
0.0612237
0.0222059
0.101132
0.130414
0.102246
0.147687
0.165209
0.0943634
0.135667
0.119138
0.132207
0.0664204
0.117845
0.160223
0.0470238
0.10027
0.0503625
0.123104
0.132794
0.131098
0.0735067
0.106082
0.135136
0.119959
0.0396762
0.136701
0.0415021
0.0957991
0.0866946
0.111731
0.0823941
0.139072
0.0304375
0.156349
0.147407
0.117954
0.15125
0.136338
0.130314
0.0945253
0.0802203
0.131124
0.0890354
0.142172
0.150352
0.13618
0.149719
0.120997
0.0906495
0.146442
0.0661648
0.0659159
0.0726263
0.0511395
0.0808085
0.13302
0.137795
0.0164811
0.0151195
0.131505
0.067777
0.0282295
0.0421675
0.0410038
0.121544
0.110767
0.138686
0.107778
0.152121
0.130631
0.0457637
0.151847
0.03626
0.120874
0.127899
0.183545
0.157835
0.119043
0.0797085
0.109458
0.119462
0.126519
0.0446453
0.121092
0.11927
0.158932
0.0292215
0.0695374
0.129163
0.149196
0.127543
0.089255
0.128182
0.0794717
0.10165
0.122222
0.123826
0.0687908
0.0857922
0.0380573
0.0698839
0.0286402
0.0347853
0.129981
0.0336006
0.108495
0.106805
0.0900978
0.0923805
0.102199
0.0460023
0.0263516
0.128273
0.0883044
0.0811203
0.135668
0.147333
0.0325666
0.133073
0.12804
0.0183364
0.143251
0.122409
0.0700227
0.0472467
0.137279
0.16877
0.103109
0.0894063
0.0591003
0.15465
0.0561618
0.130299
0.12184
0.160257
0.0462319
0.0821953
0.135312
0.126367
0.107732
0.135108
0.119337
0.0625499
0.110823
0.0942354
0.106018
0.0824141
0.151914
0.0650483
0.0835639
0.0919781
0.0484046
0.113295
0.104176
0.119767
0.150466
0.136446
0.07842
0.127306
0.122696
0.142805
0.0958157
0.152802
0.0569703
0.135016
0.0993631
0.0406431
0.0923068
0.155142
0.0755977
0.0454422
0.151111
0.136038
0.143596
0.0324791
0.129838
0.143253
0.132434
0.129091
0.0648443
0.131038
0.146671
0.126403
0.0829241
0.126825
0.14785
0.0428345
0.142652
0.106033
0.0673894
0.137716
0.0998976
0.149156
0.0636927
0.120868
0.0871226
0.119867
0.0703663
0.108386
0.0255521
0.0683057
0.131526
0.109722
0.129968
0.160744
0.0880516
0.0778879
0.146701
0.130131
0.150194
0.0823333
0.126563
0.0550141
0.131944
0.172197
0.0380397
0.0930591
0.145737
0.0855872
0.0233363
0.150186
0.120141
0.140929
0.118526
0.046471
0.129609
0.0712673
0.130679
0.154266
0.128644
0.12749
0.142069
0.0394251
0.0264995
0.140547
0.144723
0.113403
0.125167
0.134279
0.103023
0.135094
0.143972
0.131245
0.0853421
0.13076
0.0744911
0.156586
0.151274
0.124912
0.107705
0.15339
0.131953
0.142119
0.152703
0.0662249
0.0566884
0.0267829
0.0619865
0.0858422
0.138036
0.0257474
0.0690276
0.115086
0.0475721
0.118205
0.0710649
0.142929
0.143512
0.141725
0.12917
0.126728
0.121251
0.15041
0.0826812
0.0373432
0.149366
0.151451
0.12123
0.150956
0.152516
0.163613
0.1591
0.151217
0.127702
0.147142
0.121166
0.147253
0.152443
0.0867484
0.0513712
0.114932
0.142635
0.0877243
0.108673
0.0649321
0.100282
0.0947664
0.141926
0.0933042
0.0347046
0.0396778
0.0987835
0.165688
0.153026
0.130985
0.123843
0.153384
0.132954
0.131478
0.147454
0.109374
0.0292056
0.145704
0.124608
0.0245363
0.0404962
0.148633
0.144977
0.125449
0.152739
0.0419311
0.124753
0.116286
0.0657495
0.137048
0.130343
0.145306
0.0406517
0.085287
0.0762756
0.0652497
0.132525
0.0457971
0.103051
0.137839
0.118198
0.133738
0.0735317
0.147472
0.0842023
0.110675
0.0537202
0.129634
0.0622697
0.135008
0.0760285
0.0904429
0.102324
0.0957882
0.14151
0.0366747
0.144538
0.139349
0.116765
0.150696
0.117711
0.0625534
0.132015
0.130752
0.181777
0.0343605
0.134379
0.128493
0.136752
0.139232
0.0548725
0.161
0.138317
0.129934
0.13259
0.128458
0.0849615
0.0447158
0.145665
0.0929675
0.0983047
0.146841
0.100956
0.028698
0.14832
0.098174
0.0331562
0.147773
0.136959
0.140651
0.164385
0.0950558
0.132945
0.0822373
0.131119
0.128537
0.161914
0.153186
0.0987367
0.0734092
0.148737
0.0401866
0.151745
0.132683
0.165667
0.124106
0.129192
0.0681599
0.149701
0.0511178
0.144757
0.0870318
0.153185
0.0408164
0.150095
0.133821
0.0342771
0.156829
0.130838
0.0293496
0.0627652
0.108225
0.0464677
0.0746079
0.128779
0.0577713
0.137985
0.154314
0.131649
0.0348001
0.127026
0.107714
0.052283
0.132759
0.110914
0.150387
0.0916073
0.136454
0.13294
0.0765012
0.117496
0.0273843
0.13376
0.154718
0.133829
0.0243755
0.0829124
0.0715251
0.128392
0.138458
0.0478426
0.0726557
0.13256
0.0378751
0.144135
0.125015
0.152589
0.017682
0.13776
0.0797906
0.130059
0.142363
0.160098
0.14165
0.134149
0.119456
0.150864
0.133826
0.0901285
0.0887429
0.122433
0.151215
0.048758
0.0586613
0.138956
0.138006
0.140594
0.0241571
0.0431572
0.0867598
0.13866
0.15772
0.0745445
0.0468104
0.159799
0.131765
0.0569575
0.132612
0.151329
0.134289
0.12424
0.0571707
0.143472
0.0775756
0.108851
0.135078
0.13284
0.0982028
0.146225
0.0601277
0.0141083
0.152291
0.1349
0.131936
0.0259013
0.136002
0.0485511
0.156914
0.144579
0.111806
0.131021
0.0656295
0.112474
0.12407
0.150523
0.0270827
0.11082
0.0476764
0.149449
0.0539758
0.0603824
0.153638
0.0438662
0.146466
0.0461129
0.0501725
0.143928
0.139375
0.0917115
0.0612562
0.0465495
0.0268889
0.154993
0.15114
0.112461
0.0465383
0.13405
0.0386453
0.0399872
0.147757
0.125187
0.155255
0.090178
0.0846731
0.145034
0.122148
0.143496
0.0270393
0.138509
0.0766131
0.134685
0.0857006
0.0607401
0.0845905
0.137677
0.0670197
0.0555583
0.106251
0.131116
0.131407
0.0254159
0.148202
0.0284744
0.0389321
0.0408837
0.107563
0.0402506
0.076331
0.131816
0.123671
0.120623
0.0493188
0.0657438
0.0565395
0.132418
0.0176563
0.0579644
0.141203
0.129218
0.0267055
0.151815
0.13107
0.0284828
0.0200374
0.0326531
0.149314
0.0367115
0.149405
0.104723
0.135427
0.0698888
0.162038
0.0891869
0.0463298
0.0242047
0.0504293
0.113235
0.150838
0.0903727
0.106467
0.151962
0.0905727
0.0194765
0.140388
0.153386
0.0588607
0.0999796
0.0380578
0.0988085
0.145038
0.130717
0.0793534
0.153222
0.131346
0.0502241
0.140047
0.110816
0.125708
0.144674
0.147982
0.0186248
0.136648
0.149515
0.122163
0.156495
0.147738
0.0665315
0.146867
0.0270947
0.0290748
0.0958543
0.149633
0.147362
0.130087
0.152294
0.0373192
0.0418062
0.01889
0.133323
0.141868
0.0351732
0.066806
0.0951892
0.047734
0.0901473
0.126416
0.095794
0.154339
0.170572
0.147134
0.130333
0.0793149
0.034336
0.0643662
0.152803
0.0396268
0.0383528
0.153523
0.130738
0.150813
0.0740918
0.130154
0.133681
0.0638757
0.131587
0.0282735
0.129755
0.134592
0.0470471
0.0731363
0.0406246
0.0824928
0.142151
0.149365
0.0275138
0.104241
0.133348
0.0472437
0.135637
0.0307782
0.132382
0.136427
0.157223
0.0517886
0.0823344
0.0533048
0.150408
0.137208
0.0582444
0.0639993
0.160396
0.0824393
0.0413912
0.139701
0.0717513
0.124182
0.157019
0.058312
0.149324
0.0603219
0.0410944
0.119248
0.135057
0.1614
0.0545217
0.0371872
0.052075
0.0658779
0.0689736
0.0799768
0.0682882
0.0613077
0.0479467
0.0813772
0.114834
0.150175
0.149459
0.0702602
0.0663712
0.0987063
0.0383026
0.135903
0.0275777
0.0416031
0.1503
0.158798
0.145186
0.157836
0.151653
0.0411195
0.0862224
0.0435755
0.0364916
0.115112
0.0649401
0.0853125
0.0683219
0.134297
0.13345
0.0771043
0.132849
0.109995
0.111162
0.0619123
0.150526
0.102439
0.137498
0.138056
0.063841
0.149124
0.130199
0.169441
0.0388404
0.0921487
0.0327714
0.0654497
0.0872587
0.0411466
0.115202
0.0321592
0.12573
0.105274
0.0770915
0.0331457
0.150501
0.160655
0.0350374
0.0525796
0.125203
0.0717298
0.141764
0.0189669
0.0902573
0.102638
0.136108
0.0268656
0.025712
0.120824
0.0693617
0.0662233
0.140969
0.0580471
0.0839533
0.133161
0.113724
0.0336911
0.143418
0.0829521
0.132568
0.066544
0.0612599
0.0966766
0.043001
0.0633408
0.125866
0.0675538
0.0354496
0.027958
0.118844
0.0671154
0.0742305
0.0617237
0.0295748
0.0284067
0.0555568
0.0699611
0.148413
0.0570421
0.0533405
0.030695
0.135201
0.062812
0.134043
0.059692
0.153387
0.0470696
0.131261
0.151244
0.079761
0.0285439
0.0506178
0.0434751
0.177073
0.0689946
0.131755
0.124217
0.152724
0.103185
0.0183001
0.126184
0.058849
0.102023
0.144376
0.141975
0.118016
0.149246
0.135963
0.152344
0.0912241
0.130271
0.0319397
0.103463
0.0395589
0.0643812
0.0754115
0.049194
0.0655511
0.0591646
0.108601
0.0823619
0.0862883
0.137202
0.141417
0.0667409
0.133078
0.147024
0.150178
0.0750292
0.0920003
0.070708
0.150133
0.0304177
0.149739
0.128689
0.0819269
0.140323
0.0688043
0.151409
0.0516681
0.0938585
0.0743361
0.0358905
0.135154
0.134847
0.142791
0.0249264
0.151102
0.135184
0.0697709
0.0827655
0.0427287
0.123143
0.102281
0.0922973
0.136373
0.121331
0.139085
0.0785745
0.126843
0.0368529
0.0807381
0.137109
0.105794
0.0382245
0.137142
0.138252
0.0432571
0.0906129
0.0781467
0.148097
0.083104
0.143171
0.142517
0.0973235
0.15203
0.117321
0.0863567
0.0712793
0.09436
0.0282137
0.0699578
0.117185
0.0521116
0.111098
0.0481552
0.145365
0.151888
0.0605376
0.134975
0.118229
0.12164
0.04148
0.0182277
0.143615
0.0439763
0.149209
0.102155
0.128677
0.13965
0.0497623
0.0876862
0.130393
0.131033
0.166612
0.0481099
0.0603784
0.0756073
0.136523
0.133414
0.0807611
0.135836
0.0488719
0.0852735
0.12497
0.139661
0.0368796
0.125056
0.0361619
0.0919072
0.0277415
0.0683031
0.0289275
0.144369
0.136382
0.0640306
0.0484896
0.151301
0.137911
0.157301
0.148874
0.143545
0.131679
0.0880437
0.0524436
0.0288262
0.138251
0.0266612
0.0365228
0.0533511
0.0614504
0.152798
0.138762
0.170529
0.0754883
0.0994518
0.0476455
0.099943
0.0753292
0.0411139
0.116331
0.15155
0.122866
0.125081
0.048532
0.139907
0.0285832
0.0928779
0.0630654
0.132373
0.171616
0.154163
0.0318581
0.133425
0.0285333
0.0654493
0.150568
0.0705498
0.0652386
0.113362
0.135934
0.133741
0.132238
0.0896285
0.0816708
0.0700393
0.1046
0.0732589
0.027929
0.0524032
0.0614852
0.155481
0.0655846
0.0720115
0.133768
0.139091
0.0853595
0.0652554
0.0383076
0.131806
0.0418265
0.110379
0.138223
0.149506
0.0703212
0.0846395
0.119523
0.0865111
0.0548745
0.141856
0.0730806
0.131545
0.0437525
0.0990573
0.101277
0.091737
0.0906395
0.136583
0.0965622
0.149935
0.138394
0.0498075
0.0800174
0.0273294
0.14584
0.134172
0.15299
0.112757
0.141976
0.0758603
0.0903333
0.0647118
0.0401784
0.13178
0.0570865
0.151479
0.0778234
0.100502
0.126248
0.136907
0.152188
0.0974356
0.0722806
0.0821087
0.150362
0.142852
0.0932716
0.101784
0.058857
0.089132
0.086161
0.130624
0.13528
0.0423732
0.124821
0.129773
0.115566
0.101165
0.0666672
0.112763
0.0486601
0.0488793
0.0730367
0.147395
0.048195
0.0389319
0.130645
0.125039
0.0881787
0.0634462
0.0684925
0.102648
0.133027
0.151707
0.0941393
0.0945626
0.057772
0.127558
0.11636
0.0930237
0.0457116
0.0627389
0.111748
0.142797
0.0851569
0.0477286
0.130092
0.127957
0.114264
0.0619738
0.0474581
0.138101
0.0756953
0.123679
0.0461354
0.096145
0.141278
0.01829
0.0673309
0.0275661
0.0414388
0.131457
0.133928
0.0959078
0.134302
0.0957411
0.0486032
0.116004
0.0899947
0.0722292
0.105522
0.0635923
0.0912816
0.075048
0.141455
0.126678
0.0833234
0.124079
0.116831
0.147823
0.161878
0.157187
0.136793
0.153575
0.110651
0.0982516
0.121084
0.15269
0.0233258
0.142581
0.13756
0.100453
0.136063
0.066515
0.133982
0.154757
0.153017
0.151177
0.110783
0.120673
0.0662891
0.0384501
0.157845
0.0629737
0.117685
0.08013
0.0778603
0.100959
0.0880393
0.0684966
0.0913552
0.0838448
0.062334
0.0650399
0.0633014
0.163238
0.139363
0.0725942
0.0846468
0.0606825
0.0522563
0.0683993
0.100521
0.0892643
0.124823
0.0261665
0.14283
0.0820501
0.148419
0.0673065
0.122315
0.147172
0.132534
0.0670791
0.0573164
0.0757767
0.157288
0.0633832
0.149493
0.151956
0.104025
0.0925991
0.066983
0.0694376
0.142895
0.129803
0.112289
0.0709334
0.126096
0.0285722
0.0826831
0.148556
0.0727882
0.154699
0.0365678
0.083547
0.105432
0.1344
0.0933576
0.062922
0.151769
0.114907
0.0411665
0.149849
0.132147
0.0866464
0.0709332
0.0350816
0.130267
0.0281196
0.0719901
0.0920022
0.134701
0.0999674
0.0402927
0.102658
0.107606
0.141956
0.0897147
0.0783276
0.125437
0.134165
0.118314
0.146991
0.152792
0.117262
0.0750527
0.0635842
0.127049
0.0379036
0.0789184
0.120375
0.0736138
0.0282067
0.0782823
0.0857308
0.120836
0.0898735
0.0843381
0.137972
0.116143
0.0846824
0.129844
0.13771
0.103013
0.152571
0.131584
0.0969581
0.0501851
0.0892475
0.0300148
0.119251
0.0289929
0.145055
0.102182
0.0814222
0.151366
0.15326
0.0944107
0.107854
0.0665373
0.0833152
0.097816
0.145124
0.152177
0.0818686
0.073108
0.103929
0.145088
0.130936
0.0516347
0.0666837
0.144965
0.0936953
0.114868
0.100685
0.0779852
0.115121
0.140008
0.120041
0.0680082
0.060148
0.113769
0.130805
0.131272
0.103504
0.151229
0.127548
0.142803
0.100575
0.0970924
0.134248
0.152971
0.13543
0.153039
0.0997112
0.157746
0.065499
0.14189
0.127735
0.092848
0.095315
0.098007
0.0310325
0.0230839
0.0599412
0.131951
0.143832
0.0656855
0.129743
0.0647934
0.105693
0.141836
0.0907733
0.102447
0.117521
0.0956557
0.131734
0.101646
0.112368
0.107123
0.155338
0.0619781
0.103011
0.101258
0.149235
0.0966527
0.0673002
0.115471
0.0309128
0.0346235
0.145718
0.137044
0.133469
0.133378
0.141018
0.14525
0.148145
0.0863805
0.106703
0.141044
0.0272968
0.146695
0.102181
0.0663724
0.121815
0.104095
0.0891584
0.0797774
0.151162
0.0539533
0.0702939
0.108485
0.0798256
0.0971242
0.103809
0.126108
0.116456
0.141456
0.145151
0.0903006
0.0728455
0.058655
0.151323
0.0754974
0.147893
0.107802
0.0860877
0.122221
0.0976913
0.138559
0.143835
0.142925
0.111194
0.0597261
0.150199
0.139584
0.131709
0.114438
0.0938616
0.089402
0.0605252
0.115252
0.0761285
0.0957103
0.0888097
0.150361
0.150945
0.136241
0.143788
0.0186205
0.0663129
0.0850612
0.0520572
0.131268
0.0864716
0.0896089
0.148227
0.0918988
0.136652
0.0971306
0.133417
0.0261653
0.104719
0.0918974
0.0853187
0.150982
0.112188
0.0410572
0.143677
0.0393299
0.0683236
0.070144
0.0971489
0.0274556
0.133142
0.0934105
0.146344
0.0900226
0.0672067
0.14557
0.13039
0.131863
0.0710422
0.091468
0.0964381
0.145272
0.0798343
0.126554
0.108034
0.0927699
0.0377419
0.124451
0.152407
0.154113
0.132404
0.0285801
0.0839222
0.142978
0.117272
0.132672
0.13387
0.146489
0.112749
0.130152
0.0450514
0.130379
0.0934221
0.138987
0.0740606
0.0977531
0.103732
0.11926
0.112377
0.12899
0.14058
0.0816078
0.131754
0.0969194
0.147157
0.0958068
0.0985031
0.0989589
0.150499
0.128697
0.17449
0.0380136
0.15195
0.152643
0.0704946
0.0694083
0.0914567
0.14334
0.126289
0.133408
0.106968
0.0944005
0.119161
0.0629296
0.0234371
0.151323
0.0975452
0.0950223
0.107179
0.121292
0.140236
0.065404
0.0578205
0.0368169
0.0212093
0.0608845
0.136227
0.0903785
0.118876
0.0966626
0.130684
0.142528
0.0639197
0.133317
0.0348445
0.0690806
0.154254
0.100521
0.0861442
0.0879545
0.133705
0.137394
0.104858
0.113865
0.118743
0.141303
0.0999191
0.0902975
0.152043
0.0792234
0.0685944
0.0939314
0.125851
0.103908
0.0934812
0.140359
0.137657
0.127701
0.0566928
0.132358
0.106413
0.134558
0.15225
0.125385
0.148537
0.144099
0.062923
0.124408
0.109965
0.056501
0.132451
0.126876
0.098145
0.061021
0.151317
0.139479
0.136994
0.0735998
0.0184665
0.121856
0.0656759
0.143169
0.146161
0.15402
0.1026
0.127184
0.128775
0.153059
0.0682916
0.143188
0.0861615
0.143918
0.126557
0.141041
0.0922085
0.110704
0.122948
0.132157
0.114816
0.145773
0.111005
0.128082
0.139847
0.129073
0.143672
0.133527
0.134403
0.150585
0.15436
0.148853
0.126927
0.151525
0.104973
0.145084
0.0970339
0.10354
0.0595937
0.132188
0.105662
0.142334
0.149628
0.151572
0.111633
0.137371
0.150533
0.139355
0.0655222
0.126823
0.0703139
0.0304303
0.152698
0.0290129
0.103048
0.0410951
0.140916
0.0885537
0.150632
0.125792
0.130447
0.0859721
0.0906724
0.120882
0.0956928
0.130846
0.13866
0.152115
0.0371309
0.131319
0.0448175
0.100196
0.0191436
0.100782
0.133551
0.0661303
0.049471
0.149252
0.107736
0.112124
0.0884815
0.0361425
0.101482
0.13348
0.0827132
0.0737037
0.0940604
0.141375
0.143573
0.0729794
0.0668384
0.0305176
0.0894063
0.102526
0.136768
0.0998681
0.120001
0.130711
0.0677463
0.132009
0.125247
0.139091
0.128654
0.136192
0.131934
0.102699
0.114386
0.103258
0.110632
0.0918861
0.130067
0.0875079
0.172893
0.140737
0.0872696
0.155174
0.0842464
0.14214
0.13813
0.072618
0.104303
0.113033
0.133317
0.128305
0.0678798
0.103136
0.0408221
0.103616
0.13946
0.133888
0.115516
0.0686143
0.107815
0.132855
0.0932961
0.124421
0.168128
0.136354
0.085493
0.137903
0.140617
0.135644
0.100937
0.135222
0.133847
0.0518369
0.102811
0.0994534
0.0936328
0.130352
0.113238
0.136092
0.140709
0.139679
0.111731
0.132047
0.0653668
0.144744
0.134734
0.0783827
0.098539
0.134176
0.0976963
0.0834961
0.100788
0.132203
0.152758
0.13287
0.102351
0.135605
0.151834
0.068827
0.125207
0.145984
0.0922231
0.132578
0.0664676
0.128009
0.105266
0.153629
0.0863729
0.149344
0.142622
0.136226
0.092125
0.149795
0.0314165
0.151852
0.112927
0.115228
0.142794
0.125427
0.09484
0.0885921
0.130602
0.121965
0.112119
0.0828954
0.137561
0.132216
0.136817
0.114742
0.124685
0.132714
0.127133
0.156835
0.144713
0.0915756
0.118436
0.135906
0.107608
0.117945
0.154437
0.0979095
0.128631
0.0935409
0.128337
0.110812
0.145678
0.144816
0.0413465
0.1453
0.111314
0.129161
0.111962
0.135839
0.0781991
0.13679
0.144257
0.0950585
0.129193
0.140676
0.118506
0.0719229
0.141574
0.139581
0.129337
0.139672
0.113461
0.115234
0.132723
0.141797
0.138055
0.143961
0.064592
0.0738235
0.114236
0.138185
0.150437
0.135354
0.131631
0.146433
0.0980985
0.0935495
0.112779
0.117672
0.130346
0.068408
0.143639
0.143186
0.099348
0.107744
0.132891
0.110459
0.121367
0.114093
0.142792
0.131334
0.109689
0.149482
0.152367
0.123655
0.108485
0.115918
0.144762
0.122742
0.120983
0.124663
0.122539
0.151817
0.111303
0.151764
0.149275
0.124961
0.141798
0.135458
0.0788906
0.131606
0.135203
0.0974248
0.14749
0.0900638
0.144241
0.130194
0.137816
0.150019
0.0911911
0.127601
0.101256
0.0532125
0.180088
0.141827
0.145463
0.0797121
0.121338
0.152176
0.0678178
0.117018
0.119044
0.119553
0.103548
0.142867
0.154654
0.140101
0.113328
0.107825
0.147627
0.142596
0.112591
0.149742
0.123004
0.14048
0.122238
0.137947
0.0650056
0.135744
0.124539
0.15117
0.13009
0.145545
0.131677
0.137067
0.124999
0.138969
0.042103
0.109634
0.142028
0.134438
0.150875
0.116558
0.0969506
0.160164
0.116968
0.103303
0.141511
0.0896966
0.132268
0.142128
0.12134
0.145936
0.145299
0.137932
0.110636
0.12572
0.120195
0.163355
0.135643
0.133102
0.131609
0.132658
0.0777058
0.146403
0.148926
0.116128
0.140182
0.143771
0.134516
0.124003
0.136192
0.0918541
0.139742
0.142724
0.104062
0.121162
0.133688
0.15172
0.0191997
0.106085
0.141723
0.141157
0.132838
0.130211
0.136283
0.115526
0.134154
0.0981807
0.132745
0.136963
0.131328
0.142453
0.133844
0.0825775
0.150718
0.139982
0.13308
0.139037
0.103708
0.142617
0.153168
0.049979
0.150614
0.134299
0.128322
0.137292
0.140873
0.0903131
0.124741
0.116834
0.146547
0.145409
0.0981098
0.144282
0.124124
0.14298
0.131218
0.110317
0.153538
0.134656
0.137475
0.1385
0.141081
0.134607
0.122743
0.149268
0.126274
0.0678323
0.153102
0.140477
0.112534
0.133194
0.122242
0.150617
0.132966
0.13528
0.151181
0.145616
0.111534
0.123317
0.1299
0.129931
0.127063
0.125472
0.118023
0.144922
0.133215
0.153311
0.142979
0.1173
0.142877
0.138745
0.126975
0.149393
0.130502
0.131945
0.120709
0.132888
0.125619
0.13612
0.134723
0.112207
0.152307
0.151322
0.128438
0.147676
0.116609
0.131634
0.132951
0.139178
0.153397
0.12255
0.138035
0.132823
0.130596
0.0542824
0.135241
0.14043
0.163039
0.131016
0.138142
0.100779
0.111695
0.0884812
0.140975
0.13364
0.134777
0.111839
0.130376
0.129662
0.0992954
0.134952
0.146381
0.130223
0.133254
0.130025
0.120371
0.151492
0.116651
0.126047
0.132523
0.147312
0.144529
0.0891165
0.121843
0.116044
0.125252
0.0383394
0.128195
0.150093
0.0955975
0.139858
0.131689
0.147046
0.152668
0.133467
0.116785
0.153538
0.130764
0.150361
0.146141
0.133522
0.0936793
0.111094
0.161202
0.12917
0.143644
0.13238
0.13182
0.136474
0.137359
0.129948
0.110459
0.0388873
0.151422
0.144018
0.135064
0.0552913
0.13965
0.137182
0.136321
0.141837
0.137642
0.0923237
0.124215
0.132169
0.110689
0.130298
0.14521
0.130864
0.127263
0.140627
0.147759
0.130872
0.132006
0.153823
0.153074
0.143946
0.152993
0.134824
0.14641
0.131929
0.142813
0.0364091
0.131436
0.131846
0.0848082
0.130899
0.0891072
0.0669363
0.0184716
0.0865005
0.113829
0.134575
0.12975
0.140035
0.127966
0.128509
0.136531
0.110655
0.110209
0.0912937
0.145868
0.142155
0.12902
0.120414
0.130944
0.107778
0.137536
0.0702616
0.092474
0.13097
0.138017
0.137939
0.129143
0.131684
0.111157
0.131994
0.139687
0.0709918
0.128974
0.132566
0.146457
0.0868473
0.0420308
0.128829
0.124999
0.0524906
0.143061
0.109657
0.14277
0.129931
0.117523
0.131077
0.119881
0.114445
0.0869604
0.136367
0.104986
0.141227
0.106642
0.13908
0.127275
0.0189158
0.107565
0.131474
0.129121
0.141942
0.0918254
0.132947
0.139243
0.1487
0.111522
0.126697
0.137051
0.106836
0.0930947
0.131502
0.146256
0.131505
0.132338
0.135627
0.156111
0.143889
0.153479
0.142953
0.124647
0.15216
0.119066
0.0879887
0.0948704
0.125237
0.139969
0.140127
0.143614
0.118588
0.113343
0.138508
0.150313
0.146969
0.105265
0.153656
0.138823
0.137941
0.0291588
0.106848
0.145903
0.143009
0.146461
0.149584
0.125491
0.0935163
0.139217
0.143613
0.0948162
0.132947
0.138901
0.12614
0.128653
0.0976459
0.114394
0.0709827
0.132215
0.132911
0.141597
0.0419815
0.124492
0.130458
0.0971066
0.151001
0.151316
0.141085
0.141784
0.102653
0.146481
0.151798
0.141072
0.126362
0.144527
0.114919
0.130207
0.129792
0.144886
0.137269
0.137777
0.069644
0.151444
0.123644
0.134515
0.14753
0.134412
0.144055
0.146999
0.141282
0.101843
0.142768
0.0750897
0.145838
0.1344
0.15364
0.151834
0.103635
0.115733
0.153286
0.131612
0.126407
0.125789
0.13927
0.141384
0.113134
0.144864
0.113791
0.0655078
0.133926
0.135564
0.135211
0.139746
0.117531
0.129433
0.12943
0.145871
0.135763
0.108038
0.131929
0.139228
0.0960181
0.0910538
0.141766
0.0926155
0.151143
0.139117
0.1528
0.138133
0.104847
0.142736
0.0913476
0.144634
0.127597
0.0407154
0.101966
0.14953
0.0625441
0.0882085
0.135375
0.139581
0.10525
0.0870226
0.131083
0.150111
0.147524
0.142676
0.0505007
0.133237
0.0201674
0.150878
0.0973325
0.115764
0.113297
0.142938
0.132249
0.132666
0.0767617
0.085713
0.150222
0.147796
0.142887
0.151723
0.0439077
0.137405
0.150047
0.145932
0.167425
0.126277
0.128882
0.133358
0.123325
0.0576002
0.140176
0.155936
0.138046
0.143477
0.148679
0.143975
0.0873024
0.130803
0.1339
0.131422
0.173473
0.142687
0.134855
0.151176
0.148976
0.135459
0.132692
0.111526
0.167733
0.151648
0.148374
0.123243
0.148142
0.135982
0.139278
0.135753
0.137166
0.133678
0.117959
0.145828
0.0695909
0.111183
0.138552
0.172579
0.103653
0.136667
0.119835
0.129295
0.130804
0.143869
0.0720825
0.146157
0.12225
0.1513
0.0766932
0.129477
0.15053
0.140912
0.135719
0.13503
0.138569
0.144578
0.133525
0.138193
0.148566
0.139783
0.150616
0.118217
0.099367
0.13592
0.143902
0.108983
0.039336
0.149709
0.0939377
0.153383
0.139443
0.140785
0.137749
0.104038
0.123643
0.14162
0.142564
0.133661
0.14289
0.121439
0.13251
0.141837
0.150659
0.112608
0.134161
0.124611
0.0691734
0.119561
0.14658
0.141105
0.131188
0.146101
0.0971823
0.129918
0.137088
0.147006
0.151108
0.0526227
0.134973
0.112551
0.149157
0.14202
0.140579
0.136786
0.0906095
0.133268
0.140147
0.139663
0.130845
0.13945
0.143259
0.148661
0.14237
0.132181
0.140927
0.138876
0.150674
0.142241
0.149538
0.121864
0.112823
0.111629
0.139937
0.135227
0.129242
0.140296
0.146363
0.168955
0.146807
0.149291
0.142638
0.131821
0.0423013
0.0979433
0.140275
0.142926
0.0932232
0.147873
0.151039
0.141552
0.133638
0.143367
0.150556
0.146644
0.140144
0.125798
0.113534
0.162038
0.141692
0.147774
0.149196
0.13934
0.134112
0.142393
0.147847
0.149951
0.132059
0.151221
0.153685
0.149691
0.125064
0.142248
0.143806
0.126081
0.145653
0.138389
0.0653518
0.136999
0.115267
0.151201
0.149486
0.136779
0.150687
0.142374
0.131826
0.139886
0.117484
0.141382
0.114377
0.129221
0.142614
0.133647
0.0850692
0.117514
0.144683
0.150514
0.127749
0.108455
0.123183
0.142519
0.135906
0.15407
0.143551
0.149007
0.0478674
0.16923
0.12904
0.144744
0.148571
0.15361
0.145436
0.149336
0.123939
0.159312
0.209323
0.0283598
0.143242
0.146124
0.155429
0.139486
0.145245
0.155147
0.150381
0.0802035
0.108078
0.13305
0.132756
0.150944
0.153864
0.144691
0.14425
0.133531
0.151096
0.110484
0.1321
0.152619
0.146172
0.14063
0.14423
0.142229
0.144766
0.147714
0.124509
0.142458
0.150157
0.0502262
0.147322
0.135278
0.13871
0.136603
0.0890082
0.140034
0.1284
0.100875
0.120009
0.13012
0.108482
0.151499
0.152126
0.136248
0.133309
0.156345
0.120522
0.151538
0.1444
0.143286
0.151135
0.140852
0.152666
0.148653
0.12392
0.139095
0.171935
0.151979
0.146236
0.0384754
0.141935
0.125912
0.162741
0.114467
0.13913
0.147535
0.125891
0.145394
0.133267
0.140059
0.149566
0.125423
0.110418
0.154107
0.138324
0.140537
0.0525188
0.133416
0.119315
0.133838
0.0432941
0.112133
0.143064
0.13781
0.145741
0.130131
0.14955
0.152942
0.130361
0.154367
0.124573
0.134785
0.143329
0.135507
0.104265
0.148118
0.142404
0.137076
0.150892
0.124401
0.148825
0.136153
0.125004
0.141793
0.118478
0.144167
0.127736
0.147904
0.132913
0.148963
0.140564
0.136668
0.145853
0.142884
0.14141
0.100796
0.147857
0.0987129
0.149891
0.153147
0.130299
0.132522
0.145004
0.144187
0.141235
0.130494
0.142503
0.138238
0.115917
0.134953
0.123983
0.150313
0.149339
0.138029
0.118671
0.133729
0.142417
0.128834
0.136269
0.153471
0.0511052
0.136539
0.151566
0.172821
0.148934
0.130899
0.145345
0.134804
0.147956
0.148429
0.140661
0.150796
0.13525
0.135091
0.149676
0.100953
0.138497
0.147786
0.143293
0.151242
0.117397
0.124182
0.147712
0.115672
0.157598
0.140796
0.112702
0.17427
0.13614
0.136945
0.152226
0.136986
0.147622
0.120519
0.158101
0.136477
0.147518
0.150037
0.105523
0.153966
0.143929
0.138183
0.135549
0.144099
0.141056
0.14126
0.154359
0.14424
0.135421
0.130367
0.133763
0.148583
0.149334
0.148171
0.149497
0.151318
0.129188
0.106258
0.148474
0.133228
0.14303
0.146862
0.147691
0.142276
0.145984
0.131324
0.144864
0.137822
0.143093
0.139042
0.132798
0.146987
0.139832
0.15168
0.142687
0.150562
0.146491
0.0978479
0.119037
0.121281
0.113977
0.127544
0.132369
0.133514
0.148023
0.141411
0.12957
0.161861
0.153258
0.150515
0.133431
0.167962
0.148672
0.148787
0.139652
0.143064
0.147161
0.150994
0.112784
0.153305
0.158511
0.149779
0.148816
0.14558
0.147572
0.126035
0.132987
0.151458
0.132674
0.105173
0.15092
0.138808
0.144557
0.149552
0.146159
0.132406
0.119327
0.147826
0.149589
0.132347
0.150735
0.14762
0.147031
0.144312
0.139768
0.136165
0.147754
0.150214
0.149835
0.134404
0.149708
0.155677
0.151394
0.146335
0.149838
0.142769
0.145791
0.143678
0.141508
0.135178
0.149834
0.150264
0.151947
0.134196
0.149767
0.148332
0.109129
0.151255
0.150999
0.143244
0.151822
0.147873
0.148811
0.149827
0.150529
0.152287
0.150979
0.151267
0.136212
0.154334
0.143854
0.032017
0.148725
0.131565
0.139896
0.119831
0.121497
0.154049
0.149203
0.150508
0.140534
0.0952564
0.135411
0.16448
0.143011
0.142534
0.145403
0.132299
0.153471
0.139912
0.144625
0.143552
0.146937
0.149067
0.115383
0.0494504
0.150638
0.14148
0.127104
0.148781
0.146794
0.153125
0.112214
0.149014
0.129732
0.138893
0.140429
0.147307
0.157862
0.143971
0.12859
0.150409
0.151357
0.148942
0.153124
0.149966
0.147381
0.0826871
0.152151
0.14836
0.149574
0.128983
0.149712
0.142928
0.131988
0.118996
0.0976634
0.15258
0.150866
0.137959
0.109009
0.144211
0.147817
0.149136
0.140136
0.153545
0.151304
0.0675977
0.142012
0.152743
0.137235
0.150988
0.110459
0.12901
0.146345
0.147131
0.129592
0.156557
0.128605
0.139904
0.146871
0.105299
0.155414
0.146497
0.151846
0.0565598
0.146903
0.109324
0.123829
0.138771
0.139438
0.136521
0.151334
0.0253544
0.14922
0.132356
0.155301
0.151461
0.110951
0.124785
0.129169
0.153147
0.157288
0.132376
0.148753
0.146474
0.152848
0.141501
0.143562
0.138664
0.120205
0.149804
0.14928
0.148783
0.150656
0.150882
0.139094
0.150221
0.140008
0.142855
0.142582
0.150171
0.122836
0.15096
0.149954
0.150178
0.150911
0.120242
0.149992
0.141172
0.13151
0.150161
0.141478
0.134624
0.19312
0.149247
0.153392
0.0754574
0.141661
0.154249
0.135599
0.152343
0.151728
0.130515
0.145236
0.154154
0.149078
0.130684
0.133945
0.148021
0.150391
0.14173
0.15133
0.15585
0.098484
0.133087
0.151901
0.151776
0.150239
0.150421
0.131387
0.12067
0.150404
0.151114
0.147661
0.0713324
0.148688
0.150859
0.141792
0.143486
0.14098
0.147008
0.151964
0.182856
0.150609
0.147538
0.142926
0.111003
0.153117
0.149379
0.159265
0.061476
0.111933
0.130224
0.144616
0.169418
0.118408
0.149993
0.153354
0.146654
0.152677
0.149235
0.149853
0.150727
0.143315
0.150065
0.149047
0.155362
0.100198
0.108695
0.152193
0.117936
0.126544
0.145296
0.149572
0.151163
0.110317
0.153454
0.151213
0.132218
0.151865
0.131059
0.153856
0.153804
0.16074
0.143365
0.142294
0.15236
0.112897
0.136842
0.141518
0.130211
0.152621
0.152594
0.14865
0.149002
0.132424
0.146719
0.142618
0.151947
0.145088
0.165106
0.091229
0.0991319
0.15234
0.0655315
0.144671
0.137687
0.151818
0.152872
0.149866
0.148385
0.153256
0.153312
0.131123
0.126402
0.13427
0.130429
0.106451
0.153
0.148416
0.151604
0.153536
0.14415
0.149142
0.139551
0.153031
0.140675
0.149241
0.145703
0.138313
0.133122
0.150207
0.142796
0.150129
0.152981
0.153282
0.15669
0.153183
0.139014
0.152491
0.147154
0.140141
0.137586
0.146026
0.0962277
0.153755
0.110407
0.124833
0.150534
0.0427199
0.135026
0.153524
0.148415
0.153958
0.125889
0.151595
0.150199
0.133828
0.138598
0.153318
0.1646
0.151871
0.126902
0.15274
0.133916
0.129674
0.137056
0.121891
0.150226
0.12937
0.133968
0.0766236
0.151118
0.143804
0.0506828
0.148086
0.153696
0.145216
0.145289
0.154674
0.15201
0.142019
0.112712
0.139959
0.133088
0.152383
0.0732029
0.151903
0.135884
0.151006
0.145169
0.148351
0.146024
0.156313
0.0691095
0.145969
0.153679
0.164043
0.145924
0.151841
0.140921
0.141469
0.152083
0.155728
0.149705
0.122457
0.140651
0.143974
0.149807
0.133775
0.145379
0.149042
0.149921
0.124142
0.0381637
0.146705
0.148496
0.13717
0.134322
0.139046
0.144481
0.118536
0.153664
0.139784
0.154209
0.151335
0.152674
0.150941
0.149985
0.151888
0.150189
0.143571
0.145807
0.166949
0.149792
0.135598
0.148512
0.153348
0.151156
0.147348
0.153462
0.151295
0.150641
0.153756
0.152892
0.150007
0.149379
0.150946
0.152012
0.158695
0.132065
0.152742
0.150948
0.149487
0.151077
0.143492
0.134024
0.148728
0.160616
0.149746
0.133242
0.166167
0.140265
0.149705
0.152204
0.148458
0.149523
0.137885
0.15194
0.152212
0.146574
0.145543
0.150784
0.153494
0.135189
0.1422
0.135308
0.153522
0.153619
0.133963
0.147384
0.144492
0.154084
0.150766
0.152812
0.135764
0.13749
0.144393
0.14674
0.132759
0.152014
0.146687
0.149859
0.143474
0.138097
0.169277
0.150573
0.137607
0.152596
0.150188
0.150145
0.145404
0.139677
0.143906
0.144288
0.140069
0.146236
0.139646
0.143938
0.14817
0.141258
0.146859
0.151476
0.156158
0.147627
0.138635
0.146832
0.144177
0.153351
0.144954
0.153194
0.143044
0.120269
0.138526
0.145702
0.128713
0.053029
0.131914
0.147978
0.148405
0.152972
0.159739
0.165919
0.138704
0.166938
0.146587
0.139898
0.152351
0.11107
0.134148
0.148895
0.140007
0.18068
0.145466
0.136711
0.150543
0.15364
0.145422
0.153585
0.142063
0.137879
0.143934
0.148388
0.152961
0.128541
0.138752
0.146748
0.175845
0.150032
0.146715
0.151663
0.144712
0.144615
0.143283
0.150266
0.148115
0.149652
0.146288
0.150524
0.0707366
0.134996
0.151324
0.152592
0.152371
0.153347
0.16044
0.133468
0.142387
0.15512
0.138435
0.149809
0.14638
0.176459
0.146884
0.0932071
0.100936
0.162501
0.153344
0.148483
0.151449
0.136241
0.142559
0.153458
0.104858
0.154529
0.154738
0.159241
0.197592
0.179222
0.144674
0.140866
0.144254
0.150774
0.1444
0.140528
0.0894154
0.153952
0.14822
0.153249
0.145207
0.0305558
0.147862
0.138645
0.158475
0.140312
0.154334
0.152908
0.151599
0.148484
0.149331
0.146224
0.15359
0.15343
0.153297
0.146083
0.143842
0.153674
0.154015
0.15258
0.153527
0.154234
0.153332
0.153862
0.154218
0.153446
0.174354
0.170707
0.153589
0.150358
0.154808
0.146105
0.154358
0.154337
0.154359
0.157266
0.139229
0.153971
0.154313
0.15393
0.153683
0.149929
0.145035
0.149345
0.17431
0.151622
0.133556
0.159409
0.146782
0.154578
0.136319
0.154352
0.144617
0.150171
0.17006
0.149294
0.157095
0.158142
0.143609
0.149174
0.154337
0.151124
0.143668
0.154389
0.153092
0.147547
0.137283
0.158403
0.168918
0.153904
0.167384
0.147548
0.146961
0.14778
0.144702
0.139486
0.162702
0.147803
0.142435
0.145244
0.162163
0.147325
0.149647
0.143759
0.14829
0.153198
0.150108
0.147825
0.148432
0.152961
0.142015
0.148583
0.136239
0.143174
0.1495
0.152443
0.180549
0.148767
0.148253
0.137243
0.144464
0.14707
0.129744
0.0820294
0.153106
0.152363
0.143287
0.136162
0.133343
0.152719
0.133798
0.147944
0.152189
0.154723
0.156434
0.141496
0.140055
0.153278
0.148782
0.153775
0.172788
0.143534
0.164297
0.150264
0.153627
0.10396
0.150971
0.153763
0.166418
0.143279
0.146781
0.15172
0.155028
0.0537757
0.144953
0.152327
0.146952
0.0927639
0.153205
0.0877186
0.136915
0.102325
0.0392267
0.151993
0.157301
0.147288
0.151073
0.133575
0.151156
0.152987
0.142547
0.148674
0.1358
0.13995
0.136411
0.152869
0.150758
0.155219
0.152009
0.151964
0.156755
0.15124
0.1407
0.139415
0.143633
0.139427
0.148036
0.172016
0.110605
0.153241
0.144365
0.1357
0.129474
0.15129
0.153556
0.139157
0.0285437
0.152915
0.148326
0.152261
0.137609
0.119619
0.182147
0.153831
0.146874
0.137341
0.146643
0.153599
0.152891
0.152089
0.0404901
0.15184
0.15301
0.158598
0.138822
0.148157
0.136126
0.146243
0.156849
0.129597
0.148399
0.14486
0.151489
0.147025
0.150557
0.111212
0.125634
0.162036
0.151717
0.146954
0.139753
0.136505
0.145419
0.121097
0.121224
0.141653
0.153726
0.133521
0.153502
0.150804
0.128187
0.149786
0.15008
0.156175
0.149049
0.117162
0.0672373
0.137551
0.155802
0.15239
0.151002
0.140714
0.141241
0.15142
0.143094
0.152549
0.129722
0.0446896
0.154659
0.151434
0.145495
0.136028
0.150507
0.150276
0.153725
0.109675
0.149567
0.129418
0.132557
0.146171
0.144515
0.150337
0.153762
0.133775
0.133726
0.152968
0.0285661
0.143567
0.134311
0.159013
0.149331
0.132335
0.146333
0.153727
0.149422
0.135804
0.153681
0.134329
0.146954
0.154263
0.153295
0.131889
0.151587
0.0944448
0.153634
0.127252
0.153466
0.148994
0.123439
0.153416
0.165401
0.1531
0.135542
0.125688
0.147829
0.177375
0.140056
0.134872
0.153205
0.135005
0.124433
0.13472
0.126215
0.145966
0.141857
0.167784
0.149503
0.145077
0.138874
0.129785
0.152325
0.149795
0.125789
0.154759
0.10611
0.143919
0.153704
0.143279
0.136887
0.133069
0.148122
0.147111
0.153809
0.149342
0.138275
0.153375
0.149889
0.141671
0.15016
0.13375
0.153428
0.130699
0.144396
0.148715
0.148088
0.12107
0.157312
0.144857
0.131487
0.125768
0.132004
0.153535
0.153571
0.146741
0.153117
0.135503
0.153271
0.0281868
0.14793
0.144906
0.145055
0.101844
0.146387
0.145977
0.135257
0.0698931
0.108193
0.150749
0.151489
0.125225
0.127907
0.150594
0.154137
0.156955
0.138222
0.153804
0.150254
0.152844
0.152535
0.151878
0.153817
0.150865
0.153135
0.138675
0.135785
0.153132
0.145851
0.177042
0.145759
0.153194
0.110878
0.106203
0.148677
0.132395
0.154702
0.146223
0.147057
0.147896
0.131549
0.116694
0.151812
0.152667
0.0967551
0.147396
0.155036
0.146152
0.137578
0.152606
0.146968
0.129181
0.15281
0.152891
0.153158
0.126351
0.149806
0.126675
0.126057
0.146645
0.151732
0.146559
0.156652
0.147943
0.130403
0.127594
0.146856
0.148725
0.153344
0.150373
0.146682
0.153495
0.132046
0.116083
0.151712
0.152755
0.0734988
0.118273
0.14587
0.153005
0.164721
0.126721
0.141717
0.143496
0.153484
0.133422
0.150169
0.150698
0.15375
0.138721
0.0500887
0.135984
0.144218
0.141649
0.139737
0.14492
0.142956
0.151793
0.15327
0.141159
0.151546
0.142881
0.151757
0.149916
0.150068
0.133188
0.0737185
0.147452
0.151944
0.152407
0.148304
0.14972
0.160839
0.150814
0.111688
0.155896
0.130085
0.133853
0.149952
0.148668
0.159065
0.130776
0.176623
0.153688
0.135758
0.153042
0.143965
0.0349377
0.149947
0.142816
0.0823003
0.151765
0.156992
0.145717
0.150764
0.144488
0.149261
0.1385
0.156972
0.107122
0.149987
0.14916
0.151119
0.149224
0.135569
0.151936
0.158482
0.154497
0.15152
0.139204
0.146082
0.105473
0.146786
0.152582
0.15334
0.140738
0.143472
0.127939
0.102037
0.130108
0.151541
0.149193
0.150164
0.135743
0.152234
0.15313
0.13125
0.116456
0.153234
0.152221
0.127324
0.149772
0.154123
0.150949
0.15237
0.141584
0.144429
0.138692
0.0649715
0.104106
0.153085
0.17077
0.153241
0.151359
0.141697
0.159477
0.146607
0.150828
0.150624
0.148385
0.148345
0.151733
0.144068
0.151127
0.153324
0.146359
0.152743
0.146364
0.15121
0.152735
0.130021
0.150168
0.127514
0.158813
0.1575
0.151059
0.045488
0.137535
0.150021
0.0982389
0.152095
0.139568
0.105515
0.151883
0.147176
0.139674
0.152873
0.14902
0.161528
0.151593
0.150519
0.144007
0.157036
0.151569
0.071435
0.149177
0.132707
0.129355
0.151427
0.14782
0.138658
0.158029
0.151161
0.0710794
0.155185
0.153269
0.147063
0.150736
0.150905
0.154523
0.133059
0.146394
0.147197
0.151397
0.146685
0.150397
0.126642
0.148749
0.153939
0.11208
0.149845
0.150734
0.152601
0.150589
0.152743
0.0915129
0.150859
0.150609
0.150949
0.149008
0.0726801
0.155665
0.127415
0.15249
0.149173
0.129063
0.152845
0.150587
0.153442
0.114091
0.15335
0.146158
0.13806
0.151442
0.152951
0.15027
0.153154
0.136303
0.116281
0.153237
0.149898
0.108526
0.140377
0.152501
0.151967
0.125856
0.153229
0.142686
0.150273
0.145103
0.150556
0.150715
0.147831
0.144377
0.150073
0.121577
0.0448584
0.133486
0.151647
0.167267
0.132695
0.135079
0.148456
0.143762
0.152604
0.0962517
0.151054
0.149946
0.127625
0.112908
0.148824
0.153088
0.139539
0.141468
0.152127
0.151734
0.158765
0.150448
0.13179
0.130906
0.103992
0.150347
0.14761
0.111415
0.107162
0.131122
0.152042
0.0684317
0.145533
0.152178
0.146192
0.0965937
0.116349
0.133021
0.152282
0.1503
0.141358
0.14989
0.150525
0.135848
0.0679892
0.139637
0.146558
0.124957
0.152198
0.144975
0.128158
0.148335
0.147857
0.133765
0.160543
0.151875
0.14778
0.13799
0.136448
0.144831
0.146571
0.152036
0.13584
0.153345
0.143289
0.12831
0.151372
0.0965796
0.147917
0.125487
0.151929
0.151948
0.15423
0.138127
0.151242
0.133996
0.149718
0.15016
0.147862
0.154857
0.152976
0.144584
0.131373
0.107726
0.144512
0.146436
0.147992
0.136905
0.152743
0.153074
0.136591
0.131998
0.141928
0.124307
0.133115
0.147948
0.130049
0.128973
0.151552
0.133264
0.0941004
0.150329
0.101263
0.151346
0.150988
0.143843
0.152518
0.149957
0.150147
0.147908
0.17211
0.149797
0.150476
0.132278
0.145849
0.150498
0.149282
0.152352
0.150378
0.146023
0.15098
0.148919
0.149943
0.101923
0.159923
0.16496
0.034401
0.131432
0.150426
0.141296
0.133902
0.151069
0.0969879
0.139707
0.153133
0.143572
0.137075
0.116028
0.149574
0.149249
0.148616
0.146545
0.147072
0.124309
0.146948
0.127152
0.125628
0.15147
0.138703
0.149316
0.152954
0.149097
0.105724
0.141397
0.148055
0.122588
0.14891
0.148462
0.1467
0.148934
0.149328
0.146581
0.148229
0.15304
0.139241
0.146038
0.146671
0.107059
0.0873191
0.152717
0.147289
0.121357
0.128313
0.152924
0.179953
0.138353
0.147308
0.149935
0.148018
0.0933689
0.105176
0.149175
0.144792
0.128657
0.0190902
0.141811
0.150719
0.149429
0.146484
0.136345
0.16202
0.150084
0.124436
0.152539
0.0950424
0.148126
0.134947
0.140982
0.147423
0.149137
0.14293
0.137366
0.145378
0.148707
0.149128
0.14825
0.149465
0.149756
0.149065
0.0209866
0.124031
0.124325
0.124503
0.14673
0.144141
0.1481
0.133092
0.123999
0.147465
0.143303
0.147585
0.149104
0.14383
0.147154
0.127032
0.146357
0.124233
0.147823
0.132303
0.152206
0.136096
0.115332
0.118886
0.140098
0.114384
0.138068
0.143059
0.136477
0.145307
0.134044
0.13381
0.147775
0.148592
0.142941
0.136924
0.124062
0.142584
0.150749
0.0700932
0.150784
0.110612
0.152342
0.111581
0.149896
0.149835
0.156108
0.147106
0.15034
0.0976109
0.149632
0.143006
0.154367
0.143569
0.140113
0.1483
0.148664
0.135004
0.150226
0.14543
0.127254
0.128996
0.148989
0.146694
0.13869
0.125396
0.135824
0.150198
0.141544
0.147995
0.150009
0.144662
0.106154
0.086153
0.146976
0.148215
0.150102
0.145741
0.137298
0.073051
0.104272
0.13774
0.13687
0.144827
0.147511
0.14683
0.144819
0.149584
0.146859
0.148639
0.105996
0.152053
0.144037
0.146295
0.151336
0.165113
0.149612
0.147351
0.144681
0.117604
0.13791
0.147366
0.152385
0.121723
0.138723
0.143525
0.135492
0.137981
0.119818
0.146007
0.146015
0.142132
0.14821
0.146314
0.152184
0.149953
0.143128
0.144818
0.140933
0.150214
0.151936
0.136401
0.119627
0.147925
0.145765
0.134138
0.142312
0.149368
0.143886
0.156732
0.137657
0.0865982
0.118075
0.13821
0.143539
0.130355
0.143997
0.151953
0.139225
0.0721661
0.133425
0.145159
0.152352
0.146981
0.137118
0.149437
0.143386
0.116531
0.17218
0.144527
0.149055
0.145255
0.149573
0.137211
0.150221
0.152716
0.153486
0.14937
0.150786
0.115546
0.1331
0.110994
0.137737
0.145543
0.151814
0.145244
0.133793
0.147841
0.147997
0.0710661
0.133548
0.146405
0.146846
0.0768975
0.142345
0.145766
0.149999
0.107923
0.137328
0.152607
0.126873
0.0660468
0.122858
0.155488
0.14755
0.0810311
0.144686
0.149921
0.123021
0.116569
0.138552
0.136551
0.152702
0.139684
0.150136
0.140229
0.14376
0.150401
0.150667
0.143497
0.136283
0.149559
0.132369
0.146425
0.14427
0.144851
0.132866
0.135836
0.143235
0.144006
0.133566
0.152302
0.151739
0.136655
0.150518
0.0294778
0.150871
0.151491
0.148871
0.149988
0.141532
0.148249
0.105048
0.142875
0.139737
0.132176
0.15006
0.149103
0.14701
0.148857
0.151584
0.151792
0.158176
0.144094
0.150348
0.14373
0.138199
0.15026
0.140099
0.151559
0.148458
0.163393
0.111243
0.148589
0.158138
0.149997
0.110171
0.136192
0.13151
0.146579
0.139154
0.143111
0.136976
0.136229
0.142228
0.138485
0.141417
0.147516
0.151692
0.140528
0.13423
0.11463
0.152285
0.14891
0.127696
0.130033
0.135077
0.152548
0.125131
0.138533
0.140845
0.145762
0.146035
0.15069
0.15206
0.142612
0.150268
0.152033
0.152405
0.113597
0.140275
0.150219
0.0574412
0.14267
0.145265
0.142332
0.100554
0.136205
0.152242
0.107996
0.13981
0.149472
0.137287
0.144895
0.0190707
0.151039
0.0952125
0.149881
0.13014
0.150512
0.143573
0.133888
0.0276486
0.152294
0.144865
0.150751
0.152294
0.144325
0.149653
0.133194
0.128452
0.0879973
0.148687
0.144373
0.138478
0.141742
0.140325
0.141103
0.172617
0.148088
0.148408
0.13655
0.13037
0.151068
0.143812
0.147882
0.131192
0.100346
0.133971
0.152028
0.0741571
0.150214
0.152026
0.138297
0.137399
0.0913598
0.149048
0.146631
0.150363
0.15008
0.140583
0.146421
0.150388
0.108238
0.147251
0.137237
0.150636
0.109786
0.128081
0.150784
0.119158
0.139536
0.147424
0.14013
0.149409
0.150716
0.144608
0.142674
0.12302
0.138182
0.151659
0.105367
0.13351
0.137367
0.14721
0.143566
0.139872
0.109144
0.0350402
0.123269
0.136802
0.137219
0.149891
0.141965
0.090991
0.131436
0.134833
0.133749
0.152087
0.13743
0.146057
0.0951904
0.145923
0.123825
0.143461
0.139387
0.149194
0.148126
0.109965
0.133797
0.148648
0.0378817
0.131376
0.148079
0.0730149
0.129875
0.136633
0.13199
0.152553
0.148257
0.148267
0.142841
0.145292
0.152399
0.126656
0.126512
0.149882
0.124927
0.145454
0.140091
0.131443
0.123792
0.13715
0.14139
0.141498
0.130659
0.144026
0.134845
0.149318
0.152209
0.128513
0.139001
0.157318
0.126699
0.0855719
0.135204
0.147245
0.14827
0.136917
0.138452
0.143522
0.14779
0.154947
0.13361
0.142963
0.149273
0.134787
0.148225
0.136397
0.141039
0.176291
0.131376
0.12556
0.0929284
0.139211
0.106774
0.139456
0.164514
0.133606
0.146898
0.127175
0.142123
0.12329
0.135666
0.136815
0.141079
0.140378
0.127759
0.138715
0.116104
0.139406
0.0882342
0.141047
0.133775
0.13659
0.150182
0.13978
0.0739482
0.152088
0.128506
0.112021
0.133142
0.141593
0.136635
0.136494
0.133876
0.14325
0.140279
0.153044
0.14754
0.147842
0.133969
0.149808
0.138838
0.121323
0.143626
0.140276
0.125857
0.147117
0.0900793
0.149755
0.132144
0.124636
0.137999
0.165803
0.151917
0.107254
0.144861
0.183519
0.13326
0.112143
0.144377
0.113972
0.119679
0.13585
0.150526
0.126144
0.146198
0.151544
0.146379
0.133905
0.127695
0.146737
0.0949477
0.134461
0.141881
0.16021
0.150867
0.143727
0.100052
0.146974
0.143817
0.129483
0.138534
0.131168
0.0951065
0.0300534
0.117855
0.0983731
0.155614
0.106034
0.152281
0.0684016
0.141759
0.0926804
0.139318
0.0184612
0.136282
0.0763068
0.0937495
0.128058
0.145112
0.137222
0.131758
0.142576
0.132488
0.141959
0.10675
0.106143
0.110393
0.141684
0.111291
0.0908834
0.148664
0.142056
0.142866
0.13446
0.123717
0.151181
0.137659
0.13935
0.105458
0.0459805
0.13327
0.131223
0.135732
0.140058
0.0928592
0.143035
0.145561
0.142219
0.139479
0.140441
0.124933
0.13443
0.0356815
0.1435
0.147316
0.134025
0.125274
0.119891
0.158708
0.144277
0.121993
0.131542
0.0526919
0.138614
0.146407
0.127108
0.123034
0.139201
0.145224
0.139914
0.140055
0.133439
0.142387
0.147139
0.134995
0.149651
0.140553
0.139827
0.150277
0.132393
0.132567
0.127454
0.135407
0.0958746
0.143798
0.137013
0.144165
0.134524
0.137828
0.0911394
0.14774
0.133287
0.15122
0.115818
0.153036
0.136488
0.137286
0.148352
0.149019
0.148754
0.134069
0.151579
0.126769
0.13733
0.149658
0.139006
0.140797
0.133666
0.135543
0.151374
0.142389
0.131145
0.14132
0.129388
0.130489
0.0829953
0.141186
0.135464
0.123541
0.139301
0.125323
0.142905
0.115379
0.122647
0.129734
0.13347
0.131596
0.140924
0.150211
0.134424
0.126759
0.0602912
0.0949996
0.134837
0.143364
0.132524
0.111026
0.141705
0.140084
0.132698
0.138437
0.13385
0.142583
0.144735
0.12803
0.127571
0.0883175
0.129288
0.0285609
0.109389
0.142865
0.14152
0.0660574
0.144757
0.149887
0.0905409
0.140363
0.114552
0.142398
0.147107
0.138389
0.142569
0.120457
0.152143
0.162526
0.127961
0.143776
0.149886
0.0806623
0.124817
0.139385
0.130468
0.133547
0.114755
0.143457
0.125546
0.0747863
0.141918
0.0911643
0.181695
0.128362
0.148857
0.143023
0.140237
0.175499
0.148677
0.1419
0.140864
0.103655
0.153134
0.146484
0.166947
0.145837
0.143972
0.115822
0.139492
0.149759
0.146053
0.152336
0.124868
0.142194
0.143198
0.135425
0.0982706
0.110807
0.149644
0.0969972
0.128008
0.119773
0.153106
0.166428
0.131014
0.124162
0.143349
0.145014
0.146685
0.130026
0.134104
0.141463
0.127303
0.145468
0.11584
0.147449
0.153182
0.0950616
0.147176
0.123986
0.135199
0.140862
0.152335
0.121976
0.154367
0.144652
0.078374
0.143788
0.0650503
0.141517
0.0807829
0.14483
0.133394
0.10436
0.127096
0.155043
0.138583
0.144136
0.136287
0.0700537
0.111892
0.114834
0.137776
0.144576
0.139138
0.116148
0.0280024
0.116475
0.139052
0.103952
0.0971686
0.111464
0.142557
0.144662
0.132876
0.140297
0.135245
0.133201
0.116939
0.13211
0.138986
0.152336
0.121229
0.116403
0.140843
0.141294
0.153463
0.146841
0.138349
0.146378
0.145312
0.125275
0.127161
0.114987
0.110674
0.144621
0.134414
0.132997
0.136167
0.138472
0.133392
0.113246
0.123639
0.112587
0.0856847
0.137843
0.0884439
0.149856
0.127555
0.116855
0.126358
0.151681
0.138248
0.0988065
0.0286804
0.149202
0.104445
0.0995452
0.147824
0.151473
0.145008
0.127871
0.136564
0.149935
0.134485
0.136849
0.14549
0.147548
0.109701
0.110466
0.134848
0.105206
0.13206
0.150764
0.130862
0.149627
0.136531
0.124634
0.109086
0.139683
0.0965106
0.106071
0.143643
0.136267
0.130656
0.13789
0.1372
0.114693
0.0745706
0.119859
0.152704
0.128269
0.135242
0.141713
0.147877
0.11261
0.134899
0.133965
0.140095
0.0881853
0.141366
0.13979
0.138172
0.148565
0.14253
0.157363
0.114872
0.142284
0.146634
0.128551
0.0580226
0.0996269
0.144391
0.148771
0.135364
0.114115
0.126091
0.0424315
0.154178
0.147043
0.147452
0.100787
0.118979
0.123027
0.0879889
0.10583
0.10905
0.137994
0.136154
0.145064
0.13848
0.13534
0.0749377
0.12885
0.125741
0.137857
0.136699
0.104565
0.133962
0.141963
0.116328
0.145127
0.110406
0.135288
0.148082
0.0281776
0.136329
0.131988
0.134893
0.141621
0.137661
0.107
0.117481
0.139947
0.0293258
0.137644
0.148909
0.117279
0.128304
0.142728
0.121226
0.116442
0.0688176
0.111365
0.147104
0.125582
0.109102
0.0939185
0.141322
0.138365
0.0993275
0.0339213
0.151133
0.131229
0.109239
0.126497
0.129529
0.135095
0.147582
0.137884
0.134307
0.137618
0.130911
0.144297
0.143151
0.0279134
0.151415
0.140033
0.145026
0.152154
0.136257
0.140149
0.135326
0.131239
0.131466
0.0695985
0.0379113
0.15
0.115568
0.126233
0.138177
0.0822749
0.11499
0.099559
0.1256
0.0379023
0.122415
0.121673
0.0940918
0.0672456
0.147658
0.111762
0.0951705
0.0994702
0.143537
0.116398
0.128173
0.14102
0.0268534
0.108528
0.115538
0.14223
0.144092
0.144755
0.120983
0.139486
0.14177
0.13498
0.133694
0.0368878
0.124164
0.117793
0.148138
0.146873
0.128253
0.146521
0.141425
0.111843
0.136449
0.144125
0.152992
0.130264
0.101488
0.111873
0.0980266
0.131589
0.144436
0.100442
0.14574
0.126965
0.137377
0.136204
0.149063
0.127333
0.109764
0.125001
0.109976
0.090273
0.139219
0.137016
0.0530009
0.149252
0.132799
0.128398
0.145563
0.132885
0.103399
0.130318
0.0934977
0.137329
0.12655
0.126222
0.147509
0.116353
0.129686
0.100936
0.105561
0.0910173
0.144539
0.0989439
0.155631
0.142853
0.0821231
0.147009
0.116067
0.14599
0.138615
0.147668
0.170763
0.111125
0.136255
0.136037
0.10044
0.124356
0.134019
0.12032
0.140445
0.132776
0.070523
0.0637771
0.128871
0.0911816
0.139606
0.121634
0.105714
0.12553
0.150923
0.140789
0.0909221
0.102318
0.119349
0.104968
0.103768
0.0580469
0.134279
0.147214
0.121311
0.142844
0.0967043
0.145185
0.14506
0.0304008
0.146271
0.134734
0.0996969
0.142079
0.108289
0.144303
0.133901
0.143196
0.123321
0.13469
0.126695
0.107567
0.147157
0.145308
0.0988123
0.149321
0.124968
0.134448
0.12316
0.0688729
0.0906634
0.149696
0.150128
0.136125
0.0950775
0.144168
0.0968153
0.0495555
0.130343
0.136865
0.136096
0.127912
0.124581
0.0658815
0.0727031
0.136851
0.137478
0.112762
0.110209
0.136515
0.112473
0.127383
0.139689
0.144362
0.0974992
0.126624
0.150304
0.125568
0.15082
0.148869
0.136753
0.109006
0.0978768
0.105552
0.148668
0.133526
0.121788
0.14537
0.139077
0.0942
0.132377
0.1337
0.0870283
0.0360099
0.0940665
0.1465
0.139504
0.0975683
0.143798
0.104232
0.136336
0.0898459
0.138955
0.0782173
0.135642
0.0861372
0.121794
0.142126
0.0685696
0.125994
0.119479
0.0372224
0.104977
0.134362
0.12579
0.131873
0.136258
0.138452
0.143679
0.126716
0.0654328
0.100025
0.111052
0.151078
0.125513
0.114101
0.155342
0.070639
0.132119
0.136706
0.147911
0.123009
0.182511
0.13391
0.14284
0.123375
0.136098
0.0881027
0.132865
0.137144
0.127633
0.143092
0.107398
0.13772
0.146301
0.147876
0.0660677
0.0961453
0.0998411
0.157076
0.148424
0.11628
0.134601
0.137738
0.143859
0.11687
0.0851664
0.151073
0.101742
0.120926
0.1266
0.153287
0.146779
0.143864
0.0638538
0.133671
0.138427
0.0847449
0.11712
0.127656
0.143034
0.141757
0.131231
0.0733792
0.139014
0.115897
0.0908163
0.15006
0.0903542
0.127
0.135607
0.108771
0.142151
0.110218
0.146818
0.148068
0.0718816
0.137644
0.146556
0.0717249
0.168056
0.0426524
0.147546
0.13042
0.125836
0.148648
0.152981
0.120536
0.105607
0.135704
0.144707
0.130708
0.119049
0.0835386
0.131834
0.0945095
0.140557
0.0730312
0.118199
0.136413
0.14966
0.0389023
0.0924651
0.144023
0.130357
0.113457
0.070874
0.143117
0.0850862
0.147523
0.123127
0.148447
0.0978215
0.123026
0.141067
0.13423
0.140632
0.0673537
0.15405
0.131748
0.086637
0.151116
0.148066
0.160847
0.133729
0.131521
0.107576
0.143959
0.148187
0.149701
0.114287
0.12016
0.1277
0.147077
0.153036
0.146731
0.103249
0.158547
0.10603
0.139793
0.129344
0.11373
0.122974
0.130762
0.142795
0.129748
0.0867557
0.143635
0.139397
0.126209
0.142701
0.13531
0.0947828
0.123734
0.127971
0.148823
0.110663
0.0728694
0.0912425
0.140761
0.0540489
0.0937144
0.131587
0.107586
0.14343
0.134755
0.0716275
0.110143
0.143706
0.125919
0.0939153
0.117397
0.126285
0.0890231
0.1528
0.146786
0.134036
0.118289
0.0945709
0.149783
0.0382924
0.0991657
0.111656
0.117056
0.147279
0.0826407
0.104041
0.114927
0.106112
0.140185
0.131594
0.138369
0.139123
0.0889652
0.103561
0.128481
0.114716
0.0976058
0.123794
0.131625
0.103664
0.123583
0.14322
0.0881456
0.129992
0.145806
0.0902495
0.0714033
0.117477
0.140258
0.172482
0.162577
0.0944556
0.147235
0.0772543
0.157497
0.0914233
0.132867
0.143289
0.0983225
0.117394
0.142249
0.149931
0.115559
0.12196
0.073696
0.150969
0.111365
0.12655
0.141233
0.116445
0.105489
0.145551
0.119436
0.131049
0.150383
0.156176
0.146304
0.115717
0.13529
0.139551
0.123761
0.134659
0.150738
0.150672
0.147712
0.118235
0.0961166
0.137314
0.0946816
0.114114
0.1141
0.137211
0.0867581
0.0970802
0.0701297
0.0989509
0.106284
0.13208
0.114724
0.0695753
0.110522
0.150639
0.102097
0.0978948
0.0956524
0.115013
0.114341
0.141514
0.0983439
0.147378
0.0947507
0.150289
0.110278
0.113015
0.14523
0.0929463
0.159316
0.102463
0.0870327
0.0687032
0.105349
0.0986204
0.105842
0.138414
0.142645
0.0720233
0.0946502
0.143977
0.0688159
0.144171
0.093811
0.0282135
0.0975829
0.144278
0.0734315
0.143047
0.102226
0.120183
0.103165
0.0983306
0.144509
0.140432
0.133729
0.113669
0.134037
0.103932
0.125959
0.0969775
0.0884525
0.110918
0.149057
0.112631
0.128278
0.130847
0.138951
0.142496
0.100087
0.0627423
0.102444
0.0999824
0.0965785
0.114937
0.0977478
0.113797
0.100074
0.144942
0.137484
0.138798
0.11649
0.146749
0.108427
0.111324
0.180026
0.0873368
0.167021
0.0981962
0.126124
0.070054
0.101195
0.102233
0.111441
0.139731
0.160546
0.12449
0.135327
0.0564953
0.127905
0.106044
0.121423
0.108623
0.127236
0.111353
0.139442
0.10631
0.137944
0.0978504
0.123544
0.111325
0.0866495
0.103835
0.125069
0.115196
0.119519
0.112802
0.0967765
0.122551
0.144232
0.110133
0.0933771
0.108261
0.100077
0.104898
0.131899
0.115947
0.107728
0.0971166
0.0985482
0.100739
0.150663
0.0983431
0.0955832
0.11236
0.136652
0.102901
0.111565
0.136794
0.0948904
0.0995621
0.125073
0.0628884
0.142325
0.133943
0.0689266
0.113399
0.1318
0.0929487
0.147503
0.155262
0.0922567
0.108698
0.0979764
0.0991716
0.119217
0.117758
0.1154
0.129801
0.137029
0.14418
0.146745
0.153388
0.0410055
0.122047
0.115442
0.0485834
0.136518
0.0939359
0.099357
0.148151
0.0945851
0.114562
0.108112
0.10031
0.149254
0.0837029
0.0646869
0.103738
0.145102
0.11592
0.111024
0.132695
0.141782
0.0221594
0.16289
0.107327
0.0986642
0.132493
0.102952
0.144425
0.11599
0.0893275
0.0501841
0.0636637
0.15038
0.146519
0.0952191
0.132246
0.0968161
0.153389
0.111489
0.0215346
0.0846693
0.14502
0.133024
0.116603
0.112741
0.14906
0.0665758
0.0431013
0.124814
0.0466217
0.1463
0.119918
0.13872
0.0693495
0.111549
0.0689138
0.0722379
0.102401
0.148374
0.15077
0.0914667
0.100021
0.0952484
0.14158
0.102229
0.0885187
0.112736
0.0919036
0.147608
0.147469
0.138043
0.0488927
0.150323
0.141869
0.0923343
0.144335
0.108561
0.120106
0.0950479
0.11409
0.111614
0.149643
0.148031
0.0923166
0.0955042
0.144838
0.140583
0.077476
0.131105
0.100296
0.0955231
0.0986883
0.145634
0.149457
0.123099
0.10178
0.0188835
0.101048
0.107678
0.0962658
0.138808
0.0880286
0.111759
0.115071
0.144856
0.135909
0.11984
0.147979
0.073891
0.15016
0.141733
0.106426
0.142643
0.0887084
0.143189
0.0722053
0.0964458
0.0887292
0.109055
0.117428
0.144739
0.104707
0.11336
0.0420648
0.115627
0.096376
0.13258
0.124602
0.135137
0.124415
0.0219781
0.148425
0.0946744
0.0772034
0.0325923
0.145949
0.0660532
0.147728
0.146858
0.124959
0.169722
0.139991
0.130356
0.110042
0.143452
0.0217537
0.147869
0.147278
0.114114
0.118389
0.0618019
0.136159
0.113151
0.0925859
0.113721
0.0906554
0.119146
0.144331
0.0881586
0.143643
0.131702
0.0730561
0.110803
0.0709567
0.100959
0.139025
0.0977072
0.0428605
0.129127
0.117334
0.113178
0.150588
0.1705
0.11986
0.051862
0.116331
0.10979
0.0917194
0.107698
0.0967527
0.134967
0.146084
0.0843071
0.0848107
0.137696
0.0762832
0.147953
0.136979
0.0346473
0.100877
0.0535265
0.0934201
0.122848
0.0517478
0.0875255
0.138538
0.0181704
0.140293
0.0549561
0.111397
0.143505
0.149699
0.053803
0.117222
0.140885
0.122242
0.107405
0.085824
0.0745172
0.0526399
0.130985
0.154341
0.110236
0.109124
0.0655068
0.100811
0.107279
0.114891
0.11489
0.0928202
0.124573
0.132967
0.115465
0.101127
0.10748
0.0425387
0.130819
0.105086
0.107358
0.0692208
0.0663207
0.0615589
0.148296
0.12623
0.151709
0.149634
0.109045
0.0639564
0.0714893
0.103679
0.0927858
0.0194616
0.119029
0.10043
0.125198
0.144318
0.121836
0.148417
0.104884
0.146497
0.0988773
0.0412091
0.0942528
0.13426
0.0784906
0.150451
0.146927
0.0425592
0.147365
0.109903
0.150744
0.132008
0.0744327
0.112438
0.135928
0.107856
0.0572512
0.106568
0.0940329
0.0789144
0.115369
0.143176
0.110591
0.134255
0.13709
0.152275
0.152047
0.0721456
0.150388
0.0309949
0.0968722
0.140619
0.0994811
0.137663
0.0711612
0.0682225
0.103173
0.140346
0.116293
0.0972938
0.147216
0.100715
0.149597
0.0977036
0.14132
0.113976
0.0789759
0.102433
0.0874487
0.147417
0.0983888
0.112422
0.127333
0.147922
0.0947258
0.136451
0.098191
0.140988
0.133911
0.100145
0.128313
0.132671
0.136812
0.053471
0.0825158
0.0668655
0.0631094
0.103752
0.12639
0.102014
0.0708528
0.0961853
0.128465
0.141
0.147422
0.13981
0.128813
0.131346
0.0723012
0.118336
0.148221
0.149423
0.0926711
0.0999596
0.146039
0.0364766
0.123032
0.156234
0.106185
0.0787587
0.0318982
0.12041
0.131372
0.0978527
0.0732322
0.0191052
0.139433
0.136696
0.1509
0.0968398
0.0586996
0.0977196
0.149608
0.105795
0.147695
0.141229
0.113008
0.0899942
0.0440783
0.111134
0.0959047
0.14696
0.141391
0.146432
0.0930825
0.0714221
0.149303
0.0562317
0.0446294
0.123427
0.0831711
0.148544
0.0694866
0.0255561
0.0832373
0.0914257
0.142778
0.0528359
0.0678353
0.121109
0.137233
0.0855935
0.101956
0.131733
0.0666709
0.148794
0.0876305
0.136282
0.136582
0.0460304
0.132244
0.142519
0.0877144
0.0731458
0.117578
0.1376
0.120118
0.142237
0.06814
0.135039
0.110682
0.0469509
0.10811
0.0843336
0.0562478
0.0941627
0.0864188
0.15239
0.126149
0.138662
0.138778
0.124457
0.11463
0.0723914
0.0682543
0.123517
0.139869
0.128551
0.137507
0.14971
0.0854267
0.0740896
0.0578294
0.110049
0.136025
0.147254
0.142626
0.0982744
0.143424
0.0397466
0.140889
0.125857
0.0629818
0.110582
0.135586
0.0640963
0.0864106
0.0380989
0.107619
0.0718594
0.0671525
0.084775
0.0980552
0.0402209
0.103438
0.0454653
0.0670434
0.116257
0.0423224
0.13885
0.132259
0.145817
0.120596
0.136674
0.0928466
0.0886563
0.150857
0.0452801
0.0872802
0.0918157
0.0535572
0.145414
0.0841424
0.0999082
0.120906
0.13976
0.0833879
0.0863973
0.0590177
0.125591
0.140365
0.119467
0.126018
0.0993433
0.143307
0.0701067
0.144549
0.0860819
0.0958845
0.149918
0.175015
0.0956995
0.14732
0.0640665
0.0986598
0.0848564
0.0344941
0.0938565
0.0811118
0.0638686
0.143805
0.0852171
0.0193134
0.143929
0.126264
0.0605769
0.134983
0.0975913
0.114951
0.0571557
0.16626
0.0668114
0.0863627
0.0568762
0.149398
0.140788
0.150141
0.0757304
0.0956555
0.083431
0.160584
0.0817217
0.109916
0.103907
0.0752422
0.0639652
0.0569332
0.0810355
0.134107
0.0908455
0.103967
0.0813809
0.116747
0.114251
0.106946
0.123423
0.0904047
0.146415
0.122772
0.11663
0.112067
0.152299
0.0821935
0.146705
0.0792891
0.134123
0.130919
0.0982826
0.073674
0.143313
0.0569546
0.0765763
0.0909932
0.118368
0.0865918
0.139336
0.0759055
0.0984346
0.110541
0.107329
0.137339
0.11845
0.131833
0.0928828
0.0976772
0.0766248
0.121767
0.114381
0.0791421
0.15271
0.127668
0.0602902
0.149405
0.0860121
0.150161
0.148588
0.118191
0.0800498
0.115843
0.0189248
0.0858735
0.103801
0.0690563
0.064364
0.0710568
0.0754385
0.147027
0.0970063
0.104876
0.105407
0.0897275
0.149187
0.0633826
0.0994981
0.113231
0.101988
0.158846
0.149547
0.0427082
0.0184567
0.0976518
0.115911
0.150184
0.108882
0.0221388
0.12231
0.144455
0.147465
0.121052
0.11052
0.13194
0.097177
0.144188
0.0784996
0.096953
0.0191463
0.120422
0.111398
0.113336
0.144129
0.0614049
0.114111
0.0614589
0.0947163
0.14176
0.0750596
0.076684
0.126602
0.0749618
0.0692048
0.144242
0.147032
0.119566
0.0987223
0.136629
0.0607243
0.0761887
0.0708936
0.100946
0.0349278
0.0676262
0.127596
0.0696774
0.046583
0.129616
0.152107
0.148605
0.112307
0.0704393
0.13562
0.0778759
0.0726744
0.100488
0.122579
0.072765
0.141415
0.0755909
0.133535
0.148201
0.0687692
0.0684415
0.163138
0.13218
0.095501
0.0718172
0.146642
0.149964
0.0770979
0.0997377
0.114788
0.0703804
0.0271902
0.0296291
0.0929876
0.156033
0.132234
0.0850712
0.0756349
0.100231
0.101463
0.0494653
0.0743435
0.0714032
0.145436
0.0334186
0.107299
0.115519
0.12775
0.152045
0.148401
0.115891
0.0527031
0.0949168
0.115084
0.102525
0.0398679
0.0426949
0.105031
0.12074
0.074001
0.114553
0.071843
0.0968008
0.0672628
0.0802855
0.106001
0.101526
0.0353415
0.0816556
0.108647
0.129525
0.114014
0.147445
0.0734255
0.132387
0.0962336
0.0932365
0.0291245
0.150807
0.0865507
0.150781
0.128804
0.101674
0.131094
0.0476529
0.145255
0.12471
0.107394
0.116809
0.117067
0.127112
0.0308963
0.149097
0.0440015
0.0308718
0.0424777
0.100605
0.144431
0.144365
0.0363111
0.150306
0.0644167
0.0872163
0.133871
0.118808
0.0305552
0.0740176
0.137213
0.105473
0.137411
0.0856853
0.130973
0.0873809
0.0522406
0.119433
0.0688029
0.0742537
0.136185
0.0614605
0.0686511
0.0409008
0.113346
0.124946
0.0676039
0.150234
0.111729
0.147745
0.1614
0.0987591
0.0606281
0.0618688
0.139187
0.0391465
0.135756
0.127854
0.123474
0.11354
0.12654
0.0917318
0.149303
0.130062
0.104528
0.118502
0.0285116
0.138536
0.165016
0.0190388
0.0788897
0.0726623
0.107593
0.100888
0.132785
0.136147
0.1309
0.0815871
0.104202
0.0276167
0.127319
0.143009
0.122422
0.138311
0.150405
0.137058
0.149573
0.0765646
0.101599
0.0589432
0.128549
0.15185
0.077232
0.0762436
0.126816
0.0468689
0.147205
0.125975
0.0888131
0.131727
0.134478
0.152731
0.0690776
0.101253
0.0389019
0.14489
0.0400816
0.0843934
0.0468834
0.139977
0.135779
0.155832
0.0599096
0.0373117
0.0726345
0.148096
0.0408556
0.073352
0.041651
0.147576
0.0909294
0.133787
0.14941
0.107548
0.0969734
0.149022
0.0719893
0.116665
0.0982558
0.102774
0.0835246
0.100236
0.108445
0.115091
0.13395
0.133831
0.0949823
0.150163
0.1178
0.112433
0.133608
0.132254
0.0606385
0.0671521
0.158668
0.0764646
0.133134
0.040312
0.094123
0.0431812
0.102615
0.0721575
0.116575
0.128827
0.106653
0.0672414
0.144588
0.104729
0.0702047
0.0646482
0.0883304
0.0952694
0.121273
0.0879881
0.113175
0.0986405
0.0939358
0.0508639
0.116353
0.0763026
0.112692
0.136299
0.0262184
0.0633553
0.125661
0.134045
0.03808
0.150358
0.140702
0.0864702
0.149303
0.140158
0.0574625
0.03176
0.142592
0.0839932
0.11855
0.0721023
0.0668531
0.0364447
0.105723
0.150784
0.11127
0.114496
0.0192256
0.136742
0.155296
0.142848
0.139428
0.139382
0.14061
0.113162
0.126629
0.149707
0.112439
0.0564086
0.143517
0.161218
0.0405946
0.132591
0.168896
0.121404
0.0590401
0.149366
0.0379576
0.152943
0.1299
0.129874
0.0745233
0.132291
0.122374
0.139901
0.0719799
0.0668968
0.061162
0.068556
0.121511
0.126565
0.0607122
0.129941
0.145283
0.140325
0.147449
0.104957
0.100277
0.131991
0.107856
0.116119
0.145709
0.028849
0.14568
0.0301724
0.092819
0.103166
0.100614
0.0871441
0.0290658
0.126882
0.1476
0.0433833
0.038607
0.0321474
0.15236
0.12711
0.0776873
0.134257
0.0404547
0.0229988
0.146508
0.147488
0.114343
0.166786
0.144892
0.0680475
0.126162
0.0552845
0.028999
0.124704
0.137547
0.0493292
0.0427238
0.136455
0.174475
0.0235602
0.0310966
0.149943
0.148439
0.150273
0.141105
0.058196
0.0327601
0.125384
0.146222
0.0433049
0.104024
0.106986
0.148289
0.0715832
0.0432823
0.0739182
0.0434674
0.0420645
0.0225773
0.0463426
0.0286991
0.0741097
0.0293689
0.0785714
0.145084
0.065238
0.0784348
0.0702673
0.0419991
0.0213946
0.131489
0.149041
0.0439713
0.0492021
0.112239
0.135651
0.0281704
0.0404844
0.0320209
0.0931668
0.0402943
0.141258
0.109191
0.121325
0.149315
0.128161
0.0417842
0.0466153
0.124232
0.12394
0.0410632
0.165076
0.133835
0.0577014
0.148451
0.0642634
0.0196033
0.0942719
0.0923833
0.120291
0.0426925
0.122308
0.146586
0.131804
0.0230616
0.0912603
0.0286121
0.0285218
0.0601251
0.104489
0.150484
0.0980586
0.147998
0.13923
0.0660739
0.101861
0.107578
0.116966
0.0313704
0.126021
0.145358
0.149719
0.0652851
0.148608
0.151423
0.147024
0.134858
0.0282182
0.0918787
0.0908062
0.0345575
0.141884
0.127302
0.10176
0.122195
0.11492
0.100386
0.099248
0.132182
0.0713801
0.132744
0.114949
0.110469
0.0660745
0.0726907
0.0291214
0.0778233
0.0930696
0.0223519
0.120345
0.147439
0.148255
0.144728
0.0589895
0.149002
0.137384
0.144943
0.133746
0.0929805
0.0717334
0.0289445
0.149708
0.0328511
0.0500127
0.0356954
0.160027
0.124327
0.122547
0.12275
0.0674495
0.136588
0.0395722
0.044439
0.149591
0.1485
0.144384
0.0135574
0.171536
0.0382022
0.0617034
0.132416
0.104717
0.0458177
0.150163
0.161185
0.0432427
0.11835
0.104593
0.0993831
0.131531
0.0197326
0.149611
0.0323098
0.0722778
0.108574
0.13175
0.0426232
0.0436197
0.0411598
0.137662
0.147799
0.129817
0.0195559
0.100475
0.125853
0.132145
0.13798
0.149746
0.149997
0.130959
0.115371
0.0300984
0.126255
0.145664
0.121108
0.0444894
0.098232
0.0767306
0.0198921
0.0417386
0.146873
0.131517
0.0976249
0.0452658
0.0761522
0.0311317
0.133628
0.143246
0.133624
0.0292072
0.0307177
0.0966713
0.098478
0.151031
0.14057
0.128584
0.105416
0.0335618
0.0300843
0.0980223
0.0973655
0.0353109
0.0528072
0.0387948
0.0404823
0.0734028
0.136382
0.134754
0.060938
0.0885897
0.123672
0.138345
0.146888
0.0390394
0.144223
0.0445289
0.154003
0.0807632
0.118981
0.0357166
0.0539997
0.132589
0.0436833
0.120905
0.0420107
0.0303943
0.11493
0.0231344
0.123615
0.130583
0.116505
0.077299
0.050529
0.142022
0.0211838
0.131851
0.0212878
0.0480658
0.0955775
0.107419
0.150778
0.109643
0.0443784
0.0441625
0.0965643
0.166374
0.148084
0.0901619
0.125922
0.0229714
0.0857188
0.0453637
0.0447791
0.147062
0.116806
0.148139
0.145893
0.0715837
0.0984181
0.137271
0.0723933
0.022121
0.033202
0.113608
0.110299
0.0690537
0.0908464
0.0434583
0.0464023
0.0337108
0.126756
0.168391
0.138757
0.0523428
0.145174
0.0371845
0.161737
0.039803
0.0448841
0.130791
0.132716
0.0979477
0.107934
0.0427723
0.131212
0.0908842
0.040401
0.0292588
0.138511
0.090193
0.042457
0.109852
0.148247
0.125476
0.138428
0.138005
0.0200493
0.0227838
0.0634583
0.145765
0.127997
0.13605
0.130527
0.148168
0.14684
0.15226
0.110058
0.112417
0.0967378
0.138336
0.106156
0.0381474
0.0435671
0.148176
0.148411
0.149992
0.019539
0.114206
0.160225
0.116973
0.0758968
0.108394
0.0183673
0.0799952
0.0728023
0.150233
0.130751
0.0244484
0.101897
0.0406125
0.135064
0.0398597
0.0899844
0.149494
0.0889546
0.0385566
0.0432731
0.166972
0.066404
0.0313134
0.13166
0.070331
0.151281
0.147722
0.0728367
0.0448513
0.0199871
0.0756189
0.126553
0.0751813
0.121467
0.127489
0.120741
0.1151
0.152148
0.043699
0.021909
0.135398
0.0935041
0.147549
0.0234534
0.129422
0.130569
0.128559
0.143508
0.0314272
0.145092
0.0524284
0.0237209
0.16108
0.133302
0.0222887
0.107257
0.111796
0.101692
0.100475
0.0713879
0.134181
0.12678
0.135742
0.130796
0.10257
0.0959018
0.0876874
0.0898372
0.131312
0.103186
0.132333
0.065725
0.139029
0.161759
0.125776
0.0193511
0.0907017
0.0434713
0.0876196
0.14897
0.0746861
0.065953
0.175378
0.084568
0.147265
0.144644
0.11073
0.106739
0.122387
0.105746
0.149021
0.141433
0.0656222
0.0713976
0.133314
0.0145664
0.108241
0.124726
0.0219069
0.118886
0.138128
0.0861897
0.0581696
0.127947
0.146485
0.0979044
0.104116
0.149093
0.14838
0.125016
0.0767589
0.0860342
0.0191185
0.131816
0.104556
0.15633
0.140297
0.0235657
0.0607086
0.084247
0.137116
0.144693
0.0437719
0.140063
0.13206
0.147004
0.0957468
0.123766
0.0281339
0.0427764
0.142355
0.155121
0.151967
0.0169603
0.1483
0.162752
0.127512
0.146372
0.119904
0.129301
0.0722862
0.112486
0.120778
0.0278217
0.125377
0.121828
0.133616
0.0871858
0.0419953
0.138924
0.13408
0.131454
0.145613
0.0470277
0.0872792
0.0389522
0.136639
0.163193
0.123451
0.144569
0.149599
0.120762
0.0954153
0.0394065
0.100806
0.150309
0.0935516
0.0853789
0.0284386
0.0341709
0.0675462
0.142511
0.063274
0.139021
0.0959902
0.129886
0.0707944
0.148577
0.0618913
0.111822
0.109012
0.0481014
0.113085
0.106224
0.11919
0.0991145
0.098406
0.0510084
0.123675
0.178119
0.046011
0.106344
0.14635
0.0887087
0.0684084
0.115206
0.117964
0.111796
0.141117
0.147535
0.130994
0.12304
0.130251
0.0737306
0.0212052
0.109156
0.153959
0.09862
0.0569191
0.124472
0.153342
0.0685324
0.116677
0.120999
0.136653
0.123771
0.135972
0.061176
0.124634
0.0282209
0.0760411
0.0692799
0.128732
0.0283477
0.0406524
0.126681
0.127321
0.0971972
0.114505
0.152707
0.103374
0.0694005
0.143797
0.0612081
0.144707
0.148444
0.131507
0.150806
0.142576
0.0478976
0.12897
0.0247695
0.0600711
0.0901681
0.143563
0.0880059
0.027745
0.105532
0.0425932
0.0390876
0.134434
0.135401
0.109489
0.0933886
0.129215
0.145299
0.125232
0.049027
0.13488
0.0888416
0.128535
0.0285266
0.165604
0.136705
0.145588
0.129577
0.134401
0.0287699
0.0785947
0.110432
0.081493
0.138059
0.0433986
0.110217
0.137341
0.104913
0.0299652
0.0485582
0.124395
0.124707
0.135454
0.0814138
0.0967939
0.141798
0.0913932
0.0275872
0.128147
0.0451329
0.13214
0.132763
0.067871
0.13532
0.0706774
0.0288766
0.0636823
0.140916
0.0206479
0.11609
0.147072
0.133228
0.0470883
0.11365
0.127676
0.135908
0.143124
0.090342
0.0204509
0.0988083
0.105564
0.145248
0.149257
0.134013
0.130199
0.129447
0.0779332
0.0278144
0.104815
0.0284925
0.134096
0.0432492
0.0713699
0.144695
0.132178
0.14327
0.100377
0.0516116
0.134996
0.163413
0.133031
0.0279163
0.0438049
0.133331
0.0423972
0.111727
0.131296
0.135441
0.14287
0.049503
0.0238189
0.140729
0.0286096
0.137223
0.0886745
0.118249
0.0336813
0.152593
0.135288
0.128406
0.144691
0.0218862
0.107715
0.041188
0.0685442
0.142538
0.072311
0.110855
0.0271298
0.0410799
0.108541
0.122825
0.144465
0.0210314
0.0445967
0.0363408
0.11029
0.147446
0.0271139
0.0670997
0.0368901
0.134757
0.151856
0.14556
0.0191018
0.0646608
0.111106
0.137932
0.0465737
0.135058
0.144014
0.138689
0.141657
0.0463446
0.0901845
0.170205
0.0355533
0.0192091
0.0981046
0.107176
0.14494
0.117515
0.0907607
0.126369
0.144736
0.139699
0.0218234
0.132939
0.116034
0.0951966
0.126611
0.0468495
0.138945
0.135874
0.141801
0.0380479
0.143008
0.12555
0.143335
0.133239
0.0380374
0.146872
0.1372
0.146587
0.0535362
0.137824
0.136659
0.0924582
0.113754
0.0738201
0.140232
0.0863677
0.0728644
0.0914904
0.0985886
0.0804285
0.110176
0.0837097
0.0231057
0.119306
0.148459
0.118404
0.104368
0.103296
0.099562
0.126764
0.131953
0.0932365
0.124613
0.105654
0.13032
0.0695593
0.0703965
0.047078
0.0711407
0.0841211
0.132127
0.144039
0.143582
0.150792
0.134644
0.08965
0.0981737
0.111714
0.108412
0.11363
0.138026
0.103901
0.021102
0.128961
0.119976
0.138648
0.0858937
0.129927
0.15458
0.108518
0.133889
0.0827673
0.129613
0.124475
0.0927781
0.0574572
0.0657777
0.0935254
0.146331
0.103861
0.139375
0.142385
0.062125
0.124243
0.0190637
0.132863
0.134572
0.117162
0.133236
0.136691
0.131556
0.140866
0.0808338
0.104713
0.110858
0.144998
0.0722777
0.106226
0.0641418
0.141608
0.138362
0.140093
0.0210603
0.0426001
0.141147
0.100087
0.146223
0.117913
0.132924
0.137169
0.142115
0.123152
0.106854
0.145008
0.125127
0.114723
0.0924236
0.13922
0.165047
0.115053
0.137003
0.128223
0.11944
0.092177
0.12491
0.089486
0.147674
0.144588
0.116427
0.148003
0.0388201
0.0379587
0.025839
0.1298
0.146119
0.0184541
0.0656165
0.152432
0.134442
0.0873161
0.0880743
0.170315
0.018674
0.0682671
0.0922383
0.10954
0.143011
0.0683778
0.128148
0.104898
0.127397
0.107659
0.135176
0.0194965
0.0195556
0.089309
0.131168
0.133332
0.130775
0.120765
0.104961
0.108286
0.0204714
0.0838749
0.144275
0.105289
0.139899
0.019953
0.133201
0.106976
0.10035
0.0678267
0.0368964
0.0946613
0.0429067
0.136576
0.14963
0.149375
0.124133
0.134414
0.137576
0.11095
0.0568311
0.158212
0.0663865
0.107887
0.103023
0.14437
0.132355
0.148923
0.0916045
0.141363
0.0195001
0.125003
0.133539
0.138981
0.11056
0.0855594
0.122494
0.14435
0.0244756
0.0453461
0.0422365
0.0785078
0.132123
0.140954
0.0963364
0.108451
0.123011
0.111775
0.105431
0.132136
0.0659152
0.130114
0.116538
0.153281
0.110443
0.130347
0.14403
0.0632878
0.0822396
0.129132
0.0503613
0.141104
0.119099
0.0630715
0.143123
0.100686
0.0445816
0.139537
0.1357
0.144144
0.123801
0.139707
0.0288444
0.120739
0.100066
0.098596
0.0944743
0.108348
0.0444397
0.12295
0.107388
0.0703413
0.0728272
0.161815
0.135405
0.142934
0.13376
0.124142
0.113989
0.0453874
0.0985615
0.080801
0.143041
0.106126
0.13858
0.0711199
0.124684
0.0199218
0.0985234
0.101009
0.149391
0.169722
0.139463
0.135303
0.106051
0.13187
0.0860411
0.132888
0.134496
0.14446
0.066108
0.127276
0.131206
0.133467
0.0191333
0.137815
0.105859
0.0956253
0.125914
0.0392811
0.125886
0.0838837
0.0884269
0.127648
0.131224
0.150471
0.134612
0.0478285
0.131564
0.138038
0.127251
0.105342
0.0123333
0.131156
0.0862874
0.140777
0.138042
0.13047
0.0897453
0.125901
0.0628263
0.120027
0.0687338
0.134496
0.0635487
0.0687387
0.138663
0.0742183
0.113525
0.0408826
0.0897353
0.140542
0.119092
0.0423036
0.128395
0.132619
0.130235
0.139247
0.122851
0.164199
0.110838
0.117494
0.058345
0.0519693
0.0702552
0.152641
0.135238
0.105695
0.135487
0.139599
0.0464864
0.0619534
0.0697956
0.124712
0.0431276
0.0847813
0.134735
0.118692
0.137499
0.0714861
0.137794
0.0933942
0.0224812
0.0302703
0.122405
0.142149
0.133305
0.0420092
0.142823
0.131862
0.132899
0.116782
0.123452
0.0417351
0.0871065
0.133497
0.139529
0.125194
0.141389
0.12963
0.131467
0.152845
0.124208
0.092061
0.070189
0.0296055
0.132877
0.12957
0.126598
0.0932891
0.128443
0.127371
0.138066
0.0750968
0.0414665
0.125828
0.136794
0.106779
0.0914656
0.127105
0.0744604
0.12347
0.0421197
0.0942159
0.144449
0.0107282
0.0172456
0.139246
0.113527
0.141331
0.154005
0.124015
0.1278
0.153418
0.126482
0.138478
0.061273
0.107298
0.126263
0.151919
0.106926
0.125039
0.0951377
0.0991463
0.141778
0.110873
0.084124
0.0911291
0.0972501
0.117068
0.097897
0.139175
0.108998
0.108419
0.133639
0.0719616
0.0809562
0.0335623
0.149937
0.0965361
0.0666895
0.0818713
0.105322
0.137046
0.0705447
0.0696109
0.0950996
0.112716
0.0941858
0.0169856
0.119533
0.0219562
0.0947457
0.111821
0.0408542
0.139269
0.0922617
0.137917
0.0653405
0.114036
0.0997632
0.145064
0.0686812
0.080498
0.127493
0.0977309
0.0952672
0.126757
0.137949
0.129606
0.060517
0.0965815
0.124704
0.141496
0.123754
0.103733
0.131128
0.0600411
0.124078
0.0304534
0.139189
0.0706656
0.0203459
0.132761
0.11923
0.120216
0.0827378
0.0725184
0.092703
0.0577828
0.143593
0.135671
0.135314
0.0499981
0.0986559
0.022968
0.124238
0.046343
0.132781
0.0967294
0.166683
0.145099
0.119638
0.12861
0.128776
0.0490047
0.127963
0.137459
0.0634931
0.132692
0.0350222
0.139785
0.130462
0.130461
0.14541
0.159184
0.0734679
0.125101
0.154516
0.0424437
0.0283674
0.0937736
0.0255404
0.108032
0.11793
0.0928834
0.048599
0.0197806
0.132546
0.0917008
0.0988853
0.137784
0.121782
0.101649
0.107421
0.0964551
0.103333
0.124865
0.134997
0.136227
0.125276
0.0910186
0.103947
0.0983283
0.0710247
0.118051
0.0882987
0.0746677
0.117698
0.12124
0.117061
0.121259
0.0696441
0.0949829
0.144464
0.104278
0.100364
0.137542
0.0788578
0.121404
0.0892751
0.139429
0.125312
0.0613336
0.0741013
0.067119
0.137375
0.126268
0.136061
0.0391066
0.119101
0.124676
0.133573
0.0880808
0.124331
0.135659
0.0944414
0.133964
0.0202292
0.0221557
0.13481
0.122443
0.0419703
0.139105
0.046602
0.130329
0.136885
0.108541
0.0901873
0.119221
0.0586712
0.0981725
0.0725582
0.0172924
0.0731991
0.101365
0.0871469
0.0320801
0.146627
0.0974617
0.0954111
0.103587
0.130396
0.141686
0.10569
0.0261475
0.0683888
0.119869
0.0430842
0.0914186
0.133458
0.0782456
0.126549
0.0718631
0.130767
0.0900508
0.115213
0.108105
0.108517
0.0908918
0.0640993
0.0954531
0.0383287
0.142888
0.132714
0.143466
0.0655703
0.1361
0.150334
0.0994646
0.0951603
0.105887
0.0649271
0.143676
0.148206
0.0234747
0.116134
0.133951
0.0432267
0.067696
0.0960552
0.141974
0.11222
0.13288
0.0490395
0.10587
0.13702
0.0420433
0.140804
0.140314
0.0769442
0.132056
0.14511
0.0388838
0.0825175
0.124193
0.118565
0.0974411
0.114691
0.134158
0.10033
0.126672
0.0704562
0.0475279
0.138458
0.132199
0.124559
0.0547529
0.0307956
0.0768132
0.0943463
0.121615
0.139532
0.15363
0.121767
0.0451223
0.0428843
0.0468734
0.0392949
0.0486831
0.133735
0.0902427
0.103318
0.128013
0.0702937
0.12528
0.0958061
0.118131
0.0954812
0.111306
0.154177
0.116198
0.14927
0.0736774
0.0899027
0.108273
0.130009
0.102185
0.068294
0.0438371
0.110812
0.0422368
0.121637
0.120915
0.132953
0.145017
0.0935051
0.126822
0.0210709
0.146681
0.126145
0.097024
0.0429908
0.126487
0.153263
0.120581
0.104342
0.0895897
0.128201
0.117916
0.124568
0.139038
0.0853391
0.138617
0.110877
0.0667155
0.12626
0.106077
0.107745
0.125231
0.0466874
0.136603
0.130414
0.0202363
0.0275457
0.148162
0.0428294
0.0761982
0.0969563
0.0677001
0.106414
0.134819
0.0119483
0.119612
0.0746009
0.118235
0.144803
0.147132
0.0205499
0.096195
0.118479
0.094103
0.12544
0.149406
0.149185
0.0433595
0.0733916
0.103761
0.049422
0.132442
0.111715
0.0764746
0.12571
0.0428193
0.0972149
0.0903493
0.140903
0.0203613
0.140066
0.121567
0.126185
0.139272
0.12693
0.124558
0.0930237
0.0843037
0.134661
0.0152335
0.138105
0.139275
0.128409
0.135085
0.153576
0.0587563
0.114249
0.111151
0.129638
0.142904
0.0725938
0.0502405
0.131795
0.0377778
0.0868263
0.0289711
0.121413
0.0962331
0.0927486
0.138269
0.0778485
0.125625
0.114463
0.0287283
0.120301
0.113284
0.0361994
0.130345
0.10404
0.0602012
0.038686
0.111803
0.137747
0.135151
0.0717008
0.0728424
0.0199347
0.0774217
0.138667
0.129824
0.0216609
0.091549
0.144696
0.0433412
0.140385
0.116456
0.0996728
0.129019
0.10368
0.112056
0.0774373
0.12199
0.0641023
0.073565
0.11193
0.140033
0.0881106
0.0596972
0.126175
0.133828
0.114814
0.092364
0.0962799
0.112492
0.129647
0.132208
0.136144
0.0640212
0.0776172
0.0441581
0.100349
0.121662
0.114695
0.0803476
0.109224
0.0248064
0.0221514
0.146662
0.134575
0.090229
0.141939
0.0746463
0.12814
0.0200879
0.12592
0.127697
0.0832812
0.0629174
0.119133
0.0998353
0.138622
0.108985
0.114123
0.0981687
0.0201816
0.0168395
0.0865407
0.1332
0.116826
0.0822605
0.0908875
0.0929388
0.121693
0.11066
0.0645306
0.142425
0.0238205
0.110033
0.123208
0.0523434
0.118399
0.0421436
0.108028
0.129668
0.13157
0.104108
0.0413785
0.129193
0.0276276
0.0488647
0.0832845
0.0424858
0.0646365
0.01543
0.0835524
0.105221
0.115399
0.108287
0.121778
0.128673
0.131339
0.0242313
0.120143
0.084711
0.0429654
0.120588
0.0905111
0.106179
0.0190108
0.137353
0.105333
0.131891
0.135595
0.0824899
0.146732
0.124423
0.0256928
0.120075
0.0900969
0.0756931
0.107512
0.0425691
0.0767209
0.130427
0.117453
0.0762212
0.0401323
0.113504
0.108986
0.138671
0.113505
0.0472008
0.0726311
0.025573
0.0772216
0.105166
0.095667
0.131504
0.028503
0.13976
0.0806791
0.126323
0.110635
0.10179
0.116296
0.0855455
0.116984
0.120781
0.0546152
0.107729
0.0964635
0.139568
0.0973418
0.0986602
0.122609
0.112772
0.118852
0.0907346
0.0417176
0.101626
0.133703
0.125028
0.132475
0.0961163
0.0220999
0.12775
0.118383
0.12649
0.0210076
0.123707
0.0956087
0.0910249
0.0829942
0.124599
0.0534559
0.102133
0.0713904
0.0375015
0.133653
0.0819598
0.131615
0.139437
0.0666691
0.107567
0.118641
0.0449372
0.103665
0.0325196
0.134993
0.122176
0.131645
0.100325
0.128804
0.135597
0.0704468
0.130599
0.148804
0.119829
0.0706623
0.0263275
0.120861
0.0660368
0.0430334
0.123125
0.1124
0.0790047
0.088927
0.118486
0.1072
0.144896
0.127486
0.0336374
0.0181584
0.0745777
0.0477985
0.0937908
0.13426
0.0991427
0.0533941
0.0942405
0.0958837
0.0414053
0.0594664
0.106739
0.138129
0.133852
0.0813926
0.0369602
0.0201481
0.127008
0.14608
0.122163
0.106697
0.0202135
0.0824209
0.0792584
0.0806342
0.0183099
0.0353742
0.108438
0.0861697
0.128241
0.0196054
0.0750277
0.0960988
0.0902125
0.140121
0.120214
0.102146
0.107546
0.135323
0.0933962
0.0901988
0.0832188
0.12161
0.122285
0.135431
0.119166
0.0188213
0.123874
0.0895558
0.112891
0.121816
0.0678808
0.0796067
0.105082
0.11077
0.141974
0.0198075
0.119054
0.122515
0.132264
0.124109
0.0958847
0.0959645
0.142847
0.0898912
0.0231251
0.133523
0.120371
0.105406
0.026394
0.131654
0.0497733
0.121892
0.0945012
0.106915
0.0511038
0.0980661
0.0590354
0.0794466
0.0252033
0.0844663
0.135572
0.136793
0.0691171
0.0445892
0.092122
0.0307484
0.135347
0.0786736
0.0297873
0.122683
0.12011
0.110919
0.0627815
0.0721321
0.0861385
0.119665
0.118103
0.0685136
0.121367
0.13425
0.121792
0.134526
0.0745385
0.0594841
0.138947
0.121886
0.0733693
0.0943736
0.0202971
0.120637
0.06389
0.122179
0.049845
0.144684
0.0843962
0.0445685
0.100854
0.0617787
0.133073
0.0432271
0.112587
0.122271
0.114584
0.0946812
0.141436
0.117918
0.129169
0.135611
0.121883
0.0928069
0.100023
0.0781331
0.0394438
0.135403
0.103706
0.0736041
0.0752872
0.109443
0.105263
0.0361512
0.0526805
0.0787058
0.131454
0.143078
0.137851
0.128314
0.105278
0.0776545
0.109381
0.117703
0.105911
0.0410772
0.0817313
0.0311548
0.0805939
0.0377102
0.149009
0.111136
0.0948878
0.0882482
0.0780302
0.133423
0.0536855
0.119449
0.0976249
0.133399
0.0785406
0.0477048
0.0553661
0.11388
0.0745749
0.0832847
0.0698237
0.12031
0.125894
0.0443399
0.105942
0.13167
0.112936
0.134224
0.135432
0.0396448
0.133924
0.0794345
0.122853
0.0773106
0.0663184
0.118589
0.117766
0.117941
0.0827209
0.0401639
0.0881874
0.10143
0.0885545
0.026968
0.0766083
0.133804
0.124586
0.0805639
0.106022
0.105806
0.0998262
0.0912295
0.0660322
0.0765434
0.117444
0.0618198
0.0749338
0.0876278
0.128657
0.110581
0.108421
0.0807974
0.116042
0.0733867
0.0612108
0.0787236
0.0165794
0.138492
0.0982253
0.071817
0.125844
0.124968
0.0920594
0.0414174
0.0790618
0.0721715
0.022669
0.134144
0.116379
0.0435866
0.0778635
0.127801
0.0755818
0.110267
0.11607
0.141001
0.115053
0.0661176
0.1031
0.135229
0.105384
0.0493038
0.015663
0.130089
0.0569514
0.119431
0.0192567
0.132631
0.139434
0.043254
0.137901
0.117954
0.098815
0.110884
0.0961546
0.127419
0.0785083
0.0568608
0.0696671
0.090919
0.0795262
0.106526
0.0977691
0.0974794
0.0882111
0.104476
0.0895615
0.0726691
0.0649518
0.128431
0.0942756
0.0875119
0.075243
0.016461
0.13529
0.140065
0.103282
0.10721
0.040735
0.066265
0.017449
0.0915441
0.0717666
0.0791398
0.103146
0.12059
0.105435
0.0702588
0.0124582
0.0195967
0.120014
0.110113
0.156993
0.11446
0.0173169
0.0960221
0.0851465
0.0902575
0.0339118
0.0972449
0.0770907
0.110702
0.120036
0.0773332
0.0686755
0.116838
0.0412006
0.0182576
0.0193511
0.0811587
0.0366776
0.0644878
0.101768
0.0379812
0.0840262
0.0285414
0.124107
0.112057
0.0487406
0.109008
0.0933211
0.0708264
0.115448
0.0921622
0.111395
0.128792
0.0799021
0.0432527
0.109688
0.123526
0.0922346
0.040145
0.102714
0.0174515
0.113713
0.126407
0.0198485
0.137033
0.140301
0.129771
0.0607669
0.112247
0.0897557
0.115781
0.0938867
0.144173
0.117372
0.013567
0.0728761
0.0799902
0.058996
0.0679205
0.0173238
0.10168
0.0659873
0.0773616
0.0629553
0.116719
0.125065
0.022687
0.0641415
0.0740039
0.0394451
0.104266
0.069431
0.112637
0.104291
0.115026
0.0733632
0.0174525
0.0943658
0.0773099
0.0296812
0.0735196
0.141731
0.0160563
0.0714582
0.0295265
0.0880301
0.0834428
0.0418037
0.108859
0.10658
0.105016
0.0863897
0.0770896
0.0985187
0.105468
0.041879
0.0367703
0.0733479
0.0874023
0.0295341
0.0179084
0.0897569
0.0779909
0.0662282
0.10975
0.0216228
0.105849
0.11025
0.0728668
0.0193987
0.110595
0.0432491
0.0834448
0.0189724
0.0743985
0.105771
0.041369
0.0397517
0.0866588
0.104749
0.10742
0.0566414
0.126428
0.05572
0.0919779
0.0846922
0.105127
0.0171384
0.109497
0.0949296
0.075062
0.103628
0.10846
0.115087
0.0375023
0.074165
0.027313
0.0421931
0.0988199
0.0737092
0.0751783
0.0784836
0.114282
0.0198504
0.0590578
0.0756913
0.106153
0.088241
0.0941763
0.0714439
0.026584
0.0681428
0.109918
0.118278
0.0815779
0.110061
0.11103
0.0816977
0.083687
0.112388
0.0906094
0.0246954
0.0756196
0.0817216
0.0247207
0.0631816
0.0409154
0.0753392
0.0411801
0.0944367
0.0681077
0.071937
0.0358106
0.079764
0.0992192
0.0542356
0.0853115
0.0203538
0.0566313
0.0814768
0.113934
0.0824555
0.11333
0.139553
0.10938
0.12798
0.0793853
0.106404
0.0925073
0.0627295
0.0871272
0.0185634
0.0577398
0.1054
0.0814389
0.0624669
0.099934
0.107737
0.125426
0.104638
0.0415121
0.0965171
0.10702
0.0749064
0.0627411
0.0588935
0.110274
0.0701324
0.0511343
0.101687
0.0137477
0.0881098
0.0748826
0.0573003
0.117468
0.132461
0.0964981
0.107246
0.062185
0.0531705
0.027382
0.0997383
0.0891554
0.106951
0.0650383
0.116002
0.118465
0.0911602
0.0835096
0.0830795
0.127317
0.116154
0.0154442
0.0997549
0.0725068
0.119652
0.10756
0.1008
0.0992025
0.0376774
0.114506
0.108848
0.0901235
0.0862363
0.0891667
0.0918599
0.111566
0.0260572
0.103961
0.0639008
0.0254103
0.083275
0.0951797
0.0481524
0.0957301
0.081467
0.0962268
0.0618389
0.102945
0.0395339
0.0877326
0.0986216
0.0839389
0.088255
0.0783347
0.0249586
0.074626
0.130193
0.0375575
0.134927
0.0776321
0.063592
0.0994576
0.070771
0.107842
0.0156175
0.0427468
0.0769617
0.0808305
0.0864757
0.0980782
0.08099
0.0386318
0.118448
0.126858
0.0593995
0.074064
0.0770602
0.0732929
0.0349023
0.0993385
0.0949447
0.0314411
0.0921128
0.0979099
0.104327
0.0370046
0.0353786
0.0521031
0.0429424
0.041527
0.0198753
0.0386528
0.0518703
0.0193483
0.132582
0.0654185
0.017077
0.110588
0.121799
0.0411591
0.0967281
0.0395059
0.106664
0.0915964
0.119675
0.0408955
0.0209987
0.0444086
0.128924
0.130606
0.0289611
0.138854
0.0363762
0.118685
0.0639201
0.148281
0.102203
0.0437258
0.0707947
0.140019
0.0745974
0.111164
0.136074
0.113333
0.0432184
0.00864731
0.0546258
0.0422907
0.118882
0.0375763
0.0805358
0.0222906
0.104251
0.0394057
0.113808
0.110325
0.102775
0.0207772
0.0423846
0.0747824
0.0460909
0.132218
0.131303
0.104631
0.122847
0.13212
0.0495467
0.0981271
0.0730319
0.118927
0.100724
0.094977
0.133001
0.0356004
0.0733085
0.0392791
0.106708
0.0211417
0.0990546
0.0380928
0.0689533
0.105018
0.107854
0.0374348
0.110495
0.0926474
0.0717618
0.0869683
0.110443
0.0586522
0.0720548
0.0422771
0.0678513
0.0422998
0.0466234
0.115215
0.0377422
0.0927525
0.0734532
0.0196585
0.0982091
0.043497
0.0708917
0.0731597
0.0995335
0.0416951
0.0665973
)
;


// ************************************************************************* //
