/*--------------------------------*- C++ -*----------------------------------*\
| =========                 |                                                 |
| \\      /  F ield         | OpenFOAM: The Open Source CFD Toolbox           |
|  \\    /   O peration     | Version:  v2012                                 |
|   \\  /    A nd           | Website:  www.openfoam.com                      |
|    \\/     M anipulation  |                                                 |
\*---------------------------------------------------------------------------*/
FoamFile
{
    version     2.0;
    format      ascii;
    class       volScalarField::Internal;
    location    "800";
    object      V0;
}
// * * * * * * * * * * * * * * * * * * * * * * * * * * * * * * * * * * * * * //

dimensions      [0 3 0 0 0 0 0];


value           nonuniform List<scalar> 
9793
(
0.0334272
0.00144294
0.0892291
0.00114519
0.186501
0.00699001
0.00914786
0.00216157
0.0527706
0.00154629
0.161496
0.136422
0.1407
0.00495595
0.0889747
0.0379461
0.0166892
0.0864985
0.00167732
0.11886
0.103444
0.179901
0.00189873
0.00171511
0.00449375
0.0228249
0.140651
0.20361
0.098372
0.00864887
0.00129544
0.00616909
0.102262
0.101973
0.167514
0.0217429
0.0388315
0.0205774
0.00363616
0.0220514
0.0106077
0.00413939
0.00176048
0.175147
0.0819265
0.113152
0.00153425
0.170278
0.0768059
0.0974518
0.0281285
0.151562
0.0187167
0.173865
0.0170196
0.00197648
0.134718
0.0120131
0.0682233
0.179812
0.0179941
0.00547094
0.0927252
0.0274753
0.168181
0.0603955
0.00131353
0.0331111
0.038629
0.00337038
0.0469115
0.00431809
0.00185633
0.0166378
0.0049466
0.162005
0.0113847
0.00367768
0.0852372
0.156588
0.00738917
0.00200837
0.0146416
0.0320299
0.0369659
0.00587853
0.15896
0.0189403
0.00359549
0.0057805
0.0020533
0.00336407
0.00433466
0.0159394
0.00216691
0.0941884
0.00461073
0.0129328
0.028567
0.187407
0.00364432
0.0201768
0.0156425
0.0877291
0.00548287
0.00275576
0.0194782
0.125262
0.0863795
0.180381
0.143477
0.00201184
0.00182106
0.00118391
0.0518502
0.13009
0.0499146
0.0990461
0.00185309
0.0824055
0.00669099
0.0192457
0.00367397
0.0182098
0.0457616
0.0929046
0.0127534
0.00150598
0.0109394
0.0123157
0.0340617
0.102099
0.0362979
0.0366639
0.0295407
0.00596656
0.00638415
0.041118
0.178194
0.00888795
0.00193527
0.020617
0.0603885
0.018251
0.00147082
0.00356589
0.0956617
0.00210645
0.0850319
0.0825928
0.144158
0.00245562
0.0350312
0.116318
0.057646
0.00368513
0.0128417
0.0965754
0.00486748
0.0584348
0.0180312
0.0332392
0.0788416
0.0023349
0.0595367
0.00411526
0.0156334
0.0517477
0.134792
0.169313
0.0495913
0.00171435
0.00186486
0.00644646
0.12714
0.00794402
0.00588054
0.00231206
0.099518
0.0337795
0.00699772
0.00142879
0.0165737
0.0985438
0.100897
0.128121
0.00489946
0.00179781
0.00228926
0.0146009
0.0568269
0.00107128
0.00208501
0.0203634
0.0679407
0.0321197
0.00197699
0.105598
0.0664551
0.14806
0.0496795
0.0637258
0.0248646
0.0312871
0.00217886
0.0512858
0.0209564
0.0484005
0.0417163
0.00287907
0.0123666
0.00196976
0.109148
0.00259837
0.0295409
0.028972
0.0709266
0.00642402
0.136857
0.00880286
0.0109191
0.0796019
0.0019283
0.00813514
0.0124013
0.0918516
0.0170182
0.0114132
0.00866058
0.0064144
0.00240017
0.0124165
0.0316967
0.0225712
0.00232356
0.080741
0.00124815
0.00139932
0.102148
0.153873
0.00467607
0.0765468
0.116393
0.012377
0.0119619
0.0599347
0.027503
0.019261
0.0146411
0.0281758
0.0936922
0.012191
0.00176537
0.092586
0.00848068
0.142122
0.156845
0.133008
0.00199699
0.0765052
0.00317858
0.00312271
0.162516
0.125874
0.00421562
0.161562
0.155111
0.159722
0.00248739
0.00329662
0.0242967
0.00356177
0.011505
0.0158499
0.00149767
0.0523629
0.00123928
0.176244
0.0124575
0.00109339
0.00462615
0.0053793
0.0117282
0.0340312
0.0141588
0.0322061
0.0742165
0.0419102
0.00363209
0.017014
0.108994
0.170715
0.0862993
0.13572
0.0915501
0.000958618
0.126029
0.0826698
0.110191
0.116136
0.00136794
0.00311985
0.0055515
0.0301708
0.0170931
0.149859
0.0163031
0.00212917
0.0745863
0.0046288
0.027015
0.0762661
0.00124248
0.0155588
0.0998714
0.0121121
0.00124299
0.0454555
0.0106507
0.0855543
0.0423756
0.0106877
0.0140147
0.110249
0.0884949
0.0330209
0.00501238
0.00144877
0.0751816
0.119554
0.0636136
0.00144061
0.00162882
0.00200317
0.0802045
0.0125704
0.0106718
0.00211397
0.0105653
0.0790861
0.0742985
0.0715291
0.0144553
0.0554933
0.00156863
0.104891
0.106461
0.00918039
0.00130569
0.00255124
0.152403
0.00305821
0.0299514
0.00119794
0.00204946
0.00203
0.0313473
0.0167109
0.00614801
0.00201412
0.001764
0.0116771
0.199238
0.0212165
0.0706156
0.130584
0.0554587
0.137021
0.172335
0.00216862
0.154492
0.0122173
0.0214421
0.00758777
0.0668892
0.028309
0.00128477
0.00274261
0.00581952
0.0134735
0.104429
0.0288972
0.0911738
0.00416316
0.146277
0.00316102
0.00556395
0.00711017
0.00159493
0.0111279
0.144034
0.0872398
0.00561865
0.00421353
0.0556759
0.00176481
0.144945
0.137942
0.00143537
0.0975323
0.0112109
0.0789817
0.013223
0.110208
0.0506295
0.00823061
0.00407861
0.0217177
0.0191864
0.140621
0.0619453
0.00292309
0.0128016
0.100346
0.138412
0.0126605
0.0109849
0.0236516
0.00126539
0.141183
0.0766037
0.00351701
0.145683
0.00167496
0.00260005
0.095322
0.103848
0.0422762
0.162355
0.0737172
0.00419893
0.00719961
0.00379965
0.0135069
0.0450549
0.0168171
0.0196736
0.00195275
0.0175966
0.18777
0.0284188
0.00382826
0.051695
0.0452101
0.0477183
0.147699
0.111856
0.0695853
0.095507
0.158576
0.0371881
0.0285061
0.0107501
0.13749
0.00204407
0.0220442
0.00439567
0.00148096
0.0691323
0.0096913
0.00948223
0.0653002
0.121196
0.0528908
0.0076755
0.0101351
0.136293
0.115116
0.13912
0.00398137
0.00609086
0.00304573
0.167554
0.0429311
0.0128062
0.00136776
0.00383656
0.0176421
0.035182
0.00795928
0.00374087
0.00899773
0.0461672
0.0928305
0.00231052
0.087865
0.00556989
0.00510257
0.108607
0.00414647
0.0233374
0.00212845
0.0693283
0.00209516
0.00531561
0.0372993
0.00449433
0.0874205
0.00226395
0.12591
0.0851165
0.155875
0.0895417
0.00458322
0.0827696
0.0770573
0.0313062
0.0844147
0.0906118
0.0115335
0.0432703
0.0236663
0.106835
0.132096
0.00137668
0.0043688
0.0230644
0.00726557
0.0317741
0.0515827
0.0722511
0.0646092
0.00208516
0.0735694
0.166266
0.00129687
0.00300594
0.0141951
0.118643
0.170865
0.0445005
0.159416
0.00772248
0.0411125
0.0146028
0.0367073
0.00158855
0.153488
0.00123398
0.163199
0.00474294
0.0667728
0.0205956
0.00153691
0.131055
0.00361207
0.0740431
0.166221
0.0957344
0.00610447
0.00188726
0.0472465
0.0220394
0.0706881
0.00754718
0.116867
0.00958299
0.00228244
0.0156802
0.153673
0.0101801
0.132577
0.0397233
0.0702439
0.0120248
0.130308
0.00789102
0.142277
0.0561405
0.0205714
0.00620275
0.0071385
0.0803474
0.00126014
0.0820109
0.00562584
0.0644426
0.0573511
0.0933873
0.141615
0.169384
0.00341597
0.0320942
0.00358005
0.00701509
0.0116906
0.0166511
0.00144869
0.0347388
0.00626832
0.00127948
0.00454868
0.002335
0.00572439
0.00516872
0.0424436
0.00120346
0.0236818
0.0623944
0.00336961
0.136868
0.00312578
0.0167774
0.00718782
0.0115936
0.00144017
0.00185712
0.0238936
0.00809293
0.147607
0.00303132
0.0241422
0.0631936
0.0522331
0.0454827
0.0137953
0.00236918
0.0037196
0.00155225
0.0348297
0.0234515
0.00246162
0.00340989
0.0382744
0.0123646
0.030904
0.0014676
0.0107739
0.0945057
0.00456843
0.00443057
0.00172093
0.135412
0.0229773
0.00282251
0.0245607
0.00430068
0.0182727
0.0080068
0.0210881
0.033279
0.0625435
0.0666961
0.0119889
0.167531
0.0105647
0.00765581
0.00726063
0.156247
0.151381
0.0428978
0.0473107
0.146153
0.0665284
0.00743299
0.00792615
0.00388821
0.136925
0.00458455
0.127701
0.00135785
0.0214243
0.0102466
0.0113704
0.00560984
0.105473
0.112494
0.0101199
0.0749865
0.0613089
0.0148736
0.00342897
0.0477993
0.0122974
0.00485681
0.0250104
0.010907
0.00432017
0.0682134
0.0130324
0.0311687
0.0441895
0.0955835
0.00504879
0.00490494
0.00184277
0.0501464
0.0794669
0.0873376
0.0421923
0.0453639
0.0301445
0.00232104
0.0230309
0.14305
0.00385074
0.0227795
0.013485
0.067151
0.00114292
0.0366594
0.11771
0.00589286
0.00156945
0.0921654
0.0955867
0.0909378
0.0356447
0.102916
0.0218776
0.00558246
0.0496549
0.0105728
0.0397834
0.0581088
0.00668774
0.00205108
0.010382
0.12389
0.0697964
0.00972887
0.0174013
0.00856836
0.0962092
0.0704293
0.00134988
0.0164016
0.0219631
0.0109301
0.00696615
0.0804832
0.154722
0.0463595
0.00150897
0.165754
0.16897
0.00204528
0.011832
0.00512927
0.0111774
0.113829
0.00186518
0.123356
0.0700616
0.0598933
0.0185644
0.00114466
0.13938
0.0733078
0.0674655
0.0857971
0.124721
0.0458693
0.00200294
0.0161647
0.036912
0.142303
0.0173429
0.00885106
0.03257
0.0124794
0.160099
0.0831797
0.0364249
0.00168391
0.00718617
0.0427989
0.00158498
0.143577
0.0214329
0.00341499
0.00175797
0.0779196
0.136714
0.00189166
0.0127913
0.117581
0.154587
0.00793629
0.16539
0.00994605
0.101791
0.00220238
0.146505
0.151408
0.115881
0.0199925
0.0473899
0.0235038
0.0114734
0.00352929
0.0813703
0.115816
0.1479
0.0676251
0.0336302
0.0488749
0.018356
0.107867
0.0130351
0.00668497
0.0145582
0.0118536
0.140686
0.0605246
0.00121524
0.0112169
0.0920825
0.00860229
0.00127004
0.0573078
0.0733191
0.0904799
0.00711111
0.0146139
0.00181209
0.113569
0.0313643
0.135896
0.0363187
0.146675
0.00725478
0.0380947
0.00517069
0.132108
0.0090547
0.135002
0.0362914
0.0616843
0.0271473
0.00414937
0.00144057
0.0172002
0.00861556
0.0191955
0.0716307
0.00169238
0.00134114
0.0156262
0.063868
0.119489
0.00151134
0.0878128
0.000843721
0.077153
0.0266746
0.051647
0.114035
0.0694151
0.00426311
0.00179573
0.00105782
0.00404453
0.00134191
0.0902588
0.00633851
0.00244574
0.154016
0.05817
0.114851
0.00778075
0.0909907
0.00193893
0.0126349
0.00860908
0.0515622
0.00362237
0.0011798
0.0018286
0.018944
0.019693
0.131259
0.00237976
0.088339
0.00214779
0.00495141
0.00664107
0.00297691
0.00378828
0.0317067
0.038241
0.131639
0.0210228
0.00209314
0.00165541
0.107566
0.00132572
0.0354694
0.0106894
0.00381787
0.00414791
0.0046507
0.0683458
0.0189593
0.0227787
0.0406071
0.0380009
0.00713754
0.147445
0.00250717
0.12813
0.0763633
0.00849115
0.0116836
0.00818905
0.0339754
0.00210155
0.00258113
0.00413912
0.0118761
0.118912
0.0366666
0.10114
0.0648776
0.00352716
0.00971441
0.0346209
0.061578
0.0228726
0.00169045
0.0290601
0.0515367
0.00257449
0.096788
0.118969
0.0843744
0.0177532
0.0915136
0.034572
0.00127566
0.0105525
0.169781
0.00122373
0.00410203
0.106026
0.0417323
0.0187596
0.15008
0.124475
0.0826378
0.00278508
0.0161253
0.0423745
0.0174745
0.00994278
0.00320955
0.0462656
0.00699303
0.12513
0.0975971
0.002208
0.00741469
0.0110443
0.0515264
0.0847425
0.00147329
0.00368701
0.00525942
0.0013258
0.135555
0.0406357
0.080754
0.00106592
0.0250152
0.0100344
0.0262862
0.0614538
0.0397712
0.140084
0.119458
0.00882561
0.0976289
0.0065334
0.12546
0.0417712
0.0724146
0.0396158
0.00409266
0.00139318
0.0194914
0.00125256
0.118898
0.0123182
0.0316931
0.0046778
0.0629626
0.0735153
0.0144516
0.0143527
0.0125431
0.137551
0.00897734
0.00427506
0.00311701
0.0441038
0.00716092
0.00193479
0.0268454
0.00417414
0.00830317
0.0077406
0.0721357
0.0270944
0.0160968
0.0068394
0.118312
0.0184212
0.107748
0.144011
0.0457592
0.079465
0.040574
0.0760464
0.00217102
0.0248983
0.0358586
0.011299
0.0863315
0.0615684
0.0145651
0.00462181
0.00535578
0.0103051
0.0064101
0.135466
0.00201679
0.0202564
0.0014673
0.00973659
0.132903
0.050676
0.0333558
0.00195528
0.00151451
0.0105061
0.00605349
0.0917179
0.0599686
0.139412
0.135966
0.0012427
0.023786
0.0616077
0.0078944
0.00261308
0.00569633
0.0366531
0.0144093
0.0063001
0.0171494
0.024404
0.0023917
0.00539729
0.0520396
0.00431359
0.00724831
0.00795199
0.00311878
0.0195443
0.0371222
0.140798
0.0675761
0.0411342
0.0112803
0.00136374
0.0122967
0.162712
0.00542995
0.114233
0.00123282
0.00115934
0.117007
0.00131665
0.146258
0.0721612
0.0486036
0.00377455
0.00225597
0.0174684
0.0124218
0.0683718
0.00444145
0.149942
0.0186874
0.127216
0.0371709
0.0617929
0.00711299
0.0360802
0.00699864
0.0193046
0.128423
0.00285784
0.00647271
0.0244806
0.0247505
0.0329795
0.00209852
0.00907744
0.0545091
0.0807723
0.0390701
0.0329288
0.00113177
0.00286425
0.00575413
0.0258075
0.0931312
0.00259511
0.00907521
0.0509628
0.00205795
0.0943764
0.00806955
0.00146626
0.0922655
0.0012183
0.00187112
0.00655971
0.00124577
0.00700254
0.060714
0.0357586
0.00183837
0.00226174
0.0388347
0.00143525
0.0214758
0.0726201
0.108632
0.0370382
0.0185944
0.0265313
0.00306773
0.00136356
0.00380071
0.0120305
0.165998
0.00909116
0.0014731
0.0813047
0.00128717
0.00953476
0.13716
0.0272642
0.140229
0.0457501
0.0127689
0.00163425
0.0354534
0.101018
0.00146624
0.00394429
0.0148204
0.157817
0.0113463
0.072996
0.126894
0.00753693
0.00346912
0.121458
0.10318
0.00649284
0.00113129
0.00936307
0.0435691
0.00251472
0.0391353
0.1151
0.0446474
0.125808
0.0935899
0.101509
0.00205961
0.0158764
0.0195131
0.00177628
0.015777
0.00392757
0.00313136
0.00415015
0.00880528
0.0442362
0.144269
0.0438902
0.134948
0.00711104
0.111804
0.0041498
0.0200076
0.00763457
0.0977833
0.0020979
0.00891736
0.00178051
0.128595
0.00172359
0.0251603
0.00847319
0.00582994
0.0179329
0.111843
0.00284274
0.0150123
0.00374042
0.0918254
0.00746146
0.0992345
0.00168523
0.00275551
0.0108012
0.0727423
0.0942265
0.00432231
0.00130859
0.0215279
0.0723749
0.00827726
0.00622468
0.0157453
0.0168901
0.00446182
0.0584405
0.0117952
0.0683939
0.0212704
0.0856841
0.00309974
0.0778045
0.044192
0.00601265
0.00131961
0.129654
0.0116118
0.0260065
0.00595176
0.132998
0.00381709
0.0182692
0.00890555
0.0569936
0.133805
0.00155762
0.0255966
0.00178158
0.0134097
0.00127273
0.0310961
0.0676415
0.0803041
0.0250556
0.0193922
0.020047
0.00116018
0.0340522
0.0155537
0.0077824
0.117697
0.0594666
0.0161672
0.0060027
0.00110308
0.0614765
0.0019339
0.127116
0.00526922
0.00182585
0.0154524
0.0746936
0.0749565
0.013462
0.00361671
0.0301786
0.165525
0.0425561
0.0161842
0.0415608
0.00246715
0.00158661
0.00136221
0.121503
0.0228494
0.00246103
0.136577
0.00553453
0.0794831
0.00406785
0.0141731
0.0613999
0.00903637
0.00360979
0.0461312
0.0134062
0.0705514
0.00843308
0.00423555
0.00573767
0.00272053
0.0975146
0.0284891
0.00217193
0.0551191
0.00914373
0.0124707
0.0340166
0.0860009
0.00262245
0.0153405
0.00306132
0.0456954
0.00608235
0.044524
0.00250122
0.0209379
0.0278496
0.0133803
0.00203652
0.121002
0.143554
0.00475117
0.00399561
0.00157624
0.00275698
0.0257501
0.0496221
0.0731544
0.00433454
0.11875
0.00678517
0.00657296
0.0112913
0.133359
0.096259
0.0986333
0.0141451
0.0213534
0.00139146
0.0040429
0.00379165
0.00777479
0.116788
0.00149258
0.0433591
0.0165107
0.039115
0.014377
0.00761587
0.0676545
0.0905478
0.0168277
0.0974484
0.00989723
0.00427688
0.00134738
0.00532549
0.0242866
0.00389577
0.0733065
0.0520526
0.13885
0.00334993
0.00711983
0.0129434
0.0077742
0.00422504
0.0147538
0.00492298
0.0656657
0.130798
0.00190882
0.0602681
0.00428562
0.0946403
0.0713697
0.00689841
0.00308073
0.0701577
0.00596673
0.001415
0.00431209
0.0129774
0.0324383
0.0159313
0.0216528
0.00366036
0.0538487
0.00605432
0.00149877
0.0177656
0.0345083
0.094209
0.00223208
0.0692469
0.074543
0.0042234
0.0424041
0.0898478
0.00569129
0.018548
0.00387173
0.00387596
0.00135313
0.00193165
0.075606
0.0365539
0.0680273
0.139749
0.00438994
0.0505983
0.00201272
0.0426208
0.0017343
0.016916
0.0390027
0.102702
0.0282848
0.017839
0.070981
0.0872382
0.00629906
0.0803926
0.0191531
0.0388084
0.000910717
0.0152184
0.0924395
0.0466348
0.0137261
0.121418
0.107692
0.119062
0.134396
0.040621
0.0585678
0.0333139
0.0123134
0.010174
0.00111216
0.00164315
0.00173915
0.0903913
0.140726
0.0452785
0.107834
0.0718884
0.0858591
0.015602
0.0728087
0.125111
0.138546
0.0954034
0.0484106
0.00134144
0.0442589
0.114338
0.00203915
0.0183068
0.0975612
0.00215121
0.00119805
0.120136
0.00350315
0.00296457
0.0544605
0.00806681
0.0185896
0.114813
0.0198424
0.128458
0.0234964
0.140898
0.160591
0.0881217
0.00121228
0.0241118
0.00898415
0.140252
0.148044
0.00170952
0.0167867
0.120018
0.0316483
0.0316894
0.193104
0.00420551
0.0017564
0.00377771
0.00276274
0.00370379
0.014346
0.183131
0.00204668
0.0059294
0.0397251
0.012261
0.166028
0.0670651
0.145981
0.0110021
0.00674545
0.117665
0.099828
0.00816769
0.093107
0.00340171
0.0533457
0.00167561
0.00614112
0.00787931
0.0973028
0.0213982
0.0128473
0.0155665
0.0458016
0.0121132
0.00476262
0.00659563
0.122562
0.00224845
0.00238752
0.0894551
0.00397004
0.0096933
0.00285262
0.00713053
0.0713185
0.0216644
0.0180155
0.103059
0.0264921
0.116971
0.00950673
0.00346493
0.0163231
0.128703
0.00709884
0.00412284
0.00153991
0.0039384
0.0287015
0.0252424
0.0520106
0.0596441
0.0175003
0.00780424
0.00189518
0.0763316
0.00270952
0.147664
0.00265156
0.00640182
0.0063548
0.115569
0.0212064
0.0017416
0.00150979
0.0111836
0.00143009
0.0430075
0.00371378
0.122585
0.0749856
0.001453
0.0117541
0.0382616
0.097305
0.0070502
0.00172752
0.00328854
0.00670965
0.092618
0.115369
0.0925263
0.00148349
0.00156385
0.0799623
0.0156328
0.00589386
0.0089354
0.00449083
0.00191348
0.00134394
0.0105087
0.0802965
0.0448695
0.00224934
0.0897138
0.00833349
0.00173381
0.00210668
0.0205443
0.0124635
0.000848761
0.00193913
0.00157534
0.00186967
0.00379094
0.00371517
0.134303
0.155666
0.0749726
0.0350614
0.0017022
0.00662721
0.00262666
0.00235877
0.00740851
0.0559541
0.0158007
0.0710467
0.0212169
0.113201
0.0100857
0.00144768
0.00321611
0.139652
0.0946473
0.0262595
0.0129932
0.00541353
0.00182477
0.00931246
0.0527735
0.0050496
0.0914009
0.00436361
0.0110569
0.057129
0.0145287
0.00358517
0.00386883
0.00947313
0.0418489
0.0725094
0.0027397
0.0129837
0.096338
0.11929
0.145001
0.132558
0.00134657
0.0035735
0.00171265
0.00175552
0.00196601
0.0241106
0.0605395
0.0112648
0.0293993
0.0198327
0.00660419
0.129955
0.00197787
0.00150795
0.0107156
0.0118952
0.00182966
0.0321584
0.00177614
0.0160977
0.00200134
0.0816259
0.0374504
0.0109223
0.00126911
0.00776951
0.00625565
0.00144269
0.0113893
0.00551365
0.00786508
0.00144383
0.0381453
0.00256571
0.00120261
0.0139734
0.00703314
0.00668283
0.0239449
0.0143918
0.131922
0.0183174
0.0182296
0.0101734
0.11914
0.00392327
0.00368557
0.00199058
0.00150088
0.00158401
0.0136895
0.00167273
0.00367748
0.12386
0.016343
0.00935352
0.00434896
0.0233426
0.0172589
0.00319916
0.00433213
0.0908285
0.00345034
0.0902152
0.111672
0.000987753
0.0105011
0.00148292
0.00421128
0.00230311
0.00421434
0.115393
0.0185165
0.0398993
0.123927
0.00441531
0.0129832
0.0243322
0.0014667
0.00182361
0.143572
0.0263406
0.00180599
0.0400843
0.00371426
0.00748142
0.00244118
0.00256877
0.00380088
0.00340104
0.00124718
0.00179084
0.00284485
0.00189626
0.0271734
0.0182817
0.00550098
0.00599902
0.00548063
0.00443476
0.145316
0.139908
0.00169431
0.00168727
0.0276851
0.00149649
0.045951
0.00183894
0.00672869
0.00900279
0.117962
0.0018925
0.00174765
0.0229913
0.0165902
0.00198386
0.00183554
0.00153408
0.00153175
0.0569765
0.00314527
0.00191374
0.0106144
0.00477803
0.00366223
0.108053
0.0230464
0.00100663
0.00410815
0.0295583
0.15566
0.0023457
0.00482149
0.00179691
0.00854736
0.00180474
0.00358993
0.0753694
0.00214464
0.16699
0.0251988
0.0469691
0.142394
0.135768
0.0140209
0.00403063
0.0927668
0.00225387
0.0193191
0.00389497
0.00189494
0.00194391
0.121885
0.00633858
0.00174158
0.00170492
0.0185589
0.0570796
0.00315898
0.0044557
0.00431063
0.00681935
0.0194111
0.131695
0.00328258
0.00161203
0.016656
0.00252281
0.0114475
0.0476865
0.0033834
0.00682884
0.00223057
0.0590803
0.0350819
0.00194916
0.00154088
0.00236719
0.00704614
0.00240863
0.00192938
0.00384385
0.100764
0.0017061
0.00901168
0.07017
0.0919157
0.0677495
0.00136631
0.00718261
0.00268207
0.00226561
0.0259056
0.00360224
0.0204146
0.00163807
0.00277264
0.00237915
0.00146843
0.0017056
0.00321751
0.0752223
0.00823775
0.00726476
0.018671
0.00311248
0.00440605
0.00165057
0.0975438
0.03091
0.00568885
0.123236
0.0515081
0.0223792
0.00323884
0.0319103
0.037264
0.00228336
0.0174171
0.00661581
0.00221386
0.00403608
0.00398807
0.00443165
0.00171368
0.00151923
0.00593934
0.0189529
0.0419697
0.00176919
0.00682655
0.00620848
0.00663619
0.00610236
0.129777
0.00732418
0.0071165
0.0328153
0.137322
0.0352495
0.00379941
0.0833538
0.0859181
0.00941062
0.00200629
0.022054
0.00628172
0.00409845
0.0132581
0.011705
0.0650947
0.094881
0.0148789
0.0071918
0.0431175
0.0177277
0.00267014
0.00466658
0.0381601
0.00229423
0.125672
0.00375656
0.0215607
0.0210401
0.114807
0.00685201
0.0238191
0.00139643
0.00172858
0.00547225
0.119685
0.0518295
0.0040961
0.00384959
0.0573996
0.00491207
0.00223711
0.0105577
0.00507615
0.103616
0.0385523
0.0725482
0.00351641
0.013654
0.119857
0.00202128
0.0281236
0.00594459
0.00651758
0.0859089
0.00464425
0.0103256
0.0022925
0.0245432
0.0156334
0.0192504
0.0105854
0.113562
0.0910088
0.00763212
0.00417926
0.0100171
0.153393
0.00393763
0.0400556
0.0299545
0.138489
0.00428498
0.00182133
0.0337518
0.00246832
0.00389557
0.0088552
0.00146676
0.00383201
0.00165033
0.00374025
0.0195642
0.0172368
0.006254
0.0111834
0.135843
0.0122725
0.024655
0.00199194
0.113709
0.00429779
0.0776738
0.00204122
0.0073672
0.0387604
0.17789
0.00221443
0.00166064
0.00122176
0.00202232
0.112227
0.0193053
0.00151885
0.0262826
0.00353282
0.00993286
0.00394993
0.00317676
0.0284424
0.114819
0.00681008
0.00717155
0.0583107
0.0020816
0.00474694
0.10255
0.145057
0.152884
0.119997
0.00182605
0.0497882
0.0119455
0.116413
0.0468341
0.011797
0.0605991
0.00373546
0.00796487
0.0554828
0.0955928
0.00849204
0.0351373
0.00658886
0.00133956
0.00148879
0.00983152
0.00254232
0.010169
0.073479
0.00758427
0.00204448
0.01676
0.00261273
0.00774089
0.00504183
0.0148627
0.0332501
0.011602
0.0132501
0.00204929
0.11858
0.0494754
0.0590987
0.00424653
0.00379084
0.0146733
0.0187284
0.0616584
0.0333427
0.0105639
0.00511576
0.0592276
0.00881743
0.0027194
0.00413115
0.0758327
0.0540333
0.00223499
0.00125165
0.0706804
0.00425664
0.0250645
0.00648488
0.00938191
0.0852012
0.00150399
0.0244185
0.137603
0.00912697
0.00644491
0.071603
0.121046
0.00529736
0.0823885
0.10032
0.0160457
0.00924665
0.00838755
0.00120893
0.0257336
0.0210728
0.00319257
0.125277
0.00361641
0.0016987
0.0271866
0.0188818
0.00753715
0.0407494
0.00768385
0.112844
0.0115726
0.00180311
0.114621
0.00459006
0.00323798
0.049851
0.0364005
0.00204582
0.023849
0.00196175
0.00200572
0.102359
0.0134809
0.00169009
0.028329
0.0159915
0.0181696
0.0160661
0.0100906
0.00920208
0.0420317
0.00557293
0.00384349
0.00772167
0.0172876
0.121362
0.114547
0.137696
0.00855009
0.00760044
0.141474
0.0247749
0.00221395
0.00151127
0.143002
0.0173487
0.00155874
0.00408305
0.148211
0.00343112
0.0165408
0.00777798
0.0185417
0.0389774
0.0241774
0.0433463
0.0683993
0.00751232
0.133408
0.00706172
0.087816
0.00257005
0.0433184
0.0441761
0.0818291
0.0356942
0.106336
0.0137253
0.00154079
0.0130919
0.0165182
0.00804228
0.135336
0.0133108
0.0143211
0.0133678
0.00165358
0.122701
0.00321419
0.0672805
0.00168348
0.00229776
0.00107876
0.111234
0.0061385
0.0147182
0.00180827
0.00289927
0.0522507
0.0117486
0.00250636
0.0102542
0.0132191
0.0506706
0.0368206
0.0111131
0.00764008
0.053381
0.00551137
0.00980258
0.00321854
0.00466266
0.155657
0.0118113
0.0216776
0.0458962
0.00658609
0.051395
0.00151771
0.00341936
0.00902094
0.0164854
0.00346083
0.0503004
0.0073864
0.0126236
0.00304923
0.0387582
0.0502274
0.0252658
0.0220166
0.0157383
0.00713965
0.0188765
0.0102052
0.00284241
0.0710498
0.0177625
0.00449246
0.00500873
0.0583979
0.135739
0.0444316
0.0117448
0.0361709
0.0241375
0.0117326
0.0131261
0.0414365
0.00302174
0.0126409
0.0876884
0.0331795
0.00700489
0.00175599
0.0091488
0.0130153
0.00423471
0.00396037
0.0130151
0.0236698
0.0338057
0.0304127
0.0158339
0.00655369
0.0146245
0.0253108
0.0136066
0.00219417
0.0170237
0.0747782
0.00147835
0.00423841
0.0019546
0.0098845
0.0270385
0.0184397
0.0230292
0.0789076
0.0618996
0.0164336
0.0917498
0.0220283
0.155968
0.0381392
0.0325309
0.0737462
0.0104009
0.0239261
0.0728605
0.0657293
0.139837
0.0236003
0.0281195
0.00292374
0.0869814
0.0196257
0.00172275
0.0696684
0.0351615
0.0296117
0.0312014
0.00163384
0.00200107
0.00149107
0.00654164
0.0115864
0.00741795
0.0769798
0.010605
0.0573437
0.00488922
0.0411933
0.0194564
0.0316145
0.0134489
0.0937113
0.0189207
0.0984471
0.00804583
0.00624326
0.127855
0.00236185
0.0104225
0.0558496
0.0201738
0.0857128
0.0937089
0.00126273
0.0506446
0.0106522
0.00661459
0.1045
0.0940399
0.00999219
0.00202281
0.016879
0.0337335
0.00207505
0.0698875
0.0014262
0.0139038
0.00215454
0.0923441
0.0019891
0.0710789
0.0442419
0.00682086
0.0129753
0.00170197
0.00104616
0.00130065
0.00970092
0.0145443
0.00705737
0.136749
0.0147716
0.0501316
0.111054
0.004064
0.0879338
0.0744961
0.0946074
0.0677225
0.0185985
0.0143331
0.0019812
0.00294874
0.00300796
0.0334729
0.0131644
0.0410812
0.0307059
0.0104045
0.0543441
0.0703314
0.0781257
0.0393246
0.0208329
0.00322039
0.0191873
0.0135621
0.11398
0.00649229
0.00678573
0.00203665
0.00142746
0.0324184
0.0184364
0.101879
0.00137992
0.00340911
0.0707601
0.123895
0.0283022
0.12478
0.00886893
0.00590194
0.00160531
0.0408919
0.0175448
0.0517889
0.00143782
0.0148481
0.124056
0.0223506
0.00900066
0.0186238
0.0220369
0.023728
0.00891201
0.00746398
0.0662101
0.122721
0.0198331
0.0172198
0.0535812
0.00168066
0.0174883
0.0444522
0.110214
0.00130596
0.0190685
0.0557323
0.00199116
0.00243551
0.0119166
0.017482
0.0259775
0.00160624
0.125549
0.00141995
0.0104592
0.00278269
0.0193528
0.0329021
0.00144398
0.028404
0.0817736
0.127571
0.0173819
0.0997421
0.00422036
0.0439406
0.0506117
0.0233876
0.00217158
0.0321839
0.0383887
0.145536
0.00309502
0.00105395
0.00285742
0.00419836
0.0210235
0.0512148
0.0172073
0.0124835
0.00391457
0.0817062
0.0194505
0.0177162
0.0127973
0.0595053
0.00134051
0.00151723
0.0223503
0.138358
0.0322931
0.0696602
0.0676072
0.0691194
0.0978997
0.044321
0.00493591
0.114534
0.016831
0.0251904
0.0404375
0.00146735
0.0195791
0.0453454
0.0396133
0.00150047
0.107042
0.169703
0.024339
0.122218
0.0112047
0.0235054
0.0402405
0.00887615
0.0501643
0.021025
0.062165
0.00869904
0.0961235
0.0597661
0.00783954
0.0418147
0.00997285
0.018987
0.023012
0.0126292
0.118868
0.103465
0.0406192
0.00190532
0.0340603
0.0614304
0.00157116
0.0587998
0.098067
0.12493
0.00401362
0.0128083
0.0127064
0.0104215
0.0133612
0.00679462
0.032077
0.0233912
0.00722113
0.00148328
0.0431521
0.0208664
0.0702049
0.00395163
0.00707856
0.127622
0.0293195
0.00876692
0.0136613
0.0921624
0.00217699
0.0269494
0.00603835
0.00132131
0.0250765
0.0604837
0.0213531
0.0636116
0.0427843
0.119785
0.032933
0.0262536
0.139873
0.147116
0.0117102
0.045502
0.00819371
0.0611574
0.0167687
0.0636307
0.0244864
0.00195012
0.0527809
0.0562829
0.00422902
0.0421586
0.0602901
0.0103023
0.00198611
0.00111628
0.0329879
0.0302075
0.0232989
0.14865
0.11798
0.018677
0.00377406
0.116834
0.00763796
0.0411902
0.0879968
0.0669233
0.0944377
0.0370245
0.0138012
0.0189458
0.0253907
0.00200208
0.0307942
0.0177264
0.0736788
0.00650155
0.0172396
0.0118113
0.0408851
0.0145467
0.0222932
0.0506038
0.121022
0.0101181
0.00226127
0.00177516
0.0529852
0.0258095
0.00212495
0.0228132
0.00670638
0.00337631
0.00214473
0.0246808
0.040185
0.0145154
0.0186091
0.017777
0.00292706
0.00455729
0.00221774
0.0389353
0.140981
0.0534521
0.00818139
0.0587335
0.0897116
0.0183094
0.0595816
0.0609615
0.124311
0.00644456
0.0540343
0.110434
0.0947832
0.00137952
0.0923615
0.0374313
0.113699
0.0417028
0.125397
0.00529458
0.0156234
0.0048295
0.0790914
0.0207977
0.0141031
0.00142537
0.00167296
0.0415363
0.141187
0.00569636
0.00504458
0.0250748
0.00280651
0.060115
0.0175327
0.148372
0.00344795
0.0392464
0.0555215
0.0212996
0.0457526
0.0452988
0.040049
0.00302926
0.03055
0.026612
0.144148
0.0428957
0.0182672
0.0525392
0.093882
0.0249426
0.00323791
0.0362745
0.0573645
0.00254014
0.00532275
0.0574101
0.0116664
0.121367
0.032735
0.00823683
0.00799948
0.0350364
0.0369232
0.0349569
0.00323167
0.0246138
0.0513054
0.0692146
0.0332039
0.01825
0.0507215
0.0237674
0.0313132
0.0100255
0.00623508
0.0183639
0.00566961
0.000997052
0.027769
0.117735
0.00113206
0.00543286
0.159158
0.128664
0.0876324
0.0387967
0.0619119
0.0317963
0.0922409
0.0964801
0.00346317
0.0040058
0.0255672
0.0476022
0.00585761
0.0324445
0.1318
0.00161888
0.0354873
0.0715721
0.0990685
0.0926946
0.0235732
0.053843
0.0100838
0.0583138
0.0992685
0.043279
0.0189995
0.0185804
0.0938464
0.0182848
0.00209438
0.0210604
0.0913921
0.00576403
0.0754442
0.0572238
0.0779804
0.0235092
0.124261
0.00134844
0.0407382
0.00264404
0.00105885
0.0120881
0.0365191
0.041019
0.0551568
0.0709449
0.0172018
0.00792949
0.00805871
0.111957
0.0177175
0.00159797
0.0696122
0.00443607
0.0994489
0.0442028
0.0198404
0.00711606
0.116973
0.0252913
0.0196824
0.00673113
0.00305772
0.00270052
0.0568991
0.122758
0.0108313
0.0435845
0.0433536
0.0124415
0.0368462
0.0133514
0.112453
0.00527933
0.133141
0.00503456
0.00969542
0.00248531
0.00139019
0.0994591
0.0100974
0.00236643
0.00605791
0.0911658
0.0623511
0.00785499
0.0725713
0.0578782
0.0921691
0.0951432
0.00611927
0.0199521
0.00213257
0.124081
0.0206415
0.120862
0.0940927
0.0375125
0.00188116
0.00936707
0.0696343
0.0327175
0.0795244
0.00161898
0.153164
0.0453901
0.025702
0.0422609
0.00958619
0.124147
0.00175547
0.0940622
0.0412937
0.0394064
0.0621001
0.0788011
0.0989221
0.001642
0.10863
0.0472296
0.00591957
0.0612408
0.0946278
0.119394
0.118876
0.0147249
0.0620919
0.0854029
0.00115829
0.0356347
0.153138
0.0286845
0.0807915
0.0029521
0.0217256
0.0335932
0.0616308
0.0257592
0.0956976
0.004888
0.124505
0.0944831
0.00205588
0.141127
0.00975624
0.0305585
0.110621
0.0863127
0.0116878
0.0137898
0.0638835
0.142974
0.0341143
0.068996
0.102609
0.0385889
0.056229
0.0663896
0.0609992
0.00800435
0.109037
0.0747523
0.00219281
0.0460193
0.0220256
0.0077286
0.0041726
0.0765434
0.0416811
0.0840716
0.0935259
0.0213266
0.0141479
0.024117
0.0264294
0.0792173
0.0347796
0.0590002
0.100905
0.0333665
0.00920977
0.0330277
0.0328102
0.123582
0.0872584
0.149888
0.0045052
0.0398494
0.10679
0.00139913
0.0434622
0.00176179
0.0877953
0.0667387
0.0796883
0.00428827
0.058744
0.0289604
0.0384654
0.0928428
0.0820204
0.0979179
0.0552916
0.0313864
0.0639017
0.0102347
0.141017
0.0182139
0.0846593
0.0998482
0.0337374
0.00377768
0.123344
0.101443
0.0243915
0.0510341
0.031014
0.00607768
0.0234774
0.0212197
0.00185218
0.00875363
0.0309273
0.0415971
0.0157306
0.0145518
0.0376212
0.114075
0.054497
0.0197117
0.0429754
0.00150378
0.0714611
0.117195
0.101093
0.0574781
0.0202639
0.125443
0.177583
0.140153
0.0194014
0.0177
0.0502173
0.0823326
0.00274997
0.0202113
0.0947919
0.102599
0.0190642
0.127492
0.134291
0.0898859
0.00247722
0.088782
0.0526581
0.00681173
0.0908723
0.00274562
0.110496
0.0260854
0.0334371
0.0682436
0.089958
0.0684516
0.0419679
0.088964
0.0632402
0.0908252
0.00774871
0.00192913
0.00168217
0.0951743
0.00394089
0.0562792
0.0191788
0.0664123
0.0695789
0.12125
0.00786032
0.0715401
0.06905
0.109874
0.0571716
0.0132647
0.0477394
0.00203714
0.115304
0.0428159
0.00448089
0.00147929
0.167793
0.0685685
0.0223651
0.0964518
0.00492146
0.1056
0.00447416
0.0818073
0.0157899
0.137249
0.0961516
0.0707683
0.0531844
0.0203497
0.0638968
0.0232781
0.0250269
0.00601043
0.0641714
0.00324328
0.076753
0.00228821
0.0734615
0.00114857
0.00355166
0.10572
0.0700124
0.0896316
0.0656587
0.15144
0.0547706
0.0904556
0.0422983
0.108471
0.00775301
0.101464
0.00201072
0.092629
0.0884087
0.0713227
0.071198
0.04034
0.00381228
0.0409167
0.0173866
0.0775584
0.108207
0.0258409
0.132619
0.00792535
0.0351202
0.0710577
0.014086
0.123647
0.177579
0.0403475
0.0702918
0.0179999
0.0140327
0.0811237
0.149915
0.149612
0.00204567
0.0237921
0.0775173
0.00146851
0.0185722
0.0887355
0.0867717
0.00713309
0.0411043
0.109473
0.0168901
0.00281283
0.0395807
0.117057
0.140828
0.0156366
0.13314
0.00380154
0.0935571
0.0688978
0.017606
0.0109549
0.0964693
0.0770018
0.0834873
0.0759869
0.0731563
0.00961839
0.0876823
0.0735635
0.103739
0.132368
0.00447121
0.144989
0.00399379
0.0259328
0.0311537
0.149508
0.0045052
0.0546654
0.00598768
0.0904979
0.0812903
0.00205338
0.0714129
0.0364519
0.0973773
0.0263225
0.0714105
0.0256957
0.0795201
0.0177024
0.0303413
0.0766442
0.0917087
0.125703
0.00720543
0.0793268
0.00698205
0.0949317
0.0278051
0.133432
0.0977828
0.00934481
0.0744249
0.00569428
0.114594
0.0375791
0.0417703
0.128992
0.0399913
0.055245
0.0904871
0.00299807
0.114074
0.0862848
0.0272259
0.121338
0.12556
0.0182291
0.0572804
0.0803189
0.0728498
0.0921444
0.107004
0.0943177
0.00289985
0.00504346
0.00800671
0.115889
0.0318156
0.129984
0.0232402
0.00676679
0.00292536
0.0190006
0.0937262
0.0748883
0.0495435
0.118468
0.143763
0.0866946
0.0039978
0.0133656
0.122676
0.017874
0.116725
0.00128854
0.0866266
0.100604
0.102561
0.0824377
0.121875
0.0567663
0.0868376
0.0712198
0.00878432
0.135262
0.0589912
0.00221425
0.116359
0.0416484
0.0952488
0.073263
0.0465313
0.00475168
0.076653
0.00203919
0.0593178
0.0752454
0.0161759
0.0648486
0.0326057
0.0122231
0.0720602
0.00205224
0.0154155
0.09746
0.0403939
0.0893391
0.00316907
0.109547
0.0253022
0.0425135
0.0796046
0.0765351
0.074358
0.0391022
0.0424861
0.119862
0.0430154
0.00298262
0.00369729
0.0339876
0.0862113
0.00299302
0.0249969
0.00395382
0.124454
0.0950868
0.0827937
0.0275119
0.141424
0.121425
0.0775495
0.0888747
0.00819659
0.0988806
0.149114
0.0239626
0.0923532
0.0134256
0.10731
0.00645474
0.0795706
0.116133
0.0214218
0.01409
0.00135882
0.0625478
0.119511
0.124183
0.0314598
0.00253629
0.147937
0.0441588
0.00203967
0.0614091
0.0957024
0.0077166
0.0520788
0.0802421
0.114557
0.0869638
0.0764966
0.0958278
0.0156925
0.0979997
0.00394483
0.12332
0.021198
0.00188702
0.0514029
0.0951658
0.127278
0.116984
0.114186
0.00210457
0.085814
0.0972574
0.169078
0.0636128
0.00243656
0.0964992
0.00823033
0.0761192
0.0206831
0.0167432
0.0198186
0.0147579
0.0255717
0.0174667
0.0254842
0.0807438
0.104588
0.0325273
0.00391046
0.0106124
0.0900993
0.10778
0.0837228
0.0810955
0.0760716
0.00641367
0.00291102
0.00774305
0.138008
0.122114
0.0113125
0.150916
0.0348314
0.0535181
0.0469614
0.0975648
0.00402583
0.0349226
0.0411681
0.120951
0.0103876
0.134025
0.0917034
0.0924361
0.110021
0.0963619
0.105858
0.0185585
0.0808659
0.0163012
0.00461701
0.100094
0.10067
0.128622
0.00153538
0.107585
0.0811005
0.0129427
0.0890268
0.00952888
0.125917
0.0789569
0.0251498
0.0119586
0.131865
0.13303
0.0955755
0.113347
0.00776262
0.0351745
0.0785487
0.00651697
0.0675956
0.0968934
0.00458987
0.163337
0.132907
0.163652
0.156091
0.160042
0.0760661
0.0313087
0.168436
0.00876419
0.0953694
0.00738888
0.00130393
0.0139939
0.0581545
0.096663
0.0659938
0.149585
0.113928
0.148353
0.0754038
0.00390903
0.0493815
0.102917
0.0796662
0.00482597
0.0569221
0.138257
0.0538931
0.0596342
0.0991738
0.0827769
0.173943
0.154358
0.157161
0.171621
0.151971
0.138575
0.150254
0.144811
0.101145
0.169719
0.0933058
0.0687594
0.127213
0.154435
0.0978306
0.00201634
0.124773
0.0707861
0.0606862
0.119485
0.0450632
0.154545
0.0382713
0.052673
0.00146791
0.0167141
0.0809125
0.0754384
0.00973864
0.014844
0.00840194
0.112685
0.0328006
0.0173889
0.11933
0.0308078
0.102532
0.148649
0.0651075
0.00613546
0.0198422
0.0173885
0.0669903
0.0019813
0.119907
0.0515431
0.00231002
0.00528299
0.0677118
0.0736089
0.122507
0.0219021
0.0997082
0.106723
0.0701488
0.0356766
0.0924977
0.0154928
0.0785864
0.0120433
0.108497
0.10932
0.00398587
0.0440098
0.100396
0.0262389
0.142107
0.110255
0.0330073
0.125931
0.00184224
0.00782997
0.00206755
0.107279
0.0147777
0.0824132
0.141731
0.105989
0.123083
0.0678879
0.0922773
0.0015629
0.0970238
0.0731777
0.0892865
0.0615452
0.123706
0.117552
0.0428836
0.0849563
0.0773579
0.0719994
0.105167
0.00456067
0.0975289
0.0015433
0.146502
0.0485692
0.0800675
0.00178954
0.00208067
0.0954992
0.12102
0.00199878
0.00815308
0.0959187
0.111782
0.019861
0.131406
0.0909414
0.135513
0.0121838
0.127654
0.143975
0.158092
0.125557
0.0602552
0.00883285
0.0635213
0.0710045
0.112206
0.132614
0.0815882
0.123572
0.10056
0.0462514
0.00148683
0.138071
0.0720481
0.107055
0.0185495
0.125965
0.0134507
0.124961
0.123922
0.0687316
0.113923
0.0598813
0.0601519
0.114359
0.0990894
0.0804096
0.0037418
0.114812
0.00978845
0.0864681
0.0880422
0.100098
0.0562731
0.0184186
0.113664
0.0814605
0.0448237
0.139759
0.0155009
0.00167441
0.13201
0.123327
0.0989973
0.0875384
0.153538
0.00947012
0.079483
0.12456
0.0116245
0.0999225
0.0185912
0.116485
0.00717048
0.113604
0.114431
0.0388398
0.0603215
0.0836257
0.0262863
0.0720131
0.104576
0.0992478
0.117257
0.127825
0.0820184
0.0915827
0.101697
0.00210774
0.0920261
0.166461
0.0145487
0.0325921
0.0998799
0.0768181
0.00365071
0.0439745
0.00130382
0.108826
0.00400705
0.161522
0.0301407
0.12011
0.11448
0.0701349
0.107179
0.0702543
0.0906784
0.11323
0.00125159
0.118271
0.107405
0.00108894
0.103538
0.0865147
0.0478418
0.0700261
0.0192254
0.136886
0.0116482
0.124914
0.14362
0.128487
0.154004
0.0985701
0.0743456
0.0369586
0.00158475
0.0527313
0.121854
0.125192
0.140096
0.0833269
0.00206429
0.0375455
0.0545374
0.124291
0.094418
0.119909
0.0147407
0.112762
0.126118
0.136632
0.116489
0.0871907
0.0437559
0.00189608
0.0325061
0.124004
0.0280966
0.140679
0.153862
0.114821
0.139471
0.0982479
0.128058
0.119622
0.0844911
0.124223
0.127542
0.110792
0.121243
0.00211417
0.00155073
0.125493
0.0331474
0.124087
0.0251016
0.0163881
0.082491
0.124115
0.0324855
0.0229091
0.0239726
0.0564768
0.0463473
0.108442
0.139115
0.127886
0.0611532
0.00771458
0.0103424
0.0905787
0.0303605
0.0431649
0.00259977
0.120497
0.129191
0.117396
0.134695
0.0966955
0.0084858
0.115355
0.00425985
0.0186981
0.0299181
0.0595268
0.132082
0.0787004
0.0682171
0.0368846
0.125136
0.0691633
0.0194615
0.124899
0.104737
0.148934
0.143875
0.0872696
0.119224
0.0899876
0.117958
0.142647
0.127901
0.142517
0.0986226
0.0184673
0.0029802
0.0236845
0.13632
0.0120271
0.155015
0.108789
0.0176405
0.0468775
0.0833091
0.0714745
0.126769
0.134872
0.0713354
0.0995803
0.0258865
0.0600972
0.0721066
0.0884284
0.00240526
0.0979232
0.123219
0.0206302
0.110208
0.0917989
0.0753778
0.152075
0.126028
0.00196922
0.116365
0.00909403
0.0748782
0.0231468
0.00909473
0.118869
0.00229665
0.137198
0.0769945
0.106765
0.00242732
0.00677419
0.0776887
0.0251495
0.151012
0.155534
0.00114366
0.0282082
0.140345
0.0940508
0.00187539
0.141282
0.0218477
0.15196
0.00134625
0.138047
0.0805161
0.101819
0.00215175
0.111538
0.0761963
0.093194
0.0645168
0.143158
0.102564
0.145683
0.0107824
0.00260508
0.104431
0.0335067
0.0241636
0.0134413
0.131589
0.0104692
0.00194503
0.093472
0.0963069
0.00198544
0.0235281
0.141636
0.122443
0.168042
0.0142235
0.00464698
0.144925
0.106708
0.0433666
0.0356941
0.0851913
0.0256832
0.134785
0.0944922
0.0693239
0.020051
0.0903009
0.0338473
0.0404879
0.00198939
0.13331
0.108438
0.0560548
0.0405937
0.00201927
0.12211
0.0116651
0.038116
0.0742496
0.00433248
0.136904
0.00249254
0.002131
0.0576207
0.103768
0.0513928
0.0406634
0.123184
0.12489
0.0208835
0.118827
0.00420664
0.00167267
0.00232541
0.0830713
0.0353213
0.0624432
0.0949828
0.0980057
0.126283
0.00231582
0.136782
0.0996741
0.149276
0.140454
0.129068
0.129833
0.0979408
0.0761473
0.150882
0.104991
0.0132757
0.0410719
0.0130137
0.0426453
0.0617442
0.0519187
0.110385
0.106499
0.100608
0.0252916
0.0279274
0.0843349
0.00315788
0.138626
0.0112691
0.112689
0.0631249
0.00518692
0.012758
0.0498634
0.105703
0.111885
0.0452597
0.109488
0.00205923
0.0184104
0.0684138
0.0926917
0.13909
0.153446
0.00796686
0.140356
0.0854159
0.106514
0.00180758
0.0025572
0.110684
0.122974
0.13884
0.171966
0.0349558
0.00756165
0.0279692
0.015188
0.08167
0.0243221
0.00449701
0.132278
0.148218
0.00382604
0.154742
0.0755016
0.00460092
0.0311722
0.035256
0.121215
0.0135754
0.113847
0.142212
0.0119727
0.104809
0.0380506
0.0523564
0.00907093
0.120586
0.0470732
0.00145947
0.0178196
0.103809
0.0224759
0.110701
0.0206058
0.0344486
0.0125895
0.00525828
0.0293303
0.106525
0.0165751
0.0316528
0.00342538
0.00186119
0.125595
0.106744
0.00139042
0.0856024
0.15338
0.00704289
0.003268
0.0151099
0.101876
0.101598
0.0617228
0.113752
0.0774158
0.143516
0.0183906
0.123645
0.122404
0.0642233
0.141794
0.00323536
0.0177504
0.151677
0.0332445
0.108464
0.0478557
0.0250667
0.0443845
0.00537725
0.0984627
0.00117785
0.0859353
0.0733565
0.0140559
0.126507
0.128862
0.139704
0.0277088
0.0848068
0.0263073
0.11807
0.0866528
0.119057
0.180262
0.140858
0.128775
0.123621
0.00416246
0.0227115
0.102898
0.100797
0.12183
0.0882586
0.0133474
0.010935
0.073398
0.123285
0.113083
0.00230864
0.00228884
0.131565
0.135661
0.120347
0.0789368
0.14524
0.0731005
0.0784506
0.0678676
0.0176661
0.0617839
0.00185438
0.122703
0.112433
0.143473
0.0198497
0.11681
0.0184351
0.0634717
0.175997
0.0904106
0.0248044
0.146824
0.0119179
0.138216
0.16994
0.122286
0.0695558
0.0225678
0.0381643
0.0785864
0.115393
0.154524
0.0424227
0.00421666
0.00816447
0.154197
0.0134229
0.0572186
0.125989
0.0342766
0.000807239
0.0807247
0.0438031
0.021326
0.0237589
0.0163485
0.0918768
0.0646519
0.00929164
0.0118407
0.115729
0.150916
0.150761
0.0777842
0.0347165
0.119835
0.0643456
0.0236777
0.0884134
0.0188747
0.069613
0.121861
0.0471378
0.0705488
0.116179
0.144596
0.0108263
0.140207
0.114649
0.0827139
0.13444
0.112036
0.0532548
0.0252762
0.0139386
0.0728474
0.149996
0.00224888
0.00605786
0.0205753
0.000966336
0.0691381
0.0805016
0.0690345
0.0772
0.00956499
0.126769
0.00823111
0.00887776
0.00427473
0.141699
0.042193
0.088631
0.146126
0.138693
0.0349685
0.158297
0.0173378
0.00215836
0.0951952
0.00184576
0.0224093
0.00135899
0.156993
0.07854
0.135969
0.00145601
0.0954944
0.114764
0.00144511
0.0030685
0.0715064
0.0682946
0.0273903
0.0781795
0.095411
0.0193977
0.081717
0.0822053
0.0259399
0.151955
0.0710222
0.0819907
0.0018406
0.076327
0.124032
0.0861328
0.00732561
0.0948224
0.0937368
0.0303308
0.0237774
0.0729271
0.00550913
0.0186557
0.0253015
0.0141101
0.0360282
0.0915065
0.084009
0.0967416
0.0728713
0.0689734
0.146572
0.152871
0.0336177
0.145577
0.0932351
0.0188422
0.0319421
0.0565457
0.0856652
0.153386
0.156476
0.00427228
0.0791492
0.0402495
0.024484
0.00436458
0.00447335
0.10166
0.0122455
0.0126268
0.00139649
0.086427
0.088191
0.0275568
0.122987
0.151778
0.0871239
0.0104452
0.101633
0.00165838
0.123028
0.116785
0.0978355
0.0498892
0.144002
0.144285
0.099438
0.109501
0.136168
0.078659
0.00713173
0.0770213
0.0689383
0.00409722
0.153708
0.0984834
0.0141883
0.0982747
0.0477734
0.0254422
0.131116
0.0743766
0.162274
0.0707497
0.109439
0.123314
0.00123985
0.0263091
0.0380094
0.0689108
0.12335
0.0652139
0.00134909
0.00163292
0.0239494
0.0966006
0.0618015
0.0164845
0.0713001
0.0135273
0.0582005
0.135868
0.100712
0.00464078
0.0144973
0.0860517
0.025134
0.0438387
0.0294717
0.138183
0.0717957
0.14244
0.145494
0.0804426
0.0817945
0.0643986
0.146328
0.00764534
0.0274386
0.0839497
0.0338408
0.0242905
0.00659421
0.038488
0.10061
0.0464744
0.0262877
0.125382
0.0372036
0.111342
0.00142963
0.00245403
0.0404239
0.0189036
0.0856609
0.140853
0.0622013
0.108487
0.0875841
0.0280413
0.0991426
0.106484
0.0376335
0.00448426
0.0343256
0.107028
0.0878129
0.00788168
0.11036
0.125958
0.0144573
0.00209732
0.113464
0.125458
0.0851951
0.0973011
0.113552
0.00954971
0.0795665
0.088696
0.0557085
0.124823
0.0445281
0.125372
0.0974668
0.0220653
0.0378409
0.00799868
0.150406
0.0349897
0.0271918
0.116136
0.126952
0.0637553
0.132478
0.154111
0.148831
0.0243188
0.00413553
0.148338
0.0931413
0.00641105
0.117618
0.00185495
0.00375253
0.0745611
0.116194
0.0510098
0.0937903
0.0419489
0.0648466
0.119118
0.0131917
0.16117
0.0760338
0.0182034
0.17151
0.154329
0.15212
0.114483
0.00844055
0.0341789
0.124442
0.102407
0.0831445
0.116191
0.122288
0.139183
0.0138226
0.0250921
0.075293
0.141389
0.132335
0.141738
0.0689232
0.0533925
0.0763066
0.0011893
0.0368579
0.139266
0.00800813
0.144175
0.151976
0.158401
0.154211
0.042534
0.123466
0.147661
0.150573
0.0831408
0.0774898
0.159976
0.174143
0.0633867
0.149714
0.148179
0.128015
0.069943
0.127282
0.0578004
0.147165
0.062638
0.165429
0.153072
0.00538271
0.0494077
0.141619
0.124634
0.0235244
0.139543
0.06096
0.0638971
0.125696
0.0352198
0.154185
0.175982
0.0896844
0.157922
0.142698
0.119259
0.0247054
0.169983
0.165761
0.0608478
0.166241
0.139269
0.00357686
0.0988194
0.0129035
0.0479469
0.123467
0.0124899
0.00202797
0.0390882
0.112743
0.122999
0.090092
0.14337
0.155158
0.081037
0.0211109
0.0762317
0.105431
0.153897
0.0287536
0.0350022
0.108468
0.00277584
0.0186304
0.108627
0.085739
0.144268
0.0212975
0.0990186
0.0251807
0.0174342
0.122295
0.0830494
0.144708
0.124338
0.138291
0.144647
0.148075
0.140708
0.0116908
0.0873065
0.121187
0.139212
0.0725468
0.00674836
0.0649308
0.146209
0.127266
0.113169
0.121393
0.00138392
0.0133283
0.0619866
0.124964
0.00163064
0.0951627
0.139673
0.00791493
0.00921515
0.00418275
0.110245
0.15837
0.0208918
0.039845
0.0515875
0.0844494
0.0706742
0.0872825
0.113524
0.0801696
0.0243254
0.132464
0.104396
0.0854318
0.0971013
0.139681
0.0792838
0.07368
0.140431
0.0778052
0.00165047
0.146986
0.143609
0.0236905
0.141757
0.106049
0.111506
0.00462826
0.0713367
0.00145631
0.0824334
0.113185
0.0450444
0.00297784
0.110593
0.101505
0.0053827
0.133909
0.0350286
0.0369666
0.122405
0.019222
0.101059
0.0256485
0.00424758
0.101515
0.00814571
0.149467
0.00245171
0.00323046
0.0202733
0.151967
0.0947653
0.119548
0.104293
0.11252
0.00518144
0.0160286
0.0724485
0.157418
0.00516699
0.0737225
0.150269
0.00181056
0.0666344
0.105507
0.0612185
0.0148209
0.00773295
0.160438
0.0445994
0.041855
0.0858863
0.0687708
0.00680368
0.0081704
0.0369189
0.0140432
0.0609749
0.0130906
0.00148327
0.153856
0.0699255
0.147165
0.123867
0.153062
0.153631
0.149757
0.0430378
0.120468
0.0194961
0.00181453
0.0024061
0.130667
0.144559
0.0156427
0.125904
0.0465507
0.000996187
0.148579
0.0131638
0.0173856
0.157731
0.0604731
0.0359764
0.122436
0.00626956
0.145205
0.00142555
0.00149814
0.0909811
0.14523
0.102495
0.00162045
0.00139915
0.0865567
0.00138203
0.137226
0.14695
0.0821261
0.0704743
0.0165083
0.0230386
0.0926296
0.126799
0.0193895
0.127461
0.0770854
0.152733
0.123951
0.127361
0.0810067
0.00778308
0.141643
0.0995497
0.00498809
0.142835
0.143411
0.118352
0.14351
0.115549
0.0022076
0.0456793
0.0161978
0.00394456
0.129125
0.124805
0.0969159
0.135407
0.137018
0.0112912
0.0158519
0.0724726
0.0775
0.145507
0.0780478
0.16839
0.0266781
0.14972
0.148879
0.141513
0.151106
0.00217414
0.00205531
0.0978634
0.0440252
0.0616533
0.0804612
0.00945683
0.0134395
0.149034
0.141724
0.124067
0.0730384
0.144716
0.0669214
0.120865
0.0248061
0.152876
0.157484
0.138399
0.107528
0.14204
0.13201
0.140913
0.0677661
0.0546614
0.0823649
0.135982
0.144384
0.00985494
0.121481
0.133097
0.0750867
0.134051
0.0536059
0.127418
0.0432823
0.0165494
0.00230317
0.0508746
0.0431383
0.101479
0.154596
0.152792
0.123328
0.0759263
0.0572208
0.0770143
0.0135958
0.153259
0.145139
0.123153
0.123917
0.00207698
0.139102
0.141038
0.120385
0.138952
0.0785111
0.0940984
0.0348957
0.0164186
0.139131
0.00128983
0.110675
0.0430051
0.129146
0.0793935
0.0184869
0.0523263
0.0921762
0.0467661
0.0371772
0.102593
0.050239
0.147139
0.124463
0.0761816
0.00512217
0.139449
0.133077
0.103041
0.0796985
0.0965165
0.00812594
0.085451
0.0254196
0.143734
0.146382
0.00487578
0.04379
0.126877
0.0493561
0.0802998
0.0823766
0.148814
0.139605
0.128291
0.0179669
0.00255415
0.14038
0.124768
0.146602
0.125758
0.165801
0.0540531
0.111671
0.160052
0.0161709
0.124176
0.0868847
0.12272
0.0146202
0.149823
0.149648
0.0657728
0.127018
0.0290353
0.121629
0.0866836
0.125863
0.123155
0.0840702
0.0985208
0.155979
0.132182
0.144781
0.146487
0.00171649
0.00778709
0.089455
0.00149736
0.0858504
0.00297686
0.0288275
0.0938677
0.0128233
0.157901
0.099685
0.00149688
0.0752602
0.0821418
0.00313028
0.13363
0.00194538
0.0434784
0.146725
0.143896
0.0956506
0.068959
0.0531889
0.09548
0.109427
0.0743167
0.14197
0.140356
0.125728
0.0955536
0.0432995
0.0269386
0.147828
0.108353
0.00207283
0.098818
0.0207359
0.147145
0.0419547
0.136986
0.0963095
0.00861314
0.112849
0.0079906
0.137025
0.145399
0.0839365
0.119438
0.049828
0.144914
0.0132328
0.00630102
0.058338
0.0122674
0.124034
0.147812
0.101491
0.00205087
0.13362
0.096767
0.0430932
0.137875
0.00433022
0.0110897
0.0976943
0.128265
0.0736274
0.113451
0.0676701
0.0768217
0.141841
0.0692348
0.0259242
0.0965157
0.0897174
0.139987
0.142365
0.127929
0.0860728
0.0325213
0.0549641
0.0561521
0.131284
0.0632012
0.133637
0.113478
0.00272279
0.0895654
0.00165554
0.130241
0.00983338
0.113713
0.133041
0.00183896
0.00159217
0.131791
0.113586
0.00194133
0.0873598
0.094446
0.0186974
0.0353016
0.143599
0.0289505
0.00129851
0.116867
0.0173128
0.144816
0.11523
0.13591
0.143341
0.118229
0.0285802
0.155959
0.107324
0.00526432
0.0995491
0.0432952
0.107711
0.014696
0.0665874
0.14699
0.00143615
0.00255237
0.146269
0.144859
0.030117
0.0987291
0.119543
0.070542
0.138368
0.0250961
0.0877171
0.130696
0.14459
0.00672706
0.142625
0.110521
0.0266534
0.11002
0.169769
0.00144537
0.00175956
0.106749
0.140712
0.0638857
0.00793189
0.133377
0.0869074
0.0762764
0.115064
0.0545081
0.0440481
0.118245
0.159083
0.0850387
0.128057
0.0884128
0.0975968
0.0571695
0.110463
0.1327
0.0239793
0.0976449
0.151749
0.133276
0.00724915
0.0654515
0.125227
0.0756287
0.139101
0.16141
0.102935
0.144081
0.143278
0.0918105
0.0971633
0.10828
0.141844
0.0530949
0.14103
0.146654
0.14428
0.133091
0.109611
0.099496
0.056272
0.1361
0.14243
0.12455
0.0745621
0.0989984
0.00645764
0.0530687
0.123582
0.142342
0.139741
0.0654256
0.0122448
0.0339075
0.0246524
0.00442486
0.00546342
0.106424
0.0875949
0.124403
0.144054
0.138093
0.0225771
0.100018
0.141182
0.00257042
0.134917
0.00478172
0.0905242
0.0121257
0.0941655
0.0275544
0.100676
0.132269
0.133545
0.0782005
0.11908
0.0818478
0.0734909
0.0202806
0.00414905
0.123155
0.0588854
0.0960464
0.129843
0.014261
0.131597
0.117175
0.127203
0.128797
0.00502289
0.0937355
0.136804
0.130318
0.133981
0.135001
0.128688
0.136581
0.124872
0.00207439
0.108036
0.0103047
0.0115039
0.109271
0.0656926
0.129606
0.0862246
0.0345248
0.144164
0.142904
0.0132333
0.0870955
0.1242
0.0983995
0.0183326
0.00743573
0.138865
0.128579
0.126647
0.0744312
0.126382
0.128384
0.0153192
0.138289
0.0318553
0.0153309
0.0050954
0.145942
0.118408
0.102711
0.0277551
0.0104517
0.149691
0.00780351
0.0116194
0.111932
0.00375762
0.0880341
0.00774098
0.105451
0.12006
0.02909
0.0712767
0.111555
0.138131
0.122533
0.148683
0.136294
0.0402955
0.123826
0.140802
0.120252
0.00200999
0.0866284
0.0964856
0.0341523
0.024764
0.136304
0.0269539
0.0923114
0.125382
0.12008
0.102536
0.00456701
0.0854201
0.00158274
0.0486872
0.135855
0.0364643
0.099365
0.123621
0.0247945
0.0561729
0.0662243
0.0944873
0.121186
0.132312
0.134287
0.0334654
0.130572
0.0377116
0.0990128
0.128249
0.0758768
0.126466
0.011406
0.012066
0.0788231
0.121219
0.103799
0.147027
0.125613
0.138232
0.00390513
0.117661
0.129838
0.0170779
0.00898757
0.00946185
0.12056
0.0851162
0.00607515
0.0350909
0.124317
0.0160869
0.00454767
0.133248
0.100053
0.123717
0.0644897
0.0727131
0.00139245
0.02837
0.0120523
0.129602
0.0110178
0.140506
0.164223
0.110523
0.112707
0.0823926
0.135098
0.00208254
0.10858
0.00972891
0.0668352
0.12775
0.072204
0.121343
0.113896
0.128232
0.0720745
0.0135154
0.133735
0.006137
0.129535
0.127858
0.144606
0.0247438
0.0816299
0.119252
0.132848
0.0939935
0.0183251
0.0334706
0.00223085
0.0834407
0.0750821
0.121139
0.00811083
0.00897476
0.0653364
0.0852663
0.0470543
0.00205937
0.0940334
0.118827
0.138922
0.0759551
0.0187443
0.128515
0.0946329
0.0130383
0.0873986
0.106782
0.118583
0.00398169
0.0106897
0.0688312
0.0827108
0.123544
0.104574
0.00738328
0.11412
0.146809
0.114709
0.127546
0.0339582
0.0840251
0.0699028
0.133246
0.0707353
0.140508
0.0362541
0.0110818
0.0375336
0.0859257
0.143953
0.13882
0.113477
0.104604
0.124902
0.143184
0.0849615
0.122793
0.0281514
0.0387126
0.141584
0.0401907
0.139406
0.0460352
0.00270082
0.1259
0.0406523
0.00291122
0.105669
0.134305
0.0869597
0.00657406
0.0832304
0.149238
0.0184164
0.102495
0.134284
0.152163
0.00267469
0.102407
0.118537
0.0583927
0.145356
0.116145
0.0056902
0.0243083
0.0254344
0.127088
0.126482
0.137853
0.125999
0.089898
0.100752
0.0408185
0.00868966
0.102166
0.116314
0.00423391
0.00396659
0.0357499
0.111874
0.13953
0.00917299
0.0207382
0.0666939
0.110186
0.00390737
0.10173
0.0534354
0.123822
0.0668763
0.121368
0.150692
0.00337306
0.134465
0.126579
0.056822
0.0859218
0.130767
0.00441476
0.101457
0.0612231
0.0942436
0.0253385
0.14321
0.0965182
0.093868
0.00165056
0.0828429
0.118427
0.130792
0.13945
0.0792897
0.0340529
0.115582
0.132599
0.106012
0.00546257
0.133334
0.136994
0.117192
0.101655
0.142552
0.12106
0.00448595
0.0907239
0.00866206
0.131163
0.0849301
0.140937
0.148136
0.120263
0.0770868
0.150653
0.127366
0.0194363
0.0339928
0.0968574
0.0119837
0.130458
0.00927992
0.132606
0.0843545
0.0727627
0.00398251
0.129215
0.0951831
0.122712
0.0884148
0.0232147
0.0997757
0.0966329
0.0695046
0.149772
0.0918027
0.0762187
0.124767
0.012087
0.0084046
0.12913
0.0979793
0.095644
0.131194
0.0237938
0.122424
0.120492
0.0927383
0.116087
0.152447
0.108571
0.0744388
0.0177642
0.0237549
0.125362
0.126024
0.0794147
0.122493
0.0274516
0.0890668
0.131754
0.0765823
0.00253517
0.105063
0.128004
0.0838208
0.112519
0.0216264
0.124667
0.0817664
0.1291
0.0847756
0.121779
0.019147
0.092644
0.0382694
0.130377
0.0533647
0.0706143
0.119393
0.0136065
0.129703
0.110718
0.0384273
0.0603055
0.0647077
0.00099991
0.0895004
0.0964386
0.128554
0.00403395
0.124477
0.0902364
0.026507
0.0185736
0.123658
0.143201
0.13792
0.0849499
0.0943775
0.0772044
0.0693644
0.0142558
0.040914
0.117407
0.139622
0.111378
0.0529427
0.0942464
0.0730587
0.033593
0.00446861
0.143209
0.105651
0.0924555
0.111835
0.00138384
0.084815
0.0884483
0.076341
0.098421
0.0348513
0.088895
0.0910919
0.0467371
0.0265587
0.0956294
0.128657
0.0286134
0.0248387
0.0940018
0.0206231
0.128941
0.126674
0.00204309
0.0676974
0.0870474
0.106124
0.129343
0.0721959
0.134508
0.138302
0.0935795
0.103349
0.00108765
0.00108662
0.00108253
0.00132084
0.053263
0.104405
0.0979191
0.10629
0.0413478
0.101302
0.12617
0.106511
0.11043
0.0926975
0.0910316
0.0192598
0.140363
0.00121697
0.122537
0.102187
0.125539
0.0129943
0.113342
0.0716826
0.104147
0.130259
0.0975367
0.00114923
0.126498
0.0020515
0.00707418
0.0737071
0.00156575
0.0851982
0.00659421
0.12717
0.128094
0.0079678
0.0344986
0.0917486
0.140383
0.0703493
0.112895
0.0620307
0.0977856
0.136731
0.0010147
0.00117576
0.00108253
0.00105696
0.00103771
0.00115068
0.00103323
0.00120825
0.000930025
0.00108178
0.00114862
0.00108253
0.0010352
0.00108253
0.00108253
0.00123399
0.00109664
0.0010652
0.00109163
0.00105296
0.141022
0.0672794
0.0951408
0.0129605
0.132155
0.105035
0.0612705
0.153655
0.13693
0.064841
0.0424286
0.125782
0.0761507
0.0820336
0.00403761
0.0912627
0.0216487
0.0651349
0.139955
0.0713151
0.12458
0.0815701
0.0953101
0.123043
0.0849663
0.072145
0.088948
0.0473215
0.117644
0.0954747
0.00109408
0.00103778
0.00100647
0.00109228
0.00107919
0.0744644
0.144067
0.0208602
0.135649
0.0737388
0.0623355
0.0743929
0.140491
0.0735302
0.0156599
0.113317
0.0870871
0.0749113
0.063103
0.00193781
0.0737995
0.0527687
0.0616216
0.125544
0.0021315
0.105962
0.00370285
0.0284388
0.00488398
0.0254115
0.0120623
0.00203783
0.135379
0.097048
0.000927627
0.00381685
0.00196077
0.00159803
0.0187734
0.128703
0.0205727
0.113624
0.0717175
0.100343
0.0805374
0.0830758
0.131484
0.122195
0.0139234
0.0209703
0.0666149
0.0826573
0.112636
0.160242
0.0353455
0.0704742
0.057843
0.0262349
0.10219
0.13842
0.0789992
0.0748181
0.0125485
0.0813103
0.155294
0.111796
0.125475
0.123138
0.111363
0.124129
0.0698751
0.132047
0.062666
0.0833177
0.0897666
0.000963506
0.0980448
0.112379
0.131792
0.0143757
0.092814
0.0893648
0.137917
0.0873926
0.0014028
0.00582396
0.00207418
0.10457
0.0705515
0.0621156
0.0571545
0.135323
0.0312778
0.118937
0.125956
0.0615053
0.0626705
0.0565911
0.0264291
0.00824176
0.0634113
0.0602392
0.0871767
0.00212225
0.0797896
0.0141482
0.0403516
0.0811558
0.113723
0.00290383
0.109109
0.0550981
0.13596
0.0560619
0.120226
0.00243779
0.131293
0.0449111
0.00648057
0.117889
0.117598
0.0192755
0.0156774
0.0975901
0.0763242
0.0398375
0.0634105
0.0851738
0.0143009
0.144642
0.0677274
0.0275111
0.148945
0.00393173
0.0445527
0.125749
0.121198
0.0468519
0.131298
0.00699291
0.00100195
0.126922
0.0485514
0.14778
0.0015378
0.104858
0.0125256
0.103503
0.0991035
0.123135
0.0726584
0.112991
0.121708
0.105101
0.126458
0.103378
0.143204
0.0224742
0.103655
0.0775051
0.124178
0.157356
0.0400521
0.030868
0.0748654
0.0825885
0.00505979
0.0738802
0.119834
0.083045
0.0153862
0.0942402
0.126547
0.12174
0.0142487
0.110732
0.0828384
0.116044
0.106917
0.00357755
0.00200796
0.0275035
0.120037
0.140298
0.0850361
0.121956
0.0934697
0.124065
0.124191
0.0570573
0.15137
0.0286298
0.163928
0.0145241
0.0124847
0.100016
0.00205003
0.081775
0.0462139
0.148441
0.118357
0.10356
0.0865457
0.00833516
0.0233082
0.125166
0.0798805
0.0097015
0.120535
0.12338
0.023336
0.0014254
0.0822198
0.128189
0.0138666
0.00567088
0.0769347
0.115056
0.0139105
0.101543
0.133126
0.121928
0.129
0.135101
0.0805441
0.0647682
0.0782822
0.132703
0.00528039
0.0446446
0.0190544
0.013667
0.108867
0.0919963
0.00293939
0.123016
0.0538444
0.0828549
0.0501026
0.127952
0.12374
0.0242681
0.0932635
0.134893
0.0720351
0.112692
0.00203751
0.0552838
0.127076
0.124771
0.00298736
0.0846373
0.115748
0.163252
0.13921
0.00764811
0.00100922
0.0010813
0.0559967
0.089712
0.131251
0.137908
0.0656682
0.00699631
0.0651228
0.0144735
0.00645047
0.0142063
0.126297
0.00103426
0.106606
0.156663
0.130535
0.0518206
0.0683683
0.00122994
0.136331
0.0141273
0.0122239
0.130029
0.00268388
0.0822774
0.00468257
0.112253
0.127559
0.0935529
0.0116822
0.0243238
0.0550068
0.00105895
0.0311962
0.0710948
0.0795189
0.0525665
0.0331874
0.0745609
0.10318
0.054733
0.112799
0.137859
0.0652826
0.0863471
0.0885621
0.138381
0.00108253
0.00112827
0.0861928
0.122602
0.0457352
0.134179
0.0342745
0.0703611
0.0564589
0.0549916
0.134754
0.117233
0.123175
0.0175683
0.00116719
0.130669
0.100233
0.0720028
0.0921274
0.00209849
0.00107371
0.0829681
0.035178
0.114591
0.103021
0.0155581
0.0735512
0.133707
0.104534
0.0207278
0.116524
0.0772445
0.0909743
0.0518291
0.00572929
0.0636959
0.028901
0.00248113
0.0134613
0.111031
0.0651504
0.0677445
0.00454683
0.116149
0.0127016
0.00861734
0.0336049
0.0908457
0.139956
0.0193418
0.105717
0.0862357
0.0194124
0.136484
0.0354523
0.0881146
0.0158526
0.0628378
0.00118193
0.00108253
0.110203
0.114996
0.0198493
0.0455099
0.0624235
0.0748236
0.115017
0.0615784
0.0767861
0.122449
0.0119573
0.115185
0.0825464
0.0207079
0.0569772
0.0169874
0.0813529
0.0650709
0.0947736
0.0478703
0.0968722
0.0901657
0.0650669
0.0906376
0.0599917
0.0993544
0.0410763
0.00913682
0.0861742
0.0450142
0.104438
0.000905203
0.0160909
0.0638384
0.016324
0.119027
0.0167053
0.00462286
0.0342666
0.124897
0.00421809
0.129553
0.11075
0.021683
0.121709
0.00382618
0.0562634
0.0378782
0.0563662
0.0953858
0.0963111
0.0761461
0.0691443
0.100325
0.0788551
0.00209325
0.00274477
0.0137143
0.1619
0.113713
0.00669261
0.103997
0.0888244
0.0660482
0.00418447
0.00561762
0.117223
0.00103255
0.00630289
0.0587076
0.075075
0.0881177
0.00554346
0.0937961
0.0913031
0.0976941
0.00108253
0.0119767
0.061207
0.109795
0.0832375
0.0670753
0.014145
0.0670145
0.0697494
0.144299
0.0886287
0.121065
0.0177965
0.0439119
0.00181178
0.0109463
0.0038631
0.116965
0.0867938
0.0708322
0.0716456
0.0983946
0.00611043
0.066735
0.00105936
0.0259195
0.0363331
0.063899
0.00154344
0.0908772
0.00105922
0.00957037
0.0395255
0.00253821
0.117217
0.11702
0.111661
0.0670036
0.128247
0.0150224
0.0344078
0.0136774
0.00113786
0.00108253
0.100419
0.103456
0.0192623
0.0343137
0.0610014
0.0853887
0.0388586
0.0799543
0.0567915
0.00405616
0.0760541
0.13845
0.00226563
0.0028279
0.0600198
0.0263465
0.00533749
0.0454318
0.0129691
0.0433185
0.00884678
0.0589446
0.00107383
0.0712469
0.0018513
0.00233321
0.0940843
0.0133041
0.00425934
0.00381037
0.112965
0.0950422
0.0158426
0.00386201
0.000994141
0.0931191
0.00106761
0.0533073
0.0489583
0.0158645
0.00177695
0.0574219
0.00108253
0.000775615
0.111368
0.00116592
0.0541506
0.00235881
0.0466502
0.045807
0.00108276
0.0497423
0.0698889
0.00108816
0.000848741
0.0703786
0.029532
0.071906
0.00217318
0.0179988
0.0841998
0.0865517
0.0952417
0.0782523
0.120604
0.0841502
0.000846446
0.122942
0.00259833
0.0941762
0.0712685
0.0949432
0.0924034
0.130547
0.108704
0.0912905
0.0449879
0.00451479
0.00509876
0.0247479
0.0776492
0.00126998
0.00112435
0.0662513
0.0499956
0.0237435
0.00204596
0.126633
0.0261237
0.00638311
0.0074327
0.014874
0.0163934
0.119396
0.0132557
0.00121226
0.001849
0.0341448
0.00409567
0.0581818
0.0118017
0.127659
0.0529067
0.0161894
0.0180926
0.0869212
0.064616
0.0623552
0.0876319
0.00557968
0.142003
0.0876312
0.0122531
0.0894522
0.00433428
0.101048
0.0264134
0.0821369
0.0161835
0.126561
0.141306
0.0443381
0.0254025
0.0590629
0.060258
0.00125404
0.0437131
0.0094253
0.065754
0.0572613
0.0747018
0.096684
0.0110059
0.124276
0.0800841
0.135872
0.0791196
0.00357152
0.0543693
0.00201625
0.0250845
0.0662914
0.0840814
0.120186
0.0835866
0.046779
0.00254482
0.0342391
0.0442715
0.0192091
0.0264744
0.0332923
0.0956639
0.00104116
0.00493402
0.0138391
0.00201632
0.0126134
0.018269
0.00973162
0.106408
0.0703909
0.0520878
0.0187634
0.0570657
0.0651254
0.00572399
0.0181889
0.0104377
0.113697
0.00929567
0.119902
0.0821342
0.00113722
0.00706848
0.00382022
0.0619874
0.0824723
0.0783849
0.10441
0.0153173
0.0288989
0.00193968
0.127563
0.04112
0.0884788
0.12318
0.0908788
0.0987586
0.0122935
0.080055
0.036042
0.0411558
0.0267468
0.0856437
0.00811945
0.00235486
0.00451761
0.056599
0.00923562
0.0282575
0.0450986
0.0238655
0.0556325
0.0542589
0.0251682
0.113313
0.00115416
0.0618582
0.0282368
0.00966899
0.0523293
0.00822447
0.0972742
0.00835259
0.0428297
0.081709
0.00119827
0.0213257
0.0478976
0.134452
0.011648
0.0563603
0.00980728
0.0162
0.00779257
0.0404311
0.0692487
0.0647701
0.0793879
0.00207277
0.117554
0.120034
0.0459848
0.00733382
0.0213196
0.090411
0.137912
0.0329453
0.143816
0.0479293
0.0964375
0.110984
0.00253483
0.00435044
0.0239913
0.157805
0.162872
0.0198946
0.125145
0.132961
0.0209893
0.0458073
0.0293544
0.073228
0.0337124
0.0827257
0.0941882
0.070852
0.0071216
0.00838678
0.00768665
0.0244283
0.04446
0.00124861
0.0503848
0.0594584
0.087704
0.00907541
0.00189624
0.126368
0.0106705
0.126428
0.0305085
0.00191095
0.125134
0.0302329
0.0444575
0.0067341
0.00115602
0.0288226
0.00678995
0.00913699
0.101671
0.055876
0.0616189
0.072517
0.097245
0.0613474
0.0064253
0.012036
0.00279313
0.0617464
0.0971068
0.0330138
0.0358018
0.0440247
0.00104923
0.00111519
0.0058691
0.0928922
0.100438
0.0192298
0.0611103
0.0509514
0.0283786
0.0353499
0.014673
0.125115
0.126109
0.0555915
0.00195611
0.0198433
0.111496
0.00536631
0.00168224
0.00505725
0.0573641
0.0137599
0.0140336
0.165711
0.123179
0.00149792
0.0245151
0.00307219
0.0647583
0.00475896
0.0805468
0.0700511
0.0316914
0.037155
0.00111494
0.00513817
0.0253087
0.0293874
0.0958157
0.0129224
0.0144522
0.0148772
0.0158279
0.0702798
0.0189397
0.0322485
0.000787757
0.00171568
0.0630073
0.012913
0.0800208
0.00764364
0.029645
0.0300043
0.0716969
0.00091393
0.00106718
0.0096363
0.00853524
0.131332
0.0787647
0.136781
0.105222
0.0453887
0.0450007
0.0694172
0.00100215
0.0123388
0.135376
0.00101578
0.140153
0.08532
0.125793
0.00795148
0.0418788
0.0690553
0.155866
0.0128858
0.0345845
0.0212669
0.00105745
0.00658443
0.101247
0.0273728
0.00430079
0.0171659
0.00108824
0.0332595
0.0138396
0.12363
0.00108253
0.0101647
0.0189164
0.130114
0.12287
0.0328917
0.0354667
0.0381805
0.0164791
0.00918142
0.109949
0.0880324
0.124731
0.0662803
0.106547
0.00112873
0.00629095
0.00584963
0.00658347
0.0101853
0.0020852
0.0900987
0.143935
0.128142
0.0683027
0.0394342
0.0248367
0.0586335
0.025276
0.088945
0.0470803
0.0101245
0.0106309
0.0405123
0.140936
0.037506
0.105614
0.0424607
0.00382586
0.0268513
0.0414545
0.123039
0.0015941
0.0829618
0.0210089
0.00109862
0.126279
0.0720036
0.0213231
0.0700474
0.0459909
0.0400623
0.00108253
0.103319
0.0421653
0.0407091
0.038813
0.0353665
0.026505
0.0659578
0.0266793
0.0159169
0.119858
0.0416077
0.0183387
0.0189136
0.0958908
0.036004
0.0798306
0.141577
0.00185176
0.0870776
0.0020444
0.149788
0.0381449
0.0128361
0.0223301
0.0133398
0.0201904
0.00182245
0.127052
0.00156842
0.158657
0.0189296
0.0315208
0.0204049
0.0642932
0.0318127
0.0363369
0.0172898
0.00842482
0.0417206
0.00440463
0.137473
0.0309012
0.114408
0.00697076
0.017141
0.0222427
0.00609538
0.0130023
0.0306496
0.0543376
0.00454706
0.0300318
0.0436008
0.0199385
0.00108253
0.0041851
0.0119693
0.121286
0.0160261
0.00158008
0.00464894
0.0449871
0.035463
0.0160711
0.0371336
0.0928763
0.00409579
0.00128119
0.023551
0.00602186
0.016843
0.126312
0.0705397
0.0632604
0.0202574
0.0511011
0.141981
0.00540929
0.0912124
0.0606621
0.0397444
0.129423
0.0477789
0.126277
0.0482434
0.00908439
0.049749
0.00110124
0.040291
0.0436253
0.00232978
0.0308444
0.0369062
0.00283385
0.0892877
0.0520214
0.036347
0.0191728
0.00838014
0.0435061
0.0498997
0.0336084
0.0845605
0.140179
0.0141202
0.0218979
0.0290011
0.00255398
0.140177
0.113661
0.126214
0.0346844
0.0219968
0.00224833
0.0044668
0.0614273
0.0197686
0.0199353
0.0214609
0.0208397
0.0151719
0.0160538
0.00228386
0.0176094
0.0615711
0.0274398
0.0263287
0.135983
0.0580235
0.021975
0.00902258
0.00423379
0.00926258
0.0790518
0.00104588
0.00121832
0.0294256
0.0416019
0.0800835
0.027975
0.0145716
0.0332638
0.0240608
0.00105717
0.00810625
0.128099
0.00221582
0.00115117
0.0279488
0.0292342
0.0314314
0.0274514
0.00175852
0.0112908
0.0298678
0.00415365
0.00746073
0.00903206
0.0176072
0.0120977
0.00182111
0.001266
0.0181681
0.0132868
0.044899
0.00108253
0.00105615
0.0414086
0.11732
0.0622248
0.0660202
0.0123502
0.128409
0.0018601
0.00595629
0.0467672
0.00294843
0.00490467
0.0365159
0.0266358
0.125047
0.019344
0.00973541
0.0313634
0.0319956
0.0119389
0.0324324
0.110179
0.0974624
0.0926914
0.118971
0.0162683
0.0324611
0.00531904
0.108316
0.0347371
0.0450114
0.0205563
0.00105031
0.125164
0.0182987
0.0713815
0.00366439
0.128319
0.125472
0.015978
0.0625516
0.00105553
0.085467
0.0661447
0.0439779
0.0550648
0.100879
0.0128636
0.0159184
0.0153978
0.0149154
0.0468509
0.0011772
0.107663
0.0342025
0.00271622
0.00183913
0.00113006
0.0179738
0.0412521
0.001724
0.0322473
0.00109091
0.00108253
0.0225382
0.0431683
0.00170404
0.0442824
0.131503
0.0123881
0.0187406
0.0248708
0.00465785
0.00502869
0.0251005
0.0635975
0.11657
0.00953595
0.000715338
0.00848033
0.0087337
0.00747012
0.0173728
0.0165018
0.0927018
0.0301346
0.0135339
0.0128752
0.0140751
0.0013027
0.00103211
0.0789473
0.0191232
0.00280117
0.0208637
0.0129493
0.0167281
0.0889516
0.0128194
0.0619423
0.0104001
0.101776
0.0181482
0.126629
0.102944
0.125076
0.137775
0.109418
0.00115266
0.0569944
0.00883841
0.0413478
0.0883346
0.103444
0.0679654
0.00798999
0.0400143
0.00114459
0.00112744
0.0292869
0.0214249
0.0449739
0.0223669
0.0422583
0.11344
0.0314045
0.11893
0.0651425
0.0607192
0.130096
0.0834019
0.0033548
0.0418533
0.0663319
0.104059
0.116894
0.00122553
0.00108253
0.0102615
0.0191574
0.0369145
0.0165186
0.0543318
0.0456354
0.152757
0.0223635
0.0978297
0.0676272
0.0234591
0.0166977
0.00425008
0.00106012
0.0591268
0.0577911
0.0709829
0.0337157
0.078206
0.0810938
0.0877271
0.0258028
0.00679882
0.00110104
0.029826
0.140713
0.0215385
0.102289
0.0421791
0.0193506
0.00470884
0.00113074
0.118941
0.00442128
0.033781
0.127029
0.121085
0.0249537
0.0529396
0.03409
0.00271638
0.0494147
0.06418
0.0963068
0.0201021
0.00333526
0.0411775
0.0155382
0.00741957
0.00129482
0.0289958
0.00113433
0.0141626
0.0144498
0.0993661
0.0134877
0.145011
0.00793312
0.0816148
0.108379
0.0147781
0.0195998
0.0397157
0.0127584
0.106227
0.0399162
0.0937632
0.139813
0.0973339
0.0319332
0.0197283
0.0431605
0.0123902
0.0012755
0.0249817
0.00186284
0.121326
0.0196977
0.00107075
0.022884
0.0387748
0.00107653
0.126556
0.108391
0.12162
0.0251019
0.0182965
0.0372124
0.00330296
0.0189965
0.129045
0.0137362
0.00119958
0.139754
0.0394262
0.0272224
0.00976062
0.00459382
0.0022643
0.00292046
0.0132775
0.0159098
0.00822564
0.0182378
0.0179653
0.0784892
0.0447404
0.0233803
0.128354
0.0466416
0.102626
0.00198371
0.0308452
0.0586323
0.00510271
0.0448348
0.00179705
0.020626
0.0353995
0.0864385
0.0279231
0.0269142
0.0417335
0.0270476
0.0245855
0.115815
0.05951
0.127151
0.033841
0.010633
0.00183331
0.0145582
0.00126688
0.00120878
0.00720769
0.00209143
0.0383041
0.00486105
0.00793316
0.00436325
0.011674
0.0332442
0.0444951
0.118119
0.00108253
0.0336373
0.0011725
0.0121204
0.0399915
0.0293015
0.0252965
0.129292
0.033966
0.00823405
0.0978927
0.0166897
0.00111638
0.0285766
0.0380295
0.0150315
0.0695415
0.118859
0.0172141
0.0328871
0.01433
0.131573
0.0109206
0.0366184
0.00202651
0.0248315
0.0426977
0.00127213
0.0218945
0.00304447
0.104661
0.0310009
0.00865627
0.0013102
0.124565
0.012344
0.00214347
0.00750897
0.00580364
0.0163113
0.0541775
0.0240318
0.00470229
0.00108253
0.0382426
0.140498
0.00105206
0.0614187
0.00555376
0.028832
0.108542
0.00949288
0.00615486
0.119034
0.067604
0.0306446
0.119981
0.085292
0.00661503
0.024367
0.0103008
0.00698588
0.0227137
0.00150584
0.0157606
0.0186049
0.00501063
0.0213198
0.0495402
0.00962238
0.0200071
0.0322724
0.00766678
0.124634
0.00871167
0.035171
0.0850478
0.0455425
0.00819568
0.127982
0.000996233
0.00111787
0.00440851
0.0835112
0.0898026
0.0191233
0.0978933
0.0128951
0.00103841
0.00107406
0.0427926
0.144847
0.0241243
0.0190512
0.0196455
0.00787203
0.0353002
0.0235151
0.00782467
0.0290303
0.0189651
0.0262332
0.00747792
0.0210788
0.0994812
0.0045631
0.0019913
0.045564
0.128252
0.00126635
0.0183624
0.00673172
0.00110165
0.0319571
0.0263549
0.0294196
0.0293336
0.144118
0.0422904
0.02308
0.0296132
0.00659403
0.00108445
0.0914927
0.0515858
0.00844111
0.00496664
0.115484
0.117956
0.0552065
0.0199814
0.015993
0.0649759
0.0454746
0.00810298
0.0284399
0.141058
0.0476194
0.00151553
0.0847578
0.00260087
0.000959573
0.0833346
0.00877308
0.0167891
0.00793112
0.0337841
0.00384506
0.00113735
0.00109844
0.0095589
0.0341069
0.028538
0.00990893
0.0101446
0.00111765
0.125818
0.0876655
0.132132
0.00223301
0.0143426
0.00665724
0.0534762
0.022603
0.0113972
0.0183565
0.097973
0.0110012
0.0680408
0.00998992
0.0010932
0.00920269
0.0866433
0.0961417
0.00574253
0.119242
0.0431727
0.00100729
0.125265
0.0340331
0.00210662
0.00510403
0.130954
0.0270311
0.121545
0.0141765
0.00949916
0.0262522
0.00819413
0.0947604
0.00732047
0.0890648
0.0161673
0.00122405
0.0598166
0.136323
0.00570317
0.139417
0.0818825
0.0850816
0.00626306
0.0106122
0.130853
0.0488314
0.0553349
0.068375
0.0810109
0.00911958
0.0654533
0.00108678
0.0830589
0.1287
0.127586
0.122073
0.162497
0.013537
0.131129
0.00113222
0.0010808
0.0237723
0.00475294
0.00528098
0.00306781
0.0338063
0.0647906
0.00972026
0.00516721
0.0461673
0.00869463
0.124781
0.00213684
0.039245
0.0632777
0.033937
0.0165032
0.0300082
0.0817697
0.00508783
0.0348766
0.00107363
0.00683951
0.00108253
0.120867
0.00738411
0.0100647
0.0437364
0.0102169
0.00845045
0.0219332
0.0182561
0.0974729
0.00935345
0.00839024
0.0670969
0.00911282
0.104816
0.00973259
0.124503
0.0114059
0.00561339
0.0353726
0.0060068
0.122124
0.0223771
0.00678043
0.0115532
0.00633929
0.0647285
0.0248387
0.0168504
0.00959196
0.00259571
0.064892
0.0858218
0.0368421
0.0064944
0.0359596
0.0255945
0.00398756
0.0421125
0.0358052
0.0937934
0.0149039
0.00767215
0.0111316
0.0196424
0.107042
0.00749868
0.00484756
0.0357656
0.0261832
0.110427
0.0562767
0.129257
0.00111725
0.0201074
0.00627284
0.0259694
0.0750976
0.00120666
0.00112333
0.0434729
0.0267662
0.00938934
0.020512
0.0341683
0.131963
0.0350207
0.0952245
0.130841
0.0161154
0.0195535
0.0423209
0.00592987
0.113825
0.00454951
0.00844419
0.00448642
0.0197559
0.018394
0.124978
0.00262007
0.0122539
0.129553
0.0639346
0.00514201
0.127024
0.00243894
0.00381301
0.0022666
0.0145738
0.0188848
0.02059
0.0282656
0.0459834
0.00431002
0.0818541
0.00437278
0.0645715
0.00141224
0.0629443
0.0997751
0.020824
0.043448
0.00558345
0.0171817
0.00969619
0.00110688
0.0101041
0.0225569
0.00124297
0.0623225
0.0339275
0.00242697
0.00481393
0.0039753
0.00782547
0.0913168
0.0432274
0.00759512
0.0151746
0.00184903
0.00341641
0.00387696
0.00483329
0.0709649
0.00262639
0.00487496
0.121819
0.00301239
0.120422
0.0153542
0.00237497
0.160598
0.0178311
0.106331
0.00529108
0.0365163
0.105995
0.127203
0.0690496
0.00235607
0.00625105
0.00220814
0.00534944
0.00587595
0.00110181
0.0172424
0.0569432
0.0188597
0.0863572
0.0890062
0.00643073
0.134091
0.0018191
0.0137163
0.00106598
0.0322729
0.0153376
0.00893787
0.134064
0.0802768
0.103047
0.0162241
0.0420906
0.0173225
0.00618326
0.00123147
0.0385437
0.00211736
0.0739181
0.00466126
0.132838
0.00914339
0.000972819
0.0071094
0.00104915
0.124948
0.0446299
0.00980735
0.0579614
0.0205032
0.00125493
0.0147092
0.0013175
0.0176553
0.00158971
0.011788
0.00618714
0.125687
0.00477474
0.016217
0.0539461
0.0293663
0.0338029
0.00470833
0.0150704
0.0582621
0.00190786
0.00619177
0.0321822
0.00110139
0.136914
0.0193254
0.0427652
0.0216624
0.00245422
0.0243673
0.00107006
0.00136789
0.0394348
0.106639
0.0143526
0.0091642
0.0157258
0.00556009
0.00231147
0.0448468
0.00170521
0.0622417
0.104185
0.0081622
0.00492432
0.00839685
0.019673
0.0632598
0.00778585
0.00581045
0.00207532
0.0017056
0.00621625
0.000991418
0.00283617
0.00318143
0.00710131
0.00104826
0.00107754
0.0012228
0.00322066
0.00117186
0.00112252
0.00108253
0.122416
0.00221908
0.124187
0.0139016
0.00103337
0.0246015
0.00965438
0.00668465
0.0156111
0.0246544
0.0450888
0.0294405
0.0197318
0.0202209
0.0949439
0.0477718
0.0271911
0.00167892
0.0506852
0.0192703
0.0981453
0.137366
0.0880212
0.0425948
0.00420864
0.012587
0.0202988
0.00104505
0.13608
0.00213848
0.0683514
0.0456416
0.0164103
0.0413141
0.138936
0.113965
0.00796448
0.0237597
0.00968105
0.0556476
0.0505252
0.00869447
0.00512493
0.00191928
0.0128075
0.0126698
0.00187126
0.129721
0.00213331
0.00250341
0.00109973
0.0528274
0.120211
0.0384389
0.00601096
0.111433
0.0023577
0.061091
0.00337131
0.115533
0.0011996
0.0419881
0.00571939
0.0224655
0.142706
0.0438355
0.0107916
0.0261963
0.00791886
0.00246755
0.0640531
0.079508
0.00503173
0.0192963
0.0137604
0.134828
0.00313246
0.0282629
0.131726
0.00874874
0.00215314
0.00338306
0.0192882
0.0294764
0.0229744
0.00822217
0.158734
0.00459497
0.0357377
0.0187113
0.0058374
0.0014862
0.0149853
0.0490162
0.128901
0.0022498
0.0360641
0.0150878
0.126749
0.00125918
0.00110717
0.0420526
0.083462
0.00486898
0.00211202
0.00211193
0.00435253
0.0384406
0.00577101
0.00736488
0.00209336
0.00211041
0.024209
0.02352
0.0200171
0.00362562
0.135861
0.00385414
0.0139519
0.019363
0.00475916
0.102204
0.0422831
0.0160293
0.127747
0.00208984
0.0894087
0.0525176
0.00284919
0.00581579
0.00581278
0.0236478
0.00616535
0.00827095
0.122719
0.0129751
0.0327238
0.00788709
0.00181576
0.00144998
0.0235962
0.124471
0.00751697
0.00399364
0.0166182
0.0267918
0.0388621
0.121914
0.00881259
0.00554646
0.0456614
0.00205806
0.093176
0.00120224
0.00712522
0.155692
0.0109636
0.0293763
0.0168702
0.0101922
0.00782777
0.021749
0.127004
0.00629612
0.0752727
0.0058457
0.112651
0.00197625
0.00994865
0.00420086
0.00628373
0.00213968
0.0089635
0.0913732
0.00229138
0.0971681
0.0372948
0.139277
0.0383481
0.019194
0.0255526
0.0207598
0.131257
0.0159756
0.00974406
0.00737046
0.0108114
0.00548808
0.0619373
0.0082017
0.0706854
0.141221
0.146701
0.122801
0.0076682
0.0412716
0.135662
0.0195538
0.0154748
0.00925707
0.14098
0.00806105
0.00219733
0.00119004
0.0289509
0.0139674
0.00945963
0.0932523
0.0304198
0.00706557
0.00764276
0.00204795
0.00834993
0.132771
0.00851263
0.0920614
0.00317359
0.00266981
0.00191328
0.0168312
0.0911515
0.00118709
0.0559707
0.107324
0.0263183
0.00577192
0.0145416
0.0136696
0.0109952
0.0881876
0.00210718
0.0145264
0.00102185
0.00445308
0.00436237
0.0144796
0.0326802
0.137169
0.0369821
0.104731
0.0234415
0.00131413
0.00111054
0.00251585
0.00416504
0.00504426
0.111985
0.0417815
0.0344276
0.024424
0.00147903
0.0335841
0.137681
0.110292
0.0802047
0.11445
0.0115372
0.0173267
0.0552778
0.0177358
0.0127416
0.00485375
0.00715481
0.00113927
0.0717808
0.00774451
0.0124015
0.00437316
0.120546
0.161063
0.1129
0.00857305
0.0212957
0.0121879
0.00964562
0.00685042
0.0147976
0.123128
0.117466
0.0085504
0.0558486
0.0040194
0.023354
0.0173909
0.0584099
0.0023285
0.0169875
0.0387529
0.0128888
0.11937
0.00636674
0.037382
0.0653495
0.00319136
0.00904227
0.0124642
0.0666978
0.124494
0.0820378
0.10783
0.0461102
0.00682599
0.00970019
0.014758
0.016351
0.0063606
0.139862
0.00621826
0.143174
0.00495365
0.00263837
0.0210521
0.113022
0.0690487
0.0137113
0.00192479
0.025956
0.00532895
0.0192414
0.149606
0.00192015
0.111846
0.00579665
0.00228376
0.0445977
0.00234553
0.12227
0.0363716
0.0166805
0.00127949
0.054676
0.0168407
0.00282325
0.0151742
0.00244683
0.0603909
0.137974
0.00238928
0.00117268
0.00102317
0.0011336
0.00560043
0.127165
0.0928301
0.0359395
0.090756
0.108121
0.00826428
0.00192468
0.0131746
0.00139856
0.128063
0.0734074
0.0146958
0.0118701
0.0422026
0.106744
0.124974
0.00207115
0.0152448
0.00601161
0.112235
0.11424
0.137984
0.0117603
0.0119058
0.0208774
0.0252753
0.00319904
0.00422674
0.0248167
0.014739
0.0550575
0.126965
0.00410153
0.00199568
0.0901834
0.00563305
0.0888072
0.00103963
0.130493
0.00276887
0.135461
0.0104991
0.127064
0.030632
0.0329833
0.00851292
0.00554588
0.00478559
0.0502619
0.113526
0.126501
0.00163704
0.00103784
0.0234772
0.00518792
0.00820828
0.0323881
0.0246003
0.00105568
0.00757915
0.080305
0.00257697
0.00232629
0.00391089
0.133457
0.0789441
0.141574
0.0609612
0.0103802
0.130975
0.140398
0.0240855
0.00613912
0.120608
0.00119314
0.000918072
0.00134462
0.00653489
0.00112211
0.00107596
0.00714402
0.00160997
0.00445592
0.00181597
0.00700618
0.00609989
0.0656202
0.00196523
0.0977919
0.0010744
0.0135637
0.0910612
0.00110389
0.00653805
0.0898266
0.0030003
0.00195366
0.0972514
0.00743845
0.0698037
0.00422423
0.00129833
0.00114453
0.117511
0.00245874
0.00121566
0.00114533
0.00739964
0.0106938
0.00941378
0.0903982
0.00469845
0.0126904
0.0127061
0.0308295
0.0223893
0.107346
0.00105058
0.0454011
0.00184635
0.0147449
0.0141235
0.00394835
0.0229009
0.0279568
0.131029
0.118024
0.0421896
0.00136923
0.103278
0.0176044
0.00103662
0.00161873
0.00371601
0.0262825
0.00759346
0.00574636
0.0597793
0.0418724
0.0297066
0.000978374
0.0257088
0.00173293
0.0440461
0.121546
0.0101889
0.0131928
0.00708522
0.00103197
0.084692
0.00394196
0.0252971
0.0742971
0.00789808
0.00219961
0.0477305
0.00110975
0.0208903
0.00226654
0.0058235
0.00281824
0.0653304
0.00113153
0.00522938
0.0185418
0.0223512
0.00236809
0.00387878
0.0868451
0.0635227
0.001554
0.09944
0.111495
0.0336696
0.00818377
0.00211777
0.110858
0.00740034
0.0123654
0.00999553
0.011249
0.0471687
0.0368335
0.0537322
0.126618
0.00464847
0.00250381
0.0194756
0.0918433
0.12206
0.00833813
0.103619
0.0254297
0.00774913
0.129893
0.0284232
0.00595185
0.0685621
0.0970671
0.0141503
0.0299066
0.0841385
0.00804864
0.00682892
0.00850755
0.134289
0.130062
0.0217443
0.00417214
0.152958
0.018499
0.0892176
0.0263694
0.00444722
0.130309
0.000891463
0.0892055
0.00101863
0.00618241
0.126893
0.0106974
0.0172189
0.0270757
0.00265771
0.00103028
0.130789
0.00777072
0.090224
0.00186156
0.00270879
0.117464
0.00119863
0.125128
0.0905014
0.0107462
0.0117099
0.00308185
0.00490924
0.00334976
0.0803624
0.00453004
0.0677416
0.00141234
0.0450588
0.0105132
0.00111977
0.166593
0.0818623
0.00942674
0.092709
0.00338673
0.00775335
0.0656942
0.0644875
0.0581204
0.074045
0.0023562
0.00697818
0.0102194
0.00314578
0.0154649
0.0158947
0.0225549
0.0180608
0.0175342
0.123112
0.0278579
0.0843263
0.0683097
0.0187714
0.0083334
0.117371
0.00398241
0.00104372
0.0788122
0.00599043
0.0774358
0.00178134
0.0352338
0.00217466
0.0089942
0.116828
0.0050503
0.127628
0.00658401
0.00180641
0.0459939
0.155177
0.00395827
0.0208235
0.136915
0.00654066
0.00217455
0.134464
0.00117112
0.0354829
0.0711476
0.00353536
0.00197589
0.0252091
0.0657138
0.0236434
0.031049
0.00701378
0.057927
0.0893683
0.0890538
0.170372
0.00146679
0.0159958
0.123673
0.0973371
0.0228752
0.00182299
0.00135257
0.00519913
0.0806591
0.00421298
0.00630232
0.119162
0.0359575
0.00586217
0.121189
0.0992534
0.00100646
0.0150332
0.00223697
0.0279884
0.00915337
0.00212519
0.00133677
0.00173426
0.0659762
0.00651304
0.106934
0.0363136
0.124303
0.000983333
0.00541688
0.0714863
0.00729693
0.00172339
0.0023374
0.112401
0.00117615
0.03779
0.0328084
0.00506069
0.00253622
0.0130179
0.00170948
0.00990133
0.0022137
0.0920975
0.0215214
0.0039061
0.0474162
0.150399
0.00174707
0.0149393
0.0013267
0.00121823
0.0614625
0.00106645
0.0201815
0.00313934
0.116144
0.00471251
0.00207686
0.00812294
0.130023
0.0717182
0.00480851
0.0970821
0.0683536
0.00279051
0.0195148
0.0847022
0.00113737
0.0904608
0.096824
0.102535
0.13855
0.0710032
0.0527137
0.123726
0.00130093
0.00206969
0.0232254
0.110366
0.0442625
0.0597479
0.0220074
0.097226
0.00659223
0.0162298
0.00396247
0.0162466
0.0200402
0.0168364
0.0929592
0.00796894
0.0117971
0.0228741
0.00375665
0.00215666
0.0041609
0.101806
0.13006
0.0545165
0.00107011
0.00396927
0.00413947
0.00141777
0.0179267
0.0568651
0.00113873
0.0193875
0.0430786
0.0627912
0.0434585
0.00764838
0.0107619
0.0168437
0.0649799
0.028492
0.0120756
0.0710244
0.0269385
0.0655614
0.00130281
0.0949518
0.0769251
0.00414032
0.137999
0.140528
0.0280483
0.00725814
0.0155785
0.00426234
0.00597713
0.121818
0.00484227
0.0158293
0.124886
0.116848
0.00112892
0.109736
0.00260677
0.00580394
0.0676141
0.00770484
0.120521
0.0020794
0.00403483
0.00463262
0.0195984
0.00551489
0.00118739
0.0148745
0.00238916
0.0016968
0.0510251
0.0991754
0.0182095
0.0113784
0.000962576
0.0164664
0.0190315
0.0461702
0.0354013
0.0542281
0.0119689
0.00987714
0.00101307
0.0189621
0.0291725
0.00444961
0.0127068
0.0876854
0.0463163
0.0834462
0.108963
0.0255494
0.116273
0.00908867
0.0168555
0.00483517
0.00107218
0.00123514
0.0586606
0.0830197
0.00762087
0.011687
0.0862964
0.0232741
0.0800681
0.00290113
0.129127
0.00393636
0.00116705
0.122281
0.0571434
0.0796983
0.00130707
0.00661174
0.011125
0.00220169
0.0521425
0.0300108
0.0025573
0.00142887
0.149633
0.00104132
0.031956
0.0187797
0.00518735
0.0643825
0.0854905
0.0450971
0.00237353
0.0017067
0.00445509
0.00103285
0.133971
0.0931585
0.0876254
0.0196297
0.0935912
0.0529157
0.0386506
0.0488465
0.00229103
0.129554
0.129553
0.00201102
0.00178801
0.0014995
0.0215629
0.02115
0.0111999
0.00493161
0.00538196
0.00217949
0.00191791
0.00389672
0.0647037
0.0047748
0.0645293
0.0233549
0.0367843
0.00160269
0.0745874
0.0741005
0.0821821
0.0288139
0.00547377
0.0278545
0.139672
0.0163314
0.00108419
0.0663273
0.0964558
0.00639094
0.0783598
0.0463886
0.0737902
0.0642826
0.00818937
0.00300454
0.0152239
0.0046777
0.00126107
0.0273721
0.00078728
0.00348085
0.019193
0.00550984
0.0853006
0.00543309
0.00776501
0.000967863
0.00304875
0.00208821
0.00116131
0.00725753
0.121334
0.0238192
0.129073
0.00116626
0.0682423
0.00232004
0.00513824
0.107568
0.00124028
0.00382133
0.0862197
0.000990708
0.00387018
0.0872665
0.00113963
0.0233177
0.0153461
0.00221233
0.0156935
0.00261262
0.0011712
0.0761904
0.00207489
0.00416977
0.0928529
0.00123289
0.123821
0.00903699
0.0479234
0.0667643
0.00275704
0.0672135
0.050756
0.0018308
0.000967142
0.00363703
0.0898278
0.00105336
0.00208392
0.00405827
0.00434305
0.0939416
0.0913462
0.00198244
0.0893692
0.125676
0.114824
0.0435571
0.00268278
0.000834624
0.00888722
0.0871329
0.0224663
0.0411335
0.0023077
0.110565
0.0277162
0.00313345
0.00209062
0.00217671
0.0013485
0.00498743
0.0656411
0.00203468
0.0896482
0.00199216
0.0030691
0.0090672
0.0390183
0.0499036
0.00478163
0.124075
0.0018644
0.100558
0.0735492
0.0904346
0.000786309
0.00144107
0.0641102
0.118617
0.00472803
0.00238337
0.00217432
0.00263545
0.0505648
0.000893437
0.0205088
0.0759556
0.0184453
0.00219532
0.124121
0.0363143
0.0863616
0.00219075
0.00249032
0.0479374
0.105236
0.00100158
0.0053573
0.000821424
0.0011186
0.00767788
0.00281786
0.00580816
0.12512
0.00210202
0.0623855
0.00222241
0.0482871
0.00345454
0.0742625
0.0085294
0.00722631
0.0163495
0.00237277
0.0872154
0.00810643
0.0271033
0.0630965
0.0201953
0.0502188
0.0129162
0.0298052
0.0811246
0.0458572
0.00836525
0.0239926
0.0969765
0.0923559
0.0941191
0.00411453
0.029615
0.00865107
0.07892
0.0293218
0.00203562
0.0331249
0.0136209
0.00879141
0.0938943
0.0707072
0.0012326
0.00824341
0.125638
0.00125024
0.123535
0.0544105
0.00129835
0.128592
0.130758
0.00951075
0.0352175
0.00469221
0.00482343
0.00212259
0.00424379
0.119003
0.00226125
0.135245
0.0287484
0.00502329
0.016709
0.000983161
0.121083
0.127084
0.0300492
0.00100467
0.000923677
0.06623
0.0115739
0.126181
0.00831274
0.0686315
0.05242
0.00249123
0.153643
0.0633284
0.00662392
0.0345628
0.00224114
0.13019
0.0010163
0.0921669
0.00122195
0.0044997
0.0436984
0.0601017
0.117113
0.0368348
0.00161515
0.0104257
0.00796764
0.00241876
0.00322882
0.0565918
0.03177
0.00134631
0.00358837
0.112121
0.0441918
0.0481859
0.00432736
0.00817995
0.00840791
0.0200743
0.0890921
0.107769
0.0010116
0.0357606
0.0842682
0.0256783
0.0230986
0.0454924
0.0535045
0.0177968
0.0106973
0.121913
0.00261169
0.0904234
0.0050188
0.121137
0.00670923
0.109077
0.0312523
0.00801716
0.00112606
0.00209599
0.00190083
0.0010418
0.0461748
0.00139339
0.0805922
0.0863479
0.014247
0.00198859
0.000941807
0.102511
0.00446438
0.00210892
0.00247641
0.114419
0.0549642
0.0606309
0.0319936
0.00200869
0.00390408
0.00705009
0.0103122
0.0380658
0.128044
0.0698294
0.0660028
0.00883999
0.00111234
0.0301238
0.000782
0.00777613
0.00492606
0.00825984
0.00119691
0.00750118
0.0940447
0.0708963
0.000873382
0.00205845
0.000987164
0.109116
0.00320249
0.00217453
0.0692592
0.107941
0.000723876
0.0491389
0.00387241
0.00863737
0.0364341
0.000808795
0.0856478
0.00377259
0.000854493
0.0191677
0.0010496
0.0858451
0.00118717
0.00266079
0.110287
0.000840004
0.0768332
0.0210254
0.0884554
0.00494038
0.00135426
0.0146493
0.0895309
0.00206129
0.129257
0.0807482
0.0880913
0.0141819
0.00133725
0.0921538
0.0254285
0.0810133
0.00233342
0.00126605
0.0336268
0.00887311
0.00140944
0.0042135
0.0040285
0.0276835
0.0175158
0.0109667
0.000999231
0.0163038
0.017212
0.000768335
0.0153908
0.00398987
0.0212222
0.031682
0.00786283
0.110694
0.111605
0.0933802
0.00325511
0.0496194
0.00170676
0.136317
0.00230194
0.0476066
0.0173787
0.00253419
0.00220672
0.0757574
0.160835
0.0458088
0.000804302
0.0972293
0.00454837
0.00290397
0.00165968
0.0852537
0.0825991
0.00223273
0.00604238
0.00110273
0.0133794
0.0008133
0.00951663
0.033698
0.0872924
0.00641647
0.00228232
0.0652168
0.0240965
0.0499756
0.00564863
0.0639498
0.008476
0.000895644
0.0795103
0.0856402
0.0107934
0.0953892
0.00329592
0.000787735
0.132928
0.0040402
0.004621
0.00978491
0.0999846
0.0664827
0.0117866
0.00649654
0.0121333
0.0094037
0.00429487
0.0459597
0.0209408
0.00828152
0.148164
0.00328394
0.0283312
0.0115479
0.00072602
0.114427
0.036899
0.00695976
0.000888991
0.00102889
0.000972335
0.0934214
0.00301933
0.00140842
0.0691923
0.0111769
0.0541991
0.0485507
0.0628428
0.111169
0.0345226
0.0085427
0.0899031
0.0248476
0.00972359
0.00208934
0.0418526
0.000947543
0.00682316
0.12477
0.106601
0.133136
0.113696
0.00895124
0.00214334
0.0440077
0.112929
0.0858429
0.139591
0.0795499
0.0181391
0.105449
0.00143143
0.00259779
0.00293059
0.011135
0.0439361
0.0151917
0.0172286
0.117514
0.00402487
0.0943837
0.000804408
0.0141117
0.00756718
0.112636
0.042349
0.00175658
0.127794
0.017684
0.107266
0.00298832
0.00496664
0.00480682
0.108606
0.021369
0.00176879
0.053897
0.114278
0.021343
0.0289442
0.0916471
0.00103781
0.00277662
0.0949174
0.0714222
0.0119513
0.00372136
0.0688071
0.0445488
0.0053826
0.0352768
0.0206961
0.00592319
0.00372194
0.0308142
0.00825989
0.00649669
0.0536836
0.134335
0.0647591
0.0525643
0.0667472
0.00315764
0.00109344
0.00910552
0.0269964
0.00583129
0.103415
0.116952
0.0211381
0.00367973
0.00772044
0.0132949
0.0110312
0.0102932
0.00118989
0.0698631
0.00183106
0.00911278
0.0172147
0.00702543
0.0538554
0.00416543
0.00313008
0.00738862
0.00106009
0.00175224
0.0753243
0.0176681
0.00187911
0.0733552
0.115706
0.0025683
0.00129406
0.0814973
0.0784199
0.00301044
0.0984328
0.00871537
0.119748
0.0479603
0.105998
0.00165933
0.016779
0.00507758
0.00432124
0.00431951
0.0174397
0.000987795
0.0824178
0.0730945
0.075303
0.0110103
0.00177814
0.00941557
0.0184473
0.0644658
0.0574163
0.00172602
0.0613927
0.0322187
0.00101136
0.00210898
0.00284221
0.0323957
0.0151963
0.13667
0.101631
0.00203755
0.00185499
0.0855361
0.00271238
0.086278
0.0346952
0.0223626
0.0189386
0.0591026
0.115246
0.000891672
0.00110736
0.076646
0.0869586
0.00487118
0.0120651
0.0523671
0.0185916
0.0401943
0.0920175
0.00956094
0.0744796
0.0282795
0.00187139
0.00285286
0.018345
0.0474868
0.00112628
0.120915
0.106383
0.00162769
0.100305
0.00333744
0.00573022
0.0142537
0.00398753
0.0638057
0.0946188
0.0518071
0.0745496
0.00557443
0.018503
0.0593687
0.047708
0.00327225
0.00216117
0.0964114
0.00228649
0.00132395
0.0284243
0.00110001
0.00093844
0.0200157
0.100872
0.000887795
0.115356
0.0479411
0.0797713
0.0934751
0.133931
0.00356833
0.0123727
0.00123058
0.0332225
0.00102476
0.0169296
0.00121268
0.0537705
0.00367592
0.0922378
0.0177829
0.00201107
0.056383
0.00475301
0.000955186
0.0165417
0.00723116
0.00559024
0.0865922
0.0562281
0.0176578
0.121246
0.00130166
0.00156049
0.0578187
0.117844
0.0115049
0.113598
0.0197846
0.0290816
0.00345505
0.0592332
0.0717258
0.00371438
0.0123919
0.00174672
0.00992865
0.0341613
0.00583787
0.00613154
0.0026741
0.135085
0.00213878
0.00205059
0.0841022
0.002467
0.000887755
0.044677
0.128886
0.00616998
0.0102859
0.0707932
0.00737563
0.00377478
0.14602
0.0566616
0.00879439
0.115182
0.00515046
0.044612
0.00981805
0.00292267
0.00587658
0.0133497
0.0943195
0.0037233
0.00279599
0.00270903
0.0139403
0.0573654
0.0354612
0.00573239
0.0998685
0.0968888
0.130971
0.00882948
0.119902
0.0705486
0.106649
0.0851645
0.126413
0.00236295
0.00728202
0.110278
0.0967923
0.0677717
0.0873428
0.00960192
0.00411963
0.00366647
0.00592019
0.00114789
0.0854919
0.00183603
0.0018282
0.0180954
0.0343974
0.00498757
0.0639429
0.119802
0.0787406
0.0084062
0.00101691
0.0948727
0.00329661
0.00388939
0.016427
0.114728
0.000887182
0.12984
0.012363
0.00573907
0.00355522
0.132398
0.0304168
0.0548122
0.130239
0.00590597
0.0340703
0.00173868
0.0448095
0.0860287
0.00149533
0.0276522
0.130337
0.102289
0.00103568
0.104255
0.00899644
0.0142549
0.00252003
0.00733301
0.0017946
0.0704656
0.0239871
0.0922652
0.121253
0.0116405
0.0851169
0.0371339
0.00101121
0.147857
0.0338874
0.0023101
0.00106377
0.0698648
0.00429756
0.0516664
0.0845193
0.0185568
0.0987837
0.0107338
0.00108571
0.092863
0.127088
0.00612766
0.00146792
0.0878075
0.00803101
0.00142249
0.074134
0.00092486
0.0265227
0.00121386
0.135636
0.00157862
0.00116212
0.0614746
0.00255918
0.022789
0.123453
0.0510661
0.00214366
0.000889714
0.00571711
0.123987
0.00142054
0.0971802
0.0332818
0.0683617
0.00221314
0.0112104
0.0098403
0.00210506
0.0722396
0.00212738
0.002304
0.00183024
0.00126487
0.0100917
0.0119054
0.00095545
0.112482
0.0336201
0.00465183
0.00195801
0.0931114
0.132075
0.113844
0.0558607
0.0323628
0.0217496
0.00392632
0.0721007
0.000805975
0.111701
0.0308446
0.0315714
0.0158485
0.00335505
0.118548
0.0957242
0.00823727
0.00213778
0.00280863
0.00222853
0.00151598
0.0844951
0.0794468
0.0840181
0.00425678
0.0337605
0.0443017
0.00102054
0.0429732
0.00967354
0.000799436
0.0516506
0.00121289
0.00098398
0.00146249
0.0184302
0.00240042
0.000776273
0.00405646
0.0701582
0.100232
0.0126443
0.0395822
0.0194949
0.000880348
0.000975984
0.0164792
0.0010012
0.00264851
0.00091306
0.129359
0.12613
0.0530283
0.0695001
0.0445721
0.00401944
0.00218468
0.045917
0.000954215
0.0475315
0.050604
0.00389075
0.115218
0.00227457
0.00250694
0.00249092
0.089225
0.0773762
0.148197
0.108689
0.00151682
0.0753233
0.0206229
0.0390083
0.00380113
0.0179566
0.0488325
0.0869996
0.00171469
0.0694217
0.00221554
0.0666582
0.00951303
0.0830907
0.0851708
0.0315986
0.00397329
0.098231
0.0419659
0.00216377
0.0599175
0.00705448
0.00457379
0.00381276
0.0111722
0.104312
0.0429676
0.0029429
0.0180443
0.0700347
0.0072736
0.00857344
0.0114661
0.0687905
0.0301318
0.0585237
0.0912264
0.0302405
0.0236463
0.00405373
0.0257082
0.00155923
0.00191801
0.00920766
0.0267606
0.0662549
0.00371487
0.00102605
0.103911
0.0472092
0.0120851
0.106896
0.026751
0.00103981
0.00605132
0.102836
0.0166835
0.0274605
0.00276006
0.055013
0.122677
0.0878662
0.00721424
0.0695039
0.0640555
0.00418623
0.0939065
0.0132478
0.00646156
0.100572
0.00151023
0.0120338
0.00578034
0.00180127
0.031705
0.11096
0.00572462
0.0688683
0.109019
0.100654
0.0156582
0.0895739
0.00158489
0.00086498
0.00627595
0.00653672
0.0469473
0.004257
0.0785052
0.00211297
0.0231334
0.0216651
0.0437681
0.00083984
0.115252
0.0361845
0.000975298
0.0981881
0.0102989
0.00729156
0.111196
0.00204823
0.0919908
0.00967974
0.0126083
0.0944085
0.0773361
0.0917301
0.00172376
0.0989534
0.0019608
0.111658
0.0202062
0.0187065
0.0204937
0.00140728
0.0946352
0.0287875
0.00260126
0.00711424
0.00230251
0.0289241
0.0751245
0.00104062
0.0868794
0.000968712
0.0251701
0.0790766
0.116874
0.00197177
0.00369505
0.0426932
0.00173861
0.0683968
0.0259883
0.0745667
0.0105074
0.0286084
0.0177847
0.00252961
0.111292
0.0947997
0.0528234
0.00110399
0.0764009
0.0416458
0.00195245
0.1069
0.0041469
0.0420572
0.0185783
0.0308998
0.0392436
0.0370429
0.00514328
0.0220765
0.11696
0.00296415
0.0858434
0.00937696
0.0280801
0.0028402
0.037591
0.0361357
0.05742
0.00115851
0.0196785
0.107779
0.00315054
0.043084
0.0177454
0.125139
0.0194838
0.139262
0.0733751
0.042151
0.00104083
0.098374
0.0648372
0.00201482
0.111377
0.0882745
0.0331508
0.00178358
0.115974
0.00846585
0.0163887
0.00334778
0.110701
0.00778835
0.111502
0.113602
0.0101468
0.00219327
0.105507
0.0798331
0.058545
0.00938395
0.00357912
0.0245823
0.067139
0.106362
0.000651534
0.0947004
0.00796147
0.00828888
0.00374211
0.114473
0.0459158
0.00348106
0.0363442
0.00875834
0.0182448
0.089187
0.011297
0.0705752
0.0105276
0.112693
0.0760383
0.0543399
0.00213397
0.0666035
0.00642384
0.0834725
0.00138684
0.000929454
0.0105009
0.093421
0.00437842
0.00228435
0.0252503
0.0396877
0.0199801
0.000766337
0.124604
0.000736948
0.138476
0.00941275
0.0236032
0.100319
0.00292154
0.000712641
0.0674715
0.0216759
0.12122
0.0093949
0.0799907
0.0819792
0.0791
0.00710803
0.00236255
0.0931601
0.0533118
0.043024
0.00217706
0.0424579
0.00245206
0.0474382
0.00378059
0.000931249
0.00657671
0.00844994
0.0957808
0.10428
0.000865136
0.0418024
0.00730538
0.123563
0.00891971
0.00095485
0.00113498
0.111325
0.0699008
0.0150518
0.00174816
0.0109534
0.101129
0.00155593
0.00074602
0.0523703
0.00354496
0.0785394
0.00794789
0.0416042
0.0271216
0.112938
0.00996051
0.0478816
0.0817583
0.000983372
0.0158658
0.0337646
0.00218605
0.00175933
0.078279
0.00101555
0.10808
0.00359776
0.022672
0.0881118
0.104246
0.0844728
0.0185069
0.0027283
0.00602371
0.0637257
0.0260467
0.002864
0.0708911
0.0675114
0.0842437
0.0285232
0.00407349
0.0673092
0.0790817
0.0823341
0.00102213
0.111643
0.0390304
0.0875207
0.00644061
0.0819604
0.00689132
0.00150617
0.120639
0.0011365
0.000999557
0.0857335
0.0104753
0.00576957
0.0603779
0.0946114
0.0317712
0.0312387
0.00370195
0.0101127
0.105033
0.0782688
0.102258
0.0908969
0.0384429
0.094334
0.00194938
0.114098
0.0606975
0.0202165
0.0376679
0.00169285
0.0754664
0.0671463
0.0304976
0.114205
0.00633704
0.000771447
0.00275802
0.00711353
0.028337
0.00199044
0.0650822
0.0704467
0.0156694
0.000924543
0.148931
0.0298668
0.00404025
0.00729493
0.00108958
0.000894725
0.00811726
0.00472269
0.0225531
0.000844629
0.111802
0.0233141
0.0807324
0.00171239
0.0382769
0.00162443
0.118835
0.0146495
0.105338
0.028496
0.00195337
0.0860133
0.0808325
0.00150492
0.00405419
0.100757
0.0585946
0.103724
0.0271728
0.0962499
0.0268727
0.0737233
0.000751373
0.105415
0.0373401
0.0938479
0.0752227
0.0551213
0.00502729
0.0901929
0.0109401
0.0922924
0.00106735
0.0826112
0.0112301
0.0115216
0.0693499
0.0017355
0.0705906
0.00330768
0.0702761
0.0617024
0.0392668
0.0726733
0.00548266
0.0594972
0.0287759
0.0877467
0.00398486
0.00935328
0.0511548
0.10377
0.00212056
0.00615576
0.000714001
0.00189411
0.00760988
0.0497415
0.0582876
0.0241356
0.0306646
0.000753712
0.107992
0.00335487
0.0367348
0.106545
0.0166858
0.110458
0.100243
0.00524175
0.00413747
0.0826697
0.075079
0.103881
0.0375503
0.0425152
0.0787042
0.0421561
0.0741471
0.0155485
0.0200962
0.000910606
0.0076306
0.000706052
0.0661361
0.00189794
0.0377492
0.00600577
0.00146666
0.0538995
0.00557957
0.0507546
0.00179389
0.000825246
0.00717117
0.0430516
0.000687759
0.0135456
0.00245401
0.0222062
0.0132252
0.000833226
0.0110941
0.00378039
0.0184812
0.000716815
0.00296703
0.000693058
0.0181888
0.00114086
0.000692979
0.000680776
0.107723
0.102185
0.0020534
0.0705857
0.0485575
0.00136905
0.02824
0.0757927
0.00642189
0.000868607
0.00220147
0.00131363
0.0533451
0.0927124
0.123399
0.00173948
0.0057849
0.0051748
0.0107658
0.000872213
0.0923527
0.0190777
0.0113282
0.0209927
0.00594313
0.0245858
0.0985489
0.00183938
0.101972
0.00173087
0.0452433
0.0280011
0.00932813
0.118824
0.0227861
0.00750988
0.102109
0.00209687
0.103375
0.0654937
0.0028568
0.032624
0.107282
0.0136248
0.00797283
0.00258583
0.00543324
0.00232564
0.0383206
0.00651394
0.00085123
0.00569088
0.0192293
0.0388294
0.0011105
0.0956429
0.0650904
0.00404575
0.00439931
0.00978828
0.0307712
0.103543
0.0965812
0.00164504
0.0043462
0.00158905
0.108441
0.00167182
0.0657795
0.00812004
0.0165032
0.0453101
0.00919551
0.0014969
0.0126161
0.00246476
0.00261655
0.108037
0.0141952
0.0151945
0.0152031
0.0373184
0.0159484
0.0150861
0.00625545
0.0662101
0.000912951
0.00122739
0.0380417
0.00743246
0.00304679
0.0061122
0.0995179
0.104705
0.00189376
0.0382432
0.0061487
0.0943065
0.104822
0.00562622
0.0178691
0.0353418
0.000938739
0.0171562
0.00609377
0.0542791
0.000909343
0.0150133
0.00525308
0.0188893
0.0220517
0.00510693
0.0357726
0.00113665
0.0164724
0.00351478
0.00217253
0.000913028
0.00206507
0.000746132
0.0197997
0.00746695
0.00759477
0.00141488
0.00125065
0.0751805
0.00316336
0.0660459
0.0967769
0.00687836
0.00374944
0.0454334
0.00627387
0.0021731
0.00628584
0.00395083
0.00887727
0.00340249
0.0937303
0.0118816
0.0730865
0.0010201
0.038563
0.0105671
0.00166015
0.0212383
0.00457451
0.000769149
0.0766203
0.00918167
0.00172858
0.000750823
0.0660515
0.0306237
0.0318515
0.00948349
0.102191
0.00171668
0.00184433
0.00483722
0.0108425
0.0288234
0.00818202
0.00163122
0.0015697
0.0400625
0.00374619
0.0192073
0.0102438
0.0145872
0.00314056
0.00463761
0.00243035
0.0863003
0.0674225
0.0990913
0.0031943
0.00903132
0.0366196
0.000991148
0.00720981
0.0102362
0.0829909
0.00436742
0.0863045
0.00730574
0.00116813
0.00243101
0.00835427
0.0010713
0.00672855
0.00100286
0.00325691
0.104025
0.00132679
0.0961846
0.00708387
0.0502522
0.00203796
0.0385318
0.0087759
0.0010019
0.00687174
0.00712669
0.00647951
0.000869773
0.00085894
0.00853863
0.00213093
0.00944708
0.0996609
0.0370475
0.00861958
0.00183694
0.000844381
0.0246776
0.0147065
0.00266153
0.00877112
0.00831483
0.00311309
0.00269319
0.00448371
0.00408986
0.00331894
0.0450479
0.00119303
0.0739503
0.0942659
0.00215822
0.0212971
0.0006976
0.00107033
0.00209225
0.00348844
0.00147856
0.0711884
0.00215563
0.00189172
0.00667208
0.0139582
0.00175064
0.00486591
0.00735308
0.00544514
0.00652473
0.0897733
0.000830769
0.000791965
0.0726986
0.0018595
0.0305502
0.0400828
0.0673126
0.0117696
0.0017979
0.00188363
0.00209405
0.014824
0.0154667
0.00427899
0.00473922
)
;


// ************************************************************************* //
