/*--------------------------------*- C++ -*----------------------------------*\
| =========                 |                                                 |
| \\      /  F ield         | OpenFOAM: The Open Source CFD Toolbox           |
|  \\    /   O peration     | Version:  v2012                                 |
|   \\  /    A nd           | Website:  www.openfoam.com                      |
|    \\/     M anipulation  |                                                 |
\*---------------------------------------------------------------------------*/
FoamFile
{
    version     2.0;
    format      ascii;
    class       volScalarField;
    location    "300";
    object      omega_0;
}
// * * * * * * * * * * * * * * * * * * * * * * * * * * * * * * * * * * * * * //

dimensions      [0 0 -1 0 0 0 0];


internalField   nonuniform List<scalar> 
9793
(
0.0682826
0.198441
0.0680103
0.0210187
0.752688
0.0225978
0.0220542
0.0207877
0.0216458
0.418535
0.0581171
0.898634
0.0210702
0.0205781
0.0232078
0.0204721
0.022135
0.022675
0.126863
0.020553
0.723771
0.023303
0.259274
0.0196434
0.0224976
0.0211799
0.0205857
0.0212678
0.0460837
0.0216309
0.0364452
0.278657
0.481159
0.0220091
0.0508081
1.00815
0.022664
0.0232097
0.020867
0.0211691
0.0362294
0.0232469
0.0222708
0.0221678
0.0222908
0.0213894
0.0493316
0.305956
0.506939
0.0209901
0.0520426
0.0628777
0.0227178
0.0216616
0.124538
0.75831
0.0214524
0.0955392
0.873113
0.0208466
0.0218785
0.0226203
0.904557
0.02199
2.12863
0.472182
0.905687
0.846114
0.904565
0.0574012
0.117724
0.0208716
0.0211575
0.0620822
0.056664
0.895169
0.021447
0.0212629
0.022779
0.0215533
0.462171
0.0223736
0.213258
0.259874
0.0331688
0.296071
0.0218484
0.0214432
0.022201
0.0229882
0.180587
1.28343
0.0204315
0.279918
0.022378
0.253012
0.959815
0.202218
0.0203943
0.0202655
0.0202508
0.0219408
0.0204821
0.0204596
0.021059
0.0322872
0.0220797
0.0219845
0.0224066
0.328176
0.0210591
0.949202
0.0214299
0.897261
0.0625718
0.0214567
0.493864
0.0549051
0.0236992
0.286574
0.326911
0.0225274
0.0213465
0.0229022
0.0220789
0.844965
0.0405562
0.291054
0.0237105
0.0211662
0.021475
0.0214534
0.021168
0.0220432
0.021595
0.021441
0.0223687
0.0219797
0.0214215
0.0199961
0.021335
0.0223037
0.0212403
0.0202837
0.0206955
0.0210714
0.148392
0.020291
0.0204021
1.73332
0.18893
0.0214596
0.19068
0.29166
0.0203772
0.0219985
0.0207788
0.0221227
0.020262
0.0211856
0.0207859
0.0212646
0.0202693
0.0912611
0.102274
0.802928
0.301347
0.0274422
0.0205083
0.0212579
0.0213537
0.502885
0.142342
0.556541
0.0220018
0.11897
0.0214506
0.0196184
0.0211881
0.0293739
3.20406
0.0226913
0.0202765
0.0223217
0.873589
0.0211428
0.108485
0.0211819
0.0213183
0.0202827
0.0220232
0.0213419
0.391276
0.940562
0.904917
0.0290093
0.087814
0.0212293
0.254765
0.0200772
0.0215839
0.0992832
0.73719
0.0211718
0.0214513
0.0205781
0.965237
0.0203066
0.0276838
0.0228736
0.0335574
0.229276
0.721099
0.0216968
0.0921676
0.0206649
0.0213984
0.846987
0.0203967
0.757449
0.064451
0.0213847
0.022102
0.021344
0.276374
0.0902692
0.0226076
0.0203779
0.0649474
0.049976
0.019709
0.0196374
0.0227909
0.0202422
0.0465365
0.804499
0.0214031
0.0212279
0.945193
0.0217105
0.0275758
0.0205805
0.0211809
0.473252
0.0211656
0.0203841
0.0207736
0.0220972
0.0204117
0.0218415
0.0217057
0.0251336
0.0588373
0.0436446
0.0210994
0.0238063
0.0212965
0.0255466
0.0230704
0.0202618
0.331952
0.0211915
0.0586407
0.0217315
0.0281455
0.0199367
0.0198861
0.0334573
0.166059
0.0219031
0.0202806
0.0200564
0.0274287
0.0214063
0.15875
0.174108
0.0211751
0.974229
0.0213875
0.0435523
0.021943
0.0197851
0.0224441
0.0210302
0.0404571
0.021381
0.021688
0.0268982
0.0211377
0.0214414
0.0214107
0.491077
0.0220513
0.0227939
0.0215591
0.0220285
0.0222538
0.0275512
0.0212545
1.0003
0.0203955
0.340989
0.490115
0.0224403
0.0221881
0.0202866
0.028168
0.0253722
0.0217824
0.363438
0.0217905
0.020273
0.0254576
0.0217727
0.0215368
0.0220034
0.281408
0.0212413
0.0265543
0.0229925
0.0210861
0.0688863
0.0981993
0.0443243
0.0201198
3.4039
0.0223708
0.852196
0.0601825
0.0201307
0.0238216
0.0591201
0.0216699
0.0256804
0.0665718
0.0207444
0.0221339
0.0215583
0.0211596
0.0214008
0.0801246
0.0211855
0.0210578
1.03999
0.0217308
0.0204368
0.0200925
0.0224943
0.0207598
0.0865213
0.0221637
0.02139
0.0216086
0.0219069
0.306767
0.0216298
0.0326006
0.0196416
0.0393671
0.136535
0.112028
0.0415519
0.0223706
0.0229109
0.0953634
0.0219261
0.328147
0.0218203
0.0203
0.491262
0.0254985
0.107148
0.0213943
0.0493999
0.973627
0.0237432
0.021117
0.488287
0.0271535
0.109981
0.0238777
0.021602
0.50073
0.0212874
0.022502
0.0219663
0.0214589
0.020606
0.0216388
0.0234542
0.358593
0.0218645
2.30171
0.258069
0.095411
0.0501934
0.0251372
0.02106
0.0215566
0.118525
0.268727
0.0205949
0.0220159
1.09409
0.0200418
1.04317
0.0212583
0.0235501
0.0200218
0.0353626
0.0211783
0.0278678
0.960966
0.0203226
0.268757
0.0253785
0.02228
0.0253775
0.0215772
0.0219382
0.0211156
0.0886367
0.0213602
0.021557
0.0660878
0.0215833
0.0230389
0.0223951
0.0202212
0.0305043
0.0212025
0.0215564
0.0199586
0.330926
0.020898
0.337445
0.0212792
0.180883
0.0232146
0.0214738
0.0225925
0.0218598
0.897033
0.0212176
0.128424
0.0203399
0.0213788
0.0225279
1.11105
0.0352382
0.157235
0.16469
0.022765
0.0212717
0.0383173
0.0302052
0.0338807
0.21236
0.277084
0.0216789
0.0239639
0.0498447
0.0213515
0.0229206
0.0213291
0.0204622
0.0222667
0.631241
0.0279716
0.696672
0.020491
0.0284901
0.0195953
0.0218326
0.0216896
0.0224772
0.0388612
0.0213795
0.0233488
0.0200154
0.0214461
0.0236107
0.321121
0.0212607
0.0212701
0.493246
0.0240999
0.0221871
0.895025
0.250065
0.0217176
0.022121
0.0226813
0.0236554
0.0215736
0.0225583
0.022229
0.0213243
0.0213359
0.0211237
0.163484
0.0638987
0.0207863
0.893715
0.0347342
0.0203232
0.0220648
0.022845
0.925506
0.0219227
0.599108
0.0201643
0.021189
0.0547096
0.0213072
0.035881
0.465034
0.0273472
0.0203116
2.29252
0.0240253
0.0206097
0.0214367
0.0551763
0.0209632
0.0205904
0.021278
0.0209542
0.481228
0.0463365
0.0335432
0.0222816
0.0213736
0.0211533
0.0215278
0.0209984
0.0212958
0.740652
0.117352
0.0200777
0.0233381
0.127684
0.0213377
0.0904638
0.0335004
0.0208766
0.0613351
0.640486
0.0214003
0.128911
0.0198092
0.885666
0.0265895
0.273288
0.0211313
0.0211523
0.0221441
0.173255
0.0230468
0.897567
0.450259
2.56414
0.03695
0.60132
0.0337845
0.0232355
0.0324404
0.0230974
0.342064
0.0216012
0.165454
0.0199311
0.140359
0.0222632
0.0222063
0.021118
0.233708
0.0199697
0.020893
0.0227372
0.0233064
0.0286745
0.021168
0.0212712
0.0213168
0.0212978
0.124577
0.020987
0.240679
1.12781
0.0209984
0.022078
0.0291301
0.0220169
0.0213248
0.021724
0.0237909
0.0265668
0.0225925
0.0233107
0.0205296
0.0236702
0.0222012
0.0257191
0.0217122
0.022639
0.157717
0.0213272
0.0904813
0.0264686
0.0221664
0.0212819
0.0207166
0.0232124
0.0235464
0.0211577
0.0210685
0.0195599
0.0211951
0.0210389
0.021177
0.0234198
0.0198769
0.022205
0.0222106
0.0216109
0.0231409
0.0226795
0.0338449
0.0225814
0.0210671
0.0212924
0.0205689
0.0201029
0.0211217
0.0201523
0.021033
0.0213361
0.0199601
0.0370508
0.0211655
0.0224885
0.0213635
0.0978777
0.021042
0.0200078
0.0567141
0.0197711
0.0217916
0.68695
0.022525
0.0226042
0.0215968
0.0959353
0.0207274
0.0531118
2.3349
0.367956
0.465624
0.0217007
0.0213712
0.0799494
0.0222031
0.0199757
0.0526752
0.229782
0.146242
0.0213037
0.0598615
0.0213748
0.0213559
0.774956
0.0211921
0.334617
0.0222029
0.0637042
0.0210489
0.024089
0.0220993
0.287545
0.515162
0.0213201
0.0224078
0.0284131
0.0210149
0.0232103
0.0536472
3.38142
0.0211064
0.0749705
0.0222819
0.312421
0.0559935
0.49348
0.119866
0.0216922
0.0281315
0.306593
0.0210429
0.0211633
0.0224487
0.0229443
0.0199488
0.602996
0.0199456
0.332884
0.0236721
0.29478
0.0572794
0.0215494
0.129064
0.581155
0.0219956
0.35945
0.0272206
0.0737631
0.0199623
0.0197444
0.346618
0.0213528
0.490091
0.0209925
0.218807
0.0205866
0.308515
0.347272
0.021676
2.282
0.0214385
0.022864
0.0384594
1.09196
1.22622
0.0203002
0.0206199
0.0200294
0.438506
1.07418
0.0229514
0.0241142
0.123341
0.0199947
0.02101
0.0221656
0.262619
0.0260333
0.0214251
0.020989
0.020815
0.460575
0.131281
0.0348867
0.0205824
0.0209401
0.0781632
0.0211766
0.407365
0.0456355
0.356807
0.328185
0.166994
0.020893
0.0215592
0.0242191
0.0224895
0.0260966
0.0212243
0.0595605
0.07314
0.0205002
0.583929
0.0208041
0.508594
0.0217442
0.323145
0.0243048
0.0260066
0.0211356
0.0218522
0.0309262
0.158618
0.25487
0.0213903
0.0357828
0.0214188
0.0227873
0.0243875
3.43688
0.0245928
0.0736985
0.020882
0.0288722
0.02126
0.0199047
0.0220308
0.0209679
1.59773
0.0211503
0.0230877
0.0226182
0.021912
0.0199395
0.0523086
0.0217057
0.022378
0.0209132
0.0210211
0.274922
0.0210529
0.74767
0.0205246
0.0478642
0.0209725
0.0680307
0.0212228
0.899354
0.021562
0.0213835
0.0208987
0.315388
0.252878
0.51551
1.12461
0.0735447
0.0213506
0.0240093
0.173483
0.0200103
0.345851
0.337542
0.0521942
0.0980341
0.0228493
0.298277
0.0243902
0.365659
0.177331
0.0228752
0.0216377
0.287439
0.945294
0.0242975
0.0234535
0.0212079
0.0226492
0.0362266
0.0211035
0.0200871
0.0225822
0.0481154
0.0383555
0.0226049
0.368373
0.0209169
0.0201721
0.177814
0.610138
0.037152
0.022101
0.0345249
0.0206396
0.0199989
0.495374
0.0199542
0.0226674
0.30323
0.309563
0.0219326
0.518629
0.142669
0.836374
0.0458826
3.3839
0.0225417
0.768655
0.021657
0.0208672
0.0213515
0.0217496
0.0215287
2.66973
0.0225918
0.493877
0.0214078
0.0391809
0.0217873
0.0370297
0.024889
0.0215143
0.0456153
0.0214274
0.0200392
0.0752425
0.0242046
0.0315871
0.0220586
0.0201161
0.277705
1.1059
0.0337663
0.0195841
0.0195652
0.0207611
0.0236531
0.105888
0.0756087
0.0637507
0.0354257
0.336367
0.021812
0.0274773
0.0247738
0.0246378
0.09717
0.0211453
0.0210758
0.637786
0.0378936
3.15456
0.0210924
0.307173
0.322257
0.0244244
0.0420187
0.0241781
0.11099
0.02156
0.0261317
0.152813
0.025665
0.0211056
0.0340071
0.0215981
0.0205437
0.0210336
1.42569
0.0216422
0.026784
0.482586
0.0406554
0.0247513
0.0357458
0.275284
0.436647
0.283021
0.0200518
0.0215439
0.0223675
0.0250223
0.0213825
0.0893131
0.0857371
0.0242059
0.472973
0.0562461
0.4774
0.0215718
0.176119
0.0212603
0.311854
0.0701159
0.0206494
1.02751
0.212874
0.020872
0.0215082
0.0214457
3.25219
0.506991
0.0278934
0.0425073
0.0348891
0.0273861
3.11032
0.181145
0.0215852
0.0214035
2.65886
0.164668
0.0211086
0.0213216
0.0203191
0.0217406
0.0215258
0.0258788
0.520802
0.0212807
0.0244397
0.2631
0.0217988
0.0217325
0.0242516
0.0584218
0.0215752
0.023915
0.292932
0.0219796
0.0200961
0.0220535
0.0209514
0.0225083
0.347871
0.458498
0.0222263
0.299446
0.0260821
0.0391536
0.0213652
0.0230977
0.0223468
0.0216517
0.250258
0.0221137
0.0223432
0.0278897
0.0227008
0.0219523
0.0265191
0.0212292
0.0959426
0.0215179
0.0210532
0.199432
0.021117
0.131915
0.0272323
0.0209914
0.426278
0.0236769
0.0340329
0.791248
0.0202304
0.491381
0.0210185
0.0213927
1.07434
0.876942
0.0202467
0.0215173
0.0206978
0.0217593
0.0766113
0.0222071
0.0218015
0.0221874
0.0224198
0.0222812
0.0212888
0.02034
0.0209808
0.0211921
0.462821
0.0238291
0.0200524
0.042046
0.02298
0.0320667
0.0395824
0.034455
0.0214973
0.0212499
0.0704229
0.0231044
0.021455
0.0215934
0.345861
0.134569
0.0213756
0.01984
0.0648017
0.0491609
0.0197141
0.362991
0.0411999
0.0214131
0.0219723
0.0258042
0.0216702
0.0281606
0.475288
0.0220121
0.865969
0.0267649
0.0507801
0.0198484
0.0213618
0.0198535
0.0198383
0.155385
0.0211196
0.724252
0.0426406
0.0198426
0.0220718
0.0313057
0.0217705
0.0217608
0.0213956
0.0221664
0.240667
0.0198494
0.0215367
0.343876
0.0226939
0.0216854
0.0263344
0.0211306
0.0217171
0.0212007
0.021526
0.0364803
0.0218371
0.0899891
0.304771
0.0198574
0.0214374
0.0198511
0.082915
0.0210282
0.0243005
0.0213169
0.0202126
0.0278749
0.0204765
0.0310512
0.0214201
0.0204968
0.0600487
0.192689
0.0217662
0.021631
0.0209767
0.0586918
0.0644675
0.0213973
0.241125
0.0683099
0.0220242
0.0293863
0.321174
0.0243649
0.348186
0.0464705
0.0452174
0.0212088
0.0306378
0.0958092
0.0204214
0.0199841
2.89978
0.0213963
2.72196
2.55106
0.0239604
0.345749
0.0198782
0.0285631
0.0478094
0.0212533
0.270542
0.0199009
0.0434453
0.0605773
0.0198617
0.179324
0.021689
0.0219619
0.0350709
0.0245696
3.44613
2.46657
0.0201506
0.0251033
3.04864
0.0207232
0.0256277
0.0208379
0.34508
0.104028
0.0212442
0.0216251
0.0258985
3.25908
2.84419
0.0305024
0.019869
0.0209348
2.65772
0.46897
0.052673
0.022933
0.0228365
0.027155
0.0200924
0.0224039
0.0245091
0.0228598
0.0209247
0.0243625
0.390784
0.0422068
0.0209927
1.44165
0.0238574
0.135807
2.97839
0.0400125
0.0990442
0.778714
0.019884
0.120602
0.129637
0.390186
0.13788
0.0212646
0.127114
0.221768
0.044803
0.0259428
0.180614
0.15693
0.0210971
0.0264744
0.0253588
0.021229
0.0684463
0.0212852
0.0221789
0.0206426
0.0199386
0.0216371
0.0213685
0.0226375
0.0265038
0.0404993
0.0245527
0.240884
0.0208534
0.0275552
0.0216177
1.45513
0.127143
0.0211987
0.047737
0.0218545
0.0202242
0.0213059
0.0201955
0.021109
0.0892869
0.0216787
0.266789
0.0218429
0.0209647
0.401055
0.0225409
0.021987
0.0211371
0.021271
0.477631
0.0680476
0.438588
2.47597
0.0546043
0.0215682
0.0218849
0.0217692
0.0250439
0.0410924
0.078588
2.49051
0.0209961
0.0446625
0.0224904
0.266359
2.87343
0.0256418
2.69939
0.154254
0.0227189
0.0422416
0.0209659
0.0483357
0.0233625
0.0888211
0.0465963
0.0199059
2.53143
0.42719
0.0217543
0.0233894
0.0221026
2.17407
0.0213698
0.0218511
0.25324
0.020834
0.812608
0.027384
0.0239727
0.0224578
0.0219661
0.0557029
0.0211573
0.472208
0.0253557
0.0213052
0.0207341
0.493099
0.0224683
2.46726
0.0228423
0.0245762
0.0253815
0.0691674
0.023659
0.021322
0.224494
0.0217972
0.020461
0.177573
0.244962
0.02446
0.0205724
0.0226773
0.0819414
0.0569214
0.0211625
0.0675632
0.0207586
0.0890991
0.0186374
0.0221744
0.0211308
0.0892815
0.0209941
0.0207553
0.0213837
0.0805652
2.27457
0.026837
0.0243544
0.0219415
0.022326
0.299846
0.0314007
0.0217736
0.0218432
0.021069
0.838882
0.162092
0.164481
0.0212392
0.141149
0.0202213
0.0201808
0.0228742
0.0222484
0.0439314
0.0213645
0.0188337
0.269579
2.74977
0.0250558
0.0215467
0.0215922
0.0416476
0.0206295
0.0212917
0.0347023
0.0215286
0.0212725
0.0221842
0.0243837
0.0200382
2.94699
0.0448737
0.0240231
0.0243187
0.0234234
0.0239635
0.13151
0.0213826
0.0212698
0.0215274
0.0210814
0.0215005
0.0209237
0.107005
0.0891799
0.0216476
0.022104
0.021269
0.0239765
0.0228722
0.0489517
0.022394
3.23748
0.0213165
0.0219569
0.0211768
0.078314
0.02153
3.03245
0.0215216
0.0215644
0.0195748
2.83964
0.0240019
0.0863366
2.66675
0.0219958
0.0215195
0.0211437
0.0214226
0.0270529
0.0220623
0.0261334
0.908929
0.0216528
0.0569001
0.114351
0.0243907
0.103319
0.0215157
0.0243367
0.0210375
0.0204017
0.0202326
0.0213684
0.0524533
0.0867821
0.0208621
0.421321
0.818988
0.0212613
0.0654244
0.0203675
0.0343921
0.0222182
0.0210386
0.070323
0.0215058
0.0226468
0.0248282
0.0521181
0.0761806
0.0221308
0.0210075
0.0224662
2.48235
0.505199
0.0394066
0.0279978
0.0214899
0.0214283
0.271764
0.0216284
0.0317134
0.0261876
0.237869
0.0214944
0.0381357
0.0214715
0.0218707
0.0332118
0.0333552
0.0329627
0.0224578
0.0221072
0.0275704
0.454509
0.0657357
0.0204605
0.0261991
0.0892242
0.0243863
0.0436572
0.0217157
0.0218425
0.0213554
0.0270685
0.0540928
0.0537302
0.0214806
0.0747887
0.024022
0.0285584
0.0215557
0.0213568
0.0213743
0.0204476
0.0488917
0.0250756
0.0228666
0.0223973
0.0213604
0.0214862
1.16437
0.0214228
0.0214111
0.021914
0.0418448
0.10527
0.0214741
0.0212556
0.0215126
0.25291
0.0220752
0.116594
0.0215062
0.0460449
0.0214794
0.0215817
0.0566758
0.0217985
0.0352051
0.0218535
0.0214705
0.0203857
0.0226991
0.37525
0.0216995
0.0222778
0.276387
0.0215136
0.0222983
0.0223682
0.0215879
0.0213214
0.0221529
0.848717
0.02077
0.0208461
0.020963
0.176589
0.0253853
0.194437
0.0215551
0.0216699
0.0753343
0.303846
0.26604
0.027207
0.0301796
0.266868
0.0215317
0.381527
0.0218937
0.123916
0.0210209
0.15034
0.471093
0.0195888
0.0243226
0.0241904
0.0223257
0.0202373
0.463951
0.0209276
0.267347
0.0217993
0.0214086
0.0218957
0.0202521
0.021887
0.123611
0.02136
0.0211454
0.0211463
0.0215442
0.0213889
0.471275
0.0621021
0.409835
0.02152
0.0205006
0.0247586
0.0215162
0.0213359
0.109544
0.0433386
0.022263
0.0213308
0.49494
0.0233129
0.46812
0.485908
0.0228692
0.0203347
0.0212944
0.0277666
0.490804
0.0215486
0.0212301
0.480002
0.126318
0.0479977
0.0930403
0.0213128
0.0240866
0.0238041
0.0199645
0.0219075
0.166012
0.241877
0.891955
0.0212802
0.0480555
0.021855
0.0214831
0.0245095
0.022179
0.0244849
0.0351261
0.0212451
0.0215096
0.0213292
0.0209136
0.0199881
0.0212261
0.0265625
0.239493
0.0431547
0.0195769
0.0200188
0.0212808
0.0220394
0.0213438
0.0503008
0.0222537
0.0223292
0.0221945
0.266636
0.0212602
0.0239119
0.892346
0.0213159
0.0212902
0.188964
0.0212902
0.0213744
0.0212337
1.61416
0.0472405
0.0420565
0.0219104
0.691742
0.020423
0.0201686
0.0204755
0.0212622
0.0410253
0.0212798
0.0217622
0.0465599
0.0213641
0.333839
0.0240957
0.0320145
0.0219049
0.454904
0.0329391
0.0214938
0.0211378
0.0220522
0.0216256
0.0213341
0.288671
0.0209788
0.0656285
0.021179
0.02168
0.203246
0.0210937
1.16479
0.0799488
0.0213091
0.896122
0.0211604
0.0219189
0.0212606
0.0219258
0.0207439
0.0213413
0.0213016
0.0213595
0.0976396
0.02154
0.0209742
0.0220312
0.0208186
0.0212186
0.0212197
0.0214342
0.0205544
0.0213174
0.0212739
0.021385
0.0212677
0.0220428
1.14679
0.021358
0.0219942
0.0371966
0.284547
0.0206837
0.0277444
0.0209994
0.0218873
0.021296
0.0214562
0.174157
0.283654
0.0211175
0.0226068
0.223464
0.0215494
0.182487
0.919431
0.0199807
0.186476
0.0215182
0.884872
0.02478
0.0211711
0.0902267
0.260992
0.0210071
0.0211205
0.0205782
0.0253615
0.0566281
0.0224396
0.890417
0.251691
0.0213931
2.98029
0.239792
0.0236174
0.0204431
0.0331524
0.0328808
0.0213023
0.0210581
0.0210641
0.0243498
0.0242232
0.0246781
0.0240968
0.0245078
0.0410952
0.021125
0.0212735
0.0211664
3.47061
0.0244809
0.0245207
0.656304
0.0422016
0.0385017
0.0210829
0.0242869
0.021233
0.0361627
0.0213665
0.0222493
0.289176
0.0239455
0.0608306
0.0199463
0.266285
0.0378329
0.0872436
0.257404
0.0596394
0.0211347
0.0213554
0.0213455
0.877938
0.021428
0.0209004
0.0213489
0.0299223
1.00744
0.192099
0.0241362
0.0260645
0.0440025
0.0413609
0.263796
0.199887
0.142503
0.0405492
0.0498947
0.264955
0.0211179
0.0211311
0.0211567
0.699578
0.0287396
0.108947
0.0209845
0.0212493
0.0212872
3.10656
0.0211877
0.021257
0.0210832
0.0376101
0.0209826
0.0211685
0.0203524
0.024482
0.0730815
0.0273985
0.0239992
0.0215473
0.138378
0.0271669
0.0204568
0.0213355
0.18436
0.124021
0.0215347
0.0215559
0.918434
0.0212274
0.0210343
0.0210067
0.021481
0.0437517
0.0210157
0.021585
0.0211277
0.0216328
0.021255
0.0211586
0.0210655
0.0212498
0.0213532
0.442788
0.0212531
0.020701
0.0409853
0.0466037
0.0330819
0.0628408
0.0210104
0.463551
0.0212963
0.0287269
0.0210988
0.129164
0.0211985
0.0212398
0.0201536
0.0802803
0.0246002
0.0212114
0.0691083
0.0212471
0.020155
0.0212637
0.0220435
0.0295119
0.0210083
0.711641
0.0214844
0.0670525
0.0374532
0.0213934
0.0344814
0.0210133
0.0206747
0.0211974
0.71113
0.0268687
0.0550607
0.0276334
0.0700052
0.0275903
0.0566718
0.0246483
0.0213118
0.0198507
1.93868
0.0641788
0.0209937
0.0385904
0.0209584
0.0210579
0.41293
0.0206083
0.0212867
0.442401
0.0722541
0.368302
0.0213217
0.0210607
0.094839
0.0209798
0.0208793
0.0653409
0.021261
0.115351
0.0692227
1.12369
0.0213416
0.0221729
0.0211357
0.0201973
0.0307195
0.0216582
0.0214145
0.0324314
0.0206943
0.0294924
0.0213575
0.0222927
0.0238176
0.137781
0.0244417
0.0216334
0.731186
0.305558
0.0212908
0.0500651
0.0215777
0.0212761
0.0213911
0.0210438
0.0240566
0.0304115
0.0457033
0.0212321
0.0241641
0.0217163
0.0197864
0.0210876
0.0213554
0.0252803
0.0208317
0.0213193
0.0218277
0.0214795
0.881241
0.0213781
0.0219661
0.0490157
0.0221565
0.0202294
0.268099
0.526298
0.909826
0.0824979
0.064994
0.0206546
0.0220722
0.0449229
0.160016
0.12635
0.325732
0.285008
0.0215102
0.244897
0.571148
0.0214895
0.0412008
0.0220247
0.154581
0.039494
0.822233
0.0219874
0.0210886
0.0454581
0.0213178
0.0214425
0.244802
0.916754
0.0213467
0.0214317
0.0212689
1.05845
0.0211691
0.0211254
0.0212394
0.0210173
0.0210453
0.0397051
0.0220327
0.020987
0.0214449
0.02911
0.038785
0.0785411
0.0212907
0.0212035
0.0226687
0.0212849
0.0210214
0.0211311
0.148725
0.0212541
0.0391901
0.0211451
0.0215516
0.0203267
0.0213173
0.917288
0.0389639
0.0205692
0.0218003
0.267721
0.893546
0.0328605
0.270118
0.021327
0.0292619
0.021124
0.0197766
0.0211612
0.0201698
0.0210867
0.0212521
0.0215738
0.105934
0.0199729
0.438228
0.115218
0.0201892
0.0314625
0.0397297
0.0219171
0.021138
0.0212136
0.0213405
0.0211416
0.300981
0.0198761
0.0212189
0.0383479
0.0211192
0.0213013
0.0209953
0.724384
0.021391
0.0213775
0.0686411
0.0206818
0.0206191
0.0211535
0.0860689
0.0212556
0.0196642
0.0211136
0.0200086
0.0432874
0.0193101
0.021069
0.223203
0.0198275
0.0212605
0.0223071
0.33118
0.565303
0.0200336
0.0244569
0.0213236
0.0211634
0.0211751
0.0211091
0.236305
0.292655
0.0213016
0.0219284
0.0291879
0.0209728
0.0211158
0.0244836
0.0278155
0.0591719
0.0213096
0.0234709
0.231336
0.0211418
0.0239927
0.89064
0.09002
0.0208062
0.020991
0.0215375
0.0212235
0.0209981
0.263678
0.0210981
0.223839
0.352325
0.0220676
0.0240011
0.266816
0.021133
0.0364499
0.221902
0.037944
0.0245364
0.02119
0.0224454
0.268113
0.0208354
0.0770876
0.020992
0.0200497
0.0200885
0.0201428
0.0211463
0.454578
0.0215387
0.458913
0.313388
0.0762417
0.823579
0.0198053
0.0213849
0.0232697
0.436444
0.0211771
0.897247
0.025942
0.0200341
0.0209582
0.261919
0.020962
0.024052
0.288881
0.0210713
0.262532
0.0218589
0.120507
0.0582813
0.0213977
0.0206164
0.0392379
0.0609284
0.0212881
0.0234335
0.0201877
0.0213084
0.0208951
0.324621
0.0210562
0.0205172
0.0379189
0.020129
0.264245
0.0214174
0.0211807
0.0212711
0.0463505
0.021026
0.020923
0.150731
0.0589073
0.44884
0.0217711
0.0201441
0.03472
0.892806
0.0712065
0.645115
0.0238769
0.0243035
0.021506
0.0212785
0.0245396
0.0218068
0.0212263
0.020412
0.0308026
0.0244821
0.0209537
0.019641
0.0214804
0.0206036
0.0214633
0.0286009
0.0367705
0.880559
0.0248074
0.104101
0.18812
0.0206631
0.0209698
0.022124
0.0377159
0.0202721
0.0219129
0.0209332
0.0210676
0.021154
0.0545335
0.0212973
0.0377832
0.0212708
0.0208802
0.0418466
0.0369312
0.0219117
0.0209173
0.0208743
0.0497628
0.255191
0.0214592
0.0202363
0.0224273
0.0209658
0.0212408
0.0210443
0.113518
0.0210042
0.020868
0.0608524
0.0205197
0.0688813
0.0240107
0.0210715
0.0213163
0.268426
0.0349103
0.0295585
0.581173
0.0238153
0.0223489
0.0217985
0.0212506
0.0298816
0.0208447
0.556754
0.224916
0.022439
0.0459902
0.222516
0.0208788
0.487369
0.0245783
2.5145
0.0228156
0.0207976
0.0208174
0.021834
0.0210921
0.0359183
0.128429
0.0329486
0.021258
0.020962
0.0208754
0.035258
0.0246259
0.0450377
0.0209013
0.0215267
0.0320406
0.0211187
0.149625
0.0347712
0.0209036
0.0213854
0.0197596
0.021372
0.284491
0.0953391
0.0208809
0.0211055
0.0206882
0.266366
0.0211555
0.0245909
0.172864
0.0373113
0.141028
0.0368709
0.0431163
0.0212501
0.0294228
0.0215984
0.0211467
0.0235083
0.0930662
0.0205038
0.0211961
0.0340132
0.0213235
0.0203822
0.31112
0.0203054
0.0211852
0.0376355
0.441197
0.0200525
0.02021
0.0451616
0.204652
0.0411432
0.91437
0.0213033
0.0492086
0.0209843
0.0331993
0.0331462
0.0747011
0.257817
0.024281
0.0557688
0.150413
3.27933
0.0206268
0.0210168
0.02024
0.0212621
0.0227611
0.0207802
0.0512841
0.0206893
0.0220091
0.0214065
0.244916
0.0213273
0.0210811
0.0252214
0.022691
0.0366976
0.0283106
0.237992
0.0197341
0.0370752
0.0212508
0.241701
0.0215124
0.0351526
0.451622
0.0311423
0.396155
0.0208067
0.45578
0.0239312
0.0286659
0.0213986
0.897049
0.0216364
0.020908
0.0212082
0.238624
0.0214426
0.12381
0.172803
0.026326
0.253682
0.0208494
0.0200361
0.876618
0.0378495
0.314471
0.454298
0.020888
0.248337
0.293997
0.0482366
0.0206892
0.0246954
0.288075
0.0207828
0.0227368
0.0198018
0.0774273
0.0961695
0.243695
0.0380001
0.020815
0.0206709
0.0217873
0.0201853
0.0229738
0.0241263
0.0222967
0.0204366
0.390929
0.0223459
0.0215106
0.0206672
0.0208543
0.210849
0.0229906
0.0285028
0.0237899
0.539113
0.0208002
0.288322
0.0213091
0.0388405
0.168902
0.0218258
0.460712
0.0204318
0.0200985
0.0208203
0.0208495
0.0206733
0.0208526
0.0197796
0.0393042
0.0239399
0.021033
0.347848
0.0209102
0.0216406
0.020653
0.102678
0.0213008
0.0226409
0.0629007
0.208518
0.0209132
0.0197913
0.0937136
0.0212409
0.487492
0.202343
0.0216215
0.0217468
0.033286
0.436644
0.468712
0.0202025
0.0206471
0.0226643
0.0314585
0.0237837
0.371252
0.100818
0.0221953
0.0218427
0.0252695
0.0221053
0.016005
0.44353
0.0205791
0.345181
0.0207783
0.0212866
0.020945
0.0209264
0.0208899
0.0206532
0.0210452
0.0207544
0.0224696
0.391241
0.0239625
0.0216086
0.0239767
0.0258869
0.0206165
0.0207189
0.0965245
0.0224312
0.0263919
0.0205934
0.0218354
0.0205696
0.0200034
0.270854
0.0213475
0.0210625
0.435481
0.515674
0.457878
0.0209081
0.566054
0.0214676
0.738255
0.391569
0.0223817
0.480011
0.0206886
0.0203112
0.707928
0.0208505
0.0511461
1.18459
0.429872
0.0240495
0.293657
0.0214498
0.020855
0.0222527
0.020658
0.438756
0.467059
0.0208878
0.336343
0.043706
0.0197451
0.0206764
0.347587
0.415989
0.202068
0.0261343
0.232768
0.493218
0.0212448
0.418286
0.488288
0.423443
0.539249
0.0259969
0.358032
0.0197696
0.413839
0.427011
0.0198552
0.293393
0.269522
0.48679
0.0196526
0.460427
0.0204294
0.0206769
0.124009
0.0621214
0.0206858
0.0219932
0.0331166
0.0199284
0.0264321
0.0208101
0.0343334
0.156504
0.0224056
0.0214828
0.120054
0.0315059
0.434326
0.433641
0.0212293
0.248715
0.021027
0.247246
0.0264705
0.0203367
0.227049
0.0217828
0.397816
0.0213702
0.128979
0.0211433
0.0214551
0.0202379
0.021335
0.0205607
0.0221422
0.468956
0.143338
0.020606
0.137401
0.0735063
0.0203341
0.0205716
0.489906
0.19763
2.16272
0.484552
0.503161
0.0205798
0.0212274
0.283693
0.0239629
0.411906
0.0297596
0.0206294
0.0212392
0.0207973
0.0198149
0.0206289
0.0362436
0.0206033
0.319151
0.0209199
0.0213618
0.0570022
0.0197755
0.0353675
0.0564753
0.0208314
0.0207918
0.0209748
0.0285607
0.0196523
0.0201849
0.415878
0.281943
0.0332524
0.0217779
0.03169
0.0205543
0.0214634
0.0212495
0.517238
0.287572
0.280338
0.46004
0.0315005
0.144505
0.0826575
0.0210315
0.0240402
0.0196601
0.0196861
0.0271276
0.0208274
0.426136
0.214199
0.0246963
0.774499
0.0353599
0.256197
0.422935
0.0200475
0.0805164
0.0241042
0.0434004
0.0213195
0.0204915
0.020129
0.0304867
0.287303
0.480429
0.321109
0.0209737
0.676433
0.0205956
0.0407227
0.436152
0.0205228
0.0236187
0.0212966
0.0667915
0.290571
0.0217268
0.0196495
0.0370786
0.0251488
0.413912
0.0214567
0.0216924
0.48438
0.263161
0.0205815
0.0409425
0.0207001
0.0237849
0.0216465
0.490189
0.0207103
0.022117
0.185606
0.0213451
0.0208618
0.312796
0.0475167
0.0214741
0.0216468
0.0217607
0.0205997
0.0205528
0.0385121
0.164683
0.020872
0.0252627
0.0208413
0.0213669
0.0213555
0.0211413
0.439633
0.0974965
0.0362823
0.302604
0.0207626
0.0463147
0.0208502
0.0220634
0.0434446
0.0216651
0.201946
0.0207302
0.342503
0.0213993
0.0173773
0.0261144
0.0203772
0.0208453
0.0439387
0.0395948
0.469912
0.214176
0.333436
0.437883
0.024175
0.0211875
0.273975
0.0207658
0.272543
0.0199431
0.266695
0.0289139
0.0208471
0.0218823
0.0208973
0.133522
0.245075
0.0214867
0.102993
0.0226157
0.0931871
0.0205031
0.0252371
0.0359501
0.0204746
0.0963232
0.0349991
0.0201983
0.19714
0.0723847
0.134365
0.0204907
0.369507
0.0210406
0.0202316
0.028214
0.0205057
0.526807
0.0199858
0.0208253
0.0205722
0.0237717
0.246762
0.0207528
0.270843
0.0198343
0.0239561
0.451069
0.0216033
0.0292926
0.0550471
0.0368247
0.103503
0.0217938
0.0205477
0.649545
0.0205404
0.0203946
0.0210407
1.27834
0.316086
0.504121
2.77337
0.020117
0.0210483
0.0206885
0.338399
0.0206646
0.450919
0.233042
0.0212395
0.305574
0.454731
0.297311
0.0204243
0.0203105
0.0266248
0.0213128
0.808045
0.308857
0.0203405
0.0223999
0.020697
0.295862
0.0231782
0.0213898
0.444287
0.0209876
0.0213576
0.0198676
0.0211608
0.0864186
0.259712
0.0204628
0.437378
0.326837
0.0199806
0.339427
0.0206268
0.020896
0.263432
0.020413
0.377014
0.0198305
0.0304707
0.0409517
0.0197688
0.0201024
0.0210261
0.592203
0.0249216
0.148691
0.194715
0.0263644
0.0236472
0.0362425
0.0205095
0.0719659
0.126448
0.0206406
0.221854
0.0526815
0.0378215
2.70889
0.0416386
0.0204054
0.359528
0.0849908
0.197166
0.279118
0.020492
0.0203429
0.020746
0.289861
0.0203151
0.0201538
0.105666
0.028286
0.0212857
0.020377
0.0208606
0.0202907
0.020461
0.0513093
0.0208318
0.2613
0.0952103
0.0261376
0.0243969
0.0206277
0.0204383
0.313499
0.0367559
0.267171
0.493021
0.0205198
0.0206729
0.0400216
0.842756
0.317942
0.0204599
0.498933
0.420926
0.0199274
0.0370773
0.0328889
0.0201451
0.0208849
0.0207676
0.0216324
0.0201023
0.0372825
0.297547
0.021204
0.245106
0.0213255
0.0347163
0.0209111
0.02134
0.0292147
0.0790347
0.0279797
0.0203472
0.0198254
0.0202981
0.0202928
0.238044
0.167973
0.32619
0.0724962
0.273862
0.0264475
0.0203244
0.0593677
0.111845
0.0212368
0.246838
0.0225425
0.019768
0.0243041
0.144327
0.0227433
0.0279862
0.100352
0.847529
0.0341258
0.0202756
0.0239036
0.0207084
0.319681
0.0206736
0.293455
0.300894
0.32681
0.0168914
0.0382754
0.0219248
0.264622
0.0209193
0.0203425
0.0209356
0.0208777
0.311705
0.0206232
0.0206393
0.0234189
0.0218917
0.0201939
0.0347396
0.3076
0.289577
0.0202198
0.883216
0.278109
0.0993572
0.0211206
0.0203689
0.0234071
0.0201695
0.0237236
0.0247596
0.020285
0.0303772
0.0205825
0.359828
0.0506583
0.0206106
0.0462757
0.0909591
0.0203695
0.305211
0.19725
0.0369308
0.0210734
0.226381
0.11418
0.0196566
0.02051
0.347483
0.028228
0.0212419
0.194658
0.0210874
0.0204182
0.0205635
0.0203578
0.300825
0.0201789
0.0203793
0.244807
0.217875
0.0205351
0.0207964
0.261705
0.295799
0.022221
0.0321101
0.0204037
0.0515589
0.0861332
0.0216051
0.0202165
0.455641
0.429102
0.0234672
0.0201181
0.245792
0.0269123
0.0202046
0.0638645
0.0209398
0.0349935
0.0204778
0.392331
0.273972
0.015435
0.296383
0.020436
0.237002
0.0214167
0.0213762
0.279195
0.0201563
0.0720326
0.0203592
0.202933
0.0206914
0.020363
0.0199819
0.0204753
0.0202328
0.0201177
0.053761
0.0214676
0.0617754
0.0227993
0.0198003
0.0243496
0.320423
0.0205588
0.293176
0.0202725
0.0211336
0.42387
0.0223476
0.341672
0.0237886
0.360846
0.0200909
0.0201431
0.0222197
0.0215377
0.0202194
0.0258599
0.0223117
0.0531396
0.0202001
0.0222466
0.0205447
0.349534
0.344786
0.0223326
0.284513
0.0212058
0.0309519
0.0275385
0.0203846
0.265831
0.0209698
0.019931
0.233875
0.352724
0.382747
0.306431
0.0222704
0.242097
0.0297229
0.0214773
0.0842124
0.31852
0.0204448
0.344522
0.30378
0.0212811
0.0202049
0.0261005
0.377494
0.114706
0.334138
0.265038
0.0322351
0.0202222
0.291342
0.296993
0.0208323
0.0198725
0.0208539
0.0233848
0.020223
0.0201196
0.293742
0.284369
0.0200756
0.268293
0.203141
0.213612
0.101775
0.0201281
0.0201569
0.0347813
0.077192
0.378273
0.0237421
0.292297
0.0200628
0.289568
0.0706458
0.0293369
0.023262
0.021393
0.0203438
0.217294
0.0204946
0.020105
0.20699
0.169747
0.0204962
0.298466
0.321314
0.031026
0.31611
0.300166
0.020548
0.020308
0.0218466
0.282861
0.0210808
0.0672322
0.0213313
0.0201878
0.286198
0.020075
0.0621385
0.313612
0.0200653
0.319813
0.304011
0.397164
0.0210046
0.0201517
0.0200907
0.206649
0.020321
0.288424
0.890946
0.297908
0.023781
0.155302
0.0215906
0.0210752
0.0440414
0.264421
0.0205753
0.297449
0.265618
0.198253
0.0199017
0.312065
0.134741
0.312116
0.399354
0.0201039
0.0205606
0.361847
0.0211653
0.0200778
0.306144
0.0209566
0.0212364
0.321591
0.501958
0.0200938
0.0204399
0.30322
0.296551
0.27347
0.228967
0.0197389
0.195843
0.0202484
0.0199728
0.319411
0.0202145
0.0202246
0.0199074
0.27424
0.0197236
0.0200146
0.223812
0.0201823
0.0222383
0.0205556
0.0233578
0.0202981
0.278135
0.312796
0.02021
0.0202499
0.0205037
0.0200228
0.0200047
0.0201372
0.0203204
0.020531
0.0200916
0.0204415
0.229714
0.0201891
0.0212652
0.0218438
0.0197223
0.440131
0.0197407
0.0201769
0.194254
0.163318
0.0227095
0.134875
0.0220108
0.0198221
0.0202485
0.0504928
0.0203222
0.0560905
0.0294439
0.302067
0.0215555
0.0199746
0.065725
0.0347734
0.279196
0.0995603
0.400823
0.0200033
0.0197715
0.031461
0.0211105
0.193906
0.247053
0.0214245
0.0211166
0.019973
0.0891834
0.019944
0.0197707
0.0206341
0.205727
0.0889178
0.284784
0.0201307
0.0222117
0.0213707
0.180725
0.0791376
0.0220399
0.0223714
0.0922737
0.0238806
0.138121
0.0702262
0.0897129
0.0658599
0.0205912
0.0202102
0.0255279
0.294642
0.0199996
0.0199193
0.0275072
0.0908304
0.223072
0.0201013
0.0212612
0.0203587
0.0221467
0.020366
0.0219411
0.306544
0.25908
0.0202063
0.0223818
0.0209874
0.0217458
0.0205447
0.0202987
0.270161
0.024677
0.0197337
0.254209
0.0222235
0.0398143
0.0236597
0.0848629
0.163518
0.0210925
0.225553
0.0204966
0.0198151
0.227323
0.260645
0.289784
0.0244876
0.0206912
0.0202236
0.0230311
0.146791
0.0202166
0.205078
0.0927654
0.0201224
0.128039
0.0199161
0.019947
0.020627
0.0201851
0.0547622
0.0238506
0.0204015
0.0222497
0.203206
0.438567
0.0199998
0.0212298
0.0204481
0.0337714
0.339369
0.0203826
0.020013
0.0203041
0.0461635
0.0287211
0.370119
0.0201481
0.0218481
0.0343114
0.0208236
0.0199213
0.210455
0.249069
0.0204163
0.274651
0.0200116
0.139054
0.487915
0.256555
0.130973
0.0203972
0.0202045
0.0200423
0.0199559
0.0261495
0.0197094
0.0203075
0.019873
0.0288778
0.19742
0.0257786
0.0212676
0.0201664
0.0211024
0.0416658
0.117955
0.0199565
0.0209649
0.0200299
0.0220665
0.0428607
0.0200768
0.0201953
0.108865
0.317222
0.313787
0.0199873
0.125222
0.239352
0.0199864
0.021969
0.0199175
0.269271
0.0199151
0.269488
0.0532257
0.166703
0.245151
0.0255535
0.0238011
0.248344
0.0200359
0.309868
0.255387
0.228288
0.0349696
0.0223259
0.269501
0.0201333
0.0265787
0.299824
0.847782
0.0256002
0.233934
0.0241173
0.0217736
0.0210507
0.302111
0.0200124
0.0202849
0.25628
0.0329435
0.268915
0.0203658
0.297254
0.0200555
0.022108
0.0236827
0.0362384
0.0196367
0.0201074
0.0901834
0.0209252
0.175479
0.0682023
0.238394
0.309489
0.0212349
0.913734
0.0235629
0.0209245
0.0213592
0.400099
0.250621
0.264245
0.0154799
0.0309381
0.0197306
0.460115
0.220598
0.0870627
0.0203722
0.069287
0.0359684
0.0220235
0.0208683
0.0201626
0.0235753
0.0198405
0.0199282
0.021051
0.0216636
0.0310353
0.0203209
0.0213597
0.0216372
0.0215118
0.0212579
0.0197981
0.0204331
0.289698
0.020888
0.318358
0.602013
0.178098
0.0238198
0.347613
0.145084
0.0224779
0.0198021
0.0203566
0.345622
0.0207565
0.258189
0.225603
0.0225443
0.0351489
0.0233521
0.0212767
0.0171522
0.023467
0.299276
0.0222675
0.297992
0.0359804
0.234975
0.0198031
0.021403
0.0207604
0.254345
0.0209864
0.0212179
0.0202422
0.0198212
0.339723
0.0390837
0.0212079
0.0204616
0.0200233
0.0201936
0.0198154
0.286964
0.0202269
0.019725
0.251424
0.021098
0.0209256
0.023445
0.0199295
0.176552
0.0207974
0.0213328
0.0202618
0.0197537
0.0205225
0.0197601
0.0489415
0.309949
0.0198431
0.0271927
0.0246222
0.265209
0.0228886
0.0223594
0.237749
0.0217933
0.0220476
0.0220717
0.0200535
0.0225811
0.0196216
0.282804
0.0207266
0.0198144
0.0199649
0.0197923
0.276964
0.0202629
0.0211809
0.0207148
0.0301425
0.11766
0.0197982
0.0231218
0.21338
0.254658
0.0197946
0.264571
0.0197404
0.0213303
0.119319
0.249221
0.262267
0.466668
0.0201122
0.0198471
0.0251859
0.191578
0.0197286
0.0202643
0.0214559
0.0197692
0.0217513
0.0197574
0.0217057
0.0201423
0.0207101
0.0205429
0.0235024
0.0197988
0.0198259
0.252306
0.0201914
0.022011
0.0198171
0.0198051
0.0200433
0.019812
0.0199242
0.327726
0.0197919
0.0205415
0.0255395
0.0197131
0.184596
0.019868
0.0196392
0.0271478
0.0231852
0.0197401
0.0199412
0.0199573
0.0197984
0.104355
0.119366
0.020936
0.0232297
0.0234185
0.02031
0.268878
0.0216398
0.0209086
0.0201304
0.266737
0.0199139
0.0206685
0.019972
0.0203906
0.0225367
0.0204572
0.0136912
0.0232123
0.0209653
0.0218795
0.0201061
0.21196
0.0149282
0.0197258
0.0210168
0.072531
0.286407
0.25872
0.0986903
0.0237452
0.0203331
0.283196
0.0197543
0.0213614
0.0285384
0.0338208
0.272881
0.0208069
0.0201429
0.0216675
0.0201468
0.31125
0.0241231
0.0228612
0.0204816
0.0206963
0.0197041
0.0231153
0.0208117
0.0208283
0.219372
0.0213373
0.0252885
0.020179
0.0198128
0.0477873
0.0230642
0.0198051
0.0795636
0.0200481
0.020707
0.0214425
0.0199109
0.0209923
0.449851
0.0201176
0.112889
0.0208015
0.0201846
0.0201684
0.0319431
0.0209535
0.0203736
0.0209842
0.195687
0.0198046
0.0210058
0.267861
0.434068
0.020235
0.260007
0.361768
0.0210961
0.019903
0.251914
0.0202005
0.0707513
0.0231937
0.0212066
0.0256965
0.0211251
0.0215951
0.0209797
0.0204778
0.020895
0.194732
0.0197539
0.168046
0.027944
0.0215067
0.0231936
0.0199001
0.0202925
0.144655
0.0199102
0.0209527
0.0213101
0.0219041
0.0198287
0.021962
0.0225548
0.0198133
0.0219603
0.0211077
0.01978
0.020214
0.0205931
0.319353
0.0781647
0.297191
0.0205024
0.0197485
0.0197593
0.307821
0.020527
0.268417
0.0203066
0.24959
0.245072
0.317655
0.0197855
0.273754
0.0213891
0.209779
0.0231584
0.0200862
0.437172
0.0222544
0.0197118
0.0207414
0.0198757
0.0197148
0.0203228
0.0907151
0.0763126
0.0228841
0.0234458
0.0197104
0.0198148
0.0211769
0.586192
0.0754077
0.0755156
0.0203471
0.0197251
0.0306303
0.0198401
0.138756
0.0202691
0.0209735
0.0207066
0.0206826
0.0296462
0.0208917
0.019934
0.0209183
0.262973
0.26093
0.0196203
0.0211491
0.0199163
0.289136
0.0197846
0.020305
0.0196377
0.0197547
0.0225221
0.0225462
0.07389
0.0203206
0.0309983
0.18304
0.0254876
0.0206658
0.0200586
0.0196226
0.0205111
0.0202792
0.0199604
0.0196325
0.218264
0.0225519
0.0225322
0.0197206
0.236354
0.0203147
0.0202218
0.0347468
0.0200686
0.0199005
0.0382433
0.0200838
0.290412
0.041914
0.0196981
0.0196473
0.0211929
0.0234269
0.308651
0.0214617
0.0197437
0.0204195
0.020158
0.02255
0.0225356
0.877708
0.0197418
0.0239311
0.021244
0.0199921
0.020856
0.0225431
0.0212549
0.0200056
0.0216335
0.0213139
0.0225295
0.0231843
0.370201
0.0215014
0.0198296
0.244897
0.0436747
0.0205614
0.28467
0.0197694
0.317872
0.298477
0.0208363
0.0234919
0.0224307
0.0253695
0.0225388
0.0201739
0.079833
0.0213968
0.0201369
0.0206211
0.301104
0.0257625
0.0196085
0.0203983
0.020673
0.0225232
0.0203402
0.268572
0.363636
0.0363458
0.0221393
0.0202427
0.0198337
0.049833
0.0205333
0.0233987
0.0449769
0.0211027
0.0211299
0.0210576
0.32366
0.0197787
0.0204608
0.26813
0.0225599
0.0196497
0.0207726
0.0198094
0.261884
0.185415
0.0198579
0.019639
0.0206747
0.0197725
0.0204811
0.259041
0.0198222
0.293851
0.0225515
0.240159
0.059433
0.0211642
0.0234727
0.0255537
0.25628
0.295488
0.0812978
0.0266747
0.0196307
0.0201993
0.020623
0.267668
0.0196458
0.264284
0.26223
0.0231755
0.0236396
0.0224897
0.0225031
0.076115
0.268111
0.0198274
0.0200918
0.0202418
0.0207999
0.0201951
0.0234711
0.0219603
0.0225158
0.0225637
0.0197983
0.0197118
0.193536
0.0205375
0.0198321
0.0204273
0.0200916
0.0200312
0.0266134
0.0232996
0.0198004
0.0234316
0.291173
0.0246032
0.0195765
0.0195818
0.0298987
0.643246
0.0207801
0.0936196
0.021825
0.0197895
0.178355
0.0203465
0.0243728
0.310156
0.0207775
0.0196182
0.0207652
0.0196775
0.0225403
0.020769
0.0196995
0.0232318
0.0201672
0.0226098
0.0196285
0.0213307
0.0225723
0.01961
0.271032
0.253418
0.0196982
0.0208132
0.019905
0.261051
0.0206228
0.0196855
0.0196968
0.156784
0.241033
0.0216048
0.0230994
0.0230278
0.0231251
0.0230841
0.0229787
0.023055
0.0230786
0.0231065
0.0230061
0.022901
0.0230356
0.0229572
0.0228724
0.0225568
0.0225795
0.0225449
0.0225281
0.22483
0.0226219
0.0226284
0.0227992
0.0226034
0.0225995
0.0228477
0.0225571
0.022495
0.0228096
0.0195933
0.0195556
0.0225951
0.0225652
0.0501018
0.233831
0.237949
0.0289591
0.0228854
0.0203678
0.0197179
0.0195474
0.0199214
0.022647
0.022616
0.0225914
0.0225152
0.0225478
0.0225566
0.0225654
0.0225433
0.0225329
0.0225439
0.0227607
0.0227113
0.197505
0.0227256
0.227567
0.0213745
0.0225458
0.0227448
0.0226674
0.0226353
0.0225665
0.0227806
0.0226557
0.0200887
0.0226579
0.0228279
0.0208252
0.0276579
0.216794
0.020437
0.0231938
0.0265443
0.0206178
0.0208489
0.030477
0.0198065
0.0216124
0.687279
0.295994
0.0209493
0.346424
0.0200397
0.019711
0.0211398
0.26661
0.263346
0.0203639
0.0198133
0.0197755
0.467653
0.0199181
0.0218976
0.0199644
0.0204201
0.384846
0.29328
0.0310654
0.401114
0.0198393
0.0207584
0.0241942
0.0202201
0.0197835
0.0376463
0.254379
0.0216702
0.0199343
0.0196585
0.125053
0.0197585
0.0198255
0.0201065
0.138845
0.0867292
0.201797
0.0202553
0.0876622
0.0207359
0.124254
0.0141765
0.020228
0.378027
0.0199101
0.0592639
0.0222227
0.0283263
0.270223
0.0196212
0.0200013
0.422773
0.0197286
0.288626
0.160893
0.020713
0.265621
0.0213337
0.0204783
0.0199034
0.0206658
0.0203582
0.0198818
0.0200087
0.0198851
0.0200264
0.0203275
0.13626
0.023959
0.341554
0.309966
0.0201148
0.0196853
0.152365
0.0202112
0.0198785
0.0197949
0.0205875
0.0200329
0.0206904
0.0197597
0.0207308
0.0199104
0.022536
0.019816
0.0206978
0.0205251
0.60291
0.0217074
0.0342628
0.0198686
0.0234298
0.0203627
0.0200828
0.0208464
0.232179
0.0220838
0.0212469
0.0201078
0.0196246
0.0196344
0.0196045
0.0215804
0.217362
0.0202725
0.019744
0.0199494
0.0209012
0.251244
0.0208565
0.019893
0.142398
0.0209435
0.0215333
0.395757
0.0208404
0.148688
0.0231937
0.0198769
0.0201798
0.0358035
0.0204299
0.0226079
0.0199175
0.0198889
0.0473513
0.262488
0.0200492
0.019753
0.0196685
0.0202858
0.0197947
0.0197692
0.0286408
0.0197076
0.0206
0.0208857
0.036888
0.039162
0.0201371
0.0196856
0.0140696
0.0197633
0.0200571
0.0215721
0.0196059
0.254333
0.0202453
0.0199367
0.026429
0.0214704
0.0212224
0.0198734
0.0196684
0.204575
0.0198292
0.0205853
0.0202522
0.0196062
0.0203559
0.0213365
0.0203996
0.019743
0.0219558
0.0208136
0.0203003
0.0234969
0.020157
0.0206389
0.0210636
0.269234
0.198357
0.0245174
0.60645
0.0196267
0.0216068
0.0208256
0.0201682
0.0201012
0.0202417
0.0197085
0.0195902
0.0202801
0.288923
0.0216305
0.0199483
0.0220184
0.0201236
0.0200876
0.264812
0.0204304
0.0210621
0.0201734
0.0196409
0.019835
0.0240874
0.0213669
0.0197847
0.0217351
0.0196821
0.0198348
0.296052
0.0222573
0.0196166
0.0197419
0.0273289
0.136379
0.020391
0.0200692
0.0196879
0.0245153
0.0196137
0.0217116
0.0198625
0.0205072
0.0198211
0.019696
0.0228658
0.0199553
0.0198889
0.0201109
0.0196668
0.0196826
0.0199772
0.0237427
0.172114
0.019952
0.0231184
0.0197952
0.0201312
0.0201237
0.0199643
0.0202006
0.0252457
0.170965
0.0218204
0.187278
0.0198456
0.0196889
0.0200161
0.0199421
0.0197827
0.0199531
0.0208954
0.0220285
0.0200486
0.0214429
0.0199802
0.0200113
0.684447
0.0212702
0.0235124
0.019715
0.0267731
0.136883
0.0202403
0.0207465
0.0197476
0.219456
0.0201413
0.43531
0.0196682
0.0203814
0.246525
0.290779
0.0210693
0.0203336
0.020206
0.0196818
0.0206059
0.0214971
0.0202976
0.259606
0.0207298
0.0198107
0.265227
0.0248549
0.0209171
0.0712475
0.0197351
0.0207442
0.0287673
0.0716924
0.0204942
0.0203585
0.0208009
0.0199152
0.267432
0.0197248
0.0197314
0.0200934
0.0254586
0.0228224
0.0208214
0.0209801
2.79054
0.0202512
0.021921
0.0198256
0.0200309
0.0327031
0.0199232
0.0315454
0.0197648
0.021583
0.0206583
0.0199413
0.0195977
0.101188
0.0205361
0.02022
0.0208481
0.266761
0.290123
0.520908
0.0203901
0.01978
0.0206699
0.020037
0.0210478
0.0224834
0.0208366
0.0198394
0.0207634
0.0198936
0.0263936
0.0207459
0.0441614
0.019621
0.0362892
0.0226895
0.0198802
0.0205091
0.0210549
0.0208524
0.023099
0.0209847
0.0197852
0.0213957
0.0201414
0.0440629
0.0243042
0.0210774
0.0195893
0.0205457
0.0204238
0.0196437
0.0202256
3.00065
0.0248972
0.0213435
0.0210544
0.019828
0.0201893
0.0227071
0.0198956
0.02145
0.0196821
0.0205442
0.0207192
0.0201114
0.129057
0.0198257
0.0225593
0.0559327
0.208868
0.0198699
0.214435
0.01993
0.0208294
0.0225462
0.0251469
0.0198767
0.137226
0.0467501
0.0212364
0.0197493
0.0260689
0.019729
0.242877
0.0196726
0.0198165
0.0199375
0.0200276
0.0199372
0.0221577
0.0207479
0.0387467
0.0596115
0.0197335
0.0839766
0.0462988
0.0219718
0.0214585
0.0203441
0.0199919
0.0257393
0.0199855
0.0199025
0.0196702
0.0197862
0.318178
0.0203548
0.0209636
0.0330737
0.0214082
0.046721
0.0202084
0.0216623
0.0197512
0.0196013
0.020239
0.0201249
0.020174
0.0210654
0.0261326
0.268881
0.019878
0.0197965
0.020366
0.0196881
0.168047
0.0259298
0.0198765
0.020459
0.111114
0.0201439
0.0207143
0.0217403
0.210887
0.0213699
0.0197863
0.10346
0.0219186
0.0208865
0.0208267
0.269575
0.245346
0.0198059
0.0196846
0.019989
0.0200206
0.0213565
0.0197844
0.0207964
0.0248483
0.267038
0.12829
0.0204454
0.0585768
0.317174
0.0196774
0.0213197
0.0198754
0.0216027
0.0201235
0.0200721
0.0210376
0.241983
0.216086
0.0199634
0.0197121
0.0207076
0.261885
0.0236044
0.021622
0.0199123
0.0198497
0.0550908
0.020238
0.0199099
0.270967
0.129522
0.26956
0.0196986
0.0226824
0.0206301
0.0212395
0.27153
0.020563
0.294325
0.262765
0.0383126
0.0216496
0.0215623
0.0197559
0.0214083
0.0218186
0.0221395
0.0200062
0.0202551
0.264779
0.0249854
0.0210854
0.26116
0.115609
0.0204749
0.0229821
0.0204316
0.251679
0.260492
0.245317
0.244456
0.251376
0.264179
0.178495
0.256316
0.0211787
0.255554
0.0268604
0.019825
0.0208153
0.0213108
0.0208435
0.032134
0.021457
0.189164
0.0298387
0.0197196
0.0197552
0.0203749
0.0213846
0.0199247
0.245324
0.103763
0.0202085
0.297552
0.194102
0.0203446
0.0200207
0.0211059
0.0244343
0.0199614
0.0223712
0.0259307
0.0256962
0.290136
0.0199265
0.498604
0.0230977
0.0210671
0.259033
0.0225644
0.0230183
0.0201681
0.193282
0.0208323
0.0198188
0.480275
0.0199905
0.022424
0.020322
0.269949
0.0204705
0.0205413
0.020194
0.0203543
0.0201177
0.15022
0.0198735
0.0223959
0.0214259
0.0201124
0.0197288
0.0203962
0.0213078
0.267394
0.0418767
0.0221086
0.0525453
0.0198839
0.282264
0.0209807
0.0211347
0.0203106
0.020376
0.0354614
0.0200239
0.0206229
0.0199814
0.265741
0.0196942
0.107972
0.0338515
0.169713
0.0201262
0.193654
0.0356861
0.0199887
0.05127
0.0199149
0.0240673
0.0203105
0.0357127
0.0254276
0.212818
0.0489474
0.0537162
0.0197663
0.0236824
0.0221005
0.0207595
0.0816807
0.0671425
0.0205386
0.0203118
0.0203291
0.134616
0.0987514
0.186105
0.0198947
0.268549
0.0205099
0.0202743
0.0827432
0.0278084
0.25696
0.0222465
0.0361827
0.0212052
0.0199605
0.259848
0.286592
0.0243772
0.24797
0.188336
0.261635
0.264666
0.265451
0.031012
0.264219
0.0198944
0.0480099
0.265963
0.0232861
0.181595
0.225458
0.021131
0.0201256
0.0199362
0.362372
0.269015
0.0476495
0.021547
0.0198907
0.0200544
0.0521345
0.761993
0.297267
0.167187
0.0211867
0.0174703
0.271411
0.0200276
0.286441
0.020161
0.0515573
0.0199843
0.0206724
0.104681
0.0236126
0.226087
0.0198756
0.0201109
0.0198953
0.262056
0.0204043
0.0200663
0.0507802
0.0246903
0.020614
0.257834
0.0204854
0.0199151
0.0320352
0.0268825
0.0220067
0.0431943
0.020326
0.268115
0.0201567
0.269761
0.0215047
0.0200313
0.0201752
0.0211734
0.247859
0.145433
0.244074
0.0891491
0.0214813
0.0928275
0.0217318
0.244766
0.0200755
0.0201641
0.0198926
0.265209
0.0200301
0.175263
0.0207199
0.0200734
0.0358104
0.242956
0.109411
0.025859
0.020203
0.0198954
0.0199689
0.117181
0.0209597
0.0394472
0.181239
0.0206
0.0208681
0.264939
0.270232
0.0200181
0.0210527
0.0205897
0.0553801
0.252615
0.0199042
0.0205247
0.552233
0.292005
0.0208627
0.0199926
0.183984
0.0209589
0.020397
0.0210189
0.0204954
0.257614
0.0213317
0.347883
0.0208232
0.26349
0.0615158
0.262032
0.275762
0.0200519
0.248551
0.0200843
0.245095
0.247782
0.255411
0.0206758
0.0698823
0.260569
0.0227415
0.258816
0.181037
0.31942
0.020911
0.0199374
0.0199122
0.0213983
0.0749608
0.0213846
0.0600829
0.160039
0.021145
0.0198642
0.338601
0.0203979
0.270405
0.269743
0.117972
0.346063
0.022044
0.119059
0.020558
0.0207776
0.0218402
0.0374579
0.0203571
0.019877
0.0200043
0.267183
0.0201084
0.263975
0.0206298
0.0201926
0.0213931
0.151672
0.0203956
0.259793
0.020675
0.0203817
0.0205059
0.263228
0.264933
0.264828
0.0202259
0.0183911
0.0252583
0.202533
0.243975
0.0202202
0.0204667
0.0242733
0.298193
0.0200811
0.0206963
0.0214348
0.0202222
0.370343
0.0277212
0.0205084
0.037271
0.338544
0.0215009
0.450144
0.0203239
0.241505
0.292737
0.0211998
0.26039
0.0199379
0.0204305
0.0200697
0.0520974
0.02004
0.0200821
0.0562023
0.0202835
0.019933
0.0205612
0.0201457
0.0201718
0.0201227
0.0201744
0.261435
0.202286
0.0226083
0.0205148
0.0249832
0.0480346
0.0205394
0.0219092
0.389075
0.0226148
0.0374357
0.0210179
0.352537
0.0199071
0.0269543
0.0198967
0.0244973
0.0211285
0.0202405
0.0766213
0.0209379
0.0352187
0.377056
0.0232823
0.0203786
0.330658
0.108815
0.0226208
0.217414
0.268554
0.0203192
0.0206773
0.0205422
0.0205498
0.031379
0.019737
0.0970748
0.0203307
0.0272111
0.0205013
0.0207146
0.283553
0.393933
0.0211889
0.020522
0.323487
0.247063
0.020451
0.0201606
0.0212189
0.0604406
0.0203343
0.0229972
0.0201784
0.0200592
0.01998
0.0220875
0.0206308
0.0198765
0.0201486
0.0198909
0.0210738
0.0199568
0.019992
0.0199944
0.022973
0.0201313
0.200839
0.333282
0.0208785
0.0201808
0.0216479
0.0208171
0.0199782
0.295483
0.39888
0.0199812
0.255239
0.0199858
0.0199789
0.045003
0.0196702
0.0205633
0.268735
0.0200137
0.0197006
0.0206499
0.245258
0.0208384
0.276774
0.20968
0.0202914
0.0202066
0.0198766
0.0612919
0.0224262
0.0213076
0.0261744
0.0599809
0.0213025
0.0211145
0.0220115
0.0211719
0.0203756
0.106633
0.0534492
0.0445171
0.947546
0.0205264
0.0200874
0.020927
0.0199649
0.269029
0.0208017
0.266889
0.0202395
0.0204716
0.0199772
0.020412
0.232509
0.0200272
0.0200135
0.0200169
0.0290413
0.111001
0.0201695
0.0199674
0.0233249
0.0205768
0.0236486
0.0771903
0.0256366
0.0202642
0.265202
0.0651896
0.301117
0.0213707
0.264768
0.286836
0.0202858
0.0215299
0.0200268
0.0236174
0.0198665
0.0207051
0.0199997
0.022161
0.348369
0.0210566
0.257155
0.0290904
0.0241209
0.173026
0.0203132
0.0210855
0.304393
0.0212763
0.0222279
0.287812
0.0197131
0.0582017
0.0203331
0.0206093
0.260238
0.0198738
0.0229847
0.0204006
0.317178
0.0204961
0.0271001
0.0864735
0.0330418
0.208473
0.0212542
0.0200166
0.0203574
0.020504
0.0208429
0.0201053
0.0202463
0.0213366
0.03668
0.0221771
0.0901407
0.24108
0.0206103
0.0210962
0.0200682
0.0207568
0.0208103
0.020332
0.425366
0.101727
0.0732645
0.0202561
0.0310732
0.0205722
0.0896159
0.254016
0.0211532
0.121325
0.0198644
0.0201878
0.122673
0.020704
0.0202309
0.39959
0.42608
0.028116
0.548761
0.0205461
0.0201206
0.253133
0.0401205
0.286275
0.0238305
0.0206068
0.0200512
0.09352
0.0209352
0.285892
0.0320259
0.0197587
0.0281048
0.0198749
0.0201061
0.0217564
0.259094
0.0211683
0.0216139
0.128431
0.0200756
0.0212455
0.0207893
0.0768805
0.0205849
0.0206948
0.0204216
0.0204642
0.456038
0.020045
0.0199976
0.0211252
0.0205767
0.0205253
0.0585156
0.0200634
0.0222833
0.260621
0.0201405
0.0205766
0.295781
0.0200748
0.0204327
0.301485
0.0210118
0.0203934
0.0206615
0.266767
0.0207296
0.0208831
0.267405
0.0198328
0.0208413
0.0205524
0.0200922
0.17604
0.020123
0.0202592
0.0206692
0.0198828
0.345003
0.254667
0.0201219
0.0215141
0.0281179
0.0199285
0.0202571
0.0213077
0.0201312
0.0212297
0.020894
0.0205928
0.0201122
0.262543
0.020439
0.0205235
0.260521
0.250602
0.056159
0.0202775
0.0226774
0.0208076
0.264156
0.0207502
0.0447739
0.323277
0.309189
0.474081
0.540615
0.0201412
0.0206472
0.0302015
0.0217912
0.344089
0.314902
0.0198818
0.0203573
0.0202196
0.0208792
0.0198628
0.020494
0.0199764
0.0210602
0.0212077
0.223122
0.0198717
0.261053
0.265085
0.0200737
0.265239
0.0196881
0.0201555
0.0231233
0.0201371
0.0204145
0.0198414
0.0219466
0.0215238
0.0201565
0.0209812
0.0226059
0.020517
0.0207464
0.0251221
0.0204862
0.0202317
0.277247
0.442599
0.0204899
0.0204919
0.0200123
0.286237
0.234193
0.0201036
0.0644025
0.0230227
0.0224796
0.0545343
0.267985
0.0208277
0.249449
0.230201
0.15679
0.135586
0.314024
0.547531
0.0202368
0.0211078
0.0201725
0.20425
0.020434
0.020345
0.0434954
0.0204087
0.177376
0.0207019
0.347707
0.0205897
0.0204601
0.0202205
0.0199335
0.465051
0.0234033
0.0202052
0.019962
0.22655
0.213519
0.0121874
0.0202482
0.0205127
0.251263
0.0206838
0.233411
0.0196532
0.0208242
0.262722
0.0265898
0.257902
0.0213437
0.1238
0.0222176
0.0202561
0.0212182
0.0203058
0.0211389
0.0207032
0.0210482
0.20894
0.212268
0.0279534
1.24327
0.0209261
0.0243098
0.0203419
0.0196969
0.0326258
0.0205339
0.0204925
0.0196801
0.0205777
0.020239
0.0206397
0.25318
0.303587
0.270018
0.0274278
0.0223027
0.0202382
0.0202472
0.0202819
0.203352
0.0212317
0.370477
0.02254
0.212353
0.019995
0.0206164
0.37655
0.020766
0.0202606
0.0214727
0.0211527
0.0206049
0.02028
0.0201633
0.0201055
0.0199985
0.0205565
0.0201162
0.0203276
0.252672
0.0201546
0.0203888
0.0207712
0.0200465
0.0202963
0.0302476
0.456124
0.021063
0.0209636
0.0208182
0.322959
0.0595023
0.0348611
0.754225
0.0205411
0.0207456
0.0205066
0.0208531
0.0209671
0.0206437
0.0202556
0.0203119
0.0204113
0.0628501
0.0213846
0.0201218
0.450128
0.0206702
0.0218161
0.110203
0.0209698
0.0333832
0.219725
0.0201283
0.0214802
0.0222651
0.217228
0.280373
0.294487
0.0205288
0.0203379
0.0203273
0.0205893
0.0206922
0.0204848
0.0238224
0.154438
0.0244527
0.0255145
0.21096
0.0201439
0.023519
0.0236226
0.2846
0.0202617
0.256235
0.0203582
0.0204813
0.0198087
0.0200543
0.270536
0.0207406
0.0203087
0.0203277
0.0206418
0.0321957
0.259081
0.020062
0.0205833
0.021128
0.355537
0.0218819
0.0225623
0.261205
0.360522
0.020441
0.0204437
0.232334
0.0203327
0.0203546
0.0454727
0.0212508
0.0204155
0.0201349
0.0206888
0.410345
0.0275563
0.0255937
0.0208028
0.020165
0.0205649
0.0280507
0.0205288
0.0212288
0.0203477
0.0309974
0.266434
0.0204025
0.02085
0.0203888
0.271305
0.0254488
0.0459647
0.270539
0.0218986
0.0210517
0.0200101
0.398613
0.0206854
0.185061
0.0204348
2.97345
0.0204787
0.254978
0.0420066
0.0207565
0.0212469
0.352603
0.0209911
0.0267421
0.0212267
0.230703
0.0205217
0.0204508
0.0207286
0.0204279
0.0255235
0.0208865
0.0205144
0.0208886
0.241403
0.0323263
0.0208606
0.0210648
0.215703
0.0205481
0.117647
0.0217025
0.295865
0.0359674
0.258971
0.0199944
0.262681
0.0201105
0.0204143
0.861206
0.020648
0.0206965
0.0217561
0.0241743
0.0215255
0.0202035
0.0203592
0.0279526
0.0202758
0.0219501
0.0389253
0.019659
0.22261
0.0205984
0.320357
0.0212612
0.0214298
0.0200894
0.488432
0.0210845
0.0765022
0.0204184
0.0251352
0.0212751
0.0222808
0.0202202
0.0196577
0.0205044
0.0201868
0.0708327
0.362684
0.0202886
0.024443
0.0473867
0.0208866
0.0287395
0.132157
0.0205058
0.020759
0.485115
0.0314191
0.0204133
0.0210964
0.0214242
0.0222659
0.0204161
0.0214967
0.230219
0.420732
0.0207019
0.341655
0.0208346
0.020753
0.0210146
0.0213206
0.492508
0.343854
0.0282041
0.0213885
0.0207571
0.0155398
0.0206
0.0204646
0.02108
0.196298
0.020225
0.0196757
0.0205288
0.0224543
0.251236
0.0251294
0.0207749
0.0210472
0.0202614
0.020397
0.0244535
0.218368
0.0213474
0.101845
0.0233082
0.020166
0.029558
0.0201926
0.0247159
0.023366
0.214829
0.207072
0.0199265
0.0239487
0.0267915
0.0289054
0.0494274
0.0696547
0.020455
0.191599
0.0207062
0.0214341
0.0203688
0.0414384
0.0211267
0.0378069
0.0205655
0.0214979
0.456069
0.0216408
0.111321
0.0204471
0.165864
0.933527
0.0202361
2.34329
0.0211446
0.228306
0.120357
0.0899789
0.0202516
0.0214482
0.0203777
0.0214696
0.0207104
0.402088
0.0208551
0.0198444
0.0209851
0.0203109
0.184565
0.0209075
0.0238004
0.0207143
0.0267276
0.0209091
0.0237869
0.0207338
0.0209815
0.0200672
0.0209121
0.0210545
0.0213935
0.0213229
0.0206951
0.250738
0.0214098
0.0205041
0.0205154
0.203278
0.267444
0.0205274
0.0200164
0.0214038
0.335159
0.258492
0.026697
0.0200422
0.253166
0.0202638
0.0202872
0.0223853
0.0214546
0.0209836
0.492962
0.0235843
0.020658
0.0210351
0.0247223
0.0207874
0.0203068
0.0205099
0.0207571
0.0211633
0.0209367
0.0208379
0.0209655
0.0249856
0.206089
0.020838
0.0207232
0.142314
0.0277302
0.267977
0.0206081
0.0205265
0.2088
0.0251453
0.0396934
0.0257003
0.281811
0.020638
0.0221085
0.0205458
0.0206247
0.412338
0.0210072
0.0223731
0.0208688
0.0215111
0.0211379
0.0271329
0.166167
0.02677
0.0210729
0.022095
0.568014
0.0205027
0.0208914
0.0223783
0.0205962
0.256081
0.0207966
0.0199481
0.441995
0.0250145
0.0304663
0.0211062
0.0211923
0.0211253
0.0204007
0.0204273
0.0205549
0.0203475
0.0207972
0.24326
0.0200439
0.423777
0.0267408
0.021431
0.022207
0.021274
0.0215843
0.0210028
0.0205673
0.557249
0.0251468
0.213934
0.021991
0.0588012
0.020529
0.0349088
0.0210352
0.0230434
0.444691
0.0207411
0.0249249
0.0209199
0.0202764
0.020525
0.0211009
0.769426
0.44326
0.0510752
0.020824
0.0208011
0.0207206
0.470513
0.0209706
0.0214866
0.024762
0.0278413
0.884883
0.020527
0.0207148
0.020864
0.0241138
0.225426
0.0205406
0.0239638
0.0204127
0.0198453
0.477731
0.0206285
0.0233919
0.0286384
0.473427
0.020677
0.0643195
0.0225396
0.0215955
0.0213477
0.0212079
0.0228308
0.166829
0.258851
0.445733
0.0214313
0.820249
0.0197014
0.023091
0.0206635
0.021802
0.267625
0.0202306
0.269986
0.0261043
0.023102
0.0237581
0.451738
0.257143
0.0177026
0.0211126
0.021234
0.021849
0.0209532
0.0199347
0.0199941
0.23188
0.892902
0.0196609
0.198914
0.0220316
0.0279975
0.376941
0.0203884
0.372365
0.277971
0.0210469
0.0378759
0.42378
0.0213686
0.598355
0.0206529
0.019879
0.0226527
0.125949
0.0212897
0.0303678
0.0206386
0.0302629
0.135451
0.023963
0.0210198
0.173755
0.462529
0.020213
0.0199237
0.0207894
0.0212329
0.0212493
0.019661
0.0290621
0.0200516
0.112174
0.0210459
0.873059
0.0212374
0.0217738
0.503415
0.021089
0.0201052
0.459558
0.0207537
0.0206087
0.0209127
0.0201156
0.0251171
0.0208168
0.0197706
0.0360343
0.0200101
0.0287788
0.0209955
0.0305637
0.0202596
0.020585
0.350521
0.0200822
0.020608
0.239739
0.258534
0.0209397
0.0211983
0.357059
0.0208563
0.0208247
0.0210863
0.0296286
0.0211565
0.0206945
0.0337614
0.0217781
0.0224523
0.0210823
0.020595
0.0206955
0.0207596
0.0206174
0.0340051
0.264056
0.031372
0.0208605
0.0205655
0.0210491
0.559593
0.124169
0.0264214
0.407351
0.150105
0.019947
0.019714
0.253311
0.304689
0.0209275
0.0200902
0.250326
0.262322
0.0325466
0.0214697
0.0198471
0.0207632
0.293603
0.0213815
0.0276976
0.267162
0.0206935
0.35554
0.0401349
0.0213589
0.0206078
0.0218858
0.0207606
0.0443232
0.0210772
0.0224636
0.020764
0.0214958
0.021226
0.0204709
0.0353728
0.0209653
0.0207646
0.0206311
0.283041
0.0200585
0.0209668
0.0213268
0.0495126
2.828
0.0204528
0.268223
0.0205141
0.0202684
0.0206166
0.0488494
0.0243328
0.0208783
0.0205291
0.0212654
0.261208
0.0206069
0.248924
0.0200999
0.0249339
0.0211445
0.020608
0.0199289
0.0204327
0.0229027
1.00207
0.0230701
0.0209766
0.0211816
0.304232
0.0212695
0.0206602
0.02437
0.022073
0.0210577
0.0207972
0.340726
0.0246507
0.0285022
0.0251366
0.0262752
0.0204653
0.0211332
0.0206055
0.0210114
0.0223576
0.215674
0.0209036
0.0210938
0.0208462
0.0258028
0.0272369
0.0228716
0.0551139
0.024742
0.0208166
0.0309334
2.36665
0.163289
0.994555
0.0216019
0.0206497
0.0211528
0.0370358
0.0208119
0.0437013
0.0298129
0.0207132
0.440132
0.0204786
0.0212276
0.0208398
0.0208932
0.265023
0.0207978
0.0207023
0.0378241
0.374364
0.0319915
0.549855
0.020874
0.406563
0.73495
0.443787
0.0262646
0.0201707
0.456007
0.0197436
0.0237365
0.0221926
0.569936
0.0207594
0.0268848
0.0208725
0.0217323
0.0205954
0.0201086
0.020781
3.25386
0.251066
0.0211272
0.451415
0.0213591
0.0205287
0.0298029
0.897988
0.0212945
0.0317424
0.137536
0.0256753
0.0210668
0.020767
0.0230216
0.0215369
0.0653595
0.0207213
0.022432
0.0210456
0.0207057
0.0207447
0.0283901
0.0200585
0.020848
0.0356557
0.0208759
0.0198484
0.021618
0.0248503
0.0368064
0.153602
0.0210704
0.0546849
0.0213544
0.0207309
0.0222943
0.0333217
0.03839
0.0208923
0.020712
0.0207768
0.0208583
0.240693
0.261338
0.080397
0.0212189
0.0202613
0.0397639
0.0200958
0.0235604
0.0207939
0.554688
0.0307609
0.0262668
0.0208408
0.0376482
0.876104
0.0209733
0.816386
0.0201141
0.332924
0.251929
0.0207417
0.0262405
0.023908
0.0347916
0.0208647
0.0836413
0.0254241
0.268387
0.0210359
0.0209859
0.0211497
0.0232603
0.0207271
0.297433
0.0205901
0.500047
0.270762
0.0498008
0.0306305
0.0201021
0.0207098
0.0207325
0.0202726
0.0212781
0.0211762
0.0340807
0.225603
0.262237
0.0210084
0.0210266
0.021188
0.0233843
0.024652
2.35804
0.0207317
0.021171
0.0209686
0.0237321
0.0211805
0.0209625
0.304612
0.25911
0.0292171
0.0207918
0.0260453
0.0196991
0.542128
0.0211813
0.0204933
0.344647
0.0209323
0.0220199
0.0263952
0.0215954
0.0215992
0.0208226
0.0269532
0.0208702
0.0295574
0.767222
0.0212144
0.0312162
0.0205431
0.028027
0.0225547
0.0207527
0.406165
0.0211033
0.0247251
0.0262864
0.0207999
0.0228735
0.0200653
0.0213261
0.194126
0.0204207
0.0210641
0.0922326
0.0215766
0.0319095
0.0199301
0.247839
0.0203729
0.272473
0.0209488
0.0253928
0.0213047
0.0460327
0.0207854
0.0202916
0.0209155
0.0216241
0.0203629
0.0230247
0.0206128
0.266378
0.0210901
0.0217495
0.0208101
0.0205697
0.0208238
0.0208161
0.0208155
0.189264
0.0363083
0.0268793
0.0209412
0.0210642
0.0220955
0.021037
0.02061
0.0402814
0.0225643
0.0199532
0.0213603
0.0208173
0.021299
0.264195
0.0310525
0.0210326
0.020806
0.0212685
0.0208705
0.0209058
0.0202022
0.265365
0.531898
0.0207273
0.0199279
0.0206074
0.0207269
0.0209777
0.0207798
0.0209144
1.09051
0.0208357
0.0227364
0.384451
0.26565
0.0209465
0.032129
0.0234425
0.0462911
0.0630274
0.0208171
0.0224007
0.0232056
0.0213521
0.0245955
0.0214321
0.305746
0.562423
0.0371991
0.0248908
0.0345973
0.0256259
0.020978
0.36143
0.0212
0.308568
0.0207129
0.0301216
0.0494565
0.299002
0.0210773
0.021085
0.487226
0.0329088
0.0241033
0.490417
0.0205458
0.0359905
0.0207282
2.67856
0.0207757
0.0210796
0.021308
0.0213259
0.0203837
0.0236727
1.40033
0.0517158
0.0204853
0.0274339
0.0212965
0.260163
0.0255678
0.0211085
0.0221801
2.82823
0.723356
0.0211147
0.0222277
0.0206557
0.0209017
0.0200973
0.0203823
0.266847
0.0213253
0.0453763
0.0555141
0.024885
0.0209268
0.0208181
0.222681
0.0213789
0.0213924
0.0202904
0.0208139
0.0213595
0.0212059
0.265131
0.0455371
0.0206505
0.26528
0.0269991
0.0208163
0.020275
0.0214619
0.0202912
0.0234959
0.0878867
0.0247434
0.0214892
0.0538567
0.0214177
0.0555945
0.0211613
0.0207548
0.0209653
0.0204879
0.0209783
0.21575
0.0393196
0.0210231
0.0615919
0.0220849
0.0249168
0.779382
0.0214438
0.0212017
0.0251278
0.0210814
0.0213403
2.29764
0.138447
0.0208109
0.0200865
0.0233442
0.0407789
0.021671
0.0200269
0.0710035
0.828922
0.0211243
0.0213321
3.10218
0.0221698
0.0205584
2.7299
0.947011
0.868797
0.0229899
0.930597
0.0242643
0.025462
0.0239826
0.0206809
0.0545301
0.0208127
0.0209282
0.0587412
0.0209396
0.0207109
0.0213966
0.07108
0.0206281
0.0210751
0.0209846
0.0235882
0.0200762
0.0209538
0.0226668
0.861574
0.0220959
0.0553197
0.383883
0.0199437
0.0261256
0.0492158
0.0212898
0.0210964
0.725889
0.0212752
0.108175
0.0210688
0.0215149
0.079836
0.0200114
0.0208314
0.0209508
0.185836
0.0209925
0.0331934
0.0202562
0.0209414
0.0200909
0.397081
0.0212667
0.0208791
0.0208553
0.265056
0.0213605
0.973775
0.0212381
0.0208577
0.0253151
0.197941
0.0210283
0.483017
0.190279
0.0200779
0.0214145
0.029892
0.0200126
0.020947
0.487672
0.0211877
0.021671
0.89855
0.0201543
0.0216156
0.0233742
0.123938
0.479167
0.026144
0.580686
0.449602
0.021094
0.256596
0.0402333
0.0321778
0.021582
0.0450174
0.0304961
0.020367
0.137343
0.0210264
0.26036
0.0212339
0.365035
0.130653
0.028835
0.0206361
0.0394933
0.0205994
0.0534031
0.020203
0.020381
0.0215033
1.01124
0.0209423
0.0216341
0.0209453
0.0212629
0.0217188
0.0212715
0.0197816
0.020984
0.0276815
0.270212
0.0210054
0.269502
0.0209442
0.023822
0.683092
0.537034
0.0221063
0.592495
0.022533
0.0216457
0.0222709
0.0331578
0.198455
0.0212996
0.0228252
0.0255916
1.0451
0.0210681
0.0210116
0.020624
0.02492
0.0207183
0.0325059
0.0822202
0.0398702
0.0223453
0.0205798
0.0237703
0.0201863
0.0200809
0.0275171
0.874331
0.0204198
0.0393972
0.0227025
0.0212511
0.0300158
0.0213438
0.0214562
0.0207478
0.0201689
0.0200629
0.0199442
0.0262694
0.0220572
0.0204837
0.0226751
0.0255539
0.0196722
0.0207386
0.0230238
0.021085
0.0250185
0.0212077
0.0227386
0.0209793
0.0341597
0.0218274
0.0212226
0.0977923
0.0290567
0.0210508
0.0282114
0.0209913
0.0204948
0.0209953
0.0206834
0.0228378
0.0219201
0.027191
0.0217636
0.194066
0.0214318
0.0208796
0.034987
0.020236
0.0212143
0.0411968
0.0209572
0.0471722
0.0211203
0.0204082
0.256553
0.0353706
0.105306
0.0209282
0.020943
0.0208022
0.0245269
0.0201523
0.0208946
0.903896
0.033961
0.377482
0.20582
0.0220195
0.263961
0.227548
0.0571435
0.124755
0.0387234
0.105172
0.0235223
2.71902
0.252912
0.0200938
0.572518
0.0208486
0.0208888
0.0203748
0.0212077
0.0209462
0.0209336
0.0244051
0.687216
0.0224094
0.0299372
0.2586
0.0209598
0.113394
0.021365
0.0208699
0.0199447
1.06293
0.0211358
0.409589
0.0456526
0.0986709
0.23066
0.410108
0.0200586
0.0418786
0.035442
0.0204228
0.0228764
0.0359777
0.0215243
0.0207926
0.0211165
0.0209393
0.156982
0.0236531
0.0782041
0.0392707
0.0207672
0.352507
0.0209429
0.0216237
0.0444921
0.576901
0.0241978
0.0210464
0.0900211
0.0949016
0.0218363
0.0818032
0.0212077
0.0221017
0.0215516
0.0428
0.0199402
0.0211946
0.0208848
0.0207119
0.0205052
0.0255575
0.0211503
0.0213081
0.0257154
0.0214515
0.746679
0.020946
0.0215025
0.878961
0.0212113
0.0216686
1.24715
0.159519
0.021262
0.0207638
0.0309919
0.0222422
0.0217273
0.0213594
0.020819
0.0212039
0.197251
0.0207794
0.0202728
0.0207404
0.0209779
0.0206417
0.0394101
0.0447978
0.0291076
0.0195694
0.278552
0.0211121
0.0212091
0.0208055
0.0207682
0.11107
0.0202742
0.020748
0.0249567
0.0207592
0.0238586
0.0313799
0.0207909
0.0242957
0.0364742
0.0212027
0.75067
0.0257762
0.939704
0.0280395
0.146467
0.0213354
0.0223423
0.0204167
0.0208323
0.0209106
0.962022
0.021824
0.0203835
0.0202185
0.265456
0.0210339
0.020385
0.0203761
0.0227408
0.0219222
0.0211519
0.0373687
0.26957
0.0467302
0.0233911
0.0313085
0.0209343
0.0352391
0.0461284
0.0203321
0.0244534
0.828055
0.0207232
0.0223354
0.0211284
0.0204743
0.270197
0.0261887
0.0230896
0.0308673
0.268255
0.0292112
0.0202753
0.020044
0.0796799
0.0207175
0.0270447
0.0224295
0.0214814
0.028573
0.0228748
0.0248421
0.0210745
0.0205767
0.231273
0.0236324
0.0692946
0.0556696
0.0297345
0.0220763
0.0215423
0.0259515
0.0210149
0.0235226
0.0202913
0.0209541
0.200373
0.0252207
0.266189
0.318822
0.0343974
0.0213263
0.992311
0.744537
0.294213
0.0201718
0.0220234
0.0516877
0.0223798
0.237933
0.266777
0.0210924
0.663796
0.0681342
1.02382
0.146342
0.0206826
0.0215781
0.0303153
0.0249318
0.651936
0.205371
0.035427
0.740767
0.0214155
0.0208927
0.888042
0.0213975
0.0199505
0.0220501
0.0210438
0.133351
0.0211551
0.0208718
0.0280308
0.0231527
0.0210645
0.0213673
0.021218
0.0211481
0.0217559
0.0367362
0.0203482
1.0455
0.0251769
0.169105
0.0233009
0.0212284
0.0241751
0.0465517
0.0266542
0.0613601
0.0210136
0.021173
0.0201691
0.0221154
0.0355771
0.0210111
0.0214039
0.0214434
0.0281933
0.0209602
0.671944
0.0212086
0.0224603
0.0255592
0.0299776
0.0235069
0.0211714
0.0248119
0.0212337
0.0214455
0.0211148
0.0212478
0.0217772
0.0240524
0.021365
0.0211291
0.021448
0.283813
0.0225984
0.0226456
0.021213
0.023126
0.0323016
0.0212153
0.0479863
0.646469
0.0209328
0.173193
1.25089
0.0214706
0.0204207
0.0202846
0.0237794
0.0222447
0.0416401
0.0223081
0.0220971
0.0785115
0.0203628
0.0208442
0.0214504
0.0267492
0.0268322
0.0215035
0.0301712
0.0211103
0.13968
0.0242168
0.0371242
0.252326
0.0337419
0.0214435
0.0241104
0.0237663
0.021431
0.0249728
0.0211345
0.0226769
0.0214951
0.0210539
0.0208297
0.0210797
0.0210035
0.0235947
0.0353583
0.0206114
0.0212263
0.0203689
0.056738
0.0381652
0.0214282
0.0202428
0.0209221
1.05433
0.0503319
0.0211848
0.11071
0.021385
0.020653
0.0205642
0.0209561
0.0214922
0.0212616
0.0210725
0.124894
0.0210663
0.0248629
0.0223468
0.0208795
0.816531
0.266228
0.0211353
0.0269088
0.233122
0.0208745
0.0208264
0.0210196
0.111214
0.156143
0.266346
0.739889
0.0216274
0.0307956
0.674112
0.0214896
0.251067
0.0486756
0.0833429
0.0210654
0.0353414
0.0213742
0.0256078
0.455965
0.0213358
0.0259669
0.0214407
0.0239073
0.0257588
0.556457
0.0243582
0.0203795
0.0209029
0.0201694
0.085991
0.0209309
0.0235662
0.0220156
0.261568
0.0211202
0.225585
0.436348
0.687247
0.269604
0.0279581
0.0468234
0.0205758
0.02115
0.0213598
1.06138
0.0212151
0.0212415
0.022475
0.0201474
0.0212773
0.0220271
0.0229256
0.0208113
0.0216026
0.0213866
0.0206757
0.0204475
0.851252
0.0208683
0.0207847
0.0226089
0.2714
0.0215848
0.146238
0.0220366
0.0253492
0.265526
0.0244765
0.0209342
0.0212929
0.347879
0.021684
0.0871779
0.0239377
0.0211945
0.0243371
0.060213
0.0210509
0.0208373
0.020434
0.021284
0.972571
0.193049
0.0204465
0.0203409
0.0268101
0.0212617
0.0213287
0.242371
0.0515237
0.0207217
0.0241561
0.0214614
0.155507
0.136646
0.0253591
0.0207983
0.0461305
0.0661563
0.0210839
0.0304593
0.0212253
0.0856547
0.020557
0.0350063
0.0211141
0.0569359
0.0236876
0.0211957
0.024967
0.0248836
0.0214229
0.0248197
0.0263799
0.0210954
0.0230672
0.0213608
0.438737
0.0229156
0.0206827
0.022848
0.0214063
0.0211912
0.119337
0.0251203
0.0237231
0.0209606
0.0211657
0.0203712
0.0212875
0.0209469
0.0210543
0.0212744
0.0208775
0.153307
0.0321207
0.0215063
0.0206913
0.058366
0.390069
0.0371931
0.0202958
0.0211053
0.0238812
0.0211141
0.0288446
0.0247769
0.0213881
0.022113
0.0212092
0.266182
0.271602
0.306964
0.0221078
0.150275
0.0258012
0.0208815
0.0209333
0.0201539
0.0567953
0.0211146
0.0199734
0.0206714
0.267264
0.195371
0.0226231
0.0199546
0.0214869
0.0316351
0.0210932
0.236822
0.0209214
0.0210861
0.0231465
0.0210978
0.0213153
0.0549611
0.327093
0.027088
0.0213332
0.0571106
0.0210953
0.0214904
0.0213591
0.208149
0.0210982
0.0211597
0.0212923
0.0214859
0.0718151
1.27605
0.0299005
0.0362446
0.0208833
0.0207891
0.0331428
0.021105
0.0204691
0.039396
0.0200335
0.0221926
0.0208885
0.0213314
0.256503
0.0598306
0.0288504
0.0210398
0.0304243
0.0765018
0.0220038
0.127706
0.021939
0.0211982
0.0206022
0.0202993
0.0203635
0.0218802
0.024904
0.0213917
0.0254783
0.0210799
0.0210939
0.0226192
0.0210516
0.03311
0.0209394
0.0202171
0.0213464
0.0213888
0.185899
0.0206631
0.0213479
0.0447679
0.0279411
0.0201033
0.0416903
0.0760463
0.0259636
0.269169
0.054648
0.0212506
0.020979
0.0382897
0.0211958
0.0550962
0.0374586
0.0214702
0.0214124
0.0208879
0.0207305
0.0210461
0.0337799
0.021709
0.021728
0.0229515
0.0220031
0.0213851
0.0207243
0.264543
0.112776
0.0203818
0.0212402
0.021439
0.0225921
0.268254
0.0576482
0.020064
0.60886
0.0591314
0.0374006
0.0199355
0.0206348
0.638539
0.0882926
0.0217793
0.0214073
0.0212198
0.0203179
0.020059
0.0200453
0.0207624
0.0217103
0.0330501
0.0209267
0.0201555
0.0211251
0.0272816
0.0217482
0.0209752
0.0261553
0.0201809
0.492737
0.0288051
0.0213614
0.246014
1.03547
0.239465
0.020634
0.0202975
0.0210851
0.0931396
0.0271475
0.0213655
0.021408
0.0231272
0.0212198
0.0842542
0.0212428
0.0273134
0.0212855
0.020044
0.0349017
0.0824143
0.0217348
0.0296828
0.0214104
0.0212947
0.143094
1.15176
0.0209202
0.0205597
0.0265063
0.034954
0.0266311
0.0204643
0.0315505
0.0398742
0.0247165
0.021115
0.0211999
0.0209895
0.0207759
0.0244819
0.0209802
0.0250759
0.0367321
0.0223992
0.050002
0.0311419
0.0212135
0.0213693
0.0712884
0.151684
0.441913
0.0950888
0.0200494
0.0477062
0.0214323
0.0204258
0.0222686
0.0222982
0.0216967
0.0757848
0.291885
0.348194
0.982959
0.0212715
0.0530259
0.0201652
0.0203466
0.0222336
0.0248165
0.204685
0.023036
0.0253856
0.0260891
0.322077
0.881087
0.0211859
0.0214175
0.215614
1.03685
0.020898
0.435463
0.233237
0.0212045
0.022043
0.0200585
0.0218217
0.0214373
0.028803
0.429081
0.0213197
0.0201749
0.443503
0.122122
0.0795562
0.0304625
0.983255
0.0556312
0.222781
0.64293
0.0219806
0.0210753
0.0291838
0.0211453
0.0213849
0.0203378
0.0208285
0.162541
0.0274701
0.0265676
0.338382
0.0233678
0.0217232
0.0212461
0.0273744
0.839934
0.0199822
0.0513212
0.0432283
0.0480817
0.0214238
0.0231561
0.0225116
0.0200682
0.0205425
0.348329
0.0248955
0.0211172
0.0348152
0.0309392
0.0220951
0.083249
0.024403
0.022423
0.594722
0.0205578
0.128529
0.0215275
0.0298277
0.0532938
0.0243771
0.159424
0.0214437
0.0254617
0.0211878
0.121244
0.0276371
0.127192
0.0201797
0.0723122
0.115423
3.1321
0.0206417
0.0255351
0.030671
0.020788
0.0203829
0.0248784
0.426347
0.0204794
0.109117
0.0231957
0.0213265
0.0212611
0.0222764
0.0269026
0.0414989
0.120069
0.0282874
0.0217239
0.0216504
2.53332
0.0204659
0.0210605
0.0398537
0.612899
0.0222851
0.0208073
0.0211971
0.254711
2.57164
0.0323629
0.021435
0.0570681
0.0203633
0.0358844
0.0213633
0.0204185
0.445343
0.258266
0.0324652
0.0221257
0.562786
0.034088
0.0242374
0.021391
0.10247
0.023131
0.0232322
0.24647
0.034079
0.0961542
0.0324892
0.02142
0.0895483
0.0324008
0.0290757
0.0206344
0.0828499
0.0332765
0.0211319
0.367287
0.0214552
0.0214195
3.21692
0.0210426
0.0416924
0.0207254
0.034752
0.0266986
0.0210257
0.492917
0.0425408
0.0202488
0.605335
0.0209152
0.0209231
0.130354
0.0784742
0.0442022
0.0697495
0.0316034
0.585856
0.0213704
0.572859
0.0273654
0.0207251
0.0331586
0.0414662
0.0203273
0.0213703
0.0201245
0.0213996
0.0216302
0.0201792
2.7041
0.0236131
0.119406
0.0214742
0.232049
0.0214312
0.114142
0.0207923
0.0207834
0.0214024
0.0214299
0.107485
2.50388
0.0204033
0.0217566
0.121483
0.0766371
0.0222814
0.0204912
0.0205729
0.237727
0.111093
0.393735
0.0278329
0.0203588
0.0203548
0.021901
0.0224222
0.0213751
0.0228967
0.226311
0.0253981
0.101219
0.0217483
0.0203062
0.0735659
0.277446
0.0212992
0.02458
0.0196739
0.0240756
0.0213776
0.0222022
0.0214754
0.0243396
0.021378
0.225577
0.0344144
0.0210185
0.0213816
0.0218758
0.0218843
0.0724112
0.0367133
0.0558773
0.0204639
0.0213849
0.0210851
0.0706137
3.78263
0.0626856
0.0221396
0.0235998
0.0679111
3.63813
0.0202107
0.0948111
0.0555077
0.0216515
0.166596
0.0213481
0.0883876
0.0211967
0.0211909
0.201124
0.441973
0.0215083
0.0599947
0.0432516
0.0201982
0.937618
0.021361
0.189368
0.209093
0.0268904
0.0823851
0.0523125
0.0211863
0.0269224
0.0222549
0.0213875
0.0200309
0.0651746
0.118207
0.0216951
0.0204617
0.0213961
0.0248287
0.0619229
0.0214078
0.260431
0.800362
0.0764053
0.322467
0.0216594
0.0207978
0.0209022
0.0253954
0.0232585
0.0258949
0.0234257
0.236117
0.0336863
0.0246275
2.69843
0.165215
0.0405811
0.0207642
0.0270193
0.0359107
0.242544
0.152822
0.0210313
0.0208564
0.191697
0.0204461
0.035928
0.0207597
0.020664
0.0325215
0.036055
0.0460092
0.148597
0.112227
0.14097
0.0490019
0.0620536
0.0547331
0.580831
0.0211121
0.442723
0.0768007
0.0672282
0.0227555
0.0240867
0.0210982
0.020453
0.0244745
0.0220485
0.0240519
0.0449733
0.523683
0.0331325
0.0232443
0.0220275
0.0702573
0.0327003
0.0557408
0.0210754
0.0214177
1.0526
0.230022
0.257665
0.0195585
0.0195613
0.021886
0.0472992
0.151147
0.0201626
0.0343443
0.0215799
0.0649041
0.0212309
0.0481114
0.0210964
0.0205616
0.796416
0.0212593
0.0205647
0.02153
0.0555103
0.0245871
0.0222428
0.0207332
0.0219488
0.0282573
0.0310633
0.0207144
0.0302803
0.031715
0.0238587
0.0602446
0.0291637
0.0207667
0.035159
0.0280291
0.0391053
0.0236062
0.0222781
0.0206122
0.0728411
0.02024
0.294288
0.0202978
1.09312
0.0204126
0.0291847
0.0202932
0.024906
0.0200809
0.0314436
0.0231441
0.0211646
0.0238791
0.0204492
0.0213958
0.171927
0.0205696
0.0313632
0.0300795
0.0210164
0.0205737
0.0216341
0.0301658
0.114406
0.0211348
0.0246424
0.0202494
0.0402555
0.0220163
0.0261171
0.0208475
0.0215265
0.223592
0.0330212
0.0845622
0.0744786
0.0326385
0.0249293
0.0208156
0.0248069
0.264513
0.0204524
0.0209696
0.0301037
0.0209197
0.0949583
0.0447601
0.0198637
0.0312962
0.0265373
0.0213494
0.0209008
0.0205442
0.853811
0.0207464
0.0214605
0.0228517
0.0227177
0.0203984
0.0232295
0.0198514
0.0213373
0.0207191
0.435801
0.21325
0.0211043
0.0555138
1.11335
0.028039
0.0490088
0.0214843
0.0229703
0.0216883
0.116828
0.0210692
0.0221206
0.0304605
0.0205746
0.268726
0.222536
0.0203597
0.0212283
0.411549
0.0206411
0.0213139
0.0322958
0.0212155
0.0334802
0.0480416
0.369534
0.0211914
0.0212099
0.0211696
0.0428511
0.0219287
0.0207362
0.0207194
0.0211576
0.0244663
0.0230787
0.0219254
0.0199938
0.0321376
2.60089
0.433331
0.0213727
0.0210243
0.270602
0.0202278
0.0211085
0.161992
0.213957
0.0427843
0.28057
0.0227134
0.0206261
0.0202367
0.0834788
0.0203548
0.0345731
0.0230673
0.025715
0.0211039
0.175361
0.0207921
0.0232571
0.0212141
0.0207875
0.0234311
0.020639
0.0238851
0.047105
0.0679326
0.0214329
0.0411586
0.09113
0.0275437
0.45328
0.0301302
0.950372
0.154149
0.0346976
0.021254
0.497952
0.0205781
0.0213321
0.0206618
0.26867
0.0214526
0.0207313
0.0294742
0.0207662
0.268117
0.0206681
0.266236
0.0204625
0.0291919
0.0207579
0.0279748
0.021689
0.0380436
0.0245
0.022325
0.0229008
0.0228678
0.0210634
0.0210941
2.32885
0.0212815
0.0279116
0.0214285
0.165347
0.0207039
2.92444
0.0505757
0.0703983
0.0200973
0.0216372
0.0204173
0.250799
0.0312242
0.0205271
0.0261749
0.020803
0.0211108
0.0218553
0.0212286
0.0211629
0.0221068
0.0649484
0.0272249
0.12066
0.181271
0.364216
0.0211777
0.0203771
0.0260016
0.0207865
0.0217669
0.0215103
0.17402
0.134127
0.0212371
0.0243358
0.0210661
0.40627
0.0226551
0.238032
0.0205178
0.0233061
0.291231
0.0210828
0.020783
0.0951741
0.0204685
0.0207629
0.249301
0.0205357
0.804251
1.21414
0.0672494
0.0218489
0.051198
1.13602
0.0509889
0.0202923
0.0212524
0.0238495
0.0213844
0.0235133
0.267519
0.189324
0.0206419
0.197725
0.02116
0.0213294
0.0218719
0.0259152
0.0203549
0.445515
0.0243912
0.0659386
0.022305
0.0205183
0.021495
0.0258362
0.0210149
0.0220129
0.0707688
0.0205818
3.75147
0.0290258
0.0225634
0.0214386
0.0207386
0.0213296
0.0271144
0.0206627
0.0207817
0.0293853
0.0211265
0.0250041
0.157772
3.59854
0.0255917
0.0204637
0.020661
0.021359
0.211949
0.0544125
0.0214679
0.0213772
0.0213778
0.0266165
0.0225551
0.0265949
0.020755
0.0449166
0.0213919
0.0479132
0.0211416
0.0211455
0.0238919
0.0207575
0.0208173
0.0247186
0.0439523
0.0209901
0.0708901
0.183439
0.285986
0.0205741
0.0213762
0.0204383
0.0241821
0.0207838
0.0229883
0.204578
0.492007
0.0343204
0.021556
0.0982561
0.0262778
0.0209533
0.542975
0.0211769
0.0711875
0.0207817
0.0209117
0.023103
0.0209109
0.020278
0.0214049
0.0206406
0.0247675
0.0214769
0.0206511
0.354063
0.336508
0.107011
0.0204719
0.0258751
0.021396
0.0239451
0.066245
0.376564
0.0211784
0.0874261
0.0214282
0.0210342
0.0209341
0.0211604
0.0207326
0.0214343
0.0283848
0.0210564
0.0228912
0.264861
0.0207527
0.031022
0.0216759
0.118054
0.0360076
0.217765
0.109968
0.0208794
0.260792
0.0214282
0.0285462
0.0954719
0.0212029
0.247304
0.020444
0.0206182
0.0226863
0.0816051
0.212921
0.0238959
0.442809
0.021366
0.134191
0.169936
0.0663856
0.288423
0.0206489
0.294273
0.133018
0.0214225
0.020705
0.0233674
0.0296317
0.0598437
0.0444548
0.038095
0.0215466
0.024016
0.0211159
0.0230916
0.0205198
0.0302661
0.0205567
0.021053
0.0176641
0.0303913
0.0210297
0.020608
0.270711
0.02172
0.0232038
0.022103
0.020781
0.0211305
0.0214208
0.0214007
0.108738
0.0246063
0.0214213
0.0214742
0.0210638
0.0237901
0.0212052
0.185321
0.603581
0.0243429
0.0235545
0.021238
0.0537409
0.0884722
0.0202365
0.0211977
0.492019
0.0219345
0.0273494
0.0208893
0.150413
0.0214086
0.0213347
0.0216208
0.021465
0.0222956
0.0248497
0.0271122
2.60673
0.167734
0.472203
0.10594
0.231646
0.0244953
0.0464606
0.0207135
0.0475887
0.0224018
0.0214668
0.0281424
0.0213771
0.0213586
0.0203162
0.0221996
0.020771
0.0253194
0.0204899
0.0236915
0.0205234
0.022053
0.0210471
0.0791415
0.0210335
0.0208037
0.0200164
0.0316821
0.0213066
0.0225373
0.0214646
0.0349332
0.178461
0.850019
0.0302034
0.0206566
0.0268303
0.0211315
0.0211864
0.0269909
0.0220677
0.0207958
0.021292
0.0287972
0.0202908
0.0206431
0.0209414
0.0254419
0.0216733
0.0792448
0.0205461
2.6904
0.0203009
0.0208336
0.0199894
0.0207082
0.020889
0.170244
0.0209219
1.64401
0.020619
0.0202445
0.0425403
0.0225351
0.122728
0.0208313
0.0205932
0.285122
0.370693
0.0433203
0.0210836
0.0220755
0.0212477
0.0205106
2.36914
0.0207838
0.0364825
0.0317682
0.0297345
0.0271763
0.0225586
0.0260147
0.351176
0.0253115
0.131195
0.0208903
0.0803916
0.0204829
2.80456
0.0205184
0.179289
0.127213
0.813789
0.02342
0.02067
0.0214528
0.0661941
0.020594
0.0331793
0.0200504
0.677561
3.17243
0.0749932
0.0514096
0.0233453
0.0197032
0.0213353
0.0209072
0.0618869
0.0206575
0.0513355
0.0448747
0.173747
0.0873093
0.0221433
0.0211692
0.0204936
0.056829
3.5452
0.0222859
0.0236929
0.0738967
0.0215796
0.0208648
0.0245529
0.0211024
0.0206564
0.737182
0.023363
0.0206497
0.0769381
0.02128
0.0208211
0.0446805
0.0311867
0.0293487
0.102084
0.0522074
0.576658
0.111168
0.0213499
0.0210682
0.264243
0.0195923
0.0210897
0.02156
0.0209753
0.0207423
0.0231531
0.0221527
0.0480425
0.0387174
0.0239264
0.237472
0.0211938
0.0519785
0.225073
0.0210591
0.0255199
0.0270639
0.021023
0.0603255
0.0653253
0.0206714
0.0312645
0.0253963
0.0214257
0.0205839
0.0869649
0.0213276
0.0331199
0.0198934
0.0198627
0.0283276
0.0220234
0.0240613
0.0221247
0.0214661
0.0203587
0.0207581
0.0738404
0.0225049
0.0210838
0.0212288
0.0212145
0.0210257
0.0213251
0.0301944
0.0210429
0.02996
2.62524
0.875959
0.0929906
0.0292288
0.048579
0.0208697
0.0262979
0.911922
0.0260706
0.0214194
3.00379
0.020989
0.0221091
0.0209242
0.0262322
0.0198601
0.0210517
0.0213099
0.0209305
0.0339069
0.0213649
0.840314
0.0210489
0.0213764
0.0207537
0.021363
0.0205157
0.0213975
0.0227831
0.265053
0.0211497
0.0213112
0.0316774
0.0216833
0.0373732
0.0207195
0.0199901
0.500988
0.0268049
0.0213195
0.0233154
0.0204716
0.0778098
0.903261
0.0214908
0.0232266
0.0225701
0.0212132
0.0206472
0.024811
0.0256014
0.391247
2.28695
0.0195463
0.0304309
0.0221551
0.0226455
0.164325
0.0206867
0.225354
0.0314568
0.0219583
0.02304
0.020594
0.0210738
0.0202839
0.110365
0.0210464
1.85341
0.0213115
0.0208657
0.0231138
0.0993653
0.115008
0.0208961
0.0297323
3.14256
3.1456
0.0238966
0.0206564
0.0230901
0.019861
0.38837
0.0216789
0.0225374
0.0211812
0.0225419
0.0207672
1.06854
0.0210504
0.0282644
0.106126
0.0206993
0.0212918
0.0198616
0.0239201
0.0216476
0.020535
0.0271112
0.0214121
0.0206434
0.0211818
0.0317199
0.0344208
0.0205716
0.0198684
0.022242
1.01811
0.0207217
0.684357
0.0758241
0.842458
0.0224861
0.0206607
0.0213012
0.327622
0.0214029
0.0260722
0.0221091
0.0250335
0.492097
0.0209152
0.0209013
0.0217715
0.29602
0.0707323
0.0211893
0.0431663
0.0999985
0.023417
0.0211763
0.0283128
0.0206661
0.021203
0.02835
0.0220544
0.0213087
0.0618579
0.0214194
0.0359478
0.0275151
0.0213857
0.0283848
0.299458
0.0418383
0.0212665
0.0233785
0.0206449
3.52304
0.0224042
0.406271
0.0782643
0.0209031
0.0215811
0.0235254
0.0504307
0.0416233
0.0225911
0.0223214
0.0210682
0.0425004
0.291263
0.0217662
0.0198562
0.31065
0.309382
3.42838
0.02131
0.362281
0.0412161
0.0215348
0.116913
0.0275997
0.339327
0.0209516
2.11068
0.0199548
0.0212161
0.0210739
0.0216049
0.30236
0.0205366
0.900314
0.144846
0.0207412
0.0209194
0.0259022
0.0219975
0.0211521
0.0206394
0.0212657
0.022545
0.081021
0.0206614
0.0369869
0.0202501
0.0205016
0.0209274
0.031116
0.024488
0.0226824
0.0212542
0.0211077
0.0205792
0.678209
0.0213521
0.0200973
0.0426412
0.0210372
0.0505944
0.0209479
0.0211766
0.0213869
0.0198675
0.0259094
0.0198218
0.0244396
0.0250801
0.0204673
0.0302838
0.0229208
0.0229864
0.0216884
0.142112
0.0291335
0.0267377
0.0734786
0.0213653
0.290471
0.0228809
0.020484
0.024301
0.0315307
0.862525
0.0328205
0.0203551
0.0304684
0.10912
0.0323982
0.0994055
0.0203377
0.0200253
0.021442
0.0221843
0.020685
0.0206348
0.0310808
0.0764454
0.0225418
0.0215401
0.02254
0.0214829
0.0224213
0.0220192
0.0547073
0.0213641
0.0222981
0.0195711
0.0368067
0.831282
0.809292
0.453584
0.0211684
0.0213644
0.0209424
0.0204528
0.0213082
0.0776476
0.0357872
0.0206772
0.0203395
0.0208647
0.0352876
0.0231738
0.0267973
0.0249144
0.0215198
0.0217958
0.0596881
0.280873
0.0709667
0.0200376
0.949508
0.0211953
0.0208685
0.0290933
0.0217338
0.0204594
0.0217492
0.0507882
0.0211822
0.0226509
0.119293
0.0279489
0.0790355
0.029893
0.021268
0.301156
0.0206868
0.893855
0.0346802
0.0705747
0.0215219
0.0213706
0.029855
0.0206537
0.0249722
0.020141
0.0216785
0.0216084
0.601197
0.0265733
0.465313
0.0253326
0.586065
0.0615488
0.333737
0.202881
0.206475
0.0208785
0.0224261
0.0206683
0.0205855
0.271977
0.0218535
0.022504
0.0290794
0.198468
0.0713654
0.0205284
0.0206834
0.0217625
0.0288994
0.0232915
0.0231971
0.0291149
0.0201077
0.020926
0.0448863
0.0263369
0.0210364
0.0204722
0.0209129
0.0201577
0.342104
0.23012
0.0213635
0.0211633
0.0218841
0.0206021
0.0254471
0.0202807
0.0239687
0.0223056
0.482926
0.0210128
0.0210161
0.0212912
0.315414
0.0550809
0.02068
0.0331075
0.410103
0.0246381
0.0210741
0.0211531
0.0213213
0.0388848
0.202732
0.0260259
0.211619
0.02347
0.0198587
0.0206977
0.438954
0.0213017
0.042618
1.07297
0.0212443
0.0215223
0.0217192
0.0197953
0.0519109
0.0213262
0.0288936
0.0226603
0.397138
0.0803144
0.0221561
0.0212163
0.0213385
0.167352
0.24668
0.0285767
0.021897
0.0137431
0.0203653
0.0216722
0.0220838
0.0209711
0.0794468
0.0195931
0.549839
0.518533
0.0236417
0.0293493
0.0245337
0.0216242
0.0209793
0.794301
0.111465
0.0294137
0.0218057
0.0212621
2.33315
0.0425014
0.0204151
3.64765
0.5674
0.0204575
0.021702
0.0204194
0.0209132
0.0227228
0.241465
0.112111
0.0224331
0.0212793
0.0218814
0.0210156
0.0203959
0.86184
0.0229427
0.0202266
0.0225446
0.0207676
0.0219518
0.0224648
0.0218181
0.0240644
0.0217547
0.0209177
0.0239616
0.0208824
0.0211604
2.645
0.0218479
0.0304112
0.0209843
0.0212409
0.0201826
0.0272426
0.0227682
0.154955
0.540025
0.194825
0.021412
0.021117
0.433689
0.0243146
0.0203074
0.0225195
0.0225919
0.0271988
0.0208056
0.0205593
0.0212586
0.0213813
0.0213071
0.0213442
0.0204402
0.0281482
0.0266939
0.0218568
0.43443
0.033201
0.0230795
0.191222
0.210717
0.0211568
0.0206851
0.323111
0.342261
0.0356247
0.0254264
0.021387
0.021494
0.021243
0.0210337
0.0209955
0.0166865
0.0216188
0.0545425
0.0253152
0.0239121
0.335974
0.0433827
0.0781903
0.0219607
0.837523
0.553531
0.0212134
0.0366048
0.118757
0.0196049
0.495591
0.224019
0.0212419
0.0205314
0.02192
0.0216481
0.0219938
0.0204112
0.0212902
0.0275078
0.371448
0.0994681
0.0211654
0.0204212
0.0237393
0.0215613
0.329809
0.652594
0.286046
0.0204694
0.0212185
0.0235835
0.0208812
0.028191
0.0205306
0.0206046
0.028158
1.09801
0.0212927
0.0213171
0.372278
0.557737
0.0209694
0.0234834
0.0756593
0.32384
0.0211945
0.02333
0.0466137
0.760409
0.0222745
0.967046
0.0217976
0.0202458
0.0282543
0.0205984
1.19279
2.86062
0.0243169
0.593413
0.0207389
0.0224887
0.0212807
0.0215461
0.335353
0.100237
0.0271915
0.0213171
0.0209952
0.77819
0.0792043
0.0205724
0.0266825
0.0216079
0.0214105
0.0212879
0.0368621
0.0435655
0.0211568
0.0218063
0.0207032
1.09429
0.0213307
0.0230398
0.0344438
0.0249175
0.0213974
0.0197231
0.0219818
0.0214078
0.0291645
1.68453
0.0206648
0.0392909
0.0206254
0.042605
0.0222183
0.0211497
0.488966
0.10742
0.0216683
0.146427
0.0216109
0.0364977
0.0212576
0.021662
0.0218023
0.0195743
0.0215635
0.0214413
0.0213096
0.0209787
0.0206513
0.0206802
0.0210316
0.584953
0.0215803
0.0242845
0.0213534
0.0682826
0.0202071
0.0212351
0.0212897
0.0214222
1.0275
0.376524
0.0210633
0.0425947
0.0220068
0.92432
0.0462035
0.0209064
0.774904
0.727864
0.0215983
0.0213247
0.0216393
0.022538
0.0282176
0.305992
0.0213832
0.020701
0.021299
0.0833663
0.0217331
0.120112
0.0228104
0.0221792
0.0408908
0.0214148
0.0205525
0.0223347
0.0208797
0.024088
0.432813
0.0301628
0.020991
0.0214563
0.0586722
0.0223434
0.342444
0.0208944
0.021471
0.587631
0.0195869
0.0206188
0.124631
0.0205994
0.0259974
0.0213855
0.0211606
0.185078
0.0208234
0.0206898
0.0236081
0.0203378
0.0219237
0.0335412
0.0204434
0.0585225
0.021145
0.0196247
0.0226601
0.022805
0.0259347
0.0315647
0.539385
0.0214898
0.0515239
0.191751
0.227912
3.30195
0.021556
2.23374
0.0214586
0.0212774
0.0254296
0.259168
0.0216246
0.0230017
0.0248148
0.0771297
0.0217575
0.0217217
0.0228708
0.0240138
0.02189
0.0227965
0.0582968
0.0431483
0.0249258
0.022833
0.0219877
0.0212994
2.33281
0.0213786
2.62556
0.0211853
0.172722
0.0231626
0.0289289
0.16366
0.0766741
0.0215921
0.0236204
0.0229911
3.05205
0.341088
0.166939
3.0381
0.0209226
0.889314
0.0204775
0.0242147
0.0212116
0.0805512
0.0212057
0.0289753
0.0210802
0.0209879
0.0215105
0.0216791
0.0211775
0.0873204
0.0210447
0.0211688
0.0211618
0.33777
0.121839
0.0203092
0.0203505
0.3991
0.0334107
0.021259
0.0318323
0.0293694
0.311732
0.0213003
0.0223191
0.0211293
0.0214084
0.0215121
0.0233544
0.0238743
0.0317794
0.415392
0.0223702
0.0213826
0.0652036
0.0228741
0.0207234
0.0242496
0.0437657
0.0211745
0.343104
0.0224896
0.0868331
0.0212984
0.021502
0.0203042
0.0216081
0.0214573
0.0207166
0.0728755
0.0207253
0.0213007
0.0220948
0.0333376
0.021342
0.0214022
0.0304995
0.0305341
0.0229783
0.0214082
0.432904
0.0225717
0.0213482
0.830634
0.0215902
0.021246
0.0302201
0.021716
0.399299
0.0209927
0.0216893
0.0656306
0.0220677
0.0212642
0.0234542
0.0218549
0.0210072
0.0212577
0.369283
0.0211823
0.0217819
0.020712
0.808523
0.0229668
0.0206144
0.0209489
0.0331032
0.0238426
0.0207004
0.0210145
0.021319
0.0209826
0.0207498
0.383197
0.0212536
0.0206882
0.238309
0.154512
0.0208542
0.0231617
0.0213929
0.138445
2.66002
3.03953
0.0207379
0.0214165
0.0212995
0.0211301
0.811353
0.0226122
0.0209567
0.0214486
0.0305156
0.0216848
0.0219654
0.390305
0.0274284
0.0213663
0.0212891
0.0211479
0.0213968
0.0206039
0.0224592
0.110261
0.0207089
0.36546
0.0198738
0.0225004
0.0214863
0.0212981
0.0224772
0.189364
0.0210711
0.0223996
0.0196563
0.021489
1.18633
0.306147
0.0319084
0.0212416
0.334523
0.484716
0.0217693
0.308964
0.0208814
0.201031
0.0233475
0.0235542
0.021905
0.0209272
0.0259095
0.0195813
0.0237494
0.0365547
0.0785409
0.0212786
0.402211
0.0212697
0.203434
0.0242987
0.0205838
0.795411
0.223358
0.756313
0.423374
0.0328849
0.0212591
0.125535
0.0214311
0.0218272
0.0213342
0.0226293
0.0215138
0.0392419
0.0198969
0.022627
0.0212308
0.0217615
0.396147
0.0218328
0.0226687
0.030516
0.0212406
0.168827
0.294808
0.021544
0.0226819
0.0356888
0.0228117
0.022678
0.0941205
0.0218471
0.0227801
0.122143
0.0274305
0.0222757
0.807267
0.021213
2.68759
0.0219213
0.103044
0.298346
0.0211972
0.379656
0.021204
0.0219313
0.0214448
0.019585
0.0281632
0.0212861
0.021914
0.0205048
0.0199919
0.0198972
0.377059
0.250417
0.0228487
0.0218838
0.0211749
0.0220062
0.0197274
0.895153
0.0212977
3.59364
0.161916
0.0217616
0.0213328
0.0221806
0.230926
0.0217753
0.0221808
0.0214409
0.0213391
0.0232819
0.0513334
0.0207505
0.0230472
0.0224242
0.0214107
0.0212538
0.548399
0.0379013
0.277149
0.0215366
0.330695
0.0247111
0.0217538
0.557451
0.0223935
0.0712771
0.109666
0.108423
0.022022
0.0417183
0.021598
0.0213869
0.0212175
0.0216766
0.0212899
0.0213014
0.0216538
0.201165
2.75767
0.221371
0.0229943
0.0215576
0.0225058
0.0212961
0.0216096
0.0225504
0.0206292
0.0221454
0.0221923
0.0206462
0.508949
0.0214163
0.0368448
0.0219085
0.0216546
0.0228987
0.0205446
0.157226
0.290644
0.0219087
0.241184
0.0201349
0.282202
0.0215506
0.0226837
0.0216877
0.0212764
0.0281387
0.0220434
0.662129
0.0218044
0.0212811
0.351002
0.0213441
0.0245763
0.249453
0.33856
0.0221712
0.026351
0.0206227
0.102748
0.783273
0.0213924
0.0435929
0.0213965
0.0218568
0.280135
0.021225
0.119772
0.0224591
0.313175
0.0214971
0.307851
0.0196054
0.0221713
0.385966
0.0221458
0.537761
0.0291975
0.0374771
0.0239279
0.205147
0.0406963
0.019871
0.0214697
0.0215915
0.0212212
0.0214535
0.0203805
0.186042
0.0209575
0.0209913
0.920332
0.0218044
0.0209248
0.712582
0.0202529
0.0221416
0.0209288
0.0218681
0.358029
0.0225227
0.0224384
2.82007
0.531836
0.0198102
0.0216856
0.0210059
0.038491
0.022136
0.546671
0.0219145
0.0223779
0.021839
0.285159
0.0233032
0.021297
0.0281732
0.0233954
0.171919
0.0216666
0.0221495
0.0216305
0.0265575
0.12731
0.0388955
0.0226244
0.036794
0.0209969
0.0204634
0.0217255
0.0213442
0.0204772
0.0229005
0.0233015
0.0133085
0.13911
0.021542
0.203112
0.0337173
0.0215152
0.0212906
0.0223342
0.0380199
0.0292165
0.0315409
0.326408
0.0463153
0.0246474
0.200574
0.0216119
0.0223892
0.0225214
0.0216455
0.376003
0.0222877
0.145888
0.0319518
0.0232399
0.495987
0.0478486
0.0225593
1.10434
0.0216019
0.0214581
0.0213845
0.0193602
0.0214214
0.0216135
0.0212218
0.023044
0.0215363
0.0524005
0.0205866
0.210311
0.0296954
0.910519
0.0228682
0.818445
0.0219327
0.407165
0.0213913
0.0216633
2.8132
0.0223841
0.0200016
0.893714
0.0227824
0.0407199
0.0218211
0.0217569
0.150154
3.34092
0.0213691
0.899698
0.0196418
0.0227617
0.0218256
0.891513
0.44087
0.0218938
0.0216848
0.0227405
0.270238
0.0213445
0.0225216
0.0231605
0.03919
0.0212531
0.021272
0.0217102
0.267599
0.0214056
0.0212853
0.0198083
0.0213889
0.0212671
0.874301
0.0218345
0.0266868
0.0210246
0.0453094
0.243198
0.0221843
0.546598
0.0211144
0.0213552
0.0209005
0.0213578
0.022948
0.0223925
0.0218081
0.130593
0.0508258
0.0211901
0.21383
0.0208791
0.0757123
0.0264639
0.0222628
2.40542
0.0216532
0.0215964
0.0221166
0.0203813
0.0397261
2.99765
0.02304
0.138119
1.04019
0.109752
0.0213445
0.0219043
0.0259434
0.810866
0.256583
0.0219963
0.0230433
0.0226625
0.0221881
0.0518543
0.0318938
0.0196859
0.0218345
0.0218773
0.0213393
0.0333326
2.1967
0.0221837
0.0214053
0.0210278
0.0213129
0.266452
0.883678
0.0205712
0.043073
0.192741
0.0202839
0.0217591
0.0232868
0.0215323
0.0236459
0.0213794
0.0424742
0.0835484
0.0229128
0.0217273
0.0225842
0.398175
0.0229734
0.0219309
0.569182
0.174206
0.279529
0.0217474
0.0204769
0.306777
0.0210983
0.0208243
0.147139
3.55597
0.0220417
0.0229462
0.0213812
0.0215022
0.224279
0.0204431
0.0235164
0.0204235
0.0211694
1.07832
0.0222958
1.76386
0.378155
0.0213293
0.0617479
0.0232526
0.267261
0.0216897
0.0223798
0.0217096
0.0202751
0.0212814
0.351597
0.0728981
0.215105
0.0227387
0.0214822
0.0230025
0.021326
0.322836
0.289412
0.0216783
0.217289
0.527375
0.214595
0.108614
0.0226187
0.0219534
0.0212483
0.100035
0.0461744
1.07852
0.879163
0.0213498
0.203046
0.512453
0.0210034
0.021158
0.021007
0.0213967
0.233904
0.467693
0.021033
0.0211961
0.341251
0.021265
0.235323
0.0214536
0.0220871
0.0202849
0.0198146
0.257452
0.0196746
0.0224116
2.89075
0.0213108
0.205535
0.0204575
0.0213708
0.0215695
1.79412
0.0236291
0.0208828
0.0107796
0.0229889
0.0203516
0.479734
0.021006
2.95752
0.0229608
0.163426
0.0318322
0.102377
0.207328
0.0209452
0.0247451
0.299797
0.0224351
0.0226081
0.134025
0.23563
0.308748
0.0208088
0.595235
0.0621597
0.020951
0.0370414
0.0214172
0.0243945
0.0209206
0.330068
0.0421208
0.407596
0.00515304
0.0220282
0.764525
0.259522
0.0221737
0.0199677
0.038152
0.022988
0.214533
0.0223789
0.916217
0.0679142
0.0211873
0.0223059
0.0312809
0.021756
0.033051
0.0236754
0.0218267
2.27731
0.0218241
0.0227176
0.0282109
0.0212362
0.263361
0.0243089
0.367684
0.0214012
0.253248
0.0208911
0.021747
0.0251613
0.0213127
0.0213588
0.0936681
0.0296068
0.0340906
0.0221825
0.021002
0.021381
0.0210593
0.0215899
0.0227279
0.0213812
0.46912
0.031453
0.0224571
0.0202272
2.95725
0.0220702
0.0206344
0.0207978
0.0931008
0.023299
0.0362669
0.0225282
0.0214727
0.0213124
0.232615
0.0214666
0.0269408
0.0219858
0.0201456
0.0231182
0.10862
0.0242687
0.0215112
1.01856
0.0227655
0.0212985
0.0215481
0.0214372
0.327427
0.16654
0.030208
0.0225861
0.0207799
0.333662
0.0817321
0.0227405
0.342761
0.0212203
0.330232
0.449478
0.0203411
0.0218242
0.0208093
0.0211651
0.0210029
0.948206
0.0220303
0.0215844
0.021738
0.0209476
0.0215753
0.122025
0.0218891
1.07907
0.845765
2.42539
0.022581
0.0209103
0.0210813
0.0213483
0.0706622
0.0391056
0.021895
0.0218863
0.0216301
0.0216941
0.0215335
0.0261817
0.0213241
1.12075
0.0211905
0.0272739
0.0215388
0.0219473
0.0223817
0.0233424
0.0213433
0.100908
0.263596
0.0213436
0.0223542
0.021349
0.020921
0.358516
0.02145
0.0210345
2.2882
0.428359
2.60482
0.0215843
3.59927
0.0213822
0.0213727
0.0222936
0.145227
0.2901
0.0221536
0.374777
0.0221228
0.0224035
0.0450807
2.46465
0.0215409
0.0219521
0.159129
0.0212688
0.0218201
0.333952
2.96377
0.134767
0.0216947
0.0212259
0.0212129
0.559638
0.0698452
0.0214177
0.0220651
0.0226718
0.0214776
0.0215739
0.0215327
0.0229524
0.131066
0.137763
0.0213131
2.78317
0.0209562
0.339173
0.023973
0.0213233
0.0355074
3.1723
0.51707
0.0216104
0.0221439
0.0264421
0.0212589
0.0228865
0.0209482
0.910584
0.0385949
0.0223899
0.408629
0.0227531
0.0214032
0.646343
0.021657
0.189211
0.0214716
0.0217877
0.568196
0.0319254
0.0250821
0.0217296
0.0231603
0.315532
0.31501
0.0216004
2.56787
0.0350472
0.0225798
2.7972
0.0216871
0.0239396
0.0214102
0.0246032
0.0304661
0.0213105
0.0217713
0.0213862
)
;

boundaryField
{
    frontback
    {
        type            empty;
    }
    topbottom
    {
        type            fixedValue;
        value           uniform 0.0223;
    }
    outlet
    {
        type            zeroGradient;
    }
    inlet
    {
        type            fixedValue;
        value           nonuniform List<scalar> 0();
    }
    walls
    {
        blending        binomial2;
        n               2;
        beta1           0.075;
        type            omegaWallFunction;
        value           nonuniform List<scalar> 0();
    }
    procBoundary3to1
    {
        type            processor;
        value           nonuniform List<scalar> 
147
(
2.32801
0.443016
0.822556
1.05834
0.421496
2.13807
2.13636
0.952005
0.304576
2.13903
0.459738
2.08819
0.315156
0.302322
0.305547
1.17714
0.105246
0.571251
0.296911
0.135116
0.736835
2.12833
1.76222
0.504099
0.200005
0.15114
1.18412
0.739641
0.699715
0.248258
2.18584
2.18584
0.266744
2.16445
0.413021
0.262733
0.319971
0.154748
1.23618
0.349966
0.268712
0.239654
0.269587
1.39287
0.56811
0.615881
0.239654
0.61205
0.247552
0.309106
0.257338
0.318157
0.317083
0.348302
0.343667
0.273721
0.270312
0.204554
0.25718
0.299089
0.260545
0.256417
0.180114
0.223807
0.331214
0.348514
0.299162
0.317256
0.269329
0.261662
0.184248
0.222481
0.383097
0.249165
0.344561
0.191131
0.26602
0.348707
0.303671
0.350919
0.413085
0.404515
0.490061
0.336189
0.376737
0.410045
0.413111
0.492718
0.168806
0.176309
0.484863
0.459738
0.376737
0.492855
0.192053
0.299585
0.45996
0.575551
0.242862
0.379665
0.174552
0.4723
0.408092
0.438508
0.606084
0.588285
0.603821
0.340527
0.59322
0.603821
0.528179
0.268347
0.350337
0.851427
0.82955
0.096452
0.119166
2.40327
0.096101
0.119166
0.861212
0.225165
0.262886
0.876025
0.65496
0.127076
1.28439
0.309325
0.185644
0.274777
2.40327
2.518
2.47271
0.483341
1.087
2.51428
2.16834
2.177
0.252999
0.222351
0.579903
0.25628
0.222351
0.213416
0.191843
2.07145
0.331214
)
;
    }
    procBoundary3to2
    {
        type            processor;
        value           nonuniform List<scalar> 
73
(
0.0225371
0.0224291
0.0214622
0.0214399
0.0408598
0.0378224
0.0238589
0.0759997
0.0554468
0.144501
0.0222497
0.0221211
0.457564
0.0217991
0.0222497
0.0329538
0.0351564
0.0378224
0.0215398
0.0259061
0.026824
0.0214099
0.0220774
0.0219905
0.0236082
0.126804
0.110079
0.0218867
0.0214494
0.0233952
0.0628675
0.0280271
0.021433
0.0217293
0.0215189
0.0351564
0.025154
0.0230544
0.0221211
0.0216703
2.15715
2.15715
0.0310156
0.0214136
0.021495
0.0214075
0.0499923
0.0214253
0.0215853
0.0901971
0.457564
0.0216216
0.0470369
0.0214105
3.82821
3.72926
0.0227411
0.0244796
3.72926
3.82821
0.0214753
0.0214188
0.070432
0.0425688
0.0294265
3.45335
3.21618
0.0901971
0.0214441
0.0214954
2.49402
2.81659
0.0215538
)
;
    }
}


// ************************************************************************* //
