/*--------------------------------*- C++ -*----------------------------------*\
| =========                 |                                                 |
| \\      /  F ield         | OpenFOAM: The Open Source CFD Toolbox           |
|  \\    /   O peration     | Version:  v2012                                 |
|   \\  /    A nd           | Website:  www.openfoam.com                      |
|    \\/     M anipulation  |                                                 |
\*---------------------------------------------------------------------------*/
FoamFile
{
    version     2.0;
    format      ascii;
    class       volScalarField;
    location    "950";
    object      omega;
}
// * * * * * * * * * * * * * * * * * * * * * * * * * * * * * * * * * * * * * //

dimensions      [0 0 -1 0 0 0 0];


internalField   nonuniform List<scalar> 
10042
(
0.0330742
0.910977
0.0748791
0.0211152
0.0210239
0.444766
0.155231
0.33015
0.0200831
0.047502
0.263642
0.903815
0.0339276
0.0207029
0.0215274
0.0206948
0.527221
0.224923
0.0233588
0.0242517
0.0337955
0.0302545
0.0211003
0.369526
0.0209602
0.0214728
0.0442749
0.0200183
0.470795
0.405443
0.0222609
0.0388357
0.0200608
0.0200567
0.325039
0.328469
0.0219222
0.020241
0.0216119
0.0204303
0.382845
0.0200788
0.471868
0.698957
0.0210413
0.0209549
0.0198398
0.0215053
0.0571613
2.57843
0.78816
0.0209676
0.506419
0.0231362
0.905476
0.935473
0.0324554
0.02773
0.0215016
0.0195515
0.0570564
0.269906
0.136187
0.342692
0.0375076
0.0211854
0.0236205
0.0686671
0.0198132
0.0576588
2.22508
0.0219098
0.0203737
0.0214827
0.0211486
2.01525
0.0386313
0.0198356
0.0419843
0.0234034
0.631821
0.372161
0.0234918
0.0208728
0.0331301
0.0881976
0.0232289
0.0598377
0.0208259
0.0313709
0.0275244
0.0215414
0.124041
0.0903866
0.0265217
0.0212161
2.66858
0.0237466
0.332415
0.0214736
0.0271099
0.065675
0.0214932
0.0335813
0.0243246
0.0213902
1.78934
0.0211119
0.143622
0.0214155
0.0214413
0.123929
0.0619954
0.334453
0.0348736
0.0198012
0.0317673
0.0221266
0.0334303
0.0197759
0.0195509
0.927635
0.92271
0.0210489
0.0335642
0.0208692
0.0208888
0.854422
0.214626
0.0301518
0.0202021
0.0210156
0.0210007
0.0210763
0.120502
1.57798
0.023542
1.80766
0.0222827
0.390146
0.0717893
0.020387
1.81373
0.0200239
0.0253959
0.0202426
0.0317807
0.0197991
0.021734
0.52706
0.0210628
0.0209233
0.0225747
0.038333
0.0288921
0.025663
0.16874
0.62613
0.0210159
0.0218327
0.022019
0.0206373
1.14258
0.0208445
0.0219973
0.44459
0.0203628
0.0350517
0.324352
0.0200288
0.06466
0.424145
0.945539
0.0200412
0.0231069
0.933342
0.021003
0.0202276
0.0209872
0.0198143
0.022202
0.0243907
0.021492
0.0197681
0.261389
0.0275663
0.0219663
0.0195938
2.54346
0.0211933
0.885398
0.0323823
0.0202168
0.0241716
0.895495
0.0215377
3.36574
0.178021
2.41094
0.0208878
1.50882
0.0865721
0.0351038
0.0202025
0.369755
0.020956
0.412402
0.0379411
0.0214201
0.0210968
0.0370932
0.0201126
0.211671
0.048783
0.022001
0.0545183
0.0201495
0.680086
0.0212886
1.1941
2.98214
0.0616671
2.81126
0.0511558
0.0211098
0.0878086
0.0215082
0.0232203
0.0374391
0.0215242
0.0202285
0.020919
0.027689
0.022714
0.0209971
0.327508
0.022805
2.5475
0.0246712
0.367366
0.243039
0.464203
0.0195409
0.0211407
1.17984
0.0210937
0.449366
0.0243073
0.0226532
0.0214161
0.0239815
0.0202195
0.505964
0.996629
0.021663
0.0226174
0.0215041
0.0216876
2.92978
0.0210849
0.0335197
0.0202956
0.0209547
0.0198532
0.0349979
1.08082
0.0319721
0.515091
0.0228985
0.0209282
0.0213358
2.47121
0.0206617
2.72271
0.0216204
0.0310659
0.0220333
0.021001
0.022975
0.954699
0.0200168
0.478561
3.42044
0.0219689
0.0232399
2.38049
0.0234792
0.0198852
0.0643918
0.0212046
0.0311716
0.0263785
0.0235331
0.502124
0.0374354
0.0206579
0.966164
0.0231377
0.0213462
0.0201968
0.0224723
0.0266757
0.0195939
0.329934
0.027744
0.288452
0.0207165
0.0213034
0.941879
0.497514
0.0224768
0.0210284
0.0212121
0.0206595
0.0262821
0.0812146
0.0198578
0.250662
0.366615
0.0197881
0.0218978
2.67453
0.030313
0.308142
0.259045
0.0223118
0.0263248
0.0209651
0.0228783
0.030079
0.0209456
0.021303
0.0333858
0.0211539
0.394992
0.0842014
1.88397
0.277969
0.0202333
0.384914
0.0709673
0.0343746
0.0195445
0.0241637
0.0224281
0.020213
0.0206219
0.0211709
0.0229536
2.40146
0.0217007
0.029753
0.0228579
0.0202356
0.549136
0.029008
0.0215289
0.0234192
3.06712
0.0224649
0.0213675
0.0220416
0.0219736
0.380933
0.362732
0.0220722
0.0209772
0.0222226
0.0223039
0.61975
0.019565
0.0237014
0.0206862
0.0213854
0.0776242
0.0208106
0.0332264
0.0499497
1.29398
0.075345
0.0213121
0.0914919
0.0370756
0.0209463
0.0462421
0.0197884
0.0213279
0.0197703
0.0210436
0.0198859
0.0216074
2.18244
0.0216852
0.0365014
0.361073
0.884068
0.0211721
0.326434
0.021975
0.0392798
0.0209809
2.50779
0.0205295
0.774232
3.15717
0.0202545
0.0657588
0.0205352
0.137048
0.0215482
0.570393
0.0267369
0.481089
0.0216477
0.352253
0.0216285
0.027417
0.684585
0.0198981
0.0215142
0.0209155
0.369965
0.0202142
0.0197532
0.0771454
0.0223671
0.036774
0.56574
0.0210693
0.0344607
0.0223385
0.0198339
0.0267944
0.327566
0.0204475
0.0218948
1.09684
0.0329659
0.0218569
1.45616
0.0200452
0.0257487
0.0289893
2.64891
2.34354
0.2934
0.35365
0.549888
0.337328
0.0197382
0.027625
0.912994
0.911279
0.0443663
0.0210995
0.0206418
0.0340041
2.07064
0.0197697
0.0197566
0.0225237
0.0211433
0.0206469
0.0207214
0.0210128
0.0235699
0.0658408
0.0219697
0.02571
0.0556866
0.382426
0.0200465
2.30437
1.16805
0.366705
0.0210162
0.0252849
0.0216937
0.814786
0.0213336
0.133005
0.021633
0.303581
0.0205126
0.024011
0.0197502
0.0263611
0.586902
0.0215975
0.0207692
0.0210567
0.739226
0.0202844
0.0439637
0.0483741
0.0653367
0.0201755
0.0492816
0.51148
0.29335
0.0213787
0.0224458
0.47748
0.767841
0.0405127
0.421284
0.0213427
0.199759
0.0300893
0.0277676
0.0234526
0.428059
0.0201606
0.0210837
0.0214653
0.511616
0.0210622
0.113786
0.0211447
0.0213668
0.0200804
0.027092
0.440553
0.021502
0.0218683
0.501387
0.146319
0.0347012
0.0214863
0.0210729
0.218126
0.310343
0.0213312
0.0199377
0.0397622
0.0212284
0.021262
0.540511
0.0202007
1.12683
0.0209633
0.0403264
0.0218319
2.65188
0.0210735
0.0258879
0.0213927
0.020339
0.481118
0.0195381
0.449343
0.0405097
0.0200971
0.0230695
1.97213
0.462534
0.02674
0.0211124
0.0199331
0.019788
0.02016
0.0240178
0.0214341
0.855919
0.021215
0.0199004
0.325744
0.0243626
0.0246935
0.0221977
0.0207635
0.277584
0.381923
0.021613
0.439091
0.0213392
0.0265941
0.0200048
0.0200971
0.021074
0.0210281
0.021365
0.0212085
2.4214
0.0215865
0.0651851
0.0209704
0.0211336
0.0198682
0.0396995
0.535297
0.0201104
0.0209918
0.248773
0.061691
0.0198876
1.26263
0.0209963
0.0330717
0.0202558
0.0219879
0.0203269
3.12912
0.0198756
0.0207994
0.0208545
1.23984
0.021801
0.0210595
0.0212027
0.35946
0.0211669
0.0210523
0.0203352
0.0210613
0.0237338
0.021015
0.0209833
0.0200141
3.10722
0.697139
0.585367
0.0215349
0.0237138
0.0212463
0.583518
0.0219612
0.366635
0.458898
0.527462
0.0322065
0.435433
0.0213411
0.0213133
0.512681
0.249328
0.0249886
0.0694152
0.0215052
0.398762
0.0207862
0.0213797
0.0200504
0.0202757
0.021994
0.513488
0.0219501
0.0214004
2.35234
0.0211744
0.463802
0.0201864
0.0219166
0.0237232
0.0212076
0.37966
0.0209505
0.0210042
0.0639048
0.0213781
0.01973
0.0223816
0.020818
0.0207654
0.541444
0.739038
0.769373
0.0214922
0.0208107
0.0208242
0.396457
0.0220288
0.0211229
0.0203157
0.020616
0.42333
2.51479
0.0263263
0.0215739
0.0232267
3.35637
0.0263819
0.0238804
0.0356497
0.2922
0.462051
0.408277
0.0207743
0.0211476
0.020975
0.345875
0.0207628
0.0243269
0.0210032
0.0195445
0.0232462
0.0212322
2.9604
3.2649
0.0198677
0.0210274
0.0197383
0.285705
0.020263
0.565772
0.0219363
2.56018
0.0208111
0.020593
0.0201151
0.021071
0.0212882
0.0196138
0.021344
0.0216552
0.0403205
0.0236882
0.574412
0.0213552
0.107114
0.297558
0.022297
0.445225
0.0209348
0.0208483
0.0207092
0.0212724
0.450424
0.0210017
0.0214818
0.020087
1.04145
0.0205595
0.350435
0.0370061
0.0208233
0.0692283
0.339967
0.0201193
0.0203872
0.0672843
0.0237095
0.190138
0.0304451
0.0418708
0.0321107
0.0214747
0.0213978
0.0211791
0.0269229
0.0213678
0.206787
0.11372
0.0195416
0.0202351
0.0218468
0.0289074
0.0237303
0.553204
0.0215771
0.0213482
0.417725
0.0208133
0.0633364
0.0288421
0.0233548
0.351471
0.0212738
0.0208054
0.0213212
0.034485
0.0207512
0.673709
0.0216188
0.0339982
0.0245593
0.914156
0.0212293
0.0266857
0.0215126
0.0216977
0.0354986
0.020039
0.0315722
0.020811
0.0216305
0.0206348
0.0212723
0.0224181
0.0416949
0.0220347
0.0214929
0.293502
0.0200511
0.0208236
0.0209846
0.0197529
0.0273696
0.0207962
0.0218804
0.0221236
0.291901
0.0212755
0.02717
0.0676591
0.0206008
0.0208913
0.0197364
0.43624
0.304533
0.0240151
0.0208288
0.0433744
0.194348
2.20831
0.0214719
0.469467
0.204725
0.585295
0.0213106
0.0196395
0.0203513
0.499615
0.166624
0.0216026
2.27066
0.0697381
0.3472
0.455197
0.0209005
0.0316347
0.321541
0.0422211
1.15522
0.0268909
2.35311
0.0217864
0.391964
0.0213643
0.0223075
0.0221689
0.0270134
0.0196118
0.0214052
0.0210139
1.24822
0.0209491
0.019551
0.309312
0.0213252
0.0265168
0.0215881
0.17186
0.020751
0.0219518
0.0213207
0.021001
0.0211727
0.0250104
0.0207732
1.11551
0.0603339
0.0563924
0.0209685
0.798168
0.0207311
0.0628173
0.278326
0.0236565
0.0211875
0.0198012
0.0209889
0.0219887
0.672823
0.0383419
0.0208304
0.935043
0.020741
0.0214291
0.383144
0.019771
0.0215265
0.950633
0.0208576
0.800947
0.0222921
0.0523236
0.0266376
0.0358957
0.0235636
0.0212238
3.51028
3.55533
0.0209787
0.0296058
2.92097
1.54779
0.113096
0.0219187
0.0204644
0.0219932
0.0213833
0.0209254
0.400794
0.0236995
0.0197842
0.0326264
0.368733
0.303116
0.0198021
0.019739
0.0215444
0.0215296
0.509762
0.552986
0.0201498
0.0246947
0.162841
0.0212075
0.0224369
2.13674
0.0223138
0.353711
0.0205985
0.0211853
0.0214908
0.0206909
0.168456
0.0382851
0.0211245
0.411024
0.870785
0.880812
0.0236561
0.02217
2.19184
0.0355987
0.459791
0.0299849
0.0213005
0.0209449
0.893575
0.326225
0.0215219
0.0243859
0.0391888
0.0208497
0.0456513
0.0215391
0.02086
0.0216892
0.0338529
0.0207902
0.0210135
2.77299
0.020641
0.020451
0.036631
0.0252553
0.39662
0.0221791
0.0214672
0.866745
0.0428247
0.0224424
0.0334199
0.408124
0.0209204
0.0200723
0.0251671
0.365357
0.0207987
0.0212158
0.0209306
0.0199957
0.0206295
0.937629
0.0212159
0.51893
0.0213649
0.0329832
0.020079
0.0216059
0.0288489
0.470842
0.125948
0.0212006
0.0221049
0.25512
0.0677113
0.0224709
0.0219106
0.410677
0.0209339
0.0223118
0.0371596
0.0202869
0.0225756
0.020985
0.0357069
1.89835
0.519644
0.0202411
0.0217648
0.0256879
0.0292557
0.0206112
0.0204023
0.0413378
0.0196258
0.0205723
0.382369
0.0212103
1.2806
0.0201746
0.0204202
0.0200392
0.0299105
0.0213383
0.0206304
0.618876
0.0205865
0.0213623
1.16823
0.0209046
0.0332494
0.0224882
0.819428
0.38313
0.0222807
0.394472
0.0243846
0.0213448
3.11344
0.0218491
0.020828
0.0198291
0.0209433
0.0237151
0.890736
0.0337242
0.349721
0.460236
0.309351
0.0673661
0.373133
0.0234006
0.362196
0.0200175
0.0270436
0.0214752
0.0214651
0.0216349
1.22001
0.352658
0.0211935
0.571745
0.0204269
0.104913
0.0211047
0.023132
0.0214489
0.0276238
0.571192
0.0211243
0.0199009
2.46388
0.0922775
0.0231096
0.0220656
0.550017
0.0213056
0.366607
0.397845
0.0207508
0.0205464
0.0208262
0.0242166
0.0207137
0.0219197
0.0219742
0.0203779
0.0213335
0.0214197
0.0203062
0.366979
0.379696
0.0198768
0.120789
0.022556
0.0396267
0.0397171
0.187518
0.0207393
0.045678
0.0435344
0.0201004
0.0436956
0.541693
0.0215676
0.0205595
0.0217846
0.371529
0.45208
0.0201348
0.447343
0.0213516
0.0214528
2.34111
0.0206138
0.0202142
0.0204365
0.0202661
0.0209347
0.275989
0.0238287
0.02048
0.0213112
0.020507
0.0210613
0.342621
0.0198682
0.0276604
0.534439
0.470186
0.0205599
0.486952
0.0202993
0.231528
0.0216431
0.0428904
0.0200133
0.582478
2.3507
2.01176
0.0213388
0.0270351
0.310856
0.39392
0.0213168
0.310225
0.0208312
0.41581
0.363826
0.0244198
2.90757
0.334615
0.395411
2.35551
0.114738
0.353431
0.020525
0.0220311
0.309615
0.0736963
0.0212963
0.351316
0.0218943
0.0207506
0.0202329
0.0240779
0.0738748
0.0295028
0.647897
0.0281697
0.404853
0.0220671
0.0209707
0.0205897
0.40179
0.333646
0.0277872
0.341668
0.0215315
0.0217113
0.0316754
0.409664
0.0401376
0.0207342
0.693735
0.94168
0.0217009
0.0403809
0.0200989
0.032581
0.0289728
0.0205853
0.372072
0.260835
0.0212412
0.0220131
0.0208999
0.435456
0.0222805
2.06018
0.245779
0.0209083
0.0205366
0.0199797
0.0332436
0.0203191
0.0227314
0.0220444
0.023795
0.382712
0.0217192
0.0270484
0.34737
0.0217415
0.0308708
0.0219821
0.0213516
2.0538
0.352201
0.0215816
2.951
0.0210254
0.32686
0.0206583
0.0202807
0.0255302
0.0224713
0.0359386
0.364961
0.0214357
0.0220583
0.147649
0.0291451
0.0230994
0.354392
0.136162
0.312675
0.0209083
0.0198454
0.135821
0.0203768
1.01673
0.301731
0.0560711
0.310871
0.0215971
0.0202691
1.69196
0.306658
0.0208165
2.31383
0.0235829
0.0210164
0.0717609
0.0220303
0.0213362
0.0429796
0.0233707
0.0202177
0.0229238
0.020979
0.022377
0.398513
0.029957
0.420874
0.0212501
0.0264596
0.0208322
0.0212496
0.323647
0.0214444
0.379068
0.307807
0.0218628
0.387831
0.0321052
0.291915
0.0197533
0.371344
0.0938307
0.0949723
0.022884
0.0217345
0.0206257
0.222533
0.0230173
0.37992
0.033737
0.0202378
0.299429
0.0197159
2.49378
0.0209759
0.666598
0.0209411
0.0204969
0.0200853
0.370916
0.0207856
0.0201068
0.0200272
0.0208109
0.0213426
0.0406575
0.320098
0.0200673
0.0251805
0.0215582
0.0209594
0.0206967
0.351071
2.37981
0.0247079
0.021248
0.0207048
0.0200413
0.0237775
0.0243807
0.0200616
0.422796
0.770939
0.338597
0.0200322
0.0208039
0.0213098
0.0227095
0.0205373
0.0217911
0.0213145
0.020721
0.0257052
0.021798
0.022711
1.30192
3.26291
0.0203397
0.0209493
0.0208289
2.36939
0.0207546
0.0279263
0.0238208
0.0203975
0.021213
0.021027
0.929442
0.0211696
0.357319
0.294423
0.0488777
0.0212375
0.0247674
0.309203
0.0233146
0.0354166
0.0224994
0.0352754
0.0203481
0.0251261
0.151088
0.326788
0.020535
0.0214315
0.843628
0.0240263
0.0455198
0.0238191
0.291984
0.0212229
0.0247949
0.227406
0.33389
0.0607995
0.0201137
0.0207624
0.0202387
0.0215078
0.113418
0.271334
0.204503
0.0205338
2.44237
0.0224831
0.544229
0.406864
0.0209874
1.33213
0.215534
0.0206311
0.0493873
0.0314899
0.0213869
0.413923
0.0207987
2.50572
0.0211734
1.74709
1.56126
0.0432854
0.0212295
0.0249922
0.0217612
0.0208192
0.020171
0.020061
0.232026
0.0217922
0.0353449
0.388554
3.42983
0.0350463
0.0222656
0.0202073
2.07524
0.0197045
0.408077
2.92799
3.31003
2.37861
0.304124
0.386401
0.0200229
0.0213467
0.020098
0.0628349
0.02197
0.925087
0.0240331
2.58661
0.0259508
0.0201271
0.0200096
0.0214608
0.0200274
0.299138
0.733541
2.52315
0.0205499
0.0237647
0.0232932
0.0219582
0.0884046
0.0214049
0.271047
0.431975
0.0217009
0.0204034
0.404023
0.0259181
0.0451765
0.485886
0.0214537
0.294735
0.022122
2.59097
0.0209412
0.0417399
0.0208148
0.164045
0.0272569
1.31797
0.353766
2.32068
0.108669
0.0456566
0.0202907
0.0204345
0.447093
0.319395
0.093081
0.0261866
3.30866
0.311715
0.377399
0.0376632
0.899599
0.0232782
0.0329432
0.409177
0.0214706
0.0229467
0.0236012
0.0197482
0.0204111
0.020896
0.0211236
2.42225
0.021846
0.32035
0.0877722
0.249402
0.307058
0.4235
0.0199811
0.0216726
0.403247
0.0355455
0.0262055
0.425114
2.04339
0.432335
0.0207535
0.0312506
0.0233482
0.0813517
0.053872
0.377022
0.328489
0.0527405
0.0213294
0.0220576
0.12161
0.0279915
0.0474462
0.394292
0.0209436
0.0238485
0.0225619
0.9421
0.0228872
0.0202758
0.0208791
0.0224332
1.08661
0.298116
0.0216159
0.067727
0.374468
0.0216749
0.226471
0.0238457
0.0301955
0.0237911
0.0315756
0.60823
0.0210748
0.0205731
0.0216095
0.109812
0.0886132
0.0330736
0.0219307
0.0224589
0.0215724
0.979316
0.0331363
0.0228696
0.0215357
0.085332
0.0225018
0.346157
0.0222391
0.028863
0.0209553
1.14295
0.0929091
0.0486636
2.15873
0.0201837
0.0236139
0.272106
0.0224835
0.290804
1.22792
0.0214975
0.0224375
2.36974
0.0212937
1.1365
0.0214869
1.32088
0.375598
0.246867
0.0226084
0.0209566
0.0211318
0.0212339
0.0238704
0.0197887
0.0214084
0.0209434
0.020617
0.0229817
0.0220096
0.0210826
0.0219348
2.45062
0.0214644
2.01805
0.0218039
0.021467
0.665907
0.0210633
1.79878
0.391033
0.0213005
0.0218147
0.0375515
0.279804
0.0236538
2.31667
0.0281103
0.0215885
0.983894
0.0205176
2.91342
0.0214622
0.0294606
0.0198148
1.31969
2.18766
0.404648
0.0216658
0.0229097
0.0207519
0.022869
0.370343
0.0207687
0.0213033
0.0423224
0.0237792
0.81331
0.2924
0.021839
0.0372532
0.0214149
0.0262381
0.0220891
0.0213206
0.0218534
2.45223
2.05895
0.0349349
0.0227151
0.0218193
0.0223059
0.0814575
1.79937
0.0520447
0.8195
0.283281
0.0224444
0.0231116
0.0888635
0.0207391
0.0230323
0.0223784
0.0223155
0.305501
0.0224289
0.427246
0.0200716
0.021724
0.0869203
0.0225695
0.0231794
0.0222997
0.0253252
0.394688
0.021636
0.0204524
0.0213729
2.41514
0.361119
0.0235761
0.0214647
0.0206763
0.0217308
0.0210837
0.0470239
0.0208864
0.0201692
0.021462
0.0223976
0.0289765
0.0213603
2.18864
0.0217613
0.021844
0.207601
0.0227684
0.0235449
0.0280675
0.0216439
0.941421
0.0207417
0.0206827
0.0218699
0.0225727
0.0203985
0.292532
0.0218418
0.0209694
0.676998
0.336055
1.37023
0.315358
0.418661
0.0247542
0.0205091
0.0225422
0.300319
0.0272227
0.542306
0.021979
0.0309473
0.024305
0.0402953
0.0206569
2.53412
0.250058
0.0209351
0.0245422
0.0215737
0.0220018
0.181701
0.0423729
0.0214433
0.0207088
0.0200131
0.372688
0.0215876
0.323335
0.034303
0.0215498
0.0209248
0.0209703
1.97577
0.0590325
0.020859
0.673315
0.295484
0.021751
0.342597
0.0215128
0.0205121
0.020657
0.0214014
0.0199618
0.0211362
0.0215184
0.0221992
0.0214506
0.0787066
0.0224901
0.49331
0.0301614
0.0212121
0.138805
0.0199876
0.0201115
0.0515223
0.0209138
0.468912
0.0210228
0.0811576
3.56333
0.0206042
0.229314
0.288332
0.0213655
0.021714
0.0211103
0.203928
0.0214777
0.41209
0.422069
0.0215737
0.0265306
0.0400529
0.216367
0.0210114
0.211354
0.021559
0.161677
0.158258
0.0361634
0.415947
0.0205693
0.0967367
0.411814
0.174074
0.0214296
0.0525649
0.0223704
0.046881
0.0203838
0.0224913
1.33762
0.0259233
0.186795
0.216616
0.0237325
0.310413
0.0205238
0.028877
0.0214738
0.0253284
0.552297
0.363859
2.76488
0.0342322
0.024795
1.18686
0.0238254
0.0209594
0.0202144
0.0216738
0.0218243
0.0244325
0.0210176
1.10529
0.0255161
0.020774
0.0199387
0.0212936
0.0212475
0.100814
0.0205687
2.54574
0.0218662
1.17368
0.0210427
0.0213816
0.019647
0.0707362
0.0209421
2.88152
1.33938
0.291658
0.0241176
0.0218804
0.0213889
0.0209086
0.0207316
0.418195
0.0216073
0.0216695
0.695691
0.0213326
0.0220133
2.71442
0.169638
1.06435
0.0203247
1.27913
0.538317
0.0209923
0.0205489
0.0271611
1.18321
0.785021
0.423531
0.163575
0.0211991
0.020682
0.159955
0.0259017
0.0215975
0.0249407
0.0215355
0.0227316
0.384947
0.514915
0.0242355
0.025729
0.0229152
0.0274559
0.868527
0.0214435
0.0208933
0.0213844
0.151295
0.0208589
0.0240483
0.897558
2.74669
0.020409
0.0207502
0.0196538
0.0214202
0.0210076
0.0307014
0.0604936
0.0220073
0.423855
0.383882
0.228891
0.02381
0.021718
0.0213337
0.0211681
0.0206962
0.0199004
0.0213731
0.658825
0.802995
0.0201755
0.0205304
0.0215165
0.0213935
0.59864
0.0317543
0.900474
0.40829
0.0992385
0.0674319
0.0212768
0.0210138
0.021205
0.0213877
1.27534
0.0211836
0.0237224
0.124919
0.898558
0.35239
0.110953
1.14914
0.425355
0.0213219
0.0286201
1.16115
0.779316
0.0213019
0.0209895
0.0201239
0.0213038
0.0213367
0.614374
0.020978
0.0209183
0.625127
0.0234656
1.14786
0.0212298
0.0206062
0.0292921
0.135227
0.0278016
0.432163
0.0223418
1.00414
0.0360695
0.0209489
0.765062
0.0210548
0.0232151
0.0214417
0.0204917
3.15179
1.14835
2.40995
0.107204
0.402222
0.246137
0.60974
0.0207465
0.0214536
0.182676
0.0213062
0.0215045
0.0228257
0.0212721
1.192
0.0214676
0.817957
0.132143
0.0200127
0.941188
0.0212126
0.0211282
0.0236109
0.0235014
0.023672
0.0238825
0.0238597
0.425786
0.0214024
0.0212418
0.0200176
0.0378715
0.204096
0.0208903
0.0215609
0.0393933
1.1734
0.0210056
0.0238443
0.0238194
0.0200545
0.0212433
0.020935
1.16671
2.08699
0.0237652
0.0221933
0.0213695
0.026953
0.612113
0.0213562
0.68384
0.962947
0.0214608
0.0274512
1.35902
1.34064
0.0349799
0.020125
0.0206307
0.938409
0.0374967
1.24564
0.0251876
0.92933
0.0287964
0.891069
0.402045
2.66365
0.157245
0.884826
0.350091
1.09641
0.0217307
0.356193
0.020898
0.974289
0.0224171
0.0218949
0.023677
0.921768
0.28407
0.0220101
0.0213159
0.449669
1.15058
0.757922
0.0207306
0.0207736
0.0212198
0.0239645
0.0211901
0.0362091
0.905541
0.305015
0.0236792
0.0205134
0.101982
0.0215216
0.0213076
0.152591
0.0211563
0.0232677
0.0199213
0.496933
0.060556
0.344154
0.021026
0.443717
0.5469
0.0310992
0.395072
1.94903
0.440014
0.825527
0.0210002
0.0213795
0.0809136
0.0213463
0.0213729
0.0209882
0.0215414
0.0260347
0.0235149
0.020979
0.293665
0.0203834
0.218709
0.0216491
0.689359
1.0175
0.0244964
2.41207
0.868779
0.0287869
0.502846
1.828
0.0216229
0.0214816
0.0265023
0.0256296
0.9073
0.0209636
0.0213349
0.924676
0.0213281
0.020694
0.0214883
0.0198416
0.296413
0.021423
0.0315052
0.0214819
1.81363
0.0212231
1.23339
0.257436
0.412175
0.925116
0.0200294
0.0236196
0.0214749
0.0212023
1.24119
0.242644
0.0805867
0.281003
0.0198674
0.0219681
0.0232519
0.0213446
0.301176
0.0208952
0.0288905
1.31017
0.310416
0.0496773
0.0212217
0.0214781
0.897704
0.0243202
0.0614544
0.508753
1.02134
1.1359
0.0216515
0.0207438
0.020884
0.0214467
0.231416
0.0220458
0.101922
0.0213943
0.0214198
0.204932
0.0198833
0.0972577
0.0237386
0.0213722
0.0236911
0.964014
0.0206916
0.0214875
0.754353
0.0213135
0.0213526
0.0398986
2.47219
0.0238702
0.02556
0.0204038
1.11185
0.403901
0.0667349
0.0212742
0.0206918
0.0262313
0.02133
0.192452
0.759531
0.418669
0.938811
0.0212038
0.038393
0.020944
0.0754335
0.0213121
0.568444
0.282919
0.0212759
0.926783
0.0212932
1.92211
0.035904
0.0203865
0.0298473
0.0207227
0.0208999
0.0205065
0.0198525
0.0211968
0.941861
0.0212865
0.0205738
0.094103
0.0200847
0.0215007
0.0219932
0.0211497
0.0213163
0.667897
0.0291952
0.019865
0.0223307
0.0221532
0.0212511
0.942275
0.902419
0.0212791
0.0208998
0.0212912
0.0910849
0.0214192
0.0216505
0.022086
0.057082
0.0198717
0.0221236
0.283035
0.0213017
0.415642
0.021235
0.0213713
0.0209995
0.021131
0.0205814
0.0212276
1.00932
0.293839
0.0205915
0.0211912
0.0220812
0.287255
0.0253083
0.0473772
0.02118
0.0218024
0.035559
0.0219103
0.323424
0.0242593
0.0210422
0.0205334
2.64386
0.0218268
0.809357
0.0930735
0.0210364
0.698731
0.958269
0.297216
0.153738
0.0846516
0.0251795
0.0209706
2.84899
0.0212893
0.022604
0.0302008
0.0199378
0.0213144
1.93657
0.0207263
0.508303
1.16043
0.0217971
0.021274
0.464072
0.0212321
0.067622
0.0203729
0.299327
0.147402
0.30962
0.021249
0.0208171
0.0219026
0.852742
0.46823
0.273087
0.716915
0.0241594
0.0212318
0.111421
2.34145
0.0213862
0.0198661
0.0236369
0.0210145
2.00064
0.0918858
0.0203362
0.254428
0.0208054
0.0207073
0.020363
0.021174
0.0213274
0.223585
0.0211052
0.621384
0.0206433
0.021763
0.0214973
0.0214397
0.0211434
0.0212067
0.0269529
0.0205787
0.217422
0.407367
0.0471687
0.0238583
0.0574689
0.0273509
0.021052
0.0200677
0.0212602
0.0201186
2.22397
0.133352
0.0220902
0.0223418
0.803739
0.0218065
0.302636
0.021187
0.0210146
0.0213157
0.042705
0.0772252
1.09426
0.784099
0.0237968
0.0457573
0.0463272
0.0211399
0.0210562
0.0207173
0.0286491
0.0298275
2.10702
1.73947
0.0311727
0.0208935
0.0289754
0.0211608
0.0409651
0.0208737
0.140304
0.0219467
0.265796
0.0318265
0.021787
0.0238329
0.0455882
0.0260189
0.914428
0.0210293
0.0206702
0.0212721
0.021187
0.364871
0.0204794
0.0214387
0.024991
0.0198588
0.942058
0.737488
0.0338787
0.0211985
0.0213428
0.507578
0.0469758
0.0210346
0.0212754
0.254539
0.0212936
0.0212454
0.137956
0.0238113
0.389687
0.287337
0.320244
0.0326916
0.0209128
0.0212131
0.0277943
0.0210298
0.020892
0.556902
0.829665
0.0201918
0.0209745
0.0209085
0.0220375
3.23213
0.0209727
0.0220768
0.0213116
0.0203741
0.0209504
0.0465807
0.0216975
0.0208744
0.0198727
0.0217525
0.020691
0.0278191
0.306115
0.0265443
0.0206199
0.021026
0.0211871
0.0209418
0.419978
0.0213821
0.296716
0.454372
0.0210436
0.0206012
0.44604
0.0206734
0.0207166
0.0209214
0.201032
0.023562
0.021317
0.0209178
0.0198511
0.0212817
0.293108
0.0209914
0.0214596
0.0376036
0.399323
0.0317022
0.0199351
0.312453
0.0195494
0.491502
0.0209283
0.0199595
0.020614
0.0215237
0.0210956
0.726599
0.0870448
0.280579
0.0572813
0.0250475
1.97833
0.0212794
0.521676
0.2427
0.0214366
0.402238
0.051187
0.155901
0.0211975
0.628728
0.0215168
0.0206232
0.020277
0.126244
0.401327
0.0243205
0.425945
3.26851
0.0390621
0.0213137
0.0231768
0.0410158
0.210326
0.383114
0.0230949
0.0214456
0.0355372
0.387818
0.0208075
0.89147
0.0220239
0.0467604
0.0205659
0.0204158
0.0269383
0.0261983
1.97127
0.952403
0.147477
0.0209137
0.0209468
0.279986
0.322684
1.07564
0.0208074
0.0218185
0.0206963
0.0209766
0.0210108
0.386552
0.0293394
0.146809
0.0896231
0.462357
0.258269
0.0208611
0.0214481
0.0203463
0.0205045
0.0256675
0.0210413
0.0211987
0.0212096
0.0208911
0.0245841
0.385319
0.0293593
0.0207406
0.0209471
0.814746
0.0262371
0.0231514
0.024899
0.367163
0.180544
0.0208985
0.0260468
0.371056
0.020784
0.469671
0.0209087
0.0208569
0.0207527
0.582134
0.0209072
0.0207106
0.0212341
0.0214221
0.0208124
0.0207189
0.335874
0.9479
0.464654
0.0215434
0.020781
0.378969
0.0211918
0.0204886
0.0207652
0.434981
0.0213112
0.821933
0.0200741
0.0206941
0.0385291
0.0387475
0.0207277
0.0415994
0.904583
0.398613
0.0208276
0.0197277
0.020792
0.383078
0.0212823
0.023856
0.860014
0.0209514
0.0203964
0.0216221
0.0206775
1.12728
0.0208779
0.0212815
0.020933
0.0248981
0.301283
0.0212643
0.0206748
0.0214443
0.209014
0.081689
0.261525
0.0227272
0.45717
0.0203799
0.0208975
0.651163
0.939148
0.021261
0.0209043
0.513356
0.0324402
0.0208742
0.0207499
0.0207449
0.0208992
0.0209122
0.311695
0.0212825
0.0236638
0.32788
0.358722
0.0210492
0.0246714
0.025293
0.333741
0.0233376
0.024486
0.0212739
0.151774
0.0211865
0.0288422
0.329166
0.0205333
0.0890016
0.290636
0.0209245
0.0216585
0.492099
0.342512
0.0220049
0.0207178
0.0204735
0.566124
0.0208621
0.0207262
0.0241066
0.023617
0.0209428
0.352555
0.430369
0.0206044
0.0225361
0.0216015
0.0207318
0.0203521
0.0209096
0.0203256
1.35695
0.0219209
0.0219773
0.0207091
0.0199245
0.0207008
0.020837
0.0209013
0.0252976
0.0223875
0.5009
0.0209114
0.0208723
0.0253052
0.0207454
0.019944
0.0217563
0.395701
0.0207943
0.4055
0.0235042
0.469696
0.0201135
0.49846
0.422753
0.349491
0.0200514
0.0209253
0.418234
0.0209138
0.308454
0.0210491
0.0236321
0.0218509
0.0209557
0.27005
0.470163
0.265937
0.282672
0.0233947
0.0207109
0.0208072
0.887963
0.328122
0.0208649
0.0214176
0.0199863
0.0214502
0.020429
0.343394
0.0206594
0.0202334
0.0214505
0.0213144
0.043605
0.0270776
0.021742
0.020708
0.0205047
0.849283
0.0235618
0.019665
0.880943
0.0289012
0.0235418
0.0234093
0.0261892
0.0203538
0.0203366
0.312511
0.310101
0.0977043
0.0209308
0.0205688
0.492151
0.302274
0.0229163
0.0207002
0.0230038
0.0206035
0.0217263
0.0208865
0.022446
0.0198462
0.0206492
0.0204063
0.0207166
0.020603
0.0218116
0.0206244
0.0744963
0.519125
0.0205878
0.0207655
0.0198877
0.0209235
0.0213738
0.0208815
0.401805
0.58825
0.0208325
0.0216868
0.368884
0.0211237
0.0864585
0.344773
0.307815
0.0205701
0.248435
0.0250268
0.145707
0.0232144
0.0206795
0.451346
0.425278
0.326696
0.0218154
0.0203503
0.295659
0.310796
0.0205891
0.0206748
0.0207024
0.0225218
0.0234084
0.0214469
0.0206943
0.0205437
0.576072
0.0639336
0.0305804
0.0203263
3.09377
0.21696
0.0204849
0.183772
0.0209929
0.0207257
0.0207952
0.111085
0.0207953
0.0354158
0.0207159
0.0206617
0.0207195
0.0204675
0.0209944
0.0241977
0.019885
0.020591
0.0296155
0.0205393
0.0214042
0.0205387
0.0202066
0.184526
0.186527
0.0207844
0.376633
0.0208743
0.0205878
0.0276447
0.0221328
0.210865
0.0198972
0.0205235
0.021395
0.0205784
0.0242566
0.0204853
0.020764
0.0274118
0.019629
0.0210202
0.0209246
0.0206578
0.0226764
0.0210273
0.0513854
0.334822
0.166862
0.977688
0.0198337
0.020511
0.05853
0.020733
0.482272
0.0199064
0.454495
0.463516
0.0200726
0.0205047
0.0211675
0.460909
0.0208197
0.0208725
0.313608
0.0241309
0.434569
0.0211656
0.153827
0.0196434
0.357735
0.512671
0.374118
0.346461
0.241995
0.302041
0.0205435
0.0207336
0.0258519
0.288124
0.0211771
0.0206874
0.0205976
0.398231
0.0200032
0.0200904
0.342552
0.0205111
0.304035
0.0207374
0.414373
0.0793393
0.0225215
0.0212161
0.0207792
0.0208418
0.0288522
0.153847
0.31872
0.0318037
0.373022
0.400322
0.0210684
0.0226393
0.450836
0.0214544
0.020554
0.368706
0.287535
0.508583
0.382443
0.406575
0.0262658
0.0208912
0.0209588
0.250303
0.258749
0.419514
0.500201
0.0196779
0.0212473
0.0215632
0.176371
0.389343
0.020606
0.0226265
0.541488
0.0213401
0.0220426
2.02689
0.443072
0.076981
0.021763
0.0207603
0.290279
0.0208942
0.0196523
0.369658
0.0213065
0.0201919
0.418624
0.0201381
0.0205207
0.373615
0.800272
0.305016
0.0202209
0.39494
0.0204522
0.441602
0.394067
0.104752
0.0209252
0.414457
0.023482
0.393719
0.0200648
0.0203065
0.259876
0.167132
0.345958
0.0206223
0.0206678
0.0203533
0.020583
0.0314511
0.0207519
0.225785
0.0219592
0.418364
0.0201658
0.38778
0.0210799
0.0203716
0.0206198
0.38925
0.389207
0.0196297
0.0198149
0.0203929
0.0201505
0.089817
0.0205217
0.177467
0.0231794
0.036205
0.39993
0.449156
0.915257
0.41132
0.0298142
0.0292202
2.53527
0.258669
0.193346
0.116797
0.386447
0.0205195
0.0298355
0.437157
0.0204767
0.48406
0.449763
0.602771
0.341648
0.0204718
0.430287
0.108697
0.53982
0.0212887
0.0205848
0.276326
0.057977
0.412142
0.0207422
0.342977
0.0209293
0.411533
0.508066
0.444772
0.0207252
0.0221152
0.441228
0.352172
0.0203846
0.941998
0.127303
0.432934
0.0209886
0.170799
0.0204551
0.457942
0.343838
0.418953
0.136201
0.406486
0.0229608
0.155815
0.0223752
0.0713177
0.021293
0.120025
0.0212515
0.0205679
0.026569
2.59087
0.0213134
0.400266
0.42921
0.101596
0.130389
0.294939
0.0201371
0.171006
0.0242428
0.397707
0.0206372
0.0212721
0.0214135
0.372772
0.0203839
0.375293
0.364978
0.025522
0.0215957
0.0219843
0.0197516
0.0660498
0.423137
0.0199777
0.0604861
0.91222
0.457738
0.360836
0.0205552
0.0206012
0.0205559
0.023086
0.0211925
0.0205528
0.0326091
0.022386
0.0212995
0.0197793
0.0205359
0.0221277
0.311316
0.0212599
0.332757
0.0206064
0.0205897
0.0222401
0.02341
0.0214164
0.0207096
0.0204621
0.0745145
0.342335
0.0205834
0.435242
0.405403
0.0213568
0.0706068
0.376594
0.407423
0.288603
0.34967
1.52227
0.0234187
0.409018
0.0325411
0.295603
0.124947
0.020357
0.020487
0.392406
0.0203392
0.254611
0.0229071
0.0212426
0.0204178
0.021784
0.0208408
0.451612
0.0203786
0.062189
0.0286512
0.378864
0.0200919
0.0228086
0.0205509
0.0198639
0.022752
0.02034
0.0200221
0.020497
0.0271188
0.112972
0.0251241
0.336759
0.0219668
0.0196161
0.265747
0.031456
0.0213899
0.0202411
0.395937
0.0461676
0.0249208
0.37988
0.0203964
0.482003
0.326818
0.0222582
0.0225571
0.0205182
0.083092
0.021471
0.0205238
0.0211235
0.171677
0.0283045
0.0204709
0.0217054
0.524759
0.0207324
0.35673
0.0214058
0.02147
0.0743747
0.133498
0.126509
0.0210609
0.0199594
0.0205378
0.586259
0.020369
0.112599
0.296987
0.0252705
0.224193
0.0213843
0.0217883
0.173263
0.849031
0.0565865
0.320548
0.0218481
0.908524
0.0209068
0.0198815
0.357239
0.0203287
0.0264495
0.250834
1.03747
0.0200865
0.0261771
0.0214665
0.0237751
0.0809601
0.402853
0.340299
0.0218668
0.911966
0.359394
0.0219171
0.0204638
0.023275
0.687066
0.0207611
0.30075
0.0203959
0.0201062
0.355797
0.441121
0.0210107
0.0208908
0.91749
0.367783
0.0201894
0.315788
0.0205376
0.303536
0.300975
0.0247382
0.02085
0.164488
0.363237
0.33651
0.0933957
0.0207724
0.0201204
0.0201904
0.051224
0.378785
0.0211532
0.32806
0.296392
0.0203751
0.0221481
0.307586
0.0309404
0.0205066
0.0615885
0.0206398
0.13075
0.449483
0.346359
0.376501
0.0212144
0.178144
0.0218892
0.0213234
0.0201797
0.0209527
0.0208841
0.377037
0.0201911
0.0265389
0.248223
0.0187188
0.0198671
0.0219022
0.350872
0.0225206
0.020476
0.0210016
0.0638669
0.303785
0.301367
0.0211246
0.283295
0.282762
0.0221825
0.344077
0.0259475
0.0387972
0.0210559
0.313497
0.125519
0.558673
0.0199299
0.272858
0.0196515
0.213396
0.368031
0.0208038
0.264606
0.021071
0.344482
0.020588
0.155697
0.336895
0.0246982
0.577526
0.0203695
0.143814
0.501528
0.0207931
0.357184
0.956204
0.0210277
0.0200298
0.350995
0.0208617
0.0203651
0.0410054
0.0209186
0.0223178
0.337549
0.0221571
0.143712
0.0208426
0.0212451
0.0200176
0.286615
0.361497
0.0207059
0.024313
0.308435
0.340078
0.0203427
0.36801
0.283744
0.30266
0.0199372
0.333844
0.347445
0.136764
0.263227
0.0198856
0.020476
0.0222605
0.0208856
0.021201
0.0210907
0.33554
0.0208521
0.395136
0.0205175
0.0200611
0.019822
0.351605
0.302278
0.308437
0.0219788
0.846941
0.0377973
0.334037
0.0697292
0.0220221
0.336758
0.0198547
0.020492
0.0210216
0.306668
0.0229205
0.0204703
0.203429
0.021801
0.0211658
0.0223448
0.0209875
0.0201019
0.302592
0.0199156
0.0206987
0.0200573
0.307733
0.299474
0.33769
0.020294
0.0196089
0.0201524
0.0224022
0.0203924
0.0286114
0.0214038
0.0200885
0.0206472
0.0306037
0.148308
0.468643
0.091245
0.0219668
0.359693
0.350354
0.0219257
0.343503
0.361861
0.0213012
0.0494213
0.414341
0.4025
0.319591
0.147101
0.0332807
0.0210583
0.215745
0.0199402
0.0214452
0.0212189
0.0208825
0.0503859
0.0533192
0.0237983
0.302232
0.0203775
0.025847
0.0198331
0.0208444
0.0231622
0.287842
0.019595
0.323156
0.0223639
0.020882
0.0200799
0.0198218
0.116345
0.0442995
0.352949
0.0203628
0.35071
0.237553
0.0202048
0.0204168
0.758903
0.0212876
0.176528
0.323319
0.0198585
0.151701
0.0198663
0.0203087
0.340294
0.021756
0.0213154
0.0211531
0.0196996
0.338535
0.0320672
0.312265
0.0574001
0.348949
0.0200493
0.0208838
0.020531
0.303572
0.0253109
0.020358
0.391083
0.0204261
0.0205002
0.0240807
0.342708
0.37407
0.0429781
0.0737823
0.402329
0.0416948
0.0198242
0.251346
0.360134
0.297215
0.0200583
0.0398488
0.0202727
0.0206068
0.0515536
0.143686
0.354964
0.0198416
0.0200539
0.407986
0.366469
0.0208605
0.0198387
0.0199155
1.33127
0.0204658
0.027835
0.367653
0.022637
0.355254
0.137151
0.325158
0.0201526
0.0259781
0.0199209
0.0202448
0.0216078
0.0242478
0.0225088
0.0206585
0.0204762
0.0247446
0.0206965
0.414765
0.113409
0.488642
0.440155
0.351077
0.0206913
0.301957
0.431023
0.0223122
0.0196729
0.427815
0.0222613
0.0208869
0.0215486
0.31309
0.0207162
0.0213068
0.207783
0.334344
0.338654
0.300244
0.495302
0.252842
0.0225633
0.0259156
0.339306
0.0209617
0.0206759
0.0213307
0.0219048
0.0265796
0.142339
0.0204041
0.0206443
0.0204554
0.0200353
0.020504
0.0208923
0.0200959
0.0375537
0.0202989
0.0199794
0.0201206
0.23005
0.339092
0.0204404
0.347626
0.425253
0.0204211
0.193722
0.0214163
0.0803746
0.427676
0.0203283
0.271997
0.0213342
0.0788615
0.121915
0.248431
0.0212921
0.021241
0.0219979
0.024395
0.185322
0.259179
0.0485099
0.0199451
0.41696
0.0201976
0.0217108
0.0200062
0.282579
0.371275
0.287799
0.0234524
0.0727424
0.020165
0.0318299
0.0212508
0.0205981
0.0506561
0.0199309
0.13161
0.426708
0.0200476
0.246779
0.0202053
0.356811
0.0211502
0.0638432
0.021454
0.0207499
0.273041
0.0223968
0.0198469
0.02288
0.202277
0.351056
0.29746
0.28249
0.0225262
0.0226658
0.0206262
0.0259485
0.0212311
0.0203371
0.367321
0.0204615
0.0201782
0.020423
0.0459495
0.221875
0.0204589
0.298915
0.0203755
0.322502
0.048728
0.185147
0.020794
0.0209878
0.282761
0.0206956
0.0199769
0.0203288
0.346834
0.0201108
0.347857
0.0208166
0.253274
0.1579
0.0205387
0.0211611
0.0206964
0.353287
0.0205089
0.267622
0.019946
0.0199315
0.0199964
0.0233506
0.0529301
0.0209734
0.0210311
0.320033
0.0207833
0.180709
0.276383
0.171826
0.395259
0.0199878
0.0199143
0.231479
0.189402
0.0219945
0.284592
0.0208578
0.233312
0.0199179
0.0339231
0.244948
0.0211208
0.019928
0.0218414
0.0208794
0.0203644
0.26961
0.0205502
0.455623
0.268743
0.0200784
0.0206996
0.406483
0.28315
0.357111
0.0202661
0.313583
0.020381
0.35293
0.121799
0.0198913
0.0201859
0.410189
0.305515
0.232806
0.0217607
0.205853
0.283146
0.336907
0.0449423
0.328648
0.0199216
0.0206564
0.300524
0.0226492
0.0197796
0.0198649
0.299582
0.0209628
0.0201941
0.0201183
0.0205952
0.0210431
0.0259722
0.287002
0.259807
0.331918
0.0201527
0.277354
0.107669
0.0201435
0.052147
0.304429
0.262971
0.0200682
0.285086
0.0201045
0.0221074
0.0203496
0.299619
0.268341
0.0271731
0.0199219
0.0204846
1.20448
0.0200694
0.0201673
0.305401
0.452275
0.0356218
0.0226164
0.0210119
0.215073
0.0198817
0.0274736
0.0472065
0.0220293
0.303978
0.019999
0.0204546
0.238157
0.0217523
0.0211255
0.233942
0.31335
0.0212994
0.020048
0.5424
0.980925
0.0198925
0.0205417
0.0213513
0.0200061
0.0203758
0.0199444
0.50538
0.0205792
0.0359457
0.020612
0.0205767
0.0198407
0.0202367
0.353228
0.0207956
0.0677103
0.276455
0.0206117
0.0196649
0.294666
0.15679
0.0218547
0.240841
0.223101
0.301358
0.271148
0.0431759
0.318248
0.0441679
0.0229094
0.856089
0.0203071
0.0203018
0.0207993
0.0211063
0.020451
0.0200216
0.255776
0.0217582
0.019821
0.0197755
0.0224138
0.0205888
0.01983
0.0218756
0.0199343
0.480622
0.439605
0.334544
0.0204083
0.342185
0.0200594
0.328749
0.03778
0.0203422
0.0210203
0.019992
0.34709
0.263036
0.0223203
0.019986
0.46119
0.0221058
0.0225573
0.0263578
0.0199599
0.0564232
0.0319249
0.0199906
0.380519
0.0220127
0.0197615
0.503071
0.423614
0.410014
0.0201902
0.0200683
0.314518
0.0201269
0.020889
0.0201404
0.020661
0.0228833
0.342387
0.412336
0.273432
0.0202702
0.247719
0.0713109
0.0200583
0.343155
0.0201193
0.0200499
0.0386015
0.0199312
0.0198943
0.483597
0.253987
0.0694031
0.0299774
0.211879
0.0242608
0.0198996
0.0622173
0.37042
0.282061
0.019904
0.327766
0.0198097
0.348283
0.0218903
0.594904
0.149763
0.0200108
0.0208789
0.0202019
0.0197447
0.407288
0.0204195
0.0198017
0.0200702
0.426934
0.0205936
0.0198773
0.0201366
0.0220494
0.272723
0.0197698
0.0243813
0.0212998
0.234833
0.0200727
0.097062
0.084733
0.376838
0.0211565
0.0201371
0.0201047
0.020008
0.360697
0.0247725
0.0198535
0.0827877
0.0349597
0.0209531
0.0228388
0.0197307
0.022075
0.291725
0.0312443
0.0839965
0.0566301
0.0198202
0.0207404
0.0206236
0.0221067
0.322614
0.379172
0.0220035
0.0207068
0.381423
0.299665
0.0199956
0.0205091
0.0202643
0.0393357
0.316008
0.0199018
0.0546243
0.332334
0.0207587
0.0197903
0.0234685
0.0212541
0.0197147
0.0214991
0.0282122
0.0219623
0.331486
0.0200838
0.0212034
0.0198658
0.0447426
0.021278
0.0242062
0.150792
0.0216078
0.0225014
0.021211
0.060029
0.0203734
0.0197015
0.0211589
0.0204047
0.0205434
0.430902
0.0196758
0.0197465
0.0201337
0.0205123
0.344334
0.0204821
0.0228645
0.0198303
0.0377007
0.0267576
0.0793964
0.0251442
0.019688
1.23067
0.0225544
0.0204397
0.0196408
0.0196772
0.0199082
0.288946
0.0200892
0.022676
0.0201722
0.204641
0.0881915
0.0210217
0.0215968
0.0201078
0.291735
0.266195
0.0196472
0.0203289
0.0202634
0.0207329
0.02008
0.364782
0.0204861
0.289485
0.0214959
0.0204964
0.0219067
0.0203494
0.275819
0.0197747
0.0196051
0.0215938
0.0226435
0.0214832
0.0196285
0.326362
0.020492
0.0206716
0.02064
0.0223547
0.0196271
0.0211408
0.0210532
0.0199311
0.28879
0.025517
0.0226115
0.0197835
0.0198153
0.021397
0.270621
0.042537
0.139488
0.23507
0.0196167
0.0211648
0.265316
0.021239
0.0196987
0.0218879
0.0209376
0.158588
0.0794096
0.0218489
0.0216384
0.0971633
0.0217759
0.203957
0.0203211
0.0240322
0.0199134
0.0195949
0.0225642
0.0225672
0.0201123
0.274493
0.0203131
0.0257797
0.318657
0.322649
0.0198319
0.832256
0.270331
0.0207568
0.0196407
0.0216043
0.0198035
0.33678
0.0199689
0.720361
0.316492
0.0196125
0.0199068
0.0198199
0.0197252
0.0199907
0.0198428
0.262062
0.0197714
0.0200854
0.0226842
0.0211661
0.0200971
0.0199809
0.0201368
0.195912
0.168782
0.020178
0.423864
2.16506
0.0205286
0.286303
0.0204452
0.0198703
0.0205496
0.0199169
0.0253728
0.0225055
0.0198864
0.0218461
0.216827
0.0196708
0.0198029
0.0203134
0.266557
0.0198643
0.0386948
0.0201817
0.0200405
0.0200214
0.0213482
0.0199646
0.0196428
0.0780568
0.0199168
0.0196396
0.0203438
0.0199473
0.0196152
0.0196041
0.0199921
0.0203935
0.0198779
0.275395
0.0198202
0.0207988
0.0196904
0.0205392
0.299619
0.0195933
0.0198332
0.0215665
0.302574
0.0219205
0.0202557
0.0209772
0.0218683
0.101568
0.300864
0.0224507
0.0224391
0.300186
0.0208733
0.0200357
0.250158
0.0206913
0.267624
0.019949
0.0199342
0.135667
0.113409
0.02055
0.0198317
0.0195824
0.0201511
0.0200425
0.0202837
0.0224225
0.0379017
0.0196869
0.0206017
0.359672
0.0225524
0.0225426
0.285918
0.0200243
0.0227429
0.297634
0.0200995
0.0208276
0.0206803
0.180423
0.0203294
0.0224253
0.305861
0.283122
0.339148
0.250147
0.0485206
0.0869583
0.155462
0.0203656
0.174997
0.0206755
0.0210849
0.174503
0.0201236
0.048039
0.0200691
0.021805
0.0346024
0.0507599
0.0203177
0.0196333
0.0202453
0.0199299
0.0349746
0.0204793
0.0208914
0.348739
0.0205174
0.117798
0.416184
0.251777
0.0198487
0.0196573
0.0224206
0.022454
0.0206957
0.0201033
0.0203509
0.286093
0.0197657
0.0212569
0.384321
0.145473
0.0205921
0.0224389
0.0202117
0.0206358
0.0228543
0.0195761
0.0334014
0.0197561
0.0204601
0.0218175
0.0201666
0.296837
0.0200054
0.0211596
0.352535
0.0201552
0.0224516
0.0597959
0.0225456
0.0198448
0.0205093
0.290831
0.0215231
0.0202599
0.019743
0.0200239
0.0230379
0.0201224
0.0227569
0.026366
0.186519
0.0338598
0.0225263
0.022484
0.0198084
0.0203396
0.0203471
0.0316358
0.0204712
0.0201859
0.0214517
0.0224417
0.020522
0.021435
0.0213481
0.0202204
0.0224672
0.169203
0.0772593
0.0211997
0.0203165
0.0225724
0.0212544
0.0224228
0.0224237
0.0197783
0.0195416
0.0195362
0.313392
0.0206232
0.0202834
0.0198727
0.0203049
0.0209782
0.0215017
0.0224448
0.041685
0.0196451
0.232124
0.0568241
0.0224912
0.020705
0.0198889
0.0250815
0.0225008
0.0197546
0.0199553
0.022828
0.0227797
0.022809
0.0228298
0.022728
0.0227611
0.022799
0.0228177
0.0227458
0.0227537
0.0227715
0.0227213
0.022696
0.0227385
0.0227118
0.0227054
0.0224862
0.0224471
0.0224436
0.0224269
0.0225963
0.0224434
0.0224748
0.0225952
0.0225451
0.0226899
0.0224414
0.0224453
0.0224658
0.022443
0.0226599
0.0225853
0.022577
0.262625
0.0224918
0.0224535
0.0225399
0.0197517
0.0208193
0.0225736
0.0225117
0.198543
0.022498
0.0224675
0.0224735
0.0224272
0.022477
0.0224745
0.28806
0.25767
0.278071
0.0195196
0.0195391
0.0195853
0.0226263
0.0225817
0.0225413
0.0224427
0.0198128
0.0195227
0.022493
0.0195301
0.275754
0.271517
0.0195811
0.284656
0.265058
0.019528
0.0195583
0.268682
0.0224861
0.019515
0.258108
0.0195579
0.020325
0.020117
0.0198546
0.0217167
0.0198421
0.29793
0.0198535
0.0198672
0.30083
0.020577
0.0203572
0.0197529
0.0197842
0.0199403
0.281934
0.299073
0.0213979
0.0206345
0.0203283
0.433178
0.0225199
0.0225066
0.0195819
0.0198157
0.0208782
0.304224
0.0217457
0.02119
0.319816
0.249643
0.0202549
0.0197572
0.0204177
0.307314
0.0202393
0.0195952
0.0195895
0.0209817
0.024883
0.020092
0.10866
0.0195745
0.0213131
0.0921048
0.019603
0.0199774
0.0260152
0.020169
0.264616
0.0209583
0.0233704
0.0207797
0.0197782
0.0203622
0.0214385
0.0196554
0.935334
0.0203022
0.559973
0.0254923
0.279198
0.0201132
0.296209
0.0207595
0.0687558
0.0197855
0.0196721
0.209317
0.0199216
0.0208802
0.0221627
0.0283609
0.0206239
0.0197486
0.0224418
0.281605
0.272254
0.0203679
0.019826
0.352669
0.0205925
0.0313541
0.0212202
0.020003
0.306677
0.0213029
0.0196393
0.0199547
0.0206986
0.0245272
0.0209404
0.0198765
0.0284588
1.58836
0.0197446
0.0199519
0.241741
0.0205331
0.0210446
0.020818
0.0196088
0.32018
0.0206493
0.0204667
0.0197871
0.0197059
0.25971
0.0960972
0.021532
0.0200198
0.0199984
0.0205715
0.020171
0.0447472
0.0321287
0.0210117
0.0199023
0.293414
0.240623
0.198829
0.0196309
0.0219971
0.0226925
0.0228961
0.0215666
0.019718
0.0199696
0.0204877
0.0209442
0.253081
0.0435237
0.138804
0.0204538
0.0196237
0.0895538
0.0196256
0.23601
0.0200014
0.0199796
0.0196123
0.0198074
0.0221814
0.0212871
0.0218114
0.0204476
0.0212717
0.0198277
0.0198442
0.0198193
0.0204494
0.279347
0.023024
0.0197109
0.0208505
0.192046
0.0198325
0.0196734
0.323594
0.0210066
0.0206179
0.0839591
0.0195894
0.0211486
0.0221396
0.0211128
0.0211448
0.344567
0.0204395
0.0205756
0.0195942
0.10547
0.0998622
0.035464
2.72349
0.0204729
0.0206885
0.0195566
0.300081
0.0209107
0.143531
0.0195722
0.0200703
0.0400558
0.0196055
0.0313476
0.108924
0.0224926
0.0197176
0.367916
0.0568073
0.0292049
0.0196072
0.0211344
0.0199228
0.0200017
0.440414
0.0198182
0.0303064
0.019657
0.0203241
0.023479
0.0205722
0.0207285
0.0242
0.0207577
0.0196397
0.0502335
0.0227628
0.0234405
0.0211554
0.331886
0.348758
0.0195993
0.29971
0.0202298
0.0206065
0.335704
0.0414705
0.29761
0.020885
0.0201949
0.0215586
0.0206565
0.0195934
0.0203945
0.0208659
0.0221951
0.0200189
0.0199005
0.0195757
0.0202165
0.0318823
0.0196237
0.286097
0.0204792
0.0203575
0.339721
0.0196224
0.345584
0.370465
0.0222782
0.0201772
0.0211688
0.0195594
0.020525
0.424055
0.0240593
0.27627
0.0196072
0.0196947
0.333696
0.019664
0.0207861
0.0197673
2.7982
0.289168
0.077387
0.170694
0.0220274
0.0205038
0.0204045
0.0199138
0.0217786
0.0295484
0.0197653
0.0195711
0.0211455
0.0252366
0.0199337
0.0201027
0.0209484
0.0206366
0.0197106
0.0199136
0.0197321
0.0197634
0.0197241
0.0225994
0.0202169
0.0197111
0.0206467
0.0208278
0.0196576
0.0232897
0.0208989
0.0196825
0.0198113
0.0212085
0.0270166
0.0205488
0.0208987
0.0199642
0.0214754
0.308957
0.0203118
0.0238187
0.0212098
0.0226314
0.0197208
0.0213459
0.0207929
0.0200682
0.0225001
0.0208563
0.019685
0.0201425
0.440322
0.0200106
0.0196752
0.0197239
0.021026
0.0199132
0.020975
0.363524
0.0204045
0.0199779
0.038092
0.0205586
0.0201277
0.0207337
0.0212791
0.0200885
0.353062
0.0198451
0.0199282
0.0199215
0.0197271
0.0196685
0.0212295
0.0196891
0.0196917
0.0227818
0.030876
0.0199705
0.0197353
0.0197563
0.0210914
0.0209021
0.0203505
0.022682
0.246045
0.0198854
0.0199459
0.019591
0.299207
0.0237035
0.0204127
0.0616408
0.0205302
0.0205389
0.308436
0.0199542
0.0205636
0.0196982
0.020447
0.0203858
0.107303
0.0197055
0.0217665
0.0204884
0.0236981
0.0229759
0.0203084
0.019927
0.0196896
0.0209223
0.0200999
0.0267228
0.0197257
0.530448
0.0195819
0.41161
0.0206841
0.020152
0.0268163
0.0195629
0.0208389
0.0195864
0.0200824
0.0207047
0.0196732
0.0284384
0.0283348
0.0207763
0.027689
0.839635
0.019764
0.0197242
0.327187
0.019854
0.0202666
0.0199678
0.0206353
0.0197437
0.0214378
0.295131
0.0198477
0.0201105
0.0201574
0.0209638
0.0197043
0.0197869
0.0206651
0.0201017
0.353352
0.0197067
0.0214969
0.0199199
0.0197061
0.0196578
0.0205649
0.0354547
0.0210448
0.0212666
0.415737
0.0311078
0.0204554
0.0201352
0.0199401
0.269655
0.210275
0.0208499
0.279358
0.0197046
0.0197457
0.406466
0.0200083
0.0197207
0.0198322
0.225328
0.0244926
0.0242649
0.0272531
1.35838
0.0210108
0.0196574
0.0204395
0.0199592
0.127706
0.020107
0.0197647
0.0290138
0.0197087
0.24425
0.0200834
0.0199255
0.0381138
0.0203071
0.0198118
0.0210238
0.0199494
0.0332769
0.019936
0.303865
0.0196727
0.0209403
0.299075
0.0253744
0.0197967
0.0195754
0.0769337
0.0234222
0.0205742
0.115769
0.0215765
0.0312966
0.0206001
0.0213312
0.0199541
0.302609
0.362132
0.0197247
0.307312
0.0200018
0.19097
0.019965
0.0240207
0.0197384
0.0224711
0.488953
0.309587
0.399054
0.0210686
0.0874129
0.286346
0.0206207
0.019757
0.136284
0.0224642
0.0197982
0.0196408
0.0308476
0.0198151
0.0198177
0.0201555
0.0209947
0.278928
0.0204103
0.0199109
0.0202305
0.019896
0.213926
0.305297
0.0199248
0.0211959
0.0201694
0.197335
0.019691
0.0199059
0.0197873
0.0988726
0.0199227
0.0198269
0.0198396
0.0202787
0.0226154
0.297876
0.0211069
0.0198071
0.0199902
0.020907
0.265206
0.0196475
0.0196248
0.0213015
0.0196396
0.0210525
0.0204127
0.289065
0.019678
0.252225
0.0196986
0.0207386
0.0212646
0.0217775
0.0201429
0.0211674
0.0579954
0.297098
0.0198552
0.0213746
0.0196436
0.0295141
0.020155
0.0223693
0.0198657
0.294791
0.0200171
0.133993
0.0199591
0.020878
0.023193
0.020681
0.0484099
0.0204723
0.0201811
0.0219633
0.0199811
0.0204311
0.312543
0.296577
0.223951
0.0199606
0.0212297
0.0259036
0.332472
0.0196639
0.315888
0.0205174
0.0197372
0.0202028
0.0197767
0.0198779
0.0207812
0.0214802
0.0251958
0.0204183
0.31592
0.485305
0.0508008
0.0208385
0.28992
0.734654
0.320971
0.302126
0.0203624
0.0215409
0.0211125
0.0206793
0.0198351
0.300309
0.216068
0.0199697
0.0287904
0.103537
0.796615
0.0197652
0.0206728
0.0210784
0.271977
0.0210887
0.415233
0.311852
0.0269099
0.020772
0.0200528
0.0299314
0.317987
0.0201459
0.0206792
0.0203784
0.0206567
0.0508591
0.353803
0.0197919
0.0553107
0.0211797
0.019889
0.678302
0.020039
0.0211138
0.0339408
0.0199952
0.0200674
0.0199618
0.0311049
0.334052
0.02106
0.0198883
0.0201724
0.0200884
0.0196765
0.0202993
0.0329026
0.0212681
0.0199395
0.020318
0.306278
0.0209752
0.038629
0.0197478
0.338901
0.0208051
0.0203079
0.0200706
0.245028
0.0305006
0.0212419
0.0213092
0.111696
0.257612
0.0338574
0.0197319
0.0216362
0.119179
0.177945
0.0213978
0.237062
0.019905
0.278764
0.0199699
0.0209667
0.0199285
0.0210648
0.361749
0.0205135
0.0976205
0.0199779
0.283311
0.0198713
0.0196671
0.0196689
0.0202713
0.297153
0.0258651
0.0202364
0.0220461
2.61367
0.415769
0.237625
0.224705
0.0201044
0.322191
0.660141
0.3436
0.0196857
0.03442
0.020684
0.583245
0.0199473
0.0199418
0.302973
0.0203673
0.317804
0.0208694
0.0210955
0.0210094
0.352183
0.0203082
0.0205494
0.306597
0.279135
0.310789
0.586836
0.0199476
0.0201977
0.0201032
0.31045
0.0201074
0.328079
0.0200331
0.0199745
0.0207031
0.0201633
0.0201139
0.0201373
0.0199335
0.0204335
0.569365
0.921736
0.305413
0.0201158
0.0208723
0.385233
0.0197668
0.0207073
0.36237
0.330195
0.325869
0.314638
0.0216734
0.0215203
0.0199371
0.0233556
0.258927
2.82804
0.0201861
0.0200645
0.0202649
0.0199499
0.0260813
0.0207461
0.0200919
0.0208684
0.0204343
0.0366163
0.0203685
0.0216025
0.020521
0.0347011
0.0236885
0.0198043
0.02029
0.34926
0.0200625
0.019998
0.0201404
0.0199826
0.020397
0.0201708
1.01214
0.021046
0.0608296
0.020871
0.0203074
0.0399941
0.0199648
0.230227
0.0236808
0.291233
0.0204647
0.0203142
0.0199834
0.0270664
0.0220229
0.0265267
0.0208436
0.0225162
0.0202386
0.371104
0.303139
0.0391887
0.0318635
0.0382432
0.319007
0.475315
0.0222898
0.358015
0.367702
0.0203116
0.0409928
0.325128
0.30667
0.29585
0.0293067
0.0229232
0.422936
0.0208406
0.0202162
0.298231
0.0201239
0.0232684
0.0196822
0.0211363
0.0204418
0.0203909
0.0720202
0.0204716
0.0201244
0.620517
0.0204124
0.0202759
0.0200998
0.036742
0.236155
0.0201192
0.0199643
0.0246057
0.0200815
0.0203538
0.026552
0.0208775
0.0200488
0.0202878
0.0289564
0.0209047
0.0202018
0.0199827
0.0216683
0.0202698
0.296184
0.0204524
0.370088
0.886843
0.0203415
0.319649
0.0200037
0.0219021
0.0217519
0.0223928
0.0242288
0.0246579
0.0255524
0.020143
0.313863
0.0201483
0.297681
0.0199014
0.0205656
0.0200281
0.531041
0.0197504
0.0202883
0.0205402
0.0201159
0.0201677
0.020185
0.020372
0.0375157
0.0212832
0.0226671
0.261959
0.260595
0.0224553
0.0200032
0.352241
0.033672
0.0207206
0.0211301
0.021466
0.336153
0.0205801
0.166845
0.0201742
0.305754
0.0199685
0.0919532
0.364593
0.0227349
0.0199648
0.0203569
0.224574
0.0213634
0.287286
0.216585
0.0841542
0.0205806
0.0199808
0.0212277
0.0212136
0.0202405
0.912367
0.0209059
0.0264912
0.0418056
0.0200777
0.028166
0.284097
0.12473
0.48002
0.0206974
0.0202324
0.0204434
0.0201279
0.0203418
0.0201682
0.0202082
0.0210099
0.020489
0.0243342
0.0199602
0.0226918
0.0203635
0.020286
0.0200944
0.0196882
0.0268421
0.0199421
0.02024
0.0210791
0.0590057
0.503368
0.0210008
0.0220886
0.0197661
0.0239479
0.0806032
0.0210183
0.0201032
0.0252193
0.072237
0.0201158
0.324757
0.0215577
0.0206409
0.0202018
0.326903
0.323651
0.0237673
0.0197119
0.389863
0.0282471
0.0209482
0.0644641
0.0200507
0.901025
0.0201567
0.225969
0.373611
0.021319
0.290072
0.0201193
0.0197496
0.0207692
0.164939
0.324726
0.0305332
0.0198549
0.0201482
0.0202701
0.0968569
0.0199882
0.234042
0.344032
0.0254641
0.0231927
0.020736
0.0207584
0.0202644
0.0201554
0.292798
0.281139
0.0197904
0.0216533
0.0641726
0.0411107
0.0198053
0.0201324
0.0202614
0.0201698
0.0201612
0.308138
0.0214272
0.0931278
0.0210297
0.30669
0.0201563
0.294047
0.332309
0.0201031
0.0563855
0.0740975
0.248034
0.019957
0.0200769
0.0203532
0.380606
0.0199495
0.325512
0.0765364
0.020044
0.0207763
0.590204
0.0202187
0.0859161
0.272378
0.552995
0.0388544
0.412163
0.0203752
0.338111
0.0663464
0.0210492
0.353394
0.156461
0.0202251
0.231599
0.282615
0.0197715
0.021371
0.028788
0.479422
0.0197331
0.0201126
0.421497
0.0243908
0.0207923
0.0199054
0.0223346
0.348175
0.291046
0.0202948
0.0203957
0.0198125
0.019745
0.11254
0.0198517
0.291314
0.271396
0.0211903
0.0217884
0.0198669
0.0579859
0.0204474
0.0203711
0.0269217
0.594524
0.0203682
0.253936
0.176235
0.0221749
0.0199243
0.0209283
0.0202474
3.19398
0.0198713
0.0217817
0.0201754
0.361644
0.0198359
0.0236756
0.0201391
2.54709
0.296521
0.0204173
0.0198895
0.0197231
0.0204691
0.020203
0.0208613
0.0223549
0.0229418
0.0204227
0.0201788
0.354043
0.179982
0.332351
0.248154
0.0219158
0.0202051
0.0202528
0.344714
0.0207829
0.020134
0.0203165
0.317798
0.4117
0.038087
0.0219154
0.293903
0.0322243
0.174517
0.285484
0.0202181
0.362433
0.02152
0.18551
0.0201606
0.019852
0.322668
0.296139
0.0204621
0.244053
0.0212569
0.282571
0.356471
0.0198597
0.0234144
0.351299
0.019823
0.0245015
0.344356
0.0204734
0.0225449
0.0203364
0.0198342
0.0210906
0.0202862
0.0209344
0.0206265
0.0845345
0.0213009
0.0241026
0.0202582
0.0203224
0.0203099
0.0206098
0.0212359
0.0292864
0.0209819
0.352918
0.35625
0.254851
0.0201113
0.100957
0.395923
0.0340978
0.0230236
0.29709
0.0203069
0.0201869
0.215778
0.0212286
0.0892329
0.0205001
0.0208099
0.0200203
0.318258
0.0212262
0.0206829
0.282696
2.40346
0.0207433
0.0205055
0.45802
0.0207864
0.346563
0.3893
0.0197213
0.312126
0.317362
0.0245048
0.021773
0.273415
0.0211125
0.227262
0.0199556
0.0210476
0.0202155
0.0210853
0.0235317
0.440175
0.356872
0.0203925
0.0204929
0.407614
0.0204506
0.345566
0.0201879
0.296242
0.39667
0.023243
0.0205188
0.0215305
0.83511
0.0210646
0.0205273
0.0201644
0.349439
0.0208068
0.0203147
0.0277495
0.0206032
0.372343
0.0203491
0.323583
0.0208461
0.0201209
0.353088
0.0214499
0.0200313
0.358294
0.0228188
0.0215654
0.0207919
0.021245
0.0249116
0.0202027
0.402699
0.0205067
0.0211177
0.0203937
0.456937
0.340394
0.0201422
0.0206576
0.0278474
0.411673
0.0305404
0.157731
0.0218802
0.0223869
0.0204389
0.0327717
0.0333844
0.0203564
0.0209431
0.0340463
0.0372266
0.0204276
0.0211072
0.416162
0.0202526
0.0244065
0.0241106
0.360251
0.0204842
0.0204908
0.0207036
0.020604
0.109301
0.366923
0.0199797
0.0211169
0.0214639
0.0289101
0.0222984
0.0231686
0.0203562
0.0214603
0.0204412
0.415055
0.383526
0.0213667
0.0205724
0.0197572
0.0214055
0.0205413
0.0195745
0.390463
0.0950465
0.0202906
0.0221203
0.0218952
0.0292266
0.132432
0.0243254
0.344584
0.0509431
0.0203037
0.415317
0.0253777
0.0211681
0.0405335
0.243763
0.0202898
0.0195637
0.0197952
0.0206935
0.0215048
0.0202862
0.0254832
0.461056
0.0199645
0.427225
0.0213626
0.0436053
0.0209549
0.186272
0.019805
0.0278898
0.292968
0.0219197
0.021372
0.320741
0.0205242
1.19123
0.0334985
0.0215624
0.0218979
0.367231
0.0210785
0.0223221
0.411428
0.020329
0.417317
0.327178
0.0212364
0.0212814
0.0214706
0.0202754
0.540389
0.0214285
0.0202883
0.0804649
0.0214528
0.0987457
0.462914
0.0202465
0.0214768
0.020506
0.537351
0.148508
0.0236584
0.0211309
0.0335276
0.0206105
0.0214305
0.0199507
0.0215704
0.0205068
0.0228096
0.0199833
0.0214504
0.323623
0.0302758
0.0223584
0.01999
0.286163
0.407389
0.0433213
0.0204093
0.0199686
0.339569
0.404866
0.0222357
0.0205781
0.0202527
0.436975
0.0212881
0.0238954
0.0204691
0.0205119
0.0207024
0.369086
0.020682
0.0203376
0.0485328
0.0522608
0.0260822
0.0283655
0.020422
0.178433
0.179664
0.0208864
0.0211887
0.680145
0.0270973
0.0305359
0.0206602
0.0587669
0.0209301
0.022201
0.306865
0.0207859
0.0201515
0.0210118
0.0196947
0.0338936
0.0202017
0.073223
0.0202981
0.0202703
0.146067
0.0570194
0.374018
0.0206342
0.0203372
0.0208204
0.0202503
0.505557
0.0207703
0.298777
0.0202933
0.0208286
0.237204
0.363698
0.0246284
0.0225654
0.0203103
0.0204794
0.419465
0.0209742
0.0210477
0.0204316
0.0215589
0.0211423
0.401667
0.0438995
0.314747
0.0203913
0.0214127
0.193718
0.0214013
0.0241939
0.0213634
0.0204628
0.0203268
0.312046
0.0291038
0.0204062
0.0202378
0.0206918
0.0211825
0.496458
0.0203678
0.0204296
0.0212754
0.389328
0.0410398
0.355637
1.93865
0.0366721
0.0205004
0.0204134
1.02727
0.0202751
0.0203123
0.0852325
0.284515
0.352935
0.0204408
0.294863
0.363936
0.0206567
0.0375542
0.290128
0.0213028
0.0206264
0.0206146
0.0202787
0.0225785
0.408035
0.0204833
0.0207055
0.149887
0.0211624
0.0204357
0.0210914
0.0217395
0.0415386
0.105088
0.0211608
0.427167
0.0202895
0.0202216
0.0202764
0.309847
0.0202403
0.0205413
0.0204594
0.0271517
0.0196692
0.0203897
0.0203017
0.0201226
0.020297
0.0211837
0.020962
0.0213118
0.341225
0.038029
0.417005
0.0208878
0.0204435
0.0377422
0.0237592
0.477993
0.020189
0.501754
0.451966
0.0224769
0.0196833
0.020556
0.371498
0.461177
0.0552307
0.0207179
0.0203893
0.0736504
0.0207148
0.0212198
0.381611
0.0204091
0.0428959
0.0207102
0.0196559
0.0220395
0.0203219
0.358589
0.0213952
0.0216234
0.311758
0.463163
0.0213166
0.020626
0.0236553
0.0210146
0.0229692
0.0201347
0.0247359
0.0659751
0.164631
0.0212881
0.0214678
0.0302628
0.0206582
0.020463
0.0220661
0.383622
0.0211535
0.0225279
0.367379
0.0227333
0.0205762
0.458487
2.25072
0.0213576
0.0205414
0.354295
0.0214344
0.483956
0.112073
0.0208483
0.388683
0.0202344
0.0207741
0.244357
0.0212274
0.315417
0.0206115
0.0207596
0.0225146
0.021195
0.280699
0.0206262
0.0207391
0.0203713
0.0208763
0.331788
0.0594634
0.427074
0.0218919
0.490679
0.50003
0.0208036
0.373464
0.0249809
0.401786
0.377254
0.0206067
0.37903
0.292389
0.021169
0.0326571
0.020592
0.928637
0.0201463
0.391649
0.486142
0.0212016
0.0394576
0.0203631
0.0213732
0.0465124
0.0203973
0.659202
0.0324992
0.0203889
0.0201724
0.0209954
0.38778
0.0207159
0.020431
0.328407
0.0212268
0.0201936
0.0202543
0.588331
0.585464
0.0207455
0.499484
0.369596
0.0197914
0.0204455
0.0204083
0.0206526
0.487023
0.582114
0.341448
0.0263463
0.0221782
0.0204962
0.0208892
0.0213695
0.0208576
0.0208289
0.0212639
0.024367
0.453687
0.304988
0.0230019
0.0206495
0.176432
0.0203712
0.599551
0.0371848
0.056416
0.020167
0.301288
0.0375656
0.0204828
0.357828
0.02039
0.0206161
0.0207854
0.410479
0.155324
0.331121
0.0234496
0.856067
0.0229341
0.0204424
0.0199914
0.0207647
0.0217986
0.0250571
1.14142
0.0210963
0.0203873
0.0204753
0.023815
0.504608
0.0210508
0.192488
0.585452
0.544435
0.341834
0.0207924
0.0202842
0.362967
0.0208968
0.021954
0.024434
0.396202
0.0208006
0.0208796
0.0212958
0.214634
0.0205187
0.0209414
0.020266
0.493978
0.0206727
0.0195631
1.87796
0.0211963
0.0208613
0.0207497
0.02118
0.0206815
0.0214648
0.0213506
0.0201314
1.62457
0.362936
0.0202749
0.495965
0.0243764
0.0204967
0.0222893
0.476441
0.0217737
0.51926
0.0201385
0.020892
0.0214101
0.64263
0.0202756
0.0208107
0.028912
1.90147
0.0439723
0.0208616
0.597699
0.023735
0.599381
0.0210177
0.0204869
0.0201812
0.03303
0.360469
0.391709
0.0202667
0.0229336
1.08288
0.0197844
0.0438072
0.0204894
0.0199324
0.334273
0.0206268
0.0221606
0.400731
0.0209087
0.575389
2.31275
0.020245
0.437819
0.0234298
0.333164
0.0448748
0.392357
0.0233044
0.0224152
2.20773
0.0209779
0.0210038
0.0569009
0.781601
0.0205415
0.424648
0.452992
0.026122
0.0298153
0.0211047
0.023402
0.0205533
2.61702
0.178462
0.490331
0.0207856
0.0246651
0.0202708
0.352375
0.0205577
0.0202908
0.0210292
0.0207831
0.031537
0.496007
0.458737
0.020551
0.0203557
0.0223749
0.0204879
0.0205299
0.598244
0.0208243
0.0204898
0.0197128
0.0208838
0.0237272
0.211603
0.0370446
0.0208163
0.0204291
0.0231916
0.307778
0.0209526
0.020165
0.0280938
0.0206596
0.022894
0.592006
0.0210333
0.587176
0.0679099
0.0205883
0.0210541
0.0258617
0.306028
0.0210236
0.602241
0.0204073
0.0244652
0.0250131
0.0208309
0.0214036
0.0224983
0.0876094
0.0217141
0.0205114
0.41305
0.0209178
0.0226065
0.593734
0.0214761
0.0202466
0.021517
0.287315
0.020531
0.110953
0.0204885
0.0204821
0.0204868
0.0206235
0.020534
0.0219166
0.592876
0.0255388
0.029191
0.0215554
0.0210722
0.0208336
0.0587598
0.326329
0.0207814
0.480412
0.934466
0.0208528
0.021775
0.0275505
0.0216819
0.535008
0.352644
0.0197998
0.0205445
0.0654254
0.0274373
0.0210775
0.024113
0.577573
0.0939452
0.0479087
0.0203712
0.0216374
0.0205645
0.581742
0.0202802
0.020471
0.0439662
0.338848
0.0208733
0.0352974
0.0203682
0.0212129
0.0202108
0.0206591
0.0203307
0.0229278
0.0206671
0.351547
0.594811
0.0206452
0.0206262
0.026202
0.309718
0.021003
0.0239925
0.0214508
0.0217383
0.0246791
0.0202401
0.0202789
0.0274913
0.0216048
0.0239004
0.684927
0.0245848
0.0211382
0.0218878
0.0206665
0.0210541
0.0210967
1.04987
0.0225733
0.0231873
0.021826
0.542864
0.0645769
0.0248914
0.54935
0.0208703
0.0206475
0.0206048
0.663265
0.0210372
0.0202366
0.0210256
0.0198083
0.0201663
0.0206932
0.585934
0.0216557
0.354285
0.0208439
0.051264
0.102985
0.0206278
0.0206481
0.653974
0.435793
0.0305814
0.0274168
2.10623
0.0308851
0.335075
0.0204774
0.287637
0.0202825
0.349266
0.0207275
0.0214434
0.0204948
0.0227362
0.0204455
0.803736
0.0243816
0.0206409
0.245647
0.0209872
0.0211377
0.0330006
0.333492
0.0213236
0.0212767
0.0207652
0.0260425
0.35073
0.0206404
0.0217334
0.021714
0.0232929
0.558781
0.0203881
0.363951
0.570825
0.019556
0.0262042
0.447219
0.0210658
0.0203041
0.0217698
0.0217055
0.0211488
0.0203507
0.0214858
0.130767
0.788994
0.0207613
0.0221952
0.0210237
0.0205182
0.562042
0.021254
0.0201392
0.0215852
0.0565711
0.694652
0.0364112
0.0195609
0.31382
0.0514629
0.0207135
0.0304891
0.0204625
0.442547
0.0612973
0.0202679
0.636868
0.0220658
0.0209197
0.0202832
0.0206898
0.0204759
0.56872
0.0383435
0.0206705
0.022205
0.021072
0.0230482
0.0212429
0.020569
0.0205221
0.0223179
0.375596
0.0211748
0.563486
0.0202468
0.188475
0.0210975
0.420003
0.365029
0.0217046
0.0210109
0.0204578
0.0207422
0.0274297
0.0207052
0.322551
0.0215163
0.0212537
0.0228846
0.0203039
0.0207948
0.0220283
0.0211087
0.0197453
0.0221852
0.388346
0.0206591
0.0208984
0.0208312
0.155715
0.0357024
0.0211653
0.378902
0.0204936
0.0406913
0.022178
0.024509
0.0203124
0.111623
0.0633632
0.0206412
0.0205617
0.504892
0.0783024
0.0206388
0.023581
0.0203201
0.0210955
0.299004
0.0331096
0.0210573
0.0206413
0.0211166
0.236534
0.979473
0.0220723
0.0207518
0.851531
0.0196933
0.293066
0.0206041
0.0433429
0.020828
0.596112
0.0202698
0.0203566
0.0201803
0.0212402
0.430422
0.427516
0.0209954
0.0199789
0.0208355
0.42101
0.0198401
0.0210167
0.0208309
0.315403
0.0211815
0.0210969
0.020768
0.020297
0.0211825
0.882251
0.0261971
0.0204673
0.0208536
0.0204958
0.0212687
0.0218808
0.021844
0.0211299
0.297652
0.417069
0.0448928
0.0218343
0.0205512
0.106165
0.712484
0.0210505
0.0212319
0.0206808
0.0257816
0.0216811
0.584079
0.0205097
0.0209463
0.214871
0.021166
0.0208636
0.138362
0.0210808
0.316479
0.0205512
0.0211227
0.820119
0.284241
0.0258535
0.0350524
0.516591
0.0210899
0.0205081
0.0224338
0.0225519
0.0217098
0.0213602
0.0208101
0.0208256
0.021117
0.0207789
0.929595
0.0219714
0.0208656
0.0213011
0.0289494
0.43674
0.508156
0.36704
0.0259545
0.334488
0.430323
0.0208958
0.0204046
0.0214385
0.0626745
0.0212883
0.0208131
0.0207179
0.311918
0.716158
0.020024
0.0238686
0.0199255
0.0214346
0.020852
0.0208751
0.0217877
0.0210265
0.0220489
0.283921
0.0212049
0.244565
0.701838
0.019695
0.0210222
0.0209302
0.263272
0.0210571
0.36249
0.0202559
0.0225599
0.0208737
0.0198346
0.304575
0.322781
0.501094
0.0208442
0.357165
0.0209652
0.0213254
0.0202412
0.0198205
0.0205028
0.0213038
0.0370106
0.0208255
0.556692
0.0210794
0.0212742
0.0208404
0.234566
0.670626
0.0400132
0.0238563
0.0212846
0.020852
0.021094
0.0234819
0.538578
0.019821
0.0214149
0.714878
0.684057
0.0209829
0.0213186
0.0204105
0.548628
0.0204945
0.022177
0.0198027
0.0210515
0.0209978
0.0204085
0.0223905
0.0210171
0.533969
0.0214715
0.555785
0.454472
0.714859
0.527997
0.0206928
0.0205193
0.0254561
0.0238222
0.0206221
0.570906
0.0202305
0.0240326
0.0500163
0.535821
0.0204754
0.27864
0.0202766
0.0214468
0.0218343
0.0242347
0.021598
0.0208784
0.192489
0.0207275
0.0209801
0.0213385
0.563188
0.0209339
0.630817
0.0214907
0.591199
0.0202282
0.0211354
0.0210002
0.0209081
0.0206355
0.0206222
0.0306653
1.20913
0.52056
0.027529
0.572636
0.021061
0.615822
0.0211678
0.0252552
0.0204229
0.0215479
0.126323
0.0211178
0.0202532
0.0213368
0.0211325
0.0203735
0.714431
0.0215864
0.539727
0.0219897
0.212371
0.021462
0.0235273
0.021114
0.020451
0.0206733
0.0209324
0.0214006
0.211487
0.0208579
0.0213069
0.25369
0.0212814
0.0212002
0.515987
0.020635
0.0213451
0.380452
0.397359
0.0210349
0.456708
0.203668
0.584794
0.0209196
0.0211452
0.0209394
0.0211407
0.391167
0.0210613
0.0204234
0.0211782
0.0531854
0.0212715
0.0217655
0.0213936
0.0207552
0.0209393
0.0212229
0.0221163
0.65967
0.0250945
0.019805
0.0310527
0.0234663
0.310943
0.0208402
0.0242118
0.0210373
0.02084
0.708873
0.0223419
0.0212187
0.0473945
0.0204289
0.0208444
0.450636
0.0211995
0.0220385
0.0213906
0.0205183
0.307437
0.0221899
0.0211987
0.667916
0.710478
0.0212555
0.0214747
0.0211826
0.0207932
0.0199558
0.0206618
0.305926
0.291719
0.0409049
0.0212373
0.0211767
0.0358977
0.0261739
0.643829
0.0223785
0.315622
0.646518
0.0219136
0.0230055
0.0229645
0.0663487
0.0375835
0.0216908
0.0214439
0.0201788
0.0210689
0.515075
0.40346
0.0200075
0.0975915
0.0208144
0.0212527
0.0303443
0.0213309
0.0214987
0.0203356
0.0211017
0.102638
0.0290425
0.0221832
0.0201987
0.020243
0.0298877
0.127994
0.0224478
0.308513
0.0211698
0.12444
0.0317447
0.0206574
0.33365
0.0231074
0.0211466
0.0195627
1.09275
0.585542
0.025586
0.102525
0.30948
0.0222123
0.0204289
0.0221739
0.0211399
0.977771
0.166542
0.0214627
0.0202209
0.117111
0.670864
0.0237112
0.692705
0.0204029
0.021484
0.307648
0.0212701
0.0460918
0.0213956
0.301783
0.0224491
0.0299853
0.0198197
0.0204356
0.465111
0.0206483
0.589263
0.0213844
0.0213842
0.0210927
0.52649
0.112705
0.0287597
0.580273
0.136531
0.0204534
0.266634
0.0228644
0.0208955
0.606839
0.671157
0.0221406
0.0201517
0.118231
0.301223
0.0244185
2.68536
0.0213559
0.380441
0.70692
0.0206231
0.732892
0.0212212
0.0210024
0.0210774
0.0206212
0.0219258
0.325333
0.0227019
0.0202423
0.127041
0.0212647
0.0203905
0.589583
0.0206222
0.0234007
0.0209847
0.241587
0.0212428
0.0210338
0.0201963
0.476831
0.42881
0.0977449
0.0210724
0.698454
0.205284
0.0209195
0.0208229
0.021092
0.0702664
0.0223732
0.536352
0.0232929
0.0462753
0.0213709
1.28058
0.0221498
0.0216351
0.02135
0.0219814
0.0210321
0.02084
0.0211414
0.0202513
0.0777806
0.0202292
0.0203538
0.0211784
0.021244
0.956296
0.021094
0.0211607
0.304934
0.0211091
0.0623474
0.0211336
0.0206733
0.420692
0.0208583
0.0208252
0.0225496
0.197483
0.0222957
0.0210412
0.0211024
0.523507
0.416313
0.33914
0.0210999
0.0212089
0.0197858
0.0219732
0.021883
0.358714
0.0211556
0.0210642
0.0221447
0.0212155
0.612434
0.0211527
0.30228
0.0232364
0.030395
0.0221623
0.947658
0.0201021
0.0229596
0.0536068
0.0213448
0.0936415
0.0455538
0.0758367
0.187346
0.0260941
0.372277
3.2392
0.0204326
0.125232
0.0211508
0.0204877
0.0199048
0.147562
0.0211134
0.0206617
0.0211253
0.0211015
0.0214783
0.859534
0.15727
0.0208398
0.0195626
0.0210906
0.0211952
0.0223122
0.0215829
0.0212402
0.524537
0.021821
0.0680368
0.021117
0.0211624
0.0211842
0.0213195
0.0222715
0.0621121
0.0211782
0.0213631
0.0213065
0.0226334
1.05144
0.0238251
0.020049
0.0220051
0.164119
0.296228
0.0211271
0.778874
0.0224059
0.0210503
0.62535
2.42837
0.0211449
0.0212463
0.020927
0.0204562
0.116793
0.32414
0.0213949
0.312735
0.0216701
0.0564501
0.0496125
0.0213736
0.0217787
0.0198375
0.0205223
0.277747
0.294442
0.0211818
0.0202466
0.183863
0.763281
0.0211537
0.0211641
0.0235547
0.02878
0.021252
0.0214001
0.021957
0.0213669
0.020234
0.0212703
0.0212819
0.0224313
0.0200084
0.0196554
0.0217605
0.0198016
0.0588267
0.0217645
0.0223124
0.0244732
0.0201497
0.166829
0.608728
0.0213041
0.189051
0.0211342
0.038072
0.0203418
0.0213272
0.329031
0.0275789
0.0206631
0.021156
0.788651
0.0213269
0.0258726
0.0205435
0.0213515
0.0211973
0.0213243
0.0205713
0.0218748
0.0208434
0.638728
0.020544
0.0213777
0.0243426
0.0211821
0.263361
0.0212811
0.101028
0.0248551
0.961002
0.0797467
0.0213202
0.0211111
0.0215146
0.176717
0.0213765
0.0211942
0.0206066
0.354894
0.0206701
0.435922
0.0212509
0.553656
0.0211109
0.295998
0.0202278
0.0214087
0.0215961
0.293544
0.0347017
0.0211167
0.0219423
0.487164
0.0216484
0.065377
0.0211248
0.0208278
0.0321164
0.317008
3.1968
0.0206831
0.0235978
0.0197679
0.0213588
0.0678195
0.0216829
0.313969
0.0212757
0.0203555
0.0203927
0.0212101
0.45033
0.195951
0.0211883
0.0217785
0.0203376
0.020009
0.020701
0.0220131
0.022879
0.0203926
0.0665975
0.0568732
0.0229586
0.0222618
0.310079
0.327316
2.90939
0.0242524
0.022184
0.0208647
0.136754
0.610822
0.0221298
0.0212089
0.0311014
0.0213839
0.0208251
1.20675
0.314788
0.0223875
0.0206529
0.0206477
0.0943879
0.0212443
0.0550462
0.0249928
0.640669
0.0211047
0.0207521
0.0212521
0.338935
0.05786
0.0218504
0.0210873
0.0379427
0.4398
0.021491
0.0564134
0.0218933
0.0291979
0.0209051
0.0212125
0.329549
0.0205878
0.0212153
0.0211977
0.200503
0.153629
0.0212308
0.0205529
0.432501
0.0234594
0.0202311
0.0226561
0.476916
0.0469632
0.0234784
0.020851
0.0204598
0.0209183
0.573258
0.314861
0.0512913
0.0214982
0.0222053
0.0397552
0.0212319
0.0213714
0.0345925
0.498034
0.0583802
0.0212533
0.213825
0.0321364
0.0330284
0.0213806
0.164158
0.0213134
0.0390616
1.189
0.0215059
0.0295992
0.364921
0.020865
0.356218
0.0212493
0.0230367
0.0220361
0.0222126
0.318666
0.155484
0.0228613
0.0214082
0.11006
0.326604
0.0215022
0.0214047
0.0210735
0.0206126
0.0327779
0.0224262
0.0222151
0.0225012
0.0432624
0.0211012
0.0223112
0.023779
0.0208269
0.0431864
0.0204558
0.0230268
0.710261
0.0197136
0.0221047
0.705424
0.020323
0.0325674
0.622354
0.0314266
0.0274352
0.717073
0.0331328
0.0369763
0.0206758
0.0234867
2.90104
0.0202131
0.359237
0.0429629
0.0206624
0.0351041
0.0211884
0.0866553
0.020891
0.044037
0.373772
0.0510723
0.0202221
0.0205769
0.0197883
0.0241009
0.693271
0.0227156
0.0224724
0.033378
0.0211808
0.0214177
0.0735015
0.0612783
0.0609358
0.0249871
0.0213444
0.717068
0.0213351
0.0327457
0.021274
0.0212813
0.0213027
0.0209268
0.570118
0.29229
0.0211566
0.0213922
0.0212085
0.177395
0.0344706
0.0204299
0.0258559
0.0212847
0.0208736
0.153175
0.0230785
0.0204095
0.0719118
0.658552
0.0231242
0.0210127
0.654913
0.0206133
0.0235266
0.0209798
0.021292
0.0212209
0.0245634
0.0211131
0.0208863
0.0214353
0.0213647
0.0243023
0.0218869
0.373509
0.033758
0.019631
0.376047
0.812528
0.326523
0.0251296
0.0197524
0.330431
0.0212681
0.0368157
0.0210414
1.03789
0.022025
0.0214368
0.0231889
0.0587885
0.0507841
0.0221658
0.289585
0.714538
0.576037
0.0213318
0.0214491
0.327367
0.684108
0.0213383
0.0210763
0.021315
0.0214236
0.0201413
0.959498
3.60504
0.0328785
0.0212736
0.0197717
0.021182
2.57422
0.0216673
0.0204376
0.021812
0.0213791
0.0211268
0.153313
0.0213632
0.0205649
0.0222093
0.683644
0.296051
0.021617
0.0211107
0.473824
0.0204419
0.0241541
0.411916
0.0858353
0.0213886
0.0203699
0.465343
0.0220262
0.342458
0.0394567
0.0251032
0.0201976
0.0203378
0.0213122
0.0216082
0.0324061
0.0631164
0.0418758
0.0270015
0.0261257
0.0283283
1.05453
0.0208449
0.345091
0.0280083
0.0208509
0.0196735
0.0197391
0.0212816
0.0259789
0.0226276
0.0231514
0.0284293
0.021395
0.0218333
0.0237632
0.0208624
0.0229383
0.0207602
0.0203623
0.763556
0.0433287
0.0217878
0.0207665
0.704844
0.0508828
0.0212915
0.0197344
0.0216457
0.0288597
0.0211381
0.030069
0.042444
0.0411011
0.0214117
0.0197255
0.243899
0.0215296
0.022434
0.0271739
0.021691
0.232447
0.0216436
0.134893
0.0204204
2.67642
0.02113
0.021177
0.0213266
0.0214205
0.0216509
0.0216627
0.0982464
0.021412
0.0211076
0.021313
0.0997766
0.132414
0.0213029
0.0213652
0.0273463
0.0211771
0.0215715
0.0214248
0.0577079
0.0218649
0.0211341
0.0213865
0.0292605
0.0217108
0.0212918
0.0213462
0.0211879
0.020331
0.0287526
0.0213517
0.712974
0.0213943
0.0434267
0.276864
0.695949
0.0200735
0.0214682
0.0211122
0.0207281
0.0228415
0.0739622
0.0213463
0.0212725
0.0210274
0.0212544
0.0208576
2.1607
0.020208
0.0413041
0.0837578
1.28051
0.0213239
0.0203069
0.32874
0.0301782
0.0197569
0.0594277
0.61082
0.0268586
0.021244
2.11744
0.0221791
0.384455
0.0213118
0.0217917
0.0306176
0.411868
0.0226138
0.0264675
0.0211567
0.0304504
0.0225054
0.0206859
0.0697558
0.566745
0.687856
0.534521
0.0213445
0.0222757
0.0201826
0.0210947
0.0197595
0.0220526
0.62416
0.0404737
0.0216104
0.0206005
2.10911
0.0210451
0.0213655
0.0216325
0.021261
0.419169
0.0214205
0.330943
0.410373
0.0212841
0.424628
2.09854
0.0207178
0.0204102
2.63984
0.0220864
0.022657
0.0212005
0.0226217
0.0231364
0.0237867
0.021346
0.021493
0.0213763
0.0463729
0.407062
0.0205072
0.0207764
0.020608
0.019701
0.0243346
0.316537
0.0216934
0.0213953
0.0538074
0.39413
0.019725
0.0222732
0.0215859
0.0213442
0.0935888
0.020322
0.0227336
0.0274045
0.0207724
0.0213163
0.0197078
0.45608
0.15814
0.0330492
0.288335
0.176396
0.0289666
0.804632
0.0205656
0.0213402
0.0197212
0.5095
0.0314507
0.857493
0.29976
1.87373
0.0220732
0.0884614
0.0203444
0.0214376
0.0257765
0.296492
0.0211221
0.0216779
0.277651
0.0222658
0.0212667
0.0337444
0.0213787
0.0334252
0.0232748
0.0211847
0.0215652
0.0214627
0.0210613
0.0214253
0.0197396
0.107006
0.11927
0.0210808
0.108251
0.0222001
1.09024
0.0217041
0.560915
0.022223
0.267097
0.0214083
0.0386233
0.0213845
0.348783
0.0212825
0.0211803
0.0212816
0.0226926
0.0204377
0.0213263
0.0256464
1.22389
0.0214598
0.0213702
0.0212273
0.248248
0.386388
0.0214155
0.0213826
0.0248122
0.0216007
0.0217125
0.513234
0.0221523
0.0302943
1.07838
0.0218922
0.0210436
1.69884
0.0196861
0.383784
0.53588
0.258527
0.0204371
0.0237294
0.0845708
0.0207544
0.0236281
0.021264
0.0217434
0.0215916
1.78984
0.0212626
0.0202081
0.0212195
0.021187
2.96839
0.0219386
0.020021
0.0196442
0.0224256
0.0205785
0.0237252
0.524219
0.397811
0.0197248
0.528029
0.0221307
0.0204364
0.0223214
0.0296196
0.0211194
0.0201524
0.0214322
0.461274
0.0202124
2.27204
0.0199987
0.0209756
0.0211821
0.0216892
0.0480258
0.021381
0.0205999
0.0220502
0.0216348
0.0221113
0.470038
0.0209831
0.40826
0.0754882
0.0224634
0.0204427
0.384359
0.0216448
0.0212734
0.023357
0.0215262
0.0212412
0.0212702
0.0204219
1.77541
0.0215306
1.83942
0.514177
0.0213237
0.0229151
0.681234
1.6174
0.0209129
0.0195816
0.100894
2.13585
0.0496338
0.0196615
0.0211802
0.0215431
0.0212965
0.0230408
0.104077
0.0200012
0.0203677
0.0212612
0.0198881
0.0250338
0.0238074
0.0211955
0.239925
1.90107
0.0211666
0.0207274
0.0258878
0.0955959
0.0207296
0.0203941
2.33396
2.25396
0.140378
0.0201984
0.0197075
0.021112
0.0262807
0.0533416
0.0303499
0.0204229
0.429987
0.0212933
0.0212125
0.0200712
0.363377
0.0618029
0.0217285
0.261931
0.0562317
0.0689044
0.092619
1.81947
0.0216055
1.47184
0.0313068
0.0204225
0.0216641
0.0215526
0.645296
0.982196
2.78046
0.0209213
0.309048
0.53158
0.139867
0.0213609
0.0208656
1.74713
0.0510316
0.0582085
0.0214108
2.01672
0.020682
0.0212306
0.0209872
0.0202154
0.0206018
1.53426
0.0389659
0.0212112
0.0211982
0.0566822
0.0215987
0.0208818
0.0246207
0.0203576
0.0232171
2.40978
0.0214262
0.716863
0.0212459
0.755263
0.0212282
0.0204708
0.0986437
0.075981
0.867178
2.77197
2.23511
0.0284575
0.0212827
0.296234
0.0213465
0.293382
0.0202743
0.021065
0.0215204
0.0211889
0.0211453
2.43382
0.0216665
0.0204373
0.300847
0.61047
0.0195323
0.0195425
0.0215563
0.0196721
0.922716
0.471781
0.0213644
2.48582
0.0215919
0.0211291
0.0213753
0.0213611
0.470978
0.0213241
0.0225743
0.0224912
0.0221703
0.0216046
0.0211662
0.0212301
0.0210485
0.0216225
2.1012
0.0215819
0.0214163
3.31883
0.0212335
0.203723
0.203822
0.100632
0.0238912
0.355791
0.0222921
0.319615
0.0206442
0.583292
0.239593
2.21333
0.0202948
0.0644999
0.0372603
0.0276381
0.274718
0.0213783
0.0213356
0.0213282
0.0367471
0.339938
0.0545081
0.0308062
0.0201966
0.324366
0.021296
3.61763
0.0222175
0.0295019
0.0216135
0.343661
0.0212924
0.0854714
0.0197297
0.0218624
0.0880153
0.165371
0.0213765
0.104397
0.0209564
1.18344
0.175508
0.0560732
0.0344846
0.0212052
0.0688446
0.0318451
0.0569465
0.0319489
0.0204895
0.0203259
0.0209304
3.17856
0.0214057
0.411345
0.0214409
0.0202299
0.0206861
0.0224626
0.0205235
0.615984
2.00883
0.0291298
0.0204898
0.021626
0.0384388
0.0213354
0.0216018
0.24568
1.6669
0.289618
0.0213936
0.0468455
0.0366236
0.0405023
0.0442038
0.0204993
0.0214723
0.021365
1.78726
2.2868
0.0214154
0.021533
0.0212804
0.0205579
0.0226438
0.568561
0.0531771
1.72958
0.0213965
0.559215
0.0500389
0.0872694
0.0470328
0.0442542
0.160866
0.0207612
0.0218446
0.0298593
0.399885
0.0213627
0.0210506
0.0281711
0.0579106
0.115775
0.0522572
0.302246
0.0210115
0.311758
0.0610562
0.0300748
0.0212926
0.0297299
0.0213167
0.0286112
0.0370464
0.0266813
3.0031
0.0197437
0.0218445
0.0211658
0.0411003
0.0476269
0.0208817
0.621328
0.374486
2.68216
0.0831213
0.0229381
0.0212293
0.0196692
0.0211165
0.030883
0.0864607
0.0213974
0.0234397
0.0230226
0.0214453
0.0214023
0.0706982
0.0220461
0.0348459
0.0567497
0.077846
0.310499
0.0484363
0.020547
0.248953
0.0236357
0.0235241
0.0223804
2.43883
0.055801
0.536919
0.0359137
0.594495
0.360574
0.194737
0.0364978
0.0530535
0.0213304
0.0214944
0.0205779
0.0257999
0.0204408
0.0498681
0.0215151
0.0468469
0.0520624
0.0207433
0.36163
0.0213751
0.0212192
0.0740241
0.0678861
0.0482138
1.94817
1.9914
0.021344
0.0214273
0.117091
0.0211492
0.0676029
0.0220238
0.0202451
0.0208622
2.44059
0.352889
0.0235179
0.0204824
0.0624864
0.021583
0.414233
0.173885
0.0204399
0.0196892
0.0211025
0.0211688
0.0223498
0.0207817
0.0212717
0.0803894
0.0619087
0.020042
0.0201642
0.0197191
0.127308
0.0200707
0.0205205
0.021243
0.0421141
0.0212036
2.95442
0.0251425
0.022128
0.021935
0.0911031
0.0696031
0.0448746
0.0227644
0.0406123
2.01509
0.0210277
0.0196181
0.0241695
2.20237
0.0679724
0.0232482
0.93781
0.0850715
0.0207947
0.205889
0.158647
0.0196227
0.022319
0.105987
2.94805
0.0217188
0.021065
0.0218401
0.0388599
0.021325
0.0207344
0.0211553
0.020528
0.0674816
0.598445
0.021187
0.0216679
0.0203441
2.60869
0.020841
0.0222642
0.0212628
0.0232025
0.075841
0.019611
0.0227136
0.292361
0.0228994
0.0208467
3.51755
0.0212295
0.406678
0.574793
0.048538
0.022214
0.0207907
0.410024
0.0207798
0.0214588
0.0213312
0.337439
0.294525
0.0214311
0.0217892
0.585592
0.346456
0.0582176
0.354066
0.0228948
0.0208091
2.57583
0.0211748
0.0618332
0.0214559
0.0202026
0.0219474
1.0073
0.0212265
0.0220769
0.0197855
0.0198908
0.138375
0.0212504
0.0206604
0.0212948
0.021044
0.0208115
1.06013
0.0217289
0.0207329
3.71064
0.568239
0.345292
2.657
0.021137
0.0205144
0.0250177
0.119189
0.368095
0.0201771
0.0307346
0.0212762
0.0236736
0.097497
0.0215728
0.0216243
0.0226193
2.44494
0.02145
0.520312
0.0206527
0.0231098
0.0421636
0.0757612
0.523642
0.0207395
0.020253
0.138656
0.0196363
0.0209167
0.0202549
0.689629
0.0210096
1.84897
0.0813673
0.0220483
0.0197066
0.0209526
3.40446
0.29743
0.0205081
0.0229564
0.0204546
0.230125
0.0209653
0.407713
0.0211588
0.0213008
1.47447
0.021362
0.0209636
0.020763
0.293061
0.0228541
0.0199745
0.0219924
0.0215708
0.0202159
0.106559
0.3791
2.25934
0.0206574
0.0211032
0.020914
0.0548592
0.0197427
0.0212283
0.0228648
2.19361
0.55753
0.0201842
0.170301
0.0217295
2.74701
0.0615874
0.950749
0.0214445
0.0234707
0.0212487
0.167886
0.0211233
0.674377
0.114668
0.433847
0.458101
0.0198439
0.113856
0.0211354
0.0212498
0.020942
0.0327783
0.034946
0.025094
0.0209567
0.0200286
0.0834546
0.0211689
0.354958
0.710488
0.348504
0.0212855
0.0711091
0.0198628
0.0205544
0.10813
0.0213367
0.0212755
0.0209227
0.459875
0.0858911
0.460483
0.179855
0.0309297
0.117125
0.363444
0.213079
0.0245532
0.0212217
0.021185
0.0205954
0.0209143
0.0200273
0.0236225
0.0218047
2.53264
0.021666
0.268115
0.0208115
1.63269
1.80508
0.0305939
0.021193
0.510117
0.0200301
0.0196794
0.0213935
0.909706
0.309386
0.0800029
0.0203355
0.0195845
0.0206295
0.0216191
0.0207471
0.026267
0.412582
0.210288
0.0241992
0.0214138
0.0201343
0.715004
0.126077
0.0214014
0.0285166
0.0548505
0.0217268
0.0207754
0.0211596
0.700093
0.0224201
0.021097
0.371967
0.130408
0.020761
0.273794
0.0208186
1.85629
0.0199927
0.020658
0.0195709
0.02504
0.0200013
1.80208
0.66942
0.41899
0.0215193
0.0214699
0.0478782
0.0211564
0.0203149
0.021251
2.39431
0.0401945
0.0216587
0.0214906
0.043944
0.0250251
0.070088
0.0205552
0.474519
1.68644
0.0208006
0.0780562
0.024792
0.0209887
0.937784
0.0196522
0.0249977
2.30191
0.0217744
0.0212619
2.45474
0.02093
0.0202639
0.0212952
0.30565
0.021092
0.021025
0.0234453
0.313165
0.0373756
2.87017
0.032896
0.0212403
0.022473
0.0199981
0.0207029
0.0211711
0.0209431
0.0216209
1.41284
0.0211684
2.75934
0.0235381
0.080504
0.0216404
0.0200251
0.0206339
0.0217104
0.0213974
0.0980322
0.0213823
0.0221677
0.390167
2.6469
0.0738173
0.0211603
0.0414839
0.0211496
0.0209955
0.0197125
0.0205553
0.022884
0.0418829
0.0217494
2.3769
0.342642
0.296778
0.0212971
1.81238
0.025295
0.0200633
0.020841
0.0195824
2.22136
0.586302
0.0441177
0.250412
0.0222221
0.0216639
0.0213246
0.810762
0.0479752
0.526243
0.263484
0.0203316
0.0648985
0.0750142
0.0269135
0.0210863
0.0258585
1.90038
0.0214618
0.0305828
0.0208759
0.0224535
0.0205788
2.34449
0.0310252
0.0210556
0.0225178
0.0367
0.0206207
0.0213852
0.0207044
0.25962
0.0348094
0.0214254
0.0198474
0.0269712
3.11261
0.0219321
0.0260354
0.0199078
0.0204046
0.0220478
0.354218
0.0200573
0.0225903
0.0603326
0.0206396
0.438208
0.0209615
0.0209129
0.0901371
0.0196891
0.0207733
0.0206107
0.0304861
0.25829
0.0213948
0.276806
0.020845
0.0294384
0.0243996
0.0203217
0.233457
0.0251679
0.020103
0.0205609
0.0213861
0.0897345
0.0217405
0.020565
0.0221968
0.0226011
0.0214201
0.389365
0.0357011
0.548259
0.0212698
0.0641812
0.0212585
0.326396
0.216734
0.0212722
0.0212745
0.0298048
0.020955
0.0208073
0.0853852
0.019915
0.0213414
0.0221904
0.0235976
0.268792
0.0265001
0.259199
0.299479
0.0231533
0.228478
0.0198717
0.0198835
0.347737
0.0579727
0.0312391
0.0207835
0.0211719
0.0209114
0.0228227
0.549925
0.0524704
0.0237714
0.0207254
0.0201934
0.0272104
0.0210358
0.0195264
0.448851
0.0197128
0.601391
0.0226073
0.0211675
0.125924
0.0252553
0.022699
0.509898
0.305346
0.0213204
0.0205573
0.0196155
0.031016
0.0213804
3.22511
0.0207289
0.0209388
0.0210853
0.0208028
0.0400544
0.359588
0.022364
0.0210328
0.0212714
0.021043
0.303026
0.0241534
0.0209385
0.775029
0.0204624
0.0203329
0.0208649
0.127828
0.0483501
0.0236368
0.400308
0.0211786
0.514182
0.0200897
0.0223008
0.0207355
0.410374
0.0211327
0.222781
0.0208517
0.021069
0.0240734
0.0205725
0.281418
0.0209886
0.020351
0.505777
0.0212304
0.0214009
0.35545
0.576882
0.0202882
0.188574
0.0201428
0.0243846
0.0226746
0.0263131
1.77563
0.0208066
0.182127
2.32389
0.0671614
0.0217476
0.0204121
0.489392
0.0312002
0.0198465
3.01715
0.0216802
0.021364
0.0212033
0.0202246
0.0242424
0.0207587
0.0212616
0.337013
0.425326
0.0206165
1.41172
3.04159
0.534328
0.0207812
0.020867
0.336462
0.0211485
0.0212605
0.508021
0.194302
0.0306039
0.0263227
0.0214035
0.0200372
0.116044
0.394533
0.0214369
0.0286354
0.0496947
0.0267313
0.650076
0.0519779
0.020844
0.0200919
0.0198956
0.0210281
0.0241443
0.0208338
0.418428
1.22521
0.0224188
0.0712257
0.0211023
0.0252437
0.0939424
0.0211796
0.0203088
0.515289
0.020621
2.88288
0.0207985
0.0204568
0.0210774
0.020538
0.0228739
0.0208529
0.0234849
0.0362467
0.0524045
0.044762
0.0215511
0.0208437
0.310124
0.0217995
0.0212578
0.0208392
0.420728
0.0211364
0.304495
0.0387888
0.0208064
0.0215449
0.0197587
0.0210944
0.0208188
0.088999
0.856976
0.0274814
0.0207196
0.0849642
0.020259
0.0212625
0.0440505
0.0217451
0.0334617
0.0783737
0.0209093
0.0208935
0.349829
0.0215793
0.0205818
0.701114
0.243109
0.0212998
0.0291227
0.0216478
0.021134
0.061986
0.0213798
0.0211129
0.938908
0.797424
0.0233956
0.0207291
0.0217806
0.019994
0.392774
0.0214539
0.0287534
0.476712
0.496291
0.0745255
0.0211435
0.0220006
0.0218543
0.021057
2.68801
0.0215994
0.0273955
0.0207147
0.0217187
0.0202982
0.0234028
0.0323343
0.275255
0.0231482
0.0208579
0.0201226
0.061089
1.23533
0.33794
0.0208945
0.0204312
3.01344
0.0215318
0.0211392
0.0213297
0.02084
1.65649
0.0232436
0.0209663
0.0805183
0.0199315
0.0207984
0.0201793
0.020706
0.0331597
0.0211528
0.0205721
0.0210246
0.02126
3.37758
0.0209782
0.640808
0.0224755
0.0200592
0.0220986
0.0222982
0.372839
0.0254252
0.0206251
0.954332
0.0205654
0.551472
0.02435
0.0196537
0.0217092
0.44208
2.15913
0.538648
0.0199608
0.0206859
0.0615709
0.0233868
0.0227592
0.115387
0.0205706
0.0200482
0.0218734
0.0289635
0.0205514
0.0462922
0.0280141
0.293458
0.0208313
0.313647
0.020715
0.021606
0.0199697
0.0247737
0.0261055
0.0224364
0.021028
0.389688
0.0319017
0.0198863
0.0211385
0.0207373
0.0217093
0.0199933
0.021354
0.172152
2.48496
0.0209393
0.15847
0.0216449
0.0477492
0.0220289
0.247647
0.0202135
0.021215
0.0199642
0.0445192
0.0255101
0.0211145
0.0198762
0.38659
0.0205729
0.0230068
0.0201629
0.19852
0.393999
0.50222
0.238469
2.3316
0.020776
0.0235572
0.391915
0.0210948
0.0201181
0.130327
0.0206101
0.0216799
1.36827
0.0224853
0.0224772
0.0212003
0.261652
0.0208863
0.022711
0.0200325
0.0522671
0.0359637
0.0199054
3.08489
1.80395
0.354236
0.0210931
0.0206376
0.019784
0.0201346
0.0209842
0.238912
0.0195623
0.0196686
0.0517821
0.0212
0.0216669
0.0224693
0.0211487
0.350582
0.0655852
0.0213337
0.0196103
0.0203179
0.609319
0.0213974
0.0363594
0.02011
0.0264845
0.023866
0.021073
0.0204185
0.0229628
0.0215482
0.0233451
0.0286782
0.0198025
0.579396
0.942285
0.0215142
0.0211265
0.0212275
0.0219441
0.024757
0.0287794
0.0205933
0.0345459
3.24085
0.0210405
2.79209
0.0549135
0.020968
0.181298
0.0206022
0.0213959
0.0209608
0.944667
0.0212786
0.449825
0.0196069
0.0237233
0.0215356
0.183584
0.0210651
0.0282224
0.0199599
0.0218029
0.0219371
0.0294695
0.0211463
0.0200822
0.0215264
0.0204786
0.0199157
0.0291759
0.0543907
0.022122
0.0277607
0.282886
0.896127
0.105852
0.0220126
0.0213266
0.0199424
0.0329281
0.329405
0.021043
1.02494
0.306151
0.0206654
0.0206961
0.186093
0.0210078
3.14703
0.0198464
0.0222451
0.0207603
0.0204918
0.0228884
0.0205992
0.282034
0.0196165
0.0211614
0.0256835
0.0215422
0.0196926
0.89536
0.020732
0.0232919
0.0207327
0.0226591
0.02252
0.0198998
0.0200401
0.600209
0.0217772
0.0199076
0.238012
0.0466199
0.296677
2.4554
0.458855
0.0198795
0.585172
0.0328677
0.111287
0.0200334
0.0227911
0.552496
0.0238396
0.0199845
0.585614
0.0210982
0.021088
0.16901
0.0202499
0.0218799
0.02189
0.214397
0.0316475
0.111317
0.119052
0.0214928
0.317359
0.022415
0.93106
0.0212529
0.0198293
0.0224316
0.0225233
0.49505
0.0218977
0.0200258
0.0209907
0.0472453
0.0207688
0.0220988
0.0210675
0.035628
0.0209704
0.0216457
0.0288853
0.0216272
0.744272
0.0230245
0.0207928
0.0196469
0.965968
0.0284029
0.0210781
0.0197934
0.022415
0.350857
0.0205932
0.0479839
0.0210167
0.102436
2.84805
0.0206072
0.358117
0.0229498
0.0232255
0.0271386
0.021272
0.0211583
0.0210744
0.506664
0.020629
0.617285
0.467373
0.292655
3.64432
0.0215406
0.0246957
0.0212601
0.237382
0.0198528
0.499571
0.0213539
0.0208441
0.0219291
0.0209247
0.396927
0.0397264
0.0228178
0.0207935
0.0798767
0.55856
0.0220334
0.0221088
0.021077
0.0216017
0.0208325
0.0222215
0.0422579
0.0642692
0.0209957
0.0213754
0.0229635
0.188059
0.025396
0.020508
0.0206482
0.0202524
0.0734186
0.0207188
0.0197839
0.0210982
0.573597
0.587345
0.0216495
0.0195847
0.0198149
0.0970455
0.020533
0.0210833
0.0672063
0.0239132
0.0213572
0.0217183
0.107344
0.0206965
0.0315845
0.0213673
0.0223749
0.0249006
0.0208394
0.0205121
0.0215389
0.354295
0.0202106
0.022168
0.0302765
0.0209215
0.0430234
0.0214063
0.0212449
0.31159
0.83877
0.0199619
0.0222457
0.0857937
0.0203211
0.0209005
0.0207095
0.0796399
0.0277895
0.0215682
0.393165
0.0211928
0.0212881
0.0211546
0.364489
0.0296375
0.0553314
0.0719945
2.19051
0.0463623
0.019994
0.141158
0.0213839
0.0207061
0.945635
0.0219867
0.0586617
0.0212815
0.375738
0.0211035
0.0198647
0.0226888
0.0197983
0.612135
0.0213897
0.0209022
0.0213451
0.0213062
0.635625
0.162342
0.021146
0.0447196
0.0210628
0.404136
0.0224614
0.0204419
0.341069
0.0206495
0.0303925
0.311678
0.0205755
0.50128
0.0731892
0.0207865
0.02039
0.0208186
0.0210489
0.0221682
0.021048
0.0212202
0.0204691
0.0214161
0.0260725
0.0215317
0.55094
0.0626035
0.350959
0.021067
0.0210377
0.0204328
0.0270679
0.0204823
0.0211126
0.111846
0.0525157
0.0200524
0.0478997
0.0219092
0.0213906
0.0240185
0.0210817
0.0214482
3.5237
0.38102
0.021343
0.022638
0.0200164
0.0269246
0.0400565
0.0221207
0.0199378
0.0298228
0.0203854
0.0206538
0.0197709
0.385254
0.021588
0.581195
0.0551689
0.0207754
0.0210813
0.557809
0.0203201
0.0417556
0.0884771
0.022018
0.0196818
0.100654
0.0207525
0.407813
0.0202997
0.0210906
0.0212612
0.0205292
0.37059
0.0275702
0.020198
2.92025
0.0224429
0.0199694
0.0202694
0.0258531
0.0199091
0.0216276
0.0246137
0.0211535
0.0202238
0.019588
0.0220965
0.0234929
0.0201486
0.0270452
0.0275511
0.0287077
0.0207003
0.130276
0.0219899
0.0222052
0.0220562
0.0203581
0.021093
2.37689
0.0209939
0.0210809
0.672441
0.0208113
0.0211489
0.021601
0.0820621
0.0198646
0.0206773
0.346486
0.0219821
0.0215715
3.15077
0.118199
0.0200841
0.0206313
0.0762677
0.0210712
0.0202235
0.428504
0.0494836
0.278386
0.0206887
0.0202502
0.021035
0.503182
0.0215559
0.412344
0.0219054
0.0220476
0.0210076
0.0198804
0.681232
0.024045
0.0209575
0.0201681
0.187063
0.0219924
0.372515
0.0231846
0.0201827
0.021213
0.023115
0.058928
0.460547
0.0277704
0.0209762
0.0207792
0.479267
0.577178
0.0210675
0.0474237
2.70104
0.0199374
0.0200916
0.0267765
0.295997
0.0242239
0.0215301
0.087013
0.0208772
0.020562
0.716523
0.0215243
0.0227914
0.0213437
0.0229879
0.0211186
0.0223582
0.0208968
0.681569
1.73815
0.0209974
0.0208416
0.38686
0.0229186
0.0213779
0.0206267
0.0207753
0.0203919
0.0473996
0.0203461
0.0992421
0.0235904
0.02076
0.0266204
0.0209682
0.182991
0.0212513
0.405638
0.0197152
0.021151
0.0278377
0.0203471
1.8008
1.28693
0.0597343
0.319112
0.904365
3.26285
0.0537875
0.0212196
0.0202715
0.0210621
0.021134
0.0208694
0.0200759
2.35224
0.0209953
0.432981
0.114175
0.0209126
0.021355
0.497277
0.574343
0.0208468
0.293514
0.0202164
0.0206816
0.0254669
0.0207724
0.0211232
1.78573
0.0200913
0.021367
0.38345
0.0210688
0.28886
0.0213577
0.0207795
0.0216042
0.021544
0.0893086
0.143074
0.0210677
0.0211529
0.0223738
0.0271828
0.0218948
1.75755
0.0274106
0.0209373
0.0223283
0.0210618
2.30683
0.0200413
0.0244127
0.40152
0.0212671
0.0210067
0.398182
0.0354534
0.0201767
0.0207931
0.898637
0.042903
0.0219616
0.0274319
0.02141
0.0213752
0.0216202
0.0212604
0.0210829
0.0222069
0.120555
0.0210209
0.0519893
0.0201444
0.0220693
0.401629
0.0874278
0.0207237
0.313459
0.0207192
0.056977
0.0224869
0.0213989
0.0218926
0.0860515
0.330378
0.0225354
0.0215447
0.021826
0.98243
0.0212866
0.0260891
0.0207261
0.0209118
0.0232266
0.0221907
0.0209005
0.0288383
0.0199954
0.408864
0.0209119
0.209572
0.0207152
0.0211264
0.295522
0.0202012
0.0230562
0.0235322
0.298946
0.0201214
1.00733
1.73974
0.398977
0.0212786
0.142197
0.0208872
0.021141
0.516705
0.0798977
0.0200106
0.0222151
0.0198375
0.0211184
0.0230292
0.0474463
0.522533
0.0278153
0.0218702
0.321767
0.0216243
0.02682
0.0213445
0.514439
0.182909
0.873367
0.0210814
0.0207733
0.0217557
0.0232042
0.103121
0.115266
0.0208723
0.305569
0.0208265
0.0212394
2.69185
0.0210329
0.535529
0.476279
0.050655
0.118879
0.0874546
0.0214007
0.020022
2.76433
0.357031
0.0212789
0.0216882
0.0196068
0.0205323
0.0211128
0.0212105
0.0207476
0.0215747
0.0204166
0.0207703
0.0205277
0.0204315
0.0201657
0.0201364
2.64049
0.377708
0.493625
0.0233327
0.0206252
0.903839
0.187323
0.02124
0.0212482
0.0200086
1.77093
0.0196243
0.0206791
0.0201443
0.0210824
0.0210731
0.0216553
0.0202859
0.0485524
1.80119
0.0218333
0.0237279
0.0212082
0.0391183
0.0210124
0.0215434
0.0204876
0.0217632
0.0206735
0.0227026
0.0212791
0.0254304
0.323445
0.042178
0.112029
0.020189
0.295953
0.534609
0.102673
0.0209451
0.434537
0.0212238
0.0233161
0.46902
0.0213886
0.0199848
0.388219
0.0486572
0.0217798
0.559724
0.0203449
0.0207963
0.976346
0.0201568
0.0201073
0.177123
0.0207618
0.0213517
0.0246309
0.020188
0.0203928
0.0217537
0.449612
0.113222
0.0212859
0.0482007
0.0204223
0.0241478
0.0199567
0.0220184
0.10237
0.0213498
0.0449448
0.0224275
0.0393182
0.0214178
0.0203214
0.0210593
0.0205436
0.113078
0.0211298
0.0206085
0.0240993
0.388129
0.0213389
0.0204284
0.024613
0.0254894
0.0207275
0.0212293
0.0217438
0.484103
0.0212114
0.0213346
0.0666203
0.0279172
0.0228851
0.020262
0.286876
0.0199923
0.0202836
0.0207656
0.0213474
0.020985
0.0205934
0.582385
0.158514
0.0221058
0.0289183
0.495161
0.0225322
0.019613
0.0201221
0.0213801
0.0329825
0.0213573
0.0225544
0.0215679
0.0203529
0.575293
0.0207319
0.0222228
0.0246484
0.861105
0.020933
0.0216534
0.0263479
0.0216771
0.0200257
0.0198404
0.0370504
0.0222854
0.020148
0.0215447
0.019891
0.280237
0.144279
0.0213177
0.0213831
0.0210172
0.022633
0.0218406
0.0205516
0.0212393
0.0205167
0.0214354
0.104365
0.0355596
0.0209944
0.0212166
2.10979
0.0215254
0.140895
0.0210319
0.0210852
0.384932
0.0209474
0.0211177
0.0220341
0.0225135
0.0216002
0.0225435
0.842761
0.0213172
0.0210506
0.0213865
0.021227
0.0212305
0.0259312
0.0199453
0.0218078
0.889412
0.023215
0.0653341
0.0199084
0.0214054
0.0225546
0.0201164
0.0200987
0.0211628
0.0480751
0.0229611
0.0221721
0.0790506
0.0207819
0.0196018
0.0671854
0.0210389
0.0225917
0.0212422
0.0212431
0.0213328
0.0196338
0.0233625
0.884777
0.0209591
0.0206432
0.0211637
0.0245924
2.16168
0.0207065
0.0266296
0.0202514
0.0607571
0.0199011
0.0196216
0.15786
0.0200568
0.0202668
0.0210768
0.0211808
0.0218371
0.0211798
0.0213597
0.671632
0.955018
0.0213693
0.0241701
0.0200403
0.0208378
0.0213539
0.317501
0.0211157
0.0344503
0.0214391
1.02072
0.0217874
0.0207043
0.02399
0.0214035
1.43397
0.0200734
0.0200741
0.0212546
0.564786
0.0901315
0.0552248
2.1138
0.107718
0.0216235
0.0253974
0.0227369
0.0214461
0.020857
0.937203
3.43786
0.106367
0.0198781
0.0229295
0.0200191
0.0204278
0.054532
0.0211294
0.0229051
0.020956
0.071725
0.0211137
0.468142
0.0210302
0.0222686
0.511614
0.0215706
0.0233869
0.129156
0.0508973
0.0899165
0.582111
0.0532256
0.0301866
0.020974
0.0231484
0.0228431
2.44891
0.0207623
0.0210582
0.0215567
0.0199287
0.021103
0.0233987
0.0234914
0.0210972
0.0214366
0.14371
0.502059
0.23406
0.0212145
0.0208284
0.0211075
0.132422
0.0201596
0.0551221
0.0201006
0.0210495
0.0570045
0.0202229
0.28913
0.0207605
0.0215607
0.02119
0.0225783
0.0205511
0.0209906
0.0200853
0.0211526
3.41941
0.0216844
0.0217151
0.0215785
0.0331451
1.34284
0.0215657
0.0212783
0.0217984
0.0228269
0.0222892
0.271649
0.0526108
0.022343
0.881959
0.0226793
0.0207788
0.0213063
0.0196556
0.0208569
0.0202976
0.031532
0.0589298
0.0211109
0.0213415
1.8827
0.0224634
0.0197174
3.12555
0.0212421
0.0376734
0.497324
0.0232948
0.0870916
0.0212425
0.020457
0.0206099
0.0249154
0.0209894
0.0211996
0.0210786
0.0979023
0.128058
0.0213853
0.0210525
0.0277449
3.29528
0.479107
0.0217356
0.0224162
0.0210134
0.0494414
0.0334768
0.314981
0.0218941
0.0903308
0.0226134
0.207152
0.0210661
0.0978057
0.555221
0.0201382
0.0223235
0.0256413
0.681271
0.0210857
0.0210196
0.553011
0.085997
0.0252775
0.0211346
0.0224871
0.0224213
0.0595496
0.0210799
0.0210298
0.0209794
0.0209348
0.0211991
0.0225951
0.344237
0.021498
0.049199
0.0979398
0.0243041
0.0227671
0.0237897
0.0251261
0.0201257
0.0794939
0.786843
0.0232947
0.0201536
0.246333
0.020743
0.565588
2.1882
0.915939
0.0200858
0.0217612
0.0271967
0.0205798
0.0225195
0.0213324
0.630222
0.0211235
0.0211452
2.10766
0.0245941
0.0242508
1.96507
0.931839
0.0263777
0.0649624
0.0725763
0.0205098
0.0221784
0.0213432
0.0221793
0.568619
0.0206227
0.0283247
0.126477
1.78506
0.941464
0.036566
0.246956
0.0241905
0.021212
0.0248182
0.0206396
0.0220532
0.616552
0.020723
0.498207
0.0213241
0.0289705
0.861645
0.0215032
0.0211846
0.0317349
0.0238013
0.0204467
0.0209432
0.0198845
0.0273632
0.0977311
0.020995
0.0207107
0.0213595
0.0225911
0.94869
0.022039
0.0219492
0.951148
0.0225687
3.40198
0.511441
0.0777644
0.0220091
0.0210698
0.020752
0.019801
0.0206332
0.021585
0.952589
0.0288398
0.0204224
0.0203933
0.0200768
0.0221149
0.0200443
0.0203399
0.0206653
0.0209658
0.0603487
0.402433
0.0199656
2.09672
0.019864
0.557227
0.0214726
0.0213827
0.0214596
0.276726
0.0221026
0.0211264
0.0206805
0.430599
0.0269857
0.0412415
0.0209819
0.0207432
2.18199
0.0198156
0.534962
0.0441482
0.334589
0.0211939
0.0640391
0.0208099
0.0213579
0.0215135
0.535622
0.0203621
0.0798087
0.0209596
0.0215084
0.0213625
0.0211515
0.0290736
2.40578
0.712022
0.247339
0.0793693
0.0201836
0.0223536
0.0213062
0.0246702
0.710796
0.0204247
3.494
0.05119
0.0212649
0.0237526
0.0210143
0.0214034
0.434475
0.0226107
0.02156
0.0223118
0.0219695
0.118261
0.023707
0.716376
0.0454125
0.0210505
0.0215264
0.483858
0.0212613
0.0217294
0.0216224
0.0416852
0.0228622
0.0215796
0.0672769
0.023057
0.061154
0.0227369
0.89842
0.0996486
0.023163
0.0222496
0.068699
0.0222586
0.0231649
0.112217
0.0210314
0.0225288
0.0208758
0.0381679
0.0201589
0.118461
0.0901722
0.0251598
0.0201183
0.0207002
0.0272744
0.0230071
0.0236559
0.0227899
0.0224948
0.0203226
0.0209107
0.0293204
0.48059
0.10657
0.574274
0.0209688
0.0201686
0.0209473
0.115061
2.92441
0.934896
0.0910779
0.0216593
0.0235261
0.0209824
0.0438787
0.0207777
0.0527046
0.0210933
0.0210118
0.0214138
1.78873
0.0272048
0.0245473
0.845336
0.0219907
0.020105
0.0209995
0.0208645
0.143741
0.0259875
0.293643
0.0250193
0.020148
0.0209598
0.0199824
0.247559
0.02335
0.0219238
0.0233894
0.0209835
1.78728
0.0210388
0.0887953
0.0210473
0.0204539
0.307697
0.0224124
0.0202307
0.0210049
0.0795807
0.0205172
0.0202525
0.934771
0.0250869
0.0473206
0.506932
0.0223295
0.0285566
0.301658
0.022244
0.0217483
0.0207239
0.0426822
0.0198048
0.710004
0.500139
0.0210296
0.0198768
0.0246411
0.155042
)
;

boundaryField
{
    frontback
    {
        type            empty;
    }
    topbottom
    {
        type            fixedValue;
        value           uniform 0.0223;
    }
    outlet
    {
        type            zeroGradient;
    }
    inlet
    {
        type            fixedValue;
        value           nonuniform List<scalar> 0();
    }
    walls
    {
        blending        binomial2;
        n               2;
        beta1           0.075;
        type            omegaWallFunction;
        value           nonuniform List<scalar> 0();
    }
    procBoundary1to0
    {
        type            processor;
        value           nonuniform List<scalar> 
80
(
2.52293
0.0340503
0.0219478
2.37972
0.0219529
0.0253159
2.85943
0.0239475
0.0233974
0.0239475
0.0215597
0.024567
0.0312522
0.0312522
0.0428875
0.0213994
3.26948
2.54455
3.67807
0.0233974
0.0297079
0.0218554
0.0214072
0.0289451
0.0428875
0.0217701
0.0215023
0.0215266
0.4418
0.4418
0.0229906
0.0213993
3.09739
0.0214539
0.0220954
0.0214821
0.0214266
0.0214179
0.0217017
0.0274758
0.021435
0.0213976
0.0388495
0.021435
0.0755918
0.0645978
0.0388495
0.126204
0.0214602
0.0213956
0.0215999
0.021646
0.0214266
0.0755918
0.126204
0.0228576
3.26386
0.0352612
0.0214662
0.124502
0.0603998
0.0262953
0.0527752
0.124502
0.0213956
0.0214179
0.0214116
0.0232803
0.0224127
0.0980878
0.0214116
3.60945
0.0980878
3.49856
2.46345
0.0473162
2.67744
2.46345
0.0222482
0.0226038
)
;
    }
    procBoundary1to2
    {
        type            processor;
        value           uniform 3.75491;
    }
    procBoundary1to3
    {
        type            processor;
        value           nonuniform List<scalar> 
147
(
1.81136
0.888238
0.921264
1.23388
0.521849
0.434581
0.466158
1.09972
0.390503
0.723397
0.42646
3.55808
0.335922
0.377227
0.326716
0.674092
0.724127
0.73309
0.386267
0.408038
0.493742
0.613145
1.86891
0.348444
0.281818
0.66062
1.35471
0.837502
0.923062
0.287753
1.52744
2.93802
0.277337
0.330666
0.412377
0.269804
0.634209
0.565592
1.38376
0.793275
0.36194
0.36194
0.334756
1.98827
0.197611
0.929776
0.327696
1.93753
0.281699
0.338557
0.314588
0.343604
0.344007
0.328984
0.32303
0.301891
0.330156
0.302528
0.29188
0.315382
0.266739
0.281322
0.303642
0.256682
0.344007
0.364491
0.304604
0.345378
0.315763
0.320274
0.296464
0.289942
0.349559
0.386448
0.387206
0.400538
0.3042
0.374782
0.451305
0.373461
0.372733
0.441414
0.501463
0.464021
0.464021
0.392411
0.348871
0.496653
0.390883
0.490353
0.486254
0.486254
0.458636
0.498636
0.439648
0.38159
0.472775
0.459766
0.366799
0.401787
0.391913
0.498796
0.455597
0.597408
0.595194
0.558354
0.558354
0.541365
0.596817
0.588156
0.38578
0.327508
0.675088
0.424266
0.735522
0.715427
0.715427
0.330666
0.710815
0.716451
0.312607
0.402257
0.205007
0.339805
0.397086
0.704679
1.25653
0.155255
0.406802
1.01626
0.862769
1.77552
1.32785
1.33078
1.3307
1.718
1.38385
3.66906
0.38739
0.345901
0.912202
0.584464
0.584464
0.279278
0.279278
2.93802
0.326598
)
;
    }
}


// ************************************************************************* //
