   0.0000000e+00  -1.1090146e+00
   1.0000000e-02  -1.0996076e+00
   2.0000000e-02  -1.0996076e+00
   3.0000000e-02  -1.0896196e+00
   4.0000000e-02  -1.0779876e+00
   5.0000000e-02  -1.0779876e+00
   6.0000000e-02  -1.0643396e+00
   7.0000000e-02  -1.0532796e+00
   8.0000000e-02  -1.0434376e+00
   9.0000000e-02  -1.0434376e+00
   1.0000000e-01  -1.0301606e+00
   1.1000000e-01  -1.0190296e+00
   1.2000000e-01  -1.0095346e+00
   1.3000000e-01  -1.0095346e+00
   1.4000000e-01  -9.9755557e-01
   1.5000000e-01  -9.8626657e-01
   1.6000000e-01  -9.8626657e-01
   1.7000000e-01  -9.7481257e-01
   1.8000000e-01  -9.6289157e-01
   1.9000000e-01  -9.5015757e-01
   2.0000000e-01  -9.5015757e-01
   2.1000000e-01  -9.3911447e-01
   2.2000000e-01  -9.2817847e-01
   2.3000000e-01  -9.2817847e-01
   2.4000000e-01  -9.1696597e-01
   2.5000000e-01  -9.0429597e-01
   2.6000000e-01  -8.9364217e-01
   2.7000000e-01  -8.9364217e-01
   2.8000000e-01  -8.8065467e-01
   2.9000000e-01  -8.6814877e-01
   3.0000000e-01  -8.6814877e-01
   3.1000000e-01  -8.5699557e-01
   3.2000000e-01  -8.4740147e-01
   3.3000000e-01  -8.3610397e-01
   3.4000000e-01  -8.3610397e-01
   3.5000000e-01  -8.2426057e-01
   3.6000000e-01  -8.1159737e-01
   3.7000000e-01  -8.1159737e-01
   3.8000000e-01  -8.0061807e-01
   3.9000000e-01  -7.8988837e-01
   4.0000000e-01  -7.8988837e-01
   4.1000000e-01  -7.8034757e-01
   4.2000000e-01  -7.6885397e-01
   4.3000000e-01  -7.6885397e-01
   4.4000000e-01  -7.5703567e-01
   4.5000000e-01  -7.4778107e-01
   4.6000000e-01  -7.3701267e-01
   4.7000000e-01  -7.3701267e-01
   4.8000000e-01  -7.2648927e-01
   4.9000000e-01  -7.1903687e-01
   5.0000000e-01  -7.1903687e-01
   5.1000000e-01  -7.0710387e-01
   5.2000000e-01  -6.9295867e-01
   5.3000000e-01  -6.9295867e-01
   5.4000000e-01  -6.8832397e-01
   5.5000000e-01  -6.8179917e-01
   5.6000000e-01  -6.8179917e-01
   5.7000000e-01  -6.7079167e-01
   5.8000000e-01  -6.6223447e-01
   5.9000000e-01  -6.6223447e-01
   6.0000000e-01  -6.5658647e-01
   6.1000000e-01  -6.5096957e-01
   6.2000000e-01  -6.4195297e-01
   6.3000000e-01  -6.4195297e-01
   6.4000000e-01  -6.3813707e-01
   6.5000000e-01  -6.2772457e-01
   6.6000000e-01  -6.2772457e-01
   6.7000000e-01  -6.2100577e-01
   6.8000000e-01  -6.1538947e-01
   6.9000000e-01  -6.1538947e-01
   7.0000000e-01  -6.1166717e-01
   7.1000000e-01  -6.0491717e-01
   7.2000000e-01  -6.0059427e-01
   7.3000000e-01  -6.0059427e-01
   7.4000000e-01  -5.9657987e-01
   7.5000000e-01  -5.9192657e-01
   7.6000000e-01  -5.9192657e-01
   7.7000000e-01  -5.8834617e-01
   7.8000000e-01  -5.8690377e-01
   7.9000000e-01  -5.8213367e-01
   8.0000000e-01  -5.8213367e-01
   8.1000000e-01  -5.7942167e-01
   8.2000000e-01  -5.7771587e-01
   8.3000000e-01  -5.7651387e-01
   8.4000000e-01  -5.7651387e-01
   8.5000000e-01  -5.7441607e-01
   8.6000000e-01  -5.7506367e-01
   8.7000000e-01  -5.7487367e-01
   8.8000000e-01  -5.7487367e-01
   8.9000000e-01  -5.7392187e-01
   9.0000000e-01  -5.7434917e-01
   9.1000000e-01  -5.7434917e-01
   9.2000000e-01  -5.7725227e-01
   9.3000000e-01  -5.7867847e-01
   9.4000000e-01  -5.8265157e-01
   9.5000000e-01  -5.8265157e-01
   9.6000000e-01  -5.8284947e-01
   9.7000000e-01  -5.8548157e-01
   9.8000000e-01  -5.8663467e-01
   9.9000000e-01  -5.8663467e-01
   1.0000000e+00  -5.9067307e-01
   1.0100000e+00  -5.9635717e-01
   1.0200000e+00  -6.0112317e-01
   1.0300000e+00  -6.0112317e-01
   1.0400000e+00  -6.0495997e-01
   1.0500000e+00  -6.0934147e-01
   1.0600000e+00  -6.1575417e-01
   1.0700000e+00  -6.1575417e-01
   1.0800000e+00  -6.2001797e-01
   1.0900000e+00  -6.2790607e-01
   1.1000000e+00  -6.3458037e-01
   1.1100000e+00  -6.3458037e-01
   1.1200000e+00  -6.4146097e-01
   1.1300000e+00  -6.4800827e-01
   1.1400000e+00  -6.5512017e-01
   1.1500000e+00  -6.5512017e-01
   1.1600000e+00  -6.6263447e-01
   1.1700000e+00  -6.7150407e-01
   1.1800000e+00  -6.8111107e-01
   1.1900000e+00  -6.8111107e-01
   1.2000000e+00  -6.8927387e-01
   1.2100000e+00  -6.9843597e-01
   1.2200000e+00  -7.0793357e-01
   1.2300000e+00  -7.0793357e-01
   1.2400000e+00  -7.1858207e-01
   1.2500000e+00  -7.2917157e-01
   1.2600000e+00  -7.3909247e-01
   1.2700000e+00  -7.3909247e-01
   1.2800000e+00  -7.5083387e-01
   1.2900000e+00  -7.6266317e-01
   1.3000000e+00  -7.7448767e-01
   1.3100000e+00  -7.7448767e-01
   1.3200000e+00  -7.8705257e-01
   1.3300000e+00  -7.9904047e-01
   1.3400000e+00  -7.9904047e-01
   1.3500000e+00  -8.1215557e-01
   1.3600000e+00  -8.2476667e-01
   1.3700000e+00  -8.3647127e-01
   1.3800000e+00  -8.3647127e-01
   1.3900000e+00  -8.4921217e-01
   1.4000000e+00  -8.6401927e-01
   1.4100000e+00  -8.7648487e-01
   1.4200000e+00  -8.7648487e-01
   1.4300000e+00  -8.9136257e-01
   1.4400000e+00  -9.0299167e-01
   1.4500000e+00  -9.1994297e-01
   1.4600000e+00  -9.1994297e-01
   1.4700000e+00  -9.3203857e-01
   1.4800000e+00  -9.4793057e-01
   1.4900000e+00  -9.4793057e-01
   1.5000000e+00  -9.6140357e-01
   1.5100000e+00  -9.7704557e-01
   1.5200000e+00  -9.9050557e-01
   1.5300000e+00  -9.9050557e-01
   1.5400000e+00  -1.0064726e+00
   1.5500000e+00  -1.0191296e+00
   1.5600000e+00  -1.0350526e+00
   1.5700000e+00  -1.0350526e+00
   1.5800000e+00  -1.0487276e+00
   1.5900000e+00  -1.0657856e+00
   1.6000000e+00  -1.0806746e+00
   1.6100000e+00  -1.0806746e+00
   1.6200000e+00  -1.0957536e+00
   1.6300000e+00  -1.1095496e+00
   1.6400000e+00  -1.1248276e+00
   1.6500000e+00  -1.1248276e+00
   1.6600000e+00  -1.1391956e+00
   1.6700000e+00  -1.1547626e+00
   1.6800000e+00  -1.1698696e+00
   1.6900000e+00  -1.1698696e+00
   1.7000000e+00  -1.1852476e+00
   1.7100000e+00  -1.2008696e+00
   1.7200000e+00  -1.2008696e+00
   1.7300000e+00  -1.2160416e+00
   1.7400000e+00  -1.2328026e+00
   1.7500000e+00  -1.2439486e+00
   1.7600000e+00  -1.2439486e+00
   1.7700000e+00  -1.2579156e+00
   1.7800000e+00  -1.2732226e+00
   1.7900000e+00  -1.2885916e+00
   1.8000000e+00  -1.2885916e+00
   1.8100000e+00  -1.3033816e+00
   1.8200000e+00  -1.3186326e+00
   1.8300000e+00  -1.3322626e+00
   1.8400000e+00  -1.3322626e+00
   1.8500000e+00  -1.3464026e+00
   1.8600000e+00  -1.3605906e+00
   1.8700000e+00  -1.3733526e+00
   1.8800000e+00  -1.3733526e+00
   1.8900000e+00  -1.3869616e+00
   1.9000000e+00  -1.4017266e+00
   1.9100000e+00  -1.4137766e+00
   1.9200000e+00  -1.4137766e+00
   1.9300000e+00  -1.4279856e+00
   1.9400000e+00  -1.4389656e+00
   1.9500000e+00  -1.4509416e+00
   1.9600000e+00  -1.4509416e+00
   1.9700000e+00  -1.4637576e+00
   1.9800000e+00  -1.4756666e+00
   1.9900000e+00  -1.4876306e+00
   2.0000000e+00  -1.4876306e+00
   2.0100000e+00  -1.5000576e+00
   2.0200000e+00  -1.5126556e+00
   2.0300000e+00  -1.5240366e+00
   2.0400000e+00  -1.5240366e+00
   2.0500000e+00  -1.5339126e+00
   2.0600000e+00  -1.5446006e+00
   2.0700000e+00  -1.5561466e+00
   2.0800000e+00  -1.5561466e+00
   2.0900000e+00  -1.5654416e+00
   2.1000000e+00  -1.5764306e+00
   2.1100000e+00  -1.5863876e+00
   2.1200000e+00  -1.5863876e+00
   2.1300000e+00  -1.5960586e+00
   2.1400000e+00  -1.6055416e+00
   2.1500000e+00  -1.6142416e+00
   2.1600000e+00  -1.6142416e+00
   2.1700000e+00  -1.6221666e+00
   2.1800000e+00  -1.6312596e+00
   2.1900000e+00  -1.6397446e+00
   2.2000000e+00  -1.6397446e+00
   2.2100000e+00  -1.6473886e+00
   2.2200000e+00  -1.6551076e+00
   2.2300000e+00  -1.6627626e+00
   2.2400000e+00  -1.6627626e+00
   2.2500000e+00  -1.6706776e+00
   2.2600000e+00  -1.6774336e+00
   2.2700000e+00  -1.6843826e+00
   2.2800000e+00  -1.6843826e+00
   2.2900000e+00  -1.6901566e+00
   2.3000000e+00  -1.6961006e+00
   2.3100000e+00  -1.7018976e+00
   2.3200000e+00  -1.7018976e+00
   2.3300000e+00  -1.7073986e+00
   2.3400000e+00  -1.7121076e+00
   2.3500000e+00  -1.7156516e+00
   2.3600000e+00  -1.7193356e+00
   2.3700000e+00  -1.7193356e+00
   2.3800000e+00  -1.7241286e+00
   2.3900000e+00  -1.7294876e+00
   2.4000000e+00  -1.7332736e+00
   2.4100000e+00  -1.7332736e+00
   2.4200000e+00  -1.7363766e+00
   2.4300000e+00  -1.7391806e+00
   2.4400000e+00  -1.7398206e+00
   2.4500000e+00  -1.7398206e+00
   2.4600000e+00  -1.7449216e+00
   2.4700000e+00  -1.7454706e+00
   2.4800000e+00  -1.7487266e+00
   2.4900000e+00  -1.7487266e+00
   2.5000000e+00  -1.7487416e+00
   2.5100000e+00  -1.7494036e+00
   2.5200000e+00  -1.7501956e+00
   2.5300000e+00  -1.7501956e+00
   2.5400000e+00  -1.7529486e+00
   2.5500000e+00  -1.7515326e+00
   2.5600000e+00  -1.7527106e+00
   2.5700000e+00  -1.7527106e+00
   2.5800000e+00  -1.7508946e+00
   2.5900000e+00  -1.7507976e+00
   2.6000000e+00  -1.7481196e+00
   2.6100000e+00  -1.7480766e+00
   2.6200000e+00  -1.7480766e+00
   2.6300000e+00  -1.7451626e+00
   2.6400000e+00  -1.7444726e+00
   2.6500000e+00  -1.7398266e+00
   2.6600000e+00  -1.7398266e+00
   2.6700000e+00  -1.7394026e+00
   2.6800000e+00  -1.7348226e+00
   2.6900000e+00  -1.7328706e+00
   2.7000000e+00  -1.7328706e+00
   2.7100000e+00  -1.7273726e+00
   2.7200000e+00  -1.7234236e+00
   2.7300000e+00  -1.7181756e+00
   2.7400000e+00  -1.7181756e+00
   2.7500000e+00  -1.7147126e+00
   2.7600000e+00  -1.7095206e+00
   2.7700000e+00  -1.7053216e+00
   2.7800000e+00  -1.7053216e+00
   2.7900000e+00  -1.6991986e+00
   2.8000000e+00  -1.6940326e+00
   2.8100000e+00  -1.6870526e+00
   2.8200000e+00  -1.6804876e+00
   2.8300000e+00  -1.6804876e+00
   2.8400000e+00  -1.6708436e+00
   2.8500000e+00  -1.6646826e+00
   2.8600000e+00  -1.6561656e+00
   2.8700000e+00  -1.6561656e+00
   2.8800000e+00  -1.6477446e+00
   2.8900000e+00  -1.6413826e+00
   2.9000000e+00  -1.6334536e+00
   2.9100000e+00  -1.6334536e+00
   2.9200000e+00  -1.6237946e+00
   2.9300000e+00  -1.6155446e+00
   2.9400000e+00  -1.6048726e+00
   2.9500000e+00  -1.6048726e+00
   2.9600000e+00  -1.5953036e+00
   2.9700000e+00  -1.5855486e+00
   2.9800000e+00  -1.5750806e+00
   2.9900000e+00  -1.5750806e+00
   3.0000000e+00  -1.5649026e+00
   3.0100000e+00  -1.5555246e+00
   3.0200000e+00  -1.5435526e+00
   3.0300000e+00  -1.5435526e+00
   3.0400000e+00  -1.5314076e+00
   3.0500000e+00  -1.5182376e+00
   3.0600000e+00  -1.5051356e+00
   3.0700000e+00  -1.5051356e+00
   3.0800000e+00  -1.4932866e+00
   3.0900000e+00  -1.4802776e+00
   3.1000000e+00  -1.4663246e+00
   3.1100000e+00  -1.4663246e+00
   3.1200000e+00  -1.4532966e+00
   3.1300000e+00  -1.4426416e+00
   3.1400000e+00  -1.4292846e+00
   3.1500000e+00  -1.4292846e+00
   3.1600000e+00  -1.4157606e+00
   3.1700000e+00  -1.4023006e+00
   3.1800000e+00  -1.3886326e+00
   3.1900000e+00  -1.3886326e+00
   3.2000000e+00  -1.3710336e+00
   3.2100000e+00  -1.3534586e+00
   3.2200000e+00  -1.3384236e+00
   3.2300000e+00  -1.3384236e+00
   3.2400000e+00  -1.3243806e+00
   3.2500000e+00  -1.3073486e+00
   3.2600000e+00  -1.2915416e+00
   3.2700000e+00  -1.2915416e+00
   3.2800000e+00  -1.2717436e+00
   3.2900000e+00  -1.2567436e+00
   3.3000000e+00  -1.2567436e+00
   3.3100000e+00  -1.2405286e+00
   3.3200000e+00  -1.2241386e+00
   3.3300000e+00  -1.2066926e+00
   3.3400000e+00  -1.2066926e+00
   3.3500000e+00  -1.1888156e+00
   3.3600000e+00  -1.1680766e+00
   3.3700000e+00  -1.1509206e+00
   3.3800000e+00  -1.1509206e+00
   3.3900000e+00  -1.1332886e+00
   3.4000000e+00  -1.1151886e+00
   3.4100000e+00  -1.1151886e+00
   3.4200000e+00  -1.0943586e+00
   3.4300000e+00  -1.0762126e+00
   3.4400000e+00  -1.0568186e+00
   3.4500000e+00  -1.0568186e+00
   3.4600000e+00  -1.0372626e+00
   3.4700000e+00  -1.0175836e+00
   3.4800000e+00  -1.0175836e+00
   3.4900000e+00  -9.9928857e-01
   3.5000000e+00  -9.7535357e-01
   3.5100000e+00  -9.7535357e-01
   3.5200000e+00  -9.5343257e-01
   3.5300000e+00  -9.3196787e-01
   3.5400000e+00  -9.1033357e-01
   3.5500000e+00  -9.1033357e-01
   3.5600000e+00  -8.8912587e-01
   3.5700000e+00  -8.6893867e-01
   3.5800000e+00  -8.6893867e-01
   3.5900000e+00  -8.4650457e-01
   3.6000000e+00  -8.2426737e-01
   3.6100000e+00  -8.2426737e-01
   3.6200000e+00  -8.0274467e-01
   3.6300000e+00  -7.8080837e-01
   3.6400000e+00  -7.5899447e-01
   3.6500000e+00  -7.5899447e-01
   3.6600000e+00  -7.3576017e-01
   3.6700000e+00  -7.1364107e-01
   3.6800000e+00  -7.1364107e-01
   3.6900000e+00  -6.9231757e-01
   3.7000000e+00  -6.6865697e-01
   3.7100000e+00  -6.6865697e-01
   3.7200000e+00  -6.4496347e-01
   3.7300000e+00  -6.2244057e-01
   3.7400000e+00  -6.2244057e-01
   3.7500000e+00  -5.9852517e-01
   3.7600000e+00  -5.7470807e-01
   3.7700000e+00  -5.7470807e-01
   3.7800000e+00  -5.5256067e-01
   3.7900000e+00  -5.2847487e-01
   3.8000000e+00  -5.2847487e-01
   3.8100000e+00  -5.0641517e-01
   3.8200000e+00  -4.8349087e-01
   3.8300000e+00  -4.8349087e-01
   3.8400000e+00  -4.5974697e-01
   3.8500000e+00  -4.3472647e-01
   3.8600000e+00  -4.3472647e-01
   3.8700000e+00  -4.1117267e-01
   3.8800000e+00  -3.8899937e-01
   3.8900000e+00  -3.8899937e-01
   3.9000000e+00  -3.6502357e-01
   3.9100000e+00  -3.4025697e-01
   3.9200000e+00  -3.4025697e-01
   3.9300000e+00  -3.1732797e-01
   3.9400000e+00  -2.9361487e-01
   3.9500000e+00  -2.9361487e-01
   3.9600000e+00  -2.6956287e-01
   3.9700000e+00  -2.4906267e-01
   3.9800000e+00  -2.4906267e-01
   3.9900000e+00  -2.2437757e-01
   4.0000000e+00  -2.2437757e-01
   4.0100000e+00  -2.0220477e-01
   4.0200000e+00  -1.7960107e-01
   4.0300000e+00  -1.7960107e-01
   4.0400000e+00  -1.5754627e-01
   4.0500000e+00  -1.3447727e-01
   4.0600000e+00  -1.3447727e-01
   4.0700000e+00  -1.1261787e-01
   4.0800000e+00  -9.0643970e-02
   4.0900000e+00  -9.0643970e-02
   4.1000000e+00  -6.9398170e-02
   4.1100000e+00  -4.8737270e-02
   4.1200000e+00  -4.8737270e-02
   4.1300000e+00  -2.7266190e-02
   4.1400000e+00  -9.9512195e-03
   4.1500000e+00  -9.9512195e-03
   4.1600000e+00   9.9062305e-03
   4.1700000e+00   3.3072040e-02
   4.1800000e+00   3.3072040e-02
   4.1900000e+00   4.7194560e-02
   4.2000000e+00   6.7560055e-02
   4.2100000e+00   6.7560055e-02
   4.2200000e+00   8.4259280e-02
   4.2300000e+00   1.0260138e-01
   4.2400000e+00   1.0260138e-01
   4.2500000e+00   1.2126755e-01
   4.2600000e+00   1.3836561e-01
   4.2700000e+00   1.3836561e-01
   4.2800000e+00   1.5417669e-01
   4.2900000e+00   1.7160393e-01
   4.3000000e+00   1.8773553e-01
   4.3100000e+00   1.8773553e-01
   4.3200000e+00   2.0499393e-01
   4.3300000e+00   2.1985953e-01
   4.3400000e+00   2.1985953e-01
   4.3500000e+00   2.3398933e-01
   4.3600000e+00   2.4758893e-01
   4.3700000e+00   2.4758893e-01
   4.3800000e+00   2.6259203e-01
   4.3900000e+00   2.7626523e-01
   4.4000000e+00   2.8780213e-01
   4.4100000e+00   2.8780213e-01
   4.4200000e+00   3.0078983e-01
   4.4300000e+00   3.1395213e-01
   4.4400000e+00   3.1395213e-01
   4.4500000e+00   3.2313933e-01
   4.4600000e+00   3.3473403e-01
   4.4700000e+00   3.4776763e-01
   4.4800000e+00   3.4776763e-01
   4.4900000e+00   3.5996633e-01
   4.5000000e+00   3.6937703e-01
   4.5100000e+00   3.6937703e-01
   4.5200000e+00   3.8180083e-01
   4.5300000e+00   3.8949163e-01
   4.5400000e+00   3.9619953e-01
   4.5500000e+00   3.9619953e-01
   4.5600000e+00   4.0721283e-01
   4.5700000e+00   4.1570793e-01
   4.5800000e+00   4.2498553e-01
   4.5900000e+00   4.2498553e-01
   4.6000000e+00   4.3109243e-01
   4.6100000e+00   4.3656213e-01
   4.6200000e+00   4.4428923e-01
   4.6300000e+00   4.4428923e-01
   4.6400000e+00   4.5179473e-01
   4.6500000e+00   4.5764153e-01
   4.6600000e+00   4.5764153e-01
   4.6700000e+00   4.6527063e-01
   4.6800000e+00   4.6990183e-01
   4.6900000e+00   4.7468303e-01
   4.7000000e+00   4.7468303e-01
   4.7100000e+00   4.7502143e-01
   4.7200000e+00   4.8284643e-01
   4.7300000e+00   4.8293443e-01
   4.7400000e+00   4.8293443e-01
   4.7500000e+00   4.8689693e-01
   4.7600000e+00   4.8964723e-01
   4.7700000e+00   4.8964723e-01
   4.7800000e+00   4.9259053e-01
   4.7900000e+00   4.9244333e-01
   4.8000000e+00   4.9373703e-01
   4.8100000e+00   4.9373703e-01
   4.8200000e+00   4.9420703e-01
   4.8300000e+00   4.9627353e-01
   4.8400000e+00   4.9627353e-01
   4.8500000e+00   4.9554343e-01
   4.8600000e+00   4.9668063e-01
   4.8700000e+00   4.9685853e-01
   4.8800000e+00   4.9685853e-01
   4.8900000e+00   4.9732763e-01
   4.9000000e+00   4.9402383e-01
   4.9100000e+00   4.9402383e-01
   4.9200000e+00   4.9319693e-01
   4.9300000e+00   4.8923393e-01
   4.9400000e+00   4.8923393e-01
   4.9500000e+00   4.8740753e-01
   4.9600000e+00   4.8382573e-01
   4.9700000e+00   4.8382573e-01
   4.9800000e+00   4.7816943e-01
   4.9900000e+00   4.7563803e-01
   5.0000000e+00   4.7563803e-01
   5.0100000e+00   4.7112963e-01
   5.0200000e+00   4.6696063e-01
   5.0300000e+00   4.6696063e-01
   5.0400000e+00   4.6143893e-01
   5.0500000e+00   4.5679393e-01
   5.0600000e+00   4.5679393e-01
   5.0700000e+00   4.4554913e-01
   5.0800000e+00   4.3806353e-01
   5.0900000e+00   4.3806353e-01
   5.1000000e+00   4.3098133e-01
   5.1100000e+00   4.3098133e-01
   5.1200000e+00   4.1946273e-01
   5.1300000e+00   4.0694553e-01
   5.1400000e+00   4.0694553e-01
   5.1500000e+00   3.9946923e-01
   5.1600000e+00   3.8947833e-01
   5.1700000e+00   3.8947833e-01
   5.1800000e+00   3.7835583e-01
   5.1900000e+00   3.7835583e-01
   5.2000000e+00   3.7057793e-01
   5.2100000e+00   3.5859943e-01
   5.2200000e+00   3.5859943e-01
   5.2300000e+00   3.4548793e-01
   5.2400000e+00   3.3115063e-01
   5.2500000e+00   3.3115063e-01
   5.2600000e+00   3.1853673e-01
   5.2700000e+00   3.1853673e-01
   5.2800000e+00   3.0348233e-01
   5.2900000e+00   2.9299293e-01
   5.3000000e+00   2.9299293e-01
   5.3100000e+00   2.7727233e-01
   5.3200000e+00   2.6260823e-01
   5.3300000e+00   2.6260823e-01
   5.3400000e+00   2.4913093e-01
   5.3500000e+00   2.3254863e-01
   5.3600000e+00   2.3254863e-01
   5.3700000e+00   2.1882193e-01
   5.3800000e+00   2.1882193e-01
   5.3900000e+00   2.0190353e-01
   5.4000000e+00   1.8829623e-01
   5.4100000e+00   1.8829623e-01
   5.4200000e+00   1.7097693e-01
   5.4300000e+00   1.5530835e-01
   5.4400000e+00   1.5530835e-01
   5.4500000e+00   1.3690530e-01
   5.4600000e+00   1.2126771e-01
   5.4700000e+00   1.2126771e-01
   5.4800000e+00   1.0304432e-01
   5.4900000e+00   8.4388380e-02
   5.5000000e+00   8.4388380e-02
   5.5100000e+00   6.5577058e-02
   5.5200000e+00   6.5577058e-02
   5.5300000e+00   4.8365520e-02
   5.5400000e+00   2.9939400e-02
   5.5500000e+00   2.9939400e-02
   5.5600000e+00   1.1818120e-02
   5.5700000e+00  -8.0327095e-03
   5.5800000e+00  -8.0327095e-03
   5.5900000e+00  -2.9353690e-02
   5.6000000e+00  -4.9295270e-02
   5.6100000e+00  -4.9295270e-02
   5.6200000e+00  -6.8853570e-02
   5.6300000e+00  -8.7204670e-02
   5.6400000e+00  -8.7204670e-02
   5.6500000e+00  -1.0637667e-01
   5.6600000e+00  -1.2956357e-01
   5.6700000e+00  -1.2956357e-01
   5.6800000e+00  -1.4975447e-01
   5.6900000e+00  -1.4975447e-01
   5.7000000e+00  -1.7068097e-01
   5.7100000e+00  -1.9069637e-01
   5.7200000e+00  -1.9069637e-01
   5.7300000e+00  -2.1020177e-01
   5.7400000e+00  -2.3316657e-01
   5.7500000e+00  -2.3316657e-01
   5.7600000e+00  -2.5390977e-01
   5.7700000e+00  -2.7602357e-01
   5.7800000e+00  -2.7602357e-01
   5.7900000e+00  -2.9713317e-01
   5.8000000e+00  -3.1962947e-01
   5.8100000e+00  -3.1962947e-01
   5.8200000e+00  -3.4237587e-01
   5.8300000e+00  -3.6536467e-01
   5.8400000e+00  -3.6536467e-01
   5.8500000e+00  -3.8386727e-01
   5.8600000e+00  -3.8386727e-01
   5.8700000e+00  -4.0872347e-01
   5.8800000e+00  -4.3065517e-01
   5.8900000e+00  -4.3065517e-01
   5.9000000e+00  -4.5358997e-01
   5.9100000e+00  -4.7590517e-01
   5.9200000e+00  -4.7590517e-01
   5.9300000e+00  -4.9815907e-01
   5.9400000e+00  -5.2127387e-01
   5.9500000e+00  -5.2127387e-01
   5.9600000e+00  -5.4606227e-01
   5.9700000e+00  -5.6626617e-01
   5.9800000e+00  -5.6626617e-01
   5.9900000e+00  -5.8697397e-01
   6.0000000e+00  -5.8697397e-01
   6.0100000e+00  -6.1118697e-01
   6.0200000e+00  -6.3409407e-01
   6.0300000e+00  -6.3409407e-01
   6.0400000e+00  -6.5703017e-01
   6.0500000e+00  -6.7956007e-01
   6.0600000e+00  -6.7956007e-01
   6.0700000e+00  -7.0265137e-01
   6.0800000e+00  -7.2587737e-01
   6.0900000e+00  -7.2587737e-01
   6.1000000e+00  -7.4984667e-01
   6.1100000e+00  -7.7059467e-01
   6.1200000e+00  -7.7059467e-01
   6.1300000e+00  -7.9182307e-01
   6.1400000e+00  -7.9182307e-01
   6.1500000e+00  -8.1746057e-01
   6.1600000e+00  -8.3934557e-01
   6.1700000e+00  -8.3934557e-01
   6.1800000e+00  -8.6138407e-01
   6.1900000e+00  -8.8256027e-01
   6.2000000e+00  -8.8256027e-01
   6.2100000e+00  -9.0300567e-01
   6.2200000e+00  -9.0300567e-01
   6.2300000e+00  -9.2533097e-01
   6.2400000e+00  -9.4692657e-01
   6.2500000e+00  -9.4692657e-01
   6.2600000e+00  -9.6734957e-01
   6.2700000e+00  -9.8991757e-01
   6.2800000e+00  -9.8991757e-01
   6.2900000e+00  -1.0121436e+00
   6.3000000e+00  -1.0311726e+00
   6.3100000e+00  -1.0311726e+00
   6.3200000e+00  -1.0512056e+00
   6.3300000e+00  -1.0717576e+00
   6.3400000e+00  -1.0717576e+00
   6.3500000e+00  -1.0921796e+00
   6.3600000e+00  -1.0921796e+00
   6.3700000e+00  -1.1125496e+00
   6.3800000e+00  -1.1324486e+00
   6.3900000e+00  -1.1324486e+00
   6.4000000e+00  -1.1513156e+00
   6.4100000e+00  -1.1705486e+00
   6.4200000e+00  -1.1705486e+00
   6.4300000e+00  -1.1895456e+00
   6.4400000e+00  -1.2082986e+00
   6.4500000e+00  -1.2082986e+00
   6.4600000e+00  -1.2273096e+00
   6.4700000e+00  -1.2273096e+00
   6.4800000e+00  -1.2435936e+00
   6.4900000e+00  -1.2602556e+00
   6.5000000e+00  -1.2602556e+00
   6.5100000e+00  -1.2778126e+00
   6.5200000e+00  -1.2941006e+00
   6.5300000e+00  -1.2941006e+00
   6.5400000e+00  -1.3118666e+00
   6.5500000e+00  -1.3267666e+00
   6.5600000e+00  -1.3267666e+00
   6.5700000e+00  -1.3414086e+00
   6.5800000e+00  -1.3414086e+00
   6.5900000e+00  -1.3561196e+00
   6.6000000e+00  -1.3699496e+00
   6.6100000e+00  -1.3699496e+00
   6.6200000e+00  -1.3860846e+00
   6.6300000e+00  -1.3984386e+00
   6.6400000e+00  -1.3984386e+00
   6.6500000e+00  -1.4103276e+00
   6.6600000e+00  -1.4103276e+00
   6.6700000e+00  -1.4234836e+00
   6.6800000e+00  -1.4349506e+00
   6.6900000e+00  -1.4349506e+00
   6.7000000e+00  -1.4471186e+00
   6.7100000e+00  -1.4558916e+00
   6.7200000e+00  -1.4558916e+00
   6.7300000e+00  -1.4680496e+00
   6.7400000e+00  -1.4760856e+00
   6.7500000e+00  -1.4760856e+00
   6.7600000e+00  -1.4861906e+00
   6.7700000e+00  -1.4928986e+00
   6.7800000e+00  -1.4928986e+00
   6.7900000e+00  -1.5015516e+00
   6.8000000e+00  -1.5067446e+00
   6.8100000e+00  -1.5067446e+00
   6.8200000e+00  -1.5170876e+00
   6.8300000e+00  -1.5170876e+00
   6.8400000e+00  -1.5206966e+00
   6.8500000e+00  -1.5266446e+00
   6.8600000e+00  -1.5266446e+00
   6.8700000e+00  -1.5306816e+00
   6.8800000e+00  -1.5375676e+00
   6.8900000e+00  -1.5375676e+00
   6.9000000e+00  -1.5406616e+00
   6.9100000e+00  -1.5450926e+00
   6.9200000e+00  -1.5450926e+00
   6.9300000e+00  -1.5483466e+00
   6.9400000e+00  -1.5509166e+00
   6.9500000e+00  -1.5509166e+00
   6.9600000e+00  -1.5507546e+00
   6.9700000e+00  -1.5528616e+00
   6.9800000e+00  -1.5528616e+00
   6.9900000e+00  -1.5537356e+00
   7.0000000e+00  -1.5543436e+00
   7.0100000e+00  -1.5543436e+00
   7.0200000e+00  -1.5535366e+00
   7.0300000e+00  -1.5522666e+00
   7.0400000e+00  -1.5522666e+00
   7.0500000e+00  -1.5521826e+00
   7.0600000e+00  -1.5489676e+00
   7.0700000e+00  -1.5489676e+00
   7.0800000e+00  -1.5443406e+00
   7.0900000e+00  -1.5443406e+00
   7.1000000e+00  -1.5421956e+00
   7.1100000e+00  -1.5380606e+00
   7.1200000e+00  -1.5380606e+00
   7.1300000e+00  -1.5336486e+00
   7.1400000e+00  -1.5293286e+00
   7.1500000e+00  -1.5293286e+00
   7.1600000e+00  -1.5242786e+00
   7.1700000e+00  -1.5161916e+00
   7.1800000e+00  -1.5161916e+00
   7.1900000e+00  -1.5102196e+00
   7.2000000e+00  -1.5048696e+00
   7.2100000e+00  -1.5048696e+00
   7.2200000e+00  -1.4958656e+00
   7.2300000e+00  -1.4890546e+00
   7.2400000e+00  -1.4890546e+00
   7.2500000e+00  -1.4799346e+00
   7.2600000e+00  -1.4700486e+00
   7.2700000e+00  -1.4700486e+00
   7.2800000e+00  -1.4588146e+00
   7.2900000e+00  -1.4508006e+00
   7.3000000e+00  -1.4508006e+00
   7.3100000e+00  -1.4381696e+00
   7.3200000e+00  -1.4267526e+00
   7.3300000e+00  -1.4267526e+00
   7.3400000e+00  -1.4150456e+00
   7.3500000e+00  -1.4034586e+00
   7.3600000e+00  -1.4034586e+00
   7.3700000e+00  -1.3891596e+00
   7.3800000e+00  -1.3763676e+00
   7.3900000e+00  -1.3763676e+00
   7.4000000e+00  -1.3630426e+00
   7.4100000e+00  -1.3464886e+00
   7.4200000e+00  -1.3464886e+00
   7.4300000e+00  -1.3300606e+00
   7.4400000e+00  -1.3138026e+00
   7.4500000e+00  -1.3138026e+00
   7.4600000e+00  -1.2965256e+00
   7.4700000e+00  -1.2820566e+00
   7.4800000e+00  -1.2820566e+00
   7.4900000e+00  -1.2639846e+00
   7.5000000e+00  -1.2463646e+00
   7.5100000e+00  -1.2463646e+00
   7.5200000e+00  -1.2287156e+00
   7.5300000e+00  -1.2097686e+00
   7.5400000e+00  -1.2097686e+00
   7.5500000e+00  -1.1882856e+00
   7.5600000e+00  -1.1685826e+00
   7.5700000e+00  -1.1685826e+00
   7.5800000e+00  -1.1469336e+00
   7.5900000e+00  -1.1266366e+00
   7.6000000e+00  -1.1266366e+00
   7.6100000e+00  -1.1050646e+00
   7.6200000e+00  -1.0822476e+00
   7.6300000e+00  -1.0822476e+00
   7.6400000e+00  -1.0577136e+00
   7.6500000e+00  -1.0334846e+00
   7.6600000e+00  -1.0334846e+00
   7.6700000e+00  -1.0079546e+00
   7.6800000e+00  -9.8542757e-01
   7.6900000e+00  -9.8542757e-01
   7.7000000e+00  -9.5908457e-01
   7.7100000e+00  -9.3152207e-01
   7.7200000e+00  -9.3152207e-01
   7.7300000e+00  -9.0644647e-01
   7.7400000e+00  -9.0644647e-01
   7.7500000e+00  -8.7949687e-01
   7.7600000e+00  -8.5205737e-01
   7.7700000e+00  -8.5205737e-01
   7.7800000e+00  -8.2594627e-01
   7.7900000e+00  -7.9739437e-01
   7.8000000e+00  -7.9739437e-01
   7.8100000e+00  -7.6773957e-01
   7.8200000e+00  -7.3897907e-01
   7.8300000e+00  -7.3897907e-01
   7.8400000e+00  -7.0823027e-01
   7.8500000e+00  -6.7660297e-01
   7.8600000e+00  -6.7660297e-01
   7.8700000e+00  -6.4968297e-01
   7.8800000e+00  -6.1827727e-01
   7.8900000e+00  -6.1827727e-01
   7.9000000e+00  -5.9183607e-01
   7.9100000e+00  -5.5628197e-01
   7.9200000e+00  -5.5628197e-01
   7.9300000e+00  -5.2524337e-01
   7.9400000e+00  -4.9508287e-01
   7.9500000e+00  -4.9508287e-01
   7.9600000e+00  -4.6070917e-01
   7.9700000e+00  -4.2756317e-01
   7.9800000e+00  -4.2756317e-01
   7.9900000e+00  -3.9796267e-01
   8.0000000e+00  -3.6543437e-01
   8.0100000e+00  -3.6543437e-01
   8.0200000e+00  -3.3176237e-01
   8.0300000e+00  -3.0004287e-01
   8.0400000e+00  -3.0004287e-01
   8.0500000e+00  -2.7049567e-01
   8.0600000e+00  -2.3730757e-01
   8.0700000e+00  -2.3730757e-01
   8.0800000e+00  -2.0281177e-01
   8.0900000e+00  -1.6959467e-01
   8.1000000e+00  -1.6959467e-01
   8.1100000e+00  -1.3739507e-01
   8.1200000e+00  -1.0356997e-01
   8.1300000e+00  -1.0356997e-01
   8.1400000e+00  -7.1773470e-02
   8.1500000e+00  -3.7574960e-02
   8.1600000e+00  -3.7574960e-02
   8.1700000e+00  -4.9909095e-03
   8.1800000e+00   2.8601490e-02
   8.1900000e+00   2.8601490e-02
   8.2000000e+00   6.2110294e-02
   8.2100000e+00   9.5903160e-02
   8.2200000e+00   9.5903160e-02
   8.2300000e+00   1.3046320e-01
   8.2400000e+00   1.6604573e-01
   8.2500000e+00   1.6604573e-01
   8.2600000e+00   1.9790363e-01
   8.2700000e+00   1.9790363e-01
   8.2800000e+00   2.3275633e-01
   8.2900000e+00   2.6487963e-01
   8.3000000e+00   2.6487963e-01
   8.3100000e+00   3.0234513e-01
   8.3200000e+00   3.3846973e-01
   8.3300000e+00   3.3846973e-01
   8.3400000e+00   3.7053023e-01
   8.3500000e+00   4.0331103e-01
   8.3600000e+00   4.0331103e-01
   8.3700000e+00   4.3722133e-01
   8.3800000e+00   4.7068173e-01
   8.3900000e+00   4.7068173e-01
   8.4000000e+00   5.0556903e-01
   8.4100000e+00   5.3694883e-01
   8.4200000e+00   5.3694883e-01
   8.4300000e+00   5.6981733e-01
   8.4400000e+00   6.0157453e-01
   8.4500000e+00   6.0157453e-01
   8.4600000e+00   6.4095133e-01
   8.4700000e+00   6.7380123e-01
   8.4800000e+00   6.7380123e-01
   8.4900000e+00   7.0473073e-01
   8.5000000e+00   7.0473073e-01
   8.5100000e+00   7.3779913e-01
   8.5200000e+00   7.6642613e-01
   8.5300000e+00   7.6642613e-01
   8.5400000e+00   8.0113123e-01
   8.5500000e+00   8.3279073e-01
   8.5600000e+00   8.3279073e-01
   8.5700000e+00   8.6494433e-01
   8.5800000e+00   8.9612983e-01
   8.5900000e+00   8.9612983e-01
   8.6000000e+00   9.2582103e-01
   8.6100000e+00   9.2582103e-01
   8.6200000e+00   9.5533873e-01
   8.6300000e+00   9.8640303e-01
   8.6400000e+00   9.8640303e-01
   8.6500000e+00   1.0149301e+00
   8.6600000e+00   1.0449145e+00
   8.6700000e+00   1.0449145e+00
   8.6800000e+00   1.0706234e+00
   8.6900000e+00   1.0706234e+00
   8.7000000e+00   1.1053944e+00
   8.7100000e+00   1.1253804e+00
   8.7200000e+00   1.1253804e+00
   8.7300000e+00   1.1585524e+00
   8.7400000e+00   1.1850434e+00
   8.7500000e+00   1.1850434e+00
   8.7600000e+00   1.2106564e+00
   8.7700000e+00   1.2349464e+00
   8.7800000e+00   1.2349464e+00
   8.7900000e+00   1.2607794e+00
   8.8000000e+00   1.2607794e+00
   8.8100000e+00   1.2829834e+00
   8.8200000e+00   1.3097954e+00
   8.8300000e+00   1.3097954e+00
   8.8400000e+00   1.3327154e+00
   8.8500000e+00   1.3549244e+00
   8.8600000e+00   1.3549244e+00
   8.8700000e+00   1.3775034e+00
   8.8800000e+00   1.3966524e+00
   8.8900000e+00   1.3966524e+00
   8.9000000e+00   1.4143874e+00
   8.9100000e+00   1.4143874e+00
   8.9200000e+00   1.4391814e+00
   8.9300000e+00   1.4577084e+00
   8.9400000e+00   1.4577084e+00
   8.9500000e+00   1.4782394e+00
   8.9600000e+00   1.4936014e+00
   8.9700000e+00   1.4936014e+00
   8.9800000e+00   1.5148004e+00
   8.9900000e+00   1.5148004e+00
   9.0000000e+00   1.5329124e+00
   9.0100000e+00   1.5497934e+00
   9.0200000e+00   1.5497934e+00
   9.0300000e+00   1.5649074e+00
   9.0400000e+00   1.5795434e+00
   9.0500000e+00   1.5795434e+00
   9.0600000e+00   1.5947214e+00
   9.0700000e+00   1.5947214e+00
   9.0800000e+00   1.6099334e+00
   9.0900000e+00   1.6247114e+00
   9.1000000e+00   1.6247114e+00
   9.1100000e+00   1.6355214e+00
   9.1200000e+00   1.6355214e+00
   9.1300000e+00   1.6503654e+00
   9.1400000e+00   1.6621904e+00
   9.1500000e+00   1.6621904e+00
   9.1600000e+00   1.6757424e+00
   9.1700000e+00   1.6862384e+00
   9.1800000e+00   1.6862384e+00
   9.1900000e+00   1.6978844e+00
   9.2000000e+00   1.6978844e+00
   9.2100000e+00   1.7046104e+00
   9.2200000e+00   1.7154854e+00
   9.2300000e+00   1.7154854e+00
   9.2400000e+00   1.7238784e+00
   9.2500000e+00   1.7334074e+00
   9.2600000e+00   1.7334074e+00
   9.2700000e+00   1.7371784e+00
   9.2800000e+00   1.7426344e+00
   9.2900000e+00   1.7426344e+00
   9.3000000e+00   1.7474814e+00
   9.3100000e+00   1.7474814e+00
   9.3200000e+00   1.7532154e+00
   9.3300000e+00   1.7594104e+00
   9.3400000e+00   1.7594104e+00
   9.3500000e+00   1.7614584e+00
   9.3600000e+00   1.7602804e+00
   9.3700000e+00   1.7602804e+00
   9.3800000e+00   1.7666844e+00
   9.3900000e+00   1.7686564e+00
   9.4000000e+00   1.7686564e+00
   9.4100000e+00   1.7697734e+00
   9.4200000e+00   1.7697734e+00
   9.4300000e+00   1.7693924e+00
   9.4400000e+00   1.7689144e+00
   9.4500000e+00   1.7689144e+00
   9.4600000e+00   1.7662424e+00
   9.4700000e+00   1.7659674e+00
   9.4800000e+00   1.7659674e+00
   9.4900000e+00   1.7634494e+00
   9.5000000e+00   1.7609324e+00
   9.5100000e+00   1.7609324e+00
   9.5200000e+00   1.7565194e+00
   9.5300000e+00   1.7540744e+00
   9.5400000e+00   1.7540744e+00
   9.5500000e+00   1.7509794e+00
   9.5600000e+00   1.7455684e+00
   9.5700000e+00   1.7455684e+00
   9.5800000e+00   1.7394434e+00
   9.5900000e+00   1.7394434e+00
   9.6000000e+00   1.7344534e+00
   9.6100000e+00   1.7277614e+00
   9.6200000e+00   1.7277614e+00
   9.6300000e+00   1.7232064e+00
   9.6400000e+00   1.7136314e+00
   9.6500000e+00   1.7136314e+00
   9.6600000e+00   1.7073594e+00
   9.6700000e+00   1.6997274e+00
   9.6800000e+00   1.6997274e+00
   9.6900000e+00   1.6962604e+00
   9.7000000e+00   1.6865674e+00
   9.7100000e+00   1.6865674e+00
   9.7200000e+00   1.6777454e+00
   9.7300000e+00   1.6678764e+00
   9.7400000e+00   1.6678764e+00
   9.7500000e+00   1.6579034e+00
   9.7600000e+00   1.6457604e+00
   9.7700000e+00   1.6457604e+00
   9.7800000e+00   1.6387824e+00
   9.7900000e+00   1.6270004e+00
   9.8000000e+00   1.6270004e+00
   9.8100000e+00   1.6183564e+00
   9.8200000e+00   1.6088374e+00
   9.8300000e+00   1.6088374e+00
   9.8400000e+00   1.5945594e+00
   9.8500000e+00   1.5822564e+00
   9.8600000e+00   1.5822564e+00
   9.8700000e+00   1.5721624e+00
   9.8800000e+00   1.5593224e+00
   9.8900000e+00   1.5593224e+00
   9.9000000e+00   1.5479644e+00
   9.9100000e+00   1.5364544e+00
   9.9200000e+00   1.5364544e+00
   9.9300000e+00   1.5244644e+00
   9.9400000e+00   1.5244644e+00
   9.9500000e+00   1.5092804e+00
   9.9600000e+00   1.4961214e+00
   9.9700000e+00   1.4961214e+00
   9.9800000e+00   1.4812294e+00
   9.9900000e+00   1.4704644e+00
   1.0000000e+01   1.4704644e+00
   1.0010000e+01   1.4578464e+00
   1.0020000e+01   1.4437794e+00
   1.0030000e+01   1.4437794e+00
   1.0040000e+01   1.4305724e+00
   1.0050000e+01   1.4160894e+00
   1.0060000e+01   1.4160894e+00
   1.0070000e+01   1.4026704e+00
   1.0080000e+01   1.3893004e+00
   1.0090000e+01   1.3893004e+00
   1.0100000e+01   1.3717804e+00
   1.0110000e+01   1.3575134e+00
   1.0120000e+01   1.3575134e+00
   1.0130000e+01   1.3430014e+00
   1.0140000e+01   1.3268184e+00
   1.0150000e+01   1.3268184e+00
   1.0160000e+01   1.3108324e+00
   1.0170000e+01   1.2958454e+00
   1.0180000e+01   1.2958454e+00
   1.0190000e+01   1.2825654e+00
   1.0200000e+01   1.2670514e+00
   1.0210000e+01   1.2670514e+00
   1.0220000e+01   1.2497274e+00
   1.0230000e+01   1.2336094e+00
   1.0240000e+01   1.2336094e+00
   1.0250000e+01   1.2183044e+00
   1.0260000e+01   1.2036854e+00
   1.0270000e+01   1.2036854e+00
   1.0280000e+01   1.1877424e+00
   1.0290000e+01   1.1728204e+00
   1.0300000e+01   1.1728204e+00
   1.0310000e+01   1.1574964e+00
   1.0320000e+01   1.1574964e+00
   1.0330000e+01   1.1415074e+00
   1.0340000e+01   1.1253624e+00
   1.0350000e+01   1.1253624e+00
   1.0360000e+01   1.1119734e+00
   1.0370000e+01   1.0968144e+00
   1.0380000e+01   1.0968144e+00
   1.0390000e+01   1.0816454e+00
   1.0400000e+01   1.0664944e+00
   1.0410000e+01   1.0664944e+00
   1.0420000e+01   1.0544598e+00
   1.0430000e+01   1.0395830e+00
   1.0440000e+01   1.0395830e+00
   1.0450000e+01   1.0259852e+00
   1.0460000e+01   1.0121463e+00
   1.0470000e+01   1.0121463e+00
   1.0480000e+01   9.9778863e-01
   1.0490000e+01   9.8627943e-01
   1.0500000e+01   9.8627943e-01
   1.0510000e+01   9.7195083e-01
   1.0520000e+01   9.6055763e-01
   1.0530000e+01   9.6055763e-01
   1.0540000e+01   9.4385313e-01
   1.0550000e+01   9.4385313e-01
   1.0560000e+01   9.3690893e-01
   1.0570000e+01   9.2567443e-01
   1.0580000e+01   9.2567443e-01
   1.0590000e+01   9.1624473e-01
   1.0600000e+01   9.0445473e-01
   1.0610000e+01   9.0445473e-01
   1.0620000e+01   8.9822523e-01
   1.0630000e+01   8.8393133e-01
   1.0640000e+01   8.8393133e-01
   1.0650000e+01   8.7536673e-01
   1.0660000e+01   8.6647393e-01
   1.0670000e+01   8.6647393e-01
   1.0680000e+01   8.5877183e-01
   1.0690000e+01   8.4952023e-01
   1.0700000e+01   8.4952023e-01
   1.0710000e+01   8.4459663e-01
   1.0720000e+01   8.3576163e-01
   1.0730000e+01   8.3576163e-01
   1.0740000e+01   8.3051273e-01
   1.0750000e+01   8.2370313e-01
   1.0760000e+01   8.2370313e-01
   1.0770000e+01   8.2140643e-01
   1.0780000e+01   8.1505013e-01
   1.0790000e+01   8.1505013e-01
   1.0800000e+01   8.1181743e-01
   1.0810000e+01   8.0531023e-01
   1.0820000e+01   8.0531023e-01
   1.0830000e+01   8.0274683e-01
   1.0840000e+01   7.9986243e-01
   1.0850000e+01   7.9986243e-01
   1.0860000e+01   7.9754563e-01
   1.0870000e+01   7.9373283e-01
   1.0880000e+01   7.9373283e-01
   1.0890000e+01   7.9589693e-01
   1.0900000e+01   7.9054333e-01
   1.0910000e+01   7.9054333e-01
   1.0920000e+01   7.9327273e-01
   1.0930000e+01   7.9172643e-01
   1.0940000e+01   7.9172643e-01
   1.0950000e+01   7.9580103e-01
   1.0960000e+01   7.9596093e-01
   1.0970000e+01   7.9596093e-01
   1.0980000e+01   7.9949883e-01
   1.0990000e+01   8.0246323e-01
   1.1000000e+01   8.0246323e-01
   1.1010000e+01   8.0545643e-01
   1.1020000e+01   8.0481683e-01
   1.1030000e+01   8.0481683e-01
   1.1040000e+01   8.1070193e-01
   1.1050000e+01   8.1475683e-01
   1.1060000e+01   8.1475683e-01
   1.1070000e+01   8.1863393e-01
   1.1080000e+01   8.2635953e-01
   1.1090000e+01   8.2635953e-01
   1.1100000e+01   8.3359343e-01
   1.1110000e+01   8.3715483e-01
   1.1120000e+01   8.3715483e-01
   1.1130000e+01   8.4444793e-01
   1.1140000e+01   8.5275703e-01
   1.1150000e+01   8.5275703e-01
   1.1160000e+01   8.6136853e-01
   1.1170000e+01   8.7061923e-01
   1.1180000e+01   8.7061923e-01
   1.1190000e+01   8.7824453e-01
   1.1200000e+01   8.8621193e-01
   1.1210000e+01   8.8621193e-01
   1.1220000e+01   8.9534363e-01
   1.1230000e+01   9.0316973e-01
   1.1240000e+01   9.0316973e-01
   1.1250000e+01   9.1305243e-01
   1.1260000e+01   9.2345353e-01
   1.1270000e+01   9.2345353e-01
   1.1280000e+01   9.3462803e-01
   1.1290000e+01   9.4690823e-01
   1.1300000e+01   9.4690823e-01
   1.1310000e+01   9.5690583e-01
   1.1320000e+01   9.6934343e-01
   1.1330000e+01   9.6934343e-01
   1.1340000e+01   9.7943673e-01
   1.1350000e+01   9.9208953e-01
   1.1360000e+01   9.9208953e-01
   1.1370000e+01   1.0040264e+00
   1.1380000e+01   1.0198449e+00
   1.1390000e+01   1.0198449e+00
   1.1400000e+01   1.0320095e+00
   1.1410000e+01   1.0457894e+00
   1.1420000e+01   1.0457894e+00
   1.1430000e+01   1.0569156e+00
   1.1440000e+01   1.0713634e+00
   1.1450000e+01   1.0713634e+00
   1.1460000e+01   1.0854564e+00
   1.1470000e+01   1.1018024e+00
   1.1480000e+01   1.1018024e+00
   1.1490000e+01   1.1177244e+00
   1.1500000e+01   1.1329174e+00
   1.1510000e+01   1.1329174e+00
   1.1520000e+01   1.1458574e+00
   1.1530000e+01   1.1606554e+00
   1.1540000e+01   1.1606554e+00
   1.1550000e+01   1.1761474e+00
   1.1560000e+01   1.1923194e+00
   1.1570000e+01   1.1923194e+00
   1.1580000e+01   1.2061814e+00
   1.1590000e+01   1.2214694e+00
   1.1600000e+01   1.2214694e+00
   1.1610000e+01   1.2367934e+00
   1.1620000e+01   1.2507904e+00
   1.1630000e+01   1.2507904e+00
   1.1640000e+01   1.2653034e+00
   1.1650000e+01   1.2801734e+00
   1.1660000e+01   1.2801734e+00
   1.1670000e+01   1.2953114e+00
   1.1680000e+01   1.3125744e+00
   1.1690000e+01   1.3125744e+00
   1.1700000e+01   1.3262594e+00
   1.1710000e+01   1.3436454e+00
   1.1720000e+01   1.3436454e+00
   1.1730000e+01   1.3573844e+00
   1.1740000e+01   1.3573844e+00
   1.1750000e+01   1.3733554e+00
   1.1760000e+01   1.3863974e+00
   1.1770000e+01   1.3863974e+00
   1.1780000e+01   1.4003494e+00
   1.1790000e+01   1.4149444e+00
   1.1800000e+01   1.4149444e+00
   1.1810000e+01   1.4300394e+00
   1.1820000e+01   1.4456254e+00
   1.1830000e+01   1.4456254e+00
   1.1840000e+01   1.4600944e+00
   1.1850000e+01   1.4725634e+00
   1.1860000e+01   1.4725634e+00
   1.1870000e+01   1.4871324e+00
   1.1880000e+01   1.4996594e+00
   1.1890000e+01   1.4996594e+00
   1.1900000e+01   1.5144244e+00
   1.1910000e+01   1.5277494e+00
   1.1920000e+01   1.5277494e+00
   1.1930000e+01   1.5376374e+00
   1.1940000e+01   1.5495914e+00
   1.1950000e+01   1.5621064e+00
   1.1960000e+01   1.5621064e+00
   1.1970000e+01   1.5765604e+00
   1.1980000e+01   1.5876584e+00
   1.1990000e+01   1.5876584e+00
   1.2000000e+01   1.6004864e+00
   1.2010000e+01   1.6126134e+00
   1.2020000e+01   1.6126134e+00
   1.2030000e+01   1.6230394e+00
   1.2040000e+01   1.6330884e+00
   1.2050000e+01   1.6330884e+00
   1.2060000e+01   1.6449804e+00
   1.2070000e+01   1.6550184e+00
   1.2080000e+01   1.6550184e+00
   1.2090000e+01   1.6651074e+00
   1.2100000e+01   1.6734764e+00
   1.2110000e+01   1.6734764e+00
   1.2120000e+01   1.6842424e+00
   1.2130000e+01   1.6934414e+00
   1.2140000e+01   1.6934414e+00
   1.2150000e+01   1.7018164e+00
   1.2160000e+01   1.7110714e+00
   1.2170000e+01   1.7110714e+00
   1.2180000e+01   1.7197844e+00
   1.2190000e+01   1.7278524e+00
   1.2200000e+01   1.7278524e+00
   1.2210000e+01   1.7351714e+00
   1.2220000e+01   1.7427834e+00
   1.2230000e+01   1.7427834e+00
   1.2240000e+01   1.7477964e+00
   1.2250000e+01   1.7549374e+00
   1.2260000e+01   1.7549374e+00
   1.2270000e+01   1.7626894e+00
   1.2280000e+01   1.7685174e+00
   1.2290000e+01   1.7685174e+00
   1.2300000e+01   1.7733004e+00
   1.2310000e+01   1.7794034e+00
   1.2320000e+01   1.7794034e+00
   1.2330000e+01   1.7826224e+00
   1.2340000e+01   1.7883784e+00
   1.2350000e+01   1.7883784e+00
   1.2360000e+01   1.7904384e+00
   1.2370000e+01   1.7958694e+00
   1.2380000e+01   1.7958694e+00
   1.2390000e+01   1.7975414e+00
   1.2400000e+01   1.8025734e+00
   1.2410000e+01   1.8025734e+00
   1.2420000e+01   1.8051514e+00
   1.2430000e+01   1.8086264e+00
   1.2440000e+01   1.8086264e+00
   1.2450000e+01   1.8096544e+00
   1.2460000e+01   1.8121654e+00
   1.2470000e+01   1.8121654e+00
   1.2480000e+01   1.8130394e+00
   1.2490000e+01   1.8146254e+00
   1.2500000e+01   1.8123334e+00
   1.2510000e+01   1.8123334e+00
   1.2520000e+01   1.8143594e+00
   1.2530000e+01   1.8123354e+00
   1.2540000e+01   1.8123354e+00
   1.2550000e+01   1.8131084e+00
   1.2560000e+01   1.8100794e+00
   1.2570000e+01   1.8100794e+00
   1.2580000e+01   1.8075034e+00
   1.2590000e+01   1.8046784e+00
   1.2600000e+01   1.8046784e+00
   1.2610000e+01   1.8039114e+00
   1.2620000e+01   1.7967094e+00
   1.2630000e+01   1.7967094e+00
   1.2640000e+01   1.7967014e+00
   1.2650000e+01   1.7919284e+00
   1.2660000e+01   1.7919284e+00
   1.2670000e+01   1.7886524e+00
   1.2680000e+01   1.7826864e+00
   1.2690000e+01   1.7826864e+00
   1.2700000e+01   1.7785534e+00
   1.2710000e+01   1.7732424e+00
   1.2720000e+01   1.7732424e+00
   1.2730000e+01   1.7678304e+00
   1.2740000e+01   1.7598124e+00
   1.2750000e+01   1.7598124e+00
   1.2760000e+01   1.7548684e+00
   1.2770000e+01   1.7479364e+00
   1.2780000e+01   1.7479364e+00
   1.2790000e+01   1.7386794e+00
   1.2800000e+01   1.7311434e+00
   1.2810000e+01   1.7311434e+00
   1.2820000e+01   1.7200084e+00
   1.2830000e+01   1.7200084e+00
   1.2840000e+01   1.7157884e+00
   1.2850000e+01   1.7042684e+00
   1.2860000e+01   1.7042684e+00
   1.2870000e+01   1.6985614e+00
   1.2880000e+01   1.6850194e+00
   1.2890000e+01   1.6850194e+00
   1.2900000e+01   1.6780004e+00
   1.2910000e+01   1.6621744e+00
   1.2920000e+01   1.6621744e+00
   1.2930000e+01   1.6551104e+00
   1.2940000e+01   1.6396324e+00
   1.2950000e+01   1.6396324e+00
   1.2960000e+01   1.6331404e+00
   1.2970000e+01   1.6152864e+00
   1.2980000e+01   1.6152864e+00
   1.2990000e+01   1.6074714e+00
   1.3000000e+01   1.5903524e+00
   1.3010000e+01   1.5903524e+00
   1.3020000e+01   1.5825794e+00
   1.3030000e+01   1.5631184e+00
   1.3040000e+01   1.5545634e+00
   1.3050000e+01   1.5545634e+00
   1.3060000e+01   1.5355864e+00
   1.3070000e+01   1.5256684e+00
   1.3080000e+01   1.5256684e+00
   1.3090000e+01   1.5072354e+00
   1.3100000e+01   1.4945574e+00
   1.3110000e+01   1.4945574e+00
   1.3120000e+01   1.4751584e+00
   1.3130000e+01   1.4604154e+00
   1.3140000e+01   1.4604154e+00
   1.3150000e+01   1.4451774e+00
   1.3160000e+01   1.4300674e+00
   1.3170000e+01   1.4300674e+00
   1.3180000e+01   1.4113544e+00
   1.3190000e+01   1.3931444e+00
   1.3200000e+01   1.3931444e+00
   1.3210000e+01   1.3749104e+00
   1.3220000e+01   1.3578084e+00
   1.3230000e+01   1.3578084e+00
   1.3240000e+01   1.3339344e+00
   1.3250000e+01   1.3162984e+00
   1.3260000e+01   1.3162984e+00
   1.3270000e+01   1.2986804e+00
   1.3280000e+01   1.2784224e+00
   1.3290000e+01   1.2784224e+00
   1.3300000e+01   1.2586994e+00
   1.3310000e+01   1.2360014e+00
   1.3320000e+01   1.2360014e+00
   1.3330000e+01   1.2185424e+00
   1.3340000e+01   1.1971934e+00
   1.3350000e+01   1.1971934e+00
   1.3360000e+01   1.1796084e+00
   1.3370000e+01   1.1567844e+00
   1.3380000e+01   1.1567844e+00
   1.3390000e+01   1.1377534e+00
   1.3400000e+01   1.1146204e+00
   1.3410000e+01   1.1146204e+00
   1.3420000e+01   1.0937464e+00
   1.3430000e+01   1.0714504e+00
   1.3440000e+01   1.0714504e+00
   1.3450000e+01   1.0527372e+00
   1.3460000e+01   1.0286019e+00
   1.3470000e+01   1.0286019e+00
   1.3480000e+01   1.0056508e+00
   1.3490000e+01   9.8238883e-01
   1.3500000e+01   9.8238883e-01
   1.3510000e+01   9.6229743e-01
   1.3520000e+01   9.3772933e-01
   1.3530000e+01   9.3772933e-01
   1.3540000e+01   9.1701683e-01
   1.3550000e+01   8.9091303e-01
   1.3560000e+01   8.9091303e-01
   1.3570000e+01   8.7118063e-01
   1.3580000e+01   8.4572003e-01
   1.3590000e+01   8.4572003e-01
   1.3600000e+01   8.2201053e-01
   1.3610000e+01   7.9492003e-01
   1.3620000e+01   7.9492003e-01
   1.3630000e+01   7.7378093e-01
   1.3640000e+01   7.4724833e-01
   1.3650000e+01   7.4724833e-01
   1.3660000e+01   7.2371343e-01
   1.3670000e+01   6.9687093e-01
   1.3680000e+01   6.9687093e-01
   1.3690000e+01   6.7405843e-01
   1.3700000e+01   6.4880493e-01
   1.3710000e+01   6.4880493e-01
   1.3720000e+01   6.2446303e-01
   1.3730000e+01   5.9758713e-01
   1.3740000e+01   5.9758713e-01
   1.3750000e+01   5.7370463e-01
   1.3760000e+01   5.4842673e-01
   1.3770000e+01   5.4842673e-01
   1.3780000e+01   5.2396813e-01
   1.3790000e+01   4.9707503e-01
   1.3800000e+01   4.9707503e-01
   1.3810000e+01   4.7212323e-01
   1.3820000e+01   4.4848983e-01
   1.3830000e+01   4.4848983e-01
   1.3840000e+01   4.2286163e-01
   1.3850000e+01   3.9913193e-01
   1.3860000e+01   3.9913193e-01
   1.3870000e+01   3.7511773e-01
   1.3880000e+01   3.4665333e-01
   1.3890000e+01   3.4665333e-01
   1.3900000e+01   3.2681613e-01
   1.3910000e+01   2.9380133e-01
   1.3920000e+01   2.9380133e-01
   1.3930000e+01   2.7502843e-01
   1.3940000e+01   2.7502843e-01
   1.3950000e+01   2.4258653e-01
   1.3960000e+01   2.2492263e-01
   1.3970000e+01   2.2492263e-01
   1.3980000e+01   1.9372413e-01
   1.3990000e+01   1.7739283e-01
   1.4000000e+01   1.7739283e-01
   1.4010000e+01   1.4489121e-01
   1.4020000e+01   1.2953222e-01
   1.4030000e+01   1.2953222e-01
   1.4040000e+01   9.9798530e-02
   1.4050000e+01   8.2735120e-02
   1.4060000e+01   8.2735120e-02
   1.4070000e+01   4.9363545e-02
   1.4080000e+01   4.9363545e-02
   1.4090000e+01   3.4645320e-02
   1.4100000e+01   6.1434105e-03
   1.4110000e+01   6.1434105e-03
   1.4120000e+01  -7.2683495e-03
   1.4130000e+01  -3.8092520e-02
   1.4140000e+01  -3.8092520e-02
   1.4150000e+01  -5.2784070e-02
   1.4160000e+01  -8.2034870e-02
   1.4170000e+01  -8.2034870e-02
   1.4180000e+01  -9.4379070e-02
   1.4190000e+01  -1.2461717e-01
   1.4200000e+01  -1.2461717e-01
   1.4210000e+01  -1.3688567e-01
   1.4220000e+01  -1.6509247e-01
   1.4230000e+01  -1.6509247e-01
   1.4240000e+01  -1.7496757e-01
   1.4250000e+01  -2.0293557e-01
   1.4260000e+01  -2.0293557e-01
   1.4270000e+01  -2.1262227e-01
   1.4280000e+01  -2.3881057e-01
   1.4290000e+01  -2.3881057e-01
   1.4300000e+01  -2.4967767e-01
   1.4310000e+01  -2.7490677e-01
   1.4320000e+01  -2.7490677e-01
   1.4330000e+01  -2.8461387e-01
   1.4340000e+01  -3.0571017e-01
   1.4350000e+01  -3.0571017e-01
   1.4360000e+01  -3.1565037e-01
   1.4370000e+01  -3.4179137e-01
   1.4380000e+01  -3.4179137e-01
   1.4390000e+01  -3.4976007e-01
   1.4400000e+01  -3.7230097e-01
   1.4410000e+01  -3.7230097e-01
   1.4420000e+01  -3.7912577e-01
   1.4430000e+01  -4.0150257e-01
   1.4440000e+01  -4.0150257e-01
   1.4450000e+01  -4.0686147e-01
   1.4460000e+01  -4.2691117e-01
   1.4470000e+01  -4.2691117e-01
   1.4480000e+01  -4.3271577e-01
   1.4490000e+01  -4.5480307e-01
   1.4500000e+01  -4.5480307e-01
   1.4510000e+01  -4.5614907e-01
   1.4520000e+01  -4.7563537e-01
   1.4530000e+01  -4.7563537e-01
   1.4540000e+01  -4.7807367e-01
   1.4550000e+01  -4.9667997e-01
   1.4560000e+01  -4.9667997e-01
   1.4570000e+01  -4.9817177e-01
   1.4580000e+01  -5.1538207e-01
   1.4590000e+01  -5.1676147e-01
   1.4600000e+01  -5.1676147e-01
   1.4610000e+01  -5.3142457e-01
   1.4620000e+01  -5.3250877e-01
   1.4630000e+01  -5.3250877e-01
   1.4640000e+01  -5.4726937e-01
   1.4650000e+01  -5.4800067e-01
   1.4660000e+01  -5.4800067e-01
   1.4670000e+01  -5.6250367e-01
   1.4680000e+01  -5.6007747e-01
   1.4690000e+01  -5.6007747e-01
   1.4700000e+01  -5.7432417e-01
   1.4710000e+01  -5.6880177e-01
   1.4720000e+01  -5.7878307e-01
   1.4730000e+01  -5.7878307e-01
   1.4740000e+01  -5.7806657e-01
   1.4750000e+01  -5.8749407e-01
   1.4760000e+01  -5.8749407e-01
   1.4770000e+01  -5.8333177e-01
   1.4780000e+01  -5.9560817e-01
   1.4790000e+01  -5.9560817e-01
   1.4800000e+01  -5.8647307e-01
   1.4810000e+01  -5.9520507e-01
   1.4820000e+01  -5.9520507e-01
   1.4830000e+01  -5.8947207e-01
   1.4840000e+01  -5.9938477e-01
   1.4850000e+01  -5.8740717e-01
   1.4860000e+01  -5.8740717e-01
   1.4870000e+01  -5.9669537e-01
   1.4880000e+01  -5.9161257e-01
   1.4890000e+01  -5.9161257e-01
   1.4900000e+01  -5.9722647e-01
   1.4910000e+01  -5.9016787e-01
   1.4920000e+01  -5.9016787e-01
   1.4930000e+01  -5.9042547e-01
   1.4940000e+01  -5.8558817e-01
   1.4950000e+01  -5.8558817e-01
   1.4960000e+01  -5.8477627e-01
   1.4970000e+01  -5.7994827e-01
   1.4980000e+01  -5.7650477e-01
   1.4990000e+01  -5.7650477e-01
   1.5000000e+01  -5.7381147e-01
   1.5010000e+01  -5.6974587e-01
   1.5020000e+01  -5.6974587e-01
   1.5030000e+01  -5.6427097e-01
   1.5040000e+01  -5.5934447e-01
   1.5050000e+01  -5.5934447e-01
   1.5060000e+01  -5.5432867e-01
   1.5070000e+01  -5.4846157e-01
   1.5080000e+01  -5.4846157e-01
   1.5090000e+01  -5.3649517e-01
   1.5100000e+01  -5.2654317e-01
   1.5110000e+01  -5.2312397e-01
   1.5120000e+01  -5.2312397e-01
   1.5130000e+01  -5.1049567e-01
   1.5140000e+01  -5.0956297e-01
   1.5150000e+01  -5.0956297e-01
   1.5160000e+01  -4.9790527e-01
   1.5170000e+01  -4.8699917e-01
   1.5180000e+01  -4.8699917e-01
   1.5190000e+01  -4.7373477e-01
   1.5200000e+01  -4.6942477e-01
   1.5210000e+01  -4.6942477e-01
   1.5220000e+01  -4.5609407e-01
   1.5230000e+01  -4.4641987e-01
   1.5240000e+01  -4.4641987e-01
   1.5250000e+01  -4.2865097e-01
   1.5260000e+01  -4.2158827e-01
   1.5270000e+01  -4.2158827e-01
   1.5280000e+01  -4.0355807e-01
   1.5290000e+01  -3.9783607e-01
   1.5300000e+01  -3.7802557e-01
   1.5310000e+01  -3.7802557e-01
   1.5320000e+01  -3.7094547e-01
   1.5330000e+01  -3.4841987e-01
   1.5340000e+01  -3.4841987e-01
   1.5350000e+01  -3.4225787e-01
   1.5360000e+01  -3.1812087e-01
   1.5370000e+01  -3.1812087e-01
   1.5380000e+01  -3.1344497e-01
   1.5390000e+01  -2.8826277e-01
   1.5400000e+01  -2.8826277e-01
   1.5410000e+01  -2.8182187e-01
   1.5420000e+01  -2.5388777e-01
   1.5430000e+01  -2.5388777e-01
   1.5440000e+01  -2.5021657e-01
   1.5450000e+01  -2.2174867e-01
   1.5460000e+01  -2.2174867e-01
   1.5470000e+01  -2.1665007e-01
   1.5480000e+01  -1.8718377e-01
   1.5490000e+01  -1.8718377e-01
   1.5500000e+01  -1.7932697e-01
   1.5510000e+01  -1.4950437e-01
   1.5520000e+01  -1.4950437e-01
   1.5530000e+01  -1.4044037e-01
   1.5540000e+01  -1.1558147e-01
   1.5550000e+01  -1.1558147e-01
   1.5560000e+01  -1.0561527e-01
   1.5570000e+01  -1.0561527e-01
   1.5580000e+01  -7.8788470e-02
   1.5590000e+01  -6.3802570e-02
   1.5600000e+01  -6.3802570e-02
   1.5610000e+01  -4.1318670e-02
   1.5620000e+01  -2.4697440e-02
   1.5630000e+01  -2.4697440e-02
   1.5640000e+01   2.0831046e-04
   1.5650000e+01   1.6787680e-02
   1.5660000e+01   1.6787680e-02
   1.5670000e+01   4.0334110e-02
   1.5680000e+01   5.5217964e-02
   1.5690000e+01   5.5217964e-02
   1.5700000e+01   8.0308170e-02
   1.5710000e+01   9.7654480e-02
   1.5720000e+01   9.7654480e-02
   1.5730000e+01   1.2117075e-01
   1.5740000e+01   1.2117075e-01
   1.5750000e+01   1.4011538e-01
   1.5760000e+01   1.6473173e-01
   1.5770000e+01   1.6473173e-01
   1.5780000e+01   1.8198843e-01
   1.5790000e+01   2.0766983e-01
   1.5800000e+01   2.0766983e-01
   1.5810000e+01   2.2831083e-01
   1.5820000e+01   2.5297883e-01
   1.5830000e+01   2.5297883e-01
   1.5840000e+01   2.7277333e-01
   1.5850000e+01   2.7277333e-01
   1.5860000e+01   2.9595483e-01
   1.5870000e+01   3.2021423e-01
   1.5880000e+01   3.2021423e-01
   1.5890000e+01   3.4262183e-01
   1.5900000e+01   3.6552343e-01
   1.5910000e+01   3.6552343e-01
   1.5920000e+01   3.8910643e-01
   1.5930000e+01   4.1101613e-01
   1.5940000e+01   4.1101613e-01
   1.5950000e+01   4.3550043e-01
   1.5960000e+01   4.3550043e-01
   1.5970000e+01   4.5911203e-01
   1.5980000e+01   4.8147683e-01
   1.5990000e+01   4.8147683e-01
   1.6000000e+01   5.0687063e-01
   1.6010000e+01   5.0687063e-01
   1.6020000e+01   5.3130333e-01
   1.6030000e+01   5.5184763e-01
   1.6040000e+01   5.5184763e-01
   1.6050000e+01   5.7532723e-01
   1.6060000e+01   5.9853793e-01
   1.6070000e+01   5.9853793e-01
   1.6080000e+01   6.2161583e-01
   1.6090000e+01   6.4311993e-01
   1.6100000e+01   6.4311993e-01
   1.6110000e+01   6.6679413e-01
   1.6120000e+01   6.6679413e-01
   1.6130000e+01   6.8887473e-01
   1.6140000e+01   7.1250063e-01
   1.6150000e+01   7.1250063e-01
   1.6160000e+01   7.3398263e-01
   1.6170000e+01   7.5607953e-01
   1.6180000e+01   7.5607953e-01
   1.6190000e+01   7.7797453e-01
   1.6200000e+01   8.0135233e-01
   1.6210000e+01   8.0135233e-01
   1.6220000e+01   8.2043543e-01
   1.6230000e+01   8.4332183e-01
   1.6240000e+01   8.4332183e-01
   1.6250000e+01   8.6447193e-01
   1.6260000e+01   8.6447193e-01
   1.6270000e+01   8.8633883e-01
   1.6280000e+01   9.0796923e-01
   1.6290000e+01   9.0796923e-01
   1.6300000e+01   9.3012493e-01
   1.6310000e+01   9.4909833e-01
   1.6320000e+01   9.4909833e-01
   1.6330000e+01   9.6914563e-01
   1.6340000e+01   9.8901723e-01
   1.6350000e+01   9.8901723e-01
   1.6360000e+01   1.0094781e+00
   1.6370000e+01   1.0305544e+00
   1.6380000e+01   1.0305544e+00
   1.6390000e+01   1.0495936e+00
   1.6400000e+01   1.0697764e+00
   1.6410000e+01   1.0697764e+00
   1.6420000e+01   1.0860684e+00
   1.6430000e+01   1.0860684e+00
   1.6440000e+01   1.1045964e+00
   1.6450000e+01   1.1222004e+00
   1.6460000e+01   1.1222004e+00
   1.6470000e+01   1.1391064e+00
   1.6480000e+01   1.1541104e+00
   1.6490000e+01   1.1541104e+00
   1.6500000e+01   1.1714884e+00
   1.6510000e+01   1.1868734e+00
   1.6520000e+01   1.1868734e+00
   1.6530000e+01   1.2009254e+00
   1.6540000e+01   1.2176804e+00
   1.6550000e+01   1.2176804e+00
   1.6560000e+01   1.2311694e+00
   1.6570000e+01   1.2311694e+00
   1.6580000e+01   1.2473904e+00
   1.6590000e+01   1.2594654e+00
   1.6600000e+01   1.2594654e+00
   1.6610000e+01   1.2761204e+00
   1.6620000e+01   1.2849364e+00
   1.6630000e+01   1.2849364e+00
   1.6640000e+01   1.3007094e+00
   1.6650000e+01   1.3092444e+00
   1.6660000e+01   1.3092444e+00
   1.6670000e+01   1.3251004e+00
   1.6680000e+01   1.3316234e+00
   1.6690000e+01   1.3316234e+00
   1.6700000e+01   1.3460464e+00
   1.6710000e+01   1.3490254e+00
   1.6720000e+01   1.3490254e+00
   1.6730000e+01   1.3656864e+00
   1.6740000e+01   1.3716954e+00
   1.6750000e+01   1.3716954e+00
   1.6760000e+01   1.3835704e+00
   1.6770000e+01   1.3865354e+00
   1.6780000e+01   1.3865354e+00
   1.6790000e+01   1.3983844e+00
   1.6800000e+01   1.3981284e+00
   1.6810000e+01   1.3981284e+00
   1.6820000e+01   1.4099804e+00
   1.6830000e+01   1.4084344e+00
   1.6840000e+01   1.4208314e+00
   1.6850000e+01   1.4208314e+00
   1.6860000e+01   1.4196634e+00
   1.6870000e+01   1.4284814e+00
   1.6880000e+01   1.4284814e+00
   1.6890000e+01   1.4299224e+00
   1.6900000e+01   1.4352844e+00
   1.6910000e+01   1.4340314e+00
   1.6920000e+01   1.4340314e+00
   1.6930000e+01   1.4408474e+00
   1.6940000e+01   1.4377244e+00
   1.6950000e+01   1.4421544e+00
   1.6960000e+01   1.4421544e+00
   1.6970000e+01   1.4368644e+00
   1.6980000e+01   1.4450134e+00
   1.6990000e+01   1.4450134e+00
   1.7000000e+01   1.4377674e+00
   1.7010000e+01   1.4463784e+00
   1.7020000e+01   1.4388104e+00
   1.7030000e+01   1.4388104e+00
   1.7040000e+01   1.4437014e+00
   1.7050000e+01   1.4369314e+00
   1.7060000e+01   1.4405514e+00
   1.7070000e+01   1.4317224e+00
   1.7080000e+01   1.4317224e+00
   1.7090000e+01   1.4353734e+00
   1.7100000e+01   1.4289134e+00
   1.7110000e+01   1.4303134e+00
   1.7120000e+01   1.4303134e+00
   1.7130000e+01   1.4217154e+00
   1.7140000e+01   1.4207014e+00
   1.7150000e+01   1.4140424e+00
   1.7160000e+01   1.4140424e+00
   1.7170000e+01   1.4084534e+00
   1.7180000e+01   1.4018594e+00
   1.7190000e+01   1.3961694e+00
   1.7200000e+01   1.3899124e+00
   1.7210000e+01   1.3899124e+00
   1.7220000e+01   1.3836374e+00
   1.7230000e+01   1.3770404e+00
   1.7240000e+01   1.3702954e+00
   1.7250000e+01   1.3702954e+00
   1.7260000e+01   1.3638494e+00
   1.7270000e+01   1.3529794e+00
   1.7280000e+01   1.3480474e+00
   1.7290000e+01   1.3358874e+00
   1.7300000e+01   1.3358874e+00
   1.7310000e+01   1.3301064e+00
   1.7320000e+01   1.3156974e+00
   1.7330000e+01   1.3089204e+00
   1.7340000e+01   1.2946424e+00
   1.7350000e+01   1.2946424e+00
   1.7360000e+01   1.2856274e+00
   1.7370000e+01   1.2710424e+00
   1.7380000e+01   1.2661304e+00
   1.7390000e+01   1.2661304e+00
   1.7400000e+01   1.2519174e+00
   1.7410000e+01   1.2429334e+00
   1.7420000e+01   1.2248434e+00
   1.7430000e+01   1.2144534e+00
   1.7440000e+01   1.2144534e+00
   1.7450000e+01   1.2007334e+00
   1.7460000e+01   1.1887484e+00
   1.7470000e+01   1.1709464e+00
   1.7480000e+01   1.1709464e+00
   1.7490000e+01   1.1594834e+00
   1.7500000e+01   1.1393184e+00
   1.7510000e+01   1.1276714e+00
   1.7520000e+01   1.1083964e+00
   1.7530000e+01   1.1083964e+00
   1.7540000e+01   1.0974104e+00
   1.7550000e+01   1.0754894e+00
   1.7560000e+01   1.0628464e+00
   1.7570000e+01   1.0418626e+00
   1.7580000e+01   1.0418626e+00
   1.7590000e+01   1.0268950e+00
   1.7600000e+01   1.0064673e+00
   1.7610000e+01   9.9135253e-01
   1.7620000e+01   9.9135253e-01
   1.7630000e+01   9.6666293e-01
   1.7640000e+01   9.5103083e-01
   1.7650000e+01   9.3083643e-01
   1.7660000e+01   9.3083643e-01
   1.7670000e+01   9.1199893e-01
   1.7680000e+01   8.9136723e-01
   1.7690000e+01   8.7363613e-01
   1.7700000e+01   8.7363613e-01
   1.7710000e+01   8.4988293e-01
   1.7720000e+01   8.3065523e-01
   1.7730000e+01   8.0587513e-01
   1.7740000e+01   7.8266653e-01
   1.7750000e+01   7.8266653e-01
   1.7760000e+01   7.6147203e-01
   1.7770000e+01   7.3676703e-01
   1.7780000e+01   7.3676703e-01
   1.7790000e+01   7.1165913e-01
   1.7800000e+01   6.9148653e-01
   1.7810000e+01   6.6455723e-01
   1.7820000e+01   6.6455723e-01
   1.7830000e+01   6.4193873e-01
   1.7840000e+01   6.1671043e-01
   1.7850000e+01   5.8898543e-01
   1.7860000e+01   5.8898543e-01
   1.7870000e+01   5.6429943e-01
   1.7880000e+01   5.3424683e-01
   1.7890000e+01   5.1104103e-01
   1.7900000e+01   5.1104103e-01
   1.7910000e+01   4.8401283e-01
   1.7920000e+01   4.5505923e-01
   1.7930000e+01   4.2908273e-01
   1.7940000e+01   4.2908273e-01
   1.7950000e+01   3.9789523e-01
   1.7960000e+01   3.7149403e-01
   1.7970000e+01   3.7149403e-01
   1.7980000e+01   3.4335393e-01
   1.7990000e+01   3.1595413e-01
   1.8000000e+01   2.8681073e-01
   1.8010000e+01   2.8681073e-01
   1.8020000e+01   2.5854943e-01
   1.8030000e+01   2.2930973e-01
   1.8040000e+01   2.2930973e-01
   1.8050000e+01   1.9930193e-01
   1.8060000e+01   1.6801043e-01
   1.8070000e+01   1.3999167e-01
   1.8080000e+01   1.3999167e-01
   1.8090000e+01   1.0692545e-01
   1.8100000e+01   7.8381390e-02
   1.8110000e+01   7.8381390e-02
   1.8120000e+01   4.9332721e-02
   1.8130000e+01   1.6944350e-02
   1.8140000e+01   1.6944350e-02
   1.8150000e+01  -1.5204590e-02
   1.8160000e+01  -4.5359570e-02
   1.8170000e+01  -7.4716370e-02
   1.8180000e+01  -7.4716370e-02
   1.8190000e+01  -1.1050537e-01
   1.8200000e+01  -1.4432807e-01
   1.8210000e+01  -1.4432807e-01
   1.8220000e+01  -1.7332667e-01
   1.8230000e+01  -2.0196977e-01
   1.8240000e+01  -2.0196977e-01
   1.8250000e+01  -2.3797877e-01
   1.8260000e+01  -2.6663707e-01
   1.8270000e+01  -2.6663707e-01
   1.8280000e+01  -3.0247577e-01
   1.8290000e+01  -3.3105947e-01
   1.8300000e+01  -3.6720857e-01
   1.8310000e+01  -3.6720857e-01
   1.8320000e+01  -3.9466237e-01
   1.8330000e+01  -4.3236747e-01
   1.8340000e+01  -4.3236747e-01
   1.8350000e+01  -4.5823487e-01
   1.8360000e+01  -4.9775567e-01
   1.8370000e+01  -4.9775567e-01
   1.8380000e+01  -5.2321897e-01
   1.8390000e+01  -5.5833227e-01
   1.8400000e+01  -5.5833227e-01
   1.8410000e+01  -5.8673387e-01
   1.8420000e+01  -6.2058777e-01
   1.8430000e+01  -6.2058777e-01
   1.8440000e+01  -6.4828257e-01
   1.8450000e+01  -6.8402257e-01
   1.8460000e+01  -6.8402257e-01
   1.8470000e+01  -7.1467467e-01
   1.8480000e+01  -7.4872467e-01
   1.8490000e+01  -7.4872467e-01
   1.8500000e+01  -7.8187557e-01
   1.8510000e+01  -8.0760237e-01
   1.8520000e+01  -8.0760237e-01
   1.8530000e+01  -8.3964827e-01
   1.8540000e+01  -8.6700597e-01
   1.8550000e+01  -8.6700597e-01
   1.8560000e+01  -8.9470527e-01
   1.8570000e+01  -9.2975377e-01
   1.8580000e+01  -9.2975377e-01
   1.8590000e+01  -9.5834957e-01
   1.8600000e+01  -9.8701157e-01
   1.8610000e+01  -9.8701157e-01
   1.8620000e+01  -1.0150706e+00
   1.8630000e+01  -1.0453126e+00
   1.8640000e+01  -1.0453126e+00
   1.8650000e+01  -1.0755466e+00
   1.8660000e+01  -1.1032806e+00
   1.8670000e+01  -1.1032806e+00
   1.8680000e+01  -1.1297226e+00
   1.8690000e+01  -1.1580526e+00
   1.8700000e+01  -1.1580526e+00
   1.8710000e+01  -1.1805966e+00
   1.8720000e+01  -1.2068826e+00
   1.8730000e+01  -1.2068826e+00
   1.8740000e+01  -1.2353806e+00
   1.8750000e+01  -1.2593226e+00
   1.8760000e+01  -1.2593226e+00
   1.8770000e+01  -1.2801856e+00
   1.8780000e+01  -1.3095136e+00
   1.8790000e+01  -1.3095136e+00
   1.8800000e+01  -1.3274216e+00
   1.8810000e+01  -1.3561526e+00
   1.8820000e+01  -1.3561526e+00
   1.8830000e+01  -1.3731666e+00
   1.8840000e+01  -1.4003996e+00
   1.8850000e+01  -1.4003996e+00
   1.8860000e+01  -1.4146436e+00
   1.8870000e+01  -1.4365976e+00
   1.8880000e+01  -1.4365976e+00
   1.8890000e+01  -1.4508186e+00
   1.8900000e+01  -1.4732376e+00
   1.8910000e+01  -1.4732376e+00
   1.8920000e+01  -1.4911246e+00
   1.8930000e+01  -1.5108026e+00
   1.8940000e+01  -1.5108026e+00
   1.8950000e+01  -1.5300296e+00
   1.8960000e+01  -1.5483246e+00
   1.8970000e+01  -1.5637936e+00
   1.8980000e+01  -1.5637936e+00
   1.8990000e+01  -1.5791786e+00
   1.9000000e+01  -1.5917076e+00
   1.9010000e+01  -1.5917076e+00
   1.9020000e+01  -1.6092256e+00
   1.9030000e+01  -1.6210636e+00
   1.9040000e+01  -1.6210636e+00
   1.9050000e+01  -1.6407546e+00
   1.9060000e+01  -1.6472106e+00
   1.9070000e+01  -1.6472106e+00
   1.9080000e+01  -1.6649306e+00
   1.9090000e+01  -1.6725246e+00
   1.9100000e+01  -1.6725246e+00
   1.9110000e+01  -1.6894366e+00
   1.9120000e+01  -1.6930286e+00
   1.9130000e+01  -1.7118796e+00
   1.9140000e+01  -1.7118796e+00
   1.9150000e+01  -1.7114756e+00
   1.9160000e+01  -1.7340816e+00
   1.9170000e+01  -1.7340816e+00
   1.9180000e+01  -1.7291786e+00
   1.9190000e+01  -1.7454406e+00
   1.9200000e+01  -1.7454406e+00
   1.9210000e+01  -1.7477986e+00
   1.9220000e+01  -1.7677086e+00
   1.9230000e+01  -1.7631466e+00
   1.9240000e+01  -1.7631466e+00
   1.9250000e+01  -1.7801456e+00
   1.9260000e+01  -1.7745346e+00
   1.9270000e+01  -1.7745346e+00
   1.9280000e+01  -1.7869826e+00
   1.9290000e+01  -1.7855486e+00
   1.9300000e+01  -1.7929106e+00
   1.9310000e+01  -1.7929106e+00
   1.9320000e+01  -1.7959526e+00
   1.9330000e+01  -1.8011306e+00
   1.9340000e+01  -1.8011306e+00
   1.9350000e+01  -1.8034896e+00
   1.9360000e+01  -1.8062326e+00
   1.9370000e+01  -1.8095646e+00
   1.9380000e+01  -1.8095646e+00
   1.9390000e+01  -1.8128296e+00
   1.9400000e+01  -1.8171906e+00
   1.9410000e+01  -1.8171906e+00
   1.9420000e+01  -1.8158706e+00
   1.9430000e+01  -1.8168476e+00
   1.9440000e+01  -1.8125086e+00
   1.9450000e+01  -1.8125086e+00
   1.9460000e+01  -1.8138146e+00
   1.9470000e+01  -1.8112446e+00
   1.9480000e+01  -1.8112446e+00
   1.9490000e+01  -1.8132706e+00
   1.9500000e+01  -1.8068406e+00
   1.9510000e+01  -1.8113746e+00
   1.9520000e+01  -1.8113746e+00
   1.9530000e+01  -1.8010936e+00
   1.9540000e+01  -1.8066506e+00
   1.9550000e+01  -1.7937976e+00
   1.9560000e+01  -1.7937976e+00
   1.9570000e+01  -1.7976946e+00
   1.9580000e+01  -1.7846726e+00
   1.9590000e+01  -1.7846726e+00
   1.9600000e+01  -1.7909106e+00
   1.9610000e+01  -1.7747836e+00
   1.9620000e+01  -1.7794576e+00
   1.9630000e+01  -1.7794576e+00
   1.9640000e+01  -1.7642116e+00
   1.9650000e+01  -1.7670046e+00
   1.9660000e+01  -1.7539356e+00
   1.9670000e+01  -1.7539356e+00
   1.9680000e+01  -1.7537726e+00
   1.9690000e+01  -1.7384986e+00
   1.9700000e+01  -1.7380626e+00
   1.9710000e+01  -1.7380626e+00
   1.9720000e+01  -1.7240016e+00
   1.9730000e+01  -1.7209116e+00
   1.9740000e+01  -1.7209116e+00
   1.9750000e+01  -1.7073286e+00
   1.9760000e+01  -1.7053416e+00
   1.9770000e+01  -1.6883506e+00
   1.9780000e+01  -1.6883506e+00
   1.9790000e+01  -1.6841266e+00
   1.9800000e+01  -1.6737876e+00
   1.9810000e+01  -1.6672966e+00
   1.9820000e+01  -1.6672966e+00
   1.9830000e+01  -1.6526776e+00
   1.9840000e+01  -1.6446056e+00
   1.9850000e+01  -1.6320986e+00
   1.9860000e+01  -1.6320986e+00
   1.9870000e+01  -1.6221896e+00
   1.9880000e+01  -1.6080076e+00
   1.9890000e+01  -1.6080076e+00
   1.9900000e+01  -1.6008926e+00
   1.9910000e+01  -1.5864376e+00
   1.9920000e+01  -1.5791996e+00
   1.9930000e+01  -1.5791996e+00
   1.9940000e+01  -1.5622376e+00
   1.9950000e+01  -1.5531196e+00
   1.9960000e+01  -1.5378846e+00
   1.9970000e+01  -1.5378846e+00
   1.9980000e+01  -1.5311856e+00
   1.9990000e+01  -1.5188686e+00
