/*--------------------------------*- C++ -*----------------------------------*\
| =========                 |                                                 |
| \\      /  F ield         | OpenFOAM: The Open Source CFD Toolbox           |
|  \\    /   O peration     | Version:  v2012                                 |
|   \\  /    A nd           | Website:  www.openfoam.com                      |
|    \\/     M anipulation  |                                                 |
\*---------------------------------------------------------------------------*/
FoamFile
{
    version     2.0;
    format      ascii;
    class       volScalarField;
    location    "350";
    object      omega_0;
}
// * * * * * * * * * * * * * * * * * * * * * * * * * * * * * * * * * * * * * //

dimensions      [0 0 -1 0 0 0 0];


internalField   nonuniform List<scalar> 
9793
(
0.0223711
15.7971
0.0219369
2.62497
0.0222597
0.203777
0.0828062
5.20339
0.0221392
14.6008
0.0221966
0.0221873
0.0219177
1.75827
0.0217839
0.0265346
0.053129
0.0219322
2.18226
0.021557
0.0216248
0.0222917
2.6512
5.32567
1.84575
0.0265595
0.022099
0.022262
0.0215674
0.0797366
7.70724
0.37784
0.0220116
0.0219458
0.0218679
0.0284718
0.0245826
0.0249229
1.59885
0.0307247
0.0685815
8.81591
4.14301
0.0222717
0.0219608
0.0220421
5.86475
0.0222843
0.0217161
0.0219394
0.0281918
0.021851
0.0373685
0.0222686
0.0330688
2.19272
0.0219265
0.0901149
0.0217228
0.0222914
0.0270086
0.0972649
0.021952
0.0350792
0.0219629
0.0220657
25.6353
0.0242088
0.0250646
3.19956
0.0219717
0.101455
4.75242
4.11454
4.23677
0.0222624
0.0460879
10.6179
0.0219822
0.0222705
0.0495865
2.1238
0.0512764
0.023932
0.0250875
0.24244
0.0222612
0.0680351
1.61139
0.0935359
1.84248
1.44924
1.48168
0.0410469
3.89927
0.0219049
4.77018
0.0501453
0.0247146
0.0222685
1.45116
0.0355528
2.36379
0.0219661
3.50453
10.3332
4.08537
0.021878
0.0219862
0.0222835
0.0222335
2.17673
3.28677
7.39316
0.0219497
0.0221124
0.0244056
0.0220502
1.86776
0.0220278
3.0375
0.0727819
6.68358
0.042098
0.0246141
0.0220335
0.0605503
6.05598
0.18723
0.195422
0.0238312
0.0218011
0.022268
0.0234141
0.0273562
0.159996
0.607232
0.0244487
0.0222736
0.0607451
2.24899
0.0276169
0.0219296
0.0555528
5.66227
0.61449
0.0220342
4.58394
0.0217972
0.0220281
0.0220697
14.8341
0.0242565
0.0220921
0.0219184
1.45879
0.0566322
0.021947
0.548415
0.0219132
0.0639721
0.0239412
0.0216318
0.355217
0.0220849
9.57473
2.32665
0.0222819
0.0218792
0.0222173
0.0219428
6.17892
26.9352
1.95281
0.0219111
0.185213
0.136372
0.738343
0.0219671
0.0241484
3.88118
7.1298
0.0798968
0.0220349
0.0220729
0.0218726
7.20533
4.60723
21.646
2.48178
0.0219912
22.3338
0.413993
0.0254049
0.0217603
0.023286
1.98515
0.021594
0.0219302
0.0222039
0.0219901
0.0216251
0.0292852
0.0251641
1.7627
0.0219247
0.0280654
0.0222799
0.0223262
0.493665
0.0583874
2.40513
0.0216322
2.7763
0.0239483
0.0432381
0.0217966
0.154811
0.0221213
0.0503726
0.053612
0.0216284
1.42131
2.06196
0.0393444
0.02189
0.0510038
2.08896
0.0493968
0.050231
1.60497
0.138241
0.0409211
0.0357925
0.36793
0.021591
4.56034
6.30376
0.0215999
0.0222223
8.35296
0.021901
0.0222313
0.109232
0.12137
0.0220562
0.0241799
0.0291254
0.0381324
0.0242521
0.0219733
0.0439678
2.93826
0.0216257
1.97107
0.022262
0.02217
0.021659
2.12388
0.0219772
2.79555
2.79514
0.0221032
0.022131
3.36031
0.0218349
0.0222397
0.0218004
2.53394
0.271031
0.0249285
0.449257
0.0844917
2.29972
3.93475
0.0223041
21.3971
0.0222643
2.10227
7.81687
1.64608
3.13777
0.134635
0.0238609
0.0473937
0.0247718
0.0217945
0.0223857
0.469405
0.0267267
0.0221395
0.0222838
0.0216296
0.0216552
0.0216289
2.51026
0.0218685
0.0217747
0.0218416
0.0219196
5.41974
0.591331
0.0638664
0.0228626
0.0560625
0.0219478
3.33514
10.8647
0.0219713
3.23328
0.0332598
0.0219552
25.0637
4.05283
0.0220194
0.04615
13.2729
0.0221269
0.0339049
0.0217751
0.0222135
2.27204
0.0409544
0.0219552
0.0220214
0.0227356
0.172563
3.34549
0.0219409
0.021872
0.0217471
6.87767
4.55421
7.39922
0.021586
0.0432666
0.0347249
2.14744
0.068128
0.0215861
0.021644
0.0217475
0.0458725
0.0220514
7.09595
0.0220881
0.0217768
2.5984
2.4152
2.42794
0.0217269
1.44453
0.0246671
4.11108
6.37788
1.67918
0.0235963
0.0319491
0.720863
1.70997
2.09943
0.026474
0.0222634
0.0253059
0.0216833
0.0218527
0.0220328
0.0220813
0.022292
8.31022
0.0222065
0.0607569
0.0303237
6.12187
0.0215808
0.024019
5.34335
0.495877
1.87065
0.0662408
0.0217806
0.0236776
0.0219406
0.455293
0.0215651
2.35138
0.15846
0.0831461
5.94218
2.3161
0.0221373
0.02189
1.00266
0.417662
0.0219238
5.54092
0.0221313
0.0221756
6.75389
0.0216305
0.0918394
0.0216012
2.3948
0.0220934
0.022097
2.65599
0.0964072
0.0531469
0.0253936
0.0220746
0.0218321
6.07084
0.0498595
0.0215691
0.0221946
0.0342339
0.034745
0.0527133
6.8839
0.0221956
0.0219427
0.337943
0.0220811
2.55445
0.723621
0.0220646
0.0220165
0.0223525
0.0221163
0.021732
1.47228
0.050739
5.82058
0.0289122
0.0233977
0.0423081
0.0246384
1.7334
0.0262581
0.0222678
0.0242223
0.513757
0.0219385
0.0219166
0.0219709
0.021568
0.0219868
0.0217932
0.0220439
0.0221576
0.0228532
0.0247314
0.108411
0.0219317
1.4639
0.0256274
0.214594
5.03186
0.0218018
2.7685
0.0809519
0.0217694
0.0215683
0.021934
3.55677
0.0859441
0.0215649
0.0221205
0.0221972
0.0673831
0.152652
10.4807
0.0219762
0.0219202
0.0315917
6.49443
1.60319
0.0236726
0.0233154
2.04744
9.53421
0.247982
0.0221697
0.0217887
1.66767
0.0219097
0.134238
7.10175
0.0215575
0.238346
0.0269759
1.42887
0.0218331
1.93533
0.289745
0.0260345
2.48273
0.0219077
1.92221
0.0220945
0.0218864
0.022223
0.0219472
3.58087
0.0218995
0.0217052
0.0228144
0.0215955
0.0217894
0.0460711
0.0227744
0.0344478
0.0220338
0.0220382
4.13385
0.0746843
0.0236245
2.01519
0.0243222
0.0221739
0.0219817
0.0217309
9.34797
0.0216954
0.0220691
8.08542
8.58435
0.0388541
0.0219253
0.0222841
0.0221314
0.0222409
1.89052
0.0221729
2.84366
0.0242317
1.86657
0.022262
18.8662
0.022207
0.225133
0.0219163
0.0880645
4.10864
0.0221032
8.85041
0.0218993
0.0222182
0.0216147
4.81409
1.8102
0.0219426
0.0277649
0.0216908
1.99995
0.0218205
0.0446123
1.84821
0.0252249
0.0220264
0.0454643
0.0222451
0.0221802
0.0217644
0.101378
0.0219558
2.1805
0.0220518
0.0220684
0.0390472
0.0769002
1.52936
0.0217629
17.952
0.0218846
0.20091
0.0219151
0.0222351
0.0219051
0.0220496
0.0222682
0.217067
0.0410669
9.01343
0.109896
0.0351893
0.0341993
5.32823
0.0237046
1.83894
3.61997
0.260678
11.4658
5.30483
0.177799
0.0221867
3.4157
0.0387067
0.0221374
0.355401
0.0222509
0.467573
0.0358207
0.21481
0.027602
2.09217
4.60279
0.0368083
0.196648
0.022216
0.63835
0.0228613
0.0219197
0.0220376
0.0236242
0.0462368
1.55404
0.279951
4.67668
0.0234179
0.0233981
1.42032
0.355221
0.023069
0.0610852
0.0223491
4.92863
2.76005
0.0220586
0.0641617
0.270178
4.77542
0.0219578
0.0257863
7.83531
0.0286171
7.79444
0.0915569
6.11432
0.0256563
0.023812
0.0219149
0.021919
0.256557
0.0222842
0.312365
0.130643
0.0812783
0.0222596
0.0222238
0.0236675
0.0221193
0.0218328
0.0219029
0.100416
3.6831
1.88128
0.0222797
0.339212
0.0219505
4.10175
0.0462443
0.0465164
0.0341319
0.269792
0.0217475
0.0220604
0.0431463
0.0219087
0.0220808
0.0598638
1.48304
0.0216243
0.233961
1.70459
0.0244544
2.14348
1.78095
0.0218097
0.0544213
0.0271984
0.0219839
0.0216116
0.102532
1.69768
4.66004
0.0219524
0.0220158
0.0216594
0.0248295
0.0228044
0.0237877
0.574118
0.0459241
0.0221514
6.41928
0.02939
0.0335357
0.0220365
18.8734
0.023704
0.021918
0.082691
2.10779
0.0215735
0.0220498
0.0219473
0.0255085
0.0217432
0.0375334
0.611577
0.0221554
0.10085
0.0228696
0.0219854
2.15503
2.856
0.359832
0.0220749
0.0215874
5.24498
0.0258448
2.43604
0.0215518
0.0219001
6.57576
2.64266
0.0297128
0.0990208
0.0628502
0.0218862
0.0222717
0.021939
3.27852
0.0220571
0.0222928
1.58748
0.0274422
0.289954
0.0328038
0.0219359
2.59651
0.022268
0.0219105
0.0219281
0.0305463
3.45023
0.0221618
0.0219705
0.0219064
0.0218946
0.0219421
0.0219274
13.3191
0.0314547
0.022781
0.0221098
0.0316459
0.0607806
0.026482
0.0284783
0.0222839
0.0216529
0.0232935
2.16119
2.48855
0.0232474
4.54144
0.0222153
0.0252111
1.10876
2.20308
0.021775
0.0221804
0.345488
0.0508814
0.021907
0.0222486
2.25204
0.0222681
0.0684797
0.0220116
0.618032
0.0222475
0.0222418
0.0221268
0.0308253
0.0220718
0.0244714
0.0260976
0.163794
0.0218632
0.0219976
0.0222498
0.0218811
0.0221484
0.0219614
0.030638
0.0221112
0.0515582
1.9806
0.0427083
0.0628314
0.0222018
0.0217639
6.61495
4.46055
0.0216019
2.06388
7.36828
0.0215936
0.0219661
0.0218775
0.0953814
0.0535196
2.43916
0.0218566
0.0250526
0.0218594
0.0222578
0.022229
0.0856065
0.0221231
0.247228
0.0220931
0.0578419
0.0218938
0.0230844
0.0219101
0.0385807
0.0601128
6.871
2.8401
2.03255
0.0475166
0.0218989
2.96112
3.76919
0.0611275
0.0220352
0.0220847
1.98455
0.0218699
3.15342
0.0216063
0.0293823
0.0221986
0.0222698
0.0217814
8.52642
3.22542
2.90509
0.0723276
5.25164
0.0219518
3.03822
10.3461
0.0222705
0.0220534
0.0217269
3.43253
0.0215526
5.07277
0.0323736
0.141255
0.0222455
0.935237
7.85188
1.71191
0.0294474
0.0317978
0.0220407
18.7141
0.0215321
0.607782
0.219832
0.0686827
9.84368
3.3781
0.0238762
0.0233669
0.021949
0.0969527
5.29261
5.24059
0.0217419
3.94829
0.0260251
0.119891
0.122725
1.51024
1.55551
0.0216373
0.0259845
0.0303923
0.0242084
0.0239525
2.67167
0.0221968
11.3971
0.0217609
0.0216166
0.0782136
0.108956
3.08112
0.0226046
22.7559
14.194
0.729948
0.0268472
0.022233
0.022608
0.022227
0.0219111
0.861583
1.95386
0.0221638
0.0219151
0.0317195
1.71187
0.0258174
0.0219222
0.43505
0.0219396
0.0222749
0.0215417
0.0595752
0.0220293
0.0249699
4.35795
0.0606582
0.0222586
4.25848
0.128642
0.0219351
0.0230051
0.0336532
0.0222624
0.0219654
0.0217446
12.7601
2.13659
0.0221837
0.0352088
0.036155
0.63994
0.0219387
3.27471
0.0218617
0.0217498
0.694867
0.245394
0.0646113
0.0220128
0.021895
5.71982
1.51609
0.288003
2.85624
0.0221027
0.0238137
0.0220151
8.22338
0.0241829
2.3875
0.0226838
0.0219226
0.0236293
0.0216701
0.0218757
0.0640196
0.0217756
3.22386
0.021801
0.0221659
0.0215604
0.0249284
1.82949
2.79309
0.0519097
5.46116
0.021981
0.0359453
0.0233092
7.95716
0.0218268
0.0216254
2.66038
0.0345919
0.0327367
0.0221115
0.21949
8.55783
2.36826
0.0221097
0.0343794
0.915822
0.0313787
0.933847
0.122139
0.0808303
0.0217615
0.0225506
0.0607806
0.0766296
0.0219881
0.0998996
0.0217348
0.0221829
0.0222337
0.0217593
0.0219038
0.0219891
0.777
0.0256712
0.0229269
0.0458147
0.0217448
0.0219263
0.0380396
2.82994
0.0842548
0.0608368
2.33698
0.0222339
9.4071
0.029248
5.32863
0.0613335
0.0222018
0.0220857
0.0234577
8.79003
1.73964
0.050535
0.155569
0.0216498
0.0218908
0.022248
0.022201
7.66803
0.0255809
0.021961
0.156085
0.288476
5.88877
0.0227258
2.49207
0.0556802
0.0400835
0.0320472
0.427068
0.245926
0.022221
1.58697
0.28162
0.0386803
2.23224
0.0448661
0.0222082
0.0222638
0.0219108
0.0231043
0.0271307
18.839
0.0501291
0.0218705
0.293144
0.0220039
4.28723
3.35504
0.021957
27.9572
0.0217969
0.0217476
0.0220216
1.57206
14.7037
0.0483064
0.0312025
0.0217108
0.554352
0.0222313
0.0308289
0.0220906
0.0221247
0.0219078
5.20398
0.0227633
0.0420364
0.0289403
0.0222114
0.357233
0.132791
0.0340914
0.0252759
0.023762
1.76868
2.57794
0.0218857
0.0217563
0.021883
0.0225394
5.42077
12.8052
0.206932
0.0255638
0.0217795
9.333
5.12185
0.0221801
22.5017
0.0217064
0.0841007
11.8699
0.0217372
6.39193
7.9432
0.124883
6.24649
5.61268
0.0218384
0.0226404
2.47416
1.51806
0.0225177
4.86594
0.0248951
0.0219043
0.0222738
0.0231561
0.0398037
0.0251766
0.312054
6.43718
0.237727
0.0341857
0.0220789
0.0600283
2.182
0.0217524
3.64219
0.0474245
0.0222198
0.0245567
0.0222415
0.0221692
0.0314511
2.30062
0.0224761
0.0217881
5.17861
1.53581
0.0697247
0.0222613
0.0557291
0.0219273
0.0219312
4.1107
8.51958
0.0219211
0.0214857
2.79353
4.37216
0.0480787
0.02223
9.94966
0.0226954
0.0219278
0.0239571
0.0219321
0.0216436
0.0216182
9.68316
0.201709
0.0258477
1.61391
0.0448764
1.48809
8.46042
2.02982
0.157608
0.0219292
0.0222387
0.0223073
0.0219924
0.0748858
0.0218813
0.109027
0.0290768
2.93136
0.0220465
1.52102
0.0361969
5.13948
0.0219246
1.74335
0.0299171
0.175136
0.25835
0.0309567
0.0216151
8.98894
0.0558757
1.46424
0.0215991
5.28238
0.0220265
4.60526
0.503421
0.0430546
0.021921
0.0220886
1.87796
7.02728
0.0317537
0.0215593
1.41072
0.0851686
0.0446311
2.69966
0.0789076
0.0219082
3.70306
0.021915
0.0330871
0.0216118
8.78898
0.0216191
0.0236096
0.323435
3.56812
0.0222218
0.0669235
0.0243492
0.0787926
0.0218795
0.337984
0.0234052
0.0636746
0.0219244
0.0219852
2.01121
0.0285273
4.72589
4.41053
5.12542
0.0227026
0.0216365
0.0217537
0.0255986
0.0366494
0.0311945
5.56951
0.0235016
0.680078
0.0418065
0.022281
0.0219281
0.0687756
0.409886
8.87345
0.0219058
1.62121
0.0218625
5.25271
1.459
0.0464855
0.0219951
0.0217261
0.0428164
1.7505
0.0242806
0.0222686
0.0238226
0.0445206
0.0228938
1.51633
2.08838
3.90164
0.0221561
0.0262537
11.1122
0.0221866
0.0617482
0.0218006
0.824484
0.0363766
0.0219489
0.0431229
0.185349
0.0219309
2.17923
0.0219142
0.138169
0.252686
0.455136
0.335915
0.0221662
0.02218
19.2806
0.0221304
0.0398471
0.0822967
0.0235107
0.0215225
10.8834
0.0248626
0.405015
0.0234202
0.0663423
0.0225064
0.406611
0.0252154
0.0246187
2.3671
1.19186
0.0220889
0.022273
0.163768
2.1555
1.94129
0.790681
0.0293173
0.0219198
0.021796
1.85163
0.0221382
5.53119
0.0984455
2.51681
0.0221069
0.0217129
0.0217916
0.0428492
0.0459125
3.72359
1.56549
0.858124
0.223125
0.0216012
2.53276
0.0230023
0.0630327
0.0228715
0.0400961
0.0607661
0.0219239
0.0215696
0.064057
0.0216312
0.0391612
0.0707202
3.33383
4.28901
0.0377302
1.7945
0.0217365
0.0216301
0.0220738
0.199387
0.0614359
0.0462429
0.112031
3.98225
0.0394105
0.154412
0.0218057
0.0220778
15.431
0.0219094
0.281408
0.0214625
0.0218542
2.10806
0.331352
0.0218439
0.0798031
0.510698
3.49731
2.60236
0.025031
0.0667252
0.0490351
4.71969
0.0220409
4.92915
5.68993
0.0236965
0.0259957
0.0216057
0.513051
0.0217305
0.0219824
1.59111
0.0222095
0.0215589
0.201758
0.0588779
1.5273
1.51435
3.34361
1.85313
0.0216095
0.0219056
0.0218496
0.022205
8.42701
0.0220608
1.7496
0.0229812
4.57054
0.0244569
0.0221019
0.0216781
0.0222141
0.0303319
0.0220275
0.0215122
0.341334
0.0218158
0.0513096
0.0224409
7.01438
0.0245015
0.0220784
0.0219305
0.0529553
0.0219064
0.0217597
0.0220884
0.0222146
0.0245799
0.021842
0.0233663
0.0315196
3.7243
5.26558
4.57775
2.50704
0.021763
0.0220047
0.0219206
0.021425
0.021931
0.0217294
0.187082
0.021854
0.0222517
0.0220683
0.0220424
0.0219344
6.90708
0.0242041
0.0219717
19.846
0.0432284
0.0217089
8.0094
7.56228
0.0220194
0.45298
0.708866
0.0220269
0.0458804
0.0239331
0.021554
0.0273922
0.0220203
0.040049
0.0220122
0.0222473
0.0217401
27.8862
0.0284903
0.0455944
0.0220321
0.0222653
4.55955
0.0257523
0.0220356
0.023825
0.0241825
0.0222519
0.243347
11.7187
1.1665
1.5622
0.228696
0.0373816
0.0222597
12.0454
0.161189
0.0227322
0.0596207
0.0222932
0.0218953
0.0222464
2.92342
0.0461783
0.0219985
0.0220414
0.184503
0.0217247
0.445749
0.0219403
1.85808
0.229223
3.89792
0.0220792
0.0231902
0.031782
0.0355509
0.0222469
0.0387965
0.0854157
5.34303
0.0219757
0.486905
9.54155
0.0215619
1.88958
0.0433858
0.333669
0.105753
0.0219176
0.0277566
0.0404302
0.0216817
0.0250273
0.0215398
4.35846
1.77846
0.0325894
0.0218267
0.150332
0.0748101
2.82328
0.271654
0.0233327
0.0280998
0.0219467
0.0219139
0.0404997
0.0518165
20.0977
0.0218112
0.449623
0.0225517
9.68476
0.178241
2.3978
0.0215973
0.0229301
1.99548
1.80243
0.0430357
2.1683
0.0228836
0.231631
0.0219132
0.0218466
2.64847
0.531443
0.0248716
0.0220936
0.0751257
2.16361
0.195273
0.0661369
0.0217677
0.0220139
0.0217138
2.39413
4.85804
0.0217486
0.0447839
1.84951
0.0745511
0.279901
1.64374
5.65026
2.19826
0.0217645
0.0227806
1.60825
0.0218907
0.0492059
1.55606
9.72144
0.0233719
0.0302122
4.97988
0.627955
2.01564
5.02645
1.7244
1.48736
0.0221106
0.0216137
0.0219895
0.022562
25.1101
0.0547894
0.368095
0.465436
0.0563844
0.0219401
0.460747
0.0216993
0.0304779
0.0219216
0.0405917
7.11034
2.15846
0.022071
0.0215982
0.0386102
4.73998
0.187909
7.2516
0.0445971
0.022041
0.0830888
0.0214599
0.0952945
0.0320042
0.0219079
4.71343
0.172538
0.523789
0.0576494
0.0222254
0.0215736
6.17115
0.0252132
0.021617
0.022145
0.0222559
0.0216803
5.5693
9.63613
1.96232
1.40969
6.22529
0.0240065
0.0219416
2.97563
0.0243264
0.0858009
6.51434
0.0218661
5.2894
2.84638
0.0597049
0.0336587
0.795391
0.0230887
1.79491
0.037534
1.99932
0.0218166
0.0228464
0.0408228
3.24995
0.114541
0.0685988
4.90579
2.14482
0.0717532
0.160495
3.28838
0.0241879
0.364327
18.3816
0.0357682
0.0629097
3.1322
0.0321163
0.036829
0.0221033
0.0367463
0.0390095
0.0561121
0.0220881
8.58765
0.162507
1.81677
5.16303
2.15022
0.0396073
1.59842
8.66478
0.0218458
1.28435
3.02893
8.41456
0.0277912
0.0242106
1.64381
9.40168
0.0216071
0.239878
0.0217504
0.021909
4.1762
0.025381
2.29086
1.57013
1.88713
8.48202
0.0216175
0.0351604
0.0219833
0.0218429
0.11104
0.05689
0.0264836
2.79427
1.84148
0.0222731
0.0261306
1.34859
0.0234239
0.403376
0.0478432
1.48704
1.48782
0.402993
9.17753
7.0808
1.80686
1.50538
1.73165
0.0313269
0.0251576
0.116867
0.120093
1.82247
8.32477
0.0221318
0.0226072
5.50969
2.32351
0.024711
4.86329
0.0219212
0.820643
4.64743
4.75448
0.0219228
1.65115
1.54969
0.0267773
0.0346163
5.50824
4.87384
4.74275
3.61285
0.0219731
6.40249
1.61542
0.0407225
0.222536
0.108089
0.0217323
0.0265651
3.49687
2.34723
0.0245144
0.0221716
1.56113
0.0849112
1.81992
0.0740983
2.20633
1.53855
0.0219904
11.0744
0.0222852
0.0303187
0.0220405
0.0218218
0.0217018
0.0371558
0.28044
0.0214899
15.8919
0.0712344
6.84937
7.82177
1.98384
0.0219088
4.52133
1.52646
2.00759
0.0343374
0.0219236
3.52974
0.405611
2.11837
0.0550366
0.0234255
0.0216846
4.65838
5.35549
0.0333112
15.6378
0.0310135
0.0221583
1.45662
0.053992
19.9991
0.0218986
0.0295848
1.65912
4.6712
1.50273
0.221396
1.49244
1.702
5.95289
0.0220474
7.79293
0.047549
0.0218298
0.0215498
0.0219145
5.16555
0.0492964
1.50497
1.55912
0.0365538
0.153036
0.0786306
2.58314
0.263698
5.71756
4.90798
1.29797
0.0885412
0.0216452
0.705333
0.0562646
0.110978
1.44189
2.69039
1.71451
0.0220944
0.0240761
0.0486344
0.0220591
0.0219531
0.0276875
1.53184
0.0287134
0.0253343
1.41541
0.0723762
0.3164
4.14657
1.57913
0.430604
1.95545
4.81544
2.23186
0.0626461
0.0311115
0.0220885
1.30531
0.106389
0.22175
0.0628735
0.0607185
0.0214485
0.177246
6.14324
0.0265823
0.0215819
0.0230606
3.60105
0.0218745
0.0220252
0.0623133
1.54778
0.0284867
0.0544444
0.178281
0.0304644
0.0588188
0.0218489
0.0219824
0.0410421
0.225115
0.0222089
0.0311694
0.270768
6.86492
0.0221016
11.5374
0.0218686
1.57143
0.0232221
0.0233685
0.0215485
0.17902
0.0342838
5.59482
11.8634
0.0681336
0.0221618
0.021939
5.60282
2.93433
0.0218028
0.244937
1.60399
0.0523312
0.0767997
0.0214225
0.0226346
0.0219228
1.48089
0.0421779
0.0220502
6.43264
0.0223282
0.0575975
0.25756
0.0217338
0.0957142
0.0597741
18.4111
0.0223869
0.0261458
0.0233723
0.0541144
0.0213995
0.0219055
5.77958
0.326403
0.0748922
0.0218755
1.90514
0.0223336
0.0223311
0.0219574
0.450212
6.26961
0.0237194
9.95332
1.63793
0.0639213
2.98764
4.76406
5.08526
6.95787
0.052626
0.0629579
0.214743
0.0478299
0.0219505
0.0300518
0.0294981
7.90083
0.0220788
3.29872
0.0219774
0.410345
0.0905799
0.022778
0.022952
8.61042
11.5994
5.43369
1.57543
0.0218102
0.0667928
4.56788
0.0259026
9.74243
0.0406279
0.107129
1.66542
0.0341439
0.021993
0.123551
0.147594
0.0219128
1.50388
0.676589
0.0217058
0.0222394
0.0221212
0.0220094
6.58153
0.0219763
0.0473432
0.0220248
0.0223383
0.032277
0.0219379
1.50655
0.0836824
0.0221233
0.021622
0.109766
0.0232995
0.0551739
6.18298
4.81205
0.0531673
0.229069
0.0402934
0.021589
0.135745
10.4993
0.0377162
1.48127
6.06812
0.0746967
0.0385634
0.0280958
0.0665057
0.0377014
5.66272
0.0221131
0.0221365
0.0217983
2.40969
9.43913
0.0358024
0.0987875
0.0218642
0.0266195
0.106558
0.267809
0.0219028
0.0596979
1.86883
0.0874504
0.0219902
0.0219194
19.9523
5.54638
0.0219335
0.627133
0.0304223
0.197185
0.293469
0.02186
2.95937
0.0289571
0.0220247
2.7571
0.20212
0.0219207
0.0221622
0.261348
0.0217665
0.0220409
0.152438
0.0418166
0.0454814
6.36795
0.0251667
0.0415333
1.80692
0.0218347
9.12302
4.69496
0.0250334
0.0585472
0.177317
0.0219627
0.157829
0.0214645
2.21029
1.50554
0.0220037
6.46936
7.82613
0.0219296
0.0219318
0.569902
0.037843
1.58003
1.5324
0.022095
0.0428326
4.97536
0.0226207
0.0478709
0.0681079
0.0336423
3.06627
0.196779
0.02333
0.223031
5.71066
0.0452596
3.07418
0.0219116
0.0215469
0.0222674
0.0420226
4.91044
0.0220656
0.0331414
14.8559
2.67478
0.0222177
0.0296628
1.97145
1.57402
0.0222247
9.27593
0.0333917
0.0864303
0.0342931
0.0230377
0.0258271
0.0219481
0.0219616
6.09668
0.0219334
0.0519258
0.0219825
4.75594
0.0233175
0.0239629
0.0215856
0.0237121
0.0219832
0.0411719
5.22543
1.06151
0.0376733
0.0421901
0.0219673
0.031497
0.0510041
2.24434
5.25448
0.0218302
0.958012
0.0220228
2.31311
1.42338
5.06811
0.0218267
0.105807
0.0698527
5.86623
0.235741
0.0218395
2.52183
0.325919
0.0377339
3.3189
0.0221672
0.0219865
0.0391733
3.44387
0.0219191
6.98251
0.033836
2.50395
0.0896539
0.0223741
2.20021
0.0279451
0.0220795
0.269192
0.0219182
2.79886
10.3177
0.15545
0.0274786
0.152779
0.0219253
0.101026
0.0437851
9.62257
0.0220038
0.0216139
0.0267058
0.029364
0.042583
1.88576
3.67504
0.0356699
0.225708
0.0218007
3.24817
6.07157
0.180166
0.0219169
0.0222602
0.023154
2.80699
0.0220438
0.0261785
2.42621
0.0815312
0.0219716
0.263307
0.07663
0.0219878
0.0250113
0.117361
1.55425
0.0685073
0.0427892
1.98045
1.53425
0.425099
0.0265171
0.0220953
0.0242865
0.0245957
0.136705
0.0558216
0.0273085
0.0751773
5.28252
0.0240218
0.0219952
4.86602
0.281677
1.74004
0.177982
0.0255947
0.0236643
0.0235291
0.0217567
0.0218773
0.0426304
0.0215427
0.0228792
0.0220181
0.0228841
0.02347
0.0219469
0.0384194
0.0359635
0.0220672
0.0219341
0.022119
0.0226945
0.022308
0.246114
0.0220572
0.0233709
1.4291
0.0216873
0.0231515
0.0222226
0.0270181
4.85096
9.97426
2.57606
2.97544
2.91258
0.199411
0.021872
0.0576062
0.0219797
0.679616
0.0230956
0.0291982
0.0221511
0.0528564
0.0219598
0.0305434
0.0217805
2.53688
0.161084
0.0220785
4.31493
2.72055
0.02213
0.0876843
0.0219512
0.0215898
7.26303
0.0221008
0.0637553
0.18831
0.022105
0.0215493
0.0710377
1.66435
0.0249329
0.0233588
1.48689
0.021944
3.82552
0.0489562
9.20748
0.0216662
1.55278
0.0219104
0.0221339
0.230812
0.05695
2.3035
1.75384
6.62819
2.81116
0.16448
0.135012
0.0220461
0.132603
0.0220011
0.0218197
0.0924339
0.0219093
0.0219831
0.0215982
0.0216089
0.0546642
4.63022
1.50297
0.392041
2.64498
0.0234682
0.0301776
0.0227789
0.0226871
0.0724776
0.0220096
0.0217216
0.0218094
0.0235971
0.0231078
0.200429
0.0792415
0.0454008
0.0221088
0.0540816
0.0551543
1.99386
5.2333
0.0246263
0.0385443
0.0220883
11.8758
1.648
0.0219189
0.0219337
0.0243279
0.0222129
0.651579
0.270855
4.58063
0.0220964
3.4847
0.0220674
2.70033
0.0491812
0.0218103
0.0279034
3.70241
0.0268345
0.0276361
0.0296019
0.0796684
4.42173
0.0217546
0.0219153
0.0277837
0.155172
0.0218517
1.99023
3.52616
0.0219481
0.0214178
6.15888
0.062715
0.0219172
5.02727
15.4533
2.25449
3.66985
0.0276405
1.96184
0.0220711
4.70369
3.10944
0.821487
0.0623178
0.0237866
5.18432
0.0248651
0.0218673
0.0214466
0.548595
0.0216297
5.68398
0.0226225
0.0221242
0.0249131
1.51155
0.0237518
0.02274
0.0220735
9.58505
4.06143
11.2402
1.61501
0.0408959
0.0219201
0.0240584
0.234066
0.107147
0.0219875
0.0482635
0.200347
3.96537
0.0219302
4.05686
4.77073
0.0372525
0.0220629
0.0237068
0.0219515
0.0217306
0.0219386
0.0220318
0.0221588
0.0956218
0.0220954
0.118699
0.0225429
0.0226363
5.05712
0.0660268
0.0234037
0.0227271
2.1876
0.0215493
0.0227466
0.0259049
0.0218147
2.02956
0.0306627
0.022691
0.0439422
0.0219375
0.0270084
0.0218078
0.138545
0.0218191
0.0218977
6.40311
0.0234901
0.177113
0.0325936
0.0236849
0.0797269
0.0214037
0.022088
0.0225842
5.21459
0.0237257
0.0219166
1.91715
0.021962
0.0216178
0.021884
0.691531
0.0318774
0.131661
0.033259
0.0305325
0.0492966
0.0237582
0.026941
0.0470945
2.28845
0.0222081
0.0282083
0.0217934
0.250723
0.198008
0.0219046
0.028663
2.94766
0.0296897
0.0215412
7.23953
0.0257043
0.0808872
2.36929
0.0280632
0.0218866
0.029
0.0219178
0.0241961
0.0219052
0.0232514
0.0257685
0.0219701
0.0220681
0.0316492
0.0221184
0.08926
0.0218967
0.0236384
0.0219216
0.0292671
1.55653
0.0220524
0.0219752
0.0966925
0.0231025
0.0219295
0.25799
5.74736
2.97495
0.022042
0.0243338
0.0343258
0.0222447
0.022125
0.0330604
0.188336
0.0215309
0.052298
0.0219611
0.0218897
0.0217482
0.0215214
0.0227787
0.042209
0.0332454
0.0266144
1.67617
0.0240756
0.0278618
0.0217173
2.15369
3.669
2.57415
0.0220187
0.045785
0.0279338
0.0219887
0.02212
0.040923
1.536
2.39742
0.0219195
0.0273235
8.30388
0.0227154
0.176751
5.33521
1.62128
0.0288918
0.0219779
0.0378489
0.0429385
0.144741
11.1155
8.09913
1.57573
0.0226717
0.0221737
0.0219211
0.101177
0.0219068
0.0216817
0.0370452
0.0219027
0.0218659
0.0218775
0.0515605
0.0219456
0.0217755
0.0219725
2.4095
0.0215372
0.0220114
0.0221066
0.0225742
0.0219389
0.071297
0.0664282
6.78631
0.021575
0.0280805
0.108386
5.35394
2.38008
0.0221879
0.0222752
0.05167
0.094436
0.0256743
0.360766
0.0219299
3.86917
0.0222781
1.48359
0.0227575
0.0219125
0.0432819
0.0219366
0.0219758
0.0226868
0.685461
0.0243254
0.0224162
0.0221782
0.0219522
0.0389825
0.0219515
0.0219178
0.025797
0.101412
0.0241931
0.0218551
1.47365
6.34913
0.0219649
0.939934
0.022143
0.0297628
0.073747
0.204584
0.0233696
0.0229173
0.0220513
0.261226
0.0282159
0.0221647
0.0219023
0.0231626
0.154526
0.0220766
0.0341662
0.0237938
0.0347177
0.0500488
0.0370658
0.087234
3.59611
0.0248509
0.0220389
6.81913
0.321973
0.0219307
0.0214859
0.0220632
0.0219611
0.0219064
0.0238206
0.021669
0.0220785
4.74769
1.55769
0.0316182
0.0219337
3.08787
0.0237788
0.0216979
5.90141
0.0236968
0.0216437
0.0220943
0.0220369
0.0360046
0.0220307
0.0540356
0.021921
0.0217793
0.0219441
0.031797
0.0350883
0.0218937
0.0552412
1.50147
0.0231015
0.0218922
0.0602434
0.0217095
0.021983
0.0218602
0.0299745
0.0220521
4.61481
0.0222848
0.231661
3.14839
0.0546887
0.0232893
0.0222493
0.0220145
0.0219383
0.0292593
0.157826
0.112238
0.0218071
0.0237544
4.94193
0.0215807
0.167348
0.0219654
0.0231668
0.0305754
0.0609436
0.0219567
0.0331327
0.0279193
0.0578519
1.45498
7.61153
0.0218665
0.0219269
0.0323673
0.0227712
0.0225979
0.0488554
0.0226922
0.0977049
0.0217806
0.0687993
0.022106
0.0796567
0.0556983
1.47351
5.16306
0.0219221
0.0380466
0.908904
0.203031
0.0215904
0.0217742
0.124551
0.0219419
0.0219265
0.0217395
0.0215086
0.0698027
0.0707129
20.2282
0.0220201
0.0433744
0.022255
0.0215827
0.023011
1.7345
0.165382
0.0219122
0.0220994
0.0218373
6.76076
0.0220072
0.0219319
0.0224267
0.0219447
0.0427808
0.0218337
1.84843
0.0219859
0.0225785
0.0223314
0.0218893
0.0217371
0.0220075
12.1566
0.0217804
0.0219387
0.231133
0.0218828
0.0220425
0.0221115
0.0221559
0.0528486
0.0219027
0.0219749
2.46505
0.0235421
0.0220381
0.0222302
0.021515
1.55845
0.0229277
0.0221774
0.0218982
0.0258629
0.0219691
5.32465
0.0217941
0.0220108
6.07102
0.0219769
0.0608448
0.0221582
0.0214072
0.0215026
0.0304434
0.0370269
0.0218403
0.0222862
0.0239914
0.0219045
0.0221106
0.0220726
0.0218706
0.0217469
0.0218151
5.9263
0.021959
0.0218352
1.88166
0.0219366
0.0266413
0.120341
1.60561
0.0218132
0.0220448
0.0219596
0.0216317
0.0228971
0.0384965
0.0238278
0.0365088
0.0217632
0.0254606
0.021973
0.0214707
0.0280622
0.0576438
0.0234706
0.0290029
0.0220262
0.0219592
0.0221201
2.2479
0.0235067
0.0220117
3.78078
0.0229496
2.56679
0.0220632
0.0219331
0.0217308
1.6003
0.0219326
0.0248955
0.0229297
0.0220724
0.0219654
0.0220882
0.0220055
0.0242202
0.0218991
0.0386299
0.0222479
0.0385693
0.0214936
0.0216277
0.0238805
8.27973
0.0221482
0.0220483
0.0225552
0.0219239
0.0240543
2.10625
0.0226979
0.0270462
1.94622
0.698266
0.0226529
0.0227147
0.146467
0.089661
0.023148
0.0221146
0.0218787
3.95785
0.022627
6.04739
0.0216887
0.0215363
0.0221045
0.0219055
0.0231343
0.0215808
0.0219876
0.0222651
0.0583136
0.023717
0.0225262
0.0216233
0.34541
0.0619113
0.0215084
0.0221043
0.0233897
0.022239
0.0220585
0.0215845
1.48751
0.0215972
0.0219277
0.0661729
0.0215744
2.05819
0.0218215
0.0430358
0.0272608
0.0219685
0.021534
0.0219209
0.0221655
0.0220428
0.0217697
0.0216138
2.1598
1.62808
1.87819
0.0216073
4.91908
0.0219569
0.0547234
0.0219193
0.0219236
0.0221091
5.75926
0.0219474
0.0219061
0.0221259
0.0219535
1.69523
0.0219272
1.74614
0.0214442
0.0224902
2.5219
4.8499
0.0219827
0.0219571
0.0267522
0.0220163
0.13948
0.0217501
0.561653
0.0217629
0.0352427
0.0221391
0.021815
0.0219425
0.0219466
0.023124
0.0218721
0.0307521
0.0347579
0.117899
0.0217323
4.26595
0.0218952
12.6385
0.0219092
5.48248
1.0964
0.0217472
0.0219093
0.0215937
0.0218585
0.0220437
0.0220247
0.0215824
0.0224941
0.0214378
0.0860828
0.0221106
1.50568
0.0215742
0.0215279
0.0219254
0.02192
0.0226557
4.09134
0.0230152
3.00459
0.0215398
0.0221188
0.0347675
0.0215805
0.140708
0.0231906
0.0219295
0.0393536
0.0215037
0.0219717
0.0224092
0.0217025
0.0286294
0.0397568
0.0216317
0.0221124
0.0220457
6.35319
0.0233729
0.0215787
4.69211
0.0513943
0.0216214
0.0219179
0.1531
0.0228127
0.021436
3.8084
0.211977
0.0228224
0.0214423
0.0222398
0.0351376
0.021565
0.188351
0.0216134
0.0216764
0.0409558
0.0522738
0.0216074
0.0216078
0.0215019
0.0217299
0.0217417
0.0408009
0.0219702
0.0217496
0.022111
0.0218469
2.93456
0.0222722
3.15628
0.0262413
0.0277277
0.022142
1.75764
0.0219077
1.9271
0.0215263
0.0219596
0.453069
0.0219721
0.0227877
0.0216532
0.0247174
0.0217033
0.0269148
0.0215649
2.61723
0.0221574
0.0215725
0.0215326
0.0215713
0.100906
0.0217757
3.83817
0.0219164
0.0247758
0.0214977
0.0220168
0.212453
0.0219995
0.107274
0.0218145
0.0230352
0.0221217
0.0221329
0.0224191
0.0219164
0.0219825
0.255553
0.0215693
0.0219471
0.0225135
0.022057
0.0220541
0.0326639
0.0218601
0.0219172
0.0218473
0.0216189
0.0217613
0.0219963
10.5999
0.188242
3.6155
0.0214331
0.0236013
0.0221258
0.0263768
0.116397
0.22291
0.0318438
0.0215669
0.0219781
0.0219549
0.0221438
0.0221145
0.0219113
2.5997
0.0503976
0.0219285
0.515587
0.0221369
5.79106
0.0219627
0.0218916
0.0218028
0.0215627
0.0214807
0.021836
0.0216564
0.0217894
0.0414739
0.0228808
0.021916
1.75822
0.0215633
0.0227214
0.0219867
0.0215963
0.021924
0.300182
0.0217857
6.57657
0.0219083
0.0215936
0.0351239
0.0218764
0.0273023
0.0763784
0.021671
1.50659
0.0709763
0.0216021
0.0226037
0.0215247
0.23808
0.0216101
0.027651
0.0229583
0.0217849
0.021726
0.0218274
0.0219448
0.0224525
0.0217514
0.022375
7.15523
1.84992
0.0229323
0.0219639
0.236935
0.0316688
2.0332
0.0218017
0.0218842
0.0219642
0.0223198
0.0219311
0.0216216
0.0215915
0.0219747
0.0419343
0.0216559
0.0220137
0.0258932
0.0219877
0.0296491
0.022042
2.47785
0.0218676
0.0219263
0.0230987
0.0402035
5.20367
0.0219037
0.0221554
0.0218788
0.0220958
2.10628
0.0224564
0.0219329
1.45325
0.0218279
0.0219963
4.98774
0.0220559
0.0218559
0.0214681
0.0219175
0.0217853
0.0220013
0.0351118
0.0217891
1.64672
0.0220987
0.0236826
6.8857
0.0219477
0.0216418
0.0220622
0.0214386
0.0216127
1.95086
0.0219717
0.0220107
0.0224765
0.0218739
6.69308
0.0218065
0.125699
0.0217143
0.066098
0.166796
0.0719629
2.36598
0.0266087
0.0348469
0.028442
0.0218797
0.0219916
0.0232106
0.172206
0.057401
0.021518
0.0220079
0.0219717
0.0217464
0.0216001
0.134695
1.53057
0.15798
0.0222782
0.0221622
0.0306494
0.022011
0.0220455
0.0219058
0.0220142
0.0219466
1.31582
0.0230538
0.0223347
0.0215024
0.0634416
0.0216356
0.0220727
0.0217202
0.0215521
0.0219036
0.0220476
0.0484266
0.021778
0.0255002
5.60511
0.0216653
0.0221047
0.0216689
3.81897
0.0215221
0.021768
0.0453601
0.021982
0.0710921
0.0217708
0.0215256
0.0225462
2.49517
0.0222525
0.0220939
0.0216784
0.0217768
4.22567
0.0231115
0.0217355
0.155083
0.021911
0.0217615
2.05293
0.0222936
0.0222941
0.022293
0.0222925
0.0222919
0.0217332
0.023482
0.0231169
0.0709108
0.0215764
1.93064
5.1987
0.0312714
0.0219028
0.0218023
0.021903
0.0220351
0.0217775
0.0221339
0.0217391
0.162189
0.0219252
0.0217892
0.0217511
6.21163
0.0219528
0.0221346
0.0220216
0.0219564
0.0218968
0.0217851
0.0226527
0.0233415
0.022159
0.0228125
0.0230862
0.0222369
0.0223564
0.0224864
0.0219767
0.0222858
0.0215417
0.0217886
0.0217022
0.0225489
0.0217886
6.9676
0.0218677
0.0218453
0.0219298
0.0214194
0.0230065
0.0219749
0.0220037
0.0219237
4.92899
2.38588
0.0215605
0.0217831
0.139561
0.0345619
2.03589
0.0218347
0.024196
0.0349751
0.0215506
0.0221506
0.0219622
0.0221977
0.0219212
0.159276
0.029033
0.0337766
0.0219552
1.61905
0.0221245
0.0220809
1.45409
1.95836
0.0217182
0.0218666
0.0222615
0.0228736
0.0219187
0.0219965
0.0218399
0.0237079
0.0215579
0.130553
0.0217815
2.23864
0.0217903
0.0220133
1.03548
0.0228247
0.0218187
0.0224126
0.0218879
0.0220248
0.0278406
0.022168
0.346229
3.57996
7.35155
0.0217652
0.114642
0.0218771
0.0220958
0.0219803
0.0218444
0.0217069
0.0219964
1.97981
0.0218111
0.0219322
0.0215945
0.021845
0.02189
0.0215692
0.0225364
0.0219836
0.0217213
0.0219416
0.0220276
3.58498
0.0219327
2.35173
0.0222944
0.0219759
0.0217733
4.60053
1.54811
0.0215921
0.0216452
7.73849
0.0453932
0.0219365
0.0220269
0.0299405
0.0217776
0.0219231
0.0217831
2.25551
0.0220907
0.0220546
0.0222839
0.0218924
0.0219238
4.34371
0.0217408
0.0216828
0.0218065
0.0220776
0.0219209
0.0218934
0.0219512
0.0219251
9.02475
0.0221024
0.0220064
0.0216759
0.0309621
0.0217135
0.0326497
0.0220386
0.0216784
0.0219516
0.0217825
0.0218842
0.0219602
0.0221211
0.0216249
0.0217831
7.94455
0.021968
0.0334731
0.0219709
0.0219048
0.0216393
0.0218533
0.0307391
0.0220191
0.021516
0.0219261
0.0219129
0.0241107
0.58545
0.0217379
0.0214846
0.0220317
0.0220583
0.0219973
0.15584
0.0217938
0.0220048
0.0318084
0.0217526
0.045803
0.0218365
3.977
0.0219368
0.0217811
0.0220523
0.0218552
0.0219497
0.0256264
0.02187
0.0220237
0.0219079
0.0219831
0.0221246
0.0217417
0.02189
0.0216513
8.31219
0.0219743
0.0222321
0.0823088
0.0238844
0.0217937
0.0215492
0.756905
0.022668
5.00125
0.0217954
0.0926911
0.022284
0.0239798
0.0215346
0.0220294
0.0219143
0.0217622
0.0219207
0.0219169
0.0219525
4.9885
0.0214154
0.0220393
5.41423
0.0221212
0.0216157
0.0222387
0.0219236
0.0304624
0.0216996
0.0305261
0.0218625
0.0221209
0.0221252
0.0221281
0.0218374
0.0219618
0.0243575
2.41686
0.0221327
0.0221303
0.021846
0.0220063
0.021607
11.2435
0.0229415
0.0219987
0.0218955
0.0215829
0.0216959
0.0267911
0.0217916
0.0214643
0.022066
0.0219724
0.0214925
0.0225326
1.2456
0.0220853
0.0218118
0.022229
0.0220081
0.0220425
0.0214528
0.0220724
0.0220256
0.0220735
0.0221388
0.0214976
0.0219117
0.0220214
0.0219356
0.0221562
8.92609
4.70517
0.0220563
0.0233962
0.0218515
0.0255455
0.10643
0.0215897
0.0217954
0.0271718
0.0227342
0.0311845
0.0219849
0.0219387
0.0219415
0.0219864
0.021597
0.0218583
2.25108
0.0332399
0.0215662
0.0242501
0.0224126
0.252059
0.0216624
0.0216281
0.0215193
0.0217348
0.021908
0.079564
0.0218421
0.104937
0.0435032
0.0243149
0.0218674
0.0220824
0.0218443
0.0219089
0.0222752
0.0218951
0.0218804
0.0294699
0.0220459
0.0218242
0.0221604
0.0220341
0.0219759
0.0220092
0.0219878
0.0217308
0.0220106
0.0218966
0.0220287
0.0220154
0.034058
9.27612
0.0327948
0.0217198
2.87491
0.022044
0.0216805
0.0593638
0.0222519
0.0218803
0.0218855
0.0218988
0.0219399
0.0216663
0.022031
0.0224292
0.0219173
0.0218929
0.0217936
9.53377
0.0217751
0.0219006
0.0293419
0.0217652
0.0217519
0.0219834
0.022293
0.0221484
23.1116
0.0218825
0.0416126
0.0219724
0.0423204
0.126285
0.0214512
5.02483
0.0219494
0.0219639
0.0217109
10.3133
3.08235
0.0215886
0.0275136
0.0221214
0.0229673
3.59443
0.0242828
0.0219526
0.0215929
1.09555
0.0219725
0.0228904
0.0220091
4.3625
0.0219358
0.0215261
0.021768
11.5017
0.0217962
0.0219789
0.0220022
0.0216722
0.0220137
0.022089
0.0219985
2.68552
11.4264
0.0219958
0.0234004
0.0245761
0.0757365
0.0217186
0.175376
8.84666
0.0215575
0.0216435
12.788
0.0266604
0.0220154
0.0217993
0.0222929
3.14535
4.53944
0.022163
0.0221376
0.0225947
0.022038
0.0219768
0.0224221
0.022256
0.0220474
0.021916
0.0330498
0.021524
0.023407
0.022472
14.6465
0.021556
0.0220585
0.0218321
0.0225158
16.5142
0.022129
0.0540169
0.0225907
0.0219944
4.84329
0.0220786
5.44466
12.6023
0.0218292
0.0221215
0.0219204
0.0224273
0.0219983
0.0218356
0.0271131
0.0214313
0.384779
2.11495
1.51528
0.0220003
0.0247365
0.0219461
0.0215665
0.021996
0.0221429
2.18971
0.0220841
0.0220794
0.0218133
0.0221383
0.022182
0.0221638
0.022
0.021995
0.0221053
0.0215159
0.0959723
0.0225397
0.0705233
0.0220841
0.0218847
0.0218758
0.0220286
0.0216949
0.0220467
0.0225483
0.0245128
0.0216791
1.52978
0.0220974
0.0965167
0.0219205
0.0218903
0.0747339
0.028937
0.0219246
0.0219818
0.0220308
0.021927
0.0216039
17.7418
0.0413214
0.0218904
0.0215325
0.022115
0.0219976
0.0885855
0.0219938
0.0214867
0.0220434
1.35239
9.27122
0.0216904
0.021828
0.0219745
0.0219515
0.0232921
6.06452
0.0295735
0.0659827
0.0215908
0.0400355
0.122895
0.0221007
0.0222377
0.144009
0.0226339
0.0216466
0.183068
0.0236594
0.0230488
0.0217857
0.0488889
0.0220341
0.0219969
0.0607866
0.0219675
0.0236069
0.0219791
0.070678
0.0215138
0.0219954
4.5898
0.0259767
0.0221273
0.0308783
0.0216151
0.0284535
0.0251431
2.50062
5.87383
0.0222224
0.0217114
0.0322031
0.0219969
3.53285
1.43262
0.0220821
0.0220547
3.02387
0.0216358
0.0221398
0.0497059
2.77037
0.0624918
0.021642
0.0219373
0.0218876
0.0217966
0.0217196
0.0220314
0.039303
0.0220274
0.021497
0.0218763
0.0219593
9.37028
0.0321182
0.0221831
0.0233599
0.0215313
0.0220957
0.0287558
0.0220514
0.036642
0.0218939
7.49616
0.0214818
0.0217814
0.0369611
0.02218
0.0220983
0.0221924
0.024974
0.0215186
0.0225443
0.0215624
0.0218804
0.021686
0.023146
0.0219902
0.021911
0.0220653
1.62438
0.0373541
0.0215815
0.0219233
0.0219248
0.021516
0.0578989
0.0642574
0.0218578
0.0220432
0.0218123
9.01001
13.6751
0.0220642
0.0215883
0.0215464
0.0216108
0.0222179
0.0218715
0.0217726
0.0218398
0.0409877
0.021921
1.19805
0.022027
0.021828
0.0220173
0.0577666
0.0217196
0.0374291
0.0217846
0.021951
0.0219229
0.0306558
0.0220113
2.88356
0.0219881
0.0222927
0.0220112
0.0217146
0.0302709
0.0225752
0.0218487
0.0215786
0.0220891
0.0220053
1.59407
0.0480936
0.0220739
0.0873757
0.0218212
0.0221405
0.0256325
3.45649
0.0220168
0.0222385
0.0293458
0.026253
3.17994
0.021622
0.0218649
0.064104
0.0513514
0.0214219
0.0221146
0.0221746
0.0217727
0.023431
0.0219292
0.0219074
0.0265869
0.0215088
0.0449098
0.0217749
0.0218177
0.021937
0.0218264
0.0216523
0.0220495
0.173127
0.0222521
0.0218436
0.0217454
0.0216845
0.0218117
0.0219182
0.0319325
0.053915
0.0216948
0.0222011
16.9348
0.0553132
0.0613521
6.6991
0.0219157
0.0217418
0.021706
0.0217086
0.056167
0.0221226
0.101442
4.45782
1.65
0.0220471
0.0222789
0.0215676
0.0222382
0.0219757
0.0260647
0.0222631
0.0259965
17.9883
0.0218076
1.15839
0.0253951
2.35033
0.0220648
0.0217521
0.0217036
5.12289
0.0217938
0.0222589
2.14684
1.63521
0.0219179
0.0218476
0.0223062
0.0216383
0.0217794
0.054204
0.0217775
0.0218286
0.0262015
0.0220957
0.0218054
0.0216031
0.985102
0.0219278
0.0221297
0.021956
0.0557453
0.0217648
0.0220111
0.0278198
0.0234496
0.021868
0.0630971
0.0356093
0.0239524
0.0503382
0.0230771
0.0219968
0.0218718
0.0217508
0.0216901
0.0218341
0.0221585
0.0221037
0.0261724
0.0221855
0.0219824
0.0508624
0.0460778
0.0219182
0.0215797
0.0220198
0.0220216
0.61871
0.0217313
0.0231444
0.033494
0.38854
0.336189
0.0218567
0.0346667
0.0511914
2.44732
0.0218842
0.0219838
0.0225418
0.0218607
0.0222724
0.0218966
0.0412473
0.0214297
4.69212
0.0219171
0.0219794
0.0217373
0.0219155
0.0220358
0.0222654
0.0220256
0.0221259
0.0222454
0.0219396
4.29883
0.0217665
0.0219372
0.455988
0.0220206
0.0220106
0.0470368
0.0219956
0.0220302
0.0268971
0.0221458
0.0218204
0.0222717
0.0219471
0.021819
0.0219187
2.68901
0.0255865
0.0225888
0.0218809
0.0219021
0.0218686
4.87275
5.24409
0.0226851
0.0220005
0.0219115
0.0241715
0.0219573
0.0297799
0.021914
0.0221955
0.0220409
0.593847
0.0379016
0.0217465
0.0352041
0.0219322
0.0303031
0.0221204
0.0216919
0.0221053
0.0221454
0.0217957
0.0217663
0.0218625
0.0221696
0.17851
0.0236293
0.0218594
0.0267893
0.024172
0.0480463
0.0225018
0.0222526
0.0219523
0.0230107
0.0218859
0.0223483
0.0217054
2.71235
0.30881
0.0225579
0.0339004
0.0215285
0.0219566
0.0218908
0.0216969
0.0219093
0.0223114
0.0220944
0.0219928
0.0221595
0.281156
0.0239693
0.0217105
0.0219221
0.111478
0.022016
0.0218697
0.044199
6.0269
0.0219739
0.0218536
0.0219433
0.0218208
0.0219585
0.15429
0.0218229
0.0217171
0.021903
0.0220063
0.022145
0.0221686
0.0216825
0.0259538
0.0219416
0.122842
0.0221777
0.0231996
0.0370604
0.0219894
0.0220934
0.0219191
0.0222941
0.0220883
0.0221364
0.0225607
2.59384
0.0220345
0.0217242
0.0491378
0.0220052
1.08793
0.130189
0.0219678
0.0220212
0.0220486
0.0217669
0.0220263
0.0217012
0.021987
0.0398137
0.0222926
0.0215923
2.77683
0.0222045
0.022093
0.0222075
0.0217929
0.0667748
0.0275117
0.0220758
0.021948
0.0216549
0.0220373
0.0219317
0.0221077
0.0288764
0.0276407
0.0219793
0.0221535
0.0214528
0.0219798
0.0216569
0.0219229
0.0219905
2.88768
0.0232015
0.0219421
4.34204
0.022148
0.0220906
0.0222932
0.0221089
0.0219602
0.0219354
0.0221234
0.0221644
0.0220217
0.0218288
0.0222849
0.0221413
0.021894
0.0222937
0.0221341
0.0221747
0.0218891
0.0221744
0.0216683
0.0222865
0.0217816
0.0221242
0.0221203
7.16315
0.0220054
0.0220265
0.0218193
0.035529
0.022045
0.0218927
0.0217626
0.0219245
0.0231193
0.022293
0.0221448
0.0217265
0.0222935
0.0221737
0.0221302
0.0226993
0.0222917
0.0222277
0.0218904
0.022293
0.0221047
0.13643
0.0218636
4.49619
0.0221506
0.0220574
0.0300688
6.90351
0.0226922
0.0219429
0.0220404
0.0215712
0.0221137
0.0220275
0.021706
0.0265941
0.021769
0.0219782
0.0220998
0.0390598
0.023442
0.0218051
1.69054
0.0480333
0.0218945
0.0218222
0.0220567
0.0231751
0.0219048
0.0236647
0.0244871
0.0217695
0.021504
0.0221352
0.0220239
0.0220864
0.0220757
0.0221867
0.0222497
3.36657
0.0219896
0.022043
0.0221182
0.0216766
0.0455834
0.021716
0.0221568
0.0221747
0.0221283
0.0220641
5.22467
0.0390279
0.0218451
0.021803
1.4483
0.0217478
0.0221233
5.85678
0.171627
8.24349
0.0221731
0.0221683
0.039223
0.0225446
0.0219578
0.0218231
0.0217064
0.0219485
0.021808
0.0219949
0.031504
0.0221058
0.0221272
0.0218475
0.0215179
0.0219953
0.0217069
0.0218663
0.022142
0.0215489
9.60437
0.0221786
0.0220183
0.0327552
0.0220382
0.0218491
0.0220613
0.238502
0.0217823
4.86664
0.0219759
0.021823
0.0229946
4.87029
0.0220446
0.0220316
2.00384
0.0221982
0.0230208
0.0220126
0.0219105
0.0323635
0.0216689
0.02841
4.12898
0.0219338
2.38128
0.0222419
8.79776
1.20956
0.0850674
0.0222428
0.0218913
0.0213977
0.0221274
0.0218382
1.93386
2.45578
0.0216614
0.0221751
0.070911
0.0218817
0.0222359
1.00366
0.0218775
0.0222757
0.0219253
0.0416151
0.0949431
0.0218456
0.0228174
0.0220795
0.0219894
0.0216935
0.0947405
2.30465
0.023421
0.0256625
0.0219238
3.98996
6.17776
0.0220583
0.0219116
0.0221995
0.0217032
0.0220228
0.0220316
0.0221968
0.0225385
0.0214136
0.031101
4.30453
2.52111
0.0221427
0.0221822
0.409683
0.0221615
0.0223178
5.75125
0.0221556
4.53908
0.0257545
0.022181
0.021916
0.0271397
0.0217533
0.193993
0.0221995
5.54007
4.98483
0.0220025
0.0222002
0.022121
4.78486
3.0186
0.0214829
5.21481
0.0219685
0.0222301
0.0217879
0.0216766
0.295973
0.0267449
0.0218325
0.0221606
0.0244369
0.0218071
0.0220083
0.022223
0.0221411
0.0218543
0.0216724
0.0777749
0.0222256
0.0214814
0.0623594
0.0221786
0.0222029
0.0221382
0.0221266
0.0214488
1.5492
0.0224437
0.0266254
0.179935
0.0221905
0.0220908
0.0215764
0.0221717
0.0221901
0.0545173
0.0265986
0.0216542
0.0217137
0.0222029
0.0217245
0.0222289
0.0257991
0.0219752
0.0222081
0.0221171
0.0222072
1.58837
9.65304
0.0216277
0.0226616
0.0218302
0.021549
0.0786987
0.0308504
0.0221522
0.0221865
0.0217372
0.0219598
0.0220707
0.0219502
0.0214473
0.0240034
0.0222435
0.0222153
0.0222086
0.0221615
0.0219927
0.0216809
0.0221521
0.0217454
0.0219985
0.0216556
0.022151
0.0222194
0.0556695
0.0215298
0.0221149
0.0217743
0.0221539
0.0220233
0.0221426
0.022664
0.165743
9.10829
0.0220906
0.0224551
0.0220462
0.0218325
0.0222454
0.0216692
0.0216842
0.02192
0.021983
0.023735
0.022246
0.0221992
0.0219136
0.0219301
1.63441
0.0222325
0.0219547
0.0216357
0.0218402
0.0217883
0.0215416
0.0254272
2.34693
0.0220993
5.05615
0.02208
0.022379
0.0221107
0.0217364
0.0455256
0.0221353
0.0220572
0.0219201
0.0243392
0.0216549
0.0219645
0.0221842
0.021897
0.0216552
0.117302
0.0220526
0.0217236
0.0219534
0.021747
0.0218159
0.123652
0.0218792
0.0239966
0.0221079
0.022081
0.19921
0.022528
0.0215941
0.0219238
0.0217572
0.0217829
0.0221721
0.022118
0.0216702
0.0246452
1.67669
0.0221933
0.0218298
0.0215518
0.0218807
0.0222269
0.0220174
0.0220724
0.0222131
0.0800986
0.0214801
0.0218914
0.0214635
0.039211
0.0222192
0.0221787
0.0218786
0.0221079
0.0222215
0.0216184
0.0216559
0.0218643
0.0216015
0.0218669
0.0220256
0.0216221
0.0215843
0.022165
0.0222272
7.74401
5.4358
0.0220642
3.74889
0.0220306
2.40173
0.0222307
0.0219735
0.0499988
0.0220346
0.0219093
5.05949
0.021801
0.0217719
0.197764
0.0217699
16.9797
0.0224084
0.0221316
0.0221857
0.021788
0.0216629
0.022404
0.0218019
0.0221568
0.0218382
0.0221552
0.0221361
0.0218
0.021774
0.0223041
0.0223172
0.0221579
0.0219043
6.40083
0.0220105
0.0414374
0.0221506
0.0222121
0.0215616
0.0217601
0.0487247
0.0221066
0.194865
0.0217381
0.0221292
0.0219302
0.0217798
0.0219665
0.0221952
0.0289238
2.01117
0.0219413
0.0874992
0.0220689
0.0215478
0.0220566
1.69113
0.0219153
0.0217464
0.0223079
0.021936
0.0638176
0.0309817
0.0220569
0.0219094
0.0218632
0.0219536
0.0217371
0.0219264
0.0221649
0.0218525
0.0254563
0.0220571
0.0219612
0.0220135
0.0220838
0.0221504
0.0220874
0.0220929
0.0218602
0.0218295
0.0218366
0.0219499
0.0221301
0.0219695
0.202735
0.0219884
11.6773
0.0217215
0.192813
0.0219852
0.0218552
1.73537
4.56476
0.021874
0.0217391
1.60216
0.0219042
0.0220574
0.0433612
0.0247276
0.0220868
0.0249222
4.98796
0.0220162
0.0324716
0.0222002
0.0220007
0.0221725
0.0220893
0.0220319
0.0222202
0.0222425
0.0219985
1.29784
0.0215014
0.0225644
0.0220725
0.0370727
0.0218527
0.0222119
5.20548
1.52167
0.0221369
0.0222072
0.0242548
0.0215194
0.0216898
0.0219255
0.0220595
0.0261858
0.0219172
0.0214963
0.0221159
2.40211
0.0220948
0.0220406
0.028704
0.0220767
0.0222227
2.87424
5.81369
0.0214848
0.0221878
0.0218741
0.139203
0.0221495
0.0214767
0.0216501
0.0217976
0.0219862
0.0220448
0.0220478
0.0222857
0.0218548
0.0218851
0.0215759
0.0214992
0.0218014
0.0220695
0.0214622
0.0280832
0.0217324
0.0222847
0.0220228
3.91109
0.0216489
0.0218136
0.0217776
0.022081
0.0220238
0.0217934
0.0220922
0.0221997
0.0220589
0.0221434
0.0216749
0.0220526
0.0220477
0.0222179
0.0216258
0.0221847
0.0214671
0.0217051
0.0218012
0.0219259
0.0221595
0.0221634
0.0221027
0.0218603
0.0219671
2.16303
0.0219254
0.0219635
0.022001
0.0221255
0.0218649
0.0274854
0.0251282
0.0312586
1.83495
0.0656315
0.0219799
0.0214901
0.0217135
0.0221763
0.022196
0.0227075
0.0216916
0.0220892
1.42737
0.022059
3.87754
0.0215258
2.72097
0.0220739
0.0223185
0.0216781
0.0216205
0.0221819
0.0215387
0.0219589
0.0219709
0.0217752
0.0278602
0.347056
0.0221477
0.0219193
0.0217193
0.0221814
0.0378507
0.0220206
0.0219389
0.0221669
0.0219838
0.135192
0.0214348
0.0221845
0.0220308
0.0220404
0.0221664
0.0221874
0.0220604
0.0217648
3.41553
0.0220949
0.228269
0.0296416
0.021934
0.0218601
0.021892
0.0219843
0.0232955
0.0222186
0.0222458
0.0441455
0.0220087
0.0221683
0.0218872
0.041157
0.137941
0.0222251
0.0220011
0.0216796
0.0218567
0.0219821
0.0221808
0.0269692
0.0220684
0.0236553
0.0346616
1.76323
0.0219626
0.0219408
0.0219492
0.0295206
0.038807
0.0221605
4.66227
3.23227
0.0219565
2.85441
0.0219307
3.95272
0.0218905
0.0219431
0.0220268
0.0216964
0.0220566
0.0221681
0.0219452
0.0221529
0.0222027
0.0232375
0.0219468
0.0221104
0.0214344
1.46464
0.0215751
0.0218425
0.0256114
0.0305039
0.021684
0.0224225
0.0220355
0.0217979
0.0221498
0.0216367
2.20414
0.0220488
4.92807
0.0219476
0.0221325
0.02238
0.0219041
0.0216462
0.0225377
0.0219251
0.0218383
0.0215867
0.021748
0.0220282
0.0220481
0.0233412
0.0222047
0.0233742
0.022015
0.0221156
0.0220028
0.0220957
0.0294598
2.36851
0.0220028
0.0215182
0.0219638
0.0221388
0.0218371
0.0218569
2.33141
0.0217924
0.0220091
0.0259699
0.0840633
0.123237
0.0219369
0.0215076
1.94791
0.0220154
0.0215509
0.0341725
2.45176
0.0218445
0.0219194
0.0219519
0.0217081
0.0220025
5.44702
0.0425627
2.22317
0.0217328
0.024978
0.0221448
0.0218553
0.0215798
0.0214571
0.0216929
0.021863
1.46625
0.0220095
0.137318
0.0218317
0.0216972
0.0220019
0.0219503
0.021813
0.0222673
0.0216819
4.1499
0.0222061
5.99058
0.0221184
0.0218664
0.0219744
0.0317905
0.0216838
0.0218496
0.0217163
0.0215512
0.0393743
0.0233717
1.8213
0.0218962
0.0218866
0.0214002
5.26306
2.38536
0.02186
0.0218413
0.0222675
6.72934
0.0218595
0.0217098
0.0222241
0.021677
0.136668
0.0217746
0.021821
0.295911
0.02193
0.0219947
0.0219474
1.96181
0.0367524
0.0218096
0.0216758
0.0218913
0.0219545
3.36824
0.0218444
0.0221175
0.0218088
0.0219897
0.0261435
0.021831
0.0219654
0.0217383
0.0218092
0.0222051
0.02352
0.0326261
0.0219471
0.0218991
0.0220966
0.0221388
0.0219376
0.0220622
0.0219706
0.0222261
0.0218422
0.021904
0.0242434
0.0223929
0.0219432
0.0224319
0.0221072
0.0221013
11.1681
0.0220761
0.0224791
7.26009
0.0219842
0.0221569
0.0219973
0.327208
0.0215395
0.0232043
0.0374171
0.021664
0.0222538
0.0221881
0.213384
0.0220566
0.0219453
0.0218179
0.0221104
0.022007
0.0787047
0.0257689
0.0241972
0.0218719
0.0217312
0.0221926
0.021848
0.0219972
0.021622
0.0225128
0.222871
0.0219149
0.0221127
0.570521
1.4768
0.0219362
0.021976
0.0221021
0.0622231
0.0777301
0.021894
0.0219209
7.82291
0.0219391
0.0219322
0.0220931
0.0216861
0.0220857
0.0222282
1.65901
0.0221608
0.0221053
0.0219062
0.0218307
0.0221281
0.923311
0.0218891
0.0218887
0.0218953
0.0333727
0.0221976
0.0218577
0.0219683
2.8799
0.0216417
0.0221436
0.0218197
0.0222057
0.0217258
0.0233655
0.0219627
0.021859
0.0219052
0.0651239
0.0221485
0.0222077
0.0221437
0.0220621
0.0222271
0.0220666
2.80904
0.0220486
0.0626773
0.0222343
0.021728
0.0222136
0.0222048
0.0216322
0.0217021
0.0216702
0.021816
0.150156
0.0267509
0.0218293
0.0462826
0.0214645
0.154959
0.0221362
0.0217192
0.0216668
1.29079
0.0217267
0.0218281
0.0215345
0.0218282
0.0260241
0.022063
0.0218732
0.0216686
0.0215793
0.0220147
0.0217024
0.0214829
0.695052
0.10938
0.0218181
0.0220629
0.0220612
0.0218257
0.0265334
0.0216142
0.0220738
0.0218287
0.021944
0.0222466
0.0219097
0.0216499
0.0263672
0.0297011
0.0221673
0.0218207
0.0217899
0.0215988
0.0226427
0.0219355
0.0221127
0.0219623
1.24093
0.0219699
0.0221128
0.0217562
0.021927
0.0229504
0.0217869
0.0217608
0.0218731
0.0216544
0.0214502
0.0297894
0.0218217
0.0219431
0.0215942
0.0219724
0.021654
0.0220557
0.0748935
0.0221864
0.0215715
0.022534
0.021938
0.0218863
6.11121
0.0217647
0.0218336
0.0216859
1.01788
0.0217448
0.0219303
0.0350974
0.0355116
0.0214666
0.0222463
0.022219
0.0217535
0.0219608
0.0219301
0.0218355
0.0385519
0.0225229
0.0221075
0.0221203
0.0219867
0.0220508
0.0218317
0.0217048
0.0235925
3.35617
0.0219558
0.0219408
0.0219472
0.0216788
11.5206
0.0218967
0.0219439
0.0219844
0.0220953
0.0224387
0.0214993
0.0218341
0.021982
0.0224071
0.0219583
0.0219378
0.0370276
0.0255313
0.0220794
0.0766157
0.0218231
0.0217548
7.02301
0.0218437
0.0220361
0.0219252
0.0221993
0.0219556
0.0217559
0.0222071
0.0217922
0.0218072
26.1289
29.2911
27.9823
3.11558
0.0216141
0.0218943
0.0217503
0.0219105
0.0227364
0.0217738
0.0217205
0.0221442
0.0220742
0.0220637
0.0215158
0.0973698
0.0221283
24.5027
0.0221491
0.0221116
0.0221802
0.0698468
0.0217361
0.021822
0.022128
0.0217554
0.0218788
25.7107
0.0218048
11.7408
0.228574
0.0218866
9.23335
0.0218352
0.0638855
0.0217491
0.02218
0.0649782
0.0238092
0.022063
0.0221441
0.0218598
0.0220619
0.0218917
0.0218497
0.0217538
17.4751
29.1032
26.2954
20.4601
23.1489
27.1329
18.2889
13.9686
21.3329
12.3253
27.0193
24.6895
13.8894
28.8842
24.3803
27.1534
12.7213
30.1665
6.82562
21.7608
0.0221573
0.0217476
0.0215351
0.0656069
0.0217511
0.0216822
0.0218459
0.02224
0.0222264
0.0218838
0.021997
0.0218319
0.0218249
0.0218587
0.782722
0.0220034
0.0564933
0.0218808
0.0221388
0.0216391
0.0218898
0.0218331
0.0220247
0.0214366
0.0218428
0.0218781
0.021922
0.0219249
0.0221816
0.0218636
8.19022
8.94721
8.43766
7.65615
6.57563
0.0219292
0.0222191
0.0654099
0.0221798
0.0218162
0.0218668
0.0217605
0.0221234
0.0218762
0.0627797
0.0220785
0.0218343
0.0218153
0.0219459
9.42826
0.0218185
0.0219189
0.0218587
0.0215462
1.99351
0.0218903
1.67276
0.0389792
7.78044
0.0253419
0.0422615
7.27111
0.0220106
0.0217234
7.55357
0.18397
1.81117
1.80556
0.0337677
0.0214846
0.0230876
0.0216007
0.0218324
0.0215111
0.0217184
0.0217834
0.0221993
0.0222166
0.057736
0.0267244
0.0218557
0.0217119
0.0220762
0.0222398
0.0228503
0.0219139
0.0217716
0.025335
0.0216956
0.0218809
0.0217207
0.0218733
2.35489
0.0217555
0.0222393
0.0221792
0.0220882
0.0216347
0.0220423
0.0221614
0.021641
0.0221991
0.0218843
0.0216655
0.0219352
3.29311
0.0214944
0.0219611
0.0216024
0.0537009
0.0219296
0.0219488
0.0222114
0.0218477
2.51797
0.143868
3.26021
0.0216248
0.0218212
0.0218156
0.0218634
0.0221306
0.0220997
0.0219682
0.0218364
0.0218469
0.0218005
0.021827
0.0250912
0.0794253
0.0216335
0.0218851
0.0219342
1.4454
0.0218266
1.65672
0.0225041
0.0218359
0.0218286
8.88342
0.0216597
0.0219277
0.0220972
0.0219327
0.0214298
7.42965
0.0215293
0.0221869
0.0520622
0.0220685
0.021966
0.0300676
0.0408515
0.0216605
0.0218191
0.022466
0.0218771
0.0216848
0.0501393
0.0220987
0.0218357
0.0224089
0.0216031
0.688068
0.0224512
0.0219724
0.0222355
0.0219205
0.0219913
0.814468
5.22682
0.0218551
0.0219352
0.0220927
4.58693
0.0216624
0.0356489
0.0216401
0.0220302
0.0216135
0.0218146
0.0219601
0.0219538
0.0216643
0.0215984
0.0216682
0.0222182
0.0269959
0.0220728
0.0216897
0.0215298
0.0217067
0.0222668
0.0240952
0.0218125
0.0217906
1.65384
0.0218139
0.0214158
0.0216759
0.0342132
0.0217676
0.0214807
0.0213957
0.0469166
0.022046
0.0217607
0.0220643
0.0216667
2.1622
7.8932
0.0241856
0.0213973
0.0222297
0.0217573
0.0220836
0.0219687
0.021948
0.0214969
0.0217979
0.0222937
0.0226264
0.0216773
0.0263549
0.0472822
0.0220409
8.28237
0.0220081
0.0221022
0.0217672
0.0221312
0.0216493
0.0217202
6.23849
0.0227125
0.0215325
0.0217239
4.85507
0.0221428
0.0221817
0.0459531
10.0613
0.0219355
0.0214838
0.0289007
0.172795
0.0216966
0.0219611
0.0441338
0.021622
0.022003
0.0221614
0.0215339
0.0221692
0.0216626
0.0216804
0.0220075
0.0215431
0.118643
0.0222756
0.0322239
0.0410592
0.0221722
0.0220637
0.180296
0.0214463
0.0219826
0.0216695
0.0220406
0.0214859
0.0218879
0.0250408
0.0220491
0.0221747
0.0220081
0.0219549
8.79713
0.0218403
0.0218896
0.0219651
0.243838
0.0217122
0.0221137
0.0222599
0.0219239
0.0456263
26.5788
27.1175
0.0218317
0.022035
0.0221942
0.0222485
0.0217638
0.0602881
0.0218684
0.344981
2.6388
0.0415431
0.021531
13.3201
0.0220785
0.0222604
0.0215347
0.0221169
0.0217335
20.0007
0.0222348
0.0393582
0.0437947
0.0214822
2.44081
0.0217178
4.16297
0.0215644
0.0217379
0.0217532
2.72932
0.0279196
0.0219911
26.8405
0.026434
0.0220068
0.0216784
0.0219422
0.0234255
0.0216973
0.022073
0.0218768
0.0220959
0.0218421
0.021889
0.0217683
0.0214809
0.022239
27.2322
25.8592
0.0219224
0.0222164
0.0224019
0.0221877
0.0229662
0.02171
0.0218033
0.0219277
0.0218381
0.0221249
0.0215007
0.11199
5.02244
0.021825
0.0215629
0.0220069
0.021496
9.47614
13.5625
0.021669
0.0235398
0.0222557
0.0218817
0.17252
0.021878
0.0217024
0.0220893
0.0234108
0.0221243
0.0216263
0.0215361
0.0219204
4.12567
0.0218872
0.0248609
1.46874
0.0287445
0.0219707
0.0216709
0.0218739
5.3097
0.0221635
2.67284
0.140091
0.0232576
0.0221079
0.0218744
0.0299126
0.022138
0.0216282
0.0310845
0.0221874
0.0230331
0.0220447
0.147554
0.0218908
23.5808
25.7486
0.0220893
0.0218244
0.0318843
0.0220933
0.0218141
0.022012
0.0221063
0.0218452
0.0219732
0.0216509
3.0997
0.0218399
0.0215443
0.0229098
0.0218829
0.0298309
0.021676
0.0218733
0.0215286
0.0219253
0.0220726
0.0218448
0.0218322
0.0218981
0.0218487
0.0220255
0.0219642
0.154138
0.0215303
0.0224421
0.0221285
18.1366
0.0350798
0.0216622
0.0250775
0.0218985
0.0397568
1.70781
0.02286
0.021938
0.0838846
0.0218419
0.0221615
0.022882
0.0218826
0.094021
0.0219176
0.0226485
0.021929
0.0218498
0.0220893
0.0216456
0.0216587
0.0214857
0.0216857
10.1859
10.4393
0.0297234
0.0216909
0.0221792
0.0498451
0.0216342
0.022002
0.02186
0.10908
6.65751
0.0221976
26.6949
0.178369
0.0219255
0.0218786
0.0214721
0.0709713
0.0218355
0.0218303
0.0220952
26.2896
0.055924
0.0218867
0.0221457
0.0217718
0.0217462
0.0440724
0.0218164
0.0217201
0.0229912
0.0214805
0.0220455
0.0249613
0.0220964
1.18467
2.13515
0.159573
0.022053
0.021948
0.0218076
0.0217005
0.0218654
0.106522
0.0218002
21.0845
0.025941
0.021979
0.0217781
2.07475
0.0218456
28.0635
0.072032
0.0232179
10.7062
0.0215622
0.0221373
0.0220581
0.0218932
0.0221938
0.0392319
0.0241208
0.0643308
27.8449
28.5534
0.0221054
0.0221218
0.0329625
0.0237909
0.0218885
0.0220212
0.022591
0.021745
0.0219308
0.11717
0.0219956
0.0220742
11.8687
8.35948
0.0219488
0.0248828
0.151001
0.0221836
4.30038
0.0225612
0.0460034
0.0218998
12.514
0.0218055
3.20599
2.31665
0.0215253
4.37935
1.6261
0.160145
0.0222078
0.0215614
0.0335785
0.136987
31.0958
0.0218417
26.4838
0.0219818
0.0220461
0.115844
1.18964
0.0219379
22.6891
4.40312
0.0215776
27.7382
0.0217749
4.5091
0.0219204
0.0221357
17.3422
0.0219775
0.0218741
12.7359
3.64568
0.0218808
0.0242325
0.0220149
12.8367
0.0318673
0.0218456
0.0219092
0.0215255
0.0217097
0.021432
0.0216631
24.5286
0.0215133
1.51097
0.0220734
0.0218043
0.0218441
0.0220592
0.0218614
0.022155
0.0220445
0.0225156
0.0765602
0.16142
0.0255622
0.0215703
6.22105
7.06253
0.0218698
0.0220801
0.0266215
13.108
0.0222284
0.0279428
0.270447
1.03108
0.0371079
0.034837
0.0221743
2.58141
4.68239
1.15163
0.0248079
0.0858033
0.0220621
3.64619
0.0221857
0.0219284
0.0343385
0.0346176
0.0214725
0.0218719
0.0218801
0.0220299
0.923771
0.022092
0.0219428
0.15096
0.0216366
1.647
0.0218747
0.0251156
0.0217395
0.0346835
0.0221803
0.0221319
0.0220539
0.025342
0.0217699
0.0218888
17.987
0.0220185
3.88449
0.0218576
0.0219341
0.0220035
0.0217369
0.0350706
0.0218803
0.0219687
0.02219
0.0218538
0.116743
0.0218623
14.7063
0.0267792
0.0218713
0.0217671
0.0218555
0.022016
0.0219186
2.30094
0.0257763
0.0222383
0.131575
0.0224171
0.0220504
0.0220303
27.9316
6.68099
0.0421711
0.778485
2.84321
0.0245174
0.193087
0.0221388
0.0218621
0.022133
0.0544175
0.021919
0.0216538
0.0943432
0.0259576
2.63414
0.0221561
0.0668473
0.0222098
0.0217502
16.7211
0.449651
0.491418
0.0219509
0.0218464
0.0219838
0.0216532
0.0351498
0.0246625
16.4054
0.0218605
0.022386
0.0215071
0.0222472
0.0215381
0.0217095
3.43779
0.0219801
0.0223066
0.0220495
0.0300302
0.0219043
0.0460878
0.279677
1.73301
0.0217968
0.13919
0.0258144
0.0222626
0.0257755
0.0219261
0.0218892
0.0254165
0.0221727
24.3554
0.0219175
0.0248804
0.169266
0.0219616
0.112645
0.0217459
0.155528
0.0223983
0.0218421
2.37948
0.0755666
0.022066
0.0215642
0.0294677
0.0217749
0.0382203
0.0323721
0.0390397
0.0225659
0.0218169
0.0218536
0.0217011
17.412
0.0221909
0.0214124
0.0219189
0.0416215
0.0287008
0.0217562
0.0222787
0.0223015
0.0217751
0.022055
0.0220123
0.0220117
11.4266
8.27962
0.0235783
0.022285
0.0222837
0.087203
0.021771
0.0221776
0.071097
0.0221382
0.0229715
0.021635
0.0220166
0.0217784
0.0215517
0.0219918
1.9295
0.0821174
1.38881
0.033954
0.0219774
5.9939
0.0219933
0.0217504
0.0219172
0.0672328
2.80025
0.0217656
0.0329005
0.022187
0.0241007
1.46786
0.0217822
0.0221516
0.0221538
0.542395
26.7316
0.0244156
0.0454064
1.60342
0.0216822
0.021921
0.0218436
0.0217134
0.0217187
0.0216855
1.89635
3.11671
3.83211
0.0219609
0.0217325
0.023318
0.0227586
0.0222706
8.22629
7.95927
2.64291
0.0215157
0.0217052
0.0274849
0.0217285
0.0219505
0.0226434
0.0230335
3.28314
0.0221431
0.021772
0.021826
1.81612
0.12483
0.0215966
1.77746
1.44828
7.56126
0.0219041
2.82741
0.0474773
0.0222745
0.0217585
13.8557
0.0274465
1.73546
0.0218118
1.72279
0.0217503
0.0218073
0.023595
0.0219857
8.22031
0.0913697
0.0236266
0.0239826
0.0220783
3.33389
0.989191
0.258636
0.161068
0.0216873
0.0457259
0.0228802
2.1684
1.2805
0.0218172
3.6059
0.0217129
2.02031
0.0221587
0.024393
0.0216847
2.9809
31.1121
0.0790641
2.34265
0.0217731
0.0217151
0.0222866
0.0214486
0.0219315
0.02226
0.0218676
24.4659
0.0274384
0.0221713
27.1241
0.0219952
0.0221048
0.0217889
2.174
0.0228609
0.0217339
0.0217216
3.31141
0.0229998
0.0698474
21.7059
0.110023
0.0216916
0.0224052
1.7492
0.0292577
30.0713
0.025447
0.0281751
0.0215166
27.2955
0.0386023
0.0415009
0.0221231
0.022274
0.0220523
0.0229614
0.0223954
0.0346071
0.0856122
0.0215681
0.0214983
0.0214994
0.0216455
0.0216965
18.3302
2.0445
0.123168
2.34408
0.116638
1.46353
0.0220731
0.0221902
0.0216153
0.0216733
0.0221493
0.0255517
0.0219051
0.0231861
0.0215068
0.0222341
0.186833
0.036716
0.0220778
0.0215404
0.0227597
0.0221382
0.0222474
0.122323
0.0246352
0.0220218
0.021631
1.79382
0.0220913
0.0233881
18.301
0.0216182
0.0217976
0.0610153
0.0219614
0.0221249
0.0223755
28.7643
0.0216773
0.0222304
0.0225278
0.0227737
0.0229464
0.0228444
0.021761
0.0263327
0.154639
0.0221927
0.0223039
0.0309919
0.037513
0.0217639
0.0222408
0.0217292
0.0221752
0.940073
0.021466
18.068
0.0215094
0.0224942
0.0968462
0.064742
0.0265121
0.0287469
1.05413
0.0218387
4.91377
0.0220841
0.0775866
0.022245
0.0272693
0.0218909
0.0223539
0.0223949
2.39422
0.124324
0.0223479
0.307565
0.0222425
0.022558
0.022049
0.21885
0.233678
0.027517
0.0998306
0.211761
0.0237625
0.0219944
0.270532
0.0225216
0.0220464
0.0343223
18.0796
0.363811
0.0284757
0.0222089
0.0740854
1.55397
0.545109
0.0221661
0.0221323
0.0346019
0.022731
0.0215123
0.399989
23.1498
0.0264627
0.145864
0.0262577
0.0220371
0.0216923
0.0217917
0.0249606
0.021923
0.0220776
0.0652788
0.0214538
0.0217998
0.0225416
0.0221914
0.0220978
0.0218503
0.0221448
0.111877
0.0220234
7.30947
0.0225593
0.0218515
7.78461
0.0270319
0.0225948
0.738094
0.0215243
0.0219296
0.0231647
0.0301455
0.0587309
0.0219798
0.0219658
0.023162
0.0218915
0.0221497
0.0401863
0.0652836
0.0227778
0.222749
0.02216
0.0221902
0.0214633
0.0230256
0.0566768
7.53192
0.233141
0.0218914
0.028115
0.028361
0.060598
0.0270419
0.0257431
0.0245285
13.9272
0.0322597
0.0218845
0.0244912
0.0258699
0.0220425
0.0218272
0.0248415
0.0523192
0.111939
3.98903
0.0216175
20.0101
20.1393
0.0230592
0.0223415
0.0217345
0.0223612
0.816823
0.0228623
0.0248877
13.6736
0.0830166
0.0214659
17.3811
9.60829
0.0227302
0.0222962
0.0231967
0.0241477
6.04826
0.0549157
0.0236022
1.83153
3.29905
4.19058
0.0504362
0.0283037
1.07095
15.7633
0.0299274
0.256767
0.0219999
11.5347
13.3596
0.0223119
0.0220023
0.0220196
0.0216662
0.0505349
0.0222111
0.913497
2.72824
0.0224379
0.198849
0.0981771
0.0228291
0.0233958
0.0218034
0.0316011
0.137144
0.0239541
0.0222212
3.2915
0.0233305
0.0219864
0.0220787
0.0215456
0.0220608
0.0293463
0.0235123
2.35285
0.0221614
0.0230687
0.0219115
0.0411497
11.0096
0.0217568
0.0251697
0.0217234
1.76056
0.0218344
0.0214487
0.0342273
0.021887
9.01222
0.022159
0.0219191
0.0221892
0.0218515
0.0215069
3.11349
0.0370871
0.0475976
0.061296
0.0219621
18.7712
0.0221556
0.0227766
1.69073
1.01072
6.13942
0.0295925
0.0224434
4.83027
0.0238309
18.8718
19.9754
0.0245395
0.0220217
1.69345
0.0222756
0.0222189
3.19023
0.127195
0.0250243
0.197227
1.75887
0.0239022
0.0218764
0.022045
3.17639
6.04326
0.0360806
3.71745
0.0663407
0.142531
0.0250952
0.0220087
0.0242851
4.36954
0.0271978
0.0240919
3.76698
14.4576
0.0217035
0.111596
10.1535
0.0273726
2.43706
0.0248664
0.0214898
0.0293911
0.0218802
0.048256
0.0219552
0.125736
0.0214981
0.0219652
0.021431
0.0220504
0.0220014
15.4903
0.0220668
0.0947073
0.0223564
0.0219177
0.0216377
0.0218614
0.0533643
0.0223059
7.1655
15.8133
0.0237521
0.0253238
0.0222053
0.0268581
0.022702
0.0219964
0.0237664
0.0222287
0.0215995
0.021934
0.0217147
0.0216881
0.410963
0.0224111
0.0218658
0.0220887
0.0220227
15.2302
12.9036
0.0472412
0.0233393
0.0228056
0.141847
0.0219182
0.0220975
0.0222711
0.0305504
0.0217596
0.0218122
0.0259987
0.0290115
1.62377
17.0183
0.0218285
0.0219312
0.0216646
0.0230572
0.0216979
0.0217397
0.0214718
0.0229864
2.91062
19.7994
0.0240858
0.0221465
0.027011
0.0219504
0.0222572
0.0283039
1.70423
29.0192
0.022034
0.905654
0.0244633
0.0217725
0.0222478
0.0247059
0.0219219
0.0230422
1.01956
0.0218564
0.0217786
0.0215406
0.0231066
7.24342
0.022053
0.0297582
2.48305
7.33433
0.0244027
10.5696
0.0262596
0.0304121
0.0220455
3.64743
0.0221018
2.15973
0.0218837
0.0221107
0.035856
0.0298394
0.0222545
3.48984
0.0221441
0.0221256
0.0218062
0.022163
0.0217341
0.0235973
0.024994
0.022333
0.0298762
18.5603
0.0234143
0.926704
0.0222005
0.0263302
14.4999
0.0261395
0.0225851
10.7867
0.0218268
0.0221553
0.0220728
0.0225611
0.0317609
0.0222136
8.91341
0.0243557
0.021853
0.0281395
3.64035
0.0221679
0.0223045
0.0223135
2.41878
2.0224
5.04597
0.247715
3.39565
0.0265844
0.113491
0.0257227
0.0275569
0.0216915
0.0221372
0.0238093
0.0222056
0.022158
0.021647
6.12385
0.0236279
0.0219022
0.125657
0.0221721
2.53774
0.0575171
0.0227676
0.0218903
0.022279
0.0233427
0.0223885
0.024884
0.0242019
0.0219109
0.0219341
0.0217579
0.0232487
0.0506326
6.09032
0.0276011
5.18981
4.23387
0.606098
13.8242
0.0225601
1.68064
0.0692693
1.69438
0.033269
0.0233499
0.0222786
0.0219936
34.9899
0.0252749
2.56651
0.0287037
0.0225854
0.0239791
0.0271921
0.0221779
0.0223223
4.18135
0.0217093
0.0249477
21.6521
0.0227658
0.021938
0.0288846
0.0216791
0.0218714
0.0322831
0.0224686
2.35964
0.0222393
0.112279
0.0224741
1.59404
0.0233161
0.0222136
4.69514
0.022876
0.189585
0.0216509
0.0224507
5.02992
19.4672
0.0215137
3.57048
1.43818
1.97757
0.132367
0.0255186
0.0217724
0.0257183
2.853
8.10021
0.0227183
0.0221416
31.0618
0.0218879
0.0638608
0.0226525
0.0221217
0.0779922
0.0679971
0.0220098
0.0218676
0.02267
0.0215496
0.0216717
0.0456839
0.0254248
0.0309919
0.0419504
0.0262208
2.32925
0.0347784
0.0293506
6.96838
0.0283815
0.0220647
0.137955
0.0273474
0.0237531
3.48838
0.0216679
0.0614424
0.0226861
0.0216963
0.022266
0.12617
0.0218077
9.04339
8.48478
1.6575
0.0217758
0.0214819
0.0286828
0.0220405
0.07008
20.465
20.5721
0.0225535
0.0218922
0.0256622
0.0302753
0.0275581
5.45175
0.0263243
0.0262952
0.0416319
0.0221576
0.028991
0.0253175
1.96775
0.0275239
0.0216435
1.68342
1.43727
0.021921
0.0221994
15.3107
0.0313857
2.17396
19.2968
0.0229632
0.0244362
0.0238041
0.0233195
0.0219831
0.0224367
0.0264982
0.022912
0.045116
10.0027
0.0220874
0.0219184
0.175938
2.08487
0.0221973
0.0222357
0.0217992
0.0287503
0.113465
0.0218538
0.0220172
2.23413
0.0232078
0.0222244
0.0219185
1.93247
0.0216357
1.59186
17.1579
0.021779
0.0933695
0.0326753
2.07144
0.0230606
0.0868279
5.71021
7.17526
0.0312401
0.0240873
0.0222255
0.032585
0.0499184
34.7102
0.0217835
0.0214729
0.0219735
1.72125
0.0275758
1.92383
0.0218926
0.0605991
0.0350557
0.0305743
0.0221051
0.0552469
0.0219138
0.0681281
8.09722
0.0343781
0.0217325
0.0221042
2.15662
0.0222273
0.0221336
20.4844
0.0216633
0.0244453
12.5916
3.78975
0.0216316
0.0229024
0.0220642
0.0284126
4.27848
0.0236756
0.0487638
0.0214645
0.735172
0.0216309
0.128951
14.6555
0.0218888
0.0221988
2.12955
0.0222226
0.0216816
0.0216492
1.96407
3.39582
0.0222874
0.0219185
0.021801
0.0218016
0.0217289
0.924331
0.021852
17.3219
0.0217244
0.021703
0.0218569
0.0218217
0.0222801
0.0307452
0.0221641
11.8594
10.9284
0.0242627
1.81558
0.146902
0.160206
0.024804
0.0218832
0.0327026
0.15596
0.0219937
0.113465
0.021665
2.88371
0.0221786
0.0218475
0.0252709
0.0262678
0.0236913
0.0216354
1.74666
0.0228014
12.1528
0.0977227
9.03289
0.0220406
2.4477
0.103293
0.0222354
0.0742005
0.103436
0.0250101
0.0307541
0.0214791
0.0688267
2.20915
0.0218963
3.82948
0.0221117
0.123438
0.0219237
0.170229
1.81691
0.0228129
1.89792
0.0215499
0.0231018
0.0884424
0.034157
0.503732
0.0218558
0.0231975
0.0330656
0.0797638
1.88798
0.0218434
0.0218814
0.0219475
2.3435
0.0238994
0.0271615
1.67526
0.0226941
0.0229061
0.0214266
0.0360773
3.40579
0.0540159
0.0293734
0.0221447
0.427715
0.889113
0.0222498
0.0267811
0.0219048
0.0217761
0.0222069
13.1438
0.0569502
0.0604106
0.0355561
0.0216061
18.5427
19.2926
0.0222167
0.0235409
4.91894
0.0241239
0.0229551
0.0217203
0.0257701
0.0217635
0.0222482
0.030122
0.024822
0.0223597
0.323971
0.0219915
1.80539
0.0770741
1.90922
0.0535063
0.0359371
0.0215162
0.333971
0.0326285
0.0222396
0.0218854
2.28826
0.0215023
1.51796
3.01531
6.08527
0.0362945
0.0255396
0.0258737
0.022306
0.0220654
1.30147
0.021787
0.0758838
0.0218901
14.4709
0.0218483
0.0217746
0.0238365
0.0222355
2.6408
0.0263585
0.0452229
21.0119
0.0507269
0.0262266
7.75985
0.0219214
0.0230267
0.218742
6.71824
0.676547
0.18903
0.0219036
0.0221569
2.12439
0.0273298
7.00334
0.103371
0.502564
1.71407
0.0220195
2.15282
0.0860298
0.021664
0.206211
0.022082
0.0319638
5.53398
0.0220713
0.0288659
0.0221453
3.00595
0.0228339
0.0221386
0.0218689
0.0220147
3.85423
1.92227
0.815349
1.77601
1.84394
8.68788
0.0282916
0.0219089
0.0268263
0.0216291
0.0214634
0.374002
0.0219654
19.7083
0.0296381
16.5279
0.0245753
0.101535
0.0614562
0.0220305
0.0216277
0.0216966
0.029075
0.0223294
0.0324321
1.10202
16.9539
0.0224121
7.04173
0.0218278
4.43991
0.0222393
0.0862385
16.2882
0.113431
16.1507
0.0221006
0.0219625
0.0388628
0.0219025
0.0272846
4.80807
0.104609
4.72791
0.0371719
5.68156
0.0360548
0.63776
0.0214167
2.12526
0.0329181
0.0219255
0.022153
0.0230765
2.33751
0.0296539
0.0216064
1.02674
2.24117
0.022387
17.2598
0.02223
0.030907
0.0219796
0.0354644
5.53792
0.0337908
19.9787
6.84973
0.0222842
0.0219717
0.0358576
0.0873634
0.0505608
2.80434
1.73398
0.0221623
5.48569
0.0219381
0.0216912
2.37999
0.160196
4.60377
0.0282924
0.0218894
0.0552556
2.21968
1.58454
6.3948
0.235798
18.0159
1.77963
0.132888
0.0950779
31.5118
17.8518
4.56833
10.0348
21.488
15.2997
14.1767
0.0216478
2.67702
0.0215042
0.030275
8.56107
0.0256176
0.0276254
1.86539
0.03333
0.0261963
0.0221611
0.0353631
0.0987205
0.0328422
0.022
0.0221484
0.0227759
1.12602
0.0220022
0.121546
0.0220563
0.0222762
0.021463
0.0223543
1.65883
2.80305
0.0284028
9.4076
0.0221924
13.8948
0.0216436
0.0219217
0.130186
0.0219786
0.0221391
0.022174
0.0609863
0.0251909
0.0451623
0.0219077
0.0219906
0.0387572
2.18428
1.51162
0.0584967
3.03691
0.718066
0.0219387
1.68114
2.1016
14.9789
0.0219581
0.0222382
0.0227515
0.201753
0.0219769
1.55759
0.0219215
0.115331
0.0220181
6.45934
0.0223223
0.0866616
0.0248023
0.0221912
0.0222691
0.100269
0.0234494
2.05306
1.42475
0.0218851
0.0216889
2.41779
0.113197
2.25312
0.0222262
0.163605
0.0223051
0.0215896
0.0747971
11.7041
0.121463
0.0360331
0.0225557
0.026538
0.038828
0.0221262
0.297846
0.0229088
0.0343182
0.0988933
2.85009
0.0351018
0.0220626
0.0217673
13.1093
0.0225725
0.0341649
0.0217857
5.52493
5.1885
0.0220007
0.0216956
0.198745
7.8595
9.30265
1.80621
0.0229397
0.120714
0.0488752
1.41951
10.2399
0.0259157
0.0238379
0.0273224
0.104304
0.0222269
0.0976465
0.0293257
0.123029
0.375962
0.0216487
0.0223432
0.0346571
0.021931
8.53288
0.0218251
0.0219586
0.645603
0.0987908
1.58817
0.0255936
0.126282
0.0383708
0.0219144
0.0320559
0.0236371
0.054876
1.93087
2.33102
0.0229002
0.0215162
0.0596991
0.0852422
0.0244559
0.0248423
0.022415
0.0213957
0.0528242
0.0745959
0.0219629
14.8862
0.0220579
3.16693
1.98812
0.0222939
0.0366463
0.022543
0.0244947
0.0459756
0.0589044
0.0231304
0.0222883
0.0942858
0.021815
0.198498
0.0216611
1.46616
0.0370252
1.66029
0.436597
1.43373
0.0669636
0.0214542
1.86659
0.0214179
0.0229947
0.0221845
0.0223417
0.0303751
0.0230658
0.0328022
0.022288
0.187082
0.0533849
0.0819347
0.0541147
1.81176
0.0218557
0.0363842
0.0217971
0.0221815
0.0217936
0.0218754
4.06706
0.022407
0.0222299
0.0315975
0.212437
0.0478618
0.0218963
0.103051
0.370391
5.91409
0.0246582
3.08341
2.14902
0.0220085
0.0234146
0.0753312
0.0649458
11.9894
0.113581
0.0220858
0.0480495
0.0214915
0.154599
0.868479
14.8282
0.876323
0.0218519
30.8323
0.0217902
0.0218038
0.0253697
0.0570357
0.0380641
0.0942667
0.0371991
0.0214821
16.0949
0.0575271
6.71126
3.06363
1.6716
0.0287742
0.0234118
0.0228348
0.0229479
0.0219893
0.0252115
33.5653
15.2411
6.45016
0.245685
0.248721
0.0219915
0.0219962
0.0230515
0.0247049
4.77264
0.0230374
0.022238
0.0217363
0.0217346
0.0215808
0.0381065
0.0327326
0.0218624
0.0280924
2.65336
3.39006
0.0371554
5.53767
0.0218623
5.73706
2.97738
0.124135
0.0217907
0.0218659
0.0221965
3.63659
0.0263623
0.0290529
0.0458319
0.218614
0.0379595
0.0222869
0.0221474
0.063479
0.0219354
0.109057
0.0250436
0.0294939
0.0217285
1.75275
0.0325811
0.0219354
4.18935
0.022286
0.109228
0.0224139
0.0220336
1.99858
0.0559893
0.0437088
0.0218614
0.0217694
0.0217044
0.0216048
0.0221499
0.0947047
5.0315
0.500998
0.0397553
0.0833506
0.0217906
0.107171
0.0222785
2.4395
2.22141
0.0261724
0.0218864
0.0217924
2.33223
2.1665
0.0241545
0.138319
0.030524
0.0222265
1.46053
0.0221914
0.0938845
11.7269
0.0223965
11.5328
0.0213995
0.0225487
0.0378882
32.4203
0.0217744
0.0244803
8.01983
1.8697
1.791
0.0217112
0.0222208
4.05336
7.7125
4.61823
15.7115
0.0580037
0.0221964
0.021817
0.022518
0.0216921
0.022156
3.95319
2.38542
4.30706
2.08163
0.0215094
0.0216641
2.27782
0.0290852
0.0223916
0.0217204
0.022129
1.46449
0.0398744
2.68125
0.0222322
0.0219932
0.0222192
0.0373992
0.0258054
0.023075
0.0248562
8.44459
1.68797
0.0233766
3.1921
0.0219888
0.0221301
0.134024
0.820182
0.0214451
0.115121
0.0219448
20.1373
0.0220469
0.821278
0.0222953
0.0373616
0.0218016
0.0224508
0.0232094
0.102956
0.0694429
2.28448
0.021963
0.0221979
0.0215217
20.8879
5.81678
0.0244729
0.132472
0.0742092
0.0232803
0.0265424
4.17887
0.0456262
0.0215543
1.87051
4.45709
0.130384
0.022274
0.0216951
0.0222134
0.0220194
0.0478161
0.0222714
0.0221663
0.0264967
2.05807
0.0222492
16.3768
7.8081
2.91695
0.0798478
7.21361
7.56484
3.6774
1.18879
1.88855
1.18148
0.0694658
0.124963
0.0217953
0.717523
0.0219759
19.2008
3.88178
0.0214661
8.13447
0.0455911
0.0217041
0.153679
1.4911
0.0217879
0.0661862
0.0218025
1.69468
5.8509
5.37542
0.0220599
4.68453
4.78376
9.21696
0.0562744
0.0429224
3.23572
0.0214989
1.96482
3.84299
2.74504
0.0220554
0.0254034
0.0216227
18.6288
0.021993
0.78282
0.0359686
0.0292294
0.830496
0.0246816
0.0221389
0.0219664
0.0220428
0.0223772
10.2675
0.021895
0.0277299
19.5221
7.30814
0.165181
0.0228851
0.0364635
0.442628
0.0215943
0.0223429
0.0240112
6.54053
0.0248952
0.719624
0.0221301
0.0216136
0.0678525
0.0424369
0.0394436
23.941
0.0217312
0.581893
0.025652
0.0220284
0.0517464
0.909842
0.0220602
9.8506
0.0281254
0.735631
2.00839
0.185429
0.0218654
14.9781
1.73521
0.0326043
0.026315
3.81993
0.262428
0.0219175
0.0218034
2.70124
0.0217055
0.0215875
0.0230044
0.102858
1.44251
0.0215686
0.0387057
0.0658291
0.0734662
3.01567
0.02192
0.0222331
0.0219115
0.0222659
2.10862
1.91087
0.0434767
0.0219598
0.0214309
0.112371
0.0220955
0.0249289
3.82406
0.0224329
0.0244803
1.98851
0.0218204
0.022035
0.0283447
0.0221284
0.0219098
4.60543
0.0744326
0.0939102
0.0222109
0.0228385
0.0391129
0.0550154
0.0221475
0.0415587
0.021499
0.0252503
3.61857
0.0224673
9.89483
0.0214532
24.2442
1.83418
0.0217902
0.0286706
2.53112
0.0253927
1.38061
5.97558
0.022295
0.0388645
0.0218163
2.98293
1.1492
0.0220753
11.0182
0.0222977
0.0218021
3.61327
0.0886522
0.598718
5.54304
0.138466
0.0216878
2.62543
0.0218381
18.803
0.0223845
0.0897639
25.6161
0.0222454
0.0217238
0.0387678
0.0215346
0.489549
5.64373
0.0218059
0.0216488
0.0217496
0.0216714
2.03952
0.406175
0.0396197
0.902502
0.0283485
0.0268763
0.0241179
0.0318187
0.0292568
0.0215326
0.022284
0.0216587
0.0217992
0.0250336
0.0849714
0.0222522
0.333938
8.34056
0.021671
2.17435
0.0216028
0.769678
0.022655
1.54855
3.57332
0.0221613
0.227775
0.0222864
0.320827
0.778121
0.0220916
0.0222689
0.0964251
0.0312262
0.0222249
0.0445094
14.424
0.0222833
43.5406
0.0232007
0.0218557
0.18815
1.53604
0.0232457
0.021885
0.0275599
0.0220517
0.0418329
0.0217329
0.0218882
0.0214896
0.0222388
1.91666
0.0275598
0.0222285
0.0217463
0.0271622
2.09713
3.13252
0.134424
0.0216823
0.273907
0.0437354
0.0214293
0.0219385
2.47251
0.0222508
0.0217602
27.8373
0.0308413
9.77367
0.0227805
0.045033
8.88769
2.26685
0.783882
0.0218067
0.074715
0.0221622
0.0229848
0.0216519
25.4775
0.0583144
0.0217619
0.333914
2.6773
1.83191
0.0219937
3.25906
0.0224659
0.0222662
0.194706
7.40893
0.0267818
4.46958
0.0729425
8.24864
0.0216639
0.0306175
0.0740916
0.0219989
0.0222064
0.469047
0.0368617
11.7733
12.4671
0.0217845
18.1494
0.0253901
8.9128
0.0221793
0.651507
1.62732
0.0760807
0.0222194
0.02193
7.41948
0.0220729
0.0216216
0.180204
0.0313985
0.0219238
16.7565
0.0219611
0.0217598
0.0221807
0.0221906
0.0216304
0.0219027
0.0216337
4.7241
7.45057
0.0224815
0.0215823
0.0219288
0.0218364
0.0273785
0.021765
2.54171
0.0328148
0.547392
0.0301497
0.0279089
2.43363
0.0218357
0.0821175
3.06399
0.0255534
0.424689
12.3533
3.39162
0.0214116
0.0220453
0.0218174
7.51028
0.494808
2.89157
11.2793
0.0325299
0.0217911
14.2563
0.0288237
0.0222246
0.0218998
0.0222238
4.74857
0.0357539
0.889856
0.0218644
0.0221377
4.05709
0.0216739
0.0230624
0.0218096
5.0552
0.0216072
0.0218227
0.0783665
0.0222163
0.0221713
0.0248109
0.0910561
0.0368171
0.371961
0.083691
0.0222462
6.24344
0.0326415
0.0217878
0.022003
7.33175
0.021983
13.8236
2.75257
0.0216297
5.15801
0.0218082
1.43904
0.427414
2.54441
0.0440709
0.173227
10.2008
0.0362987
11.0854
0.706432
0.0219213
0.0217735
0.0508233
0.0640341
6.4084
0.0282972
0.027565
0.0219397
0.0227277
0.0218431
0.0325824
0.0447654
5.47379
0.043497
0.0221471
4.11473
0.0401534
0.0220772
0.021919
0.0218721
0.0215474
0.0232163
0.0222313
0.0449522
0.0323205
5.08377
5.53731
2.36428
0.0217263
0.0218657
0.0386652
0.027032
0.0217424
0.0257254
0.0216488
2.0635
0.021955
0.0819074
7.25848
0.0222122
0.0220148
0.0218785
4.97863
0.0807088
0.0516719
1.67881
0.0218799
0.0233245
1.43637
7.0246
0.0222309
14.9889
0.0227266
0.0457226
2.72141
0.0218289
0.0221469
0.0220446
1.59169
2.95308
7.18363
20.4946
0.0222515
0.0220639
0.0219735
0.0988737
0.0221495
0.0217139
0.0222802
0.0217551
11.3323
0.0222927
0.0222917
1.55921
0.492854
10.3319
0.0261351
0.0292705
0.0340482
0.189773
0.117414
2.05677
1.55337
0.403026
0.0218013
1.85077
0.0217443
0.0246528
0.0220685
5.55293
0.0215501
0.0217973
0.0221057
0.0222135
4.42914
0.0226586
0.022294
1.48874
19.1233
0.0218687
0.0217642
0.0721062
0.0217002
0.0220793
0.0218095
0.0218946
0.0359849
0.142559
0.0280649
0.263469
9.38969
0.0249146
3.38559
0.127582
0.0289004
2.4697
0.0216679
2.38383
4.4636
25.3445
7.80556
1.57016
5.27534
0.0349747
0.0219226
0.0231328
0.0218638
1.69146
0.0219223
1.53796
6.98816
0.0221804
6.27271
0.0720142
0.0217358
25.2509
0.120144
0.0214625
13.7368
0.0225101
0.0321169
7.82967
0.0237397
0.168973
17.2995
0.021595
1.60863
0.750412
0.0220786
12.4428
0.0217133
0.0483218
0.021975
0.0218797
1.70849
0.0217903
0.0219549
1.2453
18.2496
0.88815
0.0219317
2.31206
1.65651
0.131416
1.73945
0.0217062
0.0218467
1.42607
0.0217551
0.0217444
0.0222103
0.0221952
1.55547
20.6864
0.0438295
0.0216445
0.0277545
0.0219399
12.9959
0.022163
0.0249226
3.48484
10.1709
10.6354
4.64649
0.252289
0.0219091
9.72769
0.0218457
12.4526
2.72779
0.126296
0.0222761
0.0220568
0.337526
0.0218007
2.38856
0.0217777
0.0215416
0.0215978
7.0775
1.68856
0.0218239
0.021414
0.168682
11.9897
9.38412
13.597
0.0218694
7.64777
0.0253693
0.022077
0.0310779
8.67122
0.0219323
0.0225963
0.0219313
9.03964
2.25529
0.0219414
0.0220776
6.30668
0.0768781
4.29629
9.25839
0.40249
0.297322
0.057167
0.0219203
14.5562
0.0218035
8.226
0.0220768
1.19771
0.0218398
0.0477488
0.250392
2.14514
11.1742
0.0219042
0.0930705
0.0249765
0.0219573
0.052964
0.02192
0.0400654
0.0221015
0.0218786
0.0219966
0.0489824
0.0269634
0.0214294
0.0220283
0.0217189
0.0949674
0.0220954
0.0557626
0.021694
0.0224527
1.41674
0.0232769
0.0608289
0.0941194
0.0217506
0.0217997
36.9563
0.0929853
0.0216673
4.71215
0.0216523
0.0219314
5.5191
0.0214088
0.0222001
0.0400037
0.0223236
0.161355
0.364957
0.742108
0.087583
0.0221418
14.2201
0.0222944
0.0222136
0.134989
0.0242704
28.459
0.0219052
0.0215464
0.0220975
19.3749
22.7629
0.0217929
0.0281879
0.0222486
0.058424
0.0216945
0.0218673
8.35633
0.0222502
0.0218289
2.08416
0.0223328
1.98703
0.0219395
2.32737
0.0219513
2.88053
0.0984311
0.022102
0.0219597
0.0222507
0.0224236
4.39493
0.0355612
0.0525341
4.94157
9.87821
0.0219152
0.0223789
4.64207
0.0919263
0.0223325
0.022118
0.0219407
0.0541946
0.0376591
0.0862221
0.02909
0.021675
0.0219772
11.2343
0.022151
0.0218541
0.0245707
0.0312182
0.0219566
0.021906
0.0240408
0.0411644
0.0216594
3.73108
0.0217422
0.218954
0.0214133
3.04477
0.0215903
0.0235737
4.62241
4.02041
7.86358
0.716577
3.30517
0.0219454
6.8493
0.0217
0.0216691
0.0382066
2.69076
6.53278
0.0215931
1.74009
14.8701
1.58606
0.0222639
0.0217775
0.0217308
0.022275
2.24435
0.105716
0.0698966
0.862533
0.0223026
0.0214277
0.0216487
0.0217963
0.187044
8.07728
0.0220535
20.1856
0.10615
0.211047
0.0582703
5.78692
2.49345
0.0217361
0.0219941
19.8633
16.3636
2.74116
0.0221793
0.17828
11.3062
0.0215403
0.022192
17.917
0.0216639
0.130328
0.103639
0.0228543
13.9195
0.0219364
0.072419
13.8098
0.0273645
3.387
0.0219374
2.73365
5.10652
0.0218307
19.3974
0.0216908
0.028111
0.0219096
7.10754
2.6852
0.0280355
0.0215254
16.3025
0.0222875
0.0214593
0.0218829
0.0280086
2.43158
0.0214913
0.0230376
0.021764
6.84905
5.0488
0.0232054
0.139539
0.559393
0.132854
0.114944
0.0221391
0.0458185
0.0279177
20.598
0.024047
0.0237408
15.0278
0.0329084
0.122457
0.0271637
0.0220173
1.28991
0.0218932
0.0219882
0.0217502
1.76732
0.0219342
3.61066
0.0221265
1.41495
0.0219782
0.0327454
3.15335
2.99864
0.0217022
0.0222619
0.0220449
4.28175
0.0216495
1.79494
0.179197
0.916408
0.0219559
0.0215036
3.55544
0.0930809
21.7696
0.0314909
19.4761
0.030179
0.0220001
0.0219515
0.0723448
1.41918
0.0218931
0.0324669
0.0219013
0.399903
0.0218237
0.102715
3.7812
0.0217073
0.0214452
0.0689439
0.0217774
0.355571
21.4012
0.0222243
0.295104
0.208552
0.0458186
0.0215867
0.0217894
0.041033
0.0392262
0.02606
0.0504827
0.231987
0.0220202
0.0293614
0.0480332
0.0217846
0.580627
0.0225705
3.28317
15.4553
0.0221066
0.0227418
2.00524
16.7239
6.48652
4.48576
0.0217369
1.82199
0.571995
0.0216719
0.0271156
0.0218216
0.0219361
0.0216432
0.0220027
0.0223726
0.0433803
0.0215783
0.0227709
0.0284353
2.71097
0.0222643
4.5069
4.43842
0.0216351
0.0220902
0.022064
0.0220954
4.81217
0.582387
0.02211
0.0218448
0.0219617
0.0222692
0.0219691
0.0246721
0.0217377
0.335652
0.559611
9.39192
0.0280725
0.0221694
0.0272124
0.0242687
0.0220032
0.124347
0.0222457
9.52231
0.0307404
0.189097
0.0222876
0.0220458
8.55588
0.0219199
0.0482928
0.0220591
0.134449
0.083862
0.0913739
0.0221734
0.0244057
0.682561
0.0218425
0.0222151
0.0238154
0.0220345
0.0217324
3.0777
0.59522
0.021746
0.0217931
3.34321
0.131167
0.0218572
0.0219505
0.0552432
0.0225834
0.0271563
0.35832
0.822603
0.0230942
0.0539943
2.67309
0.0219267
0.0221935
0.0219519
0.0217382
0.0218178
2.24608
6.40606
5.1067
0.0246172
0.0390831
0.0219058
0.0222594
0.0263467
0.867536
0.0518984
0.0269383
0.0519583
0.0687614
8.11291
0.0219974
0.612411
0.0429295
2.81126
0.0366592
0.0217555
0.355828
5.51502
0.0346273
8.5034
1.05072
0.0217078
0.0512842
1.47055
0.0215566
0.0222327
9.09481
5.78187
0.0214764
0.021823
0.122379
0.021584
5.10783
0.021657
0.0218299
0.0220971
1.45101
0.0296419
0.0772267
1.55055
0.0817349
0.0296098
5.71969
0.0216627
0.0216524
0.0218934
0.153147
0.723277
0.0501629
0.0245811
0.0218117
0.0218354
6.82698
0.0219297
0.0219821
27.6076
15.4964
0.423245
0.0219853
2.38432
0.0218924
0.0220463
0.278388
0.469791
0.0219645
0.868386
0.0219235
0.0228077
0.0269483
0.0236337
0.0218311
0.0215807
7.21786
5.24381
0.0217161
0.0216454
0.136216
0.030804
0.0219935
0.0268011
0.0222455
0.021807
0.0403781
0.0216628
0.0221923
4.09494
8.61138
0.0263165
0.0219122
6.64303
0.021398
0.0217234
5.62999
0.0220221
4.65
0.157539
0.026762
1.47164
0.0219135
0.0218363
0.0218978
0.021792
0.178201
0.0280602
0.0219322
0.0219017
4.12395
1.43531
0.0217506
3.38684
5.44018
0.0219515
15.0549
5.51974
0.0274966
0.0220126
19.4768
0.0220207
0.0218305
0.0218573
0.0218214
0.0220668
0.085329
0.0755798
5.17013
0.0221989
6.1138
3.24325
4.70814
0.0219857
0.277198
0.0217227
0.0282114
12.4029
0.0219256
0.0758028
6.43405
0.0258468
0.039496
0.110334
0.0214553
0.0218086
0.0481123
0.0219989
5.27599
0.522136
0.0220679
0.0219438
0.0278397
0.022148
0.0436461
0.0220853
0.261497
0.021872
0.0218035
0.0620739
0.0319927
7.24737
0.100596
0.0231591
2.73997
0.0799025
0.171101
0.0222134
0.966291
0.462141
0.0221103
1.85371
26.232
0.0217519
0.0222945
0.119052
0.0881194
0.0218015
0.0430886
1.29267
0.0214603
0.022058
0.0437598
0.0222183
0.0564877
0.0220865
4.05179
1.21826
0.0418848
3.11723
0.0215104
0.599528
6.25476
1.53559
0.0321093
0.0217534
0.0227863
0.100186
0.0220839
0.0216382
0.0222491
0.158316
0.0219158
0.0216774
0.0222665
0.0214656
0.022633
4.94069
0.489848
0.0221994
0.0218124
0.0218179
0.0220233
0.169427
0.240857
1.129
0.0729688
4.87054
0.0220143
12.5361
0.641506
0.0282596
0.0219808
0.0383938
0.0220192
0.0219163
0.0214773
0.0724364
3.42036
0.0218501
0.126737
0.0933821
0.0331782
0.0221471
8.99518
0.0221591
0.0239937
0.111965
0.290743
0.0222921
0.0220463
0.0216112
0.0232803
2.47864
0.0223658
3.68226
0.022076
0.0218965
1.27027
0.0228886
0.0219504
0.0222358
7.97204
0.0222171
0.0945717
0.030992
12.5304
0.0942984
3.85487
0.0218798
0.0225109
0.0216977
0.0218117
0.0275605
0.0220973
0.0219198
5.34919
0.0222855
0.0223801
9.56424
3.23875
0.0218424
0.0589057
0.0217198
0.0214696
0.0231015
0.0216466
1.92412
8.1356
0.0214376
0.0221618
0.0719138
2.87582
0.0220233
0.0529791
14.1374
0.0220722
32.6445
0.0226625
1.66207
0.0222231
0.943671
5.6085
0.0218095
1.72569
0.0236909
0.0216481
0.0219645
1.29313
3.43169
0.062639
0.0221719
4.65117
0.0219956
0.0227804
0.0219409
12.2506
0.0799354
0.0435563
6.58696
0.0218052
1.44438
16.1722
11.8231
5.22935
0.0358345
0.0341439
6.5596
0.0219872
0.0227891
0.0744969
1.50779
0.021448
0.0222853
0.0219005
0.0219565
0.0219637
0.0327604
0.331937
0.021846
27.8483
0.0219069
0.0230529
0.0220108
0.0483014
1.72478
0.0221654
0.0217246
0.0528607
15.7316
1.23619
9.4164
0.609739
0.0218769
0.021857
0.0214942
0.522975
0.0225967
0.0220286
19.2466
0.0219662
0.092832
11.7646
0.0219588
4.9796
3.29468
0.876388
0.0468037
0.118185
15.5398
0.275741
0.0219169
0.0216505
0.0340219
0.0222793
0.0457812
32.5714
11.5786
0.0284574
5.58611
1.08521
7.09284
0.0214427
0.0221797
0.0219465
0.0217018
0.0219997
1.7842
1.41661
0.0220163
3.41271
0.0220079
0.0219075
0.326114
0.0217833
0.695726
1.61327
7.16132
0.021736
0.0218709
0.0222469
0.0222439
12.281
0.0219713
0.0262783
0.0222763
0.102425
0.0240564
0.0221186
0.0219456
4.7522
0.0216586
0.539569
0.0218516
3.14597
0.022028
0.0219565
0.0230815
0.305552
0.0216841
0.0220847
6.43204
0.021908
0.0384602
0.212475
0.436467
0.0365666
0.0217616
0.0219192
0.832617
0.0286292
0.02169
0.081118
0.115353
2.7243
0.0219697
0.0219867
0.0219375
0.0217527
0.0220116
0.0223874
1.25595
0.0227635
14.8913
1.40427
0.0405454
0.0228961
0.0218617
0.369732
5.12605
0.0217198
0.021989
0.0751731
0.0222745
0.0228964
7.8128
2.04276
0.0218875
3.65599
0.0227105
6.09512
0.0216991
0.0220169
0.0218972
5.32236
0.0216334
0.0218998
1.83443
0.0218568
0.0332353
0.0674515
0.0219112
17.0646
0.0271387
2.66423
1.63928
0.0219311
0.0222535
2.89731
0.021838
0.0220384
0.0219736
0.0290074
0.0220723
14.2704
14.2986
2.22687
2.04817
0.0217013
0.833694
0.021865
1.51629
0.026539
0.0285217
0.0220356
6.13142
0.0220577
0.0226633
5.58025
0.0217327
0.0371686
0.0349827
0.0222791
12.8281
0.0217383
3.59527
0.0276582
0.0219791
0.0218536
0.0214559
1.43654
0.0217485
1.61693
0.0222666
0.0244559
0.0237407
0.0257588
9.26797
0.0220911
0.0240843
0.170434
0.0514217
0.152402
0.0220236
0.0218683
13.2032
0.0214369
7.62069
0.0299638
0.0218623
0.0219016
12.0134
0.280377
0.0222121
11.0502
0.0218248
0.022915
0.0218149
0.0495736
0.0233187
0.0483393
5.75776
0.0218918
0.0217177
0.0219281
6.64378
0.0218839
0.0224102
1.47298
0.0218752
0.124093
0.022035
0.0270465
0.0220145
0.0221679
0.0222429
0.159729
0.0317398
0.021806
0.130309
0.0221036
3.0919
0.0219478
0.148686
0.0219234
0.021902
0.0219323
39.124
0.0263291
0.0223207
0.324105
0.0222609
0.0286594
0.0226454
0.0246308
0.0222729
0.021897
0.0222488
5.20049
0.0219759
0.0218211
1.43988
0.0220029
0.0217675
0.0219464
1.38213
0.0222055
0.0502408
0.0281472
0.343527
0.0222109
0.0436141
0.0217279
0.0222966
0.0276946
9.53423
0.0222927
0.0216811
0.0219262
0.142117
0.547934
0.022474
0.0218506
0.0218578
5.08725
0.0216174
0.0345844
0.0413165
7.11698
0.0222948
0.0216799
2.37949
0.0224013
0.0478088
0.0291987
0.0214525
0.0394889
0.0219825
0.0279744
0.0214971
0.021756
0.0219307
10.0263
0.0220106
0.27862
0.0216804
8.91905
3.79305
0.180209
0.0220083
7.09128
0.391375
0.0300264
0.0219621
0.0296229
23.814
0.022021
3.89344
0.0222559
0.121931
0.0249571
0.0222149
0.135358
3.6566
0.0218247
0.0242066
0.0219223
0.0332043
0.0218543
0.0217144
0.0220382
3.41101
13.9992
0.0222912
0.0219368
0.0219809
1.98218
0.0218941
0.127111
0.0220267
1.96628
6.09973
4.88928
0.0422215
0.0222519
0.0220892
7.14901
0.0219855
0.0365201
0.0222661
0.0345668
19.5508
2.92924
0.0222869
0.0216582
0.0308017
6.48919
0.0559442
0.0218115
4.67101
25.4153
0.021608
0.473423
0.0215087
0.0438589
0.0218917
0.0224994
0.0222856
0.0345769
0.0219366
0.0214999
5.36482
0.0240687
0.0225636
1.55487
3.40621
0.0220293
5.07382
0.0220991
6.79102
0.0242079
0.021516
0.0215822
0.0220142
0.0254092
0.389052
0.25889
0.0220048
0.0225514
7.00653
0.0220391
0.0216207
0.0218607
0.0219644
0.257718
0.0219323
0.0216152
0.0216342
4.92903
0.0222667
0.0219193
0.0216501
2.94201
0.0221625
2.39406
12.263
0.0219082
8.51089
35.5534
0.0221648
0.0489036
0.104285
0.0215693
0.0216931
0.0229811
0.021987
0.919054
0.0264693
0.022047
0.0216444
0.021889
0.0220275
0.0218757
0.0222292
4.12044
0.0216303
0.0218536
0.025772
0.0218879
1.4555
0.0218772
0.022053
0.022075
0.0221431
2.96379
5.21106
1.9728
2.27888
0.0222944
10.758
0.0218486
0.0216109
2.64088
4.32436
0.0222141
0.0219619
0.0801951
0.112533
4.81118
9.37966
0.0432041
2.17374
0.0227057
6.2028
0.021903
0.0252011
0.0218652
3.76047
0.0219269
14.8588
0.0222535
0.0240383
0.0221463
0.0225819
0.448557
0.0216108
0.0214818
2.55522
0.0548254
0.0222464
0.0216399
0.0216052
0.0227546
0.0222551
0.0221884
0.021876
19.7195
0.0218117
0.0226059
0.0222552
0.0216065
0.0216874
0.0368302
0.0222971
0.0379942
0.0221639
6.05397
0.0217215
0.0842743
0.059286
0.0217975
0.853121
0.0214667
1.75672
0.0220426
0.0220178
0.0218812
0.0215865
0.0913989
0.0218593
0.0223893
0.02158
1.7854
0.155918
0.0220231
0.0222711
0.923892
2.08123
37.2351
0.347949
4.5927
0.0218367
0.0218646
0.0325478
0.0221285
27.3491
0.0222582
0.0962603
0.021874
0.0222472
0.0283234
0.0215182
0.0222506
0.0410252
0.429014
0.0216579
0.0215746
0.0222091
0.0219462
0.021995
0.021664
0.0219407
0.021867
0.0295499
0.0457763
6.24903
5.08228
35.1654
0.0215842
1.53139
0.0218704
0.116974
0.967448
0.0220312
2.22367
0.0218704
1.75422
6.30449
0.065893
0.0219926
20.588
0.0239732
0.163076
0.0225428
0.0295991
8.31587
3.54503
0.322923
0.0242776
23.6938
0.214265
42.4738
0.0268437
16.7379
42.3897
13.1803
0.0216483
0.0222741
1.62559
0.021476
0.0219492
0.395318
0.0219651
0.0220948
0.0368849
8.52161
1.66574
5.462
0.0218749
0.0218314
0.0222075
10.7534
2.3924
0.302938
0.0255432
7.62316
0.0218903
0.0293852
2.94773
0.0246322
0.390325
0.0223862
0.022234
1.58282
0.0218091
0.961756
0.0219139
0.0224786
0.0432188
0.0217928
0.0236948
0.0715414
0.0222667
9.09709
0.0218776
0.021472
4.42377
0.0224046
0.0219105
2.56263
0.0739682
6.71401
2.28973
13.1003
0.0223599
0.0990146
5.79369
0.0885418
0.0274655
0.0223637
4.99654
0.0217659
0.0220548
0.148542
0.087071
0.0411229
0.0222541
0.0222311
0.021824
1.61555
0.0499739
2.64973
0.0222712
14.7069
0.0218722
0.0426852
0.02397
0.0217397
0.198496
0.431867
0.0327021
0.127946
6.89098
0.0222725
0.0236854
0.0267344
0.0312964
0.0224804
0.0271214
0.0270031
0.105129
0.0215469
7.28451
5.93982
0.0224808
2.39886
1.80952
2.7288
0.022271
0.0215953
1.47702
0.0219381
5.56675
0.0222309
0.0222725
2.64911
0.0236602
0.0219392
29.8867
0.0255751
0.0685555
0.0219053
4.67619
0.0519061
0.0915573
0.0331224
0.0224713
0.118085
0.0224126
34.7903
0.0256819
0.284953
0.631891
4.07061
0.159074
4.85902
0.0244014
0.0709002
0.036532
0.710678
14.445
0.0218069
0.381593
0.0220454
0.0218898
3.43857
0.0677214
0.0216266
0.0656323
1.70784
5.48911
0.576129
3.43819
0.0732115
0.0222637
0.024077
0.0216992
5.16598
0.0219777
2.70226
0.562984
0.0239303
2.08554
6.90467
0.02166
3.7297
7.90082
2.88843
0.0219742
0.0219066
0.0222398
0.0394878
0.022273
2.00605
6.70039
0.0417882
2.96621
0.0225702
3.10108
1.58571
1.43733
0.0220046
0.32949
0.0257626
0.0911215
0.0311655
0.21391
0.0385604
5.77863
0.0222481
0.0218432
0.0216267
0.413771
3.36133
0.0219193
4.79655
0.0635925
0.0813814
0.0218686
0.110981
0.0221593
2.98303
1.64076
1.43978
0.124094
5.03142
0.0642422
1.79889
0.106763
0.0220876
0.498033
0.0218277
0.0426235
0.0219496
4.32081
0.021934
0.0255411
4.7244
0.0469236
0.0438867
0.0682026
8.08316
8.90372
3.21863
1.42879
0.0390681
0.0219089
0.0219036
0.0419262
11.8307
5.30441
0.0306328
0.0280341
0.100717
0.040833
0.1144
0.323451
0.101217
0.0505439
0.0612023
0.466135
0.0216079
11.0664
0.0217503
0.0222807
0.152782
0.0295855
6.25754
27.2651
0.126721
0.362766
0.506487
0.0218675
2.06036
1.46309
0.0395705
0.0277451
1.47759
0.038927
0.0461239
2.18482
3.1743
0.0218973
3.60913
5.19701
0.0216919
1.46848
0.0224389
0.0216201
0.0214647
0.0307584
0.582631
1.50763
0.505609
0.0498285
0.0474883
0.0408113
2.10735
)
;

boundaryField
{
    frontback
    {
        type            empty;
    }
    topbottom
    {
        type            fixedValue;
        value           uniform 0.0223;
    }
    outlet
    {
        type            zeroGradient;
    }
    inlet
    {
        type            fixedValue;
        value           uniform 0.0223;
    }
    walls
    {
        blending        binomial2;
        n               2;
        beta1           0.075;
        type            omegaWallFunction;
        value           nonuniform List<scalar> 
120
(
14.6008
25.6353
25.0637
27.8862
26.1289
29.2911
27.9823
24.5027
25.7107
17.4751
29.1032
26.2954
20.4601
23.1489
27.1329
18.2889
13.9686
21.3329
12.3253
27.0193
24.6895
13.8894
28.8842
24.3803
27.1534
12.7213
30.1665
6.82562
21.7608
8.19022
8.94721
8.43766
7.65615
6.57563
26.5788
27.1175
13.3201
20.0007
26.8405
27.2322
25.8592
13.5625
23.5808
25.7486
18.1366
26.6949
26.2896
21.0845
28.0635
27.8449
28.5534
12.514
31.0958
26.4838
22.6891
27.7382
17.3422
12.7359
24.5286
6.22105
7.06253
27.9316
16.7211
24.3554
26.7316
8.22629
7.95927
8.22031
31.1121
24.4659
27.1241
21.7059
30.0713
27.2955
18.3302
18.301
28.7643
18.0796
23.1498
7.30947
9.01222
18.7712
7.1655
29.0192
34.9899
21.6521
8.10021
31.0618
8.48478
19.2968
34.7102
9.03289
13.1438
8.56107
9.4076
9.89483
24.2442
27.8373
25.4775
25.3445
25.2509
13.7368
18.2496
28.459
21.7696
27.6076
32.6445
27.8483
11.7646
32.5714
11.5786
19.7195
37.2351
27.3491
35.1654
20.588
23.6938
42.4738
42.3897
13.1803
)
;
    }
    procBoundary0to1
    {
        type            processor;
        value           nonuniform List<scalar> 
80
(
2.71918
0.0336779
0.0219611
2.41461
0.0219696
0.0253021
2.75726
0.0237217
0.0237217
0.0243384
0.0215577
0.0245714
0.0321828
0.0303524
0.045859
0.021389
3.1344
2.48482
3.54901
0.0232202
0.0303524
0.0218457
0.0214036
0.0290258
0.0412636
0.0217608
0.0214907
0.0215196
0.333275
1.55756
0.0232202
0.0213864
3.13193
0.0214442
0.0221029
0.0214712
0.0214176
0.0214176
0.0216902
0.0274696
0.0214349
0.0213845
0.0412636
0.0214261
0.0703508
0.0703508
0.0371671
0.333275
0.0214207
0.0213811
0.0215912
0.0216343
0.0214261
0.0875355
0.127408
0.0228571
3.41915
0.0371671
0.0214557
0.127408
0.060522
0.0263391
0.0526732
0.110813
0.02138
0.02141
0.0214036
0.0234855
0.0224135
0.110813
0.02141
3.66428
0.0875355
3.5653
3.33543
0.0476259
2.97289
1.55756
0.0222446
0.0226127
)
;
    }
    procBoundary0to2
    {
        type            processor;
        value           nonuniform List<scalar> 
165
(
7.62266
12.4135
17.7955
0.153772
0.0220279
5.94097
3.73661
7.77469
12.538
12.3349
12.4135
0.0277483
0.029023
0.02197
0.0219939
17.7955
0.0219765
4.52413
2.00354
0.0257881
0.0228772
0.0226945
0.121614
2.08764
8.71771
0.0226945
0.114336
7.92713
2.9473
0.0230733
5.79299
0.0220789
2.34101
2.58827
2.34101
0.0219834
9.44314
0.0219414
0.0713585
0.0713585
8.31697
8.30286
2.36806
0.0221107
0.685372
0.370238
0.0219305
1.80465
0.0450285
1.7769
0.685372
0.0220881
1.66384
0.0250562
3.29753
3.27164
3.39633
0.0244279
0.0240655
0.0221205
7.03269
0.370238
1.75741
0.0219651
0.0220485
0.0220574
5.62019
7.22062
0.0219429
0.0555144
0.0223013
0.0236444
0.0219235
0.021946
3.44399
0.0222937
0.0417525
0.0219595
0.0221441
0.0225301
0.0219595
0.0222246
0.0501587
0.0622011
0.0219429
0.0274546
0.261199
7.477
0.0219192
0.0219276
2.56782
0.0220021
1.75741
0.0224152
0.0312397
0.0221784
0.0262334
0.0867938
0.0501587
0.0219309
0.0324913
0.022214
1.67555
3.62015
0.0220513
0.0388688
0.0220171
2.13896
3.79194
3.749
0.0222661
0.0221547
0.0219207
3.09727
9.28471
8.58725
7.79583
3.57214
1.90023
0.0233619
9.36721
0.0362831
0.0388688
3.71888
0.0219179
8.25542
9.14079
8.68456
0.0221497
0.0343889
0.0219192
1.92233
0.0222524
8.29525
0.029023
8.80024
0.205941
0.0867938
0.022099
0.0220193
1.65957
0.0221894
2.73612
8.74341
11.0692
5.99608
2.78156
9.62257
8.13773
7.02755
7.90813
18.9015
8.59749
6.68748
1.59397
10.1382
2.1335
0.03004
8.58929
32.4828
0.0222255
1.57882
1.28018
8.69803
9.78367
)
;
    }
}


// ************************************************************************* //
