/*--------------------------------*- C++ -*----------------------------------*\
| =========                 |                                                 |
| \\      /  F ield         | OpenFOAM: The Open Source CFD Toolbox           |
|  \\    /   O peration     | Version:  v2012                                 |
|   \\  /    A nd           | Website:  www.openfoam.com                      |
|    \\/     M anipulation  |                                                 |
\*---------------------------------------------------------------------------*/
FoamFile
{
    version     2.0;
    format      ascii;
    class       volScalarField::Internal;
    location    "200";
    object      V0;
}
// * * * * * * * * * * * * * * * * * * * * * * * * * * * * * * * * * * * * * //

dimensions      [0 3 0 0 0 0 0];


value           nonuniform List<scalar> 
10042
(
0.190988
0.0799026
0.0870344
0.136315
0.171424
0.145099
0.0585203
0.158392
0.188548
0.0524336
0.142
0.0787581
0.0492089
0.15251
0.0844461
0.154009
0.116593
0.131653
0.0657724
0.0996903
0.0484044
0.199814
0.144075
0.132383
0.165093
0.175855
0.0678299
0.195839
0.14329
0.110292
0.153344
0.0346614
0.175881
0.165684
0.156093
0.142099
0.172307
0.154332
0.145408
0.205029
0.141367
0.17646
0.0387051
0.107925
0.138993
0.122645
0.169341
0.103135
0.0509102
0.0442432
0.0403839
0.164675
0.111523
0.0607558
0.0643275
0.0338815
0.0467235
0.167104
0.0838375
0.19261
0.0577318
0.062856
0.0390495
0.149879
0.138207
0.151167
0.0877196
0.142419
0.126583
0.140208
0.0367712
0.105123
0.160819
0.0859973
0.150783
0.0349383
0.116947
0.160587
0.111245
0.0598581
0.0987001
0.126653
0.187005
0.165332
0.0729405
0.0498953
0.0927583
0.0875491
0.139949
0.138829
0.0454094
0.07792
0.0380843
0.0588769
0.133006
0.113293
0.0148283
0.0892934
0.115789
0.0856183
0.0502319
0.0596715
0.0982402
0.0351052
0.0595795
0.0995013
0.0330793
0.159699
0.0547379
0.10176
0.114274
0.0543171
0.0744154
0.148572
0.137915
0.165447
0.109692
0.172705
0.158787
0.171916
0.17087
0.064832
0.0652191
0.137414
0.107639
0.158132
0.119459
0.0621026
0.0239333
0.117388
0.171117
0.128141
0.153906
0.134305
0.0466454
0.0427297
0.0899754
0.0339891
0.0749964
0.123858
0.0429998
0.166625
0.0394078
0.198233
0.0615619
0.145297
0.0716458
0.164414
0.0929052
0.0847175
0.143445
0.164462
0.0636461
0.035676
0.134681
0.0604482
0.0280186
0.0325997
0.146134
0.130728
0.165947
0.185489
0.0427402
0.14091
0.0790469
0.116017
0.188947
0.0423519
0.168779
0.135454
0.138388
0.105793
0.0813641
0.160259
0.0578491
0.0754437
0.114036
0.172887
0.143535
0.116733
0.0788401
0.0501908
0.0801096
0.173325
0.180198
0.042324
0.0955346
0.141105
0.0355586
0.154653
0.0695259
0.0477898
0.164703
0.0578584
0.0620164
0.072027
0.0206102
0.145218
0.0180593
0.141941
0.0235605
0.0411298
0.0937595
0.128493
0.117518
0.135672
0.132303
0.0439829
0.113433
0.0980943
0.0371646
0.13316
0.0927394
0.0991704
0.176302
0.147061
0.153022
0.0994061
0.146937
0.0280824
0.0220833
0.137598
0.0271899
0.132847
0.111545
0.0362122
0.101203
0.0848127
0.0770472
0.0715301
0.167736
0.120492
0.0426856
0.131885
0.110154
0.182533
0.0903399
0.0207457
0.0605061
0.13674
0.0967148
0.13333
0.17752
0.162624
0.06647
0.171137
0.139163
0.0778989
0.0491728
0.144826
0.0648705
0.158347
0.105179
0.0526385
0.111427
0.0954975
0.128694
0.101892
0.0102111
0.150232
0.13121
0.151866
0.151962
0.173783
0.0407018
0.0696166
0.137031
0.10249
0.154651
0.10856
0.100884
0.0421817
0.145234
0.0348542
0.106379
0.161613
0.0669071
0.130119
0.147399
0.0571195
0.140213
0.143291
0.0187627
0.0744322
0.17515
0.0227972
0.108517
0.154699
0.164726
0.136344
0.04728
0.111516
0.173801
0.132733
0.129382
0.120451
0.0694068
0.100998
0.0957085
0.151933
0.0685027
0.0927902
0.127243
0.0911586
0.0930532
0.0480611
0.156529
0.164343
0.0660117
0.123255
0.142022
0.130353
0.130916
0.112053
0.109688
0.164884
0.113911
0.143148
0.137662
0.16049
0.147879
0.0354588
0.155395
0.128213
0.177384
0.168823
0.135681
0.128551
0.091936
0.0460304
0.135424
0.110986
0.161065
0.157268
0.135259
0.163455
0.0331747
0.126848
0.155268
0.118375
0.0415691
0.0480909
0.172183
0.144225
0.162678
0.172159
0.144309
0.156759
0.125468
0.017091
0.0720614
0.135198
0.120697
0.144998
0.070821
0.140105
0.101964
0.16983
0.0261265
0.16695
0.106097
0.158571
0.0765665
0.141234
0.107128
0.0730875
0.144549
0.127847
0.125553
0.0603878
0.14512
0.162441
0.14022
0.164122
0.0545591
0.130731
0.155944
0.0950036
0.0651116
0.0462888
0.113704
0.0921627
0.078048
0.138197
0.0285278
0.165428
0.154817
0.16552
0.10533
0.148209
0.111593
0.026587
0.0730197
0.143195
0.106161
0.0525905
0.136218
0.153911
0.1298
0.0266198
0.144732
0.0235452
0.148567
0.0707123
0.0238663
0.135197
0.0398722
0.147825
0.100193
0.112918
0.109256
0.0542293
0.134565
0.0766039
0.149989
0.101121
0.0740804
0.0609642
0.143853
0.0909622
0.152493
0.0952063
0.163353
0.166362
0.0360656
0.101218
0.0852576
0.108472
0.126824
0.0470577
0.100179
0.139922
0.0536007
0.099032
0.137476
0.0751378
0.0416397
0.152567
0.156917
0.0326316
0.163544
0.114472
0.0894047
0.0319226
0.0380427
0.173403
0.141414
0.0403179
0.147985
0.169461
0.153891
0.0658672
0.0724803
0.0336945
0.109501
0.140255
0.140219
0.0261964
0.164988
0.137085
0.147966
0.119609
0.158968
0.158868
0.0984868
0.169407
0.159964
0.0648251
0.0911397
0.138272
0.0409904
0.135005
0.0267657
0.0402342
0.123483
0.126561
0.0405808
0.12956
0.0515612
0.10025
0.137461
0.0779809
0.122637
0.140738
0.0571719
0.121765
0.152536
0.120578
0.159428
0.137101
0.139361
0.0800522
0.145992
0.147186
0.0935907
0.0402291
0.135984
0.148051
0.115311
0.0466981
0.104439
0.15698
0.141402
0.0840835
0.0524727
0.111785
0.158374
0.140202
0.071793
0.0694731
0.0774181
0.136715
0.145668
0.132975
0.0948035
0.122029
0.12
0.0990361
0.123429
0.102475
0.129759
0.0718982
0.100126
0.0776414
0.0752137
0.106204
0.139505
0.0775516
0.106525
0.136327
0.11482
0.0376935
0.10953
0.141513
0.0933609
0.0842733
0.111189
0.0716183
0.153905
0.0661392
0.122618
0.0773692
0.137658
0.0225818
0.122588
0.0436519
0.153607
0.132197
0.108952
0.173166
0.0922551
0.0501856
0.148491
0.134026
0.0269572
0.102324
0.137832
0.1648
0.13839
0.160944
0.161029
0.158431
0.095514
0.0870274
0.118535
0.173275
0.0434641
0.057731
0.145992
0.145116
0.133625
0.0474077
0.138198
0.137744
0.137109
0.0947777
0.0441788
0.140407
0.144938
0.141194
0.11584
0.106135
0.163019
0.0209124
0.0836226
0.0649814
0.133195
0.145369
0.119819
0.0761575
0.104225
0.14458
0.129959
0.162996
0.136542
0.133035
0.0629266
0.116036
0.183285
0.152139
0.159961
0.140344
0.0223696
0.131869
0.137209
0.118813
0.0654315
0.125931
0.113675
0.152267
0.0709947
0.127884
0.0988913
0.166583
0.0970175
0.0745534
0.103112
0.139464
0.129366
0.0158922
0.0816663
0.109517
0.109714
0.0463677
0.126912
0.0795924
0.123032
0.14667
0.091479
0.124535
0.167339
0.13151
0.0898046
0.108644
0.0977471
0.0886487
0.137733
0.0278365
0.081404
0.135148
0.136766
0.108244
0.133015
0.144569
0.162977
0.0978526
0.0654418
0.168484
0.0267709
0.121787
0.0796123
0.150522
0.0762855
0.134773
0.125672
0.137444
0.106046
0.0893409
0.0632784
0.101014
0.167937
0.133821
0.135243
0.1379
0.11953
0.0694865
0.0834414
0.105678
0.129466
0.134996
0.13675
0.0814084
0.129696
0.155155
0.154588
0.132036
0.0320816
0.146586
0.104072
0.138518
0.0181572
0.0390245
0.135526
0.0660659
0.138969
0.0487375
0.134962
0.141719
0.160243
0.103609
0.141061
0.144579
0.0454169
0.113756
0.165035
0.139244
0.126751
0.0270168
0.0157035
0.159459
0.132863
0.157865
0.156369
0.152576
0.0940773
0.12382
0.0346911
0.129448
0.133582
0.125754
0.0989301
0.108429
0.139196
0.0945427
0.0762178
0.141038
0.0615802
0.117146
0.128304
0.0874998
0.139957
0.12642
0.0274406
0.131307
0.129217
0.151387
0.132019
0.136513
0.0995603
0.109603
0.126973
0.0619483
0.124914
0.145176
0.057461
0.132683
0.0464501
0.141274
0.158501
0.110553
0.0306896
0.161133
0.0938022
0.13931
0.103318
0.13988
0.0928674
0.0985465
0.108203
0.068286
0.156306
0.131381
0.0500263
0.155621
0.148972
0.11266
0.0866708
0.161722
0.121301
0.0762592
0.106109
0.0866576
0.138351
0.0326122
0.0696031
0.142739
0.133389
0.158587
0.134194
0.125878
0.0775112
0.141771
0.0526239
0.0804021
0.0895494
0.043451
0.0903024
0.128423
0.0701636
0.143371
0.0751146
0.062667
0.175992
0.0752428
0.132289
0.0795541
0.131322
0.163411
0.0639723
0.0515641
0.163238
0.0916832
0.164819
0.15651
0.127331
0.135048
0.166102
0.141101
0.130271
0.100207
0.152295
0.166962
0.107403
0.150927
0.0927483
0.15308
0.134352
0.159603
0.109448
0.131457
0.0524393
0.129763
0.0656994
0.0399899
0.026303
0.126593
0.0974533
0.0410247
0.1138
0.153513
0.136632
0.151756
0.128179
0.0784558
0.0810499
0.0254201
0.0931707
0.138344
0.137884
0.123668
0.0889041
0.0933809
0.101777
0.063595
0.0612206
0.0222052
0.101118
0.130407
0.102232
0.147676
0.165139
0.0943489
0.135664
0.119126
0.132163
0.0664152
0.117815
0.16022
0.0470195
0.100253
0.0503649
0.123077
0.132787
0.131091
0.0735048
0.106061
0.135103
0.11993
0.0396795
0.13665
0.0414993
0.0957859
0.0866847
0.111701
0.0823875
0.139019
0.0304392
0.156351
0.147401
0.117927
0.151233
0.136304
0.13027
0.0945169
0.0802144
0.131083
0.0890275
0.142141
0.15029
0.136177
0.149703
0.120952
0.0906413
0.146385
0.0661585
0.0659169
0.0726217
0.0511428
0.0808022
0.132998
0.137765
0.0164798
0.015118
0.131459
0.0677736
0.0282297
0.0421646
0.0410021
0.121531
0.110736
0.138683
0.107765
0.152109
0.130618
0.0457673
0.15183
0.0362628
0.120867
0.127899
0.183524
0.15782
0.119031
0.0797032
0.109454
0.119451
0.126497
0.0446486
0.121079
0.119243
0.158866
0.0292204
0.0695305
0.129148
0.149185
0.127499
0.0892479
0.128165
0.0794659
0.101638
0.122191
0.123822
0.0687846
0.0857854
0.0380594
0.0698778
0.0286392
0.0347882
0.12998
0.0336037
0.108476
0.106773
0.0900908
0.0923724
0.102176
0.0460055
0.0263535
0.128239
0.0882945
0.081102
0.135632
0.147307
0.0325696
0.133036
0.127997
0.0183362
0.14321
0.122377
0.0700192
0.0472494
0.137273
0.168699
0.103091
0.0893995
0.0590992
0.154586
0.0561615
0.130288
0.1218
0.160226
0.0462352
0.0821886
0.135268
0.126337
0.1077
0.135107
0.11931
0.0625451
0.110799
0.0942251
0.106004
0.0824082
0.151895
0.0650462
0.08355
0.0919769
0.0484031
0.113268
0.104157
0.119754
0.150456
0.13644
0.0784209
0.127295
0.122658
0.142786
0.0958045
0.152791
0.0569718
0.134969
0.0993504
0.0406402
0.0922967
0.155124
0.0755907
0.045445
0.1511
0.135996
0.14356
0.0324812
0.129835
0.143207
0.132419
0.129061
0.0648394
0.13101
0.146635
0.126382
0.0829175
0.126796
0.147839
0.0428321
0.142608
0.106012
0.0673843
0.13768
0.0998851
0.149092
0.0636868
0.120859
0.0871071
0.119864
0.0703612
0.10837
0.0255524
0.0683058
0.13149
0.109709
0.129923
0.160675
0.0880446
0.0778843
0.1467
0.13013
0.150187
0.0823263
0.126554
0.0550166
0.131928
0.172164
0.0380428
0.0930503
0.145677
0.0855796
0.0233339
0.150186
0.120114
0.140918
0.118499
0.0464703
0.129567
0.0712662
0.130653
0.154254
0.128635
0.12744
0.142046
0.0394235
0.0265005
0.140529
0.144704
0.113392
0.125139
0.134279
0.103018
0.13504
0.143926
0.131205
0.0853414
0.130753
0.0744893
0.156521
0.151255
0.124883
0.107685
0.153371
0.131938
0.142117
0.152685
0.0662216
0.0566899
0.0267849
0.0619833
0.0858349
0.137984
0.0257496
0.0690235
0.115069
0.0475717
0.118193
0.0710612
0.142884
0.143495
0.141724
0.129168
0.126706
0.121242
0.150347
0.0826748
0.0373416
0.149325
0.151432
0.121199
0.150937
0.152504
0.163613
0.159032
0.151188
0.127669
0.147115
0.12113
0.147252
0.152422
0.0867406
0.0513665
0.114919
0.142582
0.0877229
0.108657
0.0649288
0.100259
0.0947556
0.141895
0.093298
0.0347028
0.0396753
0.0987679
0.165667
0.15302
0.130976
0.123814
0.153377
0.132918
0.131471
0.147452
0.109353
0.0292059
0.145701
0.124597
0.0245355
0.0404954
0.14863
0.144932
0.125441
0.152732
0.0419315
0.12472
0.116282
0.0657495
0.137001
0.130322
0.145289
0.0406522
0.08528
0.0762675
0.0652494
0.132514
0.0457982
0.103018
0.137814
0.118188
0.13373
0.0735311
0.147469
0.0841931
0.110661
0.0537205
0.129622
0.0622684
0.134963
0.0760225
0.0904345
0.102304
0.0957773
0.141493
0.0366776
0.144516
0.139313
0.116753
0.150688
0.117683
0.0625541
0.131966
0.130746
0.1817
0.0343602
0.134361
0.128451
0.136724
0.139205
0.0548722
0.160973
0.138298
0.129909
0.132586
0.128443
0.0849548
0.0447192
0.145662
0.0929509
0.0982921
0.146777
0.10094
0.0286968
0.148319
0.0981628
0.0331566
0.147761
0.136952
0.140611
0.164364
0.0950401
0.132902
0.0822322
0.131104
0.128508
0.16187
0.153184
0.0987237
0.0734074
0.148736
0.040186
0.151739
0.132635
0.165643
0.124092
0.129177
0.0681547
0.149694
0.0511157
0.144754
0.0870241
0.153168
0.0408153
0.150088
0.133785
0.034276
0.15676
0.130784
0.0293508
0.0627658
0.108204
0.0464702
0.0746072
0.128761
0.0577734
0.137936
0.154258
0.131639
0.0348033
0.127021
0.107693
0.0522862
0.132716
0.11089
0.150386
0.0915967
0.136446
0.132929
0.0764984
0.117494
0.0273869
0.133743
0.154703
0.133819
0.0243766
0.0829059
0.0715236
0.128385
0.138415
0.0478387
0.072654
0.132545
0.0378786
0.144103
0.125002
0.152576
0.0176817
0.13771
0.0797862
0.130025
0.142316
0.160067
0.141641
0.134098
0.119439
0.150835
0.133783
0.0901095
0.088733
0.122421
0.151198
0.0487608
0.0586577
0.138905
0.137954
0.140583
0.0241562
0.0431604
0.0867433
0.138609
0.157694
0.0745435
0.0468137
0.159768
0.131756
0.056953
0.132596
0.151312
0.134247
0.124208
0.0571729
0.143428
0.0775722
0.108831
0.135032
0.132818
0.0981842
0.146213
0.060123
0.0141074
0.152281
0.134851
0.131901
0.0259007
0.135975
0.0485526
0.156848
0.144539
0.111782
0.130978
0.0656258
0.112448
0.124065
0.150521
0.0270846
0.110796
0.0476796
0.149448
0.0539769
0.0603826
0.153573
0.0438703
0.146429
0.0461162
0.0501687
0.143924
0.139337
0.0917009
0.0612514
0.046553
0.0268911
0.154926
0.151132
0.112435
0.0465414
0.134032
0.0386425
0.0399879
0.147738
0.125154
0.155245
0.0901714
0.084665
0.145029
0.122135
0.143451
0.0270387
0.138454
0.0766089
0.134679
0.0856753
0.0607354
0.0845834
0.137632
0.0670158
0.0555585
0.106232
0.131106
0.131358
0.0254148
0.148191
0.0284723
0.0389305
0.0408859
0.107543
0.0402539
0.0763276
0.131772
0.123643
0.120606
0.0493161
0.0657438
0.0565389
0.132409
0.017655
0.0579638
0.141191
0.129197
0.0267042
0.151812
0.131059
0.0284828
0.0200358
0.0326534
0.149312
0.0367075
0.149375
0.104704
0.135398
0.0698877
0.161969
0.0891781
0.0463333
0.0242043
0.0504316
0.11322
0.150821
0.0903633
0.106445
0.151955
0.0905636
0.0194758
0.140352
0.153318
0.058862
0.0999612
0.038058
0.0987948
0.145033
0.130711
0.0793489
0.153212
0.131335
0.0502265
0.140047
0.110809
0.125655
0.144669
0.14792
0.0186244
0.136596
0.149506
0.122137
0.156485
0.147714
0.0665267
0.146864
0.027094
0.0290757
0.0958437
0.149623
0.147343
0.130085
0.152288
0.0373196
0.0418095
0.0188903
0.133306
0.141866
0.0351755
0.0668012
0.0951767
0.0477355
0.0901378
0.126388
0.0957807
0.154271
0.170568
0.147091
0.130288
0.0792942
0.0343341
0.0643668
0.152797
0.039627
0.0383528
0.153518
0.130732
0.150797
0.0740895
0.130144
0.133664
0.0638711
0.13158
0.028272
0.12975
0.134547
0.0470487
0.0731343
0.0406246
0.0824858
0.142149
0.149363
0.0275155
0.104222
0.133295
0.0472411
0.135619
0.0307801
0.132369
0.136376
0.157159
0.0517906
0.0823303
0.0533068
0.150367
0.137156
0.0582458
0.0639949
0.160395
0.0824368
0.0413916
0.139692
0.0717344
0.124167
0.156953
0.058312
0.149266
0.0603213
0.0410932
0.119209
0.135022
0.161388
0.0545206
0.0371878
0.0520751
0.0658778
0.0689729
0.079973
0.0682832
0.0613065
0.0479477
0.0813722
0.114823
0.150111
0.149458
0.0702588
0.0663717
0.0986741
0.0383021
0.135883
0.0275796
0.0415998
0.150281
0.158744
0.145181
0.157769
0.151651
0.0411184
0.0862158
0.0435771
0.0364899
0.115088
0.0649355
0.0853051
0.0683169
0.134296
0.133433
0.0771043
0.132802
0.109962
0.111138
0.0619141
0.15051
0.102422
0.137448
0.138011
0.0638413
0.149061
0.130172
0.169372
0.0388396
0.0921392
0.0327689
0.0654497
0.0872492
0.0411443
0.115165
0.0321561
0.125723
0.105254
0.0770889
0.0331479
0.150493
0.160586
0.0350354
0.05258
0.125176
0.0717243
0.141725
0.0189668
0.0902492
0.102628
0.136103
0.0268638
0.0257109
0.120819
0.0693604
0.066223
0.140915
0.0580504
0.0839463
0.133122
0.113703
0.0336937
0.143361
0.0829453
0.132551
0.066544
0.0612589
0.0966634
0.0430044
0.0633414
0.125839
0.067553
0.0354478
0.0279564
0.118825
0.0671153
0.0742289
0.0617246
0.0295757
0.0284049
0.0555558
0.0699562
0.148405
0.0570435
0.0533428
0.0306961
0.135154
0.0628122
0.13402
0.059693
0.153382
0.0470714
0.131254
0.151235
0.0797576
0.0285449
0.0506197
0.0434778
0.177001
0.068993
0.131743
0.12419
0.152715
0.103168
0.0182996
0.12617
0.0588499
0.102008
0.144321
0.141948
0.117986
0.149237
0.135913
0.152336
0.0912147
0.130248
0.0319427
0.103445
0.0395564
0.0643812
0.0754088
0.0491901
0.0655509
0.0591656
0.108588
0.0823576
0.086284
0.137156
0.141364
0.0667401
0.133054
0.146981
0.150175
0.0750275
0.0919735
0.070703
0.150131
0.0304154
0.149732
0.128679
0.0819255
0.140277
0.0688035
0.151407
0.0516689
0.0938534
0.074334
0.0358936
0.135152
0.134829
0.142736
0.0249261
0.151096
0.135135
0.0697697
0.0827603
0.0427298
0.12313
0.102265
0.0922871
0.136327
0.121308
0.139075
0.0785707
0.12683
0.0368555
0.0807331
0.137057
0.105763
0.0382209
0.137124
0.1382
0.0432541
0.0906033
0.0781434
0.148097
0.0830976
0.143126
0.142463
0.0973127
0.152014
0.117292
0.0863495
0.0712779
0.0943509
0.0282149
0.0699571
0.117174
0.0521125
0.111072
0.0481524
0.145338
0.151879
0.0605364
0.134925
0.118222
0.121595
0.04148
0.018228
0.143562
0.0439741
0.149208
0.102142
0.12863
0.139615
0.0497587
0.0876782
0.130383
0.131025
0.166601
0.0481113
0.0603776
0.0756023
0.136483
0.133396
0.0807568
0.135819
0.04887
0.0852653
0.124959
0.139637
0.03688
0.125043
0.0361618
0.0918971
0.0277432
0.0683025
0.0289293
0.144329
0.136328
0.0640258
0.0484918
0.151294
0.137893
0.157233
0.148869
0.143494
0.131658
0.0880345
0.0524463
0.028827
0.138241
0.0266607
0.0365254
0.0533538
0.0614455
0.152733
0.138711
0.170518
0.075484
0.0994329
0.0476485
0.0999149
0.0753236
0.0411179
0.116303
0.151533
0.122834
0.125045
0.0485299
0.139869
0.0285836
0.0928617
0.0630607
0.132346
0.171548
0.154157
0.0318594
0.133396
0.0285333
0.0654446
0.150565
0.0705481
0.0652386
0.11334
0.135882
0.133699
0.132228
0.0896205
0.0816666
0.0700345
0.104584
0.0732569
0.0279288
0.0523995
0.0614804
0.155472
0.0655796
0.0720067
0.133722
0.139054
0.0853518
0.0652506
0.0383071
0.131798
0.0418256
0.110356
0.138174
0.149498
0.0703187
0.0846341
0.119502
0.0865038
0.0548765
0.141856
0.0730757
0.131522
0.0437552
0.0990435
0.101263
0.0917296
0.0906301
0.136531
0.0965488
0.149927
0.138342
0.0498106
0.0800102
0.0273293
0.1458
0.134132
0.152985
0.112745
0.141935
0.0758558
0.0903241
0.0647115
0.0401772
0.131766
0.0570813
0.15142
0.0778161
0.100487
0.126211
0.13686
0.152172
0.0974231
0.0722751
0.0821023
0.150345
0.142802
0.0932613
0.101768
0.0588549
0.0891268
0.0861531
0.130613
0.135261
0.0423736
0.124787
0.129739
0.115534
0.101149
0.0666623
0.112738
0.0486633
0.0488767
0.0730304
0.147395
0.0481927
0.0389303
0.130638
0.125013
0.0881722
0.0634416
0.0684875
0.102632
0.132999
0.151699
0.0941243
0.0945491
0.0577684
0.127522
0.116327
0.0930196
0.0457147
0.0627333
0.111722
0.142744
0.0851508
0.0477263
0.130072
0.127956
0.114242
0.0619695
0.0474604
0.138052
0.0756893
0.123639
0.0461387
0.0961352
0.141238
0.0182901
0.0673259
0.0275655
0.041438
0.131445
0.133911
0.0959024
0.134257
0.0957287
0.0486003
0.115979
0.0899876
0.0722277
0.105503
0.0635875
0.0912732
0.075042
0.14144
0.126653
0.0833183
0.124049
0.116797
0.147788
0.161833
0.157134
0.13674
0.153514
0.110642
0.0982372
0.121055
0.152682
0.0233276
0.142567
0.137507
0.100439
0.136043
0.06651
0.133936
0.154691
0.15295
0.151159
0.110761
0.12064
0.0662842
0.0384483
0.157776
0.062974
0.11766
0.0801238
0.0778535
0.100943
0.0880315
0.0684918
0.0913466
0.0838383
0.062329
0.065035
0.0632997
0.1632
0.13932
0.0725889
0.0846392
0.0606776
0.0522566
0.0683944
0.100508
0.0892558
0.12481
0.0261663
0.142816
0.0820435
0.148418
0.0673016
0.122286
0.147171
0.132505
0.0670747
0.0573172
0.075774
0.15722
0.0633791
0.149492
0.151892
0.104007
0.0925913
0.0669781
0.0694325
0.142841
0.129769
0.112265
0.0709317
0.126066
0.028575
0.0826756
0.148554
0.0727872
0.154688
0.0365689
0.0835403
0.105414
0.134387
0.0933353
0.0629223
0.151753
0.114901
0.0411673
0.149848
0.132119
0.0866389
0.0709284
0.0350847
0.130253
0.0281181
0.0719852
0.091995
0.134654
0.0999545
0.0402934
0.102642
0.107586
0.141916
0.0897049
0.0783213
0.125414
0.134116
0.1183
0.146979
0.152784
0.117248
0.075047
0.06358
0.127027
0.0379015
0.0789123
0.120354
0.0736087
0.0282045
0.0782769
0.085723
0.120814
0.089866
0.084335
0.137922
0.116117
0.0846793
0.129811
0.137661
0.102997
0.152563
0.131578
0.0969476
0.050186
0.0892388
0.0300127
0.119221
0.0289908
0.14505
0.102173
0.0814156
0.15134
0.153193
0.0943984
0.10783
0.0665324
0.0833073
0.0978067
0.145119
0.152162
0.0818614
0.073106
0.103913
0.145084
0.13089
0.0516362
0.0666786
0.144961
0.0936852
0.11484
0.100672
0.0779792
0.1151
0.139987
0.120027
0.0680032
0.0601432
0.113756
0.13077
0.131225
0.103488
0.151222
0.127496
0.142789
0.100561
0.0970782
0.134235
0.152964
0.135415
0.152984
0.0996953
0.157678
0.0654949
0.141835
0.127708
0.0928407
0.0952999
0.097993
0.0310346
0.0230836
0.0599414
0.131929
0.143791
0.065681
0.129734
0.0647915
0.105673
0.141781
0.0907621
0.102429
0.117508
0.0956463
0.131725
0.10164
0.112342
0.107107
0.155286
0.0619755
0.102995
0.101252
0.149236
0.0966362
0.0672954
0.115447
0.0309111
0.0346256
0.145675
0.137023
0.133426
0.133328
0.140978
0.145229
0.148135
0.0863733
0.106682
0.140991
0.0272979
0.146663
0.102165
0.0663722
0.121778
0.104077
0.0891495
0.0797676
0.151145
0.0539547
0.0702927
0.108464
0.0798211
0.0971147
0.10379
0.126067
0.11643
0.141441
0.145092
0.0902924
0.0728434
0.0586534
0.151307
0.0754938
0.147892
0.107781
0.0860787
0.122189
0.0976776
0.13851
0.143787
0.142879
0.11117
0.0597216
0.150197
0.139533
0.131683
0.114415
0.0938505
0.0893908
0.0605239
0.115225
0.0761258
0.0956953
0.0887992
0.150361
0.150935
0.136197
0.143762
0.0186192
0.0663121
0.0850544
0.0520549
0.131224
0.0864631
0.0896021
0.148226
0.0918886
0.136637
0.0971184
0.133369
0.0261653
0.104699
0.091884
0.0853106
0.150965
0.112168
0.0410537
0.143622
0.0393291
0.0683185
0.0701423
0.0971323
0.0274528
0.133104
0.0934002
0.146299
0.0900131
0.0672029
0.145564
0.130352
0.131818
0.0710413
0.0914594
0.0964313
0.145267
0.0798299
0.126532
0.108011
0.0927595
0.0377397
0.124422
0.1524
0.154046
0.132358
0.0285789
0.0839141
0.142944
0.117263
0.132625
0.133826
0.146445
0.112723
0.130118
0.0450479
0.130327
0.093413
0.138948
0.074058
0.0977403
0.103715
0.119221
0.112351
0.12897
0.140532
0.0815999
0.131745
0.0969085
0.147099
0.0957961
0.0984903
0.0989328
0.150466
0.128661
0.17445
0.0380106
0.151947
0.152577
0.070493
0.0694033
0.0914491
0.143339
0.126258
0.133362
0.106947
0.0943897
0.119148
0.0629252
0.0234352
0.151257
0.0975341
0.095012
0.107152
0.121253
0.140182
0.0654044
0.0578204
0.036814
0.0212079
0.0608839
0.136176
0.0903672
0.11884
0.0966515
0.130651
0.142514
0.0639195
0.1333
0.0348481
0.0690798
0.154187
0.100509
0.0861356
0.0879464
0.133658
0.137346
0.104839
0.113839
0.118735
0.141263
0.0999043
0.0902885
0.152027
0.0792194
0.0685897
0.0939205
0.125823
0.10389
0.09347
0.140357
0.137612
0.127666
0.0566892
0.132322
0.106392
0.134543
0.152189
0.125371
0.148537
0.144096
0.0629218
0.124369
0.10994
0.0565014
0.132405
0.126836
0.0981381
0.0610173
0.151308
0.13944
0.136942
0.0735987
0.0184646
0.121821
0.0656752
0.143108
0.146118
0.153957
0.102589
0.127158
0.128732
0.153053
0.0682909
0.143133
0.0861526
0.143917
0.126536
0.141002
0.0921841
0.110678
0.122912
0.132147
0.114792
0.145768
0.110992
0.128038
0.139799
0.129071
0.143617
0.133486
0.134354
0.150578
0.154292
0.148842
0.126884
0.151508
0.104954
0.14508
0.0970085
0.103527
0.0595928
0.132176
0.105647
0.142311
0.149622
0.151571
0.11162
0.13732
0.150516
0.139307
0.0655173
0.126791
0.070309
0.0304312
0.152696
0.0290149
0.103033
0.0410913
0.140858
0.0885488
0.150626
0.125763
0.130435
0.0859633
0.0906623
0.120848
0.0956867
0.130795
0.138616
0.152108
0.0371307
0.131309
0.0448213
0.10019
0.0191421
0.10077
0.133515
0.0661292
0.0494728
0.149245
0.107723
0.112104
0.0884728
0.0361456
0.101476
0.133435
0.0827068
0.0737009
0.0940522
0.141327
0.143532
0.0729775
0.0668359
0.0305159
0.0893996
0.102513
0.136717
0.0998401
0.119985
0.130706
0.0677413
0.131959
0.125222
0.139038
0.128606
0.136142
0.131921
0.102686
0.114373
0.103245
0.110622
0.0918765
0.130021
0.0874994
0.172871
0.140698
0.0872609
0.155112
0.084228
0.14208
0.138077
0.0726142
0.104296
0.113014
0.133273
0.128252
0.0678746
0.103121
0.0408226
0.1036
0.13945
0.133871
0.115482
0.0686118
0.107801
0.13281
0.093287
0.124384
0.168082
0.136315
0.0854885
0.13785
0.140563
0.135618
0.100922
0.135181
0.133804
0.0518322
0.102805
0.0994478
0.0936223
0.130312
0.113235
0.136042
0.14067
0.139627
0.111717
0.132013
0.0653617
0.144712
0.13469
0.0783771
0.0985273
0.134132
0.0976845
0.083489
0.100782
0.132156
0.152745
0.132819
0.102345
0.135578
0.151775
0.0688219
0.12517
0.145938
0.0922147
0.132544
0.066463
0.127967
0.105245
0.153577
0.0863639
0.14934
0.142564
0.13618
0.0921132
0.149787
0.0314176
0.15185
0.112906
0.115213
0.142765
0.125388
0.0948351
0.0885872
0.130565
0.12193
0.112107
0.0828895
0.137508
0.132175
0.136765
0.114708
0.124644
0.132708
0.127104
0.156767
0.14471
0.091566
0.118407
0.135885
0.107591
0.11793
0.154372
0.0978966
0.128592
0.093533
0.128301
0.110793
0.145673
0.144798
0.041346
0.145294
0.111284
0.129134
0.111949
0.135832
0.0781948
0.136743
0.14421
0.0950515
0.129148
0.140622
0.118484
0.0719205
0.141522
0.13957
0.129333
0.139626
0.11344
0.115209
0.132683
0.141767
0.138002
0.143931
0.0645867
0.0738205
0.114213
0.138131
0.15042
0.135309
0.131589
0.146417
0.0980854
0.0935351
0.112766
0.11764
0.130299
0.0684061
0.143585
0.143162
0.099328
0.107737
0.132844
0.110445
0.121344
0.114078
0.142791
0.131321
0.109681
0.149478
0.15236
0.123617
0.108471
0.115883
0.144759
0.122701
0.120959
0.124636
0.122503
0.151815
0.11129
0.151764
0.149273
0.124939
0.141744
0.135406
0.078884
0.131589
0.135152
0.0974104
0.147473
0.0900528
0.144196
0.13019
0.137768
0.149978
0.0911821
0.127571
0.101244
0.0532133
0.180042
0.141772
0.145411
0.0797057
0.121316
0.152168
0.0678127
0.116998
0.119021
0.11953
0.103532
0.142833
0.154642
0.140089
0.113313
0.107811
0.147577
0.142549
0.112583
0.149737
0.12298
0.140442
0.122214
0.137907
0.0650049
0.135725
0.124514
0.151153
0.130055
0.1455
0.131639
0.137029
0.124972
0.138921
0.042103
0.109629
0.141975
0.134398
0.150858
0.116525
0.0969364
0.160121
0.116959
0.103301
0.14147
0.089688
0.132255
0.142079
0.121326
0.145932
0.145295
0.137891
0.110622
0.125699
0.12018
0.163285
0.135598
0.133099
0.131601
0.132647
0.0777008
0.146358
0.148923
0.116118
0.140134
0.143715
0.134473
0.123979
0.13617
0.0918432
0.139688
0.142677
0.104056
0.121147
0.133668
0.151713
0.0191986
0.10607
0.141681
0.141143
0.132788
0.130176
0.136242
0.115511
0.134107
0.0981681
0.132706
0.136916
0.131291
0.142409
0.133796
0.0825696
0.150702
0.139935
0.13306
0.138996
0.103688
0.142565
0.153134
0.0499752
0.150607
0.134259
0.128305
0.13724
0.140821
0.0903019
0.124716
0.116824
0.146526
0.145357
0.0980963
0.144246
0.124109
0.142934
0.131177
0.110298
0.153531
0.134611
0.137423
0.138465
0.141064
0.134558
0.122729
0.149268
0.126258
0.0678272
0.153096
0.140435
0.112517
0.133152
0.12223
0.1506
0.132956
0.13527
0.151147
0.145563
0.111509
0.123308
0.129862
0.129886
0.127048
0.125457
0.11802
0.144906
0.133196
0.153304
0.142976
0.117297
0.142877
0.138739
0.126959
0.149389
0.130469
0.131907
0.120686
0.132872
0.125583
0.136074
0.134696
0.112192
0.152289
0.151287
0.128422
0.147639
0.116593
0.131597
0.132947
0.139162
0.153358
0.122517
0.137983
0.132786
0.130575
0.0542784
0.135224
0.140408
0.163033
0.131003
0.138106
0.100764
0.111692
0.0884705
0.140927
0.133634
0.134759
0.111832
0.130369
0.129654
0.099282
0.134923
0.146327
0.130205
0.133238
0.130016
0.120368
0.151484
0.116629
0.12602
0.132504
0.147306
0.144474
0.0891053
0.121837
0.116018
0.125226
0.0383357
0.128185
0.150085
0.0955816
0.139804
0.131672
0.147024
0.152661
0.133461
0.116761
0.153504
0.130755
0.150325
0.146089
0.133515
0.0936741
0.111079
0.16116
0.129162
0.143598
0.132377
0.131808
0.136454
0.137306
0.12994
0.110438
0.0388868
0.151412
0.143988
0.135046
0.0552868
0.13964
0.137144
0.136285
0.141797
0.137603
0.0923121
0.124182
0.132151
0.110667
0.130289
0.145183
0.13085
0.127229
0.140588
0.147717
0.130858
0.131992
0.153816
0.153068
0.143909
0.152986
0.134817
0.146356
0.13191
0.142754
0.0364113
0.131424
0.131843
0.0848044
0.130889
0.0891021
0.0669344
0.0184712
0.0864919
0.11382
0.134555
0.129736
0.139996
0.127945
0.128505
0.136496
0.110645
0.1102
0.0912846
0.145867
0.142113
0.129016
0.120402
0.130938
0.107755
0.137496
0.0702567
0.0924639
0.13096
0.137964
0.137934
0.129124
0.131673
0.111146
0.13199
0.139633
0.0709906
0.128971
0.132552
0.146412
0.0868437
0.0420298
0.128824
0.124963
0.0524869
0.143017
0.10965
0.14277
0.129926
0.117513
0.131066
0.119857
0.11443
0.0869494
0.136347
0.104965
0.14122
0.10662
0.139041
0.127255
0.0189152
0.107546
0.131462
0.129116
0.141926
0.0918162
0.132936
0.13921
0.148693
0.111503
0.126683
0.137008
0.106813
0.0930831
0.131488
0.14621
0.131491
0.132324
0.135607
0.156087
0.143841
0.153474
0.14294
0.124635
0.152142
0.119051
0.0879806
0.0948627
0.125231
0.139934
0.140104
0.143567
0.118565
0.113316
0.138468
0.150304
0.146914
0.105245
0.153652
0.138784
0.137917
0.0291593
0.106826
0.145899
0.142967
0.146425
0.149574
0.125467
0.0935043
0.139163
0.143566
0.0948074
0.132931
0.138863
0.126129
0.128642
0.0976304
0.114379
0.070976
0.132204
0.132896
0.141596
0.0419778
0.124469
0.130452
0.097098
0.150994
0.15131
0.141046
0.141748
0.102646
0.146438
0.151796
0.141054
0.126332
0.144482
0.114895
0.130164
0.129781
0.144848
0.137249
0.137755
0.0696386
0.151409
0.123619
0.134481
0.147509
0.134389
0.144014
0.146974
0.14124
0.101826
0.142753
0.0750837
0.145837
0.134376
0.153634
0.151834
0.10362
0.115707
0.153277
0.131605
0.126391
0.125768
0.139269
0.141353
0.113129
0.144862
0.113769
0.0655079
0.133892
0.135549
0.135185
0.139704
0.117499
0.129417
0.129413
0.14582
0.13574
0.10803
0.13191
0.139218
0.0960051
0.0910449
0.141751
0.0926056
0.151136
0.139083
0.152793
0.138109
0.104843
0.142705
0.0913374
0.144631
0.127576
0.0407143
0.101952
0.149521
0.0625409
0.0882007
0.135358
0.139568
0.105229
0.0870141
0.131038
0.150092
0.147523
0.142641
0.0505022
0.133222
0.0201655
0.150844
0.0973201
0.115738
0.113276
0.142922
0.132238
0.132653
0.0767564
0.0857068
0.150218
0.147752
0.142842
0.151713
0.0439045
0.137356
0.150042
0.145887
0.167387
0.126262
0.128877
0.13331
0.123287
0.0575966
0.140173
0.1559
0.138034
0.143425
0.148675
0.143972
0.0872937
0.130756
0.133881
0.131416
0.173471
0.142674
0.134807
0.151139
0.148938
0.135443
0.132686
0.111499
0.167733
0.151641
0.148325
0.123217
0.148137
0.135962
0.139242
0.135737
0.13712
0.13366
0.117955
0.145824
0.0695862
0.111157
0.138538
0.172529
0.103636
0.136636
0.119794
0.129251
0.13079
0.143835
0.0720799
0.146144
0.122236
0.151282
0.0766894
0.129467
0.150491
0.140887
0.135691
0.135017
0.138556
0.144575
0.133483
0.13818
0.148567
0.139767
0.150613
0.118196
0.0993551
0.135878
0.143901
0.108969
0.0393347
0.14969
0.0939281
0.153374
0.139429
0.140782
0.137692
0.104023
0.123609
0.141615
0.142512
0.133644
0.142885
0.121416
0.132499
0.14181
0.150653
0.112595
0.134108
0.124595
0.0691688
0.11953
0.146553
0.141101
0.131141
0.14606
0.0971706
0.129871
0.137065
0.147006
0.151063
0.0526195
0.134947
0.112528
0.14913
0.142014
0.140575
0.136738
0.0905984
0.133261
0.140141
0.139628
0.13084
0.139437
0.143259
0.148641
0.142369
0.132166
0.140912
0.138863
0.150656
0.142196
0.14949
0.121826
0.112795
0.111597
0.139925
0.135198
0.129229
0.14026
0.146333
0.168933
0.146803
0.149288
0.142638
0.131796
0.0422979
0.0979307
0.140264
0.142911
0.09321
0.14787
0.151021
0.141508
0.133596
0.143366
0.150498
0.146594
0.140138
0.125771
0.113506
0.161979
0.141646
0.14774
0.149193
0.139318
0.13407
0.142362
0.147845
0.149946
0.132051
0.151175
0.153679
0.149655
0.125039
0.142221
0.143783
0.126052
0.145619
0.138341
0.0653505
0.136993
0.115259
0.151196
0.149438
0.136768
0.150682
0.14233
0.13181
0.139882
0.117457
0.141366
0.114362
0.129209
0.142614
0.133629
0.085061
0.117484
0.144677
0.150496
0.127722
0.10843
0.123146
0.142504
0.13589
0.154002
0.14355
0.148958
0.0478696
0.169207
0.128998
0.144737
0.148568
0.153604
0.145434
0.149282
0.123902
0.159278
0.209297
0.0283609
0.143226
0.146121
0.155387
0.139482
0.145239
0.155106
0.150341
0.0801971
0.108056
0.133032
0.13274
0.150926
0.153855
0.144669
0.144221
0.133525
0.15106
0.110459
0.13208
0.152609
0.14617
0.140609
0.144228
0.142213
0.144763
0.147685
0.124473
0.142411
0.150152
0.0502288
0.147286
0.135272
0.138681
0.13658
0.0889993
0.140023
0.128385
0.100862
0.119996
0.130108
0.108464
0.151483
0.152124
0.136244
0.133292
0.15631
0.120509
0.151493
0.144345
0.14327
0.15113
0.140847
0.152648
0.148622
0.123907
0.139094
0.171893
0.151962
0.146212
0.0384734
0.141894
0.125891
0.162736
0.114447
0.139125
0.147526
0.125876
0.145375
0.133256
0.140036
0.149547
0.125396
0.110399
0.154068
0.138275
0.140499
0.0525215
0.133375
0.119305
0.133819
0.043291
0.112126
0.143063
0.137781
0.145735
0.130125
0.149499
0.152932
0.130354
0.154317
0.124538
0.13476
0.143324
0.135459
0.104245
0.14811
0.142398
0.13707
0.150886
0.124395
0.148818
0.13613
0.124983
0.141788
0.118442
0.144112
0.127707
0.14786
0.132893
0.148956
0.140535
0.136623
0.145803
0.142859
0.141366
0.100767
0.147838
0.0987009
0.149847
0.153143
0.130276
0.132513
0.145001
0.144141
0.14123
0.130487
0.142477
0.138224
0.115891
0.134937
0.123972
0.150267
0.149332
0.138006
0.11866
0.133716
0.142411
0.128799
0.136228
0.153434
0.0511084
0.136533
0.151564
0.172811
0.148915
0.13089
0.145317
0.13478
0.147936
0.148429
0.140659
0.150795
0.135228
0.135077
0.149657
0.10094
0.138439
0.147769
0.143279
0.151217
0.117387
0.124173
0.147693
0.115657
0.157558
0.140792
0.112676
0.17426
0.136116
0.136896
0.152224
0.136963
0.147603
0.120495
0.158092
0.136477
0.147515
0.150031
0.105504
0.153916
0.14389
0.138161
0.135523
0.144072
0.141053
0.141221
0.154323
0.144198
0.135401
0.130361
0.133728
0.148581
0.149286
0.148168
0.149489
0.151309
0.129147
0.106229
0.148472
0.133189
0.14301
0.146819
0.147687
0.142249
0.14598
0.131276
0.144858
0.137817
0.143042
0.139018
0.13276
0.146984
0.139803
0.151679
0.142667
0.150536
0.146466
0.0978343
0.119023
0.121233
0.113946
0.127538
0.132321
0.133499
0.14802
0.141401
0.129557
0.161834
0.153252
0.150513
0.133415
0.167918
0.148664
0.148776
0.139638
0.143045
0.147153
0.150992
0.112757
0.1533
0.158486
0.149768
0.148768
0.145574
0.147517
0.126025
0.132973
0.151423
0.132638
0.105167
0.150919
0.138797
0.144528
0.149549
0.146115
0.132394
0.119312
0.147806
0.149552
0.132337
0.150735
0.147612
0.147019
0.144306
0.139754
0.136166
0.147746
0.150214
0.149818
0.134385
0.149704
0.155627
0.151381
0.146316
0.149833
0.142745
0.145773
0.143658
0.141462
0.13515
0.149825
0.150259
0.151946
0.13419
0.14973
0.148324
0.109114
0.151245
0.150993
0.143243
0.151822
0.147853
0.148808
0.149792
0.150485
0.152243
0.150972
0.151259
0.136191
0.15431
0.143806
0.0320178
0.148694
0.131535
0.139883
0.119826
0.121483
0.154003
0.149193
0.150506
0.140513
0.0952446
0.135397
0.164433
0.143011
0.142511
0.145353
0.132283
0.153433
0.139906
0.14462
0.143548
0.146927
0.149046
0.115376
0.0494462
0.15062
0.141432
0.127075
0.148755
0.146748
0.15312
0.112202
0.149006
0.129716
0.138844
0.140381
0.147289
0.15782
0.143968
0.12855
0.1504
0.151355
0.148936
0.153115
0.149965
0.147372
0.0826795
0.15215
0.148351
0.149571
0.128977
0.149704
0.142927
0.131972
0.118972
0.0976563
0.152574
0.150821
0.137915
0.108982
0.144164
0.147797
0.149129
0.140104
0.15354
0.151293
0.0675971
0.14197
0.152725
0.137212
0.150963
0.11045
0.129005
0.146343
0.147081
0.129587
0.156523
0.128601
0.139888
0.146826
0.105269
0.155392
0.146494
0.151845
0.0565613
0.146883
0.109316
0.123804
0.138754
0.13942
0.136502
0.151329
0.025357
0.149208
0.132348
0.155262
0.15145
0.11094
0.124774
0.129159
0.153142
0.157266
0.132369
0.148734
0.146458
0.152843
0.141448
0.143506
0.138652
0.1202
0.149797
0.149239
0.148781
0.15065
0.150854
0.139083
0.150185
0.139981
0.142839
0.142563
0.150153
0.122831
0.150957
0.149947
0.150169
0.150909
0.12022
0.149973
0.141156
0.131504
0.150154
0.14146
0.134617
0.193097
0.149247
0.153367
0.0754539
0.14165
0.154227
0.135548
0.152303
0.151717
0.130504
0.145192
0.154136
0.14905
0.130678
0.133904
0.148002
0.150354
0.141718
0.151329
0.155833
0.098471
0.133051
0.151899
0.151742
0.150231
0.150414
0.13138
0.120641
0.150367
0.151078
0.147636
0.0713274
0.14868
0.15084
0.141776
0.14347
0.140974
0.146954
0.151953
0.182778
0.150608
0.14753
0.142912
0.110988
0.153099
0.149368
0.159223
0.0614766
0.111918
0.13021
0.144584
0.169391
0.118396
0.149989
0.15335
0.146647
0.152672
0.149227
0.149853
0.15071
0.143294
0.150065
0.149037
0.155345
0.100183
0.108671
0.152184
0.117909
0.126523
0.145249
0.149571
0.151129
0.110292
0.15345
0.151207
0.132181
0.151864
0.13104
0.153831
0.153767
0.160673
0.143351
0.142264
0.15235
0.11287
0.136824
0.141467
0.130206
0.152612
0.152579
0.148621
0.148995
0.132409
0.146714
0.142563
0.151927
0.145083
0.165092
0.0912205
0.0991186
0.152331
0.0655266
0.144632
0.137668
0.151812
0.152862
0.149847
0.148384
0.153252
0.153262
0.131102
0.126394
0.134256
0.130386
0.106429
0.152993
0.148416
0.151604
0.15353
0.144121
0.149134
0.139546
0.153025
0.140674
0.149224
0.145699
0.13829
0.133093
0.150182
0.142765
0.150129
0.152975
0.153278
0.156664
0.153135
0.138991
0.152485
0.147154
0.140123
0.137538
0.145969
0.0962129
0.153748
0.110381
0.124798
0.150509
0.0427172
0.135014
0.153478
0.148401
0.15394
0.12586
0.151595
0.150196
0.133819
0.138585
0.153313
0.164532
0.15187
0.126874
0.152729
0.133891
0.129635
0.137047
0.121883
0.150204
0.129354
0.133949
0.076621
0.151113
0.143769
0.050686
0.148063
0.153692
0.145177
0.145249
0.154652
0.152009
0.141984
0.112693
0.139947
0.133072
0.152366
0.0731975
0.151902
0.135845
0.151001
0.145148
0.148337
0.146019
0.156288
0.0691045
0.145963
0.153672
0.164018
0.145907
0.151833
0.140894
0.141454
0.152082
0.155712
0.149677
0.122433
0.140593
0.143947
0.149782
0.133751
0.145372
0.149039
0.149885
0.12413
0.0381618
0.146701
0.148494
0.137146
0.134302
0.139007
0.144457
0.118515
0.153627
0.139765
0.154187
0.151333
0.152667
0.150932
0.149942
0.151889
0.15017
0.143556
0.145779
0.166914
0.149773
0.135567
0.1485
0.153339
0.15115
0.147324
0.153454
0.151249
0.150616
0.15375
0.152887
0.149981
0.149375
0.150929
0.152012
0.158677
0.132026
0.152734
0.150908
0.149483
0.151073
0.143474
0.133999
0.148726
0.160551
0.149702
0.133192
0.166159
0.140251
0.149702
0.152183
0.148438
0.149519
0.137831
0.15193
0.15221
0.146557
0.145544
0.150757
0.153491
0.135188
0.1422
0.135289
0.153518
0.153615
0.133942
0.147357
0.144463
0.154061
0.150764
0.152802
0.135736
0.137486
0.144355
0.146702
0.132752
0.151996
0.146686
0.149855
0.143447
0.138092
0.16925
0.150571
0.137568
0.152575
0.150183
0.15014
0.1454
0.139663
0.143906
0.14428
0.140054
0.146197
0.139631
0.143882
0.148161
0.141244
0.146831
0.15147
0.156123
0.147622
0.138619
0.146822
0.144137
0.153343
0.144925
0.153187
0.143028
0.12024
0.138472
0.145702
0.128695
0.0530261
0.131911
0.14797
0.148398
0.152963
0.159721
0.165901
0.13865
0.166934
0.146543
0.139885
0.152337
0.111048
0.134139
0.148891
0.139956
0.180664
0.145438
0.136682
0.150487
0.153635
0.145416
0.153581
0.142021
0.137857
0.143901
0.148386
0.152955
0.128513
0.138753
0.14672
0.175827
0.150025
0.146712
0.151647
0.144661
0.144612
0.143279
0.150221
0.148109
0.149631
0.146278
0.150487
0.0707374
0.134991
0.151319
0.152589
0.152365
0.153342
0.160423
0.13345
0.142382
0.15511
0.138406
0.14977
0.146369
0.17645
0.146831
0.0931943
0.100921
0.162458
0.153338
0.148475
0.151444
0.136216
0.142517
0.153454
0.104838
0.154505
0.154713
0.159223
0.19759
0.179222
0.144671
0.140863
0.144224
0.150756
0.144366
0.140504
0.0894056
0.15393
0.14822
0.153241
0.145201
0.0305579
0.147848
0.138625
0.158451
0.140294
0.154327
0.152894
0.151584
0.148429
0.149277
0.14617
0.153534
0.153376
0.153242
0.14603
0.143788
0.153619
0.15396
0.152524
0.153474
0.154183
0.153278
0.153809
0.154166
0.153412
0.174319
0.170671
0.153563
0.150356
0.154782
0.146087
0.154312
0.154332
0.154308
0.157239
0.139212
0.15394
0.154289
0.153881
0.153638
0.149886
0.145035
0.149312
0.174275
0.151622
0.133556
0.159409
0.146741
0.15454
0.136319
0.154317
0.144598
0.150154
0.170046
0.149284
0.157086
0.158142
0.143609
0.149174
0.154337
0.151124
0.143668
0.154341
0.153048
0.147508
0.137267
0.158403
0.168918
0.15387
0.167383
0.147548
0.146961
0.147779
0.144702
0.139486
0.162701
0.147802
0.142435
0.145212
0.162163
0.147325
0.149647
0.143728
0.148274
0.153193
0.150105
0.147806
0.148431
0.152947
0.141996
0.148583
0.136211
0.143146
0.149486
0.15243
0.180546
0.148766
0.148249
0.137219
0.144408
0.147025
0.129739
0.0820222
0.153102
0.15236
0.14328
0.136157
0.133337
0.152715
0.133779
0.147943
0.152181
0.15468
0.156417
0.141466
0.140043
0.153275
0.148779
0.153771
0.172746
0.143518
0.164274
0.150256
0.153624
0.103941
0.150965
0.153757
0.166409
0.143268
0.146753
0.151719
0.155016
0.0537782
0.144929
0.152312
0.146906
0.0927525
0.153196
0.0877141
0.136879
0.102316
0.0392306
0.151993
0.157298
0.147285
0.15107
0.133556
0.151147
0.152977
0.142534
0.148655
0.135772
0.13993
0.136391
0.152866
0.15075
0.155194
0.152009
0.151963
0.156741
0.15123
0.140694
0.139362
0.143618
0.139404
0.148017
0.172017
0.110584
0.153233
0.144344
0.135672
0.129451
0.151287
0.153553
0.139152
0.0285438
0.152902
0.148306
0.152259
0.137581
0.119577
0.182118
0.153824
0.146871
0.137294
0.146626
0.153596
0.15288
0.152087
0.0404898
0.151837
0.153003
0.158568
0.138792
0.148122
0.13611
0.146237
0.15679
0.129579
0.148398
0.144854
0.151487
0.147019
0.150523
0.11119
0.12561
0.162034
0.151711
0.146929
0.139717
0.136453
0.145412
0.121081
0.121216
0.141613
0.153719
0.133503
0.153495
0.150798
0.128181
0.14976
0.150075
0.156157
0.149002
0.117135
0.0672366
0.137515
0.155738
0.152377
0.150992
0.140696
0.141202
0.15142
0.143085
0.152538
0.129677
0.0446873
0.15464
0.15143
0.14549
0.135983
0.150497
0.150274
0.15372
0.10965
0.149523
0.129389
0.132526
0.146166
0.144469
0.150326
0.153757
0.133758
0.133708
0.152966
0.0285662
0.143519
0.134268
0.15901
0.149328
0.132283
0.14633
0.153723
0.149407
0.135786
0.153676
0.134309
0.146945
0.154227
0.153283
0.131879
0.151582
0.0944327
0.153628
0.127222
0.153452
0.148976
0.123428
0.153404
0.165379
0.15309
0.135526
0.125665
0.147773
0.177373
0.140039
0.134844
0.153196
0.134985
0.124409
0.134698
0.126185
0.14596
0.141853
0.167779
0.149499
0.145048
0.138836
0.129778
0.152322
0.149791
0.12575
0.154755
0.106088
0.143864
0.153698
0.143253
0.136851
0.133046
0.148109
0.147092
0.153804
0.149329
0.138269
0.153367
0.149884
0.141627
0.150133
0.133743
0.153421
0.130694
0.144394
0.148666
0.148061
0.121042
0.157309
0.144808
0.131479
0.125745
0.131995
0.153528
0.153558
0.146736
0.153107
0.135474
0.15326
0.0281866
0.147928
0.14489
0.145047
0.101825
0.146335
0.145928
0.135237
0.0698914
0.108176
0.15074
0.151486
0.125195
0.127886
0.150571
0.154125
0.156943
0.138174
0.153792
0.150242
0.152831
0.152522
0.151873
0.153772
0.150835
0.153123
0.138626
0.135755
0.153123
0.145838
0.176994
0.145756
0.153187
0.110851
0.106187
0.148663
0.132366
0.154691
0.146212
0.147053
0.14785
0.131524
0.116665
0.151764
0.152653
0.0967407
0.147382
0.155002
0.146141
0.137526
0.152601
0.146939
0.129178
0.152802
0.15288
0.153153
0.126322
0.149788
0.126647
0.126048
0.146596
0.151722
0.146549
0.156641
0.147912
0.130367
0.127566
0.146825
0.148723
0.153332
0.150361
0.146659
0.153491
0.132043
0.116055
0.1517
0.152745
0.0734963
0.118253
0.145868
0.152994
0.164705
0.126692
0.141693
0.143482
0.153433
0.133414
0.150154
0.150687
0.153744
0.138711
0.0500921
0.135961
0.144209
0.1416
0.139701
0.14492
0.142954
0.151751
0.153259
0.141129
0.151505
0.14287
0.151744
0.149914
0.150058
0.133164
0.0737158
0.147406
0.151924
0.152396
0.148244
0.149685
0.160824
0.150808
0.111678
0.155891
0.130082
0.133811
0.149915
0.148658
0.159061
0.13073
0.176619
0.153685
0.135709
0.153033
0.143963
0.0349408
0.149933
0.142799
0.0822965
0.151758
0.156979
0.145715
0.150749
0.144458
0.149246
0.138451
0.156958
0.107099
0.149985
0.149157
0.151082
0.149188
0.13552
0.151924
0.158466
0.154494
0.151484
0.139196
0.146078
0.105452
0.146762
0.152576
0.153331
0.140689
0.143466
0.127892
0.102018
0.130106
0.151536
0.149144
0.150128
0.135723
0.152233
0.153128
0.131202
0.116447
0.15323
0.152214
0.127322
0.149753
0.15411
0.150934
0.152368
0.14158
0.144417
0.138676
0.0649667
0.104079
0.153075
0.17072
0.153228
0.151355
0.141679
0.159461
0.146602
0.150822
0.15062
0.148369
0.14832
0.151728
0.144037
0.151111
0.153321
0.146333
0.152739
0.146339
0.15121
0.152724
0.129976
0.150165
0.127491
0.158796
0.157496
0.151056
0.0454912
0.137494
0.150018
0.0982202
0.152092
0.139519
0.105499
0.151873
0.147174
0.139673
0.152861
0.149018
0.161497
0.151592
0.150491
0.143991
0.157022
0.151503
0.0714294
0.149175
0.132703
0.129327
0.151423
0.147818
0.138628
0.158015
0.151156
0.0710776
0.155169
0.153262
0.147053
0.150719
0.15089
0.154511
0.133011
0.146387
0.147147
0.151388
0.146657
0.150385
0.126641
0.148748
0.153927
0.112055
0.149806
0.150729
0.152589
0.150577
0.152735
0.0915031
0.150848
0.150595
0.150934
0.148992
0.0726779
0.155664
0.127387
0.152482
0.149146
0.129017
0.152844
0.150583
0.153434
0.114065
0.153342
0.146142
0.138043
0.151443
0.152941
0.150265
0.153144
0.136255
0.116254
0.153235
0.149859
0.108502
0.140361
0.1525
0.151958
0.125827
0.15322
0.142679
0.150235
0.145088
0.150542
0.150714
0.147803
0.144376
0.15005
0.121539
0.0448615
0.133445
0.151642
0.167216
0.132672
0.135062
0.148437
0.143719
0.152604
0.0962435
0.151052
0.149928
0.127596
0.11289
0.148824
0.153078
0.139539
0.141426
0.152115
0.151693
0.15875
0.150437
0.131749
0.13089
0.103975
0.15032
0.147609
0.111407
0.107146
0.131074
0.152042
0.0684266
0.145528
0.152178
0.146149
0.096574
0.116317
0.132982
0.152274
0.150299
0.141345
0.149864
0.150522
0.135839
0.0679841
0.139634
0.146501
0.124926
0.152196
0.144962
0.128155
0.148335
0.147852
0.133717
0.16054
0.151871
0.147778
0.137958
0.136408
0.144789
0.146555
0.152032
0.135835
0.153338
0.143275
0.128281
0.151362
0.0965745
0.147889
0.125456
0.151924
0.151934
0.154217
0.138103
0.151239
0.133993
0.149692
0.150147
0.147849
0.154822
0.152965
0.144548
0.131359
0.107704
0.144489
0.146422
0.147988
0.136861
0.152741
0.153068
0.136585
0.13195
0.141892
0.124287
0.133107
0.147929
0.130023
0.128938
0.151548
0.133257
0.0940887
0.150327
0.101242
0.151341
0.150983
0.143783
0.152516
0.149944
0.150142
0.147888
0.172064
0.149784
0.150421
0.132262
0.145835
0.150494
0.149264
0.152351
0.150366
0.14602
0.150976
0.148889
0.14994
0.101909
0.159879
0.1649
0.0344002
0.131425
0.150421
0.141283
0.133881
0.151063
0.0969817
0.139697
0.153121
0.143557
0.137027
0.116023
0.14956
0.149236
0.148614
0.1465
0.147067
0.124272
0.146894
0.127111
0.125615
0.151427
0.138673
0.149314
0.152953
0.149094
0.10572
0.141371
0.14804
0.122568
0.148908
0.148447
0.146694
0.148919
0.149314
0.146565
0.148198
0.153007
0.139219
0.146015
0.146622
0.10705
0.0873105
0.152716
0.14726
0.121319
0.128308
0.152918
0.179919
0.138345
0.147302
0.149928
0.148018
0.0933521
0.105154
0.149151
0.14478
0.128647
0.0190901
0.14179
0.150691
0.149384
0.146459
0.136324
0.161992
0.150055
0.124399
0.152526
0.0950303
0.148109
0.134923
0.140935
0.147413
0.149125
0.142928
0.137346
0.145378
0.148692
0.149113
0.148235
0.149437
0.149706
0.149028
0.0209848
0.123993
0.124308
0.124467
0.146686
0.144139
0.148073
0.133078
0.123976
0.147462
0.143282
0.14757
0.149078
0.143814
0.147101
0.127011
0.146342
0.124183
0.147808
0.132292
0.152206
0.136079
0.115323
0.11887
0.140086
0.11438
0.138053
0.143056
0.13647
0.145292
0.134024
0.133802
0.147769
0.148588
0.142925
0.136902
0.12405
0.142562
0.150726
0.0700883
0.150748
0.110591
0.152338
0.111555
0.149855
0.149786
0.156099
0.147091
0.150327
0.0976036
0.149601
0.142986
0.154337
0.143555
0.140099
0.148265
0.148645
0.134992
0.150212
0.14541
0.127232
0.12896
0.14896
0.14665
0.138674
0.125356
0.135801
0.150169
0.141523
0.147951
0.150007
0.144641
0.106151
0.0861481
0.14693
0.148213
0.150074
0.145727
0.137275
0.0730463
0.104255
0.137724
0.13685
0.144794
0.147506
0.146801
0.144815
0.14957
0.146844
0.148612
0.105988
0.152041
0.14401
0.146241
0.1513
0.165076
0.149574
0.147336
0.144679
0.117577
0.13789
0.147359
0.152383
0.121698
0.138696
0.143522
0.135473
0.137953
0.119784
0.145993
0.14601
0.142089
0.148202
0.146284
0.152183
0.149926
0.143117
0.144815
0.140917
0.150188
0.151907
0.136391
0.1196
0.147923
0.145757
0.134121
0.142292
0.149341
0.143885
0.156731
0.137634
0.086593
0.118039
0.138207
0.143525
0.130335
0.143983
0.151952
0.139209
0.072161
0.1334
0.145129
0.152323
0.146953
0.137095
0.149399
0.143355
0.116501
0.17213
0.144513
0.149042
0.145241
0.14956
0.137187
0.150204
0.152705
0.153471
0.149356
0.150747
0.115512
0.13308
0.110986
0.137712
0.145529
0.151802
0.14524
0.133775
0.147815
0.147984
0.0710632
0.133529
0.146371
0.146841
0.0768925
0.142305
0.145737
0.149993
0.107923
0.137312
0.152596
0.126867
0.0660437
0.122821
0.155476
0.147522
0.0810256
0.144652
0.149917
0.123014
0.116542
0.138542
0.136529
0.152694
0.139665
0.150132
0.140218
0.143746
0.150389
0.150629
0.143466
0.136282
0.149543
0.13236
0.146421
0.144256
0.144838
0.132823
0.135807
0.143197
0.143977
0.133557
0.152301
0.151725
0.136639
0.150515
0.0294806
0.150856
0.151454
0.148835
0.14995
0.141511
0.148248
0.105031
0.142863
0.139717
0.132166
0.150021
0.149099
0.147004
0.148829
0.15158
0.151788
0.158175
0.144071
0.15032
0.143704
0.138191
0.150235
0.140088
0.151554
0.148442
0.163362
0.11124
0.148548
0.158127
0.149993
0.110161
0.136176
0.131509
0.146532
0.139142
0.143099
0.136951
0.136222
0.142216
0.138465
0.141406
0.147514
0.151679
0.140508
0.134209
0.114628
0.152273
0.148894
0.127685
0.130013
0.135046
0.152539
0.125106
0.138525
0.140834
0.145741
0.145987
0.150676
0.152047
0.1426
0.150254
0.152033
0.152404
0.113569
0.140255
0.150206
0.0574383
0.142628
0.145244
0.142329
0.100546
0.136181
0.15224
0.107981
0.13979
0.149457
0.137236
0.144865
0.019071
0.151029
0.0951967
0.149841
0.130133
0.150498
0.143557
0.13386
0.0276481
0.152293
0.144819
0.15074
0.152283
0.144305
0.149612
0.133164
0.128427
0.0879884
0.148637
0.144347
0.13847
0.14173
0.14032
0.141092
0.172562
0.148072
0.148366
0.136544
0.130329
0.15103
0.143785
0.147876
0.131188
0.100334
0.133948
0.152027
0.0741541
0.150207
0.152025
0.138274
0.137389
0.091353
0.149044
0.146602
0.15035
0.150079
0.140572
0.14637
0.150382
0.108216
0.14725
0.137229
0.150625
0.109766
0.128081
0.150771
0.119136
0.139527
0.147372
0.14011
0.149393
0.150704
0.144599
0.142643
0.122993
0.138135
0.151656
0.10535
0.133487
0.137344
0.147166
0.143534
0.139852
0.10912
0.0350432
0.123241
0.136795
0.137211
0.149886
0.141937
0.0909811
0.131435
0.134813
0.133726
0.152087
0.137407
0.146028
0.0951816
0.145908
0.123807
0.143416
0.139367
0.149178
0.148125
0.109942
0.133773
0.148644
0.0378794
0.131324
0.148063
0.0730096
0.129834
0.136626
0.131985
0.152541
0.148256
0.148266
0.142828
0.145277
0.152397
0.126626
0.126502
0.149857
0.124898
0.145425
0.140072
0.13142
0.123781
0.137142
0.141358
0.14145
0.13066
0.143978
0.134841
0.149278
0.152209
0.128512
0.138982
0.15727
0.126672
0.085568
0.135179
0.14719
0.148254
0.13691
0.138427
0.143489
0.147766
0.154893
0.133607
0.142931
0.149269
0.13476
0.148193
0.136389
0.141019
0.176281
0.131361
0.125536
0.092918
0.139167
0.106752
0.139437
0.164477
0.133604
0.146845
0.127144
0.142091
0.12329
0.135661
0.136787
0.141051
0.140358
0.127758
0.138697
0.116095
0.139386
0.0882232
0.141016
0.13376
0.136572
0.150165
0.139755
0.0739458
0.152084
0.128474
0.111994
0.13314
0.141563
0.136614
0.136473
0.133871
0.143201
0.140248
0.153042
0.147483
0.147833
0.133963
0.149783
0.138814
0.121298
0.143612
0.140256
0.125834
0.147071
0.0900683
0.149738
0.132143
0.12463
0.137975
0.165749
0.151904
0.107242
0.144808
0.183515
0.133257
0.112127
0.144343
0.113949
0.119653
0.13583
0.150519
0.126121
0.146193
0.15154
0.146335
0.133902
0.127673
0.146734
0.0949355
0.134451
0.141844
0.160207
0.150854
0.143672
0.100044
0.146931
0.143802
0.129483
0.138509
0.131161
0.0950924
0.030056
0.117819
0.0983635
0.155605
0.106018
0.15228
0.0684006
0.141699
0.0926731
0.139287
0.0184595
0.136263
0.0763027
0.0937348
0.128058
0.145098
0.137199
0.131758
0.14255
0.132486
0.141955
0.106728
0.106124
0.11037
0.141647
0.111282
0.0908741
0.148619
0.14204
0.142852
0.134444
0.123711
0.151146
0.137636
0.139318
0.105456
0.0459787
0.133248
0.131192
0.135714
0.140027
0.0928501
0.14301
0.145546
0.14217
0.13946
0.140414
0.124905
0.134421
0.0356842
0.143487
0.147287
0.134016
0.125262
0.119875
0.158707
0.14425
0.121984
0.131542
0.0526932
0.138584
0.146369
0.127108
0.122991
0.139182
0.145175
0.139884
0.14003
0.133438
0.142332
0.147093
0.134978
0.149648
0.140534
0.139808
0.150228
0.132383
0.132558
0.127412
0.135381
0.0958708
0.143783
0.136995
0.144109
0.134507
0.137775
0.0911272
0.14774
0.133237
0.151183
0.115776
0.153026
0.13647
0.137265
0.148343
0.148973
0.14871
0.134053
0.151575
0.126769
0.1373
0.149612
0.138981
0.140777
0.133667
0.135515
0.151373
0.142353
0.1311
0.141308
0.129388
0.130467
0.0829843
0.141165
0.135422
0.123541
0.139277
0.125292
0.142869
0.115353
0.122618
0.129728
0.133449
0.131587
0.140902
0.150148
0.134414
0.12673
0.0602915
0.0949858
0.134805
0.143332
0.132512
0.111008
0.141661
0.140053
0.13267
0.138413
0.133851
0.142551
0.144688
0.128002
0.127571
0.0883079
0.129288
0.0285594
0.109371
0.142844
0.141489
0.0660533
0.144722
0.149841
0.0905309
0.140351
0.114543
0.142358
0.147107
0.13838
0.142548
0.120444
0.152142
0.162458
0.127927
0.143721
0.149841
0.0806533
0.124817
0.139356
0.130415
0.133537
0.114727
0.143414
0.125516
0.0747837
0.141905
0.0911548
0.181622
0.12836
0.148812
0.142993
0.1402
0.175499
0.148645
0.14185
0.140833
0.103638
0.153125
0.146437
0.166911
0.145808
0.143939
0.115794
0.139441
0.149697
0.146048
0.152333
0.124868
0.142173
0.143154
0.135406
0.0982577
0.110807
0.149604
0.0969891
0.128007
0.119749
0.153096
0.166372
0.131014
0.124162
0.143336
0.144982
0.146637
0.130008
0.134075
0.141442
0.127302
0.145421
0.115825
0.14739
0.153172
0.0950481
0.14713
0.123979
0.135174
0.140841
0.152335
0.121976
0.154304
0.144597
0.0783693
0.143728
0.06505
0.141489
0.0807773
0.144818
0.13338
0.10434
0.127069
0.155029
0.138533
0.144088
0.136266
0.0700488
0.111865
0.114812
0.137768
0.144561
0.139089
0.116148
0.0280016
0.116449
0.139022
0.103949
0.0971592
0.111459
0.142544
0.144602
0.132875
0.140277
0.135207
0.133188
0.116912
0.132099
0.138937
0.152302
0.121204
0.116375
0.140831
0.141241
0.153429
0.146794
0.138295
0.146374
0.145301
0.125275
0.127136
0.114984
0.110665
0.144562
0.134409
0.132975
0.136165
0.138464
0.133346
0.113246
0.123622
0.112558
0.0856756
0.137813
0.0884353
0.149819
0.127555
0.116855
0.126317
0.151677
0.138227
0.0987923
0.0286826
0.149152
0.104437
0.0995327
0.147774
0.151437
0.144953
0.127871
0.136515
0.149885
0.134476
0.136824
0.145459
0.147505
0.109697
0.110461
0.134823
0.105205
0.132061
0.150752
0.130829
0.149578
0.136485
0.124634
0.109081
0.139674
0.0964983
0.106052
0.143593
0.136242
0.130624
0.137837
0.137168
0.114666
0.0745667
0.119861
0.152703
0.128246
0.135213
0.141701
0.147829
0.112609
0.13488
0.133947
0.140066
0.0881795
0.141354
0.139758
0.138163
0.148516
0.142509
0.157328
0.114873
0.142271
0.146629
0.128527
0.0580176
0.0996094
0.144343
0.14876
0.135345
0.114092
0.126071
0.0424281
0.154178
0.146995
0.1474
0.100772
0.11898
0.122986
0.0879839
0.105829
0.109042
0.137985
0.136099
0.145028
0.138472
0.135286
0.0749347
0.128826
0.125736
0.137803
0.136668
0.104545
0.133952
0.141915
0.116301
0.145091
0.110402
0.135244
0.148081
0.0281758
0.136304
0.131957
0.134843
0.141599
0.137611
0.106979
0.117453
0.139918
0.0293235
0.137635
0.148865
0.11728
0.128281
0.14268
0.121201
0.116441
0.0688169
0.111356
0.147077
0.12555
0.109078
0.0939125
0.14129
0.138312
0.0993144
0.0339189
0.15113
0.131181
0.109239
0.126474
0.129529
0.135068
0.147529
0.137855
0.134286
0.13761
0.130909
0.144264
0.143135
0.0279109
0.151401
0.140022
0.144975
0.152146
0.136251
0.140098
0.135306
0.131238
0.131435
0.0695935
0.0379087
0.149956
0.115569
0.12621
0.138172
0.0822675
0.11499
0.0995451
0.125575
0.0378992
0.122386
0.121644
0.0940811
0.0672418
0.147606
0.111762
0.0951627
0.0994567
0.143519
0.116364
0.12815
0.140971
0.0268532
0.108513
0.115536
0.142178
0.144077
0.144719
0.120973
0.139444
0.141738
0.13493
0.133644
0.0368904
0.124159
0.11779
0.148082
0.146826
0.128228
0.146469
0.141382
0.111842
0.136396
0.144075
0.152983
0.130217
0.101473
0.111857
0.0980144
0.131541
0.144389
0.100426
0.145739
0.126921
0.137352
0.136185
0.14901
0.127309
0.109761
0.124971
0.109975
0.0902639
0.13917
0.136983
0.0530013
0.149251
0.132775
0.128398
0.145518
0.132862
0.103383
0.130269
0.0934858
0.137273
0.126532
0.126195
0.147457
0.116352
0.12964
0.100921
0.10556
0.0910079
0.144512
0.0989237
0.155631
0.142803
0.0821167
0.146957
0.116035
0.145938
0.138566
0.147613
0.170709
0.111123
0.136235
0.136018
0.100421
0.124307
0.133994
0.120309
0.14044
0.13274
0.0705181
0.0637726
0.128827
0.0911742
0.139583
0.121608
0.105713
0.125529
0.150909
0.140746
0.0909123
0.102304
0.11932
0.104951
0.103767
0.0580429
0.13426
0.147166
0.121285
0.1428
0.0966962
0.145149
0.14501
0.0304031
0.146266
0.134682
0.0996842
0.142046
0.108266
0.144276
0.133861
0.143163
0.123297
0.134647
0.126694
0.107565
0.1471
0.145252
0.0987974
0.14932
0.124937
0.134426
0.123132
0.0688722
0.0906538
0.149659
0.150084
0.136106
0.0950667
0.144154
0.0968097
0.0495551
0.1303
0.136829
0.136051
0.12788
0.12455
0.0658765
0.0726994
0.13683
0.137456
0.112751
0.110193
0.136495
0.112465
0.127342
0.139638
0.144308
0.0974928
0.126593
0.150262
0.125537
0.150807
0.148829
0.136704
0.109002
0.0978591
0.10555
0.148607
0.133507
0.121776
0.145314
0.139026
0.0941963
0.132376
0.133679
0.0870193
0.0360068
0.0940547
0.146495
0.139473
0.0975602
0.143764
0.104229
0.136286
0.089835
0.138923
0.0782108
0.13561
0.086133
0.121772
0.142073
0.0685657
0.125952
0.11945
0.0372248
0.104975
0.134322
0.12576
0.131832
0.136239
0.138441
0.143624
0.12669
0.0654322
0.10001
0.111044
0.151039
0.125512
0.114091
0.15534
0.0706364
0.132118
0.136674
0.147866
0.122983
0.182438
0.133869
0.142807
0.123348
0.136085
0.088094
0.132816
0.137122
0.127592
0.143042
0.107389
0.13768
0.146283
0.147814
0.0660639
0.0961408
0.0998287
0.157074
0.148423
0.116263
0.134556
0.137725
0.14381
0.116868
0.0851578
0.151031
0.101741
0.120901
0.12655
0.153247
0.146723
0.143815
0.06385
0.133651
0.138377
0.0847365
0.11709
0.127632
0.143018
0.141725
0.131202
0.0733745
0.139013
0.115868
0.0908129
0.150018
0.0903449
0.126962
0.135605
0.108767
0.142136
0.110188
0.146769
0.148009
0.0718793
0.137594
0.146551
0.0717196
0.16799
0.0426533
0.147501
0.130371
0.12581
0.148587
0.15297
0.12051
0.105604
0.13566
0.144647
0.130659
0.119038
0.0835319
0.131795
0.0945057
0.140509
0.0730284
0.118174
0.136393
0.149619
0.0389021
0.0924547
0.143968
0.130313
0.113456
0.0708711
0.143062
0.085076
0.147478
0.123097
0.148444
0.0978093
0.122988
0.141015
0.134197
0.140619
0.0673487
0.153989
0.131706
0.0866322
0.151107
0.148063
0.160793
0.13371
0.131472
0.107574
0.143931
0.148139
0.149661
0.114259
0.120156
0.127694
0.147017
0.153028
0.146675
0.103247
0.158537
0.106002
0.139737
0.129344
0.113702
0.122936
0.13072
0.142769
0.129711
0.0867501
0.14363
0.139365
0.126171
0.142653
0.135272
0.0947679
0.123708
0.127935
0.14882
0.11066
0.0728653
0.0912341
0.140718
0.0540462
0.0937122
0.131538
0.107565
0.143413
0.134734
0.071625
0.110141
0.143656
0.125887
0.0939075
0.117369
0.126245
0.0890135
0.152744
0.146781
0.134006
0.118256
0.0945656
0.14978
0.0382959
0.0991533
0.111645
0.117022
0.147225
0.0826334
0.104022
0.114903
0.106089
0.140128
0.131542
0.138321
0.139078
0.0889569
0.103542
0.128439
0.114689
0.0975933
0.123788
0.131625
0.103661
0.123561
0.143216
0.0881404
0.129945
0.145758
0.0902386
0.0713998
0.11745
0.140203
0.172417
0.162577
0.0944528
0.147224
0.0772498
0.157486
0.0914124
0.132817
0.14323
0.0983116
0.117362
0.142233
0.149929
0.11553
0.121949
0.0736904
0.150963
0.111335
0.126505
0.14122
0.116414
0.105487
0.145516
0.119411
0.131
0.150372
0.156176
0.1463
0.115716
0.135239
0.13954
0.123718
0.134624
0.150694
0.15066
0.147659
0.118208
0.0961042
0.137261
0.0946737
0.114085
0.114072
0.137158
0.0867536
0.0970778
0.070127
0.098937
0.106266
0.132031
0.114695
0.069573
0.110521
0.150629
0.102075
0.0978927
0.0956503
0.114982
0.114316
0.141482
0.0983357
0.147325
0.0947349
0.150278
0.110248
0.112983
0.145182
0.0929328
0.159257
0.102453
0.087023
0.0686979
0.105347
0.0986182
0.105831
0.138364
0.142598
0.0720204
0.0946378
0.143923
0.0688108
0.144144
0.0937954
0.0282155
0.0975749
0.144228
0.0734266
0.143021
0.102207
0.120154
0.103148
0.0983143
0.144452
0.140418
0.133681
0.113635
0.134007
0.103924
0.125909
0.0969706
0.0884446
0.110916
0.149021
0.112605
0.128235
0.1308
0.138901
0.142443
0.100074
0.0627372
0.102442
0.099969
0.0965764
0.114908
0.0977403
0.113769
0.10006
0.144894
0.137462
0.138783
0.116461
0.146712
0.108401
0.111297
0.179981
0.0873336
0.166954
0.0981879
0.126099
0.070049
0.101174
0.102216
0.111414
0.139699
0.160486
0.124452
0.135312
0.0564918
0.127864
0.106025
0.121412
0.108603
0.1272
0.111342
0.139391
0.106289
0.137944
0.0978422
0.123505
0.111316
0.0866438
0.103827
0.12503
0.115165
0.119481
0.112775
0.096768
0.122518
0.144192
0.110108
0.0933666
0.108239
0.100064
0.104875
0.131856
0.115908
0.107704
0.0970997
0.0985414
0.100725
0.150651
0.0983306
0.0955667
0.112344
0.136601
0.102886
0.111535
0.136741
0.0948875
0.0995465
0.125038
0.0628858
0.142284
0.133893
0.0689213
0.113372
0.131775
0.0929359
0.147448
0.155262
0.0922443
0.108675
0.0979698
0.0991701
0.119187
0.117731
0.115371
0.129766
0.137007
0.144124
0.146741
0.153387
0.0410071
0.122015
0.115413
0.0485858
0.136499
0.0939294
0.0993415
0.148146
0.0945824
0.114538
0.108093
0.100296
0.149245
0.0836937
0.0646862
0.103716
0.145075
0.115884
0.111014
0.132695
0.141753
0.0221606
0.162827
0.107303
0.0986513
0.13246
0.102932
0.144388
0.115957
0.0893191
0.0501855
0.0636641
0.150368
0.146484
0.0952102
0.132235
0.0968013
0.153388
0.111464
0.0215358
0.0846603
0.144963
0.133021
0.116583
0.112714
0.149058
0.0665713
0.0430976
0.124792
0.0466205
0.146296
0.119893
0.138687
0.0693497
0.111521
0.0689088
0.0722335
0.102382
0.148332
0.150763
0.0914611
0.100005
0.095245
0.141535
0.102209
0.0885159
0.112713
0.0918934
0.147561
0.147465
0.138023
0.0488942
0.150312
0.14183
0.0923317
0.144279
0.108558
0.120081
0.0950345
0.114061
0.111604
0.149635
0.148021
0.0923134
0.0954963
0.144789
0.14057
0.0774697
0.131057
0.100289
0.0955203
0.0986711
0.145607
0.149448
0.123093
0.101765
0.0188818
0.101025
0.107675
0.0962612
0.138758
0.0880228
0.111734
0.115039
0.144797
0.135859
0.119814
0.147978
0.0738885
0.150119
0.141718
0.106405
0.142603
0.0887021
0.143135
0.0722017
0.0964177
0.0887225
0.109032
0.117396
0.144712
0.104701
0.113347
0.0420641
0.115596
0.0963738
0.132569
0.124564
0.135086
0.124375
0.0219797
0.148372
0.0946717
0.0771981
0.0325939
0.145897
0.0660482
0.147709
0.146846
0.124931
0.169663
0.139939
0.130307
0.110015
0.143426
0.0217552
0.147834
0.147231
0.114085
0.11836
0.0617979
0.136115
0.113122
0.0925829
0.113693
0.0906461
0.119114
0.144275
0.0881523
0.143587
0.131653
0.0730539
0.110787
0.070955
0.10093
0.138973
0.0976994
0.0428575
0.129119
0.117305
0.113151
0.150578
0.170441
0.119835
0.0518584
0.116302
0.10976
0.0917041
0.107675
0.0967507
0.134922
0.14608
0.0842962
0.0848028
0.137674
0.0762782
0.147934
0.136959
0.0346495
0.100861
0.053524
0.0934107
0.122835
0.0517431
0.0875159
0.138537
0.0181689
0.140261
0.0549511
0.111371
0.143459
0.149676
0.0537993
0.117188
0.140833
0.122208
0.107377
0.0858147
0.074513
0.0526364
0.130936
0.154338
0.110209
0.109099
0.0655066
0.100793
0.107255
0.114879
0.114867
0.0928096
0.124538
0.132926
0.115437
0.101109
0.107461
0.042539
0.13078
0.105063
0.107336
0.0692197
0.0663165
0.0615591
0.148278
0.126205
0.151707
0.149631
0.109018
0.0639502
0.0714874
0.103653
0.0927826
0.0194611
0.118998
0.10041
0.125159
0.144269
0.121819
0.148416
0.104863
0.146497
0.0988609
0.0412097
0.094245
0.13422
0.0784856
0.150441
0.146873
0.0425562
0.147361
0.109878
0.150705
0.131998
0.074427
0.112411
0.135884
0.107838
0.0572511
0.106546
0.0940212
0.07891
0.11535
0.14315
0.110569
0.134217
0.137068
0.15227
0.15204
0.072144
0.150378
0.0309967
0.0968572
0.140601
0.0994671
0.137639
0.0711562
0.0682173
0.103154
0.140332
0.11626
0.0972817
0.147168
0.100698
0.149597
0.097691
0.141268
0.113946
0.0789699
0.102411
0.0874391
0.147364
0.0983736
0.112394
0.127306
0.14787
0.0947121
0.136398
0.0981835
0.140938
0.13388
0.100131
0.128275
0.13266
0.136772
0.053469
0.0825062
0.0668614
0.0631064
0.103734
0.126352
0.101995
0.0708477
0.0961718
0.128427
0.140948
0.14742
0.139759
0.12881
0.1313
0.0722961
0.118307
0.148217
0.149381
0.0926583
0.0999419
0.146036
0.0364788
0.122997
0.156169
0.106183
0.078753
0.0318994
0.120376
0.131323
0.09784
0.0732271
0.0191039
0.139381
0.136676
0.150891
0.0968255
0.0586964
0.0977034
0.149607
0.105774
0.147647
0.141195
0.112981
0.0899904
0.0440753
0.111106
0.09589
0.146914
0.141366
0.146375
0.0930702
0.0714196
0.149255
0.05623
0.044629
0.123406
0.0831629
0.148543
0.0694813
0.0255562
0.0832275
0.0914148
0.142722
0.0528325
0.0678312
0.121083
0.137186
0.0855848
0.101941
0.131683
0.066666
0.148792
0.0876208
0.136238
0.13654
0.046029
0.132217
0.142503
0.0877042
0.0731405
0.117543
0.137549
0.120086
0.142233
0.0681355
0.135016
0.110654
0.0469529
0.108107
0.0843257
0.0562463
0.0941491
0.0864096
0.15233
0.126113
0.138651
0.138728
0.124422
0.114601
0.072386
0.0682502
0.123483
0.139819
0.128548
0.137487
0.149667
0.0854179
0.0740843
0.0578282
0.110031
0.13597
0.147204
0.142567
0.0982665
0.143424
0.0397476
0.140848
0.125833
0.0629804
0.110557
0.13555
0.0640946
0.086407
0.0381001
0.107596
0.0718543
0.0671507
0.0847677
0.0980419
0.0402202
0.10342
0.0454661
0.0670387
0.116231
0.0423248
0.138841
0.132209
0.145814
0.120564
0.136652
0.0928344
0.0886458
0.150851
0.0452776
0.0872712
0.0918038
0.0535543
0.145414
0.0841348
0.0998941
0.120874
0.139709
0.0833798
0.0863878
0.0590188
0.125568
0.140355
0.119433
0.125993
0.0993293
0.143249
0.0701048
0.144499
0.0860744
0.0958816
0.149911
0.17496
0.0956961
0.147274
0.0640649
0.0986523
0.0848479
0.0344974
0.0938525
0.0811047
0.0638666
0.143748
0.0852105
0.0193124
0.143903
0.126255
0.0605752
0.134941
0.0975791
0.114923
0.0571524
0.166194
0.0668086
0.086359
0.0568748
0.149357
0.140736
0.15013
0.075725
0.09565
0.0834225
0.160518
0.0817139
0.109887
0.103886
0.0752391
0.063963
0.0569313
0.0810308
0.134072
0.0908422
0.103951
0.0813745
0.116721
0.114228
0.106927
0.123391
0.0904008
0.146412
0.122729
0.116603
0.112038
0.152291
0.0821863
0.146654
0.0792854
0.134099
0.130871
0.0982683
0.0736696
0.143279
0.0569524
0.0765711
0.0909853
0.118335
0.0865875
0.139286
0.0758997
0.0984092
0.11052
0.107305
0.13732
0.118417
0.131784
0.0928706
0.0976631
0.0766194
0.121741
0.114378
0.0791362
0.152705
0.127664
0.0602863
0.149401
0.0860072
0.150152
0.148588
0.118163
0.0800436
0.115812
0.0189257
0.0858599
0.10378
0.0690535
0.0643608
0.0710521
0.0754335
0.147024
0.0970033
0.104874
0.105385
0.0897165
0.149187
0.0633787
0.0994811
0.113202
0.101969
0.158806
0.14953
0.0427052
0.018457
0.0976392
0.115886
0.150174
0.108858
0.0221394
0.122283
0.144405
0.147455
0.121026
0.110486
0.131928
0.097162
0.144134
0.0784956
0.0969471
0.0191473
0.120395
0.11137
0.113333
0.14408
0.0614052
0.114098
0.0614566
0.0947029
0.141726
0.0750546
0.0766793
0.126599
0.0749565
0.0692029
0.144216
0.146986
0.119537
0.0987061
0.136613
0.0607233
0.0761831
0.0708907
0.100932
0.034931
0.0676213
0.127557
0.0696724
0.0465845
0.129575
0.152101
0.148591
0.112284
0.070436
0.1356
0.0778705
0.0726715
0.100474
0.122553
0.0727596
0.141364
0.0755864
0.133492
0.148156
0.068765
0.0684385
0.163116
0.132137
0.0954961
0.0718122
0.14663
0.149956
0.0770941
0.0997244
0.114757
0.070378
0.0271919
0.029632
0.0929765
0.156019
0.132224
0.0850662
0.0756317
0.100218
0.101448
0.0494617
0.0743405
0.0713989
0.145387
0.033418
0.107273
0.11549
0.127717
0.152012
0.148391
0.115866
0.0527009
0.094906
0.115047
0.102507
0.0398677
0.0426934
0.105011
0.120714
0.0739979
0.114524
0.0718391
0.0967876
0.0672593
0.0802799
0.105975
0.10151
0.0353445
0.0816492
0.108626
0.129494
0.113985
0.147399
0.0734225
0.132354
0.0962296
0.0932237
0.029127
0.150804
0.0865459
0.150769
0.128773
0.101643
0.131042
0.0476535
0.145246
0.12468
0.107375
0.116778
0.117039
0.127073
0.030895
0.149056
0.0440025
0.0308727
0.0424738
0.100588
0.144391
0.144359
0.0363139
0.150296
0.0644135
0.0872111
0.133849
0.118777
0.0305538
0.0740141
0.137213
0.10545
0.137389
0.0856757
0.130973
0.0873712
0.0522415
0.119402
0.0688006
0.0742507
0.136157
0.061457
0.068646
0.0408973
0.113334
0.124916
0.0676037
0.150195
0.111701
0.147732
0.161351
0.0987516
0.0606251
0.0618641
0.139137
0.039143
0.135734
0.127825
0.123447
0.113515
0.126537
0.0917198
0.149303
0.130063
0.104506
0.118497
0.0285105
0.138484
0.164976
0.0190386
0.0788849
0.0726587
0.10757
0.100873
0.132763
0.136095
0.130867
0.0815779
0.104181
0.0276188
0.127317
0.142962
0.122394
0.138266
0.150397
0.137038
0.149572
0.0765613
0.101584
0.0589404
0.128535
0.151838
0.077228
0.0762401
0.126784
0.0468669
0.147159
0.125951
0.0888032
0.131685
0.134441
0.152719
0.0690727
0.101238
0.0389045
0.144886
0.0400804
0.0843843
0.0468796
0.139927
0.135742
0.155819
0.0599059
0.0373145
0.0726282
0.148094
0.0408517
0.073351
0.0416506
0.14753
0.0909177
0.133766
0.149406
0.107522
0.0969586
0.149018
0.0719867
0.116637
0.0982433
0.102757
0.0835174
0.100221
0.10842
0.115066
0.133927
0.13378
0.0949694
0.150154
0.117787
0.112419
0.133558
0.132242
0.0606396
0.0671475
0.158626
0.0764594
0.133111
0.0403115
0.09411
0.0431826
0.102599
0.0721522
0.116546
0.128783
0.106632
0.0672403
0.144539
0.10471
0.0702023
0.0646435
0.0883196
0.0952553
0.121234
0.0879841
0.113173
0.0986265
0.0939228
0.0508662
0.116327
0.0763011
0.11268
0.136278
0.0262215
0.0633497
0.125636
0.133994
0.0380781
0.150351
0.140701
0.0864659
0.1493
0.140129
0.0574655
0.0317611
0.142535
0.0839843
0.118519
0.0721007
0.0668515
0.0364414
0.105701
0.150744
0.111244
0.114468
0.0192257
0.136722
0.155274
0.142845
0.13941
0.139332
0.140559
0.113151
0.126626
0.149697
0.112428
0.0564097
0.143472
0.161158
0.0405968
0.132566
0.168874
0.121377
0.0590347
0.149325
0.0379551
0.152914
0.129872
0.129832
0.0745203
0.132278
0.122348
0.13985
0.0719778
0.0668953
0.0611632
0.068551
0.12148
0.126552
0.0607101
0.129917
0.145234
0.140325
0.147446
0.104936
0.100262
0.131965
0.107832
0.11609
0.14566
0.0288464
0.145668
0.0301705
0.0928172
0.103144
0.100599
0.0871405
0.0290629
0.126849
0.147598
0.0433803
0.0386037
0.0321496
0.152354
0.12707
0.0776827
0.134221
0.0404573
0.023
0.14648
0.147441
0.114318
0.166761
0.144891
0.0680478
0.126125
0.0552795
0.0289975
0.124665
0.137496
0.0493308
0.042723
0.136408
0.174433
0.0235585
0.0310955
0.149941
0.148398
0.150265
0.141046
0.0581929
0.0327622
0.125373
0.146173
0.0433025
0.104003
0.106963
0.14827
0.0715781
0.0432826
0.0739167
0.0434637
0.0420651
0.022579
0.0463411
0.0286964
0.0741062
0.0293691
0.0785675
0.145035
0.0652365
0.0784302
0.0702644
0.0419953
0.0213935
0.131441
0.149039
0.0439675
0.0491988
0.11222
0.135624
0.0281682
0.0404853
0.0320227
0.0931561
0.0402906
0.141218
0.109167
0.121277
0.149274
0.128147
0.0417802
0.0466161
0.124196
0.123903
0.0410628
0.165053
0.133809
0.0577029
0.148403
0.0642637
0.0196028
0.0942584
0.0923798
0.120257
0.0426898
0.122273
0.146535
0.131794
0.0230631
0.0912538
0.0286119
0.0285209
0.0601249
0.104468
0.150482
0.0980424
0.147997
0.13919
0.0660581
0.101843
0.107553
0.116934
0.0313695
0.125996
0.145309
0.149717
0.0652815
0.148607
0.151422
0.147013
0.134858
0.0282157
0.0918706
0.0907927
0.0345564
0.141843
0.127276
0.101745
0.122166
0.114906
0.100368
0.0992328
0.13216
0.071378
0.132719
0.114918
0.110443
0.066057
0.0726878
0.0291202
0.0778181
0.0930569
0.0223521
0.120311
0.147436
0.148252
0.14472
0.0589912
0.149
0.137364
0.144943
0.133706
0.0929727
0.071728
0.0289432
0.149666
0.0328524
0.0500124
0.0356987
0.160027
0.124299
0.122519
0.12272
0.0674473
0.136582
0.0395734
0.0444412
0.14955
0.148499
0.144344
0.0135561
0.171477
0.0382051
0.0617016
0.132413
0.104697
0.045816
0.150155
0.161151
0.0432417
0.118338
0.104571
0.0993697
0.131485
0.0197335
0.149608
0.0323116
0.0722755
0.108551
0.131738
0.0426257
0.04362
0.0411622
0.137634
0.147753
0.129771
0.0195562
0.100461
0.125849
0.132113
0.13795
0.149726
0.149931
0.130918
0.115368
0.0300969
0.126244
0.145613
0.121081
0.0444908
0.0982158
0.0767269
0.0198931
0.0417356
0.14687
0.131484
0.0976143
0.0452668
0.0761495
0.0311339
0.133604
0.143209
0.13359
0.0292047
0.0307167
0.0966576
0.0984608
0.150974
0.14052
0.12856
0.105414
0.033563
0.0300814
0.098011
0.0973574
0.035312
0.0528046
0.0387959
0.0404836
0.073398
0.136331
0.134733
0.0609367
0.0885864
0.123644
0.13833
0.146886
0.0390407
0.144221
0.044529
0.154002
0.0807399
0.11897
0.0357179
0.0540006
0.132553
0.0436851
0.120875
0.0420124
0.0303971
0.114913
0.0231329
0.123612
0.130557
0.116475
0.077294
0.0505289
0.142005
0.0211848
0.131849
0.0212868
0.048064
0.0955624
0.107395
0.150771
0.109616
0.0443806
0.0441615
0.0965529
0.166334
0.148082
0.0901501
0.125896
0.0229729
0.0857087
0.0453646
0.0447793
0.14706
0.116794
0.148136
0.145842
0.0715794
0.0984062
0.137251
0.0723905
0.0221202
0.0332039
0.113597
0.110284
0.0690489
0.0908423
0.0434556
0.0464033
0.0337121
0.126725
0.168383
0.138706
0.0523445
0.145124
0.0371857
0.16173
0.0398042
0.0448843
0.130739
0.132714
0.0979324
0.107908
0.0427723
0.131202
0.0908746
0.0403982
0.0292574
0.138472
0.0901814
0.042456
0.109827
0.148245
0.125452
0.138397
0.137983
0.0200485
0.0227849
0.0634582
0.145715
0.127986
0.136015
0.130527
0.148165
0.14679
0.152255
0.110031
0.112388
0.0967215
0.138279
0.106133
0.0381481
0.0435668
0.148163
0.148372
0.149984
0.0195403
0.11419
0.160174
0.116939
0.0758919
0.10836
0.0183658
0.0799855
0.0728001
0.150168
0.13074
0.0244499
0.101882
0.0406147
0.135055
0.0398564
0.0899585
0.149489
0.0889449
0.0385535
0.0432731
0.1669
0.0663994
0.0313143
0.131611
0.0703259
0.151279
0.147718
0.0728339
0.0448501
0.0199861
0.0756157
0.126502
0.0751777
0.121458
0.127463
0.120713
0.11507
0.152138
0.043699
0.0219101
0.135377
0.093495
0.147503
0.0234522
0.129383
0.130539
0.128533
0.143448
0.031428
0.145088
0.0524296
0.0237221
0.161018
0.133268
0.0222891
0.107233
0.111795
0.101684
0.100464
0.0713853
0.134131
0.126776
0.135715
0.130776
0.102552
0.0958945
0.0876829
0.0898257
0.131289
0.103183
0.132331
0.0657216
0.139021
0.161696
0.125742
0.0193509
0.0906814
0.0434712
0.0876087
0.148932
0.0746823
0.0659489
0.175306
0.084558
0.147249
0.144622
0.11072
0.106717
0.122359
0.105722
0.148961
0.141422
0.065618
0.0713952
0.13326
0.0145654
0.108238
0.124724
0.0219059
0.118854
0.13808
0.0861766
0.0581657
0.127938
0.146448
0.0978914
0.104092
0.149081
0.148378
0.124991
0.0767552
0.0860234
0.0191182
0.131764
0.104553
0.156276
0.140295
0.0235677
0.0607055
0.0842431
0.137066
0.14466
0.0437705
0.14006
0.132036
0.146967
0.0957415
0.123716
0.0281322
0.0427759
0.142353
0.155108
0.151958
0.0169592
0.148298
0.162714
0.127489
0.146322
0.11989
0.129257
0.072281
0.112457
0.120748
0.0278193
0.125347
0.121797
0.13358
0.087182
0.041998
0.138898
0.134061
0.13143
0.145577
0.0470253
0.0872748
0.0389496
0.136611
0.163133
0.123422
0.144559
0.149586
0.120725
0.0954002
0.0394031
0.100803
0.150299
0.093545
0.0853705
0.0284387
0.0341721
0.0675417
0.142492
0.0632739
0.138984
0.0959822
0.129837
0.0707889
0.148576
0.0618875
0.111817
0.108997
0.0480988
0.113055
0.1062
0.119186
0.0991003
0.0983935
0.0510099
0.123645
0.178085
0.0460075
0.10632
0.146345
0.088704
0.0684033
0.115177
0.117947
0.111779
0.141066
0.147533
0.13097
0.123006
0.130218
0.0737251
0.0212067
0.109154
0.153957
0.098607
0.0569152
0.12447
0.15334
0.0685301
0.11665
0.120964
0.1366
0.123735
0.13595
0.061178
0.12461
0.0282204
0.076038
0.0692747
0.128683
0.0283451
0.0406491
0.126671
0.127294
0.097194
0.114482
0.1527
0.103356
0.0693949
0.143796
0.0612048
0.14467
0.148443
0.131482
0.150798
0.142563
0.0478972
0.128958
0.0247699
0.0600722
0.0901564
0.143553
0.0880018
0.0277455
0.105509
0.0425949
0.0390888
0.134413
0.135351
0.10946
0.0933841
0.129165
0.145288
0.12523
0.0490241
0.134827
0.0888376
0.128487
0.0285248
0.16558
0.136665
0.145586
0.129554
0.134377
0.0287681
0.0785886
0.110425
0.0814869
0.138022
0.0433968
0.110189
0.137305
0.10489
0.0299645
0.0485576
0.124371
0.124682
0.135438
0.0814039
0.0967848
0.141746
0.0913843
0.0275849
0.128126
0.0451322
0.132139
0.132737
0.0678671
0.135319
0.0706747
0.0288763
0.0636755
0.140897
0.0206471
0.116056
0.147034
0.133187
0.0470847
0.113619
0.127648
0.135866
0.143123
0.0903295
0.0204497
0.0987955
0.105541
0.14522
0.149229
0.133987
0.130174
0.129402
0.0779293
0.0278118
0.104787
0.0284924
0.134057
0.0432487
0.0713671
0.144672
0.132171
0.143257
0.100361
0.0516096
0.134977
0.163352
0.13303
0.027916
0.0438044
0.133291
0.0423982
0.111697
0.13127
0.135437
0.142817
0.0495058
0.0238209
0.140717
0.028609
0.137217
0.0886712
0.118219
0.033679
0.152582
0.135264
0.128356
0.144689
0.0218848
0.107711
0.0411892
0.0685393
0.142485
0.0723081
0.110838
0.02713
0.0410808
0.108538
0.122818
0.144465
0.0210331
0.0445949
0.036344
0.110262
0.147439
0.0271115
0.0670933
0.0368927
0.134702
0.151847
0.145505
0.0191001
0.0646595
0.111076
0.13788
0.0465747
0.135043
0.143975
0.138651
0.141658
0.0463456
0.0901727
0.170182
0.0355564
0.0192079
0.0980865
0.107158
0.144924
0.117487
0.0907463
0.126366
0.144706
0.13964
0.0218253
0.132913
0.11603
0.0951656
0.126571
0.0468462
0.138944
0.135824
0.141751
0.0380506
0.143005
0.125524
0.143332
0.133187
0.0380403
0.146869
0.137162
0.146584
0.0535378
0.137794
0.136631
0.0924448
0.11374
0.0738158
0.140182
0.0863541
0.0728588
0.0914788
0.0985827
0.080415
0.110172
0.0836953
0.0231075
0.119271
0.148457
0.118395
0.104347
0.103271
0.0995483
0.12671
0.131903
0.0932292
0.124595
0.105631
0.130268
0.0695559
0.0703915
0.0470803
0.0711354
0.0841117
0.132073
0.144035
0.143567
0.150769
0.134637
0.0896409
0.0981609
0.111687
0.108387
0.113596
0.137969
0.1039
0.0211041
0.128929
0.119949
0.138615
0.0858841
0.129886
0.15458
0.10851
0.133889
0.0827584
0.129589
0.12443
0.0927715
0.0574576
0.0657742
0.0935148
0.146331
0.103843
0.139324
0.142383
0.0621217
0.124214
0.0190638
0.13281
0.134546
0.117127
0.13321
0.136675
0.131553
0.14081
0.0808132
0.104692
0.110828
0.144998
0.0722658
0.106195
0.0641379
0.14158
0.138324
0.140058
0.0210614
0.0426003
0.141129
0.10008
0.146211
0.117909
0.132896
0.137152
0.142061
0.123147
0.106829
0.145006
0.125089
0.114688
0.0924133
0.139169
0.165047
0.115019
0.136965
0.128219
0.119405
0.0921642
0.124908
0.0894801
0.147632
0.144585
0.116411
0.147992
0.0388226
0.0379623
0.025837
0.129751
0.146116
0.0184526
0.0656136
0.152398
0.134414
0.0873104
0.0880639
0.170294
0.0186727
0.0682658
0.0922242
0.109511
0.142978
0.0683745
0.128098
0.104877
0.127387
0.107652
0.135149
0.0194946
0.0195544
0.0893052
0.131116
0.133297
0.130773
0.120718
0.104939
0.108284
0.0204725
0.083865
0.144273
0.105271
0.139869
0.0199543
0.133201
0.106962
0.100336
0.0678224
0.0368992
0.0946578
0.0429073
0.136523
0.149619
0.149352
0.124099
0.134392
0.137556
0.110942
0.0568269
0.158145
0.0663831
0.107856
0.103005
0.144368
0.132329
0.148883
0.091602
0.141309
0.0195002
0.124955
0.133513
0.138961
0.110555
0.0855503
0.122457
0.144316
0.0244781
0.0453444
0.0422371
0.0785008
0.132088
0.140954
0.096317
0.10843
0.122974
0.111761
0.105402
0.132136
0.065911
0.130065
0.116511
0.153266
0.110416
0.130298
0.144027
0.0632829
0.0822299
0.12908
0.0503605
0.141073
0.119066
0.0630688
0.143122
0.100677
0.0445809
0.139483
0.135644
0.144137
0.123775
0.139653
0.0288451
0.120728
0.100045
0.0985823
0.0944563
0.108322
0.0444395
0.122923
0.107361
0.0703358
0.0728214
0.161777
0.135379
0.142932
0.133739
0.124136
0.113975
0.045389
0.0985549
0.0807945
0.143038
0.106096
0.138522
0.0711164
0.124638
0.0199216
0.0985035
0.100994
0.149378
0.169715
0.139426
0.135246
0.106036
0.131861
0.0860324
0.13285
0.134477
0.144458
0.066103
0.127268
0.131181
0.133441
0.019133
0.137765
0.105832
0.0956067
0.125876
0.0392791
0.125833
0.0838612
0.0884178
0.127628
0.131199
0.150448
0.134558
0.0478286
0.131513
0.137988
0.1272
0.10532
0.0123326
0.131111
0.0862826
0.140751
0.138014
0.130445
0.0897294
0.125898
0.0628227
0.12
0.0687285
0.13447
0.0635433
0.0687363
0.138662
0.0742139
0.113512
0.0408797
0.0897284
0.140516
0.119066
0.0423033
0.128341
0.132596
0.130228
0.139196
0.122833
0.164183
0.110823
0.117466
0.0583443
0.0519697
0.0702503
0.152632
0.13523
0.105668
0.13547
0.139574
0.0464876
0.0619491
0.0697884
0.124665
0.0431244
0.0847697
0.134715
0.11865
0.137444
0.0714836
0.137793
0.0933798
0.0224824
0.0302691
0.122375
0.142147
0.133299
0.0420101
0.142812
0.131862
0.132877
0.116746
0.123446
0.0417357
0.0870928
0.133453
0.139509
0.125192
0.141337
0.129608
0.131438
0.152843
0.124205
0.0920566
0.0701841
0.0296036
0.132852
0.129536
0.126591
0.0932625
0.128416
0.127363
0.138049
0.0750914
0.0414632
0.125817
0.136783
0.106752
0.0914604
0.127072
0.0744546
0.123446
0.0421202
0.0942029
0.144426
0.0107275
0.0172462
0.139238
0.113494
0.141291
0.153988
0.123994
0.127769
0.153417
0.126481
0.138477
0.0612706
0.107271
0.126246
0.15186
0.106901
0.125037
0.0951229
0.0991299
0.141777
0.110857
0.0841193
0.0911165
0.0972395
0.117043
0.0978812
0.139163
0.108971
0.1084
0.133586
0.0719568
0.0809486
0.0335651
0.149919
0.0965317
0.0666843
0.0818659
0.105294
0.136989
0.0705398
0.0696082
0.0950864
0.112688
0.0941732
0.0169862
0.119512
0.0219566
0.0947355
0.11179
0.0408517
0.139228
0.0922397
0.137912
0.0653364
0.114005
0.0997581
0.145062
0.0686786
0.0804934
0.127487
0.0977061
0.0952526
0.126737
0.137913
0.129569
0.0605158
0.0965584
0.124684
0.141442
0.123722
0.103718
0.131117
0.0600382
0.124032
0.0304562
0.139189
0.0706602
0.0203469
0.132753
0.119208
0.120199
0.0827279
0.0725133
0.0926742
0.0577784
0.143593
0.135645
0.135288
0.0499943
0.098624
0.0229692
0.124221
0.0463441
0.132765
0.096705
0.166618
0.145044
0.119637
0.128607
0.128761
0.0490053
0.127923
0.137457
0.0634877
0.132639
0.0350245
0.139774
0.130461
0.130461
0.145387
0.159153
0.0734651
0.1251
0.154493
0.0424408
0.0283689
0.0937611
0.0255396
0.108026
0.117912
0.0928787
0.0486005
0.019782
0.13252
0.0916857
0.0988796
0.137731
0.121765
0.101647
0.107395
0.0964309
0.103318
0.124859
0.134978
0.13619
0.125273
0.0910088
0.103941
0.0983214
0.0710196
0.118041
0.0882859
0.0746623
0.117664
0.121225
0.117054
0.121251
0.0696361
0.0949642
0.144432
0.104249
0.10035
0.137486
0.0788526
0.121389
0.0892615
0.139406
0.125286
0.0613283
0.0740962
0.0671141
0.137364
0.12622
0.13606
0.0391043
0.119091
0.124651
0.133571
0.088068
0.124329
0.135633
0.0944322
0.133928
0.0202305
0.0221563
0.134758
0.12244
0.0419722
0.139045
0.0466039
0.130285
0.136835
0.108508
0.0901876
0.119184
0.0586667
0.0981719
0.0725529
0.0172929
0.0731925
0.101353
0.0871318
0.0320787
0.146608
0.0974523
0.0953966
0.103563
0.130357
0.141668
0.105685
0.0261493
0.0683852
0.119828
0.0430836
0.0914093
0.133431
0.0782383
0.12652
0.07186
0.130715
0.0900376
0.115204
0.108089
0.108474
0.0908785
0.0640952
0.0954399
0.0383302
0.142877
0.132663
0.143429
0.0655676
0.136081
0.150317
0.0994387
0.0951539
0.105883
0.0649257
0.143673
0.14819
0.023476
0.116109
0.133897
0.043226
0.0676935
0.0960378
0.141954
0.112208
0.132828
0.0490404
0.105848
0.137008
0.0420452
0.140746
0.140287
0.0769389
0.132052
0.145078
0.038885
0.0825082
0.124144
0.118558
0.0974268
0.114658
0.134158
0.100322
0.126653
0.0704494
0.0475262
0.138423
0.132147
0.124517
0.0547503
0.0307978
0.0768081
0.0943418
0.121583
0.139494
0.15357
0.121764
0.0451242
0.0428829
0.0468715
0.0392925
0.0486808
0.133713
0.0902358
0.103298
0.127992
0.0702899
0.125249
0.0957964
0.118099
0.0954757
0.111276
0.154156
0.116152
0.149253
0.0736717
0.0898902
0.108229
0.129966
0.10216
0.0682868
0.0438337
0.110782
0.0422369
0.121595
0.120913
0.132928
0.145006
0.0934976
0.126801
0.0210735
0.146681
0.126124
0.0970199
0.0429903
0.126453
0.153243
0.120535
0.104312
0.0895756
0.128161
0.117877
0.124548
0.138987
0.0853293
0.138598
0.110873
0.0667117
0.126254
0.106049
0.107734
0.12521
0.0466881
0.136586
0.130367
0.0202376
0.0275469
0.148136
0.0428296
0.0761901
0.0969394
0.0676967
0.106386
0.134798
0.0119474
0.119609
0.0745858
0.11819
0.144779
0.147125
0.0205512
0.0961776
0.118479
0.09409
0.125419
0.149407
0.14917
0.0433568
0.0733877
0.103758
0.0494211
0.132391
0.111681
0.0764705
0.125689
0.0428197
0.097206
0.090334
0.140901
0.0203625
0.14001
0.121564
0.126164
0.139227
0.126878
0.124537
0.0930184
0.0842938
0.134631
0.0152341
0.138065
0.139257
0.128388
0.13508
0.153552
0.0587544
0.114229
0.111118
0.129617
0.142902
0.0725908
0.0502426
0.131772
0.0377807
0.0868142
0.0289735
0.121387
0.0962237
0.0927321
0.138217
0.0778413
0.125605
0.114428
0.0287265
0.120259
0.11325
0.0361965
0.130296
0.104013
0.0601995
0.0386856
0.111786
0.137703
0.135145
0.0716981
0.0728385
0.0199358
0.0774109
0.138639
0.129807
0.0216617
0.091515
0.144661
0.0433374
0.140385
0.116447
0.0996505
0.128998
0.10365
0.112053
0.0774332
0.121987
0.0640956
0.0735619
0.111889
0.140013
0.0881063
0.0596925
0.126139
0.133812
0.114813
0.0923484
0.0962742
0.112446
0.129619
0.132166
0.13614
0.0640183
0.0776098
0.0441601
0.100317
0.121615
0.114692
0.0803448
0.109189
0.024808
0.0221503
0.146646
0.134551
0.0902148
0.141938
0.074634
0.128133
0.0200893
0.125889
0.127679
0.0832773
0.0629117
0.11913
0.0998202
0.138604
0.108948
0.114077
0.0981461
0.0201796
0.0168384
0.0865176
0.133184
0.116822
0.0822495
0.0908739
0.0929167
0.121644
0.110645
0.0645271
0.142386
0.0238215
0.110006
0.123158
0.0523428
0.118353
0.0421413
0.108003
0.129663
0.13157
0.104081
0.0413805
0.129177
0.0276256
0.0488611
0.083275
0.0424827
0.0646311
0.0154307
0.083543
0.105195
0.115373
0.108251
0.121736
0.128667
0.131316
0.0242303
0.120105
0.0847039
0.0429633
0.120559
0.0904963
0.106175
0.019009
0.137345
0.105332
0.131861
0.135572
0.0824763
0.146715
0.124374
0.0256906
0.120049
0.0900835
0.0756846
0.107478
0.0425656
0.0767083
0.130376
0.117442
0.0762172
0.0401305
0.113494
0.108957
0.138636
0.113475
0.0472026
0.0726275
0.0255708
0.0772107
0.105124
0.0956508
0.131471
0.0285015
0.139731
0.0806693
0.126318
0.110605
0.10176
0.116293
0.085534
0.116969
0.120734
0.0546108
0.107721
0.0964463
0.139563
0.0973266
0.0986413
0.122563
0.11274
0.118826
0.0907212
0.0417153
0.101595
0.133703
0.125
0.132468
0.0961095
0.0221002
0.12771
0.118383
0.12649
0.0210093
0.123673
0.0955939
0.0910097
0.0829828
0.124591
0.0534561
0.102106
0.0713854
0.0374996
0.1336
0.0819466
0.131562
0.139418
0.0666661
0.107525
0.118606
0.0449388
0.10365
0.0325169
0.134941
0.122168
0.131593
0.100297
0.128805
0.135568
0.070444
0.130543
0.148804
0.119801
0.0706571
0.0263255
0.120856
0.0660259
0.0430314
0.123105
0.112357
0.078997
0.0889134
0.118467
0.107159
0.14488
0.127466
0.0336396
0.0181602
0.0745732
0.0477988
0.0937751
0.134252
0.0991237
0.0533913
0.0942252
0.0958811
0.0414026
0.0594612
0.106697
0.138072
0.133846
0.081382
0.0369587
0.0201494
0.126956
0.146079
0.122143
0.106673
0.0202122
0.082402
0.0792521
0.0806325
0.0183118
0.0353724
0.108428
0.0861576
0.12822
0.0196058
0.0750204
0.0960772
0.0901939
0.140119
0.120184
0.102117
0.107519
0.135269
0.0933772
0.0901746
0.0831988
0.12159
0.122258
0.135408
0.11914
0.01882
0.123866
0.0895473
0.112888
0.121796
0.0678759
0.0795994
0.105058
0.110738
0.141947
0.0198079
0.119052
0.122495
0.132244
0.124067
0.0958604
0.0959447
0.14281
0.0898817
0.023123
0.133523
0.120336
0.10538
0.026396
0.131614
0.0497703
0.121872
0.0944844
0.106892
0.051105
0.0980377
0.0590319
0.0794388
0.0252052
0.0844569
0.135543
0.136783
0.069112
0.0445874
0.0920933
0.0307473
0.135308
0.0786634
0.0297861
0.122668
0.120091
0.110912
0.062778
0.0721275
0.0861329
0.119645
0.118062
0.0685089
0.121339
0.134226
0.121784
0.134473
0.0745246
0.05948
0.138925
0.121867
0.0733636
0.0943615
0.0202985
0.120601
0.0638873
0.12216
0.049846
0.144658
0.0843805
0.0445657
0.100812
0.0617751
0.133049
0.0432273
0.112547
0.122251
0.114576
0.0946601
0.141436
0.117903
0.129151
0.135607
0.121876
0.09279
0.0999966
0.0781204
0.0394452
0.135359
0.103682
0.0735993
0.0752777
0.109416
0.105246
0.0361508
0.052678
0.0786954
0.131433
0.143079
0.137824
0.128294
0.105259
0.0776416
0.109351
0.117698
0.105905
0.0410749
0.0817165
0.0311564
0.0805838
0.037712
0.149007
0.111113
0.0948712
0.0882383
0.0780183
0.133368
0.0536833
0.119449
0.0976221
0.133398
0.0785272
0.0477059
0.0553613
0.113847
0.0745697
0.0832745
0.0698183
0.120293
0.125889
0.0443396
0.105902
0.131642
0.112901
0.134205
0.135425
0.0396427
0.133918
0.0794234
0.122838
0.0772994
0.0663114
0.118555
0.117723
0.117913
0.0827105
0.0401615
0.0881773
0.101391
0.088534
0.0269663
0.0766029
0.133802
0.124537
0.0805404
0.106014
0.105764
0.0997998
0.0912206
0.0660272
0.076538
0.117434
0.0618147
0.0749214
0.0876057
0.128611
0.110547
0.108389
0.080788
0.116024
0.0733831
0.0612054
0.0787157
0.0165803
0.13847
0.0982018
0.0718046
0.125823
0.124944
0.0920346
0.0414174
0.0790489
0.072159
0.02267
0.13409
0.116379
0.0435861
0.0778419
0.127745
0.0755645
0.110234
0.116031
0.140998
0.115004
0.0661117
0.10307
0.135189
0.105354
0.0493049
0.0156619
0.130073
0.0569486
0.119413
0.0192581
0.132611
0.139434
0.0432515
0.137877
0.117927
0.0987836
0.110853
0.0961379
0.127374
0.0784892
0.0568567
0.0696616
0.0909017
0.0795167
0.106508
0.0977453
0.0974654
0.0882022
0.104448
0.0895515
0.0726517
0.0649471
0.128405
0.0942514
0.0874975
0.0752318
0.0164616
0.135268
0.140038
0.103241
0.107207
0.040733
0.0662619
0.0174494
0.0915309
0.0717604
0.0791279
0.103105
0.120545
0.10541
0.0702533
0.0124573
0.0195978
0.119996
0.110069
0.156968
0.114434
0.0173186
0.0959879
0.085131
0.0902332
0.0339112
0.0972103
0.0770817
0.110674
0.120005
0.0773259
0.0686701
0.116806
0.0411986
0.0182596
0.0193521
0.0811559
0.036677
0.0644841
0.101757
0.0379817
0.0840171
0.02854
0.124103
0.112018
0.0487382
0.108993
0.0932882
0.0708232
0.115399
0.0921374
0.111351
0.128785
0.079894
0.0432495
0.109654
0.123494
0.0922102
0.0401431
0.102711
0.0174532
0.113697
0.126392
0.0198502
0.137008
0.140301
0.129726
0.0607622
0.112216
0.0897402
0.115756
0.093859
0.144148
0.117367
0.0135657
0.0728598
0.0799724
0.0589915
0.0679121
0.0173222
0.101641
0.0659763
0.0773462
0.0629512
0.116686
0.125054
0.0226879
0.0641349
0.073999
0.0394477
0.104252
0.0694195
0.112634
0.104249
0.115009
0.0733528
0.0174547
0.094341
0.0772982
0.0296783
0.0735057
0.141729
0.0160563
0.0714453
0.0295281
0.0880282
0.0834284
0.0418012
0.108854
0.106552
0.104988
0.0863753
0.0770677
0.0984842
0.105435
0.0418783
0.036769
0.073337
0.087378
0.0295363
0.0179092
0.0897495
0.0779754
0.0662231
0.109728
0.0216234
0.105839
0.11025
0.0728516
0.0193998
0.110594
0.0432459
0.0834195
0.0189733
0.0743931
0.105749
0.0413705
0.0397522
0.0866539
0.104717
0.107397
0.0566364
0.126419
0.0557156
0.0919479
0.0846767
0.105123
0.0171407
0.109462
0.0949002
0.0750423
0.103587
0.108427
0.115044
0.037501
0.0741474
0.0273138
0.0421913
0.098805
0.0736958
0.0751659
0.0784708
0.114258
0.0198511
0.0590522
0.0756779
0.106148
0.0882292
0.0941537
0.0714386
0.0265828
0.068138
0.109903
0.118235
0.0815654
0.110034
0.111027
0.0816807
0.0836826
0.112346
0.0905799
0.024694
0.0756038
0.0817045
0.024719
0.063179
0.0409163
0.0753275
0.0411794
0.0944158
0.0680998
0.0719256
0.0358117
0.0797572
0.0991962
0.0542309
0.0852992
0.0203521
0.0566283
0.0814652
0.113934
0.0824388
0.113295
0.139548
0.109346
0.127967
0.0793803
0.106369
0.0925075
0.062718
0.0871188
0.018564
0.0577345
0.105363
0.0814245
0.0624619
0.0999074
0.107694
0.125425
0.104628
0.0415093
0.0964855
0.106982
0.0748945
0.0627355
0.0588866
0.11026
0.0701191
0.0511284
0.10168
0.0137483
0.088109
0.0748717
0.057293
0.117453
0.132407
0.0964973
0.107212
0.0621817
0.0531653
0.0273834
0.0997235
0.0891308
0.106935
0.0650308
0.115979
0.118449
0.0911395
0.0834845
0.0830677
0.127312
0.116137
0.015443
0.0997401
0.0724994
0.119639
0.107526
0.10076
0.0992029
0.0376785
0.114481
0.108844
0.090123
0.0862266
0.0891546
0.0918236
0.111523
0.0260558
0.103948
0.0638935
0.0254122
0.0832749
0.0951422
0.04815
0.095708
0.0814529
0.0961876
0.061832
0.10293
0.0395311
0.0877066
0.0985841
0.083923
0.0882313
0.0783234
0.0249575
0.0746232
0.130185
0.0375566
0.134905
0.0776209
0.0635805
0.0994485
0.0707678
0.107817
0.0156178
0.0427458
0.0769441
0.0808202
0.086453
0.09804
0.0809832
0.0386339
0.118402
0.126805
0.0593921
0.074053
0.0770504
0.0732896
0.0349024
0.0992979
0.0949191
0.0314376
0.0920784
0.0978915
0.104287
0.037005
0.0353802
0.052101
0.0429417
0.0415289
0.0198769
0.038655
0.0518659
0.0193491
0.132576
0.0654128
0.0170776
0.110547
0.121799
0.041157
0.0967027
0.0395078
0.106622
0.0915893
0.119649
0.0408931
0.020999
0.0444053
0.128902
0.130589
0.0289633
0.138849
0.0363777
0.118685
0.0639145
0.148256
0.102191
0.0437237
0.0707876
0.140018
0.0745929
0.111133
0.136052
0.113301
0.043216
0.00864685
0.0546211
0.0422883
0.118867
0.0375779
0.0805115
0.0222923
0.104224
0.039405
0.113765
0.110313
0.102737
0.0207758
0.042384
0.0747703
0.0460866
0.132213
0.131281
0.104603
0.122831
0.132118
0.0495444
0.0981278
0.07302
0.118901
0.100702
0.0949621
0.132993
0.0356016
0.0732948
0.0392804
0.106679
0.02114
0.0990142
0.038091
0.0689337
0.105
0.107855
0.0374365
0.110492
0.0926198
0.0717518
0.086947
0.110426
0.0586479
0.0720429
0.0422766
0.0678503
0.0423013
0.0466212
0.115215
0.0377434
0.0927144
0.0734351
0.01966
0.0982083
0.0434927
0.0708907
0.0731385
0.0995328
0.0416918
0.0665881
)
;


// ************************************************************************* //
