/*--------------------------------*- C++ -*----------------------------------*\
| =========                 |                                                 |
| \\      /  F ield         | OpenFOAM: The Open Source CFD Toolbox           |
|  \\    /   O peration     | Version:  v2012                                 |
|   \\  /    A nd           | Website:  www.openfoam.com                      |
|    \\/     M anipulation  |                                                 |
\*---------------------------------------------------------------------------*/
FoamFile
{
    version     2.0;
    format      ascii;
    class       volScalarField;
    location    "350";
    object      omega;
}
// * * * * * * * * * * * * * * * * * * * * * * * * * * * * * * * * * * * * * //

dimensions      [0 0 -1 0 0 0 0];


internalField   nonuniform List<scalar> 
10042
(
0.0219129
0.022052
0.0219813
0.0231704
8.96122
0.0220721
4.00145
6.65508
0.0217965
0.0220109
4.66633
0.0231031
0.0215337
0.0214976
0.0236586
0.0220345
0.0220263
0.0222585
0.0219159
0.132821
0.0219056
0.427341
0.0215825
0.0216177
0.0220589
0.0305403
0.0221324
0.0227999
0.021814
0.0224587
0.0220223
5.0938
0.0220215
0.0223778
0.0269285
0.0216295
0.0295066
0.0361696
0.0216313
0.0301948
0.145629
0.0232496
3.83148
0.0219999
9.18456
0.0656502
0.0223439
0.112844
0.0283944
0.0550538
0.022167
0.0225046
0.0232678
0.0233777
0.0295786
0.0220652
0.0218172
0.0223095
0.0223669
0.0230565
0.0220471
0.0220064
0.0271308
0.0219544
0.0222443
0.0223934
0.0220371
0.0739048
3.50475
0.0218768
0.0232898
0.157211
0.0220068
0.0322575
0.0220151
0.021615
8.3656
0.0219268
0.0302497
3.75708
0.0275821
10.3197
0.0220203
0.0228455
0.0220433
0.0222136
0.0218893
0.161569
0.0219332
0.0218913
0.0223096
10.6778
0.0228938
0.0224005
0.022401
0.021892
0.0219374
0.0218663
0.0296375
0.0218278
0.0222908
0.112579
6.32123
0.0222023
0.0226556
0.0525624
0.0219138
0.0219308
0.021914
0.0214571
0.0217115
0.0218245
0.026292
3.64372
0.0222328
0.0218367
0.0219446
0.0219221
0.0218907
4.95399
0.0219263
6.62524
0.0220401
0.0219854
0.111421
0.022023
6.75911
0.0291526
0.0507275
0.0218821
0.0312443
0.0220004
4.05965
0.276109
0.0218272
0.0607733
4.49163
0.0223177
0.118444
0.185281
0.0227837
0.0219413
0.0225118
0.160776
0.0220139
0.0218244
0.0606151
0.0215549
0.0218817
0.0256979
0.0218259
0.0222555
2.5062
4.43982
0.0221855
0.0215292
0.0226093
0.0219981
0.0609141
10.733
5.39953
0.146821
0.0219896
0.021827
0.0221087
0.021983
0.0609865
24.2503
5.52456
4.66877
0.0228673
0.0218417
11.6968
0.171676
0.0386736
3.38867
6.06128
0.0220221
0.0856391
0.0328773
0.0227571
5.21135
0.0220878
0.0289925
0.0231126
5.50979
0.324164
0.022143
5.10851
0.0243103
2.76933
0.0225099
2.47827
11.8498
0.114835
10.489
0.0262693
0.0219271
0.0215336
0.0236747
0.0373862
0.022184
0.0218187
0.170342
0.0220765
0.0216855
4.38765
0.0221568
0.0222603
0.0222426
8.54134
0.0218613
0.0565127
0.327408
0.0225805
0.345125
0.0219646
0.0219924
0.0690515
0.0217693
0.0264175
0.0227409
0.39061
0.0375401
0.0255818
0.0317024
2.79467
0.0218303
0.192688
0.0236067
0.0217959
0.135215
0.0218503
0.0235609
0.0220295
0.0259277
0.0217116
0.021484
0.0236279
0.0274249
0.0219968
0.0220447
0.0220543
0.0263715
0.0218374
0.0220313
0.0216185
0.0227358
0.0230825
0.0222688
0.0215348
0.0218673
0.0245344
0.511615
0.148444
6.11804
0.0392137
0.0380141
0.0238443
0.0741788
4.08734
0.0233626
0.0219175
0.0215016
0.0235859
0.0217102
1.55119
0.0237745
0.0218839
0.0222502
0.0392412
0.023146
0.298237
0.0386
0.195302
0.0243799
0.027376
0.0217126
0.0259682
0.0220467
0.034079
0.0219014
0.0306067
4.02678
0.0216859
0.0219111
4.28894
0.0672051
0.0221054
0.0220459
0.0242206
3.34485
0.0582899
0.168474
0.022182
0.0215299
0.021831
0.0218116
2.54985
0.0218753
0.0220413
0.0218381
0.0219663
0.0376292
0.0239056
0.0789947
6.87275
0.0228633
7.5378
0.0218411
0.0256891
0.022124
7.1945
0.111634
8.80724
7.75598
0.0216009
0.0237979
0.0218833
0.024152
0.0317742
0.0222415
0.0338488
0.0217051
0.0214994
0.0220266
0.084354
0.0222838
0.02394
0.0219635
0.0237417
4.36415
0.0218407
0.022176
0.0219894
0.0219204
0.0435851
0.115816
0.0378769
8.2432
0.0380715
0.0279014
0.0219793
0.021481
0.0224168
0.022268
5.51672
0.0219007
0.0223911
0.129003
0.0218211
0.0248949
0.0229768
0.140449
0.0219915
0.0253717
0.0476914
0.0335458
0.023624
0.0219333
8.07969
0.0616357
0.0224985
0.0431805
0.0219512
0.0218545
0.0219492
0.0248461
2.03241
0.0252318
0.0222492
0.0228053
0.0222923
0.0222708
0.130642
0.0219312
0.0216283
4.48693
0.0218401
5.76387
6.6859
0.032928
2.98975
7.06511
0.0283331
0.13883
0.0221586
0.0568526
0.0222913
0.022241
2.11608
0.0220667
0.0244223
12.1158
0.0220026
0.0219069
0.0505775
2.13652
0.0223001
0.0215531
5.17922
0.112546
0.0218373
0.0742728
11.675
0.0217681
0.022264
0.0216442
0.0218643
0.0214809
0.0216783
7.74663
6.43076
0.0222783
7.7488
0.0214991
0.0218767
0.750088
0.0221757
5.93849
0.0632636
0.0228542
0.0216016
0.0215438
0.143667
0.0230037
0.028333
0.0224282
4.27697
0.022462
12.0425
0.0234394
0.021938
0.0218363
0.741741
0.0219538
0.0258014
0.0218605
0.02196
7.09793
0.0263175
0.0219333
0.0217517
5.59008
0.0218731
0.0267059
0.0235502
0.0217142
8.32143
3.01083
0.021886
0.0221669
0.0254307
0.0215343
0.022012
0.0219734
5.43326
0.021997
0.0217332
0.0289042
6.20167
0.0622892
0.0222685
0.0324347
19.0442
0.0400312
0.0219386
0.0219397
0.270235
0.0223955
0.0219442
0.0294557
0.0218495
0.0216791
0.0228956
0.0215666
0.0386976
0.0219102
0.021958
5.96201
0.0217627
0.0227601
0.0220685
0.0223609
0.0337501
0.0218903
0.0218881
5.3665
0.0225841
3.74914
0.0233209
0.0222819
0.0222767
0.137477
0.0218983
0.0219383
0.0220136
0.0226023
0.0280145
4.23563
0.0218767
0.0384957
4.35916
0.0398907
0.0222611
0.0219609
0.0221949
0.022203
0.0218537
1.6874
4.73637
0.0220765
0.0291896
0.0305734
0.0297996
0.0220237
0.0216557
4.97088
0.134694
3.16786
0.0215954
0.0222556
0.0221188
0.021845
4.26736
0.0359102
0.0226093
0.0218839
0.0218112
0.0219923
6.01909
0.0263172
0.0221398
6.63459
1.33982
0.421069
0.0535588
0.0220194
0.021834
0.0632784
0.0553255
2.03472
24.2112
0.0248598
0.0261094
0.0222105
0.0238728
0.0221611
0.0221997
4.98126
0.0216122
0.0218452
0.0625896
0.0222102
2.78277
0.0230926
0.167162
0.0299354
0.0222447
0.0236193
0.0269468
0.0430174
0.053425
0.0839284
0.0222823
0.0548968
0.0231274
0.0218878
0.0221192
0.0224477
0.0220361
0.0251181
0.0625614
0.0414849
0.0221431
0.022659
0.0220096
0.0219174
0.12912
0.0219317
0.0234995
0.296133
0.021568
0.055371
0.0842537
0.0220434
5.49565
0.0449741
0.0222097
0.361675
0.0220889
0.0222686
0.0219607
0.0219829
0.0222924
0.0243799
0.0220005
0.976832
0.0227787
0.0219662
0.0222985
0.0342592
0.0353672
0.0219805
0.024947
0.0218339
0.0350067
0.0219364
0.0300424
0.0216347
0.0229824
0.0215423
0.0219353
6.73822
0.0216503
0.114946
0.0219689
0.0230392
0.0217434
0.0355666
0.0220768
0.0462839
0.0221049
0.29496
0.022262
4.1635
0.0215492
0.0235654
0.0222714
0.0219802
0.0219631
0.0243134
0.0220359
0.125408
30.7589
2.7807
0.0244123
0.0369693
0.0218128
0.0391237
0.0654599
0.0220138
0.0291391
0.0881133
2.06778
0.0845288
13.0135
0.0278372
0.0221401
0.0222313
0.0256
0.0243831
0.0394383
0.0216048
0.023682
0.130485
0.0222649
0.0219185
0.0254302
3.76203
0.0234012
0.0312842
0.0629762
0.0222514
3.62207
0.0216207
0.0218261
0.0224855
0.0218546
6.19305
0.0759679
3.31131
0.022057
6.19693
8.91691
4.65536
0.0391367
0.0750112
0.190893
0.0413431
0.021965
0.0218641
0.0302981
7.90351
0.0218071
0.0296105
3.86644
0.0219038
0.0219108
0.0218922
0.0229794
0.021955
0.0220469
0.133201
10.2747
0.0220126
0.0220028
4.08368
2.15014
0.0218168
0.0219424
0.022155
0.0218681
0.809984
0.0758074
0.284139
0.0226575
0.0219046
0.0218011
0.0227842
0.0220556
0.0349916
0.0226275
6.30919
0.0220102
0.0220761
0.0419386
0.0218021
0.0363974
0.0666057
0.0233512
29.4378
2.73169
0.0221458
0.0218491
6.83187
5.69636
0.0360639
0.0220636
6.89855
0.18679
0.0257295
0.0219484
0.0219959
0.0219255
0.345952
0.0243568
0.0961681
0.0222685
4.0576
1.48373
0.0219639
0.0219931
0.118145
0.0221504
0.0217405
0.0253678
4.20909
1.93707
7.32752
0.0225876
0.0643842
0.0396585
0.021643
0.0218882
0.0221936
0.325334
0.022206
0.021961
0.0641226
0.0220121
0.067941
0.0221116
0.0221076
0.0216901
0.0221512
0.243805
0.0221991
0.0218605
0.043875
0.0566689
0.3998
0.0222099
0.0955481
1.92262
3.80731
0.0229638
5.7479
8.34982
0.0219054
0.0215451
0.0226925
0.0233095
1.53697
0.0236391
0.022123
0.0222062
2.1617
0.037968
0.0225101
0.0221424
0.021938
0.0436965
0.0217551
0.0218417
0.0337042
0.0228912
0.0222043
0.021797
1.3743
0.021911
0.0228163
0.0220303
0.0224155
0.160487
0.0222029
0.0230814
0.0220732
0.025679
0.802924
0.0222919
0.37885
0.0264116
1.65711
0.0216589
0.0236798
0.0331424
0.0954488
0.0508829
0.0226159
12.9999
4.96434
0.0224997
0.0218068
5.88011
0.02208
0.0222511
0.0217295
0.0222417
0.0534914
0.0222928
0.0222931
0.0657657
0.0289816
0.0229668
0.0316041
0.0227393
7.44657
0.0235507
0.863335
0.0218599
0.0626793
0.0374645
3.11328
0.0246202
4.15831
0.0222695
0.0262881
0.022043
0.0220876
0.0219042
0.160143
0.0406906
0.0526112
6.89379
0.02212
10.6899
0.0266616
0.0217876
0.0314874
0.0316044
2.55818
0.0219876
0.0282899
0.0521692
0.0235784
0.0420281
0.0222838
0.0215753
0.0222833
0.319665
0.0221345
0.022006
0.0217364
0.0217272
0.0219396
0.0219928
0.0224047
0.0218482
0.0221513
0.0224619
0.025583
0.0310999
0.0219921
1.79776
0.0219781
4.77848
0.0374253
2.22486
0.0377761
0.0260535
5.39204
0.0358231
0.342391
4.76835
0.0433
0.0221993
0.0218453
0.02302
0.165727
0.0218922
4.37293
0.0218696
16.1365
3.95813
0.059851
0.0230812
4.96527
3.54778
0.0231981
0.0219816
0.0222638
0.0249488
0.0215658
0.0216683
0.0597377
2.02734
0.0220792
0.0218827
0.0223579
0.718538
0.0666488
0.0221564
0.0256649
0.0967966
0.0225037
0.0220304
4.21071
0.0222948
0.0218727
10.8784
0.0241837
0.0219508
5.25506
2.76801
7.35051
0.0219134
0.0232249
1.17763
0.0217353
0.0218936
0.0222843
0.0311073
0.0220464
0.0221117
0.0238649
0.0463452
0.185661
0.0217819
0.0219324
0.0220799
0.0218522
0.0225832
0.0215986
0.160441
0.0290793
0.0219559
0.0219881
0.021766
0.0219775
0.0225729
4.31092
0.0301805
0.0215445
0.0219297
0.0413921
2.69524
0.0220442
0.0219843
0.0220306
0.0215518
13.0098
0.0526149
0.0217293
0.0220671
0.0306756
0.107502
0.0221693
0.0222827
0.0251778
0.022083
0.0267635
0.0223831
4.64843
0.0361014
0.0220717
0.0264925
12.1492
0.0284813
0.224056
0.0255156
1.51576
0.0222709
0.0222882
0.0256231
0.0718528
0.0218938
0.0218539
0.0222435
0.0229414
0.10829
0.124388
4.58584
0.0228705
0.0219934
0.0286489
0.0219705
0.0219668
5.08944
0.0238515
0.0220398
0.0219861
0.289383
5.93662
0.0219919
0.0221153
0.100916
0.0218342
0.0221043
0.0219353
0.0982349
0.0233025
0.0267832
10.0279
0.0222956
0.0221683
1.91175
0.0219096
0.169363
0.0219001
0.0236807
0.0428839
0.0219837
0.0220902
0.0223902
0.0238155
13.0301
0.0219222
0.0221354
0.220593
0.0258048
3.37334
4.56525
0.0480887
0.0222121
0.485993
0.0219122
9.06633
0.0221678
0.0220494
0.0217088
6.1061
0.0222122
0.0223578
0.02216
0.0355777
1.7703
0.0286857
0.0513703
0.0218971
0.0221354
0.0385715
0.0298011
0.0218361
0.0257973
0.0218806
2.90212
4.06264
0.0221392
0.0229342
0.0222227
4.64369
0.0221572
16.9115
0.0219798
0.0218742
0.0217221
0.0225851
0.0242049
0.0222715
0.0219942
0.0220031
7.06773
0.121064
0.0218904
0.025061
0.024513
0.0417765
0.0219035
0.0258556
0.0230936
0.02196
0.0232215
0.0326029
0.0222802
0.0219162
0.0269561
0.0217758
0.167336
0.0233423
0.144729
0.0221092
0.0220406
0.0218894
0.0771517
0.040576
0.0217685
0.0250916
0.0776265
0.0224584
0.0217715
0.0260358
0.0222247
8.84982
0.226454
0.0253049
6.66209
0.0231242
0.0365065
0.0986344
0.0383345
0.0358606
5.09889
0.0317054
0.155496
0.0220988
0.0232139
0.0218596
0.0219465
0.0272319
0.02177
0.198402
0.0220049
0.0219907
0.0765606
0.0219446
0.0584388
0.0268182
0.0257781
0.0218724
0.0429192
0.923376
0.0214251
0.0331224
4.78122
0.0424074
0.0218026
0.0317181
0.0219957
0.021791
11.5057
0.0218313
0.0217846
0.0519719
0.0219572
0.0279195
0.0217804
0.0220054
3.24196
0.0218866
0.0216683
0.0251099
0.0219115
0.0215347
0.0222518
12.2101
0.0221486
0.0220852
0.0215852
0.0928606
0.0224087
0.0248805
0.0219289
0.03509
0.0227317
0.0218966
0.0230493
0.0221012
0.0217807
0.120294
0.043358
0.0296315
0.0235152
0.0472631
0.0796283
0.0275772
0.0282884
0.0229645
4.18748
0.0219375
0.0220254
0.0219261
0.0222384
0.0359609
0.0218965
8.58498
4.14403
7.62808
0.022085
0.025144
0.0398226
0.0215407
0.0897044
0.0483464
0.93059
0.0714282
4.21169
0.0797292
0.232835
1.44163
0.0288991
0.0232962
0.0255515
0.0217832
2.18833
0.0227583
0.0294122
0.0217975
0.0253973
0.0220476
4.30435
2.70082
0.0222037
4.86199
0.775938
0.323765
0.0483442
0.0685618
0.0216715
4.49135
0.0219692
7.05433
4.59419
0.0222043
0.021897
0.0220036
0.02343
0.0256128
0.0368734
0.247741
0.0221253
0.0220423
0.0256863
0.0225428
0.0220367
0.026484
0.021835
0.0220613
1.18167
0.0650868
0.0220445
5.0251
0.0232415
0.0222721
0.0234657
0.371043
0.0219415
0.0217315
0.121687
0.194376
0.0218428
0.0257165
1.90697
0.057159
3.98104
0.0217794
0.215807
3.33424
7.44193
0.0220844
0.0219107
0.066919
0.0264813
0.042313
0.0223511
5.02514
0.0519888
0.226359
0.0220641
0.0219783
5.12008
0.504766
0.0221501
0.0222723
4.77371
0.0219241
0.0216141
0.0218568
0.0238263
0.0221969
0.0298493
0.0221178
0.0242145
0.0216224
0.0347751
21.5266
0.0609817
0.0360329
7.21751
0.0808324
0.0216488
0.0217871
0.0218964
0.0222837
0.136373
0.0299868
0.0222236
0.0219854
0.0219752
0.0216055
0.0327523
0.0216153
0.0490235
0.0246226
0.0221243
3.06298
4.74051
0.022103
4.78335
0.034421
0.0344145
0.0222641
0.021629
8.9472
0.0789983
0.021925
0.0217297
0.0219349
0.0271572
0.0222624
0.195824
0.0215255
0.0220615
0.0220678
1.62908
4.89552
0.0215307
0.0220058
0.15531
0.483503
0.0247202
3.37874
5.15098
0.0218192
0.0221421
0.022134
0.0231014
1.5244
0.0220409
0.0222843
0.196976
0.0992379
0.0222121
0.0219457
0.0733726
0.0222836
0.0220764
0.113523
0.0886819
4.48206
0.0219848
0.0808536
0.0415775
0.0603051
0.0231261
0.0279342
0.0219414
0.0219756
0.122527
0.0262268
0.0220012
0.0252269
4.57631
0.0215458
0.021809
0.0215386
0.0782478
0.0219505
0.0220871
0.0214466
0.0219493
0.880351
6.70683
0.0222295
7.40094
3.93163
4.05566
0.0219384
0.0219414
0.02183
0.0218902
0.0221172
0.0221501
0.0216253
0.022083
0.0217816
0.0244354
7.47266
0.0369307
2.94231
0.0317045
0.0220338
0.0232467
0.0331718
0.0221861
0.0218466
0.0411619
0.0328174
0.724567
0.0448554
0.0215107
9.49141
0.0228532
0.0215011
0.0218942
0.518579
0.0460455
0.0227866
0.0262892
0.0220736
0.0220955
0.0326502
0.044015
0.0298591
6.66513
0.0220852
0.0220308
0.746876
0.0383677
0.0255476
0.156923
0.0234835
0.0673281
0.405658
0.0699168
7.79393
0.0218457
0.0217798
0.021943
0.0220495
0.0220955
0.0233894
0.0427344
0.0560436
13.3768
0.0220745
5.81274
8.91042
0.025261
1.76055
0.022245
0.10237
6.69593
0.0219137
0.10521
0.0215789
1.81165
0.0221976
0.289302
0.0218576
6.84422
0.0422567
4.71455
0.0218498
0.222737
0.021667
0.0234956
2.05999
0.0218403
7.83638
4.06564
4.21568
8.84777
0.107317
4.27046
0.0406707
0.0220199
0.0460869
0.0489377
4.17299
0.0220789
0.0220177
0.0229123
0.0505845
0.0219468
0.0222488
0.0222567
14.6814
1.77507
0.0219048
8.44735
0.0598928
0.0217284
0.0393695
0.0277763
1.88916
0.0306351
0.0217812
0.671788
0.0220733
0.0219407
0.0220905
0.135646
0.0672907
0.0218435
0.0269318
0.022111
0.0222606
0.0217947
7.59512
0.0222857
0.0218163
5.48058
0.299893
0.0246002
0.0218448
1.43607
0.0287006
0.0233743
0.021951
0.0526627
0.0235126
0.0284987
0.0251621
6.84047
0.0449334
0.0654114
0.0215035
0.0346305
0.0506696
0.0292538
0.0224201
6.11325
0.0222527
0.20987
0.0218871
0.0221935
0.0338627
0.266539
0.0238972
0.0258449
0.0221145
0.0378749
0.0711512
0.102117
0.0285383
0.0222923
0.0219666
0.0283422
0.0968231
0.0219411
0.0466932
0.0220179
0.021943
4.27521
0.0218883
5.70748
0.0219423
0.0273364
0.0801455
0.0219304
0.0298092
0.117357
0.114966
0.0219583
0.0911571
0.0228345
0.0222633
0.0218917
4.45494
2.38184
0.0219071
0.0219312
0.021647
0.021812
0.104516
2.80799
0.021933
1.35967
0.0217326
0.0218
0.0218934
5.91544
0.0230002
0.0240865
0.0219504
0.0220048
0.0219117
0.0222568
0.0222595
0.0336912
12.8376
0.0216481
0.021914
0.0422004
0.0740623
0.0217962
6.96441
0.0554747
0.0217916
0.021531
0.0223901
0.136825
0.0217537
0.0888139
0.0296421
0.0242092
0.021788
0.0483797
0.0215293
0.139817
0.028259
0.0224112
5.36619
7.54017
0.0214322
0.0218559
6.21708
0.1376
0.0852575
0.0250335
0.0888209
0.0215665
4.72107
0.0711584
0.0218168
1.54585
2.71008
0.0233426
0.0469038
0.0573047
0.0217739
7.45509
0.0221981
0.0279877
0.0310047
0.0222875
0.0220498
0.0534372
0.0218696
0.0218915
0.0218688
5.98524
0.0218482
0.02194
0.021763
0.0218893
0.0218604
0.0222301
0.0582462
0.0460714
0.0241265
0.0222498
1.91456
0.0223149
0.0218408
0.021897
0.021642
0.0220867
0.0219732
0.0301579
0.103121
0.022224
0.0321646
0.050952
0.0217622
0.028159
2.06432
0.0228929
0.021532
0.0220819
0.0850265
0.0222028
0.022203
0.0246889
0.0252236
7.51521
12.0342
0.0218259
0.0218658
0.0219461
0.070798
0.0232115
0.0217976
0.0286654
0.0767184
0.0221849
0.0273177
0.0221335
0.115511
0.55793
0.0232272
0.12959
0.026437
4.20281
0.0222051
0.0218938
4.79413
0.119988
0.0248468
0.196754
0.0929875
28.234
0.046943
0.682804
0.0265998
0.0259443
4.65894
0.0271939
0.763751
0.032144
0.136096
4.87582
0.0222933
0.0221507
0.0219808
0.371859
0.0214539
5.46969
0.0396428
20.1051
0.0230444
0.12115
0.240351
0.0219488
0.0222279
0.0813749
0.0305944
0.0220888
0.0260214
0.0794851
0.0838486
0.0834532
0.129226
10.1171
0.152713
0.0221154
0.0222014
3.33839
0.0778991
0.0228209
0.0389586
2.75362
0.0224165
0.024509
0.0219441
0.0293742
0.0220404
0.0221058
0.0394053
0.022107
0.022761
4.6159
28.9272
0.0217281
0.0260681
0.028
0.201233
0.0441731
0.0225692
0.0219288
0.106221
18.8078
0.0219325
0.0253307
0.022148
4.60491
0.0218254
0.0312181
5.42081
3.91479
0.022272
0.143119
0.0929938
0.0618919
0.0260158
0.0220218
5.50029
0.0218121
0.0274786
0.022254
0.0305822
0.021621
0.0216463
0.0222092
0.0716976
0.0218166
0.0219796
0.0218068
0.022135
0.0218665
0.0220934
0.0978753
9.14096
1.77175
0.0263515
0.0220583
0.0325912
0.0241905
5.45489
0.022285
0.188981
0.0216173
0.0219979
0.0226676
0.0365383
2.68976
0.0219608
4.33184
0.0224178
0.021526
0.023388
6.16732
0.0235375
0.0457892
5.16513
0.0222848
0.0221951
6.6924
0.0218822
9.95139
0.0220891
0.0339898
9.01138
0.0229359
0.0220982
0.0218599
8.50258
0.0277737
0.0218668
0.79558
0.0219625
0.0229975
0.0896238
20.3539
0.201089
3.70582
10.0534
0.0760325
0.0237317
0.190796
0.300478
0.0218849
0.0218541
0.0230211
0.0283619
0.0811618
0.0219943
0.025686
0.0219058
0.0219641
1.68347
0.0222251
7.15366
0.0215684
0.0345638
0.069274
0.0218281
0.0215199
4.03463
4.76421
0.0691872
0.0220825
0.0255223
0.0585467
0.0217661
0.0376004
0.111991
0.0427792
0.0233391
5.23506
22.6582
0.0215446
0.0221334
0.0216482
0.0221945
0.0231485
0.0288665
19.4942
0.0221206
0.0219635
0.0489636
17.5592
0.0215777
6.86499
0.021612
0.156088
0.0625912
4.62713
0.0754914
0.0550287
0.0577496
0.0215217
0.0215121
0.300328
0.0261501
0.0220891
1.94275
0.0218241
0.0220858
0.0216223
0.0527136
0.222566
0.752572
0.149776
0.0298343
0.0304373
0.0221373
8.80504
0.862979
0.0233236
0.0219768
0.0217739
0.106182
6.56091
0.0369287
7.78865
0.0229478
0.0217777
4.1101
0.021942
4.24086
8.72994
0.02169
0.0307878
3.05198
0.0245308
0.0368277
0.0218298
4.1309
0.0275731
0.167077
5.06457
9.39285
0.0294573
0.0299105
0.0221364
0.159462
8.745
0.0233719
0.0245315
4.30364
0.0506413
0.0693189
0.0222635
5.02798
4.74309
0.0991281
0.0219412
0.0277603
0.0218964
5.64333
0.0812656
0.0356904
8.06868
4.17234
0.021522
0.180216
0.022102
9.75794
0.0959904
0.0280394
0.0261801
1.41941
0.0214072
0.0698143
6.04331
3.068
0.0232757
0.0220326
0.0217896
0.0916021
5.9559
0.193832
4.15213
0.108552
0.0436676
0.0217715
4.0528
0.0886637
0.0291147
0.199147
5.13533
4.49948
4.59245
7.22324
4.95586
4.81093
0.0220902
0.0293672
0.0345964
0.0220121
8.90094
1.39685
0.0220209
5.82661
0.0221302
0.0219939
0.0217717
0.032797
0.0218657
4.34614
0.062803
1.49512
0.0217415
0.723478
0.0492423
1.63036
4.69628
0.0230343
0.0291321
0.0391076
0.0686097
0.0217885
0.0216445
0.0218915
4.15291
0.0217784
0.0217852
0.574972
0.0237836
17.3862
0.0220461
5.01713
0.0219521
0.0220606
0.0219628
0.0219863
0.0283692
0.0249772
6.14875
0.0317908
0.0407592
3.55891
0.0218251
5.32845
0.0217922
4.58015
4.40583
4.60819
0.0728818
0.0219863
0.0222726
4.15916
0.0221941
0.0275236
0.0221125
0.0317405
4.92976
0.021887
0.0218469
0.021869
0.0222651
9.30347
8.47816
0.0218397
0.0214464
4.18025
7.29076
0.0218596
3.76942
0.0222642
6.11272
4.47671
0.0774916
0.372054
1.04413
0.0882525
4.1951
0.0909412
0.0219677
0.021547
0.0217843
5.26785
7.84085
0.0232497
0.028701
4.19136
0.0218303
4.77081
0.0219078
0.0220502
0.021633
9.63515
0.0837734
0.0217634
3.97391
0.0222527
6.54308
3.24985
0.0217453
0.0221107
0.137907
0.0219555
0.0219242
0.0218311
2.32392
0.0326569
0.0220325
0.0221306
2.20919
0.0219303
0.0423991
0.0219894
4.66615
0.0221019
0.109545
0.0235942
4.18919
5.78618
0.0325012
0.0972217
0.0609906
0.0220765
0.0796022
4.36707
0.0217698
0.092508
0.0217637
0.719147
0.0218926
4.63181
2.26831
0.10993
4.15077
4.02436
0.0417963
0.0228539
8.30731
0.0219331
8.7373
0.0256812
1.97455
0.0218622
0.0334978
0.050349
0.0310174
0.022112
0.0219413
0.0221956
4.95408
0.0789888
3.99989
1.7134
0.0279662
0.0216222
0.0564609
10.2709
0.0344525
0.0218083
0.0220811
11.0567
9.48171
10.4366
4.98605
0.0381131
0.0222963
0.0217755
0.0560283
0.0547849
1.37875
0.022003
0.0220713
32.8545
0.0716995
0.0222853
0.0699119
1.8815
0.119897
0.0216341
0.0500263
0.737852
1.97855
4.76369
0.242441
0.0218652
0.0222691
0.0220723
0.0222849
0.02195
0.022092
0.0342727
0.234012
0.0360386
0.0292079
0.0296935
0.0221876
0.0265033
0.022851
0.0358627
0.0335954
0.0218259
0.0292429
0.0218867
0.0218428
0.0226136
0.0221206
0.427864
0.0216021
0.0804423
1.92809
6.43886
6.28766
5.30489
0.0224762
0.0222368
0.0219018
3.94608
0.0219645
0.0214756
0.0221742
4.15021
0.0319022
0.0360445
1.02574
0.0235562
0.0220349
0.0308255
0.0218769
0.0498928
0.0222854
0.0352501
0.0217899
0.0219228
0.0231619
0.0237032
0.026187
1.32456
0.0416873
0.11848
0.0649158
0.152737
0.0467354
0.0742641
0.021941
4.39388
0.0246548
0.0270639
0.021929
0.0230323
0.130638
0.0219849
0.0672173
6.54158
0.0297184
0.384003
0.112436
0.0560158
0.0737325
0.062745
0.0219314
0.0297842
0.0220917
0.0842934
0.0544408
3.64073
0.0217573
0.0509514
0.0267089
2.54267
5.9269
0.0494773
0.0220991
0.0559011
0.0215711
0.0744081
0.0229563
2.82001
0.0216559
0.0261186
0.0220202
0.0373605
0.173717
0.0319207
8.65505
0.0220417
0.0331069
0.0634216
0.0220193
6.40826
5.59989
0.194381
0.0606499
0.0511534
0.0218721
0.0217974
8.17493
0.110353
0.0216542
0.0227613
0.0251871
0.021895
0.469624
0.0217851
4.78895
0.160833
0.17976
0.039075
0.0223618
0.0216635
0.0218744
0.161408
0.0840152
0.0269174
4.45524
0.0221737
0.0232148
0.0276381
5.80796
0.0215099
5.32235
0.0214073
3.88636
0.0219114
0.0218979
0.0388809
0.0219859
0.0222517
0.159837
0.0220822
0.0223461
0.0218047
0.0470649
0.0261553
1.43008
0.0219929
0.0221091
0.0218488
0.155788
0.0218024
0.0290361
0.045207
3.89001
8.19643
10.9397
0.877963
0.465945
0.0437493
0.0649051
0.0276216
0.022251
0.0221209
5.17566
0.0595379
0.0215409
0.0219676
0.0219564
0.0291394
0.087842
0.0222518
0.0306846
0.13822
0.220622
0.122064
0.02197
0.0222376
1.95718
0.0243022
0.0215992
2.54107
6.11473
0.0217002
0.0214364
0.0273566
0.0220572
0.0388488
0.0222485
4.43643
0.0222726
1.43102
0.0220326
4.77839
0.0310402
0.0219446
0.0685653
0.0215958
0.0220971
0.0222647
0.0344781
0.702879
0.0218517
0.203886
0.0222855
0.0221997
0.118054
0.0217385
0.0221285
0.0221026
0.0214722
0.0219709
0.0215124
0.0221664
7.24064
0.0218562
0.0217827
0.0595992
0.0216344
0.0219381
0.0221674
0.0222986
6.82692
0.432085
0.0221005
0.0232634
0.0220203
0.0222855
0.242823
0.0220558
0.0219854
7.5638
0.0219639
0.0487902
0.0632699
0.039264
0.0219392
0.281476
0.0219024
1.54841
0.0710004
0.0219622
7.10606
1.68832
0.0286114
0.126396
0.0218424
0.0218637
0.0467102
0.260031
0.0217886
0.0218584
0.0223475
0.0434132
0.0221047
0.0375848
0.0221118
0.0506379
7.51508
0.0406478
0.236961
0.0218443
0.0258663
0.0228558
0.023597
0.0216893
0.0218875
0.0230905
0.0234627
0.0705434
0.0224096
0.108495
0.0219893
3.93582
0.0215212
0.0217741
0.079132
0.0222715
0.112954
0.0993638
0.0389667
0.0220552
0.0231051
0.0220533
0.0391238
0.0220801
0.0571095
0.0268111
0.0221789
0.0216831
0.0279718
5.10942
0.0331758
0.0538652
2.97817
4.36649
0.0405014
0.0215727
4.12843
0.0219709
0.0241187
0.0224289
0.121451
0.0220094
0.0366443
0.0282553
0.0237861
0.0221217
0.0259931
0.0222
0.0659341
0.0219358
0.0221855
0.0219869
0.02943
7.43981
0.0220385
7.12485
0.0885835
0.0214574
6.3456
4.44107
0.0218871
0.0237631
0.0991355
0.0217905
0.0218984
2.41059
0.0220279
3.03125
0.0257181
0.0251434
0.0227025
0.0226864
0.0219162
0.021896
0.0627284
0.0225666
0.0219626
0.0219089
0.0225063
4.95359
0.0382017
0.0220939
0.0294424
0.182846
0.0683168
0.0218815
0.0221087
0.0219513
0.0256124
0.0228468
0.0224355
0.0287485
5.25311
0.0218704
0.0234541
2.23955
0.0250397
0.119146
0.162855
0.021866
0.02227
4.3649
0.0976133
0.438404
4.75594
2.94429
0.26811
6.6941
0.0218339
0.0237867
0.0216792
0.0221865
3.56958
0.0219911
0.0603477
0.0728354
0.0323976
0.0252999
1.32478
0.0219037
0.0221173
0.0259291
0.021938
0.0220504
0.0218064
0.0222256
0.0773423
0.0219408
0.0221521
0.0217906
0.0471416
0.0221325
5.02771
0.0219168
0.0235911
0.0218161
0.0222521
0.0229566
0.0219991
0.0398132
0.0230173
0.021932
0.0290948
0.0221195
0.0222645
0.0220014
0.0315928
0.0225501
0.0220361
0.0220491
0.022062
0.0309302
0.0220229
0.0220103
0.128854
0.0220765
0.0219256
0.024623
2.23037
0.055982
0.0226838
0.059494
8.82404
0.1437
0.225795
0.0242153
0.0230442
0.0284789
3.37272
0.0221864
1.70635
0.02297
0.0218931
0.0292697
0.022054
0.0769836
0.0846401
0.0700282
0.0232114
0.0219882
0.0295847
0.0278465
0.0229697
0.0249323
0.0242041
0.0456195
0.077335
0.0836401
0.021948
0.0250212
1.47682
0.0232033
0.0222852
4.87807
0.591853
0.0219789
0.0226817
0.023881
0.0808968
7.40642
0.0219607
1.2573
6.02475
0.0392059
0.0639014
0.0217138
0.024139
0.023041
0.0935391
0.0222318
0.0299923
0.0241247
2.00716
0.0221936
0.0220633
4.81682
0.0242149
0.0230694
0.0222797
0.0222125
0.039852
4.04844
0.028686
0.0220445
2.05593
0.108937
0.0225282
0.0219551
0.0218236
0.0245909
0.0217694
0.2842
0.0218548
0.024897
0.0252891
0.0665348
0.0267584
0.0218583
0.027921
0.0247266
0.0218413
0.113327
0.0220869
0.0239187
0.0216892
0.0222719
22.8621
0.0300454
0.0225118
4.08434
0.0231579
0.0219501
8.20677
0.077112
4.02072
0.0219228
0.0235488
0.0218719
0.0228957
0.0233045
5.03661
0.0228051
0.102404
0.0218236
0.0223151
0.0245825
0.0220365
0.0375276
9.25748
0.708898
0.0219545
0.0217191
0.302078
0.0225905
0.022275
0.0268498
0.0287513
0.471555
0.0894107
0.0230829
4.29124
0.100304
0.0224795
0.0217837
0.0224112
0.0289569
4.0844
0.0222839
0.0730241
0.0231641
0.0220917
0.0215888
0.0226559
12.3596
0.027289
0.0217997
0.0240496
0.0220957
0.0255716
0.0214455
0.0238886
0.0220251
0.0234117
0.492127
0.0220635
0.0222128
0.114361
0.0216183
0.0215797
5.16101
0.0218779
4.5676
5.11866
8.78308
0.0271269
0.0221512
0.0215102
0.0221391
0.0214842
0.0239675
0.432478
0.056275
0.49175
0.0925527
0.0245389
0.0216167
0.0234899
0.0228116
0.0222726
0.0221461
0.0215687
0.0768968
0.022771
22.0543
0.0223456
0.0229089
0.0222634
0.0221951
6.19803
0.145936
0.0289844
0.0215088
0.057903
0.0236982
0.0219756
0.0920678
0.0214561
0.0240166
5.56853
0.0219625
0.0218897
0.0218888
6.57947
4.5761
0.0216618
0.0228361
0.025838
0.0221142
0.0216876
0.0219948
0.0220761
0.0218975
0.0218497
0.0219011
0.0255286
3.99889
0.0389949
0.0219382
0.0219348
0.0225354
0.0222955
0.0221774
0.0263893
0.02786
11.9989
0.0268404
0.0222178
0.0231468
0.0219502
0.108013
0.0216118
0.0222234
0.0233538
0.0297454
0.0270372
5.92192
0.0221814
0.0337189
0.0228031
0.0227823
0.0221049
0.0216256
0.0234882
0.13616
0.35208
0.0217689
0.0402104
0.0820176
0.0222647
0.0447036
0.0403269
3.00324
0.0222494
0.0238691
0.0228387
0.0216032
0.0849587
0.0219628
0.0220019
0.05881
0.909722
0.676276
0.0217963
0.0219074
6.76032
3.96239
0.0216071
8.29019
5.82682
0.0218231
0.0216057
0.021779
0.0220775
0.0221406
0.0215603
0.0294589
4.83345
0.0218501
0.0219632
0.0217008
0.0221578
0.0217949
0.0218636
0.0215503
5.34061
0.0221202
1.77042
0.0221904
0.021809
0.023419
0.0218427
0.0221756
0.0312462
0.0221551
0.0223402
5.06611
0.0219952
0.0263772
0.0220455
0.0219814
0.0221409
0.0218105
0.14083
0.0220603
0.0221074
0.0221069
0.233599
0.0364586
0.0222853
0.0221752
0.0219422
0.0234889
4.02359
0.0236192
0.0239025
0.0219544
0.0221236
0.0219417
0.0553495
0.0237195
0.0233009
0.478643
0.0472742
0.0218217
0.0262775
0.0221185
0.0226621
0.0218564
4.68934
0.0219648
0.0220589
0.0218043
0.0301735
0.0240737
0.02338
0.021937
0.0217957
0.0670783
5.67833
0.0218385
0.0571492
0.0237403
0.0236136
7.76049
0.0217722
0.0219887
0.0219542
0.0244696
0.0238693
0.0217943
0.0247872
0.0219089
0.115045
0.0215298
0.0217196
0.0265876
0.0221427
0.103038
0.0274914
11.7166
0.0712823
0.0222119
0.114378
4.23064
0.0229563
0.0254936
0.0220686
0.0256367
0.021785
0.0427452
0.0468727
0.021882
0.0296275
0.0219082
4.36812
0.0224245
0.0245914
5.33861
0.0492295
0.0248617
0.163786
0.0221563
0.0219969
4.66359
0.0217816
7.73588
0.0218449
0.0218625
0.0848975
10.8876
0.0219141
0.0440889
10.0754
0.0218544
0.0221747
0.0220208
0.0296433
0.0267941
0.0232018
0.0220089
4.0508
0.0219676
0.0229376
0.0219418
0.0218951
0.0220394
0.0239691
0.0288294
5.84621
0.0222314
5.46686
0.0219433
0.0231448
0.02504
0.0229957
0.0683975
0.0703329
0.0227111
0.0219306
0.0218269
0.106597
0.0217572
0.0218277
0.702521
0.132683
0.0217685
0.0220068
0.0217789
0.0220908
0.0251892
0.0833915
0.0219691
0.0221269
0.0217466
0.0223788
0.0219678
0.0215115
0.0293007
3.51677
0.0217007
0.0225176
5.71342
0.0219077
0.040413
0.022071
0.0325762
0.0602921
21.1391
0.0222612
0.022057
0.0217887
0.0223206
0.0220443
0.0214559
0.0221445
0.022127
0.0237755
0.0631232
0.0261185
0.024137
5.26712
0.022031
0.15429
0.0217526
0.0219566
0.0220182
3.37344
0.0218362
0.058663
0.0234665
0.0228464
0.0219361
0.0217692
0.0219035
0.0226369
0.021852
0.0218156
0.0506314
0.987439
5.07793
0.0217913
0.0543511
0.0223545
0.0220862
0.0218584
0.02208
0.865013
0.0218765
0.0219192
0.0545254
0.0216011
8.71646
0.0284316
0.201045
0.0220711
4.19263
0.0229531
0.0284534
0.0255144
0.0222491
0.0245806
0.116212
0.0234589
0.0218593
0.0458823
0.0218767
0.0218106
6.23226
0.0392489
0.0218285
7.31087
0.0217444
0.0902144
0.0217542
0.0235234
0.0219202
0.0222444
0.0219693
0.0219987
2.60016
0.0227846
0.0249846
0.0221399
0.0364957
0.0218552
0.0253839
0.0218193
0.0219003
0.0220765
0.0367402
0.0217622
0.0269624
0.0219346
0.0219424
0.0218715
0.0243832
0.0218641
0.0219521
0.0215832
0.0221019
0.0222056
0.0217429
0.0274357
0.0218048
0.0254193
0.021964
0.030746
0.170405
0.021864
0.0218462
2.03885
0.0215669
0.0222078
0.0218643
0.021503
0.0219772
0.0218049
0.0220791
0.0393685
0.0218639
0.0218946
0.0216171
0.0823125
0.0220127
0.0232124
0.0221298
0.0245683
0.0216959
0.0219873
0.0218495
0.0275621
0.0218651
0.0220285
0.0404784
0.0222248
8.42772
10.7331
4.31316
0.0260912
0.0330716
0.0310713
0.0767707
0.0295167
0.0217438
0.0221337
0.0221927
0.0219447
7.8339
0.0219341
0.0216098
0.050333
0.0218487
0.0230071
0.0261527
0.0216371
0.0219064
0.0234587
0.0406894
0.0219094
0.0432434
0.0219524
0.0221124
0.0217742
0.0219316
1.5155
0.0217976
0.104038
0.0219251
0.0217533
0.0217574
0.0217832
6.24382
0.0219147
0.0402137
0.0218543
0.0218308
0.0222308
0.0218465
0.0216897
0.0512359
0.0303042
0.0936779
0.0708371
0.0249664
0.0218341
0.0222006
0.0286421
6.10265
0.022446
0.0225646
0.0216473
0.0214401
0.0342219
0.0217786
0.0221671
0.021772
0.0260805
0.0217065
0.0219313
0.0226978
0.0219143
5.83058
0.0342379
0.0219276
0.0221516
0.0242712
0.0220426
0.0220382
0.0218597
5.00978
0.0221931
0.0218853
0.0219191
0.0218889
0.0218936
0.0218982
0.0219041
0.0219118
0.021896
0.083029
0.0259449
0.0400781
0.0218613
0.188531
0.0219499
0.0383495
0.0587286
0.022341
4.31437
3.55675
0.02195
0.0219713
0.0220602
0.0217861
0.0219073
0.0500933
0.0220033
0.0272353
0.0218592
0.0218103
0.0219496
1.93666
0.0218912
0.0222462
0.0783405
0.0236006
0.0219492
0.021683
0.021867
0.0218659
4.45612
0.0218941
2.95104
0.032207
0.0214976
0.0217618
4.40189
0.023085
0.0217875
0.0217244
0.0216494
0.0217482
0.241331
0.0254393
0.0215967
0.0217013
0.05116
0.0349626
0.0219772
0.0219778
0.021976
0.022255
0.0250594
0.0219778
0.0218436
0.0219895
0.0218326
0.0498262
0.0238518
0.0217129
0.0219764
0.0393439
0.0548254
0.0218139
0.0911779
0.0221852
0.0219786
0.0431734
0.0217282
0.0218986
0.0215696
0.0221084
0.0220161
0.0218084
0.0216953
0.0220827
0.0634264
0.022007
0.0220137
0.0219616
0.0219541
0.0220058
0.0217074
0.0217454
0.0215694
5.61973
5.38996
0.0218483
4.94509
0.0218573
8.18585
0.0215934
0.0904174
0.0218367
0.022203
1.51178
0.0217787
0.023359
0.0217976
0.0218466
0.021762
0.028422
0.022016
0.0217079
0.0217477
0.0217866
0.021954
0.0215254
0.0219728
0.0335421
9.37879
0.0217404
16.4879
0.130698
0.0218613
0.0228391
0.021813
0.0220801
0.0221558
0.0218982
0.0222035
0.0216095
0.0215995
0.0218789
0.0216777
1.8605
0.0218007
4.49686
0.0215985
5.14367
0.0280174
0.0219411
0.021658
0.0270303
0.0218503
0.02202
5.39675
0.0221166
0.0215316
0.0216271
0.0218262
0.0217902
0.0221734
0.0214854
4.57523
0.0223031
0.0220006
0.0220228
0.117536
0.0218264
6.40037
0.0217974
0.0219275
0.021802
0.0216225
0.0218228
0.0218621
0.0488469
0.0218084
0.0265744
0.0220496
0.0218107
0.0220751
0.0219271
0.0216855
0.0218834
0.0222059
0.0272302
0.0215434
0.0222723
0.0222476
0.0219306
0.0221287
0.0217965
0.0218093
0.0221928
0.0218327
0.021811
0.518384
0.0217773
0.0223368
0.0218204
0.0220211
0.022225
0.055766
0.0220784
0.0218634
0.0736034
4.01102
0.0948328
0.0544263
20.9964
0.0383648
0.148292
8.2955
0.0246819
0.0218561
0.0221928
0.0218757
0.0222863
0.0218892
0.0216422
0.0220289
0.0349771
0.0417487
0.0218215
0.0218162
0.0260922
0.624813
0.0999552
0.0222122
0.0217808
0.0216173
0.023003
11.5263
0.371908
0.02207
0.0218269
0.0220119
0.0219208
0.0217479
5.50052
0.0984361
0.0223968
0.0228331
0.0229596
0.0219148
0.0221196
0.0231705
0.0217356
0.0310368
0.0546562
0.0221868
0.0430289
0.0217125
0.0226889
0.0219023
0.0222909
0.19844
0.0216432
6.02966
0.0218517
0.0266706
0.0217807
0.0268031
0.0219299
0.0216378
0.0216167
0.0222985
0.0220016
0.0273487
0.0261977
1.37258
0.024932
0.0218816
0.021932
7.79631
0.0219416
0.0732582
0.0251906
0.0225174
0.0217811
0.0693967
0.0218597
0.0219427
0.221037
0.0217931
0.0217075
0.021927
0.021762
0.0968447
0.0558591
0.0224182
0.0220196
0.0218768
0.0219665
0.0230439
0.0221335
0.0217115
0.0226113
0.0437436
0.021642
0.0221973
0.021507
2.7197
0.0219445
0.0217906
0.0215627
6.00878
0.0561866
0.0219534
0.0227256
0.0230661
0.0277545
0.0216324
0.0456769
0.02195
0.0220323
0.0220504
0.0222319
0.0218697
0.0218106
0.0437645
0.106866
0.0218194
0.0228087
0.0223977
0.0223018
0.0477456
0.023219
0.023679
0.236588
0.021784
0.021583
0.0948777
0.0215475
0.021972
0.0244649
0.0668418
0.0219443
0.0218001
0.0221612
0.0219209
0.0234324
0.0216807
0.0288954
0.0233607
0.0217966
0.0240832
0.0218855
0.02215
0.0215389
0.021906
0.0372433
0.0217782
0.0218328
0.0509463
0.0239376
0.0220873
2.2887
0.0222062
0.0215814
0.0219437
5.60543
0.308715
0.0823599
0.0237325
2.47101
0.0223866
0.0231738
0.207513
1.64142
0.0218415
0.0219357
0.0894957
0.0215631
0.0216563
0.0224241
0.022167
0.0215882
0.0346066
0.0221107
0.108461
0.0255532
0.0214438
0.0221082
0.0219533
0.021918
0.0218435
0.0219315
0.0218849
0.0218192
0.021942
0.0219562
0.0215513
0.0281437
0.0520575
0.0215013
5.93156
0.0220475
0.0221292
0.0218914
0.0215715
0.0220283
0.0219445
0.0226412
0.0218403
0.0220357
0.021924
0.0221108
0.0217445
4.78455
0.0262221
0.0222542
0.0219563
0.0683896
0.0218687
0.0218576
0.0219589
0.0221396
0.0220145
0.0234269
0.0700908
0.0217636
0.0217714
0.0221428
0.031792
0.0216706
0.0217715
0.0990234
0.0217403
0.0217985
0.0215871
0.715444
0.0221688
7.92358
0.0217446
0.0220168
0.0220082
5.31735
0.0220565
0.0220549
0.023695
0.033119
0.0220312
0.0219063
0.0229556
0.021684
0.0231075
0.0215539
0.0303106
0.0475905
0.0222516
0.0248686
0.0217943
0.0218638
0.0221326
0.0219492
0.0217128
0.0218016
0.0221507
0.021996
0.0218693
0.0216835
0.0321872
4.94973
0.0222442
0.0279077
0.0240146
0.0219807
0.0217562
0.0717203
0.0217447
0.0215231
0.0234604
4.51956
0.0218873
0.0222312
0.0218321
6.57453
0.482684
0.0471728
0.0219722
0.0870176
0.0215797
0.0221935
0.0217465
0.0218633
2.8637
0.0222932
0.0222934
0.0222937
0.0222942
0.0222928
0.0222931
0.0218681
0.0220542
0.0228567
0.0214225
0.0218033
0.0217893
0.0222251
0.0225459
0.0217456
0.0219381
6.48046
0.0325112
0.0216831
0.0290871
0.0218316
0.0219109
0.0220857
0.0223604
0.0218691
0.0219653
0.0220705
0.0219628
0.0995595
0.0217944
0.0216273
0.0407976
0.0220565
0.0218823
0.0219506
0.022134
0.0216968
0.0221178
0.0221669
0.0274313
0.064023
0.0782636
0.0229813
0.0237149
0.0230519
0.0233676
0.0223083
0.0224907
0.022744
0.022212
0.0222857
0.461853
0.0220987
0.136511
5.9843
0.0221785
0.0753707
0.0754129
0.0218309
0.0220242
0.0216204
0.0217616
0.02752
0.0429129
0.0405223
0.0220587
0.0219579
0.022277
0.0269966
0.168569
0.0218896
0.0427426
0.0270878
0.0317682
3.63091
0.022227
0.0219406
0.0220905
0.0220062
2.20654
0.0220841
0.0219979
0.0219494
0.0219342
0.022361
0.0218769
0.0219406
0.021893
0.021608
0.0222921
0.0216289
0.0245097
0.0219591
0.0215657
0.0218114
0.0914158
0.0221054
0.0220154
0.0219675
0.0342698
3.95784
0.0218981
0.0220475
0.0216853
2.08454
6.74241
0.0723975
0.0219321
0.0220363
0.229735
0.0332689
0.0218595
0.0218942
0.0221409
0.0219325
0.0228286
0.0218951
0.0215476
0.0216152
0.0284435
0.0220587
0.0215988
0.0219321
0.0219537
0.0219602
0.0300803
0.0997092
4.77263
0.0284336
0.022104
0.0219392
0.0226109
0.0218262
0.0216133
0.0591456
0.235621
0.0221019
0.0245088
0.0220987
0.0216495
0.0223159
0.0528858
0.0222223
0.0216781
0.0218158
0.022009
0.0263032
0.0221164
0.0236916
0.0222122
0.021421
0.0218647
0.0221476
0.0340707
0.0219454
0.0217175
0.0239649
0.021885
0.0214987
0.10645
0.0366265
0.0547904
0.0253922
0.021784
0.0284404
0.0215549
5.71186
0.0218751
0.0221112
0.0220453
0.0218168
0.0216798
0.0216708
0.0220329
0.0218663
0.0217684
0.0216281
0.0342922
0.0221865
0.0823562
0.0220935
0.0222662
0.0222725
0.0217427
0.0218006
0.0219514
0.0219737
7.89644
0.0215244
0.0236778
0.0475417
3.40405
0.0275755
0.022048
0.0218652
0.02195
0.0228643
0.0217438
0.0600849
0.0220026
0.0222471
3.99961
0.0247739
0.0244486
0.107984
0.0219229
0.031979
0.0898379
0.0353733
0.0220317
0.0219069
0.0216949
0.0219184
0.0252131
0.0301848
0.0221852
0.0220238
0.0340448
0.0218327
0.0219271
0.0232241
0.0222257
0.113434
0.0842327
7.91337
0.022313
0.0618537
0.0219203
0.0218809
0.0220984
0.0283417
0.0222073
0.021904
0.0219417
0.0217698
0.0214298
0.0231196
0.0243908
0.0217446
0.0218558
0.0264157
0.254113
0.0222871
0.0219547
0.022428
0.0220918
7.22793
0.0220531
0.0365676
3.81433
0.0219141
0.0691478
0.0230216
0.0222724
0.0217181
0.0243316
0.0220967
0.0217
0.0221374
0.0221373
0.0223095
0.0646505
0.0219114
0.0221355
0.111748
0.0217305
0.0219495
7.58618
0.0219197
0.0219621
0.022083
0.0219625
5.86933
0.0728268
0.0228959
0.0217883
0.0219212
0.021613
3.52778
0.0245422
0.0219271
0.0219502
0.0220926
0.0221575
0.021974
0.0218562
1.10092
8.48411
0.0221674
0.0221345
0.0347023
0.022224
0.0232375
0.0281104
0.0219085
0.0221507
0.0218465
0.0226967
0.0220256
0.0226754
0.0217469
0.0448089
0.0218838
0.0218454
0.0221829
0.120403
0.0219128
0.0215115
0.0655907
0.0219361
0.0701079
0.0771494
0.0219641
0.0220947
4.03287
0.0312845
0.0259983
0.0242485
0.0219509
0.0221483
0.276099
0.0219674
0.0639557
0.0219492
0.0279962
0.0220917
0.0222241
2.75619
0.080585
0.0261328
0.0219472
0.0325191
0.0217036
0.0221125
0.0432111
7.82834
0.0221105
0.031336
0.0217346
0.0249985
0.022093
12.7244
0.0255783
0.021542
0.0219463
4.03499
0.0219552
0.0222046
0.058854
0.0242239
0.0218779
0.0219541
0.0223214
0.0981262
0.0220679
0.0223229
0.0222651
0.0423415
0.0217838
0.0285106
4.06661
0.0219519
0.0217472
0.021982
0.0215866
0.0219839
0.125366
0.0848867
0.0219833
0.0219538
0.0263596
0.025232
0.0216241
0.0244943
0.0221008
3.28103
0.024765
0.0219826
0.0222046
0.0222847
3.1954
0.0220299
0.023229
0.0215817
0.0220713
0.0219814
0.0231617
0.0220807
2.4307
0.0220203
0.0219813
5.21466
0.0217156
4.05583
0.0220349
0.0914491
0.0221183
0.0226502
0.0277903
0.0220854
0.0220176
0.021558
0.022169
0.022013
0.0220176
0.0231349
0.0221941
0.0222932
0.0222934
0.291117
0.0218371
0.0280901
0.0220205
0.0219647
0.0222643
0.021976
0.021909
0.0219417
0.0216416
0.0217357
0.0219866
0.0226207
0.0219497
0.0221674
0.0234019
0.050674
0.0221462
0.0230859
0.0221973
0.0216187
0.0219579
0.0222448
0.0227398
0.0222207
0.0218108
0.0218279
0.035392
0.0241648
0.0224035
0.0220994
0.0222363
0.027176
0.0243742
0.0240373
0.0219724
0.0219785
0.0362615
0.0217989
0.0222826
0.0221443
0.0220203
0.0218194
0.0778015
0.0219484
0.0222933
0.0442264
2.54422
0.0229797
0.200536
0.0228581
0.0222855
0.0220326
0.131046
0.022194
0.0222724
0.0266439
0.022549
0.0219621
0.032601
0.0220405
5.07003
0.023745
0.0507997
0.0628691
0.0275296
0.0217182
0.0219802
0.0359258
0.30271
0.022811
0.0218117
0.0257168
0.0274728
0.0218466
0.0219104
0.0220861
9.63791
11.3241
0.0507673
0.0220215
0.0218917
0.0221459
0.0214288
0.0216027
0.0218948
0.0248881
4.52659
0.0225727
0.0255199
3.22488
0.0364753
0.0219945
0.030796
0.0219701
0.0214747
0.021804
0.0217162
0.0302429
4.80465
0.0223107
2.87748
0.0216057
0.0384996
0.0221075
0.021702
0.0219381
0.0219741
6.5274
0.028004
0.0366796
0.455712
0.0220967
0.0217596
0.0282381
0.0223074
0.0221236
0.0231365
0.02182
0.0368757
6.42064
0.0499976
0.0220757
0.0219565
0.0218177
0.0219751
1.39789
0.021903
0.0218076
7.18916
0.312966
0.0219672
0.0225685
0.0250849
0.0218575
0.02181
0.0221211
0.0220021
0.022038
0.0217799
0.0217962
0.0272261
0.023444
0.0459945
0.0219348
0.0215905
0.0561366
0.0215153
0.0215868
0.0477884
0.0219977
0.0216835
0.0226974
0.0219398
0.022115
0.0219491
0.0219589
0.0217424
0.0229557
0.0220996
0.0217766
0.0219833
0.021963
0.0215935
0.0215708
28.9161
0.0220503
0.0219704
0.0218339
0.0216174
0.0219552
0.0221394
0.0699899
0.0217765
0.0219804
0.0219885
0.0215295
0.0221109
0.0262667
0.0226936
0.0220061
0.021604
0.136499
0.0221327
0.0222245
0.0220805
0.0220307
0.022094
0.0273811
0.0226228
0.0215521
0.321585
0.0220723
0.0341018
0.0268106
0.0221404
4.91948
0.0220086
0.0222079
0.0931461
0.021974
0.0219275
0.02357
0.0217579
0.0218234
0.0216152
0.021774
0.0465654
0.0215843
0.022185
0.0219826
0.0217885
0.0372262
0.0220221
0.0217785
0.0218178
0.0221006
0.0220466
0.0834195
0.0220097
0.0218692
0.0221284
0.021755
0.0222244
0.02227
0.0215384
0.0222382
5.41342
0.0217382
0.0221034
0.0509026
0.0218461
0.0221283
0.022096
0.0512235
0.0219809
0.0221211
0.0226482
0.0672715
0.0222249
0.0218364
0.0221024
0.0217807
0.0282921
0.0216356
0.0221413
6.74804
0.0222421
0.0221592
0.0247009
0.0356119
0.021777
0.139269
0.0218052
0.0215965
0.0222574
0.0220243
0.0219927
0.0375756
0.0219532
0.0218389
0.0214372
0.0218004
0.032419
30.3447
0.0217893
0.0304006
0.0222524
0.0222139
0.0269217
0.022204
0.0219318
0.108536
0.0216161
0.0215804
0.0220328
0.0269256
0.0220947
0.0222399
0.0596167
0.0221756
0.0220375
4.47736
0.0218944
0.0215337
0.022046
0.0220644
0.0219634
0.0222339
0.0215005
13.4094
0.122809
2.43492
0.0220875
4.1916
0.0218429
0.0220218
0.0597671
0.0218611
5.80468
0.0220342
0.0228566
0.0220313
0.0243812
0.0282559
0.0220808
0.0216565
0.0217963
0.0366952
0.0222393
0.0220416
0.0221296
0.072461
0.0305706
0.0257065
0.0215645
0.032536
0.0222352
0.0549349
0.0219277
0.0219256
4.03029
0.0222386
0.0219184
0.0222598
0.0217667
0.0219543
0.103505
0.0220046
0.0218773
0.0215516
0.0221953
0.0217537
0.0218174
0.0257072
0.0221124
0.023387
0.021746
0.0222365
0.0215343
0.0221445
0.0219231
0.0222376
0.0216783
0.0269616
0.0222935
0.0224594
0.0218855
0.0218897
0.0219151
0.0218948
0.0219008
0.0219072
1.40176
0.0222004
0.0214474
0.0222208
0.021935
0.0220378
0.021854
0.0373987
0.0221197
0.0216915
0.0219279
0.043953
0.0221195
4.56691
0.0219863
0.0218608
0.0220438
0.0216769
5.55568
1.64656
0.0289061
0.0219243
0.0218829
0.0281686
0.0214462
0.249684
0.023458
0.284547
0.0236526
0.0221165
0.0218139
0.0222233
0.473966
0.02197
0.022038
0.0266043
0.0526065
0.0218478
0.0247339
0.0220996
0.0276688
0.0220566
0.0222136
0.0220471
0.022107
0.0277102
0.0220751
0.0217066
0.0218465
0.0234767
0.022286
0.0644224
0.0404426
0.021914
0.0238119
0.330273
0.0640622
0.0221109
0.023926
0.0223252
0.0218591
0.0218597
0.0222213
5.15572
0.0249635
0.0224729
0.0218498
0.0216904
0.0226647
0.0219019
0.021704
0.0219185
0.0219801
0.0240441
0.0310194
0.0217649
6.1898
0.0221564
0.0218679
0.0681362
0.022216
0.82764
6.93909
3.14279
0.0364183
0.050063
0.0233483
0.0218503
0.389014
0.0222337
0.0262469
0.0849997
0.0283352
0.0218828
0.336803
0.0218812
0.0222131
3.9664
0.021979
0.025836
0.0220891
0.0219688
0.0220823
0.021978
0.0219457
0.0220112
0.0224209
0.33907
0.021695
0.021911
0.0459244
0.0220387
0.0221513
0.0221232
0.0561644
0.0217009
0.0218156
0.339883
0.0217691
0.0221393
0.0249812
0.0217416
0.0217125
0.021814
0.121256
0.0217583
0.0219222
0.0217503
0.0220781
0.0218602
0.0221741
0.0270815
0.0378017
0.0292127
4.2155
0.0218403
0.338311
0.0551948
0.0524442
0.0284972
0.0222148
0.0233201
0.027826
3.99572
0.0221044
5.92247
0.0296206
0.0219553
0.0220564
0.0221173
0.0254725
0.0219024
0.0219428
0.468891
0.0219668
0.0217091
3.51199
0.0221174
0.0639596
0.0233732
0.173465
0.0498249
0.0259696
0.0216841
0.0744707
22.7634
0.0394743
4.33228
0.0589547
15.375
0.0220353
0.021818
4.57598
0.0220702
0.0232668
0.0217793
12.9222
0.0217373
3.23883
4.43392
0.0222287
0.0265334
0.0218932
0.115522
0.0219796
0.0220646
0.0219016
0.0219603
0.021908
0.0453674
0.0218815
0.0218816
0.0218659
0.0219106
0.0609908
0.0222933
0.0220296
0.0220186
0.0222932
0.0221037
0.0218471
0.238619
0.0294042
0.0217801
0.0220687
0.0221192
14.5651
0.0218326
0.022146
0.0222273
0.0215606
8.896
0.0238704
0.0219181
0.0221631
0.0816335
0.0218281
0.0226776
0.0221343
0.0231871
0.0493547
3.33691
0.0759826
0.0227034
0.0259387
0.0429708
0.0601595
0.021598
0.0309755
0.0566977
5.72874
0.0222182
0.0222924
0.0220976
0.022974
0.0220564
0.0219257
0.0222415
0.0217619
0.0219258
0.0222699
0.0224947
0.0219682
0.0218963
0.0218165
0.689081
0.0218915
0.0220378
0.0221072
0.840965
0.0342866
0.0219728
0.0221799
0.0218811
0.0227992
6.41672
0.0220905
0.0222924
0.0221185
0.0219163
8.79716
0.0219162
0.0227552
0.0220922
0.139713
0.0218709
0.0222922
0.0221371
0.0220159
0.0221249
0.0218797
0.0222202
0.0226503
0.0453316
0.021854
0.024554
0.0219868
0.0235
0.022296
0.0221678
0.0222924
0.0222269
0.0222708
0.0222389
0.021683
0.0218639
0.354915
0.0227752
0.0696758
0.0218539
0.0492023
0.0222857
5.32871
5.51244
0.400319
0.0217256
0.0222036
0.0317034
0.0217492
22.6009
0.0231612
0.0222447
0.0215505
0.0218609
0.0242685
0.0245401
0.0219248
0.0649218
0.0220104
0.0219762
0.0407032
0.0219332
0.0220082
0.0217241
0.0220914
0.0397975
0.0304787
0.0964983
0.0219682
0.0218826
0.0219057
0.0221525
0.0554627
0.0219
0.0418144
0.0222171
0.133231
1.27841
0.0217467
22.5551
0.0218001
0.0218822
0.0251256
0.0221318
0.0232479
0.0220047
0.0302515
0.0219605
0.0302911
6.57126
0.0221659
0.0232336
0.0222448
0.0222281
0.036568
3.98094
13.9334
0.0222757
0.0247836
0.0261093
0.0232226
0.0218722
0.0225343
0.0221434
0.0823804
0.130366
8.81391
0.0221485
0.0228685
0.0218515
0.0222935
2.45289
0.0229201
0.0221127
5.9301
2.06651
0.0219197
0.0221111
0.0222909
0.390449
0.0233871
0.672507
2.29793
0.0216554
0.0217392
0.770096
0.0218821
0.022245
0.0220928
5.8483
0.022219
0.024959
4.34157
0.0215783
0.0237276
0.0221044
0.022144
0.0316806
0.0278811
0.02216
6.32126
0.0217674
0.0218161
0.0222126
0.147654
0.0221881
0.0218416
0.0221606
0.0672829
0.0221258
0.0218841
0.0219085
0.0226895
5.75166
0.0221641
0.0219179
0.0254876
8.52877
0.0218046
0.0218875
0.0219407
0.0222457
0.0218802
0.0220336
0.0217444
0.022604
0.0222027
0.0222461
0.563298
0.0221599
0.0256178
0.0215706
0.0219957
0.0222228
0.056014
0.0252611
0.0221015
0.0221996
0.0263194
0.0218113
0.0217991
13.4178
0.0216939
0.0537344
0.0221548
0.0221565
0.0217543
0.100812
0.0221928
0.0267045
0.0215116
0.0244555
0.0221575
0.0218612
0.0221624
0.0490634
0.0340079
0.0442816
0.0244263
0.0221594
0.0218888
0.0222463
2.71642
0.0218575
0.0438657
0.0384794
0.0222482
0.83657
0.0217957
0.0224101
0.0230373
0.0345731
0.0217841
0.022212
8.87292
0.0313361
0.0220158
0.0217187
0.0217508
0.0219515
0.0229017
0.0220888
0.0221465
0.021842
0.0755346
0.0217378
0.0327008
2.07231
0.0256904
0.0221478
0.0221879
0.0219459
0.0219076
0.0292794
0.0222204
0.032462
2.44277
0.0222516
0.0221832
0.0215014
0.0354093
0.0222337
0.0216026
0.0232044
0.0220382
6.44132
0.0220426
0.0222111
0.031016
0.022842
0.0218134
0.0221607
0.022016
0.0217323
0.0257128
0.0217272
0.0278487
0.0221538
0.0221922
0.0221152
0.0283762
0.0219561
0.0221152
0.0222313
0.022005
0.0232131
0.0218787
0.0222109
0.0220177
0.0409551
0.0218921
0.0969409
0.0221472
0.0961479
0.0219617
0.0224384
0.0252152
0.0218971
0.0244156
0.0218569
0.0223214
0.0247793
0.0219714
0.0222619
0.0219219
0.0282777
0.0219793
0.0219866
0.0222408
0.0257764
0.0218006
0.022164
0.0221143
0.0222755
0.0470664
0.0227441
0.0406573
21.6545
0.0221166
0.0792136
0.0217296
0.0219948
6.7364
0.0218327
0.0229038
0.0220066
0.0218602
1.18239
0.021776
6.49017
0.0219146
1.61414
0.0218238
0.0219057
0.0221128
0.0222049
0.0218308
0.0221579
0.032777
0.0220696
0.0820251
0.0218322
0.154737
14.3848
0.0220458
0.432648
0.0218157
0.0226637
0.022931
0.0218713
0.0222308
0.0222324
0.0317846
0.0219551
0.0243824
0.0221844
0.0282111
0.0220631
0.0437981
0.0218163
0.0222123
0.0218959
0.0350024
7.06505
0.0220488
0.0252804
0.0316983
0.0219987
0.0215104
0.022141
0.0217319
0.161097
0.0218076
0.0219645
0.0222542
0.0221492
0.0216874
0.0248742
0.0243112
0.021877
0.0572533
0.0324191
0.0219418
0.0948855
0.0222537
0.0219817
0.0219602
0.0216865
0.0381316
0.021826
0.0459488
0.0276802
0.0218998
0.0364943
0.0263549
0.0220086
0.0221532
0.0331171
0.0225911
0.0217997
0.0226682
3.34862
0.0219058
0.0325446
0.022121
0.0226493
1.92126
0.0219154
0.0242332
0.0221908
0.0220203
0.0935853
0.0219754
0.0217441
0.0508953
0.196701
0.0219237
0.0216981
0.0222295
0.036438
0.173107
0.021569
0.0222166
0.044275
0.0218775
0.600216
0.02167
0.0219243
0.0221865
0.0219744
0.0506205
0.0280681
0.0221014
0.0217515
0.022187
0.0220026
0.642813
0.0319617
0.0219348
0.0879945
0.0331459
0.0220468
0.383866
0.0237319
0.0220284
0.0226099
0.0216339
0.0219425
0.026986
0.021908
0.022321
0.0219732
0.0359559
0.0214887
0.0219289
0.0220513
0.0216423
0.0228435
0.0221522
0.0243423
0.0217917
0.0221526
0.0500809
0.0217488
0.022193
0.0214901
0.0221765
0.229317
3.88167
0.0221524
0.024131
0.0214855
0.0226213
0.0249568
0.021617
0.0222102
0.0216216
0.0215949
0.022122
0.0290956
0.172925
0.0340973
0.0220555
0.0896996
0.0217754
0.0219119
0.0278685
0.022023
0.0216019
0.0215745
0.0220539
0.02175
0.0356331
0.238367
0.0221722
0.0219077
0.0222385
0.021832
0.0217482
0.0221641
0.0220137
4.35205
0.0214931
0.0217729
0.0221596
0.02201
0.0216289
0.0236695
0.0217853
0.0220915
0.0222517
0.0221863
0.021918
0.0338876
0.0217839
0.0347584
0.0220066
0.022162
0.0224695
0.0221626
0.0214049
0.0222648
0.0217975
0.0247412
0.0219497
0.0218769
0.135201
0.0220353
0.0216907
0.0218271
0.0217957
0.0214975
0.0217319
0.0215541
0.0221606
0.0221592
0.0217417
0.0214217
0.0218671
0.0220633
0.0217187
0.0219976
0.0215476
0.0218227
0.0214732
0.0216429
0.0303771
0.0217855
0.0250453
0.0218494
0.166052
0.0219909
4.65631
0.0268497
0.0220357
0.177841
0.0218123
0.0276813
0.0217517
0.0219273
0.0233517
0.02222
0.0533167
0.0218331
0.0214922
0.0221637
0.0220821
0.0214801
0.0216004
0.0219469
0.0215153
0.021651
0.0221982
3.52267
0.0524907
0.0218631
0.0216101
0.0217682
0.0227673
0.192704
0.0223552
0.0220187
0.0219714
0.0429435
3.98885
4.98714
0.0276894
0.0221051
0.0215046
0.0464372
0.0221729
0.0216647
0.0215478
0.0221593
0.0246765
0.142135
0.0355512
0.0219143
0.0218244
0.0455872
0.0240517
0.0221646
4.19722
0.0221188
0.0221921
0.0220007
0.0227452
4.71153
0.0221094
0.0218368
0.02218
0.0217648
0.0214841
0.0726588
0.0216972
0.0222595
0.0218951
0.0542293
0.0220497
0.0214813
12.2934
0.0221685
0.0218685
0.0218142
0.0214473
0.0222129
0.0219566
0.0755145
0.021839
0.0331756
0.0218113
0.0215855
0.0218429
0.0218175
0.0226977
0.0218771
0.021906
0.0284941
0.0219635
0.0218777
0.0220989
0.0216307
0.0214292
0.0221663
0.0224878
0.0219972
0.0215302
0.0215174
0.0219322
0.0216245
0.336916
0.0216436
0.022037
2.99238
0.0252818
0.0219662
0.0362067
0.026527
0.022072
0.045212
0.0234496
0.0221339
0.0220014
0.0221757
0.0264211
0.0703441
2.78437
0.0275008
0.0345675
0.0219735
0.0219186
0.0221661
0.0214687
0.0243609
0.021721
3.31317
0.194138
0.0364387
0.0216942
0.0220132
3.3757
7.29189
0.0216732
0.0215631
0.0224301
0.136086
0.0217958
0.0481892
0.0930563
0.0220473
0.023372
0.0217392
7.57506
0.0239831
1.88089
0.0219742
0.0492048
0.0414921
0.0215626
0.0476809
0.032273
2.1894
0.0219419
0.0221892
0.0214844
0.0216801
0.0214685
0.0222566
0.0239578
0.0219765
0.023575
0.0543182
0.0218606
1.80328
0.0382747
0.0215867
0.0955909
0.0222064
0.0218423
0.0240316
0.0365818
0.0217542
0.0523965
0.0217781
0.0219754
0.021761
0.0284106
0.022167
4.25705
0.0219207
0.0293871
0.0215598
0.0447685
0.0217859
0.0220345
14.8232
0.188133
0.312055
0.0234845
1.07582
2.49796
0.0272252
0.0219499
0.0219069
0.0219165
0.0523198
0.0219035
0.0216931
0.0226523
0.0222454
0.021842
0.0215127
0.310173
0.0247226
0.0316259
0.0237443
0.0217781
0.0352739
0.022073
5.64465
0.0217566
0.0243385
0.0389439
0.0742372
0.0222803
0.0219729
0.0220689
0.0220508
0.0232497
0.0280064
0.0977169
0.0226413
0.0221744
0.0221047
0.0603003
0.0218468
0.0358744
0.0216787
0.0218894
0.0216546
0.0220507
7.23444
2.18458
0.0219278
0.0219517
0.022224
0.0218071
0.022026
0.0219041
1.64551
0.0302497
0.0218784
0.0221079
0.0218016
0.0216717
0.0364524
0.021923
0.0219106
0.0226547
0.0304387
0.0220507
0.0221715
0.021674
0.0218463
0.211165
0.0373102
0.0220511
0.101672
0.0220332
0.02169
0.0217447
0.0456473
0.0215917
0.021752
0.0220504
6.56602
0.0263724
0.0524491
0.0243649
0.0218505
0.0381428
0.0219357
0.0224857
0.0454086
0.0222648
0.0216713
0.0219061
0.0219447
0.0253843
0.0219508
0.0216907
0.0214145
0.0225456
0.022152
0.0217131
0.196084
0.0220515
0.029936
0.0226052
0.233352
0.0218477
0.0216672
0.0217287
0.0678504
0.021666
0.0429322
0.0218106
0.0221517
0.0216664
0.0220588
0.022005
0.0268745
0.0231385
0.021715
0.0220768
0.0219312
0.191251
1.7503
0.0220544
0.0219595
0.0292481
0.0407383
0.0217532
0.0221531
0.0368054
0.0221398
0.021937
0.0219192
0.0567976
0.0218581
0.0220002
0.0231313
0.0227736
0.0220695
0.0217175
0.0221397
0.0216615
0.0219116
0.0220355
0.0221729
0.0221769
0.0219221
0.0620505
1.038
0.0218621
0.0214381
0.021493
0.0239638
0.0220587
0.0216726
0.0221539
0.0218557
0.021816
0.114735
0.108346
0.0222459
0.0219205
0.0217563
0.0234797
0.0229401
0.0219815
0.132941
0.0221465
0.0219662
0.0221215
0.0371734
0.21127
0.0219508
0.021902
0.0217698
0.0221203
0.0221213
0.0321454
0.0240628
0.0219667
0.0220497
1.51209
0.0216193
0.0646049
0.022244
0.0218819
0.021483
0.0222296
0.0217442
0.0218957
0.0233775
0.021892
0.0219272
2.78232
0.0219495
1.70185
0.049107
0.0283072
0.0218931
0.0384475
0.0221221
0.0217988
0.0234726
0.0222653
4.83813
0.022053
0.0217399
0.0232771
0.0216975
0.152182
0.0560118
0.0470792
0.0219675
0.0999243
0.0219695
0.026537
9.13258
0.0391198
0.0217334
0.0393458
0.0220463
0.02199
0.233572
0.0231524
0.0220932
0.0219917
0.0274879
0.0285474
4.39632
0.0219968
0.115695
0.0590256
0.0215724
0.0225555
0.0227533
0.0218874
0.0221307
0.0221872
0.0220574
0.0217252
0.022004
1.44536
0.0220681
0.022179
0.0220567
0.0218685
0.033368
0.0219149
0.0217611
0.0221726
0.0478062
0.0221796
0.0221915
0.0218365
0.0219294
0.0217296
0.0219295
0.0240717
0.122011
0.037462
0.0401634
0.0220341
0.0215836
0.0214698
0.022474
0.0217746
0.0432399
2.45638
0.0219554
5.01181
0.253087
0.0218425
0.25827
0.0218359
0.0220476
0.0218775
6.65341
0.0236345
0.0215029
0.108
0.0215614
0.0217684
0.0622688
5.41088
0.0220541
0.0339879
0.0219865
0.0215681
0.0221803
0.0219564
0.0215234
0.021803
0.0220337
0.0219398
0.0219226
0.0262134
0.0219611
0.0219104
0.026706
0.0219225
0.0218949
0.0221791
0.0217527
0.0222937
0.0219124
0.0216125
0.0220169
0.0219657
0.0217761
0.0220269
0.270339
0.0220301
0.0216144
0.0243314
0.0528204
0.0220977
0.201912
0.520137
4.83088
0.0220267
0.0222117
0.0221066
0.0216356
0.0222851
0.0230366
0.0227369
0.0220187
0.0219321
0.219498
0.0219294
0.0220951
0.0221059
8.18613
0.021997
0.0223862
0.0224747
0.249472
0.0217449
0.0504069
0.0218759
0.0364707
0.0426421
0.0218842
0.0218016
0.022412
0.0217327
0.0219128
0.286834
0.0258797
0.0219498
0.0216572
0.0215683
0.021921
0.0417147
0.608174
0.313447
0.0434868
0.207797
0.0251075
0.0222496
0.0219076
0.0218195
0.0215187
0.0216966
0.0221096
0.147622
5.6747
0.0216002
0.0219671
0.0215381
0.0222515
4.35136
0.0221158
0.127814
0.461889
4.85016
0.0221803
0.0218772
0.0224797
0.0216958
0.0219271
0.0229135
0.024449
0.0217345
0.0218844
0.294965
0.0220784
0.0218933
0.0220239
0.0216816
0.0218822
0.0220036
0.0217056
0.0226043
0.0219237
0.0286845
0.0237946
0.0229323
0.0220033
0.0265542
0.021663
3.98669
0.0216341
0.0378039
0.0215874
0.0219084
0.0215669
0.197408
0.0227039
0.0227328
0.0441999
0.0216462
0.0219149
0.0220029
0.0220466
0.0220015
5.07384
0.0222236
6.70183
0.0218628
0.0222298
0.0217447
0.0218804
0.02203
0.0216317
0.0217711
0.0219365
0.0229674
0.0219193
0.0221702
0.131889
0.0493425
0.0221799
0.02228
0.0219874
0.0309094
0.121235
0.0216472
0.0218769
0.0219146
0.0218099
0.0220136
0.22744
0.0218914
0.0223139
0.0218012
0.0216321
0.0602865
0.0220631
0.0218361
0.0522012
0.0217201
0.0220534
0.0592915
0.0228749
0.0215692
0.0218869
0.0219017
0.0218661
0.0222103
0.0336988
0.0217605
0.0356926
0.0217833
0.0232507
0.0216168
0.021907
0.0221735
3.48324
0.0219446
6.16093
0.0224539
0.0221647
0.0222475
0.0219108
0.022823
0.021898
0.0219333
0.021481
0.0218312
0.0220174
0.0347043
0.0217194
0.021759
0.0219975
0.0214844
0.0220621
0.0221546
0.0214061
0.489838
0.0219406
0.0222338
0.0222284
0.0254346
3.71177
0.0214269
0.033593
1.89224
0.02144
0.0255608
0.0220512
0.0215929
0.0214684
0.0260004
0.0216095
0.271713
0.0220636
0.0214889
0.02157
0.0216826
0.0244534
0.0233144
0.0214947
0.0468185
0.0795053
0.0215952
0.0215405
0.0219279
0.0218441
0.0215464
0.0598377
0.021913
0.0220895
0.0219738
3.89807
0.0219179
0.0381312
0.0247022
0.0325043
0.0215502
0.0217983
3.98361
0.0219179
0.0214821
0.0218985
0.0277644
0.0215747
0.0323496
0.0218979
0.0249406
0.0219283
0.0220302
0.0219184
0.0219725
7.21522
0.0214947
0.0218494
0.0218975
0.0219992
0.0353436
0.0244654
0.030853
0.021469
0.0229695
0.684017
0.021507
0.0219294
0.0215564
0.501135
0.0216376
0.0228065
0.0314795
0.021984
0.0221371
0.0435103
0.0220307
0.0218362
0.0227336
0.0221284
0.0220687
0.0397332
0.0216138
0.0238144
0.0217834
0.0216282
0.30555
0.0219788
0.0221831
0.0216657
0.0294843
0.0220035
0.0218686
0.0221814
0.392936
0.0221913
0.0214221
0.0219713
0.0218819
0.0219554
0.033566
0.0217784
0.0221107
0.0215197
0.0220492
0.0331562
0.0218929
0.0219437
0.0222222
0.0220623
0.022204
0.0221133
0.0223909
0.021993
0.0221845
0.0219558
0.0218104
0.0219259
7.7531
0.022232
0.0226916
0.0220031
0.0359861
0.0222508
0.0219826
0.0217825
0.0218697
0.021587
0.0540025
0.0219642
0.0218017
0.0215544
0.0219579
0.0220399
0.0220314
0.0217575
0.0216212
0.0501594
1.11166
0.056484
0.0218028
0.0318122
0.0217325
0.0379741
0.0219267
0.0219184
0.0321121
0.0215982
0.0220099
10.6197
0.0227694
0.0218836
0.0218412
0.0441102
0.0218164
0.0217198
0.0229927
0.0217736
0.0220486
0.0410245
0.0219983
0.021827
0.0219896
0.0230779
0.0216463
0.125441
0.021904
0.023333
0.430932
0.0218848
4.51341
0.0218429
0.0218012
0.0221032
0.0217569
0.0226825
0.0216263
0.0216951
0.0218965
0.0341067
0.131023
0.0225822
0.0217493
0.0220483
0.0351075
0.0219025
0.0216822
0.0237357
0.0218406
0.0217941
0.0226325
0.0252268
0.0217869
0.0221309
0.030987
1.56608
0.457621
0.0219315
0.946291
0.0264634
0.0219056
0.0215152
0.0220329
0.022024
0.0217132
0.0218856
0.022166
0.0217529
0.0219316
0.0611167
0.0217556
0.029594
0.0219156
0.0220345
0.0250648
0.0216696
0.0219444
0.0228621
0.0215996
4.13601
0.0219204
0.0315967
0.0219768
0.0504291
0.0653539
3.098
0.0219353
3.40214
0.0224702
0.312986
0.0222234
0.0219144
0.0219124
0.0253968
0.0220904
0.0628724
0.0222032
0.0223268
0.0222052
0.262977
0.0265511
0.0218316
0.0218824
0.0217541
2.15662
0.0452826
0.325329
0.0217472
0.0222185
0.328282
0.165822
0.021818
0.0217608
0.0217613
0.0265145
0.328308
0.0221016
0.0218535
0.0217388
0.0217153
0.0219258
8.89018
0.0383772
0.0230462
0.0220081
0.0215581
0.0217339
0.0217515
0.0283788
5.21136
0.0226836
0.0217666
0.0217606
0.022097
0.0215202
0.0219149
0.0222419
0.0219878
0.0216684
4.53707
0.0220162
0.0216721
0.0219707
0.0451176
0.0221965
0.0275528
0.0221542
0.0217655
0.0221251
0.0216661
0.0218996
0.0217643
0.021884
0.0221099
0.0221481
0.0219334
0.0220741
0.0407511
0.0249218
0.0239823
0.0302315
0.0217344
0.0219208
0.0219228
0.0216823
0.0219369
0.0218044
0.0431063
0.022225
0.0216687
0.0218246
0.0236664
0.0214079
0.0218775
0.0218279
0.0217658
0.0219519
0.0242265
0.0226522
0.0218683
0.0215921
0.0536044
0.029275
0.0446146
0.0225519
0.021808
0.0219357
0.0214933
0.0364601
0.0218948
0.0219229
0.0223743
0.0264568
0.0694103
0.0215717
0.0219721
0.0217366
0.0216724
0.0219077
0.0217628
0.0219288
0.0220862
0.0216343
5.3591
0.0218139
0.021773
0.0216288
0.0227374
0.0221123
0.0221325
3.84568
0.0219324
0.0217098
0.0218496
0.021889
0.0216942
0.0375326
0.0215751
0.0219163
0.0257834
0.0219283
0.0216081
0.0220226
0.0348284
0.02203
0.0217428
0.0216659
0.0214862
0.0217829
0.0214753
0.152503
0.0222157
0.3756
1.29231
0.023398
0.0215201
0.0216631
0.0222624
0.02214
0.0218945
0.0326422
0.0272724
0.0215003
0.0246184
0.0223199
0.0216764
0.0218669
0.0218061
0.994629
0.0253343
0.0219774
0.0216872
0.0220179
0.12922
0.0229272
0.0218821
0.0221827
0.021884
9.23442
0.0216433
0.0214229
0.0987909
0.232527
0.422807
0.0222246
0.0215412
0.0216505
0.0226074
0.0358724
0.023653
0.0216857
0.0217233
0.0217631
5.13377
0.0218776
0.0219336
0.0214745
0.0293171
0.0216601
0.0216664
0.0217434
0.0219297
0.0220322
0.0215793
0.0220483
0.0217017
0.0215748
0.0219437
0.0221499
0.021936
0.021761
0.0219186
0.0223315
0.0331369
0.0283811
0.0217705
0.0215851
0.0224595
0.021757
0.0217401
0.021981
3.31733
0.0263113
0.0217766
0.0217356
0.0222731
0.0224643
0.0220596
4.34721
0.053598
0.0243789
0.021916
0.0220858
0.0221373
2.92288
0.0221824
0.021908
0.0219207
0.0220368
0.0573955
0.0220582
0.022309
0.022289
0.0219648
0.074428
0.0225259
13.9188
0.02188
0.0221183
0.0222438
0.0218619
4.06346
0.0254661
0.0214758
0.0221762
0.0214856
0.0214578
0.0214664
0.0222478
0.0221315
0.310916
0.0217998
0.0220053
0.666935
0.0218268
0.0221231
0.0227957
0.0223514
0.0214931
0.0221934
0.021957
0.0218044
0.0216408
0.0275634
0.0216997
0.0220363
0.0408007
0.0749676
0.0214944
0.131761
0.190831
0.0316463
0.0215293
0.0220023
0.0229863
0.0215233
0.0217589
0.0479312
0.0506144
0.112899
0.0217281
0.0220316
0.0219108
0.0219252
4.78234
0.0245108
0.0214763
0.0344407
0.0218792
0.027222
0.022183
0.021895
0.0214658
0.0215017
0.021876
0.0214575
0.0267449
0.032258
0.0219178
0.0280476
0.0219119
0.64792
0.0231905
0.0219198
0.0215845
0.0226937
0.021651
1.03113
0.0214995
0.0438911
1.40987
0.0220925
0.0224444
0.0214979
0.0220443
0.0219558
2.95382
0.0217847
0.0220758
0.0249763
0.0219907
0.021707
0.0575427
0.0464359
0.0219124
0.0219332
0.157659
0.0218381
0.025906
0.0220566
0.021969
0.0231113
0.021635
0.326952
0.0219154
0.0221209
0.0219318
0.0217067
0.0218273
0.422737
0.0593503
0.0217255
0.0219135
0.0217497
0.0371111
0.040905
0.0221174
0.182432
0.0225866
0.0216069
0.0216628
0.0224733
0.0441477
0.0215778
0.0229874
0.0979232
0.0215721
0.0300421
0.0218479
0.0215777
0.127447
0.0218895
0.0217781
0.022912
0.0590369
0.0219329
0.0217732
0.160937
0.021774
0.0216614
0.0240001
0.022173
0.0221656
0.0216564
0.0217661
0.0220798
0.0222815
3.46643
0.0229541
0.0219303
0.0219331
0.0219875
0.0216529
0.0219274
0.0216385
0.0216918
0.0230805
0.0221759
3.5157
0.0219426
0.0217166
3.17646
0.0220055
0.0217226
0.0219111
0.0219282
0.0218445
3.82797
0.0220098
0.0404705
0.0216579
0.0219139
0.151895
0.0222156
0.0217773
0.0242567
0.0218857
0.0219782
0.0396288
0.0260619
0.0219275
0.0261783
0.0218702
0.0221624
0.022711
0.126903
0.0222248
0.0465881
0.0218769
0.0258437
0.0236622
0.186369
0.0995745
0.0219112
0.0240596
0.0222281
0.0236787
0.0653784
0.0215307
2.29937
0.0218824
0.0215844
0.023689
0.0219255
6.72719
0.0216589
0.0726806
0.0222054
0.0402995
0.0465975
0.0220262
0.0221339
0.0215597
0.0225161
0.0220872
0.0220997
0.0456021
0.0240662
0.0225614
0.0217306
0.0222225
4.1493
0.0219248
0.0833703
0.0251818
0.0217087
0.0830974
0.0365187
0.0410498
0.0221896
0.0226525
0.0218824
0.0219369
0.0219455
0.0429787
8.82371
0.0221862
0.253484
0.0760984
0.0222733
0.0217765
0.021924
0.022621
0.0288959
0.0217828
0.0221095
0.0219277
0.0220796
0.048019
0.03848
0.0217375
0.0704301
0.021712
0.196267
0.021716
0.0416189
0.0217207
0.0271326
0.032191
0.0218574
0.0218229
0.025047
0.0219733
0.0273056
0.0219289
0.0218679
0.0219575
0.023961
0.0217207
0.0219259
0.0223982
12.9881
0.0218434
0.0227856
0.021962
0.021708
0.0267019
0.132937
0.0217404
0.0311622
8.01833
0.0216927
0.0317324
0.0219548
0.027421
0.0483771
0.0221901
0.0216748
0.0220941
0.0243248
0.0216764
0.0219363
0.160124
0.021857
0.0218486
0.0362418
0.023742
0.0217347
0.0782361
0.0223826
0.427691
0.0438083
0.0217222
0.0430605
0.0283986
0.0218169
0.0420621
0.0394116
0.0220964
0.0366635
0.0219202
4.47211
0.0217331
0.0323732
0.0289562
0.0218612
0.0217188
0.0220177
0.0225981
0.023312
0.0219282
0.0218432
14.3934
0.0221725
0.0215172
0.0280797
0.0455313
0.024068
0.405807
0.0269516
0.0216966
0.0225618
5.7577
0.0219064
0.0217167
0.0216766
0.190352
0.0229057
0.0249012
0.0298042
0.0260057
0.021726
0.0237709
3.9011
3.6501
0.0223328
0.0290304
0.0271858
0.0218989
0.021909
0.0216678
0.0219955
0.0273694
0.0231378
0.0217718
0.03564
0.0221892
1.65926
0.0321093
0.0228855
0.0219516
4.72559
4.79803
0.145025
0.0264467
0.0274364
0.0293676
0.120332
0.0745897
0.0307422
0.0217774
0.0855085
0.0499901
0.0221626
4.39512
2.47893
0.0216861
0.0219309
0.0216772
0.0221843
0.0413838
0.0218976
0.0217995
0.0217161
0.0217001
0.0220307
0.0387282
0.0492159
0.0216973
0.021724
0.0227128
0.135047
0.0215227
0.606386
0.0218491
0.0331521
0.0454477
0.0221636
0.0335877
0.0218857
0.0221842
0.0216841
0.0323326
0.0325442
0.0415851
0.0359952
0.0235179
1.64037
0.0225522
0.0218727
0.0217889
0.0216646
4.7278
0.0216576
0.0220226
0.0579939
0.0245066
20.633
0.0219467
0.0216714
0.0392552
1.4584
0.0269127
0.024492
0.0217995
0.0216442
0.0771078
0.030887
0.0220023
0.0220226
0.0217249
0.0221559
0.0218002
0.0217826
0.0220378
0.0218964
0.0218792
0.0222857
0.022178
0.02532
0.0247179
0.0217995
0.0222103
0.0222422
0.0236695
0.231248
0.0221206
0.0220906
4.67057
0.0297111
0.0215774
0.0217335
0.0219365
0.0219213
0.0234017
0.0467878
0.0470352
0.0221361
0.0220651
0.0219713
0.022752
0.0305249
0.0218612
0.0216506
0.0218872
0.0221171
0.336893
0.0237378
0.0258623
5.81666
0.0221845
0.0284864
0.0334111
0.0231643
0.453131
0.0218903
0.0219821
7.63645
2.36841
0.0230493
0.0342226
0.0220317
0.0221487
2.00746
0.0219516
0.406886
0.0220252
0.101221
0.0223437
0.0468376
0.0357189
0.0220111
0.0222035
0.0218954
0.0219205
0.0262506
0.0215776
0.0232504
0.0501389
0.0219143
0.0215923
0.0215939
4.278
0.0283647
1.85595
4.71796
0.0225811
0.183586
3.02565
0.0225941
0.0220472
0.0238365
0.0220315
0.0224709
0.0215131
0.0219674
0.0222267
0.0219299
0.0345112
0.0511434
4.06799
0.0223054
0.0310897
0.0222222
0.0254569
0.0218555
7.74179
2.81421
0.0218165
0.0217795
0.0220174
0.0220788
0.0217633
0.0218963
0.0224561
0.0347032
0.0221545
0.0460225
0.0218773
4.58184
0.0427661
0.113718
0.0217321
0.0469259
0.0243569
5.92912
0.101235
0.0221154
0.0217657
0.0223559
0.0218421
0.0235416
0.0253983
0.0218499
0.0227908
0.0217003
0.0233857
0.0218591
0.0219391
4.25449
0.0218498
0.0217407
0.0217911
0.0220411
0.0461228
0.0284473
0.0226029
5.33078
0.187211
4.15455
3.25502
7.68085
0.0216519
0.0295698
0.0217837
0.0221871
0.0218996
0.0508534
0.117978
1.66635
0.0408288
0.0217385
0.0219671
0.0216805
0.0217307
4.40838
3.60486
0.0248823
3.99069
0.168401
0.0219128
0.0242554
4.25195
5.29242
0.0350534
0.033266
0.0220003
0.0220731
0.0249016
7.24
0.177147
0.021736
0.141795
0.054957
0.0220666
7.20056
0.0422947
0.0296525
0.0217616
8.98201
0.0503387
0.0221911
0.0217516
0.0219876
0.619802
0.0342791
0.053834
0.0311302
0.0232971
0.0275355
1.62863
0.0266399
5.07879
0.0385886
6.91436
0.022409
2.30293
8.72098
2.14882
0.0216937
0.0220949
0.0218153
0.021967
6.33282
0.188759
0.0220644
0.0221317
0.0221976
0.0217973
0.0227681
0.861341
0.0218337
0.0234072
0.0217683
0.0221779
0.0302454
0.0271419
0.189822
0.0706445
0.0222223
0.0328549
0.0221284
0.253578
0.0225153
0.0219164
0.0285369
0.0218541
0.0612226
3.72562
0.0221816
0.0214673
0.0219941
0.0216557
0.331225
0.0320272
0.0345607
0.0789985
0.0221837
0.0216276
0.0246168
0.0216502
0.021765
0.127948
0.0860624
0.0225314
0.35452
0.0217592
0.0244615
1.51544
0.0346743
0.0218912
0.0217939
0.0220822
0.0218223
0.0229368
0.021983
0.0648393
0.0216681
0.419999
1.6939
0.0218853
0.022249
0.0363151
0.0222424
3.6393
0.0222101
0.0221379
3.95249
0.0217022
0.0221024
0.0217868
0.0492819
0.0217827
0.0590714
0.0219494
10.7905
5.03848
0.0842293
2.13797
4.34421
0.0828897
7.00198
0.021827
0.0217099
0.029806
0.0216645
0.024781
0.0229196
0.0214403
0.0220493
4.04327
0.0219161
0.0218875
3.87808
0.0220543
0.0221707
0.0247871
0.0217846
0.0295786
0.167698
0.0353389
3.51493
0.0220868
1.29831
0.021849
3.8047
0.698214
0.0442825
0.0221132
0.113476
0.0246709
7.93076
0.0537875
4.0693
0.249053
0.518867
0.0274594
0.037063
0.0219198
0.0220208
0.0218556
0.0218777
0.0219942
0.0255012
0.0219173
0.0416483
0.0256431
0.0219255
0.0218909
0.050464
0.0221376
0.0219807
0.02189
0.0676607
0.0336266
0.0216675
3.57429
0.0385766
0.117907
0.0220199
0.021811
0.0216963
5.24933
0.0772616
0.0243461
0.0267463
0.0226794
0.021598
8.02565
0.0697956
0.0217953
6.18098
0.0219356
0.179854
0.0219667
0.021749
0.0214355
2.75303
0.0218232
0.0217021
0.0312459
0.0216493
0.0214513
0.0219222
0.02221
0.0218516
0.0334132
0.0228356
6.63324
0.19135
0.0219019
0.0225223
0.0215512
0.0370169
4.64493
0.021923
7.88481
0.0472458
0.68397
0.0466158
0.0219728
0.0218038
0.11625
0.0397831
7.83019
0.0240359
0.0217481
0.0219178
0.0222046
0.0218427
0.100681
0.0581369
0.0330987
0.0239855
0.0219306
0.161383
4.42432
3.86972
0.0219051
0.136353
0.0493339
11.3072
0.0218211
0.0223749
0.0434996
0.646308
0.153321
0.0434823
0.19822
0.0220783
0.323821
0.0218124
0.0881203
0.0253959
0.327304
0.0220386
0.0219262
0.0221607
3.96983
0.0221793
0.0222782
0.323524
0.162484
0.0220604
0.02165
0.20366
0.0221791
17.6198
0.128178
0.0219827
0.112726
0.0216527
0.137757
0.0439981
0.0398583
0.0216647
2.98449
0.0552098
0.0218802
0.179603
0.0214338
0.0220143
0.0218234
0.0229728
0.0313299
0.116418
1.56686
0.133256
0.0240746
0.021983
0.0219635
0.0218628
0.0217584
0.0635066
4.13938
0.0221469
0.0233139
0.0217176
0.160513
0.139608
0.0217869
0.0923576
0.022165
0.0217159
0.0216555
0.0219488
0.188495
0.0218634
3.57415
0.0224118
0.429219
4.74303
0.248225
0.237667
0.0253891
0.0219017
0.0225253
0.0216678
0.0222435
0.0220808
0.0594189
0.0219143
0.303645
0.0308167
1.50808
0.0244526
1.74563
0.0217228
0.0216409
0.0217934
0.0219745
0.0582859
0.0410103
0.0219212
0.0219041
0.0221722
3.94062
0.0219217
0.0406283
0.0219407
0.0216396
0.107794
0.0253754
19.8322
0.0266608
4.34404
0.0252697
0.0216736
6.97354
0.0607826
0.0215595
0.0221648
0.0291616
0.0310973
0.0615103
0.0218318
0.022264
0.0220006
0.0219254
0.0714549
0.0214698
0.0550694
6.15572
0.0465324
0.021925
0.0328591
0.256322
0.138101
7.72688
0.0220182
0.0214782
0.0217606
7.51927
0.0419393
0.0214799
0.0215864
0.0218961
8.8021
0.0214893
0.024284
0.0484523
0.021488
0.0244238
0.627851
0.0223649
0.0272999
0.0235545
0.0214657
0.0422167
0.0217425
0.0218249
0.335275
0.0220091
11.4643
0.0219245
0.0214772
0.333003
0.021812
0.0240304
0.0226129
0.0220433
0.053462
0.0681406
0.0217435
0.0227245
2.36444
0.0219257
0.0505075
0.0261465
0.0217682
0.0219305
7.77046
0.0219117
0.0214159
0.133511
0.0478148
0.441116
0.0220788
0.02225
0.0219933
0.0235092
0.0250183
0.0220434
0.0219184
0.0218167
0.0221717
0.463856
6.25181
0.0214716
0.225054
0.0497588
0.0630015
0.024653
0.0218349
0.0220138
10.5702
0.0217523
0.0218735
0.0217602
0.258321
0.135303
0.0219851
0.0218806
0.0219064
0.0221763
0.0775435
0.0218777
0.0227948
0.160622
0.0267043
0.0215026
0.0220181
15.6019
0.0220223
4.16445
0.0219739
1.68188
0.0218774
0.0778011
0.22251
0.0216715
0.0716206
0.021797
0.195455
8.05784
0.254584
0.0537402
0.0219056
0.0662479
4.96009
0.0750493
0.0408933
2.63036
0.0217953
0.0219224
0.021822
0.242712
0.179122
0.0221377
0.021767
0.0312594
0.0222446
0.0220519
0.0424629
13.88
0.0219226
5.22472
0.025792
0.0219267
0.0215858
0.0219017
0.279593
0.0219917
0.0221598
0.0216158
0.0514515
1.35892
10.6978
0.0219264
3.24712
0.0433908
0.0539436
0.317245
0.0218444
0.0238901
0.0218395
0.0218268
0.0241495
0.0273449
0.201218
0.0448668
0.0219538
0.04252
3.18729
0.461974
0.112887
0.05774
0.0217127
0.022407
2.939
0.0220824
0.592605
0.0269665
0.0219089
13.2266
2.31675
0.0216432
0.0220704
4.62592
0.0224981
0.0577601
2.70471
0.0300735
1.7815
0.021562
0.0274604
0.0221385
0.021826
0.19663
2.49772
0.061567
0.0218666
0.236753
13.7119
0.835075
0.0329234
0.0238146
0.0259125
0.022086
0.202122
0.0217007
0.897738
4.10354
15.7835
0.0312309
0.0217382
0.166569
0.0219955
0.0220269
0.325683
0.0227264
0.0221832
0.0218691
0.023468
0.0222525
0.0219499
0.0472376
0.0525333
2.01007
8.52239
0.0235933
0.0263131
0.0218482
0.0219522
0.0219251
0.215769
0.0221253
0.0660503
0.0317222
0.0246003
0.0350819
0.0221745
0.0218635
0.0217281
0.0242203
0.0221322
0.0299092
0.0217201
0.507749
0.0219473
0.022188
0.0259519
0.0221479
0.472563
0.0239864
0.253909
0.0301834
0.0368719
0.0224959
0.0218821
0.0220561
0.0266097
0.021465
0.0222086
0.0220045
0.0223345
1.86791
3.27218
2.97493
1.7713
0.0219368
5.24717
0.0681623
0.0309348
0.0423564
0.0219286
0.0219517
0.0240732
8.64835
3.09963
0.0309861
0.0217827
0.0222513
0.0426085
0.180429
0.0221833
0.0218741
0.0220953
0.0220617
0.0366684
0.0326669
0.0346421
0.0214652
4.50763
0.0284551
0.0403184
0.0219008
0.0221059
0.0229152
3.12845
0.0217161
0.0339149
0.0220316
1.82788
2.26633
0.0218835
7.64745
0.0217253
0.158993
0.0218495
0.166424
1.40031
0.0214927
0.0229318
0.0220686
0.0217939
0.0222826
0.0218589
0.0408859
0.0419104
1.37572
0.06609
0.0246043
0.0260112
0.022033
0.0329816
0.0294861
0.0220686
7.60287
5.67516
0.0219281
0.0450599
10.1472
0.0222509
0.0551345
0.420808
0.305085
0.021852
0.0217355
0.246706
0.12648
0.0216886
0.0218974
0.02925
0.0217604
0.0221317
0.0266846
0.0223242
0.0216532
0.0219345
0.0218331
1.49838
0.15957
16.0294
0.0918709
13.0984
0.0272793
0.0265289
0.0221835
0.0217127
0.0225326
5.0014
0.0218552
1.05362
0.42955
0.0221537
0.0307984
0.034745
4.25863
0.022273
0.0482825
2.33716
0.0217735
0.0221373
0.0215508
0.0218545
0.0218713
0.046471
0.0216632
0.0258804
0.0223447
0.0221766
0.0221388
0.0724853
0.0217698
0.03863
0.0220562
0.0540866
7.71728
0.0218314
0.0250681
1.7866
0.021845
0.0271775
14.7334
0.0218765
0.0216953
0.0269169
0.0217303
0.0573302
8.30705
0.0245854
0.0222718
5.07653
0.022348
0.0219683
0.0219685
0.0221762
0.0222159
0.087215
0.0216871
0.0231885
0.0263349
0.0219331
4.02066
0.0353004
0.0219855
0.0420444
0.0255889
0.585816
0.0218919
0.0219857
0.0539828
0.022461
2.87781
0.0217774
3.92888
0.0538478
3.0623
0.021629
0.0217708
0.0228736
0.0325357
0.258128
0.0231128
5.34802
0.0222295
0.0216649
0.0220627
0.200289
0.0218246
0.0223303
0.022142
0.0219613
3.31304
0.0223215
2.15167
0.0214523
0.0221878
0.0227485
0.0216003
0.459033
0.0216832
0.0215649
4.21565
0.0217571
0.0217052
0.191502
0.0220208
0.0217683
0.201692
0.0846737
1.06701
0.0219225
0.021857
0.021925
0.0214631
0.229601
0.0241812
0.0219839
0.0216316
1.36817
4.96281
0.104917
0.289594
0.0320945
0.0225612
0.0686722
7.1
0.0312809
0.0315256
0.0218948
0.0222301
6.36669
0.022175
4.24269
0.022046
0.023072
0.0254068
0.0340286
0.255706
0.0225266
0.0224164
0.0264712
0.0222308
0.0214461
0.0217315
0.0234022
0.91813
0.0216351
2.50458
0.0218309
5.1528
0.542148
0.0218809
0.155481
0.0216794
0.0274297
0.264499
0.0238936
0.031628
0.0216215
0.0220718
0.0222449
0.394509
0.0221383
0.021997
0.136214
0.0225951
0.516213
0.0219096
4.24747
0.0375286
0.0835783
2.50825
0.0307947
0.0217935
0.0219131
0.0507069
1.36164
0.124537
0.0220705
0.0236419
0.0326515
0.0915101
0.0309657
0.0220939
0.102095
0.0224888
0.0836742
0.0220047
0.0405866
0.0216533
0.0217383
1.62694
0.0246084
0.0259588
1.52873
0.0231204
0.0239904
0.0222086
0.0218716
0.0220704
0.0217363
4.22449
0.0224033
0.0239148
0.0221571
0.0233632
7.98128
0.0221109
0.0215214
0.0326913
0.10417
0.0224336
0.0394952
5.03781
0.0219892
0.0429714
0.0220459
1.82061
0.0225262
0.0217626
6.71723
0.202766
0.0346908
0.0232897
0.0219411
0.0215813
0.0231026
0.0216728
6.37659
0.0295094
0.0337
0.0346692
0.022022
0.0252845
4.05793
0.0222703
0.0601744
0.0215634
0.0243315
0.0221894
0.023245
0.0218728
0.23384
0.0220909
0.0220668
0.72454
0.230935
0.0342506
0.0683885
0.0341379
0.0218737
0.0327907
0.0247622
0.0221337
0.0222502
0.0463418
0.0341746
9.26136
0.0338841
6.27833
0.0493486
0.0333327
0.113648
0.0292536
4.19708
0.818426
0.0219701
0.123553
0.0575454
11.0176
0.022051
0.0866579
0.0219022
2.34991
0.0220475
0.0225628
0.0222625
0.0218989
0.0769827
0.022021
5.65145
0.02212
0.0214602
0.0245851
2.32157
0.0418822
16.6967
0.0218974
0.0617524
0.0219232
0.0541891
0.0232519
3.25412
0.0216369
0.197064
0.729456
0.073234
8.34241
0.04599
0.021698
0.0220173
0.0220661
0.0215617
0.0219012
0.0227283
0.0218679
0.0370602
4.13124
0.0221686
0.0231754
0.348023
0.0401709
0.0266901
15.7612
0.0348786
0.0249556
0.0219749
4.56481
5.61831
0.0258542
0.021848
0.0238912
8.81553
2.171
0.0743633
4.06868
18.6953
0.035319
0.0254239
0.0218072
4.53232
0.0216591
0.0827448
0.0215197
0.0219314
0.0256924
0.0641516
0.0285121
0.0219067
0.0219016
4.81583
0.0221308
0.0229514
0.0432467
0.0256984
2.74051
0.0231475
0.219863
0.022288
0.021916
0.239895
0.0216805
0.0324264
1.98383
0.021923
0.0219881
0.245389
0.0238197
0.0219957
0.0816285
0.0219032
2.9447
0.0215085
3.26436
0.177274
0.375081
0.037973
0.22625
0.0220531
0.0224294
0.0220663
0.0439686
0.0219238
0.0218916
0.0307134
0.0802218
0.179955
0.0244561
8.49771
4.0276
0.0215574
0.0221223
16.4235
0.459473
0.0222229
0.219044
1.23545
0.0662108
0.200475
0.154961
0.0890443
0.256206
0.0218916
0.0219716
0.0217176
0.0218109
0.022038
0.0222306
0.0219067
0.0225131
0.0219194
0.0217404
1.55453
0.0218919
4.91833
0.0227551
0.202586
0.0218644
0.0319833
0.0219148
0.0395523
0.0230734
2.3289
0.0221235
0.161554
0.0220355
0.021921
0.0215652
0.0418822
0.0222653
0.0227676
0.136101
0.0278806
0.0219303
0.0221902
0.021916
5.48378
0.021712
4.28271
0.0227886
0.0217282
4.07581
0.0510078
0.0326927
0.023975
0.880292
0.0215332
4.25178
7.34257
0.0220829
0.1761
0.021733
0.0306341
0.0219272
0.0218786
0.185556
0.039811
5.63572
0.023994
0.0214186
0.111163
0.0219173
0.163324
8.82972
0.0217356
0.0635708
0.0347481
0.021926
8.7363
0.0232655
0.0217974
0.0220617
0.0216479
5.25869
0.0412741
0.101703
0.0461365
0.021668
0.0573224
7.17967
0.0215536
0.0798581
0.0285035
0.0218016
2.81701
14.8644
6.91103
9.3992
0.10248
1.54939
4.98678
0.0221119
0.0865136
0.021733
0.0595709
0.0219182
7.14678
0.0214108
0.156376
5.12314
0.0248223
8.43885
8.13658
10.5353
0.0320914
0.0221012
0.0217278
0.02198
0.981658
5.28931
0.021874
17.4204
0.021956
0.0220378
0.0245651
0.0215557
0.0400467
0.0417583
0.0439783
0.0217123
18.4016
0.0220732
12.4612
0.0438056
0.0215466
0.136935
2.7508
0.153676
0.021859
0.030426
0.0221499
0.02206
0.0262892
0.0215245
4.86604
5.77107
0.0279086
0.248797
0.835799
0.0221094
0.0218276
0.0219506
0.0215621
0.453446
0.0217037
14.9876
0.133309
0.022086
0.0222873
14.6493
0.0221161
0.0218045
0.0219225
0.022017
1.46845
0.0216572
0.0987743
0.0222702
0.0866175
19.534
0.0482799
0.0224305
0.0219022
0.0215372
4.31145
0.156024
0.0710848
0.021922
0.247464
0.0243586
16.2085
0.0461276
0.0447742
0.0216376
0.0218656
0.025778
0.02166
0.0297118
0.0223749
0.0442547
2.58552
0.156104
0.021629
13.6642
0.0354066
0.022214
0.0505622
3.65991
7.65568
0.0331348
0.231577
14.2954
0.0216327
0.0937113
0.132329
0.0469033
0.0221889
1.91956
0.021909
0.0224401
0.0217188
0.0264629
0.439525
0.0220636
0.0221116
0.0221794
6.39731
0.023466
3.52048
7.00712
4.86945
0.0237896
0.0222229
0.0229473
0.0221783
0.174553
0.0223451
0.0294936
0.0217351
0.0217889
0.0235357
6.40783
0.0524227
1.98181
0.0219836
0.0216542
0.0224357
2.61242
0.0399256
5.50333
8.07765
5.55459
0.0214379
0.0219421
0.0258829
7.48193
0.0223135
1.6151
3.80629
0.0351078
0.0217173
2.08718
0.0222418
0.252087
0.224239
0.0462161
0.0241824
0.0216987
0.0218514
0.0327904
0.0219266
0.0220128
5.30837
0.0221338
0.0220054
4.88583
0.0221238
0.0217696
0.0259564
0.0247373
0.0219219
0.0222666
0.0219121
0.0220327
0.02198
0.0217303
0.212868
0.0280964
0.116964
4.50701
0.0219169
0.0221037
0.0220229
0.0243288
0.0217698
0.447369
0.0228533
2.11144
0.0216146
0.0216083
0.0264398
0.0216469
0.201114
11.7737
0.038939
0.0252197
2.55563
4.82073
0.0219268
4.60231
0.0582594
0.0219685
0.0216878
0.0219033
3.03663
0.545528
0.0216698
0.0219261
0.0443527
0.0218367
0.0219818
0.164797
0.0220858
0.0222294
6.76697
0.021977
0.0215975
0.0220777
0.127177
0.0240265
0.0668974
0.0241778
0.0219859
0.0225274
9.12527
2.46189
0.0217169
0.0221715
1.61331
0.0971199
0.198569
0.0218136
0.0224844
0.0220611
0.0219037
0.0358435
0.0280989
0.0222103
0.0224289
0.0220652
6.12266
0.0218742
0.0899917
0.0222931
0.0222912
8.32055
0.0216978
0.021977
0.0219244
0.0216532
0.0218992
0.0221028
0.0221711
0.0222813
0.0223754
0.0295904
0.0364476
0.0222915
0.09744
0.206218
0.0215605
1.75105
0.0599012
0.0216726
0.0759608
0.0328067
0.0218116
0.0218094
0.0221498
0.0220315
0.0218654
0.97446
0.0225324
0.0222525
0.0218311
0.023686
0.0218091
4.71434
0.0241265
6.03785
7.53755
0.0285482
0.0220929
0.0218593
0.0217283
0.0479008
0.102312
0.0219067
0.0221173
0.0218851
0.0219269
0.0540223
0.022239
0.0273207
0.0220056
0.0215778
0.736565
0.0220454
0.0219916
0.0220082
0.021913
0.0217163
0.0216151
1.6148
0.0222324
0.0221089
0.0216016
0.0222295
0.0216769
0.0312016
0.0219041
0.0216495
0.0240845
0.0217027
0.0216954
0.0817517
0.0219375
0.795244
4.9248
4.10743
0.130503
0.0219016
0.0221521
0.0218265
0.0219302
0.113454
0.102573
0.0219061
5.47201
0.0217528
0.0245617
0.0369987
0.138144
0.0216923
0.0218912
10.1239
0.126351
0.0590849
0.0217146
0.0219992
0.0219225
0.021783
0.0215329
0.0220721
0.0267563
0.0216106
0.0222737
0.0220623
8.98074
0.0551194
0.142687
0.0214357
0.0219169
0.022543
12.6046
0.0215808
0.024426
0.0288721
0.053008
0.0223312
4.50998
2.06837
0.0219175
0.0214348
0.022261
0.022312
0.165717
11.6241
0.021654
0.0220109
0.0219853
0.022095
0.0491118
12.1161
0.0220543
0.024866
0.123531
4.01063
0.0219049
0.023177
4.00005
0.0214287
0.021958
0.0219001
0.0220717
0.02189
0.0216143
0.0218137
0.021992
0.0781566
0.0673342
2.14569
0.0363342
0.0354438
0.0241839
0.027988
0.03005
0.0430865
0.0219248
0.0217202
5.47865
0.0251893
0.0595262
0.0220679
0.0216382
0.782295
0.0220345
2.00034
0.0251086
0.295088
0.0217323
0.0385568
0.0217243
0.0216938
0.0433231
0.0265346
0.0275216
0.0218989
0.0224389
0.0220952
0.0218298
0.0249455
0.0216004
0.021902
0.0224446
0.0220757
0.0218585
0.0219236
0.0585618
0.0463456
0.247213
0.0274854
0.0218891
0.0225823
0.0217912
2.38855
6.82956
0.0218101
0.0219515
0.0216631
0.0548242
0.0220066
0.0221001
0.0240016
0.0466798
0.0220531
3.70931
0.0320681
0.0221494
0.0220267
0.211049
0.0716853
0.166721
0.0219133
0.0218835
0.0219929
0.0220116
0.030968
3.78025
0.0218389
0.0215917
0.0223913
0.24732
0.0220662
0.0218566
0.0224848
10.8648
0.0216897
0.0216723
12.1142
0.0230996
0.021524
0.0219412
0.0462157
0.023711
10.8521
0.164217
0.0934393
7.43351
0.0218455
0.0313711
2.1011
0.0218445
0.0216983
0.0219568
1.68463
0.248671
0.0216898
0.0218202
0.021726
0.0219404
0.0606655
0.0860294
0.0220004
0.0218002
0.0306563
0.0385166
0.0216616
6.28424
16.6702
0.0217956
0.0216458
0.0239103
0.0219038
0.0995595
0.0324662
0.140647
0.021659
0.0282654
0.0219196
0.0240929
0.0222532
1.52872
0.0219588
0.0220703
0.0216693
0.0217912
0.0216204
0.021581
7.08145
0.0405982
0.0341421
0.1363
0.433211
4.29775
0.479387
0.0216982
4.71235
3.24823
0.0220866
0.0221624
8.37046
0.0216805
0.021918
0.155976
0.0382229
0.0226199
0.0328077
0.0216293
0.021732
0.0298738
0.0558714
0.0224849
0.0220619
0.639874
0.0228609
0.021918
0.0219221
0.0222065
8.37975
0.249855
0.0219282
0.02193
0.0216466
0.0218345
0.0261891
0.201683
0.328164
0.0276032
0.0219081
0.021663
0.0323863
0.021966
0.644265
0.0218111
0.0218495
2.07223
0.0828495
0.0217261
0.0217304
0.188233
0.0322744
0.0220977
0.0219968
0.131474
0.0217328
0.104638
0.022754
0.100553
5.00476
0.0214191
0.0218154
0.0412601
0.0368346
1.33663
0.0218724
0.0632823
0.229348
8.48271
0.0220763
0.0747424
0.0801908
0.0219156
0.0219222
0.163608
5.52874
0.0224845
0.17274
0.0272
5.16997
0.0365397
0.0699571
9.95
15.6016
0.0219046
0.022038
0.0513228
0.599462
5.233
0.0240428
0.0269764
0.0216925
0.0981589
0.0218758
0.0895707
0.0219201
0.0217287
0.0221842
0.0217121
0.0215102
0.0297884
0.318227
0.155819
0.0215622
0.114907
2.43575
3.06772
0.021703
0.0336418
0.0933301
0.0218447
0.0225912
0.022765
0.0215483
0.0307221
0.022276
0.112887
0.022027
11.0986
0.0584778
0.522158
0.223329
0.0217798
0.0222611
0.0382049
0.0795092
0.0219744
0.0293177
0.0216422
1.38614
0.0216596
0.183312
0.0220633
0.117487
0.0388378
0.423796
0.0218404
0.113188
0.0216955
0.0219693
0.0399378
4.32113
0.0291097
0.129633
0.0219054
2.59414
0.0303821
0.036067
0.021975
0.0215728
0.0375067
0.0218711
0.0735215
0.0507562
0.0271499
0.0217659
0.298297
0.0217496
0.0218773
0.0594045
0.03246
0.0214725
0.0217533
0.254977
0.0618039
0.0218016
0.0217223
0.0233311
14.124
0.0498008
0.0223557
0.114492
0.0218958
0.0220495
0.0235828
0.0239665
0.0214415
6.44763
0.0227322
0.0218048
0.0223402
7.1145
4.39623
0.0249949
0.0215291
0.021823
0.0218881
0.0405758
0.139871
0.0220018
7.50079
0.0305694
0.10273
0.0218827
0.0339982
0.052092
0.0310036
0.0901634
0.0608405
2.40236
2.6515
0.0802487
0.0219336
0.0217443
0.849747
0.0218103
0.0220653
0.246403
0.0219988
0.0221659
0.142535
0.0216944
0.0217461
0.0218882
3.19157
0.0218052
0.189443
0.0275409
0.0283898
0.0282032
0.0292936
0.021831
0.028866
0.0502555
5.36163
0.0688485
0.0225751
0.0221329
7.9522
0.0379808
0.0217424
0.0994629
0.0219212
0.021963
0.0286456
1.37426
0.248772
0.0215922
0.085975
0.154652
0.021706
0.0220179
0.0219887
5.12729
0.0541475
0.0226232
0.0214653
0.113722
0.0218941
0.0646018
4.50217
0.0217092
0.260627
0.0222449
6.22312
0.021815
0.0220497
0.241088
0.0217161
4.59593
0.0260346
0.0223114
0.0217103
3.511
4.23905
0.0220707
2.4706
0.0252881
0.0997292
0.0218185
0.0216067
4.65204
0.0219683
0.0372856
0.0218054
0.0221461
0.0218763
0.0458592
0.0625356
0.169162
0.254078
0.0217044
0.0215291
0.0288689
0.0217131
0.0217249
0.0217464
0.0248437
0.0218288
0.0214547
0.0247325
0.0220599
0.0220338
0.0319523
0.0216902
0.0221505
0.021866
29.4235
0.0284912
8.13719
0.0741226
5.26395
0.32876
0.185451
0.022139
0.0464529
0.0216742
0.0216847
0.0222322
0.0227904
1.4591
7.18297
0.0241159
0.0218657
0.0216428
0.0219206
0.021815
0.203101
0.0272545
0.0218944
0.0218674
0.0221201
0.0220766
0.0218679
0.0240834
0.0220926
0.0219718
0.0313293
0.0864998
0.179376
0.0488717
0.167787
0.115937
0.0218293
0.0455542
0.046575
0.0260774
0.0215505
4.63184
0.0218295
0.0222645
0.0215454
0.064462
0.0217175
2.19009
0.0217649
1.80646
0.0217882
0.0800806
0.0358464
6.43114
0.0218824
0.110226
0.0217129
0.0628673
0.0472601
0.0220292
0.0218263
3.99997
0.075165
0.0220302
0.022011
0.0218236
0.285373
5.59203
0.0217561
0.0219849
0.0217502
0.0709071
0.0217663
0.0339343
0.0221255
0.128521
0.0220873
0.0252169
0.0225622
0.0219695
0.0222408
0.0219233
0.0234299
0.022063
0.0218516
0.14771
0.0918787
0.0289338
1.30273
0.0217052
0.0216769
0.0761667
0.0220176
0.0216835
0.0221045
0.0220276
0.0270103
0.0868953
0.029143
0.0217021
4.1303
0.12364
0.0435889
8.08531
0.0654615
2.0606
0.0219206
0.0970589
0.0217254
0.215592
0.0219113
2.75921
0.0214928
0.04384
0.0219909
0.0236139
0.0248961
0.0216915
0.0219254
0.0216444
0.02186
0.0218667
0.0218711
0.0220615
0.0263491
0.322536
7.86928
0.621661
0.0221048
0.0238806
0.251883
0.0216081
0.0942462
0.0218229
0.021509
5.58357
0.0243078
0.0220395
0.0218639
0.0218899
0.0896758
0.033405
0.021683
0.0217519
0.0238102
6.21034
0.0220414
0.0220276
0.0220339
0.0219602
0.0216348
0.0218734
13.6332
0.0218954
0.484303
0.0217157
0.141305
0.198938
2.87725
0.0881388
0.0221954
0.582682
0.0218624
0.0219556
0.034338
0.0219121
4.00383
0.0218214
0.0251996
0.0220756
0.022027
2.54207
13.7401
0.235627
0.0214423
18.2962
0.0539362
0.0216189
0.0424722
5.90326
0.0223873
7.11071
0.0235179
0.0225801
0.0215953
4.52697
0.0222457
0.0740184
0.0350953
7.10855
0.098181
7.43501
0.0219685
0.0218618
0.0635382
0.0347826
0.0316459
0.388653
0.0243399
0.0215962
0.155234
0.0219572
4.65545
0.0218382
0.0217763
4.4646
0.0535636
0.17274
0.0219191
0.0214492
0.0220279
0.021463
0.0221893
0.0219321
5.36658
2.66064
1.29365
0.0218746
0.0219243
0.0552958
0.038288
0.0357814
0.0219314
0.022089
0.0220352
0.0441921
0.0219688
0.0222662
0.0216734
0.0503304
7.65704
2.87464
1.33226
0.157257
0.0249025
0.0217756
0.101649
2.53493
0.112989
0.0225322
0.0218428
0.0349349
0.0216202
0.0236175
1.70546
0.0594848
0.0216853
0.0242447
4.92216
2.71488
0.0225572
0.0216844
0.022219
0.0901371
0.0216992
8.16139
0.0215079
0.0217061
0.0224334
0.0543663
0.0672201
0.0220007
7.75234
1.12976
0.0479414
0.0216035
0.0506
2.74124
0.657189
0.021926
2.29712
0.0364232
2.856
5.2243
0.0223854
0.0216635
0.021448
0.027434
0.0221372
0.0220521
0.218217
0.0216366
0.0216993
0.300641
0.0219974
0.0218894
0.0236886
8.24328
0.0248826
0.0334644
0.0414413
2.99115
2.51928
0.0216364
0.0216248
0.0215223
4.08205
1.17599
0.0218583
0.0219169
0.0219192
0.0237407
0.0226158
0.0216491
0.021812
0.0217788
0.0219397
0.0551697
0.0219817
0.165849
0.0223899
0.0217907
10.3026
0.0216618
0.274398
0.0215153
0.0339549
0.0218391
0.192203
0.0221939
0.021815
0.0222841
0.0319944
0.0219031
0.0218363
0.0241935
0.0218934
0.144809
0.0219718
0.035117
1.6402
0.246569
7.36813
0.0219061
2.18985
0.0377692
0.0227139
0.0222026
0.0216053
0.0218509
0.0216657
0.0233555
0.0583526
0.022733
0.0241205
0.0214606
13.4901
0.352007
0.0613093
0.0219336
3.04667
0.0218802
0.0380239
0.021643
0.0214485
0.0301268
0.0357298
0.0217217
0.0218335
0.0217487
0.0302473
1.70241
5.50475
0.0219491
0.0260197
0.021966
0.0215362
0.0353977
0.0221885
0.0237188
0.0218756
0.0216797
0.100599
0.107534
0.0219193
0.0217175
0.0236888
0.0609113
0.0217058
0.0265776
0.0218619
0.0970517
0.0222015
0.0252078
0.0215149
16.8267
9.08253
0.120289
0.175635
0.024385
0.0262128
0.0216307
0.022075
3.40643
0.0223881
0.0308217
0.0216471
0.0234337
0.0222633
0.0257162
0.0214587
0.0230759
0.0662058
0.291759
0.022344
1.39164
0.022296
0.0219214
0.189541
4.85715
0.0298117
0.0220049
0.0218029
0.0216675
0.0217021
0.0220327
0.0221561
0.0822777
0.0217519
0.0220018
0.0234763
0.0218454
0.0267832
0.0852279
11.1136
0.0216953
0.0503172
0.0233003
0.0234359
0.0278304
0.0231103
0.022076
4.75476
0.149287
0.0865903
0.0218787
0.021615
0.0225028
0.0332521
0.0220363
1.69507
0.0218975
2.77291
0.024444
0.563328
0.0253729
2.01798
0.0316866
0.0265577
0.0485675
0.0310266
9.42761
0.0378636
0.0420331
0.0220229
0.38588
0.0216551
0.0408649
0.0220044
0.0244937
0.0538879
0.269658
0.0215006
8.74503
0.0522912
0.0218867
9.25301
2.68097
0.0220627
0.0581255
7.99064
0.0239599
0.0219776
0.0220956
0.030658
0.0220453
0.0220873
0.243491
0.02205
0.0217445
0.0355132
0.0750594
0.0215872
0.0219311
2.36662
1.82526
0.118199
0.0216802
0.02182
0.0218533
0.0758484
1.37144
0.0224998
0.0216737
4.28555
3.97554
0.0619961
0.0557295
0.609811
0.0217506
4.85214
0.0218395
0.0220384
0.0249299
0.0312656
0.0215988
4.31708
0.0236106
0.0249153
0.0324417
0.0248174
0.0224845
0.022427
0.0229793
0.0218584
0.0219453
0.0223199
4.03408
0.023931
0.0214924
0.0644065
12.91
0.0224798
0.0223421
0.0216328
0.0220191
0.0220557
0.0215874
0.021849
0.107589
0.0245381
0.0215464
0.0407496
0.0219395
0.021511
0.0322732
0.0246899
0.0691253
15.3406
0.0616063
0.0252665
3.07715
0.0642972
0.0220194
4.57088
0.105803
0.0221948
0.023913
3.00338
0.0304447
0.198271
6.21932
0.0682883
9.51275
0.0215782
0.02187
6.91895
12.512
0.0258539
0.0240757
0.0221068
0.0316073
0.0293713
0.0524571
0.0302669
0.0220025
0.0219255
0.0222255
1.68696
7.32453
0.0219347
4.73162
0.0214713
0.0216366
0.163781
0.0219406
0.0219246
0.0220723
0.0216119
0.0215325
0.0256228
0.0218068
0.0222439
0.0240354
0.0217559
0.0228906
0.0217889
0.0220879
0.021877
0.0897115
0.0215354
0.0222652
0.377766
0.0217455
0.0314765
0.021911
0.031681
0.117426
0.122379
0.0384506
0.0219007
0.02511
0.0219519
0.022362
0.0219638
0.0219827
0.0910646
0.903164
0.0218529
0.120563
0.216318
0.467069
6.55609
1.92672
0.0219873
0.0223093
0.0220113
8.37536
0.305807
0.0995433
4.6906
0.023753
0.0221188
0.0252766
0.0217143
0.0250112
0.645738
0.0219751
0.0217559
0.08957
0.0218871
0.0272879
0.0219298
0.026397
0.0215931
9.11374
1.00216
0.0214534
0.0573332
0.021811
0.0219904
0.0220238
0.0248162
0.0681775
0.0221221
0.344342
0.0339897
0.0243625
0.0215539
0.0226022
0.0221532
0.0219851
0.0221266
0.0218672
6.35557
0.0668411
0.0216603
0.0219763
0.0219434
0.0249511
0.0220785
0.0245017
0.030711
0.0303759
0.0224843
1.87553
0.0224383
0.0217158
0.0222837
0.0681536
0.0220649
0.0535536
0.0220834
0.0215125
0.0219089
0.0247565
0.0219724
0.0222399
0.021846
0.0223359
0.0217215
0.0215651
0.0223292
0.107437
1.60152
0.022076
0.765709
0.259244
0.0240159
0.0721623
0.0219003
0.0216101
0.0222707
0.0539776
0.0293224
3.04807
7.12291
0.0238065
0.0220515
0.0214622
0.021912
0.102851
0.0218561
0.0610004
0.0219835
0.0268949
0.0214704
12.6635
0.021664
0.0297688
0.551687
0.0219701
0.0219721
0.0363131
0.0221731
1.85137
0.02207
0.451559
0.0221516
0.14824
0.0298562
0.0224853
0.0411687
0.0271785
0.0218903
0.0221366
0.0219219
0.0217179
1.97683
0.0217122
0.0505765
0.0224775
0.0647413
0.0248558
0.0219362
0.0293978
4.90191
0.154789
0.0494658
0.0481114
0.531896
1.20169
0.021844
0.022295
0.167356
0.021868
0.0216495
0.0219703
0.0272563
0.0220617
2.45469
0.0220525
0.0222614
0.0222907
0.0223968
0.0225599
3.82431
0.0218745
1.84138
0.0219132
0.0804807
0.0220936
0.02188
0.0215518
0.431761
0.0218018
0.0238624
0.0457401
0.021527
0.0220038
1.15849
4.47896
0.0230052
0.0305546
0.022079
1.92734
0.0219987
0.0676785
3.62365
4.43275
8.09025
0.0218277
0.0222954
0.022241
0.0219105
0.0219523
0.0220684
0.021455
0.0221594
0.0218249
0.0218797
0.0719488
2.68827
0.063375
0.0214516
3.30328
1.12063
0.0218304
0.0220941
0.0218792
10.5148
0.0218655
0.0218691
0.0217881
0.0219845
0.0474182
0.0218949
0.0923207
0.0402786
5.30602
0.0215445
0.0340485
0.148115
0.846548
0.845464
0.0494191
3.95895
0.0773923
0.0220092
0.0217109
0.0220155
0.0222523
0.0226974
0.0875153
0.057206
0.0220711
0.0977663
0.0215816
0.0653485
0.0218776
0.207741
0.0220333
0.0218901
0.0219914
0.0442845
0.0220043
6.37993
0.0214388
0.0241301
0.0218557
0.0375365
0.0534945
0.034132
0.0677408
0.0724988
0.0218813
0.0241808
0.0258244
0.141868
0.0220401
0.0239772
0.0216989
0.232913
0.0271631
0.024167
0.0712107
0.0217021
0.0407292
0.0559278
0.0225659
0.0241967
13.0835
0.0221387
0.198494
0.0224343
0.0219248
0.281859
0.0220625
0.0216985
0.101211
0.0229681
0.0219318
1.95898
0.0235333
0.0219065
0.0335574
0.0221948
0.0219361
0.0284905
0.0902343
2.09984
0.0221281
0.0940676
0.0221012
0.0913919
0.0438753
0.0307534
0.0217153
0.021916
0.113298
0.124566
0.0218946
5.27906
4.20218
0.0466235
0.0216651
0.030395
0.0843244
0.0349739
0.0221115
0.0668478
0.0231886
0.0217051
0.0219018
8.38015
0.0672949
0.419596
0.0216664
0.0233632
0.0302966
0.305949
0.0219241
0.0216784
0.0301388
0.168995
0.11383
0.0216528
0.044806
0.489961
0.0217063
0.0247635
0.134978
0.0226681
0.271472
2.09653
0.0342858
0.0220095
0.0393867
0.0218383
0.0636017
0.0225029
0.0217598
0.0218705
2.13475
0.133255
0.0465282
0.0224932
0.0216389
0.373353
0.0633679
0.0218478
0.848367
0.430241
0.0675931
0.0221992
0.0269495
0.0222468
0.0225488
0.02181
0.0268198
0.0216916
0.024758
0.0220856
0.0676392
2.7122
0.0215917
0.0409732
0.0221426
0.0218837
0.0218335
4.29478
0.127102
0.0365495
0.820009
0.0216232
0.0430614
0.0219042
0.103084
0.0892005
0.0313813
0.0358569
0.0333597
0.0215908
1.28377
0.0446368
0.0833597
0.0219582
0.0333655
0.0218751
0.0596017
0.0434307
0.046818
0.095276
0.0237799
0.064001
1.71676
0.0422128
0.0216284
0.115464
0.0217009
0.02197
0.0218262
0.0276566
0.0240404
0.661103
0.0321524
5.67263
0.0222469
0.0218282
0.0216238
0.0218792
0.0237286
0.0219984
0.021586
0.0346401
0.0427391
0.0218304
0.0237466
0.0225865
0.0219077
0.0274582
0.0218315
1.37589
8.7085
0.0319954
0.0216668
0.0374816
4.19196
0.0218356
0.0262622
0.0218514
4.90705
0.0216509
0.0220351
0.0219002
0.038109
0.0726332
0.0219487
0.0219341
0.0255024
0.0219784
0.0215828
0.0219541
0.0218371
0.150119
0.0216753
0.0218343
0.025774
0.0253432
0.0219363
0.0219839
0.0215763
0.0268623
0.0220808
0.0290834
0.343214
0.0215993
0.0214582
0.0220896
0.642987
0.0822253
0.0238874
0.0224154
0.0218369
4.79837
0.022547
2.75808
0.0765884
0.0222936
0.0223606
0.0254814
0.0216339
2.60864
0.0465544
1.71958
0.0219935
1.84737
)
;

boundaryField
{
    frontback
    {
        type            empty;
    }
    topbottom
    {
        type            fixedValue;
        value           uniform 0.0223;
    }
    outlet
    {
        type            zeroGradient;
    }
    inlet
    {
        type            fixedValue;
        value           uniform 0.0223;
    }
    walls
    {
        blending        binomial2;
        n               2;
        beta1           0.075;
        type            omegaWallFunction;
        value           nonuniform List<scalar> 0();
    }
    procBoundary2to0
    {
        type            processor;
        value           nonuniform List<scalar> 
165
(
10.6338
15.1365
15.1365
0.167326
0.0220362
9.49148
4.18405
17.0819
15.3273
13.1627
11.7668
0.0293631
0.0293631
0.0219688
0.021992
26.6513
0.0219847
4.86372
1.86946
0.0260452
0.0229666
0.0229666
0.138046
1.53266
18.6626
0.0227758
0.106276
16.3356
1.90151
0.0232333
9.52205
0.0220734
1.77346
1.77346
1.66116
0.0220079
16.326
0.0219423
0.0860762
0.0695765
13.7893
16.9656
1.65523
0.0221046
0.507377
0.507377
0.0219449
1.53675
0.0466336
1.37924
0.822331
0.022095
1.33405
0.0251753
2.078
2.03203
2.0961
0.0248321
0.0242158
0.0221274
12.7617
0.32829
1.38998
0.0219794
0.0220446
0.0220645
9.97662
11.6244
0.0219605
0.0569634
0.0223692
0.0238914
0.0219351
0.0219533
2.12768
0.0222869
0.0425898
0.0219585
0.0221375
0.0226262
0.0219688
0.0222666
0.0569634
0.0638532
0.0219449
0.0273833
0.32829
16.4063
0.02193
0.0219312
1.77323
0.0220095
1.45742
0.0224721
0.0317759
0.0221721
0.0268183
0.0860762
0.0511335
0.0219388
0.0332981
0.0222078
1.38861
2.1779
0.0220848
0.0425898
0.0220413
1.57854
2.27342
2.23797
0.0222741
0.0221613
0.0219292
2.01816
18.8283
18.2177
15.0447
2.14476
1.45742
0.0234837
20.2335
0.0372222
0.0396137
2.19202
0.021927
16.5813
19.2075
19.0639
0.0221973
0.0350193
0.0219265
1.49767
0.0222462
18.2549
0.030699
18.3133
0.224026
0.106276
0.0221313
0.0220171
1.33621
0.0221965
2.20109
17.757
22.9847
10.0675
1.8511
16.7171
14.1584
9.10421
15.5563
19.4608
18.4515
10.2918
1.31938
10.7621
2.3739
0.030699
14.2437
24.7483
0.0222328
1.30865
1.27921
10.1695
17.8948
)
;
    }
    procBoundary2to1
    {
        type            processor;
        value           uniform 2.47603;
    }
    procBoundary2to3
    {
        type            processor;
        value           nonuniform List<scalar> 
73
(
0.0225539
0.0223412
0.0214473
0.0214262
0.0423344
0.0423344
0.0238254
0.0866196
0.0595646
0.160432
0.0221727
0.0221727
0.199197
0.0217765
0.0223412
0.0338069
0.0384715
0.0384715
0.0215267
0.0259994
0.0269834
0.0213945
0.0217623
0.0219596
0.0238571
0.143315
0.116774
0.0218615
0.0214384
0.0233719
0.0681461
0.0282891
0.0214194
0.0217076
0.0215019
0.0354306
0.0251973
0.0230016
0.0220343
0.0216547
0.475481
1.584
0.0316414
0.0214009
0.0214794
0.0213887
0.0532257
0.0214111
0.0215669
0.093659
0.475481
0.0216073
0.0473524
0.021393
3.32416
3.32416
0.0227611
0.0245023
1.584
4.02249
0.021461
0.0214055
0.0782233
0.0473524
0.0298324
4.02249
3.77639
0.110601
0.0214149
0.021512
2.88558
3.31063
0.0215382
)
;
    }
}


// ************************************************************************* //
