/*--------------------------------*- C++ -*----------------------------------*\
| =========                 |                                                 |
| \\      /  F ield         | OpenFOAM: The Open Source CFD Toolbox           |
|  \\    /   O peration     | Version:  v2012                                 |
|   \\  /    A nd           | Website:  www.openfoam.com                      |
|    \\/     M anipulation  |                                                 |
\*---------------------------------------------------------------------------*/
FoamFile
{
    version     2.0;
    format      ascii;
    class       volScalarField;
    location    "350";
    object      omega;
}
// * * * * * * * * * * * * * * * * * * * * * * * * * * * * * * * * * * * * * //

dimensions      [0 0 -1 0 0 0 0];


internalField   nonuniform List<scalar> 
9793
(
0.294991
0.317507
0.205663
0.0209858
1.91849
0.0217957
0.0215683
0.0207376
0.0214718
1.95752
0.04884
0.53515
0.0210164
0.0201538
0.0229384
0.0201073
0.0209986
0.0211249
0.163588
0.0201411
0.165884
0.0226196
0.462425
0.0196014
0.021336
0.0210842
0.0201267
0.0207142
0.0397427
0.0214628
0.0247338
0.427185
0.5828
0.0218649
0.0475094
0.958304
0.0222716
0.0225818
0.020792
0.0208433
0.0244889
0.0229563
0.0217454
0.021769
0.0217477
0.0212099
0.0464119
0.0800849
0.0418882
0.0209637
0.0633799
0.0619554
0.0219925
0.0214595
2.19526
1.27902
0.02139
0.0892733
0.772019
0.0207785
0.0213715
0.0220719
0.554441
0.0215623
1.36634
0.502998
0.549614
0.377226
0.334967
0.0492019
2.2018
0.0211425
0.0210589
0.293591
0.061913
0.678775
0.0213791
0.020242
0.0214723
0.0208794
0.473871
0.0214335
0.307072
0.0544117
0.0237095
0.0763707
0.0209648
0.0213694
0.0217807
0.0215916
0.317808
1.41043
0.0203085
0.424933
0.0219117
0.0644612
1.29033
0.316088
0.0202858
0.0201885
0.0201744
0.0212983
0.0203381
0.0203324
0.0202592
0.0235414
0.0217015
0.0214159
0.0218375
0.0642629
0.0213924
0.675912
0.0213792
1.31034
0.0621584
0.0213887
0.542935
0.0627242
0.0217221
0.383564
0.0852758
0.0230595
0.0212747
0.0219026
0.0216765
0.252969
0.0303376
0.0945286
0.0217617
0.021101
0.0219421
0.0213785
0.0210973
0.0213072
0.0214478
0.0213608
0.0217633
0.0215754
0.0213737
0.0199352
0.0212666
0.021277
0.0210888
0.0201756
0.0201969
0.0203716
0.293354
0.020183
0.0202881
1.52044
1.86915
0.0218992
1.87192
1.99364
0.0202747
0.022532
0.02071
0.0212261
0.0201742
0.021049
0.0207343
0.0206931
0.0200131
0.122801
0.297635
0.170149
0.0958658
0.0249499
0.0200883
0.0209861
0.0210513
0.596546
0.299889
0.605105
0.0216289
0.127821
0.021369
0.0195917
0.0211039
0.0246149
1.27353
0.0218877
0.0201871
0.0212829
0.624854
0.0210481
0.10851
0.0210965
0.021244
0.020024
0.0216343
0.0213073
0.0409304
0.617337
0.410855
0.0244302
1.0591
0.0209518
1.99479
0.0200006
0.021441
0.109705
1.29192
0.0211117
0.0213622
0.0202582
0.716877
0.0201012
0.0229952
0.0220581
0.0275792
0.045248
0.0412701
0.0214778
1.24489
0.0205782
0.0210544
0.571751
0.0202666
0.440136
0.138396
0.0213137
0.0216806
0.0213109
0.0822903
0.11732
0.021839
0.0202766
0.199685
0.0397945
0.0196424
0.0196021
0.0219257
0.0201388
0.0347599
0.3903
0.0213554
0.0210097
1.2164
0.0212093
0.0228491
0.0201729
0.0209786
0.57222
0.0209894
0.0202782
0.0207255
0.0212189
0.0202944
0.0215979
0.0214829
0.0229872
0.0563502
0.0324797
0.0209506
0.023116
0.0210456
0.023209
0.0217042
0.020099
0.258533
0.0209994
0.0557769
0.0214969
0.0252171
0.0198267
0.0197622
0.0274941
0.107927
0.0215552
0.0201176
0.0199415
0.0259818
0.0213325
0.312641
0.31286
0.0211115
0.880848
0.0213201
0.0324964
0.0211764
0.0196763
0.0219009
0.0207341
0.0303376
0.0213115
0.0214688
0.0242013
0.0209676
0.0213537
0.0213607
0.557206
0.0216136
0.0223026
0.0220553
0.0212984
0.021798
0.0245755
0.02122
0.398004
0.0202853
0.593317
0.561525
0.0219848
0.0216183
0.0201503
0.026773
0.0237607
0.0211325
0.572535
0.0215832
0.0201376
0.0239364
0.0215322
0.0213724
0.0213626
0.0677075
0.0209746
0.0250965
0.0220913
0.0209231
0.295255
0.596835
0.291187
0.0200631
0.495935
0.0218833
0.802874
0.068949
0.0199585
0.0222964
0.0518577
0.0211594
0.0224934
0.0641242
0.0206998
0.0216632
0.0214282
0.0209204
0.0207724
0.86825
0.0210938
0.020917
0.599761
0.0212119
0.0200936
0.0200205
0.0220261
0.0207125
1.42653
0.0217345
0.0212938
0.0214087
0.0212967
0.589105
0.0214424
0.0299117
0.0196072
0.0307482
2.02693
0.116205
0.0323117
0.0219438
0.0215815
1.09281
0.0215457
0.284618
0.0212497
0.0201862
0.548044
0.0223638
0.691245
0.0212988
0.0375158
0.736007
0.0217418
0.0210391
0.574612
0.0235689
0.297169
0.0231511
0.0214284
0.55802
0.0212327
0.0219872
0.0220981
0.0210447
0.020144
0.0214473
0.0228065
0.583551
0.0215576
2.47504
0.403283
0.914564
0.040023
0.282074
0.0207675
0.0214299
2.08483
0.401714
0.0201987
0.0216273
1.16455
0.019931
1.32475
0.021021
0.0228508
0.0199203
0.0293406
0.0210869
0.0238589
0.714469
0.02012
0.465099
0.0221532
0.0218018
0.0221581
0.0211365
0.0216031
0.0203761
0.0852151
0.021303
0.021386
0.0657842
0.0214209
0.0216772
0.0218866
0.0199924
0.0252399
0.0210479
0.021381
0.0198825
0.506817
0.0202803
0.505758
0.0209939
0.173414
0.0223334
0.0210785
0.0220704
0.0215573
0.642758
0.020946
2.0499
0.0200504
0.0210582
0.0219889
1.26279
0.0254469
2.23403
0.0412978
0.0219662
0.0212294
0.0340704
0.0251831
0.0287096
0.316901
0.457523
0.0215105
0.0217654
0.0376789
0.0212749
0.0215725
0.0212554
0.0203263
0.022006
1.25187
0.0239414
0.558961
0.0203359
0.027185
0.0195687
0.0216067
0.0220881
0.021449
0.0341192
0.0210482
0.0215856
0.0199054
0.0212796
0.0218128
0.0921235
0.0210616
0.0212302
0.547534
0.0220823
0.0217366
0.628045
0.148843
0.0216773
0.0222708
0.0221018
0.0218266
0.0213922
0.0218842
0.0217172
0.0210048
0.0210543
0.0209607
0.270117
0.0685924
0.0206493
0.671353
0.0333459
0.0202402
0.0216398
0.0214898
0.445912
0.021171
1.1935
0.0199728
0.0209879
0.0469917
0.0212361
0.0276678
0.541345
0.0258686
0.0202322
2.56727
0.0219832
0.0204929
0.0210506
0.0415664
0.0208509
0.0204785
0.0212439
0.0208497
0.542745
0.0346909
0.0320646
0.0217265
0.0210301
0.0209462
0.0213876
0.0212673
0.0212552
0.0772987
0.127403
0.0199531
0.0216535
2.02452
0.0211898
0.027655
0.0313215
0.0210926
0.0528672
0.557276
0.0213276
0.101199
0.0196977
1.307
0.0239049
0.552569
0.0210477
0.0209681
0.0210157
0.316599
0.0215962
0.640479
0.523091
1.16397
0.0283231
1.17271
0.0286743
0.022927
0.0257309
0.0215928
0.213046
0.0214247
0.403286
0.0198515
0.0278247
0.0217988
0.0217095
0.0209364
0.130149
0.0198738
0.0206549
0.0219177
0.0222739
0.0242837
0.0210683
0.0212112
0.021179
0.0211654
0.2263
0.020963
0.444112
1.36086
0.0209736
0.0215901
0.0279261
0.0216269
0.0212553
0.0214949
0.0217575
0.0238725
0.0218518
0.0222741
0.0204526
0.0216979
0.0218204
0.023344
0.0214865
0.0221259
0.684606
0.0212062
0.0924304
0.0232752
0.0217467
0.0212175
0.0206669
0.0217221
0.021821
0.0209798
0.0206718
0.0195373
0.0209605
0.0206663
0.0211505
0.0228332
0.0198438
0.0217093
0.0219927
0.0214347
0.0226182
0.0218879
0.0265107
0.022161
0.0209525
0.0212295
0.0204863
0.0198947
0.0210947
0.01992
0.0209043
0.0212144
0.0198675
0.0301867
0.0208684
0.0219982
0.0212911
0.294635
0.0210137
0.0199106
0.0463018
0.0196832
0.0212266
0.137273
0.021345
0.0220091
0.0219692
0.0859653
0.0206776
0.0418538
1.24014
0.562956
0.280516
0.0212017
0.0212924
0.349479
0.02104
0.0198916
0.28865
0.348128
1.8903
0.0212363
0.0459839
0.0212963
0.021285
1.24369
0.0211636
0.270129
0.0217738
0.0734313
0.0209425
0.0228865
0.0217526
0.117837
0.849822
0.0210372
0.0215803
0.0239687
0.0209017
0.0218053
0.0425497
0.266134
0.021028
0.027602
0.0210581
0.44359
0.0258544
0.549601
0.273094
0.0209833
0.0239478
0.606744
0.0210134
0.0211362
0.0219849
0.0214457
0.0198683
1.26797
0.0198738
0.466536
0.0222387
0.167358
0.0490321
0.0213999
2.21333
0.772653
0.0216364
0.565118
0.0237744
0.0607888
0.0198769
0.019673
0.309289
0.021168
0.870992
0.0209066
0.313946
0.0204168
0.097552
0.322186
0.0209717
2.28887
0.0213546
0.0219608
0.0297017
1.20394
1.23789
0.0199116
0.0204258
0.0199148
0.569742
0.989905
0.0221222
0.0225904
0.0300795
0.0198952
0.0209598
0.0213504
0.149398
0.0224537
0.0212067
0.0207273
0.0207565
0.286334
1.99153
0.0202565
0.0204878
0.0209014
0.344117
0.0211478
0.548533
0.0388157
0.463646
0.0624944
0.305813
0.0208173
0.0214077
0.0225186
0.0218156
0.0235007
0.0211952
0.0457098
0.353906
0.020365
0.719789
0.0207478
0.749684
0.0215093
0.153904
0.0235862
0.022626
0.0210274
0.020336
0.0228372
0.416581
0.633485
0.021232
0.0310326
0.0207
0.0222371
0.0231112
0.393337
0.0229721
0.0612573
0.0208136
0.0241606
0.02103
0.0198651
0.0218259
0.0209239
1.28751
0.0211218
0.0223702
0.0221524
0.0224616
0.0198572
0.0540534
0.0214018
0.0217744
0.0208304
0.0209673
0.350813
0.0210279
0.182019
0.0203695
0.0254867
0.0207101
0.0137476
0.021061
0.636467
0.0213742
0.0211866
0.020866
0.318748
0.348378
0.76451
2.43652
0.452664
0.0211543
0.022462
0.315237
0.0198784
0.264387
0.206416
0.0561765
1.87819
0.0222371
0.352966
0.021981
0.50548
0.317993
0.0222166
0.0214459
0.35528
0.156693
0.0229602
0.0228549
0.0211806
0.0214112
0.0277208
0.0210683
0.0198894
0.0218485
0.0228821
0.029655
0.0220185
0.473382
0.0208816
0.0199201
0.0291782
0.0759608
0.0282778
0.021692
0.0200391
0.0204587
0.019871
0.540363
0.019859
0.0221189
0.34789
0.337691
0.0211261
0.796433
2.20562
0.112673
0.209808
0.366936
0.0218447
0.145856
0.0214446
0.0208033
0.021245
0.0215771
0.0207546
2.1188
0.0212662
0.548454
0.0203439
0.0399642
0.0215427
0.0281919
0.0223881
0.0211117
0.0385658
0.0203205
0.0198879
0.180582
0.0218727
0.0260663
0.021073
0.0199767
0.325649
1.35873
0.0223507
0.0195616
0.0195413
0.020079
0.0217112
0.313898
0.129195
0.267476
0.029399
0.247465
0.0211976
0.0260643
0.02295
0.0227215
2.01864
0.0210371
0.0209461
0.0818941
0.0303691
0.446613
0.0210084
0.503273
0.3427
0.0229078
0.0313976
0.0224213
0.482224
0.0212824
0.0231436
0.304534
0.0222065
0.0210166
0.020737
0.0213983
0.0204628
0.0209411
2.39049
0.0214283
0.0233643
0.66417
0.0305919
0.0239788
0.0309634
0.111915
0.480138
0.0938748
0.0198913
0.0213902
0.0217657
0.0224241
0.0210866
0.430915
0.265574
0.0224296
0.749643
0.025483
0.321268
0.0214067
0.285241
0.0211995
0.328773
0.0595468
0.0205872
1.17962
0.434972
0.0208399
0.0213772
0.0212191
0.20941
0.785119
0.0256623
0.0440256
0.0232267
0.129111
0.37605
0.170874
0.0211381
0.0213582
2.42888
0.141694
0.0210395
0.0211376
0.0199162
0.0215072
0.0213482
0.0230347
0.107632
0.0211578
0.0219966
0.314131
0.0215282
0.0221939
0.02352
0.371839
0.0214137
0.0219196
0.122467
0.021634
0.0199482
0.0216852
0.0208762
0.0220552
0.336417
0.375814
0.0212638
0.137141
0.022453
0.0208257
0.0213127
0.0216889
0.021937
0.0214388
0.315599
0.0213813
0.0219169
0.0256872
0.0214427
0.020456
0.0232505
0.0211758
0.115206
0.0213734
0.0210273
0.585907
0.0210277
0.614919
0.0227077
0.0208989
0.455122
0.021859
0.0265376
1.19847
0.0201692
0.70302
0.020932
0.0213434
0.996125
0.687796
0.0201823
0.0213789
0.0206422
0.0215107
0.0612345
0.0218385
0.0212009
0.021743
0.0213585
0.0217343
0.0211541
0.020213
0.0209283
0.0211656
0.053561
0.0231791
0.0199781
0.0314609
0.0214973
0.11238
0.022184
0.0267874
0.021367
0.0211933
0.0602876
0.0225948
0.0212292
0.0213906
0.337684
0.203294
0.0213199
0.0197995
0.0517434
0.0534772
0.0196511
0.508044
0.0341172
0.0212386
0.0216412
0.0228445
0.0214637
0.0269164
0.375462
0.0212637
0.133221
0.0233116
0.0238697
0.0197987
0.0212825
0.0198214
0.0198042
0.140282
0.021017
0.0352882
0.0442059
0.0198119
0.0216872
0.024028
0.02213
0.0215164
0.0213606
0.0217374
0.61933
0.0198128
0.0214046
0.279925
0.0215014
0.0214774
0.0228459
0.0210366
0.0214934
0.0211405
0.0214133
0.0214819
0.0223869
1.75401
0.0422392
0.0198061
0.0213715
0.0198078
0.832447
0.0209807
0.0235471
0.021201
0.020124
0.0230559
0.0203618
0.0250837
0.0213438
0.0203737
0.0859052
0.427323
0.0216095
0.0215074
0.0209296
0.203861
0.124648
0.021364
0.486675
0.625165
0.0219798
0.0222292
0.351531
0.0232257
0.315886
0.0346843
0.0218894
0.0211519
0.0249225
0.129313
0.0203174
0.084419
0.893569
0.0213524
0.803274
2.43209
0.0232316
0.326557
0.0198032
0.0243825
0.0452021
0.0212134
0.336154
0.0198062
0.0328595
0.0966376
0.0197999
0.0383729
0.0214606
0.0217225
0.0274291
0.0225637
0.245647
2.57419
0.0199841
0.0229412
1.74293
0.0206763
0.0229284
0.0207817
0.341875
0.140213
0.020406
0.0211365
0.0230292
0.304339
2.49137
0.0248388
0.0198058
0.020866
2.61545
0.737454
0.158262
0.0223732
0.0223715
0.0235244
0.0199641
0.0219112
0.0229859
0.0224022
0.020827
0.0230071
0.486954
0.0726145
0.020936
0.196778
0.0232047
0.0636506
1.29517
0.0407529
0.681845
1.18602
0.019809
0.0889331
0.0898042
0.563487
0.131651
0.0211456
0.107903
0.350172
0.0422647
0.0244337
0.13127
0.107397
0.0210326
0.0232427
0.0228362
0.0211783
0.0538302
0.021204
0.0227978
0.0205926
0.0198154
0.0214195
0.0212755
0.0221917
0.0232457
0.285463
0.0229766
0.353673
0.0207925
0.023641
0.0214412
1.69311
0.588504
0.0211457
0.0446196
0.0212363
0.0201735
0.021263
0.0201162
0.0210072
1.20179
0.0214716
0.150901
0.0209539
0.0209226
0.467319
0.0218412
0.0216256
0.0211043
0.0211414
0.687671
0.0531714
0.503917
0.198318
0.390979
0.0214174
0.0215838
0.0211792
0.0227404
0.0351176
0.0604726
2.497
0.0209117
0.0416707
0.0218179
0.0926506
1.61667
0.0229309
0.806998
1.92822
0.0221617
0.0398608
0.020851
0.0368019
0.0217061
0.0834268
0.0357892
0.0198139
1.72957
0.508366
0.0215061
0.0221416
0.0216602
0.237817
0.0207947
0.0215489
0.649564
0.0207808
1.17486
0.0227309
0.0229026
0.0217983
0.0216011
0.0371543
0.0211049
0.145248
0.0228283
0.021214
0.0206869
0.0310265
0.0220623
2.59234
0.0215738
0.022962
0.0241378
0.0876418
0.0222338
0.0212082
0.166521
0.0215488
0.0203722
0.026146
0.153143
0.0228956
0.0204748
0.0214951
0.51297
0.0641882
0.021133
0.0250447
0.0201032
1.91317
0.0209237
0.0216888
0.0210741
0.0999678
0.0209237
0.0207131
0.0213313
0.0705183
2.50837
0.0209543
0.0228939
0.0216035
0.0217528
0.349024
0.0242016
0.0217522
0.0215641
0.0209896
0.176102
1.50589
1.10581
0.021182
0.126017
0.0201649
0.0201021
0.0215786
0.0217201
0.0383388
0.0213138
0.0209557
0.393684
2.4516
0.0227373
0.0214049
0.0214283
0.0366509
0.0205803
0.0211257
0.034044
0.0213831
0.0211948
0.0218311
0.0230354
0.0199391
0.940851
0.0337469
0.0230394
0.0224802
0.0206018
0.0223442
2.00511
0.0213165
0.0212129
0.021396
0.0209975
0.0213775
0.0208263
2.17373
0.729762
0.0214556
0.0218186
0.021111
0.0232506
0.0223846
0.0530757
0.0217884
0.973568
0.0212653
0.0216391
0.0207141
0.0884946
0.0214072
2.19751
0.0214195
0.0214063
0.0195496
2.59429
0.0224728
0.0224188
2.54555
0.0216815
0.0213981
0.0210822
0.0213517
0.0208498
0.0217082
0.0231914
0.597129
0.0214622
0.0637833
2.1409
0.0226636
0.147397
0.0213486
0.0224851
0.0209334
0.0203064
0.0201762
0.021309
0.293617
0.122838
0.020803
0.759596
0.0616374
0.0212184
0.0681235
0.020285
0.033776
0.0216717
0.0209915
0.158945
0.0213619
0.0220949
0.0236168
0.0579358
0.0690796
0.0217409
0.0209319
0.0220407
1.84267
0.704474
0.029641
0.0238252
0.0213663
0.0213507
0.392893
0.0214051
0.0261009
0.0206143
0.663991
0.0213589
0.0288366
0.0213151
0.0215912
0.0323439
0.0262912
0.0315893
0.0217989
0.0216615
0.0238758
0.310735
0.0365913
0.020361
0.0231326
0.0729354
0.0226796
0.0382404
0.0214879
0.0215605
0.0213019
0.0236163
0.24287
0.0582915
0.0213354
0.308659
0.0231533
0.024387
0.0214167
0.0213009
0.0213265
0.0200235
0.0527389
0.0222572
0.0220662
0.0217876
0.0212653
0.0213575
0.226988
0.0213773
0.0213433
0.0215919
0.0457141
2.14556
0.021359
0.0210438
0.0214097
0.110209
0.0217424
2.11294
0.0213692
0.0484915
0.0213573
0.021377
0.0338109
0.0215323
0.0274141
0.0215516
0.0213565
0.0202955
0.0221882
0.16627
0.021473
0.0217338
0.299164
0.0213355
0.0219271
0.0217658
0.0213978
0.0210956
0.0217441
0.04997
0.0207247
0.0207917
0.0209235
0.245423
0.0233036
0.420676
0.0213988
0.0214554
0.0378075
0.215879
0.300847
0.0235041
0.0280698
0.312427
0.0213784
0.495076
0.0215402
0.0893601
0.0209239
0.026465
0.626127
0.0195623
0.0232166
0.0218551
0.0219383
0.0199486
0.0741092
0.0208658
0.305469
0.0215255
0.0213442
0.0215963
0.019941
0.0215978
0.168555
0.0212748
0.0211094
0.0210982
0.0213534
0.0213269
0.589054
0.541415
0.464171
0.0213667
0.0200724
0.0226524
0.0214044
0.021254
0.0783165
0.0327358
0.021694
0.0212937
0.67553
0.0223609
0.55932
0.385579
0.0223464
0.020264
0.021259
0.0230568
0.877688
0.0212334
0.0211694
0.0302987
0.110121
0.0365422
0.542217
0.0212336
0.0229291
0.0229219
0.0198541
0.0215758
0.18592
0.419197
0.393768
0.0212243
0.158006
0.0215622
0.0213266
0.0229592
0.0216906
0.0230029
0.0246204
0.0211761
0.021418
0.0212193
0.0208561
0.0199003
0.0210293
0.0242145
0.124223
0.0237898
0.0195511
0.0199283
0.0212469
0.0216335
0.0212543
0.0225708
0.0217217
0.0217535
0.0217024
0.306268
0.0212066
0.022842
0.0963793
0.0212661
0.0212139
0.860411
0.021079
0.021325
0.0211976
2.3355
0.0240471
0.0393957
0.0215982
0.0968499
0.0200428
0.0200989
0.0203725
0.0211847
0.0282395
0.0212266
0.0215317
0.0357182
0.0212661
0.478726
0.0219725
0.0269864
0.0215745
0.48409
0.026051
0.0213489
0.0211072
0.0215826
0.0214487
0.0212444
0.400839
0.0209518
0.0381289
0.0211225
0.0212829
1.73204
0.0210203
1.32992
0.0715143
0.0212239
0.0993275
0.0211042
0.0216174
0.0212098
0.021594
0.020701
0.021245
0.0211845
0.0212043
2.10557
0.0213919
0.0209483
0.0216281
0.0207698
0.0211648
0.0211631
0.0213736
0.0204749
0.0212828
0.0211686
0.0213405
0.0211947
0.021691
1.28503
0.0210293
0.0215748
0.0306251
0.194541
0.0199796
0.0227301
0.0209488
0.0211027
0.0212141
0.0212301
0.656376
0.192848
0.0210881
0.0222001
0.339699
0.0213712
0.00850715
0.56719
0.0198693
1.28053
0.0213857
0.125705
0.0235872
0.032361
0.100341
0.598168
0.0209622
0.0210641
0.0199566
0.0241283
0.0575446
0.0220513
0.104526
0.688719
0.0213117
2.60828
0.0284906
0.0204099
0.0203627
0.0322421
0.0314385
0.021198
0.0209788
0.0200973
0.0229831
0.0230219
0.0230289
0.0230705
0.0229712
0.0414664
0.0210079
0.0211276
0.0211173
0.25089
0.0229642
0.0230444
2.39392
0.0303996
0.0242629
0.0209879
0.0229862
0.0211684
0.027669
0.021321
0.0218154
0.0289156
0.0225459
0.07208
0.0198202
0.2972
0.0270788
0.0883961
0.296703
0.24468
0.0210679
0.0213077
0.0212954
0.0740221
0.0213619
0.0208675
0.0212895
0.0288349
1.21702
0.305399
0.0230573
0.0217151
0.0327071
0.0364861
0.294502
0.0268208
0.0277181
0.0305147
0.0331286
0.31229
0.0210905
0.0211031
0.0210772
0.0386065
0.0221051
0.0273453
0.0211461
0.0211759
0.0210968
0.25434
0.0211345
0.0210705
0.0210093
0.0339343
0.0209138
0.0211159
0.0202743
0.0233712
0.0803981
0.0259778
0.0229282
0.0214182
1.88423
0.0227853
0.0200235
0.021299
0.0165671
0.0293146
0.0213573
0.0213666
2.29059
0.0210448
0.0209604
0.0209228
0.0212053
0.0309896
0.0209759
0.0214169
0.021076
0.02143
0.0211351
0.0210861
0.0210428
0.0211487
0.0211815
0.204444
0.021215
0.0206449
0.0314896
0.0482462
0.0260349
0.047835
0.0209423
0.545552
0.0212633
0.0234407
0.0210467
0.0365174
0.0210229
0.0211919
0.0200866
0.0347005
0.0229895
0.021151
0.074072
0.0211031
0.0200767
0.0210997
0.0217418
0.0250497
0.0209145
0.529094
0.0213676
0.0217377
0.0306901
0.0211733
0.0268124
0.020983
0.0205686
0.0211475
1.17751
0.0225045
0.0237269
0.027385
0.118427
0.023654
0.0273263
0.0230273
0.0212073
0.0197856
2.49432
0.0325497
0.0209562
0.0264327
0.0208458
0.0209689
0.477012
0.0204503
0.021173
0.407744
0.0268698
0.51339
0.0211529
0.0209907
0.0264312
0.0209044
0.0199762
0.0679726
0.0210814
0.0236138
0.0747519
1.20186
0.0212781
0.0218341
0.0210876
0.0199087
0.0207817
0.0214695
0.0213702
0.0295534
0.0206458
0.0226287
0.0211934
0.021937
0.0232301
0.548383
0.022961
0.0213916
0.155639
0.336979
0.0211089
0.0320018
0.021365
0.0211627
0.0211584
0.0209269
0.0231204
0.0250182
0.0304862
0.0210558
0.02309
0.0214305
0.0197493
0.0209789
0.0211248
0.022199
0.0207967
0.0210306
0.0214799
0.0212193
0.535225
0.0213354
0.0215361
0.0543875
0.0216016
0.020183
0.132568
0.8339
0.591649
0.340846
0.052074
0.0204956
0.02175
0.0593256
1.17056
0.0332371
0.23525
0.242844
0.0213858
0.322237
0.51528
0.0213226
0.0305043
0.0216876
0.499164
0.0303584
1.20658
0.0216815
0.0209415
0.0481095
0.0211244
0.0211646
0.0301978
1.19959
0.0212642
0.0213606
0.0210062
1.29717
0.0210032
0.0209905
0.0211887
0.0209734
0.0209711
0.0297431
0.0216292
0.0209242
0.0211804
0.0269386
0.0351992
0.478068
0.0211684
0.0210327
0.0222009
0.0211787
0.0209528
0.0211053
1.70212
0.0211137
0.0327014
0.0211002
0.0212178
0.0202639
0.0211918
0.555389
0.0291321
0.0204981
0.0213247
0.311603
0.641096
0.0256257
0.5072
0.0211651
0.0270832
0.0210622
0.0197408
0.0210193
0.0200897
0.0210214
0.0211872
0.0213855
2.16854
0.0198611
0.167731
0.501187
0.0198815
0.0241861
0.0405406
0.0216279
0.0210861
0.021182
0.0210273
0.0209588
0.336997
0.0197946
0.0209826
0.0330094
0.0210507
0.0212248
0.020955
0.0354766
0.0213262
0.0213185
0.492053
0.0206346
0.0205689
0.0210097
0.0256303
0.0211867
0.0196272
0.0210512
0.019871
0.0953526
0.0272664
0.0209785
0.030866
0.019773
0.0211584
0.0213723
0.194583
0.734946
0.0199671
0.0219328
0.0212443
0.0210862
0.0210123
0.0210568
0.263228
0.312886
0.0211527
0.0216316
0.0208687
0.0209374
0.0209983
0.0229212
0.0266337
0.446495
0.0211644
0.0228923
0.681669
0.0210685
0.0231913
0.0628674
0.0849452
0.0206948
0.0209049
0.0208915
0.0210204
0.0209346
0.295118
0.0209883
0.666127
0.0332939
0.021653
0.0230902
0.32005
0.0202609
0.0300817
0.265477
0.02067
0.02348
0.0211337
0.0219016
0.259423
0.0207996
0.0239967
0.0209139
0.019958
0.0200426
0.0200859
0.0210802
0.838019
0.0213434
0.491996
0.138431
0.0722725
0.535087
0.0197624
0.021338
0.0220973
0.0303102
0.0211281
0.0770032
0.0229745
0.0199571
0.0208954
0.293469
0.0208858
0.0235656
0.232269
0.0210018
0.340779
0.0215861
0.0264036
0.0633049
0.0213364
0.0205582
0.0259692
0.0787222
0.0210691
0.0223785
0.0201483
0.020404
0.0208343
0.452122
0.0209362
0.0199769
0.0303406
0.020053
0.329128
0.021354
0.021148
0.0210138
0.0659928
0.0209169
0.0208555
1.30636
0.0630231
0.103061
0.0211291
0.0200648
0.024589
0.0693592
0.133732
0.218557
0.0229716
0.0230294
0.0213249
0.0212055
0.0230214
0.0215508
0.0209914
0.0203418
0.0240865
0.0230661
0.0208856
0.0196103
0.0213117
0.0205459
0.0210673
0.0230381
0.0289736
0.269665
0.0239292
2.14443
0.43166
0.0206009
0.0209055
0.0217505
0.0340468
0.0201579
0.0211724
0.0208762
0.0209317
0.0210929
0.0464143
0.0211379
0.0336429
0.0212198
0.0208026
0.101293
0.0369984
0.0211647
0.020828
0.0208135
0.274077
0.0175598
0.0213017
0.0201842
0.0211615
0.0208954
0.0211805
0.02096
0.15881
0.0209692
0.0208129
0.0314434
0.0204283
0.0790874
0.0232142
0.0209693
0.0212242
0.229882
0.0270144
0.197724
1.06853
0.0232875
0.0218574
0.0215388
0.0212086
0.0220629
0.0207809
0.107192
0.626963
0.0220633
0.0267328
0.274895
0.0208041
0.496427
0.0219492
2.4019
0.0214159
0.0207482
0.0207624
0.0215615
0.021034
0.0267974
0.400395
0.0250807
0.0210534
0.0208553
0.0208239
0.0273882
0.0219531
0.140769
0.0208451
0.0210533
0.0247576
0.0209496
0.0329465
0.0282919
0.0208353
0.0211992
0.0197278
0.0210455
0.233906
0.205105
0.0208239
0.0209804
0.0206268
0.322663
0.0211108
0.0225681
0.162569
0.0296061
1.97921
0.0286983
0.084402
0.021202
0.0250353
0.0214365
0.0209933
0.0221826
0.0220182
0.0204179
0.0210088
0.0257085
0.0211078
0.0199961
0.339064
0.019948
0.0209704
0.0263837
0.190247
0.0199494
0.020163
0.048476
0.198454
0.0315211
0.557397
0.0204614
0.262936
0.0209509
0.023176
0.0260069
0.0734611
0.699786
0.021913
0.456057
0.0246445
0.333041
0.0205705
0.0209924
0.0201539
0.0211304
0.0271825
0.0207367
0.0554112
0.0200257
0.0212747
0.0211423
0.439727
0.021292
0.259454
0.0221885
0.0238851
0.0227696
0.0226829
0.0451575
0.0197099
0.0372195
0.0211412
0.0513506
0.0211895
0.0292301
0.408482
0.0248522
0.530958
0.0207588
0.109572
0.0232762
0.0239237
0.0212947
0.0522188
0.0212485
0.0208563
0.0211582
0.0340043
0.021295
0.0235483
0.064461
0.0225143
0.0412786
0.0208155
0.0199477
0.225108
0.028454
0.330461
0.764734
0.0208081
0.017675
0.456291
0.0525502
0.0206375
0.029887
0.236615
0.020737
0.0210258
0.0197722
0.0547331
0.37312
0.311881
0.0321069
0.0207695
0.020624
0.0215306
0.0201421
0.0214637
0.0231229
0.0217531
0.02032
0.731371
0.0213987
0.0210499
0.0205267
0.152081
0.0321084
0.0217114
0.0240123
0.021825
0.534108
0.0207493
0.354137
0.0212748
0.0306428
0.594214
0.021225
0.765036
0.0203625
0.0198592
0.0207622
0.0208023
0.0206131
0.0207851
0.0197545
0.0377234
0.0232836
0.0209502
0.717237
0.0208341
0.0210935
0.0206035
0.638959
0.020965
0.0222158
0.0354135
0.0671218
0.0208829
0.0197632
0.507638
0.0210849
0.513318
1.1847
0.0210908
0.0215052
0.024247
0.238329
0.570043
0.0201091
0.0206015
0.0221266
0.0250532
0.022286
0.335683
0.0678905
0.0212487
0.0215605
0.022052
0.021747
0.0132243
0.751924
0.0205104
0.45051
0.0235661
0.0212486
0.0208869
0.0208335
0.0208109
0.0206114
0.0209505
0.0207138
0.021475
0.188059
0.0217764
0.0211351
0.0223489
0.0230185
0.0205482
0.0206778
2.13513
0.0216741
0.023486
0.0205338
0.0212235
0.0205096
0.0199272
0.693709
0.0212907
0.0210407
0.717826
0.76835
0.548121
0.0208452
1.19509
0.021321
1.25766
0.726488
0.0213637
0.709533
0.0206441
0.0202549
0.53532
0.0208177
0.0566859
1.2929
0.716628
0.023186
0.028455
0.0210814
0.0207875
0.0217683
0.0206125
0.689262
0.651924
0.0208353
0.704868
0.0376991
0.0197194
0.0206261
0.200167
0.122411
0.0334296
0.0224025
0.290119
0.5169
0.0211177
0.656972
0.49545
0.258901
0.660128
0.019417
0.714019
0.0197491
0.0386794
0.0894495
0.0197917
1.0395
0.681049
0.0329022
0.0196226
0.544688
0.0203505
0.0206329
2.04356
0.565769
0.0206439
0.0212764
0.02067
0.0198137
0.0230677
0.0207597
0.0259074
0.0247995
0.021818
0.0213466
0.0978598
0.0249218
0.542191
0.0531063
0.0206529
0.315051
0.021005
0.359304
0.0225045
0.0199688
0.684708
0.0211281
0.146625
0.0212886
2.00164
0.0210182
0.0210677
0.0201931
0.0212049
0.0204314
0.0212594
2.37452
0.490985
0.0205573
1.94253
0.212643
0.0202753
0.0205213
0.532988
0.0249193
0.155709
0.47382
0.748085
0.020522
0.0210891
0.134983
0.023997
0.359846
0.0235308
0.0205897
0.0211234
0.0205482
0.0197813
0.0205517
0.0357284
0.0205347
0.311987
0.0208675
0.0212986
0.0644909
0.0197534
0.0349172
0.504205
0.0207625
0.0207479
0.0209164
0.0232174
0.0196227
0.0200942
0.116572
0.361092
0.0247543
0.0211473
0.030683
0.0204868
0.021029
0.0211956
0.882499
0.0276323
0.198868
0.034248
0.0282371
0.0315092
1.11475
0.0209781
0.0218154
0.0196287
0.0196462
0.0239422
0.0207808
0.488553
0.294214
0.0220068
0.454227
0.0215728
0.699314
0.062693
0.0199674
0.0231023
0.022414
0.0917222
0.021234
0.0204059
0.0200756
0.0252009
0.691909
0.473249
0.474421
0.0209365
2.07304
0.0205451
0.130349
0.261012
0.0204176
0.0216611
0.0209567
0.577059
0.32837
0.0215189
0.019619
0.0262629
0.0221221
0.0478562
0.0213187
0.020883
0.507518
0.302624
0.0204661
0.0251673
0.0206481
0.0232527
0.0212336
0.457653
0.0206738
0.0213299
0.0371459
0.0212961
0.020814
0.2977
0.0384986
0.0213455
0.0210903
0.0215265
0.0205563
0.0204413
0.0601155
0.396341
0.0207945
0.0221202
0.0207913
0.0213233
0.0213092
0.0210588
0.493532
0.3153
0.0256535
0.403411
0.0207262
0.0251925
0.0208154
0.0212938
0.033824
0.0211676
0.0287335
0.0206896
0.125086
0.0212449
0.0829429
0.170055
0.0200723
0.020806
0.0445682
0.0352734
1.26867
0.342518
0.0353632
0.49786
0.0230281
0.0211521
0.11448
0.0207255
0.115403
0.01988
0.0565456
0.0278215
0.0207846
0.0208835
0.0208252
0.0228285
0.333635
0.0210468
0.0251823
0.0210053
0.0265751
0.0204302
0.0228447
0.0617023
0.0203962
0.0430338
0.128292
0.020152
0.441371
0.0811478
0.00585282
0.0204174
0.48036
0.0205506
0.0201637
0.0287965
0.0204064
0.757625
0.0199172
0.0207708
0.020444
0.0233019
0.263917
0.0207157
0.392354
0.0197639
0.0238117
0.395679
0.0208048
0.248069
0.04163
0.0256163
0.121001
0.0211585
0.0204983
0.916332
0.0204188
0.0203175
0.0205583
1.37201
0.309837
0.6695
2.11136
0.0200523
0.0209834
0.0200926
0.245613
0.0206222
0.706974
0.0276723
0.0211992
0.392638
0.518887
0.325613
0.0203278
0.0200497
0.0225508
0.0212147
0.0488959
0.678172
0.0202751
0.022057
0.0206552
0.46658
0.0409811
0.0207093
0.618037
0.0209413
0.0211387
0.0197896
0.0200615
0.127862
0.242988
0.0203959
0.0352598
0.471707
0.0198389
0.483437
0.0205609
0.0208646
0.0481743
0.0202778
0.694312
0.0197876
0.025077
0.059652
0.0197487
0.0200309
0.0210526
2.00296
0.0226701
1.86817
0.0915853
0.0229869
0.0232164
0.101102
0.0204673
0.500245
0.0505866
0.0206012
0.300614
0.0924644
0.0625847
2.07171
0.0695478
0.0203172
0.493063
0.0573225
0.300003
0.152135
0.0204299
0.0202585
0.0207096
0.669174
0.0202446
0.0200977
0.0848318
0.022862
0.0211865
0.0203083
0.0207947
0.0202333
0.0201167
0.0323515
0.0207978
0.131606
0.143415
0.019704
0.0219078
0.0205917
0.020329
0.271557
0.0279091
0.498161
0.517959
0.020464
0.020636
0.0379661
0.239184
0.321268
0.0203502
0.646449
0.425586
0.0198711
0.0257939
0.0253792
0.0200969
0.0208028
0.0205397
0.0207936
0.0200424
0.0481146
0.683616
0.0206296
0.30939
0.02119
0.029814
0.0208816
0.0212795
0.0233943
0.0217143
0.0238038
0.0202877
0.0197899
0.0202342
0.0202265
0.403137
0.0236193
0.457705
0.0780635
0.114613
0.0222611
0.0202474
0.0220707
0.0619142
0.0211309
0.233162
0.0219049
0.0197483
0.0204445
0.255888
0.0213055
0.0230141
0.023242
0.667913
0.0260602
0.0202238
0.0233141
0.0206715
0.250353
0.0206194
0.353153
0.406968
0.112097
0.0650825
0.0264022
0.0236495
0.20829
0.0208243
0.0202531
0.0205548
0.0207495
0.316639
0.0205792
0.0205832
0.0217895
0.0209058
0.0201327
0.0616199
0.298807
0.338121
0.020151
0.528722
0.265066
0.0472997
0.0206582
0.0202699
0.0215582
0.0201194
0.125403
0.0219492
0.020224
0.0238385
0.0205341
0.475009
0.0531157
0.0205686
0.175898
0.141654
0.0203086
0.32602
0.442072
0.0292356
0.0206049
0.197526
0.286553
0.0196264
0.0204674
0.288092
0.024476
0.0208259
0.393553
0.0210395
0.0203021
0.0204534
0.0202848
0.332156
0.0201205
0.0202804
0.332528
0.0265483
0.0204291
0.0207114
0.184969
0.256601
0.0209833
0.0254521
0.0203417
0.359957
0.061506
0.0214446
0.0201738
0.664717
0.591157
0.0215798
0.0200417
0.49252
0.0226392
0.0201367
0.599899
0.0208763
0.0272548
0.0204332
0.480087
0.158081
0.0615445
0.332152
0.020375
0.184796
0.020721
0.0233779
0.151267
0.0201091
0.0272076
0.0199474
0.453197
0.0206542
0.0202962
0.0199328
0.020409
0.0201571
0.0200634
0.057902
0.0213452
0.122975
0.0216012
0.0197386
0.0219901
0.442533
0.0205116
0.253068
0.0202235
0.0209997
0.565103
0.0212636
0.311961
0.023321
0.0786339
0.0200195
0.0200751
0.0213951
0.0213968
0.0201573
0.0228419
0.0213462
0.0626467
0.0200695
0.0217508
0.0204863
0.282878
0.196257
0.0210569
0.059419
0.0206502
0.0255213
0.0229942
0.02009
0.318448
0.020829
0.0198587
0.360372
0.696831
0.0597989
0.305941
0.0219344
0.350023
0.0236406
0.0210862
0.205539
0.315577
0.0203752
0.322252
0.36869
0.0211389
0.0201622
0.0227063
0.49305
0.0322448
0.142838
0.348663
0.0207846
0.0201082
0.25402
0.347792
0.0207355
0.0197862
0.0208023
0.0216253
0.0201824
0.0200316
0.257729
0.0332831
0.0199986
0.352962
0.431405
0.0392078
0.152983
0.0200641
0.0200479
0.0267304
0.171631
0.0414867
0.0233245
0.338066
0.0199982
0.286353
0.227647
0.0219418
0.0218239
0.0208721
0.020288
0.28557
0.0204517
0.0200545
0.0973236
0.0341976
0.0204526
0.338344
0.192684
0.022147
0.0816676
0.383251
0.0204096
0.0202548
0.0207769
0.0543748
0.0210271
0.239321
0.0212663
0.0200752
0.34422
0.0200098
0.0687426
0.33466
0.0200093
0.303264
0.349615
0.364957
0.0205401
0.0201083
0.0200304
0.421609
0.0202424
0.390701
0.201342
0.315213
0.023792
0.0227172
0.0207421
0.0210144
0.0236737
0.349461
0.0200891
0.299393
0.0947494
0.0727259
0.0198
0.324866
0.0297575
0.418351
0.661778
0.0200201
0.0204025
0.488814
0.0206288
0.0200329
0.324235
0.0208482
0.021139
0.654379
0.825734
0.0200418
0.020339
0.307692
0.29301
0.269864
0.411227
0.0197185
0.0268346
0.0202039
0.0199076
0.306619
0.020173
0.0201837
0.0198017
0.241097
0.0196995
0.0198232
0.233785
0.0201412
0.0213755
0.020499
0.0216155
0.0202435
0.269873
0.233681
0.0200832
0.0202045
0.0204431
0.0198535
0.0199183
0.0200345
0.0202405
0.0204771
0.0198406
0.0203506
0.259296
0.0201493
0.0202794
0.0208176
0.0196936
0.590301
0.0197201
0.0200532
0.0356558
0.0772824
0.022012
0.243268
0.0208607
0.0197956
0.0200619
0.194625
0.0202408
0.0237458
0.0239553
0.260268
0.0206874
0.0199171
0.10751
0.0260483
0.282666
0.0784809
0.31577
0.0199368
0.019717
0.0278279
0.0206037
0.132384
0.334469
0.021194
0.021069
0.0198986
0.0377741
0.0198887
0.0197511
0.0205905
0.0277446
0.0960226
0.263445
0.0200871
0.0210458
0.0201984
0.306014
0.0243871
0.0210636
0.021644
0.0218115
0.0212305
0.140281
0.0216148
0.0275061
0.0865015
0.0200317
0.020169
0.0224902
0.271818
0.019957
0.019851
0.0234926
0.0282497
0.46711
0.0200539
0.0211513
0.0202688
0.0218198
0.0199548
0.0207802
0.442265
0.396023
0.0201532
0.0218969
0.0201992
0.0217962
0.0205039
0.020034
0.311228
0.0235749
0.0197047
0.304178
0.0218275
0.0328877
0.0217047
0.0217857
0.295018
0.0209043
0.296556
0.020451
0.0197914
0.465743
0.292417
0.264177
0.0218935
0.0206544
0.0201187
0.0214433
0.0461655
0.0201714
0.0418057
0.0303713
0.0200749
0.66174
0.0198559
0.0198524
0.0205897
0.0201462
0.0663382
0.0205487
0.0199948
0.0220278
0.0377402
0.68518
0.0198663
0.0206391
0.0203886
0.0473015
0.329252
0.0203214
0.0199684
0.0202436
0.279828
0.0237398
0.483016
0.0199287
0.0208643
0.0257058
0.020505
0.0198066
0.459249
0.0185609
0.020355
0.169263
0.0199584
0.216794
0.650654
0.0343296
0.257796
0.0202913
0.0201446
0.0199894
0.0198891
0.0206926
0.019682
0.0200817
0.019784
0.0241809
0.29936
0.0230705
0.0209969
0.0200603
0.0210447
0.0278809
0.442681
0.0198981
0.020558
0.0199824
0.0203414
0.0247412
0.0200218
0.0200884
0.0201468
0.324613
0.369862
0.019928
0.139379
0.0259396
0.0199081
0.0216019
0.0198704
0.313109
0.0198622
0.305626
0.0579437
0.271992
0.361702
0.0365326
0.02242
0.0320894
0.0199778
0.343224
0.169313
0.300717
0.0295326
0.021306
0.245618
0.0200878
0.0215672
0.332276
0.285276
0.0222209
0.35394
0.0213471
0.0211286
0.0201346
0.304997
0.0198517
0.0202353
0.0301537
0.0200209
0.328968
0.0200616
0.345479
0.0200019
0.0219847
0.0232963
0.0257815
0.0196064
0.0200533
0.210499
0.0208444
0.0246254
0.0215468
0.0607547
0.302106
0.0210736
0.576115
0.0268771
0.0207985
0.0209547
0.609344
0.0797533
0.246193
0.0277095
0.0207088
0.0197084
0.52303
0.069699
0.0789252
0.0202959
0.0756119
0.0230362
0.0222755
0.0207609
0.0201212
0.0231785
0.0197873
0.0198645
0.0208864
0.0200912
0.0244632
0.0202676
0.0207808
0.0207682
0.021118
0.0209765
0.019777
0.0203837
0.229552
0.0204915
0.296398
0.703111
1.59991
0.0209377
0.238433
0.00915277
0.0202148
0.0197812
0.0203016
0.302254
0.0205532
0.342875
0.0249189
0.0218302
0.0136951
0.0230513
0.0202643
0.0300495
0.0231505
0.0626311
0.0219213
0.296282
0.0250052
0.0439851
0.0197797
0.0213344
0.0206905
0.275551
0.0201389
0.0209751
0.0200311
0.0197792
0.133855
0.0278603
0.0209788
0.0203838
0.019971
0.0201539
0.0197874
0.272658
0.0201855
0.0197037
0.305411
0.0209216
0.0205108
0.0231649
0.0198801
0.0990706
0.0205534
0.0210092
0.0202165
0.019734
0.0200565
0.0197187
0.0245892
0.329753
0.0197675
0.024103
0.0196913
0.268712
0.0221417
0.0219032
0.146842
0.0207985
0.0217383
0.0222677
0.0200023
0.0192067
0.0195916
0.177167
0.0202203
0.0197912
0.0198318
0.0197714
0.215784
0.0202131
0.0210292
0.0204577
0.01493
0.235386
0.0197774
0.0204029
0.324849
0.250072
0.0197596
0.301078
0.0197202
0.0211782
0.0221675
0.437929
0.294197
0.516543
0.0200675
0.0197744
0.0177309
0.306728
0.0196929
0.0199453
0.0200527
0.0197452
0.021767
0.0197366
0.0217668
0.0201009
0.0204731
0.0202139
0.0237405
0.0197519
0.019796
0.33713
0.0200471
0.0202813
0.0197542
0.0197686
0.0198676
0.019747
0.0198417
0.149622
0.0197429
0.0205016
0.0222069
0.0196902
0.244983
0.019783
0.019609
0.0226697
0.0186409
0.0197042
0.019844
0.0198329
0.0197768
0.613136
0.17575
0.020161
0.0229673
0.0231164
0.0202372
0.0801115
0.0214498
0.0200479
0.0199108
0.344849
0.0198749
0.0204795
0.0198516
0.0203061
0.0231877
0.0200078
0.0310814
0.0229957
0.0209331
0.0221917
0.0199109
0.315909
0.0218932
0.0197042
0.0209939
0.206365
0.178031
0.293815
0.0595369
0.0188412
0.0200035
0.46655
0.0197348
0.0210187
0.0219411
0.0243498
0.186689
0.0205051
0.019911
0.0202636
0.0200555
0.468391
0.0226165
0.0213662
0.0204378
0.0206591
0.0196792
0.0228757
0.0207468
0.0200925
0.407862
0.0210333
0.0205834
0.020111
0.0197904
0.13414
0.0217366
0.0197802
0.0198466
0.0199899
0.0199812
0.0213859
0.0198403
0.0208827
0.106405
0.0199616
0.267166
0.0207593
0.0198934
0.0201089
0.0246444
0.0209181
0.0202504
0.0208245
0.477141
0.0197833
0.0200098
0.16699
0.734005
0.0199181
0.2922
0.461622
0.0205875
0.0198413
0.296545
0.0201581
0.0417942
0.0183915
0.020045
0.0229014
0.0210812
0.0212003
0.0208958
0.0204332
0.0208475
0.295682
0.0197337
0.297567
0.0236394
0.0210561
0.02295
0.0198467
0.0201622
0.0236061
0.0198747
0.0205495
0.0212776
0.0221545
0.0198041
0.021668
0.0232117
0.019769
0.0212191
0.0206303
0.0197491
0.0200443
0.0205227
0.696147
0.02365
0.285345
0.0204779
0.0197175
0.0197375
0.478753
0.0204067
0.162709
0.0202322
0.347895
0.0889809
0.197106
0.019732
0.432728
0.020651
0.0239216
0.0236239
0.0200359
0.243247
0.021101
0.0196786
0.0207029
0.0197812
0.0196914
0.0199726
0.0265235
0.160812
0.0202818
0.0216315
0.0196875
0.0197928
0.0207296
0.775754
0.228206
0.0270746
0.0202653
0.0197037
0.0236136
0.0197649
0.295022
0.0202138
0.0209486
0.0206674
0.0204787
0.0208246
0.0208252
0.0198953
0.0204158
0.297367
0.292731
0.0195904
0.0207701
0.0198107
0.453175
0.0197646
0.0202288
0.0196072
0.019725
0.0230128
0.0230734
0.0216382
0.0202537
0.0241805
0.309618
0.0224724
0.0206154
0.0198765
0.0195924
0.019964
0.0204417
0.0199092
0.0196014
0.0426743
0.0231239
0.0230841
0.0196802
0.280839
0.0199725
0.0201441
0.0231219
0.0199363
0.0198535
0.0289243
0.0199535
0.707202
0.113675
0.0196732
0.0196159
0.0208924
0.0203791
0.224271
0.0213461
0.0196966
0.0202892
0.0200677
0.0231518
0.0231064
0.344881
0.0197217
0.0217613
0.0207818
0.01994
0.0207799
0.023256
0.0202593
0.0199472
0.0201698
0.0202569
0.0231343
0.0204728
0.0989419
0.0213347
0.0198058
0.340572
0.0255807
0.0199784
0.690586
0.0197289
0.659781
0.296079
0.0207927
0.0231431
0.020214
0.0216618
0.023211
0.0201301
0.143094
0.0201377
0.0200965
0.0202646
0.233983
0.0225644
0.0195794
0.0203293
0.0206334
0.0231028
0.0202827
0.218621
0.497744
0.0241729
0.0215709
0.0200145
0.0197818
0.023929
0.0203972
0.0231324
0.024637
0.0202745
0.0208926
0.0208873
0.349952
0.0197236
0.0202161
0.3374
0.0232509
0.0196149
0.0206938
0.0197734
0.338186
0.0230162
0.0198195
0.0196081
0.0206376
0.0197528
0.0200547
0.350503
0.0197651
0.271095
0.0232498
0.12263
0.0242809
0.020932
0.0230925
0.0229426
0.210247
0.232935
0.139463
0.0234354
0.0195989
0.0200134
0.0205873
0.308289
0.0196134
0.268699
0.298838
0.022977
0.0232873
0.0231181
0.0231601
0.127994
0.332133
0.019761
0.0200091
0.0199491
0.0206516
0.020142
0.0231663
0.0210244
0.0232006
0.0232346
0.0197608
0.0196754
0.215814
0.0202535
0.019806
0.020339
0.0199114
0.0198584
0.0272983
0.023021
0.0197768
0.0230858
0.202922
0.0213179
0.0195467
0.0195498
0.0246184
0.836937
0.0207232
0.0267385
0.0209121
0.0197621
0.285386
0.0202981
0.0196363
0.294096
0.0207355
0.0195833
0.0205294
0.0196447
0.023152
0.0202595
0.0196666
0.0229897
0.0200406
0.0193783
0.0195984
0.0206186
0.0232823
0.0195807
0.299125
0.036093
0.0196708
0.0207573
0.0198632
0.352405
0.020587
0.0196524
0.0196724
0.289177
0.303542
0.0211336
0.0229295
0.0229407
0.0229106
0.0228738
0.0229321
0.0229195
0.0229657
0.0229512
0.0229803
0.0228713
0.022958
0.0229689
0.0228704
0.0232872
0.0233087
0.0229749
0.0229683
0.311719
0.0230175
0.0230341
0.0229905
0.0230237
0.0230645
0.0229899
0.0232877
0.0230605
0.0230017
0.0195677
0.0195284
0.0230495
0.0230321
0.198608
0.304972
0.304033
0.043131
0.0205688
0.0201284
0.0196544
0.0195247
0.0199161
0.0230146
0.0230581
0.0230822
0.0230221
0.023183
0.0232304
0.0232776
0.0232527
0.0232095
0.0231962
0.0229832
0.0230264
0.283057
0.0229885
0.297276
0.0217957
0.0231288
0.0230228
0.0229271
0.0229883
0.0230736
0.0230257
0.0229658
0.0201083
0.0229705
0.0229596
0.021091
0.0271576
0.309228
0.0205667
0.0207033
0.0241256
0.0205802
0.0204847
0.0221818
0.0197427
0.0207727
0.922845
0.298589
0.020899
0.318618
0.0198887
0.0196883
0.0209318
0.342288
0.25406
0.0203175
0.0197741
0.0197404
0.5896
0.0198352
0.0216177
0.0198455
0.019995
0.0657706
0.476044
0.0761979
0.0492384
0.0198114
0.0207092
0.0204452
0.0201592
0.0197636
0.114238
0.344965
0.0206393
0.0198366
0.0196245
0.279852
0.0197199
0.0198019
0.0200599
0.0286041
0.25036
0.0148534
0.0202128
0.0331474
0.0209581
0.0298986
0.0495963
0.0199064
0.0391905
0.0198731
0.20903
0.0208172
0.0129463
0.247722
0.0195909
0.0199531
0.22235
0.0197073
0.169274
0.295894
0.0204267
0.60078
0.0205605
0.0204224
0.0198344
0.0204225
0.0204153
0.0198508
0.0198072
0.0198537
0.0200185
0.0199881
0.295477
0.0218075
0.492177
0.289361
0.0201246
0.0196493
0.0226446
0.019981
0.0198548
0.0197703
0.0205465
0.019984
0.0204672
0.0197396
0.0209448
0.0198749
0.0231666
0.0197939
0.0204529
0.0203533
0.960193
0.020696
0.02455
0.0197741
0.01793
0.0202759
0.0200345
0.0207798
0.0245844
0.0223185
0.0209883
0.0200106
0.0195938
0.0196001
0.0195755
0.0202938
0.304109
0.0203386
0.0197062
0.0199082
0.0204949
0.031325
0.0208198
0.0198341
0.0914468
0.0207965
0.0210566
0.318489
0.0206839
0.0312659
0.0210139
0.019838
0.020034
0.0476712
0.0203822
0.020611
0.0198818
0.0198382
0.0228169
0.142382
0.0199771
0.0197072
0.01964
0.0201595
0.0197598
0.0197396
0.0147155
0.0196697
0.0206975
0.0208484
0.0312596
0.0257992
0.0200963
0.0196593
0.0330549
0.0197107
0.0200381
0.0213515
0.0195761
0.0779395
0.0202484
0.0199017
0.0208972
0.0213619
0.0209997
0.0198329
0.0196404
0.462232
0.0198052
0.020402
0.0201735
0.0195764
0.0202578
0.0212831
0.020298
0.0197055
0.0215112
0.0205529
0.0200664
0.0222473
0.0201378
0.020477
0.0209831
0.299262
0.0224696
0.0228842
0.80466
0.0195955
0.0201429
0.0201205
0.0198908
0.0200174
0.0201937
0.0196682
0.0195624
0.0202326
0.163079
0.0213797
0.0198982
0.0197526
0.0200814
0.0200102
0.278957
0.0203844
0.0209402
0.0201342
0.0196079
0.0197626
0.0171393
0.020349
0.0197631
0.020101
0.0196555
0.0198105
0.0474267
0.021313
0.0195871
0.0197208
0.0223805
0.00523073
0.0203354
0.0200397
0.0196607
0.021876
0.0195826
0.0214171
0.0198283
0.0204563
0.0197963
0.0196713
0.0215845
0.0199321
0.019845
0.0200392
0.0196383
0.0196557
0.0199486
0.0209971
0.167914
0.0197718
0.0225909
0.0197323
0.0200431
0.0198678
0.0199163
0.0200306
0.0245249
0.0554792
0.0214607
0.024997
0.0198181
0.0196522
0.0199777
0.0197897
0.0197623
0.0199043
0.0208654
0.0210219
0.0198746
0.0213829
0.0199279
0.0198617
1.06449
0.0209844
0.0198659
0.0196841
0.0214801
0.0218388
0.0201983
0.02071
0.019723
0.0982939
0.0201001
0.559738
0.019632
0.020153
0.193785
0.0351057
0.0205717
0.020282
0.0201667
0.0196553
0.0204156
0.0202686
0.0202483
0.256445
0.0202315
0.0197732
0.297956
0.0223669
0.0205191
0.0209022
0.0196884
0.0207076
0.0543826
0.0167252
0.0205978
0.0203821
0.0207542
0.0198803
0.324167
0.0196787
0.0197094
0.0200482
0.0240031
0.0202872
0.0206019
0.0209542
2.32304
0.0200457
0.0211682
0.0197897
0.0199837
0.0791522
0.0198819
0.0202639
0.0197427
0.0209878
0.0204638
0.019895
0.0195697
0.110393
0.0204903
0.0202344
0.0208146
0.338011
0.284164
1.23422
0.0199533
0.019749
0.0206923
0.0199837
0.0210267
0.0220004
0.0207996
0.0198136
0.019978
0.0198531
0.0233463
0.0206533
0.0244414
0.0195885
0.0329217
0.0190883
0.0198496
0.0203395
0.0211443
0.020819
0.022293
0.0209427
0.0197641
0.0205916
0.0200785
0.0329392
0.0207656
0.0202023
0.0195621
0.0204882
0.020369
0.0196087
0.0200013
0.250087
0.021937
0.0206073
0.0202818
0.0197453
0.0200001
0.0215828
0.0198622
0.0200387
0.0250867
0.0203858
0.0204993
0.0201039
0.0368404
0.0197928
0.0204575
0.0685318
0.053033
0.0198356
0.431323
0.0197864
0.0207719
0.0214325
0.0227616
0.0198453
0.0296473
0.0221868
0.021107
0.0197267
0.0160255
0.0197025
0.410523
0.0196414
0.019715
0.0197742
0.0199715
0.0197573
0.0213877
0.0207105
0.0234523
0.133894
0.0196714
0.0258535
0.145062
0.0212072
0.021349
0.0202495
0.0198419
0.0228305
0.0198486
0.0198631
0.0196413
0.0197263
0.458859
0.0202732
0.0209058
0.0240178
0.0210167
0.0447995
0.0200814
0.0208146
0.01973
0.0195734
0.0201874
0.0200724
0.0200811
0.0205684
0.0234201
0.125376
0.0197542
0.0197662
0.0201871
0.0196509
0.0101437
0.0215488
0.0198455
0.020516
0.289575
0.0201014
0.0204428
0.0211273
0.264635
0.0212841
0.0197646
0.207078
0.020363
0.0208105
0.0206087
0.185441
0.0631633
0.0197783
0.0196532
0.0199399
0.0199706
0.0212557
0.0197592
0.0207376
0.0205255
0.105582
0.296357
0.0203202
0.197063
0.292469
0.019649
0.0205744
0.019741
0.0211433
0.0200776
0.0200212
0.0209724
0.0299841
0.0240809
0.0199241
0.0196892
0.0206176
0.065536
0.0216684
0.0206082
0.0198262
0.0198172
0.0213651
0.0201935
0.0198128
0.396525
0.303956
0.0879411
0.0196738
0.0213312
0.0200679
0.0211659
0.145254
0.0204238
0.265564
0.297253
0.0154682
0.021092
0.0202692
0.0197295
0.0201112
0.0215558
0.0208011
0.0199476
0.0202127
0.329791
0.0220497
0.0208926
0.293112
0.0598683
0.0203842
0.0214291
0.0203851
0.258763
0.292608
0.28625
0.331705
0.352005
0.310553
0.313795
0.296171
0.0207562
0.431849
0.0236273
0.0197965
0.0207159
0.0205098
0.0203822
0.0228752
0.0209574
0.31162
0.0236561
0.0196958
0.0196983
0.019972
0.0203992
0.0198802
0.0391215
0.00792659
0.0200969
0.287468
0.0254972
0.0202971
0.0199768
0.02061
0.0217618
0.0199206
0.0207627
0.0194488
0.0224706
0.3799
0.0198791
1.25546
0.0208878
0.0201681
0.358818
0.0218594
0.021714
0.0200821
0.308374
0.020798
0.0197379
1.20816
0.0199286
0.0212348
0.0202746
0.20395
0.0203015
0.0205008
0.0201243
0.0202421
0.0198526
0.0861359
0.0197886
0.0213692
0.0210232
0.0199472
0.0196933
0.0203465
0.0205964
0.202704
0.174776
0.0212591
0.023783
0.0198234
0.290776
0.0200897
0.0210939
0.020247
0.0203068
0.13123
0.0197996
0.0205865
0.0198861
0.474727
0.0196649
0.28376
0.279427
0.021977
0.0200228
0.208297
0.129871
0.0198447
0.020774
0.0198748
0.0217815
0.0202651
0.0216462
0.0162436
0.0249859
0.070634
0.0177039
0.0197403
0.0211635
0.0211917
0.0205975
0.0259685
0.284892
0.020416
0.0202658
0.0202547
0.295574
0.298006
0.316642
0.0198595
0.297311
0.01995
0.0202057
0.0815618
0.0211807
0.355293
0.0210834
0.0335691
0.0200081
0.0199204
0.298691
0.483935
0.0227234
0.305177
0.261936
0.353793
0.345773
0.334279
0.0202507
0.295739
0.0198615
0.0220359
0.0723703
0.0204197
0.312244
0.30611
0.0210576
0.0200613
0.0198915
0.438759
0.0865989
0.287472
0.020219
0.0198496
0.0199259
0.0245742
1.97506
0.391982
0.0357659
0.0211407
0.0206975
0.324343
0.0199027
0.053133
0.0201204
0.155812
0.0199261
0.0205225
0.0214839
0.0206451
0.0497975
0.0198369
0.0200669
0.0198592
0.0619742
0.0203569
0.0199233
0.216444
0.0212162
0.0203971
0.0521526
0.0203173
0.0198758
0.102388
0.0226962
0.0193799
0.0211664
0.0199744
0.103411
0.0200027
0.124472
0.0213887
0.0199837
0.0200857
0.0207163
0.22558
0.0303009
0.329534
0.290751
0.0204454
0.00872109
0.0208681
0.0296682
0.0200119
0.0199632
0.0198588
0.305959
0.0198164
0.0306432
0.0204382
0.0199609
0.0223016
0.0455831
0.028227
0.0223168
0.0200978
0.0198623
0.0199219
0.298366
0.020933
0.177789
0.314775
0.0204024
0.0202736
0.0554817
0.089285
0.0199587
0.0209222
0.0204115
0.022597
0.0549992
0.0198703
0.0203584
0.92569
0.448404
0.0206768
0.0199351
0.022067
0.0209326
0.0203501
0.0209417
0.0204508
0.254371
0.0202074
0.334122
0.0207638
0.304229
0.0183636
0.295459
0.281551
0.0199787
0.260879
0.0200203
0.308323
0.344646
0.354783
0.0206383
0.0142656
0.29314
0.0221724
0.295421
0.314566
0.371187
0.0206592
0.0198951
0.0198757
0.0201346
0.0209207
0.0201631
0.023225
0.0229691
0.0207443
0.0198262
0.0534234
0.0203506
0.163817
0.118581
0.300619
0.232569
0.0205426
0.0227254
0.0205111
0.0204437
0.0215749
0.0270422
0.0202201
0.0198446
0.0198916
0.0739213
0.0199836
0.0625973
0.0205267
0.0201531
0.0201256
0.0219205
0.0202829
0.354435
0.0206383
0.0202865
0.0204614
0.346659
0.334988
0.323722
0.0201848
0.0208991
0.0222956
0.310335
0.30305
0.0201672
0.0204087
0.0220136
0.290084
0.020034
0.020631
0.0201699
0.0201336
0.67058
0.0289379
0.0203952
0.0392671
0.486514
0.0213935
0.366236
0.0202382
0.466444
0.0626351
0.0206278
0.279036
0.0198325
0.0203033
0.0199691
0.02136
0.0199114
0.0199335
0.644507
0.0202351
0.0198259
0.0204828
0.0200267
0.0200155
0.020081
0.0201042
0.0383916
0.452307
0.0212089
0.0204724
0.0232006
0.014742
0.0204873
0.0211752
0.489215
0.0206374
0.0318266
0.0204732
0.259323
0.0198198
0.0211548
0.0198237
0.0224737
0.0202124
0.0200631
0.260054
0.0207004
0.0389258
0.696888
0.0212464
0.0203215
0.0997411
0.295184
0.0207412
0.451097
0.28461
0.0202677
0.0202759
0.0205018
0.0204117
0.0242626
0.0197056
0.155013
0.0202194
0.020748
0.0203264
0.0205109
0.287312
0.0421606
0.020876
0.0204352
0.616319
0.432555
0.020193
0.0201139
0.0210782
0.071447
0.0202023
0.0215428
0.0200995
0.019996
0.0199362
0.0201553
0.0205916
0.0198243
0.0200916
0.0198177
0.0204358
0.0199093
0.0199484
0.0199468
0.0215163
0.0199889
0.326818
0.600452
0.0208073
0.0201309
0.0211644
0.0204664
0.0199373
0.452654
0.453148
0.019936
0.0335268
0.0199446
0.0199378
0.0248086
0.0196411
0.0202086
0.1374
0.0199652
0.0196754
0.0204693
0.28902
0.0206216
0.679082
0.407552
0.0202188
0.0201294
0.019817
0.240567
0.0232943
0.0212604
0.023383
0.48691
0.0203143
0.0208851
0.020152
0.0209599
0.0202622
0.0211561
0.418995
0.087121
0.606083
0.0236161
0.0199715
0.0201682
0.0199251
0.131223
0.0200122
0.225427
0.020198
0.0233857
0.019935
0.0203549
0.421999
0.0199812
0.0199668
0.0199372
0.0231092
0.0725597
0.0199394
0.0199222
0.0224802
0.020377
0.021707
0.292823
0.0208901
0.0202066
0.319343
0.0621681
0.164102
0.0204899
0.3108
0.0340204
0.0202165
0.0213295
0.0199822
0.0220823
0.0198168
0.0206259
0.0199529
0.0209947
0.481532
0.0205145
0.291522
0.0202761
0.0227426
0.436579
0.0201995
0.020467
0.501891
0.0203622
0.0205375
0.149085
0.0196868
0.48789
0.0203417
0.0204171
0.40354
0.0198294
0.0203535
0.0203768
0.486968
0.0204426
0.0237153
0.27293
0.0202543
0.307884
0.0235303
0.0199473
0.0202784
0.0203422
0.0206086
0.0199263
0.0199684
0.0200874
0.049691
0.0212754
0.136291
0.300042
0.0204071
0.0202527
0.0200214
0.0204447
0.173973
0.0202823
0.192887
0.295091
0.277998
0.0201924
0.0251722
0.0204184
0.295355
0.0887954
0.020929
0.0439353
0.0198281
0.0201198
0.0240236
0.0204951
0.0201395
0.544162
0.496781
0.0235134
0.861025
0.0203939
0.0200788
0.0433525
0.0528018
0.393309
0.0219509
0.0205676
0.0200018
0.650128
0.0205139
0.359509
0.0262586
0.0197229
0.0223646
0.0198358
0.020063
0.021145
0.236786
0.0204207
0.0214332
0.0281791
0.02003
0.0208563
0.0207476
0.167083
0.0204066
0.0206551
0.0203688
0.020361
0.610284
0.0199979
0.0199557
0.0209192
0.0202331
0.0204765
0.0243538
0.0200156
0.0215351
0.0522756
0.0200921
0.0205333
0.350509
0.02003
0.020308
0.397086
0.0208696
0.0201677
0.0206219
0.0618055
0.0206907
0.0208358
0.198669
0.0198062
0.0204022
0.020358
0.0200479
0.203754
0.0200807
0.0202165
0.0204974
0.0198474
0.304127
0.351638
0.0200804
0.0204907
0.0194748
0.0198883
0.0201933
0.0211813
0.0200877
0.0211133
0.0203557
0.020555
0.019936
0.306338
0.0203921
0.0203683
0.297661
0.324609
0.252155
0.0202295
0.0212534
0.0204592
0.295508
0.0206786
0.0411505
0.703188
0.389722
0.591601
0.889391
0.0201002
0.0204044
0.0237192
0.0215413
0.347886
0.675359
0.0198471
0.0202639
0.0201795
0.020334
0.0198209
0.0203836
0.0199352
0.0209598
0.0211791
0.0243144
0.0198366
0.0409503
0.0790395
0.0200292
0.319384
0.0196609
0.0199518
0.0215844
0.0200964
0.0203613
0.0198068
0.0216394
0.0234579
0.0200201
0.0205462
0.0226845
0.0203747
0.0207095
0.0227022
0.0204393
0.019955
0.35861
0.517214
0.0203638
0.0203603
0.0199667
0.29023
0.028644
0.0200559
0.0259968
0.0208499
0.0236537
0.0246666
0.29903
0.0206153
0.0394259
0.303849
0.0445182
0.170147
0.393936
0.808495
0.0201957
0.0204188
0.0201335
0.024212
0.020023
0.0202453
0.0249696
0.0203292
0.0295688
0.0204159
0.340823
0.0205533
0.0200244
0.0201806
0.0198824
0.596019
0.0232899
0.0201661
0.0199195
0.0377592
0.0622094
0.0303932
0.020188
0.0203855
0.344938
0.0204927
0.431978
0.0196232
0.0207807
0.294286
0.0225215
0.0463123
0.0209242
0.0335302
0.0210746
0.0202077
0.0211711
0.0199687
0.0209843
0.0204744
0.0207877
0.444296
0.0397
0.113645
1.26492
0.0206793
0.0207745
0.0202372
0.0196638
0.0202236
0.0204897
0.0203946
0.0196508
0.0203687
0.0201977
0.0204648
0.105015
0.520343
0.40701
0.0220331
0.0211774
0.0201971
0.0202039
0.0202257
0.454464
0.0209863
0.34667
0.0230301
0.476099
0.0199504
0.0205793
0.51023
0.0204495
0.0202161
0.0213468
0.0208134
0.0200518
0.0202162
0.0200741
0.020063
0.0199489
0.0203684
0.0200376
0.0202796
0.26876
0.0201149
0.0202766
0.0207185
0.0199783
0.0202483
0.0216766
0.597049
0.0206455
0.0205813
0.0203648
0.356206
0.266064
0.0298982
0.509452
0.0203611
0.0204384
0.02036
0.0206628
0.0205299
0.0204799
0.0202126
0.0202631
0.0203324
0.0263095
0.0206858
0.0199951
0.578275
0.020403
0.0206417
0.673581
0.0209173
0.0246082
0.418473
0.0200698
0.0213703
0.0204769
0.443494
0.589923
0.596275
0.0204713
0.0202879
0.0202808
0.0205522
0.0203059
0.0203292
0.0215404
0.0243956
0.0220928
0.0236116
0.476701
0.020008
0.0218412
0.0227227
0.286396
0.0201452
0.221803
0.0203029
0.0203766
0.0197029
0.0200091
0.454032
0.0207027
0.0202624
0.0202809
0.020408
0.0379026
0.348334
0.0200153
0.0205289
0.0211034
0.454678
0.0209778
0.0230535
0.517732
0.486238
0.0203799
0.0203883
0.478232
0.0202861
0.0203017
0.271866
0.0209835
0.0203656
0.0200149
0.0205493
0.462471
0.0238092
0.0226344
0.0203929
0.0199292
0.0203788
0.0240351
0.0203484
0.0211844
0.0202978
0.0255572
0.176512
0.0203501
0.0204808
0.0203354
0.284471
0.0221407
0.0346783
0.481254
0.0203964
0.0206767
0.0199658
0.499221
0.0206463
0.512027
0.0203837
2.60151
0.0203494
0.302757
0.0262325
0.0205866
0.0212104
0.497081
0.020566
0.0233203
0.021121
0.20838
0.0204747
0.0203129
0.0202678
0.0203055
0.0224702
0.020332
0.0204211
0.020565
0.469904
0.0257082
0.0206324
0.0210033
0.46215
0.0205071
0.497829
0.0214
0.488244
0.0230259
0.269717
0.0199513
0.323184
0.0200667
0.0203662
0.0610212
0.0206041
0.0206583
0.0206095
0.0229402
0.0210539
0.0201641
0.0203104
0.0242159
0.02023
0.021221
0.244584
0.0196253
0.483493
0.0204724
0.481826
0.0212262
0.0213391
0.0200454
0.571203
0.0203754
0.0232728
0.0203713
0.023708
0.0211769
0.0224974
0.0201804
0.0196283
0.0204529
0.0201481
0.0243893
0.566382
0.0202208
0.022184
0.217915
0.0205119
0.0191324
0.416605
0.0203369
0.0207197
0.559487
0.0235097
0.0203661
0.0207939
0.0213654
0.0213105
0.0203699
0.0213116
0.0963811
0.346542
0.0204269
0.485882
0.0207928
0.0206696
0.0207169
0.0204765
0.531423
0.546789
0.02603
0.0210131
0.0205115
0.0208713
0.0203899
0.0203204
0.0206674
0.432107
0.0201488
0.0196398
0.0203606
0.0221408
0.485858
0.0223958
0.0204528
0.0229655
0.0202179
0.0203482
0.0216159
0.454752
0.0230363
0.365284
0.0240523
0.020111
0.0245215
0.020132
0.0235456
0.0237292
0.15002
0.466385
0.0198888
0.0175893
0.0234311
0.0233442
0.11572
0.620206
0.0204026
0.353983
0.0206227
0.0210476
0.0203164
0.0409539
0.0208396
0.0228423
0.0204963
0.0213996
0.0546464
0.0210877
0.34457
0.0203192
0.385713
0.430311
0.0201493
1.35645
0.0211197
0.429198
0.0342991
0.297008
0.020195
0.0212893
0.0202507
0.0212986
0.0206732
0.479669
0.0206207
0.0198182
0.0208814
0.0202636
0.125464
0.0207557
0.0215926
0.020425
0.0226795
0.0206966
0.0217248
0.0206535
0.0206046
0.0199135
0.020869
0.0206952
0.0213422
0.0210292
0.0205722
0.26741
0.0210182
0.0204558
0.0204702
0.614723
0.208421
0.0204849
0.019958
0.0213686
0.0410935
0.343207
0.0204698
0.019997
0.35119
0.0202055
0.0201894
0.0207055
0.0213085
0.0209521
0.540313
0.0213848
0.0205737
0.0208266
0.0221027
0.0206956
0.0202354
0.0204666
0.0204216
0.0211373
0.0207937
0.0208035
0.0207207
0.0217832
0.0278587
0.0206608
0.0205645
0.378447
0.0209723
0.3316
0.0203795
0.0204848
0.589377
0.0231119
0.061424
0.0226098
0.114792
0.0205214
0.0216849
0.0205043
0.020393
0.474485
0.0209411
0.0219545
0.0204933
0.0211733
0.0203451
0.0226682
0.0405833
0.0231768
0.0208813
0.0211003
0.820051
0.0203387
0.0208478
0.0214885
0.0205594
0.252473
0.0206307
0.0199046
0.0945803
0.0220019
0.0242621
0.0210587
0.0211593
0.0210929
0.0203501
0.0203185
0.0205109
0.0202653
0.0207615
0.421393
0.0199979
0.573813
0.0252598
0.0212832
0.0226373
0.0212402
0.0210336
0.0208352
0.0203873
0.884376
0.0227953
0.404643
0.0207708
0.620197
0.0204871
0.0235397
0.0208138
0.0220195
0.614218
0.0206294
0.0248614
0.0207911
0.0202104
0.0204835
0.0208182
0.771913
0.272768
0.0262166
0.0205361
0.0207643
0.0205856
0.597697
0.0206361
0.0210544
0.0233086
0.0230845
0.043447
0.0204861
0.0204907
0.0208291
0.017302
0.201951
0.0204967
0.0238233
0.0203054
0.0198183
0.573991
0.0205925
0.0214814
0.0235814
0.591678
0.0204124
0.0986377
0.021429
0.0214538
0.0210137
0.0211669
0.0209755
0.391997
0.294182
0.488971
0.0213774
0.064371
0.019657
0.0215258
0.0205313
0.0215259
0.563785
0.0200788
0.293389
0.024095
0.0216034
0.0220685
0.0903873
0.237285
0.032782
0.0210875
0.0209858
0.0206291
0.0209194
0.0198916
0.0199514
0.432674
0.498924
0.0196301
0.0303587
0.0212161
0.0247479
0.466218
0.0203478
0.413375
0.103182
0.0208714
0.0274068
0.236497
0.0211091
0.663518
0.0205897
0.0198376
0.0221906
0.355792
0.0212564
0.0268766
0.0206004
0.0351754
0.025707
0.0230271
0.0207429
0.236808
0.593666
0.0201523
0.0198778
0.0204657
0.0211953
0.0211992
0.0196238
0.0245891
0.0198961
0.325617
0.0208378
0.68238
0.0209294
0.0215259
0.657582
0.021036
0.0200624
0.564808
0.0207162
0.0205729
0.0208842
0.0200293
0.0223448
0.0205924
0.0197021
0.0309266
0.019955
0.0248389
0.0208669
0.0207848
0.0201988
0.0205456
0.51976
0.0199795
0.0205722
0.594883
0.416324
0.0206871
0.0210738
0.505038
0.0207713
0.0207278
0.0205123
0.0204559
0.0209258
0.0206234
0.0263917
0.0211266
0.0214985
0.0208841
0.0205562
0.0206587
0.0206047
0.020506
0.0168653
0.329125
0.0248882
0.020661
0.0205249
0.0208882
0.856974
2.01863
0.0232042
0.656446
0.0323475
0.0199052
0.0196632
0.261726
0.395079
0.0208993
0.0200467
0.606359
0.296686
0.0260255
0.0213342
0.0198212
0.0206825
0.398745
0.0210197
0.0229961
0.425081
0.0205645
0.573016
0.0231565
0.0212384
0.0204437
0.0210849
0.0206739
0.040383
0.0210291
0.0232152
0.0206694
0.0214067
0.0211294
0.0204017
0.0272232
0.0209388
0.0207253
0.0205835
0.403926
0.0200128
0.0206188
0.0212723
0.334111
2.56094
0.0203981
0.0324548
0.0204698
0.0201478
0.0205773
0.024755
0.0238475
0.020121
0.0203844
0.020947
0.21458
0.0205703
0.291591
0.0200229
0.0224167
0.0211013
0.0205709
0.0198923
0.0203823
0.0214443
1.29969
0.0215174
0.0207825
0.0208316
0.503848
0.0209273
0.0206038
0.0233795
0.0220721
0.0208793
0.0207609
0.502357
0.0219964
0.0231326
0.0228661
0.0224984
0.0201357
0.0209405
0.0205694
0.0208389
0.021297
0.455736
0.020811
0.0209975
0.0208058
0.0222908
0.023119
0.0207029
0.395096
0.0233607
0.0201309
0.0282467
3.44424
0.38369
0.951695
0.0211879
0.0206126
0.0209474
0.0209363
0.0207715
0.219982
0.0234481
0.0206368
0.143794
0.0204327
0.0211383
0.0207649
0.0205842
0.313879
0.0207338
0.0206604
0.0378527
0.3537
0.0307782
0.890741
0.0205266
0.337746
0.521496
0.584047
0.0207902
0.0201346
0.53281
0.0196911
0.0216925
0.0217041
0.855811
0.0204927
0.0226561
0.0200475
0.0214997
0.0205585
0.0200657
0.0207059
1.16893
0.247411
0.0209197
0.594168
0.0213159
0.0205241
0.0257138
0.897754
0.0209926
0.0255637
0.63729
0.0246038
0.0210039
0.0207107
0.0215411
0.0211174
0.52341
0.0206754
0.0207188
0.021016
0.0206676
0.020696
0.0241067
0.0200139
0.0207574
0.0282322
0.02076
0.0198224
0.0214177
0.0238296
0.0244769
0.0465059
0.0210163
0.475234
0.0212605
0.0206944
0.0217578
0.0242296
0.0234126
0.020547
0.0206742
0.0207378
0.0208144
0.070552
0.215231
0.571929
0.0210948
0.0200772
0.0211135
0.0199996
0.0217094
0.0207047
0.807311
0.274089
0.0225678
0.0207747
0.0299775
0.828775
0.0208527
0.892972
0.0200023
0.487875
0.279831
0.0206657
0.242665
0.0215744
0.0280681
0.0207723
0.71787
0.0223896
0.297102
0.02089
0.0208336
0.0209482
0.0220966
0.0206905
0.481579
0.0205537
0.63499
0.369225
0.0520803
0.0273084
0.0199912
0.0204998
0.0206945
0.0202285
0.020978
0.0211301
0.0270099
0.0305509
0.0289133
0.0209614
0.0208763
0.0210393
0.020851
0.0218557
2.33859
0.0206948
0.0209492
0.020763
0.0214841
0.0209455
0.0208857
0.455256
0.334802
0.0231616
0.0207387
0.0250184
0.0196577
0.388937
0.0211508
0.0204494
0.311707
0.0208915
0.0212941
0.0224845
0.0214234
0.0210998
0.0207848
0.0259049
0.0208269
0.0231628
0.847513
0.0210604
0.0231446
0.0204907
0.0230383
0.0186509
0.0207011
0.434775
0.0209149
0.022039
0.0224993
0.020759
0.0223905
0.0199779
0.0212792
0.498087
0.0203568
0.0209032
0.66724
0.0214249
0.0249549
0.0198931
0.2735
0.0202272
0.205076
0.0208377
0.0243681
0.0209833
0.0215414
0.0207161
0.0202453
0.0207213
0.0211084
0.0203141
0.021604
0.0205407
0.297139
0.0209299
0.0211639
0.0206104
0.0205108
0.0207848
0.0207813
0.0207799
0.450554
0.0226994
0.0221619
0.0206523
0.0210439
0.021145
0.0204995
0.0205671
0.174523
0.0230889
0.0199109
0.0200934
0.0207465
0.0209816
0.269397
0.0267978
0.0210116
0.0205834
0.020976
0.0207862
0.0208579
0.0201631
0.184792
0.72988
0.0206902
0.0198893
0.0205264
0.0206904
0.0208701
0.0207182
0.0208827
1.292
0.0207443
0.0213102
1.27844
0.318349
0.0206754
0.023506
0.022865
0.540859
0.0567107
0.0205173
0.0218212
0.0224183
0.021318
0.0218038
0.0210346
2.00099
0.5013
0.0283035
0.0221903
0.0227726
0.022409
0.0208288
0.096321
0.0211663
0.0469812
0.0206594
0.0264752
0.0392311
0.514302
0.0209614
0.0209151
0.561902
0.023439
0.0229657
0.55463
0.0202831
0.0263697
0.0202006
2.38735
0.0205665
0.0210581
0.0212631
0.0209904
0.0203362
0.0217812
1.37041
0.0893913
0.0204364
0.0228119
0.0212246
0.273734
0.0224717
0.0210838
0.0214331
2.47197
0.813703
0.0210707
0.0218119
0.0204015
0.0208676
0.0200529
0.0203319
0.310076
0.0209927
0.0490759
0.0579448
0.0224276
0.0207951
0.0207828
0.33766
0.0213383
0.0213588
0.0201368
0.0207786
0.021327
0.0210742
0.322796
0.148449
0.0203663
0.318463
0.0226792
0.0207798
0.02023
0.0213341
0.0202462
0.0221803
0.294404
0.0226525
0.0205736
0.298131
0.021023
0.260598
0.0209393
0.0206253
0.0209352
0.0203398
0.0208737
0.377385
0.0380989
0.0208912
0.0629259
0.01951
0.0229381
0.901882
0.0213065
0.0209489
0.0223228
0.0209117
0.0212636
1.92201
0.0334627
0.0207713
0.0199072
0.0215743
0.0427907
0.0214923
0.0199823
0.0676912
0.050111
0.0210833
0.0205668
2.48242
0.0220366
0.0205193
1.93064
0.997393
0.55538
0.0214743
0.725449
0.0235492
0.0223412
0.0219679
0.020573
0.0212303
0.0204997
0.0208999
0.0999055
0.0208346
0.020674
0.0213554
0.0585445
0.0203891
0.0208975
0.0208251
0.0216557
0.0200321
0.0209104
0.0216195
0.618021
0.0216564
0.188196
0.0308384
0.0199037
0.02237
0.0267554
0.0210323
0.0209715
0.87279
0.0211332
0.0292286
0.0209015
0.0210546
0.0887797
0.0199683
0.0207249
0.0208978
0.623088
0.0208597
0.027752
0.0202035
0.0207884
0.0200468
0.473362
0.0211391
0.020746
0.0206388
0.313928
0.0212946
1.14985
0.0211485
0.0208198
0.0237331
0.62521
0.021001
0.586598
0.0435595
0.0199885
0.0213728
0.0272652
0.0199691
0.0207952
0.546368
0.0210659
0.0214645
0.318716
0.0201144
0.0210893
0.0215842
0.0275334
0.589082
0.0224029
0.796005
0.0582737
0.0210626
0.298542
0.0197343
0.0283052
0.0212628
0.142212
0.0248624
0.0203165
0.205467
0.0209835
0.0631074
0.0209578
0.649253
0.399264
0.0206123
0.0204497
0.041088
0.0203802
0.0403407
0.0201638
0.0203323
0.0212743
1.2462
0.0209049
0.0198848
0.0209168
0.0211984
0.0211262
0.0212238
0.019708
0.0209505
0.0215795
0.208391
0.0209824
0.115459
0.0209174
0.0217456
0.805576
0.729657
0.0217701
0.728794
0.0219078
0.0214511
0.0205866
0.0260469
0.0291885
0.0201349
0.0223778
0.0222724
1.27296
0.0209091
0.0208782
0.0200805
0.0220507
0.0206808
0.0282531
0.605976
0.0229727
0.0214775
0.0203694
0.022283
0.0201478
0.0198712
0.0228616
0.0504724
0.0200275
0.029783
0.0220213
0.0211574
0.0241756
0.0209993
0.0213352
0.0204764
0.02013
0.0199878
0.0199058
0.0227852
0.0221832
0.020436
0.02139
0.0222597
0.0196309
0.0204595
0.0214842
0.0210414
0.0228762
0.0211606
0.0217009
0.0208379
0.0302168
0.0211654
0.0211581
0.700827
0.0253917
0.0208984
0.0229454
0.0208541
0.020315
0.0208754
0.0206456
0.021442
0.0212044
0.0234991
0.0215222
0.424409
0.021029
0.0206192
0.0253102
0.0199495
0.020957
0.0193691
0.0209097
0.356166
0.0209245
0.0202788
0.320226
0.024325
0.112342
0.0208985
0.0209152
0.0207645
0.0219496
0.0201126
0.0207958
0.258018
0.0249656
0.573425
0.616038
0.0212487
0.490602
0.0048775
0.0438969
0.588714
0.01649
0.695671
0.0217025
0.458316
0.157075
0.019874
0.858539
0.0208096
0.020806
0.0202062
0.0210496
0.0209155
0.0209003
0.0218889
0.698831
0.0220413
0.0240417
0.282806
0.0209317
0.0878694
0.0201123
0.020754
0.0199061
1.27094
0.0210668
0.62409
0.15099
0.256152
0.0250456
1.27661
0.0199908
0.0318671
0.0293517
0.0203479
0.0221525
0.0328852
0.0210611
0.0207551
0.0209744
0.020887
0.0325635
0.0217151
0.189311
0.029524
0.0207301
0.0302908
0.020904
0.0210958
0.0326124
0.850112
0.021842
0.021025
0.122492
0.124857
0.0223845
0.137935
0.0211687
0.0212892
0.0211463
0.0439248
0.0199025
0.0210569
0.0208537
0.0206545
0.0205346
0.0229201
0.0209266
0.0212747
0.0222982
0.0213369
0.441206
0.0208983
0.0211142
0.762027
0.0209503
0.0198729
0.12705
0.485689
0.021167
0.0207158
0.0251103
0.0213495
0.0211325
0.0212512
0.0205716
0.0210926
0.335487
0.0207431
0.0202466
0.0206979
0.0209486
0.020336
0.0351537
0.0346104
0.0256621
0.0195437
0.399517
0.0210889
0.0210848
0.020591
0.0207309
0.267305
0.0202307
0.0206967
0.0220644
0.0202128
0.0226646
0.0238873
0.0204815
0.0219096
0.0273817
0.0210672
0.580085
0.0223197
0.736492
0.0229309
0.412843
0.0212837
0.0219028
0.0202966
0.0207953
0.0207216
0.960513
0.0211689
0.0202341
0.019947
0.338908
0.0210105
0.0201269
0.0203243
0.0217326
0.021208
0.0210279
0.0252491
0.305699
0.241995
0.0219906
0.0238462
0.0208236
0.0347756
0.0498559
0.0201471
0.0223638
0.952395
0.0206832
0.0214077
0.0211051
0.020422
0.229059
0.0228545
0.0222992
0.0234989
0.407276
0.0240283
0.0202314
0.019977
0.115423
0.0206804
0.0231934
0.0216416
0.0210692
0.0235785
0.0218426
0.0225878
0.0210346
0.0205389
0.0339403
0.0221496
0.657069
0.0546579
0.0269962
0.0225893
0.0211563
0.024728
0.0209543
0.0213211
0.0202462
0.0207444
0.471427
0.0228572
0.475596
0.0345018
0.0245445
0.0212778
1.10985
0.0472242
1.27515
0.0200732
0.0212511
0.0241285
0.0213026
0.0568356
0.325525
0.0209136
0.0486177
0.0712728
1.19277
0.292063
0.0207668
0.0214482
0.0230869
0.0223445
0.616911
0.00331059
0.0507568
0.925351
0.0213554
0.0207517
0.859173
0.0213132
0.0199123
0.0214939
0.0210208
0.986006
0.021113
0.0208295
0.025818
0.0225758
0.0210241
0.0212981
0.0211735
0.0211233
0.021407
0.0260654
0.020301
1.20613
0.0221089
0.716465
0.0224749
0.0211862
0.023015
0.148846
0.0251007
0.0491157
0.0209385
0.0211456
0.0201301
0.0212948
0.0240759
0.0208712
0.0211278
0.0213482
0.0245415
0.0201409
0.774179
0.021131
0.0214867
0.0228534
0.0273006
0.0222737
0.0210575
0.0220458
0.0211984
0.0213437
0.020918
0.0212144
0.0211739
0.0250789
0.0201337
0.0210468
0.0213402
0.715348
0.0215849
0.0213737
0.0211029
0.0216113
0.0256853
0.0211766
0.0385637
0.56632
0.0209013
0.0232855
1.23366
0.0211481
0.0202396
0.020239
0.0224331
0.0213534
0.0292811
0.0212931
0.0216762
0.0827286
0.0203156
0.0207043
0.0213196
0.0225988
0.022618
0.0211235
0.0232411
0.0210599
0.346325
0.021978
0.0276605
0.382398
0.0263563
0.0210884
0.0226309
0.0217029
0.0212913
0.0221681
0.0210962
0.0211372
0.0213801
0.0210195
0.0207604
0.0210581
0.0209467
0.0227146
0.0271722
0.0204724
0.0211574
0.0203215
0.0425939
0.0376669
0.0213446
0.0201299
0.0208859
1.17659
0.0527178
0.0211257
0.291738
0.0212529
0.0205592
0.0205242
0.0208948
0.021385
0.021229
0.021036
0.134236
0.021022
0.0220486
0.0214181
0.02084
0.873502
0.329282
0.0209352
0.0258734
0.33018
0.0205989
0.0207149
0.0209982
1.50744
0.776021
0.333075
0.787017
0.0214558
0.0294272
0.516126
0.0213907
0.0314893
0.0817629
0.0636665
0.0210445
0.0274153
0.0212387
0.0244984
0.0671972
0.0212898
0.0249684
0.0210585
0.0217408
0.023112
0.813414
0.0218735
0.0203317
0.0208597
0.0201302
0.698576
0.0208084
0.0216443
0.0216894
0.0415481
0.0210134
0.027685
0.125255
0.612262
0.309089
0.0237974
0.204643
0.0205383
0.0209313
0.0213185
1.16975
0.0211309
0.0209629
0.0215082
0.0199284
0.021245
0.021311
0.0214533
0.0207711
0.0211065
0.0212207
0.0206387
0.0203992
0.646396
0.0208271
0.0207251
0.0216108
0.299834
0.0213414
0.0291039
0.0217366
0.024351
0.299848
0.0228868
0.020891
0.0212605
0.494145
0.0214707
0.67071
0.023035
0.0211628
0.0233665
0.0634435
0.0208902
0.0204521
0.0202667
0.0209833
0.387379
0.501869
0.0203999
0.0202073
0.0226111
0.0209705
0.0212716
0.0297904
0.0440035
0.0205274
0.0218299
0.0213175
0.0251459
1.37863
0.0238281
0.020426
0.0579959
0.0555661
0.0210625
0.0257666
0.0209649
0.688826
0.0205179
0.0284652
0.0210795
0.0572902
0.0223125
0.0210762
0.0232072
0.0221233
0.021367
0.0238172
0.0234111
0.0210519
0.0223699
0.0210119
0.033381
0.0222037
0.0206452
0.022346
0.0212809
0.0211169
0.0324441
0.0220875
0.0226602
0.0209309
0.0211236
0.0201098
0.0212204
0.0209193
0.0210173
0.0212056
0.0207693
0.438373
0.0309286
0.0213518
0.0206542
0.0444925
1.27599
0.0282922
0.0202509
0.0210761
0.0232146
0.0210771
0.0241753
0.0232947
0.0213386
0.0217182
0.0211299
0.313023
0.296077
0.444195
0.0213779
0.158528
0.0228974
0.0207818
0.0209051
0.0201145
0.0434704
0.0210813
0.0199299
0.020633
0.621062
0.445101
0.0213665
0.0199148
0.0213975
0.0258609
0.0210665
0.469765
0.0208866
0.0209553
0.0226268
0.0210738
0.0212712
0.0402005
0.468496
0.0237958
0.0211984
0.0583147
0.0210725
0.0212999
0.0213258
0.463737
0.0210721
0.0211278
0.0212497
0.0214053
0.0656665
0.140008
0.0246503
0.0352617
0.0209883
0.0207506
0.0278596
0.0210739
0.0203894
0.0298527
0.0199887
0.0214573
0.0207386
0.0210793
0.396251
0.0464504
0.0232565
0.0208888
0.0233541
0.06561
0.0216877
1.50576
0.0215995
0.0209492
0.0204051
0.0202525
0.0202304
0.0216091
0.020439
0.02136
0.0236291
0.0210567
0.0210605
0.0222114
0.0210311
0.0265634
0.0208284
0.0200627
0.0210041
0.0213489
0.432312
0.020527
0.0212385
0.0347126
0.0242989
0.0199159
0.0318001
0.123821
0.024045
0.284487
0.0533481
0.0212053
0.0207936
0.0267321
0.0211662
0.0478167
0.0318838
0.0211345
0.0213002
0.0208219
0.0206406
0.0210237
0.0290501
0.0214883
0.0208877
0.022171
0.0215066
0.0213299
0.0206706
0.296368
0.0271108
0.0203351
0.0211984
0.0212778
0.0221806
0.299097
0.0576283
0.0200194
0.152547
0.0513856
0.0324578
0.0198897
0.0205197
0.0444153
0.110123
0.0205518
0.0213668
0.0211809
0.0202658
0.020014
0.0200004
0.0207259
0.0214846
0.0278285
0.020879
0.0201151
0.0210904
0.0250738
0.0215132
0.0208583
0.0252083
0.0200816
0.551619
0.0249348
0.0212438
0.167547
0.993788
0.0147979
0.0203826
0.0202448
0.0210576
1.96215
0.024862
0.0212379
0.0212669
0.0213329
0.0211828
0.112639
0.0212097
0.0239811
0.0212172
0.0199997
0.033
1.65534
0.0215041
0.0257379
0.0212794
0.0210537
0.304805
1.63595
0.0207968
0.0205206
0.0240971
0.0328679
0.0225628
0.0204171
0.0259694
0.0376999
0.0236139
0.0209131
0.0211641
0.0208639
0.0207373
0.0225757
0.0208883
0.0240151
0.0351099
0.0219989
0.0372197
0.0252572
0.0211788
0.0213308
0.441179
0.272376
0.21849
1.04639
0.0200016
0.0383885
0.0213094
0.0203608
0.0219255
0.0215542
0.0215015
0.0634078
0.141056
1.30435
0.684107
0.0212391
0.0574796
0.0201229
0.0203001
0.0218437
0.023987
0.29828
0.0212508
0.0245321
0.0251617
0.130167
0.213041
0.0209417
0.0212789
0.0163397
0.953045
0.0208093
0.235919
0.299031
0.02114
0.0214675
0.0199051
0.0215442
0.0213074
0.0235323
0.396588
0.0212775
0.0201345
0.129906
0.136204
0.0259637
0.0232576
0.603252
0.0526483
0.495615
0.0955622
0.0216306
0.0210528
0.0233923
0.0211069
0.0212646
0.0201648
0.02075
1.35191
0.0227978
0.0242901
0.122357
0.0219551
0.0237422
0.0211332
0.0227894
0.142761
0.0198347
0.0437531
0.101545
0.0543786
0.0212916
0.0218104
0.0219202
0.020017
0.0204252
0.0619434
0.022668
0.0209698
0.0280723
0.0267899
0.0213573
0.0682522
0.0223071
0.0220406
0.120752
0.0205191
1.9062
0.021361
0.0243232
0.0402358
0.0235196
0.296147
0.0213201
0.024585
0.0211502
2.05312
0.0230356
0.0283367
0.0201295
0.072405
2.06556
2.26318
0.0206057
0.0225062
0.0258643
0.0207502
0.0203215
0.0240499
0.476888
0.0203357
2.08208
0.0220894
0.0211813
0.021216
0.0218991
0.0226737
0.0853912
0.106511
0.0234331
0.0214968
0.0210898
1.27249
0.0204173
0.0210351
0.0523956
0.0456034
0.0215272
0.0207235
0.0211536
0.0399463
2.22051
0.023758
0.0213685
0.0443533
0.0203159
0.0284398
0.0213303
0.0202728
0.416326
1.76859
0.0260113
0.0218012
1.73781
0.0301537
0.0225156
0.0213534
2.10523
0.022152
0.0206033
0.0323348
0.0270311
2.09965
0.0232528
0.0213308
1.97095
0.0282208
0.0269113
0.0205008
1.51635
0.026285
0.020922
2.07827
0.0213521
0.0212471
1.79714
0.0209854
0.041139
0.0206242
0.025245
0.0224869
0.0209651
1.72214
0.0434385
0.020148
0.646682
0.0208676
0.0208793
0.372367
0.0767476
0.0443798
0.639445
0.0305523
1.51971
0.0213335
1.46898
0.0249824
0.0206029
0.0247791
0.052654
0.0202654
0.021307
0.0200542
0.021321
0.0214334
0.0201361
2.06375
0.0228237
1.95639
0.0213963
0.48015
0.0213234
2.06543
0.0207186
0.0209109
0.0213128
0.0213334
2.08529
1.09307
0.0203115
0.0215053
0.195745
0.757433
0.0218112
0.0203674
0.0205352
0.02854
0.392406
0.47668
0.0266519
0.0202884
0.0202486
0.0216123
0.0218647
0.0213415
0.0222111
0.299628
0.0232864
2.10037
0.0213891
0.0202118
0.0261633
2.33335
0.0200948
0.0220551
0.019631
0.023031
0.0213446
0.0217209
0.0213807
0.0220041
0.0213431
0.311099
0.0247228
0.0208821
0.0213449
0.0214266
0.0214491
0.06137
0.0362088
0.0621078
0.0203764
0.0213497
0.0210594
0.142491
0.344089
0.0530294
0.0218207
0.0222343
0.552441
0.518074
0.0201518
2.11065
0.0528391
0.0213577
1.90413
0.021304
2.03976
0.0211556
0.0213534
2.18372
0.0709477
0.0210804
0.0656266
0.0772363
0.0201499
1.83211
0.0213214
1.93484
0.41634
0.0230297
1.73571
0.0811918
0.0211429
0.0227233
0.0217019
0.0213125
0.0199872
0.0746383
0.103534
0.0214789
0.0204156
0.0212634
0.0229276
0.0500221
0.021323
0.29578
0.45835
0.782847
0.0387766
0.0213729
0.0207619
0.0208143
0.0222266
0.0221481
0.0223076
0.0221908
1.03387
0.0327999
0.0219791
2.31673
1.90119
0.0409422
0.0205669
0.0237834
0.024021
0.00423371
1.95287
0.0208793
0.0207611
0.437997
0.0203999
0.0328643
0.0205489
0.0205851
0.0239139
0.0276953
0.0498655
1.4212
0.0906886
2.19042
0.0418552
0.0700791
0.0424246
0.518672
0.0210889
0.205167
0.326657
0.0588466
0.0219484
0.0224087
0.0210759
0.0204023
0.0229708
0.0226908
0.0220987
0.0338093
0.419508
0.0246689
0.0215479
0.02163
0.126508
0.0295736
0.0520166
0.0209268
0.0212921
1.33781
0.0017055
1.98764
0.0195336
0.0195347
0.021716
0.0486523
0.301471
0.020084
0.0249333
0.0213284
0.0651201
0.0212013
0.0358218
0.0210748
0.0205216
0.58313
0.0202055
0.0204192
0.0213186
0.0622604
0.0231116
0.0218986
0.020534
0.0216647
0.0232503
0.0241368
0.020652
0.0270439
0.0234329
0.0225473
0.0692516
0.0276429
0.020566
0.0263889
0.024644
0.0409091
0.02223
0.0218509
0.0205508
0.0706959
0.0201746
0.0903956
0.0202149
1.11864
0.0203244
0.0275091
0.0201813
0.0226759
0.0200218
0.0235639
0.0220508
0.0209334
0.0223555
0.0204041
0.0213377
0.474435
0.0204689
0.0288863
0.0266021
0.0208956
0.0205359
0.0220869
0.0281222
0.168222
0.0209463
0.0227026
0.020138
0.040625
0.0217222
0.0223787
0.0207766
0.0213054
0.032042
0.0260287
0.0267302
0.0802774
0.0295943
0.0227694
0.0207362
0.0240189
0.303806
0.0204056
0.0212637
0.0282516
0.0206166
0.0957961
0.0255671
0.0198324
0.0288351
0.0235855
0.0213079
0.0208599
0.0204746
0.538667
0.0206857
0.021286
0.0214436
0.0214537
0.0203406
0.0215401
0.0198212
0.021293
0.0205166
1.68031
1.83374
0.0210644
0.0631462
1.32319
0.0241289
0.0773158
0.0212871
0.0211383
0.0213911
0.0236007
0.0209138
0.0218027
0.0248399
0.0205362
1.89257
1.35794
0.0202639
0.0211943
1.51506
0.0206052
0.0212479
0.0243751
0.0210451
0.0326423
0.0449297
1.60773
0.0207174
0.0211787
0.021038
0.0525441
0.0218825
0.0206722
0.0205482
0.0201883
0.0225763
0.0208418
0.0216506
0.0198844
0.0270132
2.17572
0.0303614
0.0213357
0.0209964
0.304749
0.0201265
0.0208899
1.22115
2.27451
0.0330568
0.669679
0.0220769
0.0204867
0.0201638
0.02328
0.0202636
0.0236733
0.0220729
0.0231441
0.0210665
0.615021
0.0206877
0.0221244
0.0211816
0.0206722
0.0221753
0.0206028
0.0210749
0.0216447
0.0772741
0.0210427
0.0340088
0.0728288
0.0236536
0.0479275
0.0245641
0.397592
0.0355398
0.0279535
0.0212226
0.526748
0.0204809
0.0212349
0.020625
0.296749
0.0212733
0.0206639
0.026283
0.0207296
0.306067
0.0205528
1.32559
0.0204178
0.0244026
0.0205601
0.0268783
0.0214756
0.0362969
0.0225342
0.037092
0.0229179
0.0229482
0.0210305
0.0210539
1.20083
0.0210971
0.0268123
0.0212646
2.2531
0.0206374
0.173687
0.0555478
0.496761
0.0200389
0.0214742
0.0202685
1.94184
0.0264176
0.0203628
0.0231309
0.0207327
0.02107
0.0215934
0.0211969
0.0210482
0.0216693
0.336918
0.0228048
2.06084
1.56538
1.12062
0.0210478
0.0203819
0.0244875
0.0207344
0.0211297
0.0212449
0.397456
1.8034
0.0209988
0.0235082
0.0210419
0.504332
0.021938
1.30485
0.0204517
0.0221954
1.96336
0.0210502
0.0207465
0.0980734
0.0204176
0.0207263
0.0726819
0.0203779
0.0638753
0.146992
0.0760769
0.0212289
0.0487634
1.35024
0.0250406
0.0201968
0.0209368
0.0231702
0.0213451
0.0228864
0.295514
0.32313
0.0206049
0.029109
0.0210926
0.0212869
0.021815
0.024337
0.0202457
0.169205
0.023591
0.0786007
0.0217857
0.0204396
0.0214114
0.0205524
0.0207806
0.0225662
0.603027
0.0205418
0.280782
0.026891
0.0230343
0.0213217
0.020579
0.0210706
0.022583
0.0206078
0.0207449
0.0231649
0.0210972
0.0238861
1.84708
0.486377
0.0222429
0.0204185
0.0206243
0.0213245
0.0245609
0.0526634
0.0213661
0.0210542
0.0213448
0.0242057
0.0219587
0.025089
0.0206615
0.0446399
0.0213595
0.0523135
0.0211145
0.0211185
0.0223552
0.0206457
0.0206845
0.0230544
0.0465148
0.0208965
0.0259328
0.326474
0.40296
0.0205314
0.021344
0.0203138
0.0229548
0.0207834
0.0221588
0.0413061
0.52291
0.031661
0.0208389
0.0861806
0.025188
0.0208438
0.61235
0.0209483
0.0907923
0.0207455
0.0208724
0.0225551
0.0208727
0.0201961
0.0213476
0.020604
0.0220511
0.0213746
0.020612
0.478679
0.454483
0.286721
0.0204263
0.023645
0.0213637
0.0231241
0.675568
0.59448
0.0209107
1.90392
0.0213118
0.0210095
0.0208348
0.0210999
0.0206877
0.0213305
0.0239565
0.0210116
0.0220007
0.295258
0.0206264
0.0246379
0.0214681
1.89602
0.0381835
0.295059
0.713543
0.0202759
0.445137
0.0211132
0.0229752
0.297708
0.0211018
0.295071
0.0203124
0.020538
0.0220762
1.66124
0.0400686
0.0231118
0.304123
0.0210972
0.388699
0.302084
0.0715118
0.375414
0.0206118
0.380897
0.027398
0.0213146
0.0206562
0.0221339
0.0234755
0.0405199
0.0245368
0.0363258
0.0211789
0.0230152
0.0210928
0.0221057
0.0203494
0.0291611
0.0204632
0.0209963
0.196136
0.0292696
0.0209102
0.0205143
0.390895
0.0214978
0.0220814
0.021672
0.0207446
0.0211061
0.0213249
0.0213633
0.0275965
0.0220226
0.0213199
0.0213877
0.0210329
0.0228244
0.021121
0.295162
0.634175
0.0235127
0.0228095
0.0211146
0.0528615
1.89726
0.020137
0.0211693
0.568393
0.0213459
0.0230241
0.020807
0.312546
0.0213707
0.0212338
0.0214685
0.0213868
0.021791
0.0239731
0.0236538
1.24448
0.420753
1.83278
0.106591
0.403699
0.021906
0.0442011
0.0206212
0.0482586
0.021863
0.0213959
0.022981
0.0212905
0.0212375
0.0202256
0.0217286
0.0207044
0.0244562
0.0204339
0.0225103
0.0204564
0.0207645
0.0202394
0.115533
0.0210103
0.0207675
0.0198864
0.0253733
0.0206715
0.0230631
0.0213786
0.0269754
0.305596
0.228737
0.0246794
0.0206201
0.0233711
0.0209696
0.0210759
0.0227044
0.0216522
0.0207158
0.0212535
0.0277349
0.0202095
0.0204233
0.0206966
0.200948
0.0212976
0.621632
0.0204512
1.68431
0.0202211
0.0207692
0.0198767
0.020658
0.0208533
0.308395
0.0208258
1.82884
0.0205648
0.0201763
0.0204201
0.0219575
1.63045
0.0207787
0.0205466
2.23718
0.585234
0.0467968
0.0210497
0.0205597
0.0199909
0.0203517
3.29206
0.0207169
0.0284936
0.0254414
0.0235183
0.0229657
0.0212614
0.0223961
0.598032
0.0238449
0.096352
0.0208535
0.640348
0.0204181
1.22463
0.0203769
0.302042
0.182971
0.28193
0.0224875
0.0206212
0.0213563
0.0992474
0.0205113
0.0268922
0.0200111
2.11324
1.69178
0.455405
0.0387236
0.0225766
0.0196484
0.021219
0.0199675
0.0649237
0.0205171
0.0388374
0.0333159
0.32069
0.379955
0.0217728
0.021097
0.019939
0.0641826
0.967867
0.0217387
0.0222983
0.0263563
0.0212753
0.0208316
0.0221438
0.0209386
0.02062
0.643032
0.0221376
0.0205952
0.0606172
0.0212437
0.0206925
0.0331704
0.0279081
0.0243544
0.388165
0.0476136
0.177729
0.70788
0.0212372
0.0208947
1.87556
0.019563
0.0209055
0.0213971
0.0209357
0.0206782
0.0220561
0.0216832
0.0356735
0.0304443
0.0217561
0.297195
0.0210868
0.0483518
0.291743
0.0210093
0.0875517
0.0259593
0.0209963
0.0268238
0.275203
0.0204767
0.0279099
0.0245032
0.0211029
0.020341
0.10768
0.0212944
0.0236502
0.0198585
0.0198323
0.0231404
0.0224317
0.0208122
0.0219982
0.0213717
0.0202211
0.020563
0.100675
0.0218498
0.0210475
0.0211531
0.021113
0.0209872
0.0212868
0.0281833
0.0208732
0.0265956
1.67829
0.640867
1.95827
0.0280021
0.0413568
0.0208343
0.0225168
1.08011
0.0223761
0.0212504
1.8955
0.0208878
0.0217599
0.0206964
0.0544507
0.019831
0.0207915
0.0210115
0.0201369
0.0237371
0.0210363
0.312056
0.0209986
0.02123
0.0206898
0.0213271
0.0204418
0.0211279
0.0222129
0.0345585
0.0210935
0.0212483
0.025354
0.0214347
0.0354268
0.0206763
0.0199303
0.160134
0.023374
0.0212612
0.0223599
0.0203318
0.0868653
0.249594
0.0212593
0.0224814
0.0219811
0.0211213
0.0206226
0.023961
0.0238866
2.07982
0.163419
0.0195207
0.0248216
0.0216847
0.021383
1.84675
0.0206312
1.70366
0.0258549
0.021599
0.0221734
0.0204579
0.0210369
0.0202105
2.11856
0.0210046
1.32847
0.0211943
0.0208335
0.0220489
0.280716
0.242212
0.020866
0.0232123
0.206825
0.169968
0.0226812
0.0206196
0.021429
0.0198327
0.45765
0.0214651
0.0232385
0.0210849
0.0232568
0.020706
1.35786
0.0208913
0.0252483
1.59919
0.0206389
0.0212041
0.0198333
0.0228366
0.0209086
0.0203519
0.0260109
0.0213594
0.0205664
0.0208939
0.0253077
0.0320876
0.0204226
0.0198395
0.0217777
1.32983
0.0206514
1.11766
1.09517
0.744157
0.145138
0.0206232
0.0212117
0.489978
0.021349
0.0224095
0.0219864
0.0220983
0.554629
0.0208855
0.0208718
0.0212377
0.271025
0.0851248
0.0211464
0.0445911
0.170669
0.0216004
0.0211387
0.026981
0.0206254
0.0211116
0.0240037
0.0212118
0.0211985
0.0603399
0.0213368
0.0342302
0.0236604
0.0210826
0.0240277
0.192783
0.0434829
0.0207843
0.0231096
0.0205353
0.221704
0.0219757
0.469619
0.646109
0.0203058
0.0214344
0.0225353
0.0560428
0.0340477
0.0218515
0.0217229
0.0209963
0.0216413
0.310274
0.0214771
0.019827
0.154737
0.339686
0.321629
0.0210029
0.382578
0.0315728
0.0209886
2.08509
0.0233452
0.259133
0.0208646
1.50223
0.0199021
0.0211374
0.021044
0.0211069
0.378688
0.0203679
0.148633
0.0330468
0.0206898
0.020846
0.0224736
0.0216679
0.0210663
0.0205745
0.0212273
0.0218316
1.32982
0.0205739
0.0300879
0.0201806
0.020337
0.0208966
0.0293529
0.0230503
0.0218838
0.0209864
0.0209653
0.0204985
0.0667172
0.0212132
0.0200418
0.0270157
0.0208984
0.0489737
0.0209145
0.0211368
0.0210768
0.0197213
0.0247075
0.0197098
0.0231017
0.0221198
0.0203297
0.0242914
0.0215302
0.0223243
0.0211389
0.0297953
0.02793
0.0255247
0.0982834
0.0212155
0.306548
0.0229673
0.0203362
0.0228932
0.0233946
0.129098
0.0307676
0.0202623
0.0245208
0.132568
0.0257202
1.96367
0.0202512
0.0198937
0.0210432
0.0217853
0.0204415
0.020543
0.0250922
1.07233
0.0230848
0.0219864
0.0230663
0.0213893
0.0218729
0.0216288
0.0416804
0.0213298
0.0211305
0.0195442
0.175345
0.19013
0.79047
0.587988
0.021134
0.0210211
0.0208487
0.0202842
0.0212538
0.662127
0.0239193
0.0206081
0.0202537
0.0208328
0.0313948
0.0225349
0.0234896
0.0227821
0.0210744
0.0217136
0.0488044
0.359325
0.45575
0.019968
0.289985
0.0211306
0.0208343
0.0238258
0.0218527
0.0203405
0.0219382
0.0563451
0.0211221
0.0211875
0.756885
0.0229656
0.0913309
0.0245777
0.0211848
0.453013
0.0206054
0.0857083
0.0268259
0.619002
0.0211442
0.0207265
0.0245603
0.0205807
0.0221412
0.0199724
0.0211667
0.0208076
0.669912
0.0245544
0.608425
0.0222105
0.620804
0.0250632
0.0633607
1.45547
1.94541
0.0208399
0.0219819
0.0205946
0.0203917
0.221062
0.0215554
0.0220095
0.0237382
0.312942
0.368063
0.0204645
0.0205137
0.021482
0.0241741
0.0225576
0.0225955
0.0236627
0.0199589
0.0208523
0.0406363
0.0252527
0.020994
0.0201749
0.0208225
0.0200631
0.502858
0.0424324
0.021228
0.0205992
0.0216483
0.0204117
0.0229997
0.0202067
0.021852
0.022103
1.22848
0.0209082
0.0209584
0.0211376
0.566003
0.0432125
0.0205905
0.0260195
0.576559
0.0229936
0.0210461
0.0209557
0.02126
0.0378571
0.0371816
0.023362
0.0331422
0.021433
0.0198308
0.0205877
0.0936422
0.0212049
0.0381622
1.36432
0.021166
0.0209156
0.0214925
0.0196959
0.0411845
0.0212928
0.0235071
0.0219324
0.524827
0.135181
0.0210204
0.0209259
0.0212607
1.94489
1.6497
0.0230881
0.0215802
0.0466131
0.0202678
0.0224219
0.0209395
0.0208509
1.06425
0.0195632
0.622371
0.701643
0.0217437
0.024477
0.0219197
0.0211679
0.0208485
0.102636
1.24332
0.0244059
0.0215543
0.0210743
2.40828
0.478518
0.0202996
1.25794
0.852532
0.0201554
0.0214773
0.0203088
0.0206132
0.0221963
0.425714
2.11758
0.0217784
0.0207196
0.0215477
0.0209904
0.0202871
0.462526
0.0223335
0.0200964
0.0231926
0.0207183
0.0215994
0.0230766
0.0211966
0.0223945
0.0208813
0.0207706
0.0231816
0.0208493
0.02107
1.47401
0.0215491
0.0248264
0.0208699
0.0212103
0.0199845
0.0226527
0.0221823
0.205979
0.75323
1.98937
0.0213677
0.0206597
0.488263
0.022031
0.0202289
0.0232236
0.0233428
0.025395
0.0205263
0.0203636
0.0212269
0.0206807
0.0212544
0.0213114
0.0203104
0.0232385
0.0254879
0.0218319
0.202371
0.0267585
0.0215462
0.300079
0.302751
0.021123
0.0206394
0.15878
0.166412
0.0286395
0.0229934
0.0212425
0.0213389
0.0212116
0.021259
0.0209654
0.0707103
0.0213545
0.0964893
0.0232506
0.0230927
0.0828797
0.0348027
0.675144
0.0216011
0.0530972
0.815588
0.0211393
0.0300166
0.275248
0.0195737
0.521879
0.481631
0.0211395
0.0204402
0.0209495
0.0211479
0.0209737
0.0202956
0.0212303
0.0242698
0.453241
1.95
0.0211258
0.0203001
0.0226194
0.0213114
0.331299
0.0843476
0.500867
0.0203246
0.0211653
0.0228157
0.0208491
0.0264202
0.0203633
0.0205242
0.0231736
1.2745
0.0212597
0.0212801
0.482956
0.82586
0.0207647
0.0228335
0.695559
0.329365
0.0211148
0.021695
0.0419292
0.038791
0.0221532
0.706252
0.0215105
0.0201061
0.0231141
0.0205009
1.33124
2.38854
0.0219622
0.663414
0.0206798
0.0230765
0.0211944
0.0213831
0.310883
0.076733
0.0227872
0.0211836
0.0209668
1.74825
0.0872602
0.0203798
0.0237424
0.0212585
0.0212596
0.0211947
0.0256951
0.0411639
0.0211204
0.0221171
0.0206044
1.3475
0.0212973
0.0220436
0.0267881
0.0221449
0.0212563
0.0196673
0.02161
0.0213044
0.0257246
0.179045
0.0204558
0.0401182
0.0205292
0.0377244
0.0217405
0.0211186
0.571899
2.0187
0.0214634
0.310332
0.0211676
0.0279364
0.0211752
0.0214516
0.0213046
0.0195473
0.0214241
0.0213881
0.0210448
0.020881
0.0204417
0.0204913
0.0207536
0.637351
0.0214058
0.0219416
0.0213173
0.0253058
0.0201958
0.0211567
0.0212367
0.0210619
0.704161
0.465413
0.0207821
0.104963
0.0217049
0.472709
0.0376747
0.0206114
0.702949
0.387771
0.0211341
0.0212908
0.0221443
0.0214883
0.0248337
0.618847
0.0212101
0.0204567
0.0212433
0.0972005
0.0215111
0.131215
0.0219333
0.0213141
0.031464
0.0212184
0.0203834
0.0218769
0.0208483
0.0224457
0.584681
0.0248426
0.0209643
0.0210878
0.0748767
0.0224861
0.609087
0.020861
0.0213032
0.779595
0.0195591
0.020464
0.177519
0.0204289
0.0236028
0.0213059
0.0211344
1.97761
0.0207602
0.0205291
0.0217361
0.0202494
0.021114
0.0312692
0.0202946
0.0673149
0.02112
0.0195909
0.0211747
0.0221575
0.0232523
0.0623831
0.772401
0.0212737
0.0375943
0.0385661
0.0413545
0.204953
0.0212396
3.39872
0.0210981
0.0211855
0.0230367
0.577209
0.0214367
0.0214956
0.0229402
0.0809458
0.0215186
0.0219316
0.0222628
0.0218625
0.0217431
0.02193
0.0465396
0.0337177
0.0232928
0.0222443
0.021392
0.0212586
2.25372
0.0212584
1.59183
0.0211055
0.0320958
0.0214763
0.0509268
0.31508
1.13182
0.0214164
0.0224124
0.0219962
2.49627
0.280781
0.316562
2.22842
0.020844
1.08035
0.0203437
0.0228571
0.0211821
0.0962203
0.0208764
0.0261835
0.0207063
0.0209637
0.0212562
0.0213811
0.0211506
0.236033
0.0210067
0.0211368
0.0211363
0.278883
0.2319
0.0203747
0.0202153
0.457497
0.0930011
0.0209321
0.025498
0.0243599
0.480428
0.021242
0.0217966
0.0213598
0.0213086
0.0212382
0.0222438
0.0225791
0.0257271
0.0292957
0.022185
0.0212565
0.0580182
0.0222701
0.0206658
0.0218923
0.0461366
0.0211291
0.500215
0.0222588
0.100371
0.0212484
0.0211164
0.0201755
0.0214148
0.021241
0.0202422
0.0275675
0.0206636
0.0210809
0.0216569
0.248667
0.0213085
0.0213663
0.0258358
0.0250839
0.0222393
0.0213288
0.41852
0.0232545
0.0213126
0.496715
0.0211699
0.0212119
0.0290302
0.0214873
0.478086
0.0209686
0.0221421
0.20403
0.0216287
0.0211755
0.0216362
0.0215586
0.02087
0.0211791
0.503596
0.0211551
0.0215353
0.020666
1.10683
0.022376
0.0204382
0.0208675
0.0266656
0.0217232
0.0206547
0.020983
0.0210208
0.0207403
0.0206948
1.06006
0.0211662
0.0204873
0.150658
1.93627
0.0208076
0.0221605
0.0208768
0.304986
2.5409
2.55445
0.0206829
0.0209078
0.0212642
0.0209036
0.0826538
0.022127
0.0208763
0.0212617
0.0234645
0.0211337
0.0212686
0.486138
0.0381268
0.0210096
0.0212389
0.0211111
0.0213071
0.020471
0.0219659
1.72054
0.0206653
0.505104
0.0198432
0.0214289
0.0212648
0.0212512
0.0210504
1.69714
0.0206888
0.0211327
0.0196196
0.0212758
1.30088
0.142075
0.0258677
0.0208823
0.29865
1.13644
0.0215298
0.495028
0.0208511
0.314774
0.0231045
0.0227369
0.02185
0.0208294
0.023723
0.0195527
0.0218062
0.0351593
0.476729
0.0208025
0.0294711
0.0212313
0.0373658
0.0231506
0.0204357
1.09629
1.85429
0.122168
0.0277093
0.0309201
0.0212275
2.04425
0.0213146
0.0215679
0.0212275
0.0218821
0.0210659
0.0327953
0.0198575
0.021887
0.0211475
0.021521
0.979806
0.0215795
0.0219147
0.302637
0.0211569
0.0314166
1.1522
0.0212954
0.0219401
0.0329326
0.0213141
0.0212361
0.496881
0.0215904
0.0220252
1.12915
0.0241111
0.0212856
0.762012
0.0209721
2.5203
0.0216487
1.994
0.50539
0.0211292
0.491876
0.0212953
0.0211867
0.0212503
0.0195547
0.0264192
0.0210296
0.0216324
0.0203578
0.0198926
0.0197418
0.380615
1.23489
0.0220357
0.0224482
0.0210674
0.0226517
0.0196922
0.296782
0.0212644
0.214031
0.310715
0.0215134
0.0212926
0.0217542
0.0521166
0.0209199
0.0221668
0.0210732
0.0210779
0.0215111
0.04038
0.0206912
0.0220331
0.0218722
0.0211441
0.0212217
0.80198
0.0288406
0.169932
0.0214215
0.0724267
0.0234749
0.0215006
0.706932
0.0219542
0.0547661
0.0309777
0.136382
0.0217256
0.0433264
0.0211145
0.0213526
0.0211484
0.0214841
0.0212468
0.0209588
0.0214532
1.974
2.90187
0.624062
0.022005
0.0213554
0.0218442
0.0206692
0.021424
0.023107
0.0204456
0.021753
0.0213053
0.0204809
0.659262
0.0212292
0.0287957
0.0215774
0.0200215
0.0219903
0.0203904
1.97678
0.290537
0.0216365
0.602479
0.0200428
0.162842
0.0212462
0.0222046
0.021472
0.0212441
0.025641
0.021205
0.039975
0.021534
0.0212328
0.501595
0.0212034
0.0231156
0.309437
1.24751
0.0219003
0.0234523
0.0204089
0.915299
0.0641273
0.0212501
0.0349878
0.0212151
0.0215561
0.343653
0.0211938
0.185145
0.0212758
0.0500496
0.0212675
0.0867505
0.0195728
0.0225522
0.476588
0.02124
0.777298
0.0256364
0.0354019
0.0220419
0.650661
0.0310199
0.0197821
0.0211094
0.0213924
0.0211482
0.0212362
0.0201466
0.126355
0.0208618
0.02086
0.421641
0.0215398
0.0208382
0.0812041
0.0201865
0.0212624
0.0208558
0.0212821
0.556236
0.0214203
0.0217345
2.32217
0.754831
0.0197773
0.0214449
0.0208741
0.0294519
0.0217825
0.770461
0.0216331
0.0220512
0.0215818
0.32855
0.0213891
0.0211877
0.0354331
0.0223247
0.0291302
0.0211503
0.0217771
0.0212488
0.0246507
0.107832
0.0338926
0.0212264
0.0312903
0.0208694
0.0203483
0.021507
0.021305
0.0203522
0.0223295
0.0216323
0.0228526
1.98361
0.0212851
0.311199
0.0914942
0.0214404
0.0212451
0.0213148
0.0451888
0.026241
0.0263952
0.505466
0.037532
0.023333
0.634215
0.0213075
0.0219868
0.0213792
0.0208423
0.559506
0.0217961
1.99216
0.0260929
0.0223208
0.61953
0.0521878
0.0220599
1.83336
0.0214161
0.0211696
0.0212848
0.0361546
0.0212712
0.0213187
0.0209507
0.0224144
0.0214286
0.0582616
0.0204368
0.299977
0.024983
0.206035
0.0219608
0.65242
0.0213235
0.56904
0.0212757
0.0213486
2.50232
0.0217768
0.0200102
0.139492
0.0222283
0.0324714
0.0215361
0.0211687
0.128911
1.48345
0.0212981
0.113575
0.0196066
0.0219625
0.0208874
0.173245
0.495234
0.0215759
0.021483
0.0222628
0.500809
0.0213113
0.0213726
0.0198747
0.039426
0.0210903
0.0212294
0.0213465
0.49402
0.0212091
0.0212428
0.0197274
0.0212864
0.0212317
0.150254
0.0213596
0.028912
0.0209889
0.0483129
0.423171
0.022831
0.0346612
0.0208656
0.0212273
0.0210791
0.0210665
0.022409
0.0213244
0.0215346
0.301438
0.0930145
0.0211208
0.634306
0.0208015
0.922227
0.0246801
0.0225158
0.195525
0.0211637
0.0213399
0.0212396
0.0202784
0.0292023
2.5927
0.022195
1.99244
0.877813
2.18576
0.0212145
0.0215755
0.0244205
0.219105
0.419071
0.0214176
0.0215355
0.0200321
0.0227041
0.0723017
0.0306779
0.019648
0.0213773
0.0212689
0.0206963
0.0274068
3.3655
0.0216533
0.0212862
0.0208808
0.0212771
0.416006
0.0998784
0.0203957
0.0304774
1.94691
0.0203551
0.021251
0.0221501
0.0212663
0.0214721
0.0212644
0.0385162
0.0707389
0.0215239
0.0222439
0.0231719
0.345219
0.02199
0.0218314
0.847318
1.96428
0.413142
0.0212656
0.0203259
1.18238
0.0208381
0.0207824
0.304178
0.296556
0.0215753
0.0220504
0.0212777
0.0212755
0.639484
0.0203099
0.0225532
0.0202998
0.0205983
1.1037
0.0211241
1.81076
0.502042
0.0212177
0.0917469
0.0215505
0.036789
0.02082
0.0218739
0.0213332
0.020204
0.0212366
0.289661
0.0794424
0.648283
0.0215073
0.0212907
0.0220056
0.0212935
0.273654
0.409724
0.0212093
0.665978
0.601369
0.668983
1.90565
0.0233244
0.0212543
0.0206868
0.110273
0.0365239
1.15351
0.533656
0.0212829
0.290149
0.847646
0.0209699
0.0210758
0.0209796
0.0212685
0.0510508
0.951938
0.0210009
0.0210477
0.264171
0.0210831
0.027301
0.0211138
0.0198113
0.0202139
0.0197938
0.660633
0.0196337
0.0219744
2.48302
0.0212779
0.425783
0.0203228
0.0211654
0.0214408
2.05535
0.0223793
0.0206193
0.0187311
0.0209635
0.0202599
1.03522
0.0209808
2.53489
0.0214848
0.309296
0.0624083
0.0772129
1.93703
0.0205902
0.023163
0.39792
0.0228761
0.0230192
0.0858453
0.471166
0.388877
0.0205182
0.70803
0.0248583
0.0205777
0.0307272
0.021297
0.0231089
0.0208274
0.583855
0.0342388
0.542688
0.0128724
0.0210136
0.333509
0.496708
0.0209323
0.0199688
0.0323024
0.0215244
0.296696
0.0200646
0.220801
0.0782081
0.0211143
0.0223678
0.0294965
0.0215055
0.0264778
0.0222067
0.0208553
2.28872
0.0212269
0.021472
0.023713
0.0206595
0.0887501
0.0219522
0.539948
0.0207424
0.497582
0.0206089
0.0210691
0.0235085
0.0212714
0.0212553
0.0113513
0.0242322
0.0272224
0.022338
0.0209774
0.0213059
0.0210173
0.0211176
0.0219165
0.0212717
1.18285
0.0298439
0.0217878
0.0201078
2.6324
0.0209374
0.0204579
0.0207417
0.103615
0.0216588
0.024727
0.0223901
0.0207368
0.0212721
0.491873
0.0211312
0.0233207
0.0201145
0.0201812
0.0224429
0.122715
0.022849
0.0210871
1.01252
0.0214494
0.0212617
0.0214341
0.0207713
0.349294
0.269651
0.0286936
0.0213807
0.0207266
0.337541
0.0861921
0.0214355
0.111259
0.0209301
0.110499
0.124324
0.0201926
0.0215653
0.0207492
0.0207338
0.0209797
1.96721
0.0210058
0.0208132
0.0220696
0.0208617
0.0208226
2.16949
0.0218724
1.34356
0.722047
0.170347
0.021373
0.0208186
0.0211313
0.0212278
0.0672024
0.0395335
0.0215816
0.0223952
0.0214321
0.0214983
0.0211036
0.0238307
0.0212232
1.6898
0.0214369
0.0254331
0.0214277
0.0211898
0.0213166
0.0216467
0.0213049
1.75603
0.287856
0.0213035
0.0213106
0.0213112
0.0207545
0.507821
0.0212144
0.0210002
3.35531
1.1312
3.41051
0.0214679
0.333011
0.021298
0.0212332
0.021786
0.290057
0.501978
0.0212645
0.501584
0.0212335
0.0213602
0.0331982
3.42203
0.0213018
0.0218646
1.97445
0.0210248
0.022317
1.21488
2.98476
2.0032
0.0213992
0.021196
0.0211512
0.822873
0.469962
0.0213786
0.0218345
0.0214159
0.0212704
0.0213217
0.0211085
0.0220624
0.0282959
0.02821
0.0212793
2.39501
0.0208446
0.50898
0.0229626
0.0212884
0.0287349
2.62472
0.678873
0.0212008
0.0218131
0.0247121
0.0210424
0.0212355
0.0208554
0.252674
0.0328303
0.0209792
0.376726
0.0214753
0.0212902
0.0304154
0.021141
0.309404
0.0214118
0.0215224
0.830666
0.0307043
0.023489
0.0211874
0.0216138
0.321129
0.357462
0.0208078
3.40615
0.0280542
0.0230486
3.41953
0.0214876
0.0218487
0.0207661
0.0232483
0.0290896
0.0212715
0.0215176
0.0212777
)
;

boundaryField
{
    frontback
    {
        type            empty;
    }
    topbottom
    {
        type            fixedValue;
        value           uniform 0.0223;
    }
    outlet
    {
        type            zeroGradient;
    }
    inlet
    {
        type            fixedValue;
        value           nonuniform List<scalar> 0();
    }
    walls
    {
        blending        binomial2;
        n               2;
        beta1           0.075;
        type            omegaWallFunction;
        value           nonuniform List<scalar> 0();
    }
    procBoundary3to1
    {
        type            processor;
        value           nonuniform List<scalar> 
147
(
1.12487
0.916331
0.146
0.846175
0.558324
2.46332
2.5448
0.162561
0.589811
2.04975
0.587959
3.37261
0.314227
0.363831
0.331889
1.19336
1.28292
0.227746
0.357422
1.37797
1.18745
2.56886
1.79768
0.902835
0.897873
0.684039
1.22034
0.967204
0.963091
0.318519
2.56331
2.56331
0.297601
2.38941
0.81827
0.29593
0.599212
0.623174
1.23122
0.971398
0.360779
0.362263
0.299594
1.90148
1.19177
0.955319
0.362263
1.99886
0.324172
0.291874
0.364734
0.302177
0.349826
0.330143
0.333714
0.361478
0.298179
0.302022
0.322964
0.29252
0.29302
0.293766
0.300777
0.283129
0.341824
0.337524
0.342211
0.296539
0.298787
0.315383
0.307795
0.299187
0.524527
0.531764
0.350001
0.480963
0.304435
0.346741
0.465025
0.531644
0.477236
0.451432
0.519735
0.458179
0.451691
0.453382
0.495269
0.536383
0.506617
0.604043
0.563568
0.587959
0.451691
0.514893
0.483588
0.535671
0.572345
0.734433
0.571428
0.546187
0.582485
0.564974
0.558745
0.621652
0.637657
0.681802
0.648786
0.617562
0.634676
0.648786
0.895449
0.298547
0.756666
0.933973
0.950238
0.727766
0.72574
2.23004
0.72299
0.72574
0.693447
0.412191
1.35107
0.778669
0.557137
0.700592
1.204
1.30219
0.455701
1.88488
2.23004
1.24677
2.13035
1.9836
1.04256
1.98197
1.39893
3.16386
0.394964
1.61393
0.922517
1.82483
1.61393
0.289362
0.303258
3.36961
0.341824
)
;
    }
    procBoundary3to2
    {
        type            processor;
        value           nonuniform List<scalar> 
73
(
0.0218353
0.0217974
0.0214001
0.021391
0.0305422
0.0287102
0.0223079
0.0572898
0.0417566
0.0999199
0.0217319
0.0216792
0.122556
0.0215546
0.0217319
0.026071
0.0272169
0.0287102
0.0214365
0.0230303
0.0233751
0.0213767
0.0218209
0.0216294
0.0228288
0.0869587
0.075412
0.0215893
0.0213947
0.0221426
0.0479464
0.0238387
0.0213888
0.0215244
0.0214272
0.0272169
0.0227611
0.0220207
0.0216792
0.0214965
0.14807
0.14807
0.02513
0.0213787
0.0214146
0.0213762
0.0372292
0.0213845
0.0214576
0.0663723
0.122556
0.0214739
0.0348933
0.0213788
0.601764
0.201321
0.0219113
0.0225233
0.201321
0.601764
0.0214063
0.0213814
0.0531277
0.0315717
0.0244149
2.24074
2.79231
0.0663723
0.0214006
0.0214379
3.41858
3.40057
0.0214411
)
;
    }
}


// ************************************************************************* //
