/*--------------------------------*- C++ -*----------------------------------*\
| =========                 |                                                 |
| \\      /  F ield         | OpenFOAM: The Open Source CFD Toolbox           |
|  \\    /   O peration     | Version:  v2012                                 |
|   \\  /    A nd           | Website:  www.openfoam.com                      |
|    \\/     M anipulation  |                                                 |
\*---------------------------------------------------------------------------*/
FoamFile
{
    version     2.0;
    format      ascii;
    class       volScalarField;
    location    "100";
    object      omega_0;
}
// * * * * * * * * * * * * * * * * * * * * * * * * * * * * * * * * * * * * * //

dimensions      [0 0 -1 0 0 0 0];


internalField   nonuniform List<scalar> 
9793
(
0.070783
0.186999
0.0684775
0.0210172
1.67593
0.023275
0.021959
0.020788
0.0215765
1.70488
0.0480344
0.0719117
0.021068
0.0206095
0.0230167
0.0204784
0.0218821
0.0235447
1.28334
0.0205617
0.306302
0.0230115
0.378798
0.019571
0.0220779
0.0211761
0.0205087
0.0210693
0.0379105
0.0215662
0.0339372
0.356587
0.337928
0.0216865
0.0421326
1.23983
0.0226083
0.0229951
0.0208717
0.0210501
0.0335346
0.0230217
0.022263
0.0220997
0.0222858
0.0213834
0.0406845
0.0207133
0.057841
0.0209881
0.0433819
0.0517635
0.0234975
0.0216032
0.113161
0.971756
0.0214421
0.0800234
0.584884
0.020861
0.0216277
0.0233541
0.1048
0.0219646
1.75606
0.239511
0.197294
0.0700221
0.0654554
0.0473051
0.118223
0.020905
0.0211646
0.223134
0.0477096
0.621404
0.0214353
0.0203246
0.0224764
0.0213429
0.156827
0.0224057
0.156225
0.0371015
0.0306976
0.0380493
0.0216082
0.0214302
0.0227628
0.0227924
0.174332
1.30174
0.0205353
0.305948
0.0230118
0.0412239
0.862806
0.155964
0.0204686
0.0203423
0.0203219
0.0222423
0.0204222
0.0204067
0.0204058
0.030301
0.0225853
0.0217839
0.0230867
0.225869
0.0211026
0.135728
0.0214232
1.24426
0.051294
0.0214445
0.409896
0.0463582
0.0229208
0.25134
0.207222
0.022822
0.0213413
0.023622
0.021866
0.221537
0.0351029
0.0433665
0.0230396
0.0211733
0.0215116
0.0214396
0.0211765
0.0223012
0.021544
0.0214269
0.0223374
0.0219175
0.0214153
0.0199589
0.0213303
0.0219055
0.0212218
0.0203888
0.0207282
0.0210992
0.223649
0.0203962
0.020427
0.857031
1.65618
0.0215099
1.73653
1.6982
0.0203928
0.0222393
0.0205944
0.021776
0.0203525
0.0211678
0.020793
0.0210661
0.0202522
1.2658
0.222711
0.545061
0.0272917
0.025059
0.0204277
0.0214963
0.0212831
0.607077
0.222075
0.611403
0.0218113
1.30516
0.0214355
0.0195785
0.0212022
0.0259593
0.336277
0.0221687
0.020369
0.0219344
0.726273
0.0211474
0.0885834
0.0211961
0.0213168
0.0202723
0.0218169
0.021336
0.0536698
0.17823
0.0687877
0.0257246
1.40058
0.0214156
1.65973
0.0200226
0.021536
1.31464
1.22018
0.0211775
0.0214349
0.0202776
0.882656
0.0203572
0.0280339
0.0223028
0.028677
0.0526378
0.0588808
0.0216279
1.56429
0.0204987
0.0216284
0.740777
0.0202819
0.0849196
0.0576251
0.0213762
0.0218722
0.0213384
0.0403212
1.29717
0.0232816
0.0203752
0.0585489
0.0407964
0.0196136
0.0195773
0.0222305
0.020152
0.0391134
0.0817788
0.0213964
0.0211665
0.519202
0.0219836
0.0277234
0.0206608
0.0210976
0.297968
0.0211146
0.0204268
0.0207772
0.0217469
0.0204709
0.0215756
0.0217535
0.0234776
0.0481627
0.0370858
0.0210366
0.0237058
0.0212576
0.0237327
0.023483
0.0203177
0.296236
0.0211384
0.0478593
0.0213134
0.0254162
0.0197317
0.0196914
0.0286112
1.28542
0.0223261
0.0203541
0.0200406
0.0260053
0.0213961
0.195083
0.199785
0.0211821
0.310592
0.0213821
0.0371813
0.0216488
0.0196585
0.0222071
0.0209299
0.0350638
0.0213726
0.0217521
0.024535
0.0211098
0.0214263
0.0214038
0.388462
0.0225666
0.0227137
0.0215499
0.0222735
0.0220133
0.0249951
0.0212504
0.605134
0.0203951
0.0910939
0.439465
0.0221638
0.0220622
0.0203763
0.0267766
0.023925
0.0215418
0.0766604
0.0217951
0.0203585
0.0240939
0.0219135
0.0215542
0.0223401
0.0397231
0.0210923
0.0251371
0.022347
0.0209958
0.221614
1.52839
0.222442
0.0199285
0.263072
0.0221206
0.49701
0.052998
0.0201171
0.0228535
0.0524796
0.0219038
0.0261594
0.0553316
0.0207532
0.0221224
0.0215182
0.0209823
0.0211915
0.495196
0.0211999
0.0209836
0.660363
0.0220013
0.0204318
0.019915
0.0223446
0.0207663
1.15803
0.0219324
0.0213865
0.0217312
0.0222231
0.578118
0.0215794
0.0332894
0.0195901
0.0324938
0.119605
0.0886805
0.0342929
0.0223008
0.023247
1.57714
0.0216714
0.280376
0.022052
0.0201991
0.45477
0.0258672
1.49653
0.0213902
0.0415011
1.22468
0.0234538
0.0211194
0.373144
0.0246479
0.222869
0.0237335
0.0215521
0.773889
0.0212814
0.0222472
0.0215188
0.0212954
0.0205614
0.0215791
0.0233002
0.5662
0.0217205
1.04772
0.18884
1.56645
0.041072
0.218798
0.0209425
0.0215174
1.52942
0.157654
0.0206905
0.0217984
0.954634
0.0200264
1.22935
0.0211952
0.0233273
0.0200073
0.0298944
0.021193
0.0251065
0.429811
0.0203959
0.382332
0.0279147
0.0220173
0.0279572
0.0218002
0.0223697
0.0211699
1.3859
0.021355
0.0215763
0.0546755
0.0215343
0.0234469
0.0221187
0.020205
0.0266478
0.0211786
0.0215894
0.0199467
0.389562
0.0209212
0.387656
0.0215065
0.222879
0.0232289
0.0217083
0.0224658
0.0217218
0.672611
0.0214021
0.0820111
0.0203313
0.0213038
0.0222326
0.968334
0.0359802
0.119692
0.0281031
0.0235449
0.0212673
0.039955
0.026447
0.0290334
0.183763
0.321756
0.0216822
0.0245667
0.0415543
0.0213478
0.0227563
0.0213268
0.0204136
0.0219539
1.23983
0.0251216
0.752108
0.0204338
0.0272187
0.0195615
0.0215623
0.0215148
0.022442
0.0401177
0.0216203
0.0231623
0.0199999
0.0214331
0.0239533
0.166166
0.0212273
0.0212653
0.419509
0.0247608
0.0219375
0.178674
0.0625354
0.0212714
0.0216673
0.0223679
0.0239926
0.0216063
0.0225522
0.022205
0.0215346
0.0212915
0.0210566
0.222825
0.052832
0.0205924
0.699892
0.0313514
0.0203942
0.0225776
0.0224988
0.0944496
0.0216278
0.415684
0.0201567
0.0211167
0.0447904
0.0213061
0.0303719
0.466878
0.0258778
0.0203888
0.902457
0.0245191
0.0205858
0.0212644
0.0481332
0.0209119
0.0205646
0.021273
0.0209064
0.316885
0.0391841
0.0305458
0.022878
0.0212148
0.0210369
0.0214957
0.0209598
0.0212907
0.0609871
0.0956026
0.0200615
0.0239059
1.59795
0.0214178
0.0214979
0.03406
0.0208109
0.0505689
0.766286
0.0213902
0.11856
0.0196774
1.25595
0.0243259
0.686188
0.0211365
0.0210747
0.0219121
0.157929
0.0233568
0.336169
0.139934
1.82528
0.0312078
0.309387
0.0289338
0.0230441
0.0281631
0.0235446
0.30682
0.0215762
0.51243
0.0199128
0.233249
0.0220567
0.0219117
0.0210186
0.128215
0.0199551
0.0206718
0.0221893
0.0225327
0.0255835
0.0211794
0.0212698
0.0213838
0.0213557
1.34389
0.0209849
0.323724
1.14122
0.0209969
0.0218709
0.0278761
0.0217974
0.0213208
0.0218214
0.0235375
0.0243141
0.0221251
0.0225322
0.0205118
0.0228859
0.0221336
0.023815
0.0218651
0.0224655
0.173057
0.0213711
1.42949
0.0243029
0.0220949
0.0212805
0.020741
0.0236352
0.024247
0.0210953
0.0214295
0.0195307
0.021064
0.0214045
0.0211765
0.0235185
0.0198619
0.0219115
0.0218873
0.0215548
0.0233833
0.022174
0.0291874
0.0224408
0.0210291
0.0212903
0.0205608
0.0199602
0.0208673
0.0199906
0.0209642
0.0213774
0.0199428
0.0310463
0.0210276
0.0222869
0.0213569
0.493269
0.0210427
0.0199939
0.0471822
0.0196688
0.0218481
0.136318
0.0221162
0.0225837
0.0214032
0.0803543
0.0207503
0.0443791
1.8175
0.477995
0.0764886
0.0217546
0.0213652
0.334031
0.0236877
0.0199631
0.220605
0.422649
1.54037
0.021301
0.051815
0.021368
0.02135
1.22555
0.021191
0.587975
0.0235104
0.052632
0.021012
0.0231142
0.0220834
0.127938
0.158057
0.0212427
0.0229529
0.0256962
0.0209581
0.0237772
0.0444914
0.200708
0.0211069
0.0223092
0.0236319
0.478952
0.0252392
0.414816
0.19141
0.0215455
0.0287501
0.12475
0.0210437
0.0211636
0.0221449
0.0224178
0.0199372
1.22639
0.0199344
0.324683
0.022741
0.0565664
0.0471582
0.0215117
0.106514
0.576852
0.0218238
0.750079
0.0281382
0.0642895
0.0199499
0.0196541
0.323917
0.0214478
0.184405
0.0209786
0.153689
0.0205023
0.0479001
0.316259
0.0215037
1.03142
0.021435
0.0222548
0.032152
1.0665
1.0107
0.0199829
0.0205235
0.0200134
0.472311
0.778636
0.0229245
0.0251808
0.019555
0.0199806
0.0210025
0.0224306
0.580969
0.0257405
0.0215541
0.0208562
0.020824
0.0504349
1.47072
0.177731
0.0205702
0.0209331
0.556189
0.0211764
0.724538
0.0373616
0.333799
0.25283
0.164045
0.0208651
0.0215172
0.022977
0.0220591
0.0240136
0.0212216
0.0514472
0.339528
0.0204333
0.589707
0.0208148
0.610811
0.0216397
0.277514
0.0246771
0.0248328
0.0211318
0.0205585
0.0415488
0.435767
0.15015
0.0214901
0.030537
0.0214761
0.0225914
0.0233666
0.243772
0.0245641
0.0643534
0.0208558
0.0260853
0.0212151
0.0198846
0.0217435
0.0209613
1.68501
0.0211513
0.0226356
0.0225163
0.0219596
0.0199247
0.0475476
0.0213949
0.0220085
0.0208801
0.0210143
0.147029
0.0210543
0.131974
0.0204468
0.0316617
0.0208482
0.574689
0.0209145
0.0766943
0.0216563
0.0214954
0.0208906
0.103299
0.161113
0.605856
0.151358
0.636483
0.021437
0.0228717
0.160806
0.01997
0.314439
0.304808
0.0474144
0.0859409
0.0225414
0.126697
0.0245528
0.379921
0.156453
0.0224642
0.0216059
0.137974
0.417462
0.0242141
0.0235296
0.021206
0.022563
0.0314113
0.0208589
0.0199465
0.0221075
0.125777
0.0320604
0.0233482
0.479117
0.0209092
0.0200056
0.239984
1.34009
0.0323377
0.0220853
0.107433
0.0205602
0.0199543
0.425417
0.0199283
0.0223995
0.117167
0.112804
0.0218205
0.597971
0.130199
0.0687345
0.353541
0.231693
0.0225162
0.0399505
0.0217727
0.020845
0.0213663
0.0214218
0.0219294
0.468539
0.0223836
0.426179
0.0202326
0.0370305
0.021915
0.0321986
0.0247555
0.0217466
0.037345
0.0202776
0.0199676
0.0650105
0.0231613
0.0272964
0.0217915
0.0201013
0.134907
1.21001
0.0211142
0.0195515
0.0195399
0.0206429
0.0229208
1.39581
0.0638109
0.358819
0.0299839
0.306832
0.0217306
0.0282307
0.0259382
0.0232113
0.0840915
0.0211466
0.0210242
0.682715
0.0315867
0.308858
0.0210869
0.481732
0.28074
0.0243398
0.0355717
0.023037
1.43164
0.0215135
0.024067
0.196411
0.0244125
0.0211018
0.0911942
0.0217306
0.0205281
0.0210046
0.151165
0.0218209
0.0247498
0.488123
0.0343403
0.0249242
0.0304487
0.0620162
0.0545599
0.0519304
0.0199821
0.0215238
0.0219926
0.0246057
0.0212057
0.625772
0.20432
0.0230585
0.620645
0.0871822
0.209932
0.0215509
0.16976
0.0212595
0.104041
0.0603702
0.0206809
1.04033
0.325645
0.0208627
0.0214808
0.0214109
0.184285
0.608823
0.0255806
0.046749
0.0399707
0.149828
0.275485
0.256025
0.0218122
0.0213974
0.395083
0.4561
0.0211113
0.0213939
0.01999
0.0218227
0.0216217
0.0239815
1.34473
0.0213285
0.0246083
0.386579
0.0216726
0.0218805
0.0242576
0.623431
0.0215319
0.0249173
0.0495375
0.0218209
0.0200753
0.021883
0.020918
0.0224779
0.323183
0.0668122
0.0218482
0.0478652
0.0256559
0.158317
0.0213579
0.0236013
0.0222995
0.0218208
0.141737
0.0223906
0.0222522
0.0255866
0.0224758
0.0204782
0.0245036
0.0212293
0.0791103
0.0215019
0.0210548
0.641209
0.0211159
0.237743
0.0271482
0.0209761
0.583474
0.0242519
0.029199
0.472022
0.020264
0.596605
0.0209897
0.0213857
0.87975
0.450859
0.0202845
0.0214899
0.0207384
0.0216497
0.067728
0.0222339
0.0217526
0.0220836
0.0224069
0.0219486
0.0213466
0.0202312
0.0209682
0.021191
0.0133344
0.0240503
0.0200014
0.0356301
0.0225116
0.484624
0.0929905
0.0302611
0.0214745
0.0212491
0.0603642
0.0233672
0.0214219
0.0217672
0.295069
0.108381
0.0213679
0.0198279
0.0558661
0.0453576
0.0196231
0.380192
0.0341719
0.0215356
0.0218451
0.0441706
0.0216017
0.0287362
0.177241
0.0221049
0.0582951
0.0616893
0.0266312
0.0198292
0.0213575
0.0198452
0.0198294
0.109249
0.0211136
0.0486776
0.0444762
0.0198352
0.0218869
0.0312629
0.0215218
0.0216497
0.021391
0.0227421
0.42076
0.0198402
0.0215006
0.318626
0.0227979
0.0216027
0.0253554
0.0211318
0.0216253
0.0212049
0.0214956
0.0215388
0.0217873
0.0786528
0.0473878
0.0198403
0.0214268
0.0198393
0.0735725
0.0210244
0.0242777
0.0213077
0.0202691
0.0252445
0.0204208
0.0273609
0.0214082
0.0204363
0.23244
0.470231
0.0217754
0.0216336
0.0209673
0.359024
0.0745042
0.0213932
0.391015
0.236999
0.0215764
0.0416687
0.312691
0.0234539
0.303139
0.0427017
0.571169
0.0212111
0.0309147
0.0785643
0.0203793
0.232387
0.370469
0.0213901
0.608363
1.28703
0.0239576
0.286887
0.0198355
0.025442
0.0400545
0.0212494
0.140892
0.0198382
0.036198
0.0541204
0.0198321
0.0464322
0.0219228
0.0219711
0.0298199
0.0232408
0.193785
0.636347
0.0201335
0.0234748
0.270018
0.0207398
0.0239202
0.0208232
0.312953
0.18421
0.0216582
0.0216906
0.0241466
0.235796
0.318289
0.0269001
0.0198423
0.0209045
0.401641
0.607355
0.35602
0.0228078
0.0229899
0.0246739
0.0200768
0.0223532
0.0245243
0.0232267
0.0209011
0.0243956
0.369388
0.392762
0.0209805
0.144052
0.024063
0.291417
0.476294
0.0420069
0.188248
0.346974
0.0198463
0.0972504
0.103855
0.0720131
0.231252
0.0213058
0.104551
0.20024
0.0381493
0.0245178
0.230252
0.254757
0.0210985
0.0243126
0.0237166
0.0212282
0.0598807
0.0212919
0.0219622
0.020668
0.0198477
0.0218633
0.0213684
0.0227004
0.0244852
0.342205
0.0244658
0.179875
0.0208346
0.0252004
0.0215568
0.265541
0.589883
0.0212012
0.0400855
0.0221068
0.020241
0.0213007
0.0202377
0.0210993
0.0787803
0.0216007
0.0484901
0.0216288
0.0209557
0.376132
0.0225095
0.0217878
0.0211391
0.0213203
0.413649
0.0596786
0.473471
0.155963
0.624481
0.0215231
0.0217276
0.0217879
0.0234926
0.0425985
0.0688454
0.665638
0.0209826
0.0380087
0.0220585
0.0587423
0.322977
0.0239342
0.49966
1.5971
0.0226569
0.0363453
0.0209149
0.0399776
0.0235417
0.0750416
0.0384068
0.0198499
1.00344
0.0508066
0.0216488
0.0225885
0.0218509
0.154308
0.021982
0.0217053
0.374239
0.0208189
1.09504
0.0271825
0.0238963
0.0220421
0.0217723
0.0275982
0.0211614
0.0931547
0.0237186
0.0213172
0.0207493
0.0457577
0.0226198
0.524807
0.0230831
0.0245182
0.024345
0.0584143
0.0227319
0.0213555
0.222697
0.0216756
0.0204211
0.10675
0.22369
0.0244536
0.0205529
0.0227721
1.23945
0.0529101
0.0211631
0.0260857
0.0206918
0.0836208
0.0481948
0.0218888
0.0211358
0.0743343
0.0209724
0.0207575
0.0213764
0.069406
0.911493
0.0232282
0.0242605
0.0217588
0.0219751
0.291191
0.031475
0.0213235
0.0217015
0.0210595
0.101914
1.31333
1.08028
0.021239
0.112424
0.0202464
0.0202148
0.02322
0.0219302
0.0364298
0.0213574
0.0528569
0.215139
0.82171
0.0235024
0.0215075
0.0215395
0.0348844
0.0206518
0.0213512
0.0326891
0.0215036
0.0212794
0.0222341
0.0242736
0.0200228
0.40212
0.0375797
0.0240417
0.0230712
0.0294104
0.0228884
1.64757
0.0213738
0.0212671
0.0214936
0.0210736
0.0214738
0.0209012
0.108246
0.0772193
0.0215784
0.0221142
0.0213181
0.0239768
0.0229978
0.0507308
0.022014
0.220479
0.0213103
0.0218439
0.021567
0.0661834
0.0214968
0.246656
0.0214943
0.0215275
0.019552
0.282838
0.022866
0.0775646
0.334408
0.0219633
0.0214885
0.0211497
0.0214114
0.0225317
0.022056
0.0240605
0.47282
0.0215795
0.0390885
0.0473984
0.023092
0.0850297
0.0215649
0.0230845
0.0209984
0.0203657
0.0202564
0.0213606
0.222651
0.0724784
0.0208411
0.31409
0.052527
0.0212576
0.545571
0.0203423
0.0325548
0.0222051
0.0210357
0.359127
0.021498
0.022607
0.0238463
0.0519468
0.0651922
0.0219571
0.0209854
0.0224733
0.643485
0.606989
0.0338896
0.0255744
0.0214663
0.0214159
0.181367
0.0218629
0.0273987
0.0316598
0.289186
0.0214802
0.032676
0.0215304
0.0218081
0.031788
0.0286187
0.0304715
0.0220429
0.0218524
0.0248522
0.299443
0.0465174
0.0204137
0.0242344
0.0776075
0.0230888
0.0362171
0.0216246
0.0217329
0.0213482
0.040028
0.579706
0.0459556
0.0214948
0.563725
0.0240278
0.0254231
0.0215143
0.0213495
0.0213675
0.0199287
0.0510477
0.0244303
0.0223038
0.0220149
0.0213633
0.0214683
0.141717
0.0214171
0.0214011
0.0217677
0.397337
0.0642655
0.0214541
0.0212377
0.0214872
0.225495
0.0220805
0.0957007
0.0214855
0.0498483
0.0214601
0.0217652
0.0432624
0.0216925
0.0298048
0.0217063
0.0214628
0.0203553
0.0225623
0.13161
0.0219195
0.0219477
0.1323
0.0216194
0.0224074
0.0219935
0.0216379
0.0213529
0.0219626
0.0518182
0.0207697
0.0208291
0.0209551
0.354708
0.0236702
0.391584
0.0215268
0.0217751
0.022849
0.267642
0.268511
0.0248949
0.0306492
0.266768
0.0215243
0.363947
0.0223175
0.0962816
0.0209826
0.115616
0.281468
0.0195635
0.0234453
0.0232011
0.0224082
0.0199256
0.0229132
0.0209023
0.272382
0.021676
0.0213993
0.0217841
0.0199414
0.0218086
0.099896
0.0213577
0.0211469
0.02115
0.0216836
0.0213803
0.439301
0.358586
0.0453513
0.0215235
0.0203926
0.0233058
0.0214882
0.0213363
0.0896859
0.0360813
0.0228635
0.0213249
0.600346
0.0225898
0.591758
0.28474
0.0227922
0.0203187
0.021289
0.0316334
0.391334
0.0217083
0.0212319
0.0456995
0.104158
0.0398443
0.547264
0.0213147
0.0240021
0.0237348
0.0199206
0.0217416
0.350596
0.472408
1.21649
0.0212768
0.557995
0.0217344
0.0215307
0.0245122
0.0218908
0.0245095
0.0328166
0.0212493
0.021487
0.0213541
0.0208902
0.0199752
0.0212042
0.0244274
0.225403
0.0279342
0.0195543
0.0200036
0.0212759
0.0218162
0.0213472
0.0841293
0.0219327
0.0219771
0.0219052
0.267911
0.0212578
0.0230666
0.0597178
0.0213098
0.021293
0.805654
0.0213118
0.0213672
0.0212303
0.176291
0.0280401
0.0360952
0.0217853
0.99572
0.0203282
0.0201948
0.0204268
0.0212691
0.0370246
0.0212759
0.0216531
0.038327
0.0213685
0.382303
0.0249757
0.0276748
0.0217364
0.298882
0.0292089
0.0214981
0.0211393
0.0220218
0.0215616
0.021339
0.369739
0.0209757
0.0465506
0.0211833
0.0218974
1.50067
0.0210925
1.12208
0.0692142
0.0213154
0.0565243
0.0211657
0.0219113
0.0212575
0.0217699
0.0207478
0.0213497
0.0213437
0.0214509
0.0987386
0.0215085
0.020971
0.0218056
0.0208071
0.0212192
0.0212216
0.0214254
0.0205428
0.0213118
0.0213045
0.0213788
0.0212713
0.0219178
0.884714
0.0213873
0.0219696
0.0427687
0.204233
0.0200863
0.0244931
0.020991
0.0217575
0.0213021
0.0216135
0.689865
0.192675
0.0211198
0.0228787
0.166867
0.021605
0.0302184
0.529892
0.0199492
0.78558
0.0214871
0.0566584
0.0238321
0.205476
1.3817
0.471749
0.0210018
0.0211251
0.0200325
0.0243346
0.0561259
0.0226172
0.0571466
0.200926
0.0213866
0.246225
0.0428027
0.0209403
0.0204066
0.031811
0.030419
0.0213278
0.0210466
0.0201439
0.0242362
0.024119
0.0246196
0.0239984
0.024408
0.475271
0.0211124
0.0213279
0.0211692
0.187123
0.0244614
0.0245364
0.139941
0.118968
0.0335014
0.0210687
0.0243185
0.021237
0.0313433
0.0213597
0.022061
0.0431913
0.0249634
0.048414
0.0198568
0.27541
0.034988
0.0743195
0.14309
0.53866
0.0211406
0.0213483
0.0213385
0.0552691
0.0214177
0.0208902
0.0213418
0.0288207
1.14694
0.222104
0.0241657
0.0255161
0.0454394
0.0346094
0.269464
0.0426866
0.0404826
0.0342577
0.0611125
0.216396
0.0211198
0.0211329
0.0211664
0.0485931
0.0267089
0.040527
0.020857
0.0212564
0.0213261
0.168019
0.0211904
0.0212735
0.0210801
0.0321394
0.0209602
0.0211726
0.0203322
0.0255271
1.2987
0.0282094
0.0239096
0.0215091
0.535691
0.0276007
0.0199421
0.0213296
0.0308112
0.199516
0.0216039
0.0216863
0.164577
0.0212233
0.0210202
0.0209769
0.0216218
0.0383294
0.0210127
0.0215511
0.0211319
0.0216984
0.0212952
0.0211664
0.0210673
0.0212771
0.0214507
0.0397859
0.021249
0.0207008
0.0419437
0.0504424
0.0338413
0.0550933
0.0209947
0.227099
0.021291
0.0330103
0.0211016
0.0516831
0.0211777
0.021238
0.0201741
0.0497368
0.024528
0.0212154
0.889122
0.0212871
0.0201772
0.0213047
0.0220551
0.0260373
0.0209697
0.633865
0.0214613
0.0396469
0.0396957
0.0214963
0.0302776
0.021012
0.0206945
0.0211987
1.16291
0.0259636
0.021657
0.0387113
0.493641
0.0252252
0.0400426
0.0246217
0.021335
0.0198088
0.170641
0.0508801
0.0209893
0.034974
0.0209124
0.0210399
0.469247
0.02054
0.021324
0.139329
0.0388569
0.674516
0.0214004
0.0210542
0.0294852
0.0209508
0.0200871
0.532189
0.0212902
0.0256056
1.01384
0.783135
0.0213354
0.0223344
0.0211391
0.0198741
0.0248617
0.0215833
0.0214085
0.0331331
0.0207193
0.0241889
0.0214561
0.0225327
0.0238052
0.581828
0.0243313
0.0219001
0.140226
0.116548
0.0213412
0.0480652
0.0217967
0.021315
0.0214838
0.020993
0.0240704
0.075825
0.0421931
0.0212417
0.0241959
0.022039
0.0197647
0.0210644
0.0214153
0.0250073
0.0208208
0.0212236
0.0222092
0.0216254
0.616132
0.0213718
0.0224079
0.0450204
0.0226569
0.0202382
0.217875
0.438993
0.582811
1.38659
0.0556549
0.0206053
0.022168
0.455282
0.496035
0.0952023
0.265121
0.209515
0.0214808
0.288647
0.673635
0.0215702
0.0423531
0.0219144
0.672457
0.0685488
1.18243
0.0220319
0.0210214
0.049585
0.0213796
0.0215393
0.144503
0.373042
0.0213459
0.0214201
0.0211606
1.17046
0.021135
0.021096
0.0212381
0.0210129
0.0210328
0.0316341
0.0218074
0.0209702
0.0215538
0.0299652
0.408564
0.653747
0.0213375
0.0211957
0.022705
0.0213138
0.0210069
0.0211326
1.54572
0.0212992
0.032653
0.0211477
0.0217039
0.0203098
0.0213681
0.375561
0.170117
0.0205689
0.0220301
0.221819
0.553277
0.196697
0.685611
0.0214105
0.0300267
0.0211289
0.0197535
0.02115
0.0201992
0.0210866
0.0212537
0.0216584
0.107437
0.0199331
0.207453
0.664711
0.0198843
0.0896324
0.0425262
0.0219243
0.0211426
0.0212112
0.0213806
0.0210574
0.121207
0.0198223
0.0211075
0.476734
0.0211233
0.0213034
0.0209901
0.0482866
0.021382
0.0213694
0.620578
0.0207063
0.0206393
0.0211332
0.0284458
0.0212595
0.0196276
0.0211175
0.0199431
0.559239
0.250572
0.0210532
0.128836
0.0197929
0.0212876
0.0225203
0.284493
0.117483
0.0200217
0.0241285
0.0213246
0.0211743
0.0211523
0.0211126
0.170994
0.12433
0.0213705
0.0218757
0.0276195
0.0209671
0.0210973
0.0244117
0.0269257
0.605687
0.0213802
0.0238522
0.19867
0.0211491
0.0239933
0.0558594
1.39169
0.0206069
0.0209545
0.0213583
0.0211858
0.0209822
0.271417
0.0210788
0.26487
0.00878853
0.0218297
0.0240175
0.226487
0.0202723
0.399699
0.355591
0.125697
0.0255491
0.0211942
0.0224339
0.0907449
0.0208239
0.0222157
0.0209633
0.0200342
0.0200847
0.0201571
0.0211533
0.332623
0.0217113
0.467344
0.0731242
0.0651745
0.440522
0.0197795
0.021378
0.0225005
0.0120716
0.0211798
0.0576168
0.0327814
0.0200199
0.0209359
0.266375
0.0209285
0.0279255
0.196953
0.0210665
0.238814
0.0218404
0.0403036
0.13355
0.021389
0.0206364
0.0376875
0.0692072
0.0212941
0.0226206
0.0201882
0.0216937
0.02087
0.376798
0.0210072
0.0200192
0.0405635
0.0201397
0.250244
0.0214079
0.0211807
0.0211808
0.357034
0.0209766
0.0208935
0.745827
0.113356
0.0387459
0.0214621
0.0201611
0.0328294
0.0616409
0.375217
0.130635
0.0237907
0.0241953
0.0216388
0.0212818
0.0245439
0.0217717
0.0211263
0.0203804
0.0996336
0.0245096
0.0209262
0.0196245
0.021582
0.0206196
0.021456
0.0276252
0.466472
0.0667011
0.0270033
0.0570055
0.387328
0.0206998
0.0209478
0.0220116
0.0323034
0.0201768
0.0215777
0.0209121
0.0210044
0.0211605
0.0446021
0.0213637
0.545631
0.0212671
0.0208703
0.358139
0.0351798
0.0215651
0.0208845
0.0208513
0.614063
0.0489543
0.021536
0.0202513
0.0230713
0.0209381
0.0212422
0.0210252
0.0925053
0.0210016
0.0208477
0.0394435
0.0204885
0.0585371
0.0240149
0.0210478
0.0213267
0.0622472
0.518667
0.350712
0.159236
0.0238037
0.0223059
0.0216738
0.021246
0.0295603
0.0208361
0.0269313
0.747922
0.0227755
0.0382372
0.188964
0.0208594
0.40599
0.0268003
0.942701
0.0236926
0.0207918
0.0208105
0.0217499
0.0210939
0.440619
0.393173
0.273199
0.0212571
0.0209093
0.0208564
0.372956
0.026516
0.362282
0.0208789
0.021316
0.29651
0.0210387
0.167597
0.48516
0.0208743
0.0215014
0.01974
0.0212633
0.164249
1.49485
0.0208586
0.0210759
0.0207337
0.228035
0.0211581
0.0232562
0.119683
0.0360926
1.57581
0.100485
0.578299
0.0212474
0.025975
0.0215437
0.0211123
0.0226258
0.0511864
0.0204723
0.0211577
0.424296
0.0213698
0.0201882
0.11451
0.019905
0.021082
0.467051
0.0388795
0.0200361
0.0202255
0.0403065
0.348359
0.0399315
0.64754
0.0214731
0.611164
0.0209804
0.0236026
0.141284
1.12065
0.134316
0.0256991
0.581932
0.0792432
0.179689
0.0206503
0.0210166
0.020313
0.0213094
0.188084
0.0207756
0.0439582
0.0200531
0.0221313
0.0214772
0.3258
0.0213214
0.2134
0.0251533
0.0268866
0.0285608
0.0223073
0.0366885
0.0197256
0.0356184
0.0212844
0.0366671
0.021623
0.0408908
0.104258
0.0310589
0.37048
0.0207972
0.111098
0.023927
0.0297505
0.0213979
0.0651663
0.0218053
0.0208887
0.0212091
0.15856
0.0214969
0.0308527
0.377727
0.026575
0.123969
0.0208383
0.0200204
0.0731845
0.0377276
0.11434
0.617572
0.0208698
0.0507843
0.318828
0.0420367
0.0207215
0.473252
0.17006
0.0207802
0.0227652
0.0197921
0.334185
0.374482
0.279964
0.462218
0.0208038
0.0206952
0.0217008
0.0201986
0.0232019
0.0241526
0.0219676
0.0203911
0.624129
0.0225991
0.0213086
0.0218945
0.349727
0.141173
0.0209474
0.0261686
0.0251193
0.742993
0.0207968
0.0818799
0.0213034
0.0322183
0.639171
0.0219931
0.36173
0.0204031
0.0198492
0.0208175
0.020834
0.0207135
0.0208495
0.019772
0.558554
0.0239381
0.0210121
0.487303
0.0208765
0.0214545
0.0206801
0.541861
0.0214356
0.0228871
0.414402
0.196209
0.0209048
0.0197817
0.563517
0.021273
0.431126
0.820058
0.0214447
0.0216609
0.031299
0.0543577
0.597316
0.0202531
0.020669
0.0225745
0.0324422
0.0227674
0.563635
0.257972
0.0227695
0.0217011
0.0271191
0.0220091
0.158949
0.624586
0.020583
0.474218
0.199814
0.0212813
0.0209237
0.0208882
0.0208656
0.0206708
0.0210182
0.0207535
0.0228177
0.102161
0.0235628
0.0217868
0.0228983
0.023995
0.0206342
0.0207251
0.0977264
0.0229737
0.0252045
0.0206059
0.0219957
0.0205749
0.0199886
0.210159
0.0213405
0.0210644
0.43973
0.603594
0.0980555
0.0208813
1.19074
0.0214955
0.765951
0.569433
0.0222353
0.612025
0.0207068
0.0202974
0.544858
0.0208404
0.0439774
0.924123
0.362797
0.0240594
0.0791218
0.0215705
0.0208427
0.0219792
0.0206807
0.183173
0.21474
0.0208674
0.284954
0.572772
0.0197343
0.020707
0.136092
0.0383616
0.0447714
0.0273042
0.208347
0.442982
0.0212845
0.3436
0.335904
0.0666841
0.607291
0.0188519
0.365674
0.0197661
0.0389593
0.0353818
0.0198191
0.371793
0.123825
0.0457407
0.0196396
0.130865
0.020394
0.0206955
1.67003
0.306983
0.0206988
0.022065
0.138162
0.0197841
0.0239889
0.0208017
0.324112
0.15608
0.0220395
0.0214776
0.248338
0.1398
0.409972
0.0328561
0.0210312
0.28534
0.0210275
0.279657
0.0262962
0.0201248
0.168102
0.0214792
0.0422265
0.0213629
1.60001
0.0211326
0.021683
0.020239
0.0213929
0.0205062
0.0218438
0.143411
0.63962
0.0206229
1.53763
0.381515
0.0203143
0.0205805
0.444748
0.0685648
0.152466
0.379999
0.419555
0.0205886
0.0212592
0.277676
0.0260479
0.344705
0.0294422
0.020645
0.0212736
0.0212064
0.0198036
0.0206477
0.033679
0.0206161
0.125314
0.0209
0.0213541
0.0521502
0.0197706
0.0343343
0.427016
0.0208686
0.0207852
0.0209578
0.0285641
0.0196392
0.0202244
0.0354865
0.365655
0.0311139
0.0216448
0.0308426
0.0205506
0.0215711
0.0212478
0.428466
0.0197914
0.219526
0.0194651
0.0321311
0.0308343
0.0731423
0.0210258
0.0255351
0.0196467
0.0196435
0.0260509
0.0208142
0.458353
0.215705
0.0245683
0.25231
0.0304592
0.148938
0.0334678
0.020034
0.204924
0.022933
0.35501
0.021325
0.0204584
0.020139
0.0308577
0.0999985
0.280257
0.326635
0.0209679
0.16763
0.0206099
0.35299
0.0405199
0.0204804
0.0231619
0.0214221
0.361452
0.125192
0.0216311
0.0196316
0.347472
0.024095
0.0409891
0.0214706
0.0214772
0.446707
0.200114
0.0205479
0.0277605
0.0207322
0.0237744
0.0217952
0.350573
0.0207105
0.022373
0.0350715
0.0213382
0.0208449
0.167375
0.336889
0.0214632
0.0213596
0.0216506
0.0206139
0.0205131
0.348553
0.32992
0.0208893
0.0270783
0.0208257
0.0213606
0.0213488
0.0211484
0.41169
0.341603
0.122485
0.370597
0.0207564
0.027376
0.0208385
0.0221058
0.552323
0.0218587
0.0571649
0.020735
0.209969
0.0214945
0.350779
0.349648
0.0203905
0.0208322
0.0485245
0.0334956
1.15215
0.201162
0.0379764
0.429074
0.0242061
0.0211871
0.225503
0.0207631
0.221283
0.0199319
0.0366892
0.0283186
0.0208321
0.0217137
0.0208673
0.0382104
0.294278
0.0216046
0.118065
0.0229807
0.0403843
0.0204813
0.0235563
0.357517
0.0204431
0.0322763
0.146625
0.0202138
0.40014
0.0192196
0.563106
0.0204674
0.431746
0.021001
0.0202762
0.32736
0.020464
0.450336
0.0199718
0.0208133
0.0205226
0.023757
0.353752
0.0207485
0.222669
0.0197518
0.0260827
0.0635843
0.0213496
0.342013
0.311392
0.0334437
0.0845915
0.0218283
0.0205528
0.10735
0.0204879
0.0203617
0.020907
1.76885
0.132282
0.598952
1.21896
0.0201236
0.0210409
0.0207536
0.474133
0.0206824
0.621577
0.114861
0.0212364
0.367563
0.580885
0.0558993
0.0203817
0.0203111
0.0277021
0.0213288
0.0527471
0.479697
0.0203202
0.0241187
0.0207092
0.328729
0.341124
0.0211678
0.111457
0.0209789
0.0214313
0.0197701
0.0202821
0.0724654
0.345667
0.02044
0.0135695
0.382722
0.0198017
0.331162
0.0206491
0.0208863
0.0289634
0.0202893
0.187371
0.019814
0.0849854
0.552129
0.0197654
0.0201037
0.0208163
1.67504
0.0258471
0.218388
0.268218
0.0217125
0.0236185
0.352144
0.0205107
0.559819
0.121518
0.0206568
0.223254
0.411015
0.355759
0.207151
0.348597
0.0203681
0.344466
0.0136768
0.224577
0.222645
0.0204783
0.0203392
0.0207417
0.111048
0.0203101
0.0201714
0.340787
0.0583461
0.0213081
0.0203486
0.0208422
0.0202855
0.020501
0.0394677
0.0208215
0.0367622
0.246003
0.0192342
0.0239995
0.0206378
0.0203903
0.346228
0.210179
0.705315
0.454876
0.0205161
0.020677
0.0348322
1.29807
0.112128
0.0204079
0.61497
0.384903
0.0199165
0.0344192
0.0637987
0.0201571
0.0209264
0.021196
0.0215126
0.0201052
0.339145
0.0934096
0.0210127
0.277609
0.0213902
0.0349962
0.020903
0.0213334
0.0377723
0.0136516
0.0253301
0.0203251
0.0198143
0.0202966
0.0203
0.313756
0.0479851
0.379951
0.060905
0.231043
0.0228163
0.0203235
0.0562819
0.226614
0.0212657
0.260517
0.0221317
0.019765
0.152991
0.399318
0.0236302
0.0604409
0.01427
0.0641063
0.0956834
0.0202725
0.0239009
0.0207083
0.212435
0.0207098
0.362618
0.347788
0.0655269
0.348576
0.0361626
0.125985
0.309744
0.0209738
0.0203959
0.02105
0.0206546
0.121726
0.0206417
0.0206665
0.0246384
0.0217714
0.0202231
0.337003
0.0875018
0.0970702
0.0202645
0.676962
0.21847
0.212228
0.0214168
0.0204364
0.0235562
0.0201872
0.349597
0.026747
0.020287
0.0486543
0.0205938
0.450048
0.0452
0.0206265
0.599944
0.0695341
0.0203449
0.114709
0.404941
0.0215145
0.0211925
0.340283
0.344538
0.0196443
0.0205111
0.303684
0.047961
0.0212246
0.333984
0.0210893
0.0203883
0.0205292
0.0203333
0.0568128
0.0202037
0.0203639
0.153825
0.0897738
0.0204953
0.0208948
0.0421084
0.24685
0.0220798
0.171194
0.0203784
0.578769
0.174364
0.0215486
0.0202245
0.381694
0.0877548
0.0235614
0.0201237
0.391812
0.026837
0.0202423
0.264796
0.0209139
0.128619
0.0204732
0.377916
0.2104
0.348879
0.356361
0.020414
0.31394
0.021204
0.0750893
0.215585
0.0201704
0.0295929
0.0199798
0.398909
0.0206931
0.0203375
0.0199576
0.0204531
0.0202909
0.0201251
0.0399266
0.0214533
0.0649205
0.0231314
0.0197366
0.0238271
0.375667
0.0205657
0.147771
0.0202652
0.0211117
0.0897575
0.0207772
0.310363
0.0237782
0.0343089
0.0200886
0.0201588
0.0225463
0.0215016
0.0202541
0.0245636
0.0227557
0.223989
0.02023
0.023487
0.0205443
0.292671
0.302424
0.0229158
0.021869
0.0214779
0.0373608
0.0265468
0.0204072
0.216809
0.0207231
0.0199199
0.225649
0.240566
0.0335557
0.139491
0.0238978
0.246478
0.0402425
0.0215839
0.233207
0.107239
0.0204156
0.271063
0.360611
0.0213393
0.0202133
0.0679391
0.356643
0.240449
0.285868
0.202408
0.0241168
0.0202786
0.279273
0.244122
0.020947
0.0198109
0.0208363
0.0230461
0.0202194
0.0201244
0.175091
0.0500989
0.0200682
0.270961
0.396277
0.0287666
0.34967
0.0201387
0.0201703
0.220727
0.106283
0.0316716
0.0237274
0.258784
0.0200559
0.187415
0.230945
0.0268517
0.020606
0.0222875
0.0203227
0.156031
0.0204933
0.0201092
0.227737
0.0342208
0.0204947
0.276965
0.225777
0.0275275
0.117543
0.201052
0.0204826
0.0202929
0.0217455
0.0301467
0.0210814
0.365823
0.0213258
0.0202192
0.135024
0.0200702
0.21494
0.1117
0.020061
0.141373
0.120627
0.42915
0.0209954
0.0201607
0.0200909
0.392417
0.0203322
0.201288
0.0705657
0.118129
0.0869511
0.035015
0.0219966
0.0210737
0.02469
0.183204
0.0206899
0.162288
0.223541
0.222788
0.019821
0.112617
0.0316686
0.368395
0.623107
0.0201035
0.0204818
0.376969
0.0214663
0.0200746
0.112674
0.0210083
0.0212603
0.573928
0.407818
0.0200959
0.0203934
0.121078
0.125006
0.220043
0.344072
0.0197352
0.0221331
0.0202448
0.0199593
0.125762
0.0202174
0.0202212
0.0198284
0.227488
0.0197142
0.0198191
0.135411
0.0201898
0.0228057
0.020558
0.0229877
0.020287
0.14173
0.1099
0.0202514
0.0202496
0.0204915
0.019877
0.0199908
0.0201448
0.0203471
0.0205292
0.0198559
0.0203992
0.168561
0.0201897
0.0212241
0.0218041
0.0197061
0.128096
0.0197364
0.0201969
0.0225709
0.283964
0.022241
0.20407
0.0224498
0.0198159
0.0202677
0.230944
0.0203709
0.161207
0.0218977
0.0363548
0.021984
0.0199609
0.242243
0.0372482
0.204899
0.288444
0.220271
0.0199891
0.0197176
0.0319701
0.0212139
0.11715
0.301068
0.0215506
0.02112
0.0199607
0.232005
0.0199316
0.0197679
0.0206538
0.099074
1.38265
0.206199
0.0201374
0.021194
0.0208661
0.202245
0.0292942
0.0222712
0.0234067
0.0364864
0.0250687
0.0496415
0.0304068
0.181371
0.323591
0.0204415
0.0202076
0.0254547
0.070239
0.0199856
0.0199087
0.0225847
0.0354465
0.393598
0.0201046
0.021295
0.0203475
0.0223344
0.0199749
0.0222405
0.373958
0.257007
0.0202289
0.0220558
0.0209375
0.0213191
0.0205514
0.0202963
0.226121
0.025345
0.0197171
0.224955
0.0221347
0.308642
0.0234102
0.0286259
0.223726
0.0210126
0.216153
0.0204947
0.0198102
0.377924
0.25327
0.0839059
0.0236617
0.0206931
0.0202886
0.0226901
0.217647
0.0202124
0.0331965
0.068992
0.0201294
0.622102
0.019906
0.0199152
0.0206334
0.0201869
0.345472
0.0215261
0.0202078
0.021936
0.0323809
0.241688
0.0199299
0.021044
0.0204273
0.341617
0.2991
0.0203563
0.0199985
0.0202956
0.351499
0.0521916
0.378543
0.0200604
0.0224111
0.391464
0.020948
0.0197718
0.39833
0.0301898
0.0203903
0.231808
0.0199998
0.140603
0.441447
0.144304
0.189872
0.0203719
0.0202347
0.0200347
0.0199439
0.021956
0.0196961
0.0203349
0.0198018
0.0258486
0.224395
0.0238429
0.0211378
0.0201896
0.0211053
0.0384932
0.0991244
0.0199435
0.0210787
0.0200149
0.0210037
0.0280715
0.0200746
0.0202378
0.0263524
0.112469
0.215656
0.0199734
0.110885
0.0981541
0.0199728
0.0217736
0.019906
0.227282
0.0199047
0.226037
0.0512867
0.197272
0.198956
0.325029
0.0227723
0.113368
0.0200262
0.116618
0.0358132
0.224857
0.0414144
0.0221526
0.237003
0.0201421
0.0260124
0.331919
1.24756
0.0213664
0.223695
0.024878
0.021457
0.0201159
0.141451
0.0198722
0.0202755
0.0375172
0.0851106
0.172474
0.0203597
0.12675
0.0200383
0.0217399
0.023651
0.0348456
0.0196213
0.0200983
0.148821
0.0208881
0.0710778
0.0255293
0.0198898
0.156405
0.021257
0.697532
0.196197
0.0206945
0.0214268
0.622303
0.0229866
0.0902553
0.184919
0.0227624
0.0197243
0.505542
0.224394
1.26585
0.0203439
0.322848
0.0252616
0.0216028
0.0209968
0.0201726
0.0235477
0.0198156
0.0199174
0.020983
0.0203551
0.0269329
0.0203033
0.0211597
0.0218179
0.0201153
0.0201076
0.019794
0.0204183
0.0916654
0.0208877
0.16594
0.110936
1.36617
0.0346188
0.296279
0.0287769
0.020764
0.0197979
0.0203338
0.270884
0.0211484
0.240368
0.0758734
0.0220919
0.0231553
0.0232167
0.0201724
0.253569
0.0233886
0.11492
0.0225313
0.126063
0.0235949
0.025442
0.0197981
0.0213931
0.0208308
0.174975
0.0206516
0.0213935
0.0202355
0.0198031
0.292054
0.343023
0.0200684
0.0204298
0.0200124
0.0202009
0.0198082
0.138651
0.0202279
0.0197204
0.224045
0.0209967
0.0208186
0.023357
0.0199175
0.228458
0.0211527
0.0215458
0.0202549
0.0197508
0.0204949
0.0197275
0.0642859
0.253263
0.0197842
0.0376177
0.0195134
0.232841
0.0223699
0.0221726
0.256784
0.0209913
0.0221679
0.0216092
0.0200474
0.0196548
0.0196046
0.181935
0.0207985
0.0198093
0.0198462
0.0197882
0.227644
0.0202621
0.0211726
0.0208502
0.0228511
0.163945
0.0197942
0.0213574
0.157168
0.166231
0.0197784
0.262811
0.0197373
0.0214119
0.0296904
0.315468
0.259623
0.557942
0.0201171
0.0197949
0.0228851
0.190637
0.0197014
0.020061
0.0202625
0.0197619
0.0213104
0.0197531
0.0213021
0.0201493
0.0209272
0.0199998
0.0269709
0.0197662
0.0198182
0.297203
0.0202083
0.0208467
0.019768
0.0197893
0.0199212
0.0197576
0.0198973
0.254379
0.0197546
0.020547
0.0267481
0.0197065
0.20451
0.0197942
0.0196235
0.04421
0.0192502
0.0197133
0.0199021
0.0198377
0.0197944
0.527591
0.0920389
0.0201933
0.0229707
0.0233151
0.020315
0.226286
0.0215756
0.0203022
0.0198779
0.203227
0.019901
0.0209954
0.0199095
0.0203572
0.0220822
0.0203345
0.214225
0.0229395
0.0209602
0.0215495
0.0200265
0.2042
0.305543
0.0197206
0.0210167
0.23112
0.1039
0.199495
0.299687
0.0224145
0.0202456
0.378774
0.0197515
0.0212993
0.0209101
0.0269937
0.238171
0.0209376
0.0198973
0.020432
0.0201641
0.337797
0.0229693
0.0235831
0.020478
0.0206997
0.0196945
0.0227991
0.0208476
0.0200706
0.354713
0.0214838
0.0217795
0.0202087
0.0198079
0.240641
0.024391
0.0197994
0.0255382
0.0200396
0.020109
0.0214343
0.0198947
0.0209347
0.0436809
0.0198066
0.201339
0.0207922
0.0199452
0.0201906
0.15588
0.0209464
0.0205469
0.0200451
0.60795
0.0197999
0.0201746
0.197696
0.562853
0.0199236
0.243263
0.410602
0.0209107
0.0198918
0.213426
0.0201985
0.237306
0.0193006
0.0202794
0.0277204
0.0211281
0.0217062
0.0209433
0.0204731
0.020877
0.214992
0.0197503
0.224433
0.0246639
0.0213758
0.0229042
0.01989
0.0202124
0.0536588
0.0198965
0.0212653
0.0213046
0.0215278
0.0198226
0.0220297
0.0221882
0.0197901
0.021914
0.0209193
0.019766
0.0202254
0.0206013
0.136781
0.205968
0.169049
0.0202162
0.0197289
0.0197543
0.382971
0.0204725
0.177705
0.0203254
0.27626
0.224561
0.159132
0.0197411
0.462442
0.0215099
0.0608911
0.0547001
0.0200778
0.0415479
0.0233617
0.0196885
0.020741
0.0197527
0.0197075
0.0201095
0.0397127
1.11185
0.0209409
0.023605
0.0197044
0.0198096
0.0210729
0.115268
0.168917
0.120705
0.0203332
0.0197208
0.163142
0.019775
0.224175
0.0202731
0.0209705
0.0207132
0.0210455
0.0223733
0.0208642
0.019916
0.0201559
0.25789
0.247932
0.0195982
0.0211181
0.0198151
0.421886
0.0197813
0.0203393
0.0196229
0.0197445
0.0220392
0.0221993
0.0245295
0.0203088
0.178669
0.176712
0.0229206
0.0206955
0.0198557
0.0196045
0.0200387
0.0213001
0.0199467
0.0196113
0.0920019
0.022205
0.0220354
0.0196861
0.168557
0.0199019
0.0202776
0.0267839
0.0200506
0.0198902
0.0327555
0.0197772
0.0966782
0.0849021
0.0196898
0.0196331
0.0212906
0.0212338
0.0413379
0.0214452
0.0197017
0.0206291
0.020182
0.0221856
0.0220298
0.0672492
0.0197387
0.0234777
0.0218541
0.0199785
0.0208981
0.0221762
0.0201574
0.0199925
0.0201374
0.0202654
0.0220371
0.0209152
0.0531533
0.0215709
0.0198231
0.288088
0.0216677
0.0200271
0.278914
0.0197392
0.075134
0.174062
0.0208226
0.0234326
0.0206971
0.0259547
0.0221151
0.0201864
1.14382
0.0206031
0.0201407
0.0202609
0.047673
0.0257843
0.0195893
0.0203685
0.0206856
0.022029
0.0203226
0.241263
0.355887
0.0356978
0.0226376
0.0202308
0.0198056
0.0224705
0.020467
0.0232832
0.0489691
0.0203128
0.0212883
0.0207864
0.2457
0.0197299
0.0206288
0.17145
0.0222085
0.0196143
0.0208584
0.0197905
0.24342
0.0474153
0.0198307
0.019624
0.0206778
0.0197696
0.0204477
0.180141
0.019782
0.174044
0.0221508
0.0211811
0.0272002
0.0213762
0.0234239
0.0237542
0.0764322
0.0697282
0.332717
0.0253894
0.0196006
0.02019
0.0206321
0.162166
0.0196217
0.124314
0.188703
0.0228739
0.0236066
0.0225861
0.022588
1.17601
0.192882
0.0197383
0.0200877
0.0200461
0.0208433
0.0202175
0.0234048
0.022303
0.0225152
0.0225635
0.0197737
0.019693
0.125248
0.0207377
0.0198256
0.0203871
0.020012
0.0199095
0.0297891
0.0231642
0.0197944
0.0233844
0.0741292
0.0231714
0.019556
0.0195601
0.0264206
0.108078
0.0208085
0.0305196
0.0224018
0.0197595
0.212974
0.0203273
0.0193662
0.179619
0.0207703
0.019595
0.0206774
0.0196637
0.0221612
0.0202409
0.0196767
0.0229915
0.0201774
0.0196772
0.0196099
0.0215331
0.0222487
0.0195896
0.218039
0.164733
0.0196847
0.0208133
0.0198938
0.185328
0.0206312
0.0196592
0.0196892
0.218237
0.176746
0.0216782
0.0227364
0.0226385
0.0227826
0.0227695
0.0225837
0.022678
0.0227102
0.022756
0.022616
0.0225056
0.022655
0.0225633
0.0224826
0.0223047
0.0223092
0.0221216
0.0221573
0.213044
0.0222135
0.0222755
0.0224077
0.0221794
0.0222546
0.0224533
0.0222288
0.0226829
0.0224197
0.0195475
0.0195342
0.0221575
0.0221143
0.20567
0.222954
0.216551
0.0494198
0.0206963
0.0200552
0.0196104
0.0195226
0.019885
0.0222882
0.022269
0.0222515
0.0221388
0.0221728
0.0221911
0.0222472
0.0223168
0.0224085
0.0226009
0.0223743
0.0223332
0.224842
0.0223429
0.22576
0.0215599
0.022185
0.0223636
0.0222826
0.0222366
0.0222348
0.0223954
0.0222637
0.0200432
0.022292
0.0224327
0.0208303
0.0304253
0.220861
0.0204159
0.0209183
0.0252671
0.0206314
0.02088
0.0258776
0.0197468
0.0214329
0.108751
0.334168
0.0209408
0.326376
0.0199945
0.0197057
0.0213176
0.217752
0.241599
0.0200548
0.0197896
0.0197593
0.609443
0.0198861
0.0219243
0.019897
0.0203027
0.0330995
0.383553
0.09221
0.03342
0.019829
0.0207709
0.0214263
0.0199994
0.0197804
0.106676
0.274238
0.0219113
0.0198907
0.0196419
0.214381
0.0197359
0.0198188
0.0200478
0.0315705
0.192047
0.018181
0.0202478
0.0412291
0.0207005
0.0326708
0.344249
0.019917
0.0346943
0.0198966
0.373557
0.0223723
0.0754126
0.0757643
0.019604
0.0199883
0.0455374
0.0197249
0.14997
0.218214
0.0200294
0.721976
0.0216347
0.0204655
0.0198838
0.0205435
0.020295
0.0198696
0.0198216
0.0198472
0.0199794
0.0202202
0.22412
0.0258705
0.38108
0.207932
0.0200651
0.0196673
0.00884853
0.0201856
0.0198412
0.0197889
0.0205996
0.0200238
0.0209119
0.0197568
0.0207102
0.0198964
0.0220561
0.0198107
0.020837
0.0199344
0.129307
0.0212724
0.0271918
0.0197454
0.0222906
0.0203432
0.0200828
0.0208468
0.0639059
0.0216309
0.0213149
0.0201047
0.0196081
0.0195939
0.0195847
0.0220159
0.17364
0.0202292
0.0197156
0.0199108
0.0208026
0.0960576
0.020844
0.0198817
0.328036
0.0201375
0.0212826
0.0444934
0.0208966
0.0233255
0.0241838
0.0198439
0.0201874
0.345272
0.0204159
0.0234367
0.0199021
0.0198791
0.231011
0.237242
0.019998
0.0197139
0.019658
0.0201989
0.0197641
0.0197553
0.0207303
0.0196846
0.0205241
0.0208764
0.330573
0.03233
0.0201402
0.0196754
0.329985
0.0197064
0.0200077
0.0217957
0.0195875
0.22506
0.0201789
0.0198989
0.028993
0.0214505
0.0211445
0.0198463
0.019657
0.402345
0.0198228
0.0204356
0.0201628
0.0195874
0.0204802
0.0213298
0.0203671
0.0197185
0.0223961
0.0207198
0.020313
0.0225965
0.0200961
0.0209914
0.021055
0.281076
0.0420226
0.023215
0.111772
0.0196096
0.0204926
0.0200353
0.019941
0.0200496
0.020249
0.0196735
0.0195698
0.0201961
0.0846886
0.0219004
0.0199349
0.0199784
0.0201288
0.0200284
0.229062
0.0204178
0.0210417
0.0201795
0.019624
0.0197661
0.0979603
0.0204001
0.0197803
0.0203886
0.0196724
0.0198275
0.213719
0.0220563
0.0195877
0.0197372
0.0206697
0.0257776
0.0203677
0.0200168
0.0196768
0.0218796
0.0195957
0.0220376
0.0198295
0.0205035
0.0198135
0.0196887
0.0231141
0.0199137
0.0198791
0.0200828
0.0196556
0.0196737
0.0199334
0.0231365
0.0693649
0.0197604
0.0236474
0.0197196
0.0201414
0.0198692
0.0199391
0.0202017
0.0262544
0.206964
0.0222018
0.0282596
0.0198381
0.0196589
0.0199702
0.0197854
0.0197793
0.0199269
0.0208863
0.0222239
0.0198364
0.0214338
0.0199663
0.0197575
0.142235
0.0212425
0.019771
0.0197038
0.0297394
0.0281207
0.0202365
0.0207422
0.0197417
0.0173588
0.0201433
0.0956099
0.0196477
0.019916
0.0697753
0.0324304
0.02092
0.0203139
0.0202082
0.019673
0.020491
0.020763
0.0202833
0.12501
0.020095
0.0197806
0.163387
0.0254947
0.0212523
0.023248
0.0196877
0.02074
0.0669946
0.0257903
0.020436
0.0202838
0.0207926
0.0199005
0.193678
0.0196748
0.0197271
0.0200952
0.0346655
0.0210363
0.0207265
0.0209774
0.67633
0.0202564
0.0215791
0.0198074
0.0199826
0.0832621
0.0198906
0.0612608
0.0197605
0.0202664
0.0210347
0.0199064
0.0195756
0.0823512
0.0205404
0.0201613
0.0208375
0.217759
0.188325
1.22966
0.0199845
0.0197679
0.0205403
0.0200163
0.0210491
0.0223012
0.0208244
0.0198307
0.0200942
0.019883
0.0241755
0.0200496
0.0430461
0.0196021
0.309055
0.0218293
0.0198683
0.0204872
0.0208755
0.0208422
0.0225238
0.0209783
0.0197813
0.021038
0.0201289
0.518888
0.113309
0.0200999
0.0195679
0.0204125
0.0204037
0.0196238
0.020218
0.171803
0.0238016
0.0214449
0.0213179
0.0197239
0.0201711
0.023096
0.019881
0.0202415
0.160779
0.020494
0.0205708
0.0200575
0.192069
0.0198111
0.0207199
0.0224435
0.210402
0.019854
0.368409
0.0197162
0.0208191
0.0225213
0.0236629
0.019866
0.0369418
0.0356949
0.0212727
0.0197427
0.0206708
0.0197215
0.290731
0.019654
0.0197031
0.0197856
0.020002
0.0197383
0.0225089
0.0207432
0.0221518
0.0808885
0.0196578
0.0353938
0.584421
0.0216892
0.0214413
0.0203209
0.0198874
0.0245536
0.0197358
0.0198909
0.0196579
0.0197057
0.378819
0.0202467
0.0209461
0.0331109
0.021247
0.0484917
0.0198265
0.0218605
0.0197477
0.0195757
0.0202313
0.0201188
0.0202066
0.0208945
0.0268293
0.145757
0.0197484
0.0197853
0.0205138
0.0196636
0.0184757
0.0247574
0.0198654
0.0203848
0.222924
0.0201455
0.0205767
0.021781
0.234007
0.021366
0.0197824
0.351151
0.0223937
0.0208738
0.0207059
0.122536
0.218904
0.0197968
0.0196654
0.0199756
0.0200101
0.0213646
0.0197777
0.020827
0.0216039
0.156268
0.20928
0.0204093
0.150149
0.185504
0.0196637
0.0215018
0.0197432
0.0215698
0.0201221
0.0200701
0.0210287
0.0737961
0.0498363
0.0199479
0.0197068
0.0202234
0.223497
0.0232507
0.0217229
0.0198737
0.0198358
0.0229933
0.0202318
0.0198032
0.201331
0.20608
0.230521
0.019692
0.0235349
0.0199993
0.0212465
0.236743
0.0205203
0.154166
0.250159
0.024196
0.0213657
0.0219919
0.0197447
0.020372
0.0217486
0.022764
0.0199745
0.0202475
0.24911
0.0206031
0.0208347
0.23644
0.226584
0.0204344
0.0227625
0.0204188
0.25834
0.227849
0.270574
0.268679
0.246988
0.249887
0.162475
0.225531
0.0217973
0.337575
0.0307542
0.0198148
0.0208061
0.0216027
0.0210405
0.0264957
0.037027
0.169015
0.0299638
0.0197143
0.0196871
0.0199767
0.0203515
0.0199119
0.0335835
0.024781
0.0201358
0.21867
0.0279379
0.0203263
0.0200085
0.0209165
0.0239824
0.0199466
0.0205988
0.0228272
0.0217478
0.214741
0.019899
0.842873
0.0241916
0.020137
0.174685
0.0225336
0.0241664
0.0200937
0.167608
0.020822
0.0197202
1.18513
0.0199502
0.0220524
0.0203063
0.192419
0.0203442
0.0205472
0.0202297
0.0202441
0.0198436
0.316369
0.0197833
0.0222771
0.0212125
0.0201045
0.0197125
0.0203801
0.0229416
0.226896
0.144392
0.0218585
0.0272463
0.0198669
0.252032
0.0204469
0.0211371
0.0202946
0.0203555
0.132149
0.0197855
0.0206305
0.0199678
0.386353
0.0196842
0.218476
0.217662
0.0346943
0.0201271
0.215325
0.148524
0.0198179
0.0223968
0.0199021
0.0211449
0.0202953
0.0182921
0.0191569
0.0318835
0.0325575
0.025091
0.019759
0.0224412
0.0228487
0.0207316
0.0309667
0.221138
0.0205023
0.0202966
0.0203198
0.218244
0.216038
0.153011
0.0198827
0.281425
0.0200429
0.0203109
0.0702959
0.0278284
0.213258
0.0234173
0.296149
0.0201691
0.0199453
0.200335
0.385031
0.0240017
0.242698
0.183137
0.21336
0.228152
0.236774
0.0577223
0.227949
0.0198816
0.0174977
0.210738
0.0212873
0.163136
0.177003
0.0211367
0.0201094
0.019923
0.397922
0.0971072
0.221801
0.02063
0.0198692
0.0200361
0.164528
1.66599
0.179613
0.197305
0.021188
0.112935
0.238089
0.0200125
0.156542
0.0201682
0.111354
0.0199448
0.020637
0.0252955
0.0259517
0.213046
0.0198663
0.0201149
0.0198835
0.159475
0.0203894
0.0200551
0.168187
0.0243391
0.0207013
0.112742
0.020382
0.0198955
0.237237
0.0303595
0.0209167
0.0164972
0.0202279
0.139015
0.0201473
0.124425
0.0214771
0.0200225
0.0201398
0.0210373
0.109812
0.158224
0.282741
0.223392
0.022157
0.0199285
0.0229857
0.0637541
0.0200505
0.020145
0.0198804
0.184224
0.0198119
0.0364706
0.0207832
0.0200576
0.0231602
0.198949
0.0296297
0.0264193
0.0201262
0.0198822
0.0199543
0.210279
0.0209554
0.16121
0.153589
0.0207421
0.0208696
0.22672
0.233031
0.0200055
0.020989
0.0208085
0.0174397
0.220926
0.0198895
0.0204581
0.136193
0.448758
0.0206398
0.0199601
0.0315776
0.0209546
0.0203802
0.020998
0.0204937
0.250824
0.0205669
0.334083
0.020825
0.248212
0.0167281
0.23644
0.213304
0.0200085
0.264273
0.020026
0.26807
0.249801
0.234016
0.020679
0.0196885
0.223564
0.0226897
0.214833
0.159523
0.230368
0.0207342
0.0199161
0.0198952
0.0203014
0.0234325
0.0204173
0.182973
0.0260678
0.0210918
0.0198417
0.0373753
0.0203809
0.231625
0.0787967
0.21864
0.287647
0.0221752
0.0242814
0.0205616
0.0207178
0.0218401
0.216718
0.0198717
0.0198665
0.0199897
0.192573
0.0200955
0.140996
0.0206192
0.0201972
0.0203296
0.0278767
0.0205401
0.216402
0.0206796
0.0203567
0.0205054
0.228041
0.238488
0.24102
0.0202252
0.0787682
0.0243409
0.166768
0.187895
0.0202138
0.0204517
0.0240043
0.20065
0.0200808
0.0206958
0.020458
0.0201964
0.625571
0.0315068
0.0204563
0.329947
0.350634
0.0214751
0.0524569
0.0204285
0.38926
0.0410342
0.0210202
0.240354
0.019879
0.0204514
0.0200544
0.0225315
0.0200264
0.0200693
0.220354
0.0202726
0.0198672
0.0205533
0.0201501
0.0201681
0.020127
0.0201593
0.2349
0.404341
0.0227399
0.0205162
0.0235084
0.0248898
0.0200709
0.0215913
0.381564
0.0235053
0.0314843
0.0212
0.289305
0.0198631
0.0254369
0.0198692
0.0242094
0.0213777
0.0198562
0.201788
0.0208256
0.322325
0.138928
0.0232824
0.020355
0.262401
0.223922
0.0235922
0.33879
0.244955
0.0203019
0.0208224
0.0205476
0.020856
0.0270746
0.019725
1.18278
0.0204699
0.0216773
0.020403
0.02064
0.236479
0.0457868
0.0212717
0.0205045
0.0853739
0.280699
0.0205936
0.0201588
0.0212437
0.0563386
0.0202673
0.022804
0.0201563
0.0200305
0.0199659
0.0205522
0.0206363
0.0198651
0.020141
0.0198592
0.021251
0.0199429
0.0199748
0.0199728
0.023738
0.0201193
0.353427
0.0722664
0.020855
0.0202003
0.021854
0.0207083
0.0199636
0.409738
0.436533
0.0199668
0.0374862
0.0199706
0.019964
0.104435
0.0196595
0.0206704
0.187062
0.0199946
0.0196938
0.0205851
0.270839
0.0206633
0.387341
0.441422
0.0202762
0.0202526
0.0198565
0.189889
0.0257446
0.0213017
0.0256754
0.349759
0.0218093
0.0212721
0.0205048
0.0210618
0.0205368
0.0249215
0.468586
0.366689
1.30072
0.0349453
0.0200722
0.0209905
0.019949
0.203779
0.020194
0.247333
0.0202353
0.028968
0.0199628
0.0203896
0.316652
0.0200176
0.0200019
0.0200018
0.074184
0.0119841
0.0201111
0.0199531
0.0227155
0.0204849
0.0230776
0.223519
0.0214667
0.0202534
0.256172
0.13434
0.0402457
0.0214774
0.254895
0.0341334
0.0203186
0.0217093
0.0200173
0.0233458
0.0198546
0.0207032
0.0199871
0.0222502
0.3797
0.0212617
0.259729
0.0190404
0.0252336
0.365164
0.0202754
0.0212711
0.388945
0.021578
0.0230479
0.0551222
0.0197058
0.491526
0.0201203
0.0208189
0.23316
0.0198642
0.0211124
0.0209327
0.383318
0.0204896
0.024576
0.213265
0.0175958
0.180969
0.0480058
0.0200024
0.0203364
0.0204338
0.0207581
0.0200731
0.0201728
0.0204164
0.0421057
0.0228731
0.370291
0.212004
0.020752
0.0212971
0.0200609
0.0207901
0.470131
0.0203132
0.0690859
0.220356
0.216867
0.020245
0.0271194
0.020864
0.22052
0.145042
0.0213728
0.15452
0.0198556
0.0201758
0.0319782
0.0206024
0.0203009
0.0649811
0.710259
0.0292716
0.474085
0.0204907
0.0201237
0.0797359
0.0338933
0.175525
0.0245235
0.0206197
0.0200455
0.467696
0.0207942
0.144644
0.20092
0.0197409
0.0255016
0.0198548
0.0201089
0.0216355
0.252533
0.0204979
0.0215767
0.0488635
0.0200741
0.021258
0.0207818
0.231532
0.0208942
0.0207025
0.0204029
0.020433
0.615542
0.0200381
0.0199841
0.0213079
0.0207125
0.020527
0.0298363
0.0200598
0.0233278
0.0992994
0.020138
0.0205873
0.12719
0.0200731
0.0206135
0.354937
0.0209507
0.0205149
0.0206744
0.0959169
0.0207311
0.0208659
0.238689
0.0198268
0.0210533
0.0205304
0.0200934
0.367085
0.020125
0.0202506
0.0206175
0.0198728
0.325198
0.202005
0.0201242
0.021813
0.0182184
0.0199143
0.0202923
0.0213612
0.0201314
0.0212617
0.0210507
0.0206001
0.0200896
0.221187
0.0204282
0.02072
0.198315
0.219723
0.198763
0.0202662
0.0224652
0.0207326
0.212426
0.0208217
0.048245
0.101552
0.196046
0.588649
0.468585
0.0201472
0.0207078
0.0576697
0.0217718
0.325148
0.0761483
0.0198714
0.0203341
0.0202172
0.0207545
0.0198533
0.020442
0.0199599
0.0210338
0.0212058
0.0427177
0.0198624
0.198698
0.112467
0.0200712
0.252982
0.0196797
0.0201263
0.0228852
0.0201418
0.0203988
0.0198263
0.0218777
0.0303292
0.0201576
0.0208026
0.0246391
0.0204717
0.0207417
0.0253903
0.0204822
0.0201505
0.153256
0.480432
0.0204514
0.0207441
0.0200011
0.195972
0.0502112
0.0200996
0.0280863
0.0224687
0.0381458
0.0299571
0.267216
0.0207754
0.191028
0.193936
0.012928
0.231588
0.209649
0.481227
0.0202324
0.021328
0.0201775
0.0350159
0.0202942
0.0204737
0.0753271
0.0203732
0.154135
0.0206605
0.334032
0.0205988
0.0203234
0.0202193
0.0199028
0.179658
0.0263406
0.0202066
0.019947
0.17736
0.102608
0.307134
0.0202739
0.0204505
0.216272
0.0206156
0.279254
0.0196393
0.0208118
0.212196
0.0277432
0.209176
0.0213855
0.0139473
0.0219062
0.0202472
0.0212177
0.0201998
0.0210955
0.0205957
0.0209849
0.374542
0.183728
0.235952
0.875997
0.0208238
0.0210851
0.0204822
0.019683
0.0833277
0.0205386
0.0204499
0.0196698
0.0205902
0.0202337
0.0205815
0.572553
0.379442
0.178137
0.0362687
0.0232364
0.0202329
0.02024
0.0202694
0.404152
0.0213094
0.533427
0.0220665
0.399603
0.0199816
0.0206282
0.381679
0.0206265
0.0202534
0.0214629
0.0210215
0.0204816
0.0202913
0.0201222
0.0201078
0.0199553
0.0206354
0.0200799
0.0203098
0.25236
0.0201604
0.0205466
0.0207911
0.0200355
0.0202825
0.0228258
0.206374
0.0209052
0.0207966
0.0209969
0.254134
0.209767
0.257849
0.705033
0.0204624
0.0206424
0.0207103
0.0208183
0.0208028
0.0205911
0.0202484
0.0202954
0.0203876
0.0384287
0.0212732
0.0201127
0.186081
0.0206488
0.0220899
0.543556
0.0209565
0.0206599
0.426965
0.0200637
0.0214574
0.0229112
0.333192
0.502463
0.483473
0.0205262
0.020321
0.0203103
0.0205976
0.0208671
0.0204819
0.0253627
0.0268689
0.0228899
0.0238602
0.400454
0.0201386
0.0245138
0.0229742
0.213126
0.0202045
0.190005
0.0203406
0.0204508
0.0196596
0.0200467
0.325581
0.020739
0.0202933
0.0203106
0.020526
0.0383203
0.242651
0.0200583
0.0205856
0.0211294
0.337306
0.0224111
0.0221042
0.379496
0.38098
0.0204257
0.0204264
0.393069
0.0203163
0.0203332
0.213215
0.0212373
0.020398
0.020132
0.0206799
0.383186
0.0248544
0.0233311
0.0206851
0.0200797
0.0204758
0.0280544
0.0205455
0.021227
0.0203275
0.134005
0.207546
0.0203818
0.0207154
0.020367
0.230203
0.0270038
0.563641
0.388663
0.0225063
0.0209721
0.0199984
0.383433
0.0206868
0.651578
0.0204189
0.23083
0.0207353
0.27341
0.0365306
0.0207506
0.0212433
0.372009
0.0208118
0.0250307
0.0212541
0.101499
0.0205223
0.0204539
0.0208538
0.0206394
0.0357004
0.0210379
0.0204921
0.0207618
0.481927
0.028585
0.020795
0.0210619
0.37849
0.0205529
0.654873
0.0216858
0.387052
0.238278
0.240415
0.0199813
0.267899
0.0201107
0.020398
0.0543795
0.0206517
0.0206969
0.0224613
0.0240854
0.0212761
0.0202031
0.0203421
0.0250928
0.0202653
0.0219062
0.202974
0.0196339
0.395487
0.0205692
0.381771
0.021257
0.0214161
0.0200896
0.449872
0.0212517
0.118537
0.0204041
0.0299288
0.0212993
0.0217865
0.0202184
0.0196433
0.0205013
0.0201903
0.0291339
0.0697624
0.0203077
0.0206794
0.182388
0.0207195
0.0233594
0.466609
0.020761
0.0207532
0.282166
0.0855922
0.0203977
0.0211353
0.0214155
0.0220254
0.020402
0.0216378
0.177792
0.0451353
0.0205757
0.361893
0.0208216
0.020748
0.0210104
0.0213624
0.372715
0.0634657
0.0292086
0.0212403
0.0206522
0.0750773
0.0204989
0.0205047
0.0209485
0.333936
0.0202097
0.0196465
0.0206259
0.0237175
0.390164
0.024138
0.0210743
0.0262593
0.0202528
0.0203787
0.0239276
0.344119
0.0268457
0.379322
0.0269455
0.0201601
0.0277317
0.0201842
0.0253181
0.0285482
0.0407442
0.400014
0.0199119
0.018871
0.0244181
0.0324933
0.571311
0.277979
0.0204414
0.349342
0.0207566
0.0216087
0.0203467
0.0470449
0.021065
0.0318216
0.0205626
0.0214745
0.0255354
0.0213851
0.382499
0.0206229
0.392648
0.0812258
0.0202141
1.48667
0.0211455
0.4123
0.0932873
0.373008
0.0202668
0.0215355
0.020333
0.0215806
0.0207097
0.381606
0.020762
0.0198366
0.0209678
0.020295
0.027726
0.0208927
0.0233622
0.0206368
0.0257515
0.0209454
0.0234563
0.0208024
0.0208335
0.0200418
0.0209034
0.0209919
0.0213862
0.0214793
0.020681
0.24358
0.0212051
0.020502
0.0205171
0.339202
0.155635
0.0205317
0.0199697
0.0213996
0.0314264
0.262332
0.0398238
0.0200349
0.362203
0.0202761
0.0202605
0.0221417
0.0214931
0.0209799
0.395784
0.0213089
0.0206556
0.0211562
0.0235655
0.0208838
0.0202906
0.020511
0.0210652
0.0211634
0.020918
0.0208282
0.0208535
0.0243428
0.0496069
0.0208129
0.020713
0.408432
0.0242659
0.147033
0.0205987
0.0205305
0.183011
0.0249689
0.578464
0.0251552
1.14942
0.0206267
0.0219671
0.0205531
0.0205241
0.383074
0.0209985
0.0222929
0.0207071
0.0216058
0.0205541
0.0260716
0.130612
0.0273853
0.021267
0.0218188
0.522395
0.0205369
0.0208764
0.023276
0.0206081
0.212223
0.020819
0.0199335
0.0352121
0.0269347
0.0237633
0.0211091
0.0211906
0.0211273
0.0203813
0.0203967
0.0205627
0.0203263
0.0207882
0.266522
0.0200372
0.0717754
0.0276888
0.0214959
0.0244036
0.0212693
0.0216013
0.0211669
0.020885
0.494973
0.0247414
0.403806
0.0204905
0.243578
0.0205323
0.121072
0.0210039
0.0223804
0.0847526
0.0207343
0.138649
0.0210688
0.0203001
0.0205285
0.0211593
0.0646383
0.0423765
0.0287614
0.0207048
0.0207913
0.0207347
0.244552
0.0208851
0.0213686
0.0255671
0.0282065
0.0640136
0.0205305
0.0206178
0.0208545
0.0193762
0.216884
0.0205438
0.0262471
0.0203827
0.0198377
0.236188
0.0206394
0.0216006
0.0263026
0.30636
0.0205632
0.0679426
0.0224921
0.0215454
0.021292
0.0212069
0.0221333
0.404737
0.371467
0.0579654
0.0214235
0.0578382
0.0196438
0.0226915
0.0206505
0.0216786
0.146009
0.020271
0.105574
0.0242699
0.0231317
0.0234531
0.0344156
0.253656
0.300201
0.0211146
0.021403
0.025001
0.0209463
0.0199211
0.0199806
0.283364
0.0382599
0.0196448
0.0307226
0.0217075
0.0290232
0.0542873
0.020288
0.0534481
0.0862107
0.0212263
0.189363
0.0478541
0.0214053
0.582437
0.020654
0.0198556
0.0232842
0.3825
0.0212844
0.031024
0.0206505
0.0375388
0.0390042
0.0232987
0.0210398
0.153039
0.246857
0.0201346
0.0198936
0.0206405
0.02123
0.0212443
0.0196111
0.0538044
0.0200113
0.383692
0.0211741
0.323036
0.0210916
0.0216989
0.477501
0.0210872
0.0201065
0.22234
0.0207492
0.0206193
0.0209051
0.0200665
0.0239442
0.0207413
0.0196887
0.543372
0.0199824
0.0256262
0.0210789
0.0213983
0.0202825
0.0205963
0.618447
0.0200693
0.0206178
0.458584
0.209569
0.020847
0.0211885
0.063723
0.0209345
0.0209407
0.0209096
0.0428092
0.0211266
0.0207429
0.0295221
0.021472
0.0227408
0.0212723
0.0206022
0.0206986
0.0207745
0.0206036
0.0514678
0.145065
0.0346194
0.020881
0.0205753
0.0211763
0.49867
0.284322
0.0252317
0.088106
0.0767325
0.0199325
0.0196557
0.152272
0.164967
0.0209206
0.0200897
0.413579
0.184895
0.028
0.0214722
0.0198387
0.0208488
0.148543
0.021305
0.031553
0.347883
0.0207008
0.0581435
0.0288769
0.02139
0.020552
0.0203088
0.0208428
0.0493159
0.0210783
0.0301976
0.0207587
0.0214751
0.0212492
0.0204552
0.0305628
0.0209618
0.02076
0.020635
0.145341
0.020054
0.0208614
0.0213204
0.570291
0.288611
0.020441
0.0445542
0.0205156
0.0203564
0.020623
0.028107
0.0262097
0.0200752
0.0204842
0.0211921
0.233317
0.0206147
0.266452
0.0200608
0.0241109
0.0211435
0.0206158
0.0199138
0.0204201
0.0225033
1.04444
0.0226388
0.0210695
0.0210735
0.380103
0.0211509
0.0206619
0.0236876
0.0216505
0.0212334
0.0207879
0.380693
0.0246168
0.0281568
0.0248786
0.0265454
0.0205206
0.0212411
0.0206144
0.0211748
0.0220595
0.392827
0.0209713
0.0210823
0.0208325
0.0275819
0.0316061
0.0207738
0.454942
0.0255585
0.0210672
0.271817
2.31941
0.395779
0.726298
0.0216843
0.0206617
0.0211809
0.0217651
0.0208008
0.191659
0.100372
0.0207714
0.0444289
0.0204734
0.0212462
0.0208955
0.0207885
0.267001
0.0208428
0.0207018
0.0393448
0.559162
0.0320152
0.489407
0.0207081
0.0496888
0.728501
0.088962
0.0222391
0.0201043
0.517007
0.0196752
0.0234712
0.0219061
0.526313
0.0206346
0.0303208
0.0201199
0.0216581
0.0206063
0.0201091
0.0208597
0.200251
0.258656
0.0210569
0.108302
0.0213538
0.0204155
0.0262981
0.108447
0.0211284
0.0379224
0.609195
0.0264384
0.0210628
0.0208021
0.0227831
0.0217576
0.485235
0.0207189
0.0207274
0.0210453
0.0207096
0.0207596
0.026844
0.0200538
0.0209442
0.0301136
0.0210068
0.0198398
0.0216947
0.0241762
0.0335387
0.0875369
0.02107
0.347404
0.0213454
0.020729
0.0219695
0.0310761
0.179274
0.0207366
0.0207112
0.0207704
0.0208435
0.579846
0.212998
0.46242
0.0212484
0.020297
0.0218697
0.0200884
0.0246309
0.0208951
0.508373
0.416649
0.0267367
0.0208304
0.0314435
0.629431
0.02095
0.433386
0.0201078
0.38086
0.254135
0.0208151
0.207686
0.0254627
0.0205824
0.0208529
0.236079
0.02673
0.135404
0.0209554
0.0211503
0.0212464
0.0224914
0.0207247
0.382175
0.0206
0.539437
0.395195
0.0600395
0.27116
0.0200911
0.0205935
0.0207291
0.0202623
0.0211803
0.0211777
0.0289841
0.029915
0.0621492
0.0210039
0.0209797
0.0211896
0.0209861
0.0262358
1.6392
0.0207299
0.0211857
0.021047
0.0240825
0.0211292
0.0209496
0.360266
0.168313
0.0285202
0.020784
0.025508
0.0196567
0.291791
0.0211809
0.0204914
0.320873
0.0209211
0.0220842
0.0262798
0.0215529
0.0213899
0.0208111
0.0265329
0.0208545
0.0263392
0.168227
0.0212303
0.0567701
0.0205436
0.0300161
0.021474
0.020774
0.0472839
0.0209956
0.0245987
0.0266635
0.0207902
0.0234706
0.0200531
0.0213197
0.667206
0.020308
0.0211815
0.463783
0.0215286
0.035766
0.0199147
0.261802
0.020279
0.118981
0.0210361
0.0247689
0.0211463
0.175982
0.0207786
0.0202783
0.0209708
0.0215509
0.0203433
0.0236544
0.0206119
0.134696
0.0210658
0.0215972
0.0208009
0.0205702
0.0208117
0.0208065
0.0208052
0.389855
0.0271002
0.0250425
0.0208986
0.0210659
0.0231331
0.0208918
0.0206152
0.171605
0.0222293
0.0199327
0.0203946
0.0208697
0.0211869
0.152003
0.027179
0.0210332
0.0207223
0.0211009
0.0209371
0.020896
0.0202029
0.179356
0.503041
0.020725
0.0199137
0.0206036
0.0207249
0.0209602
0.0208218
0.0209054
1.20395
0.0209409
0.0235935
1.1652
0.207691
0.020931
0.0302705
0.0238424
0.290512
0.0911411
0.0206791
0.0220394
0.0241119
0.0213467
0.0261883
0.0212238
1.66369
0.709164
0.0317451
0.0259385
0.0615677
0.0266467
0.0211445
1.30256
0.0211987
0.031396
0.0207473
0.0307994
0.045777
0.680196
0.0210429
0.0211326
0.321805
0.178576
0.02516
0.354912
0.0207624
0.118516
0.0206888
0.570617
0.0206941
0.0210816
0.0213023
0.021154
0.0203663
0.0232809
1.80403
0.364893
0.0204795
0.0276555
0.0212962
0.153776
0.0250906
0.0211098
0.0224832
0.236593
0.0888876
0.0211174
0.0220604
0.0205828
0.0208909
0.0200956
0.0203617
0.268978
0.0211339
0.0403545
0.080624
0.0241096
0.0210752
0.0208084
0.220218
0.0213732
0.021388
0.0203705
0.0208039
0.0213542
0.0211937
0.237536
0.530686
0.0209115
0.260201
0.0266095
0.0208055
0.0202645
0.0214573
0.0202781
0.0226172
0.369379
0.0232951
0.0218407
0.496372
0.0211935
0.49536
0.0210313
0.0207431
0.0209604
0.0204398
0.0209245
0.397965
0.0437423
0.020951
0.302434
0.0211288
0.0246766
0.296623
0.0214666
0.0211354
0.0239188
0.0209836
0.0213377
0.225138
0.0603946
0.0208001
0.0200402
0.0230527
0.232626
0.0215947
0.0200172
0.714213
0.0530164
0.0211268
0.0211118
0.209439
0.0217612
0.0205668
0.826313
0.15923
0.720472
0.0227362
0.0901255
0.0246542
0.0258165
0.0244876
0.0206734
0.203393
0.0206604
0.0209213
0.288355
0.0209256
0.0207114
0.0213912
0.18516
0.0205779
0.0210255
0.0209658
0.0231656
0.0200733
0.0209437
0.0238007
0.743447
0.0218421
0.526392
0.049863
0.0199287
0.029098
0.0384748
0.0212534
0.0210614
0.0861183
0.0212683
0.0568887
0.020975
0.021266
0.0675777
0.0199998
0.0209416
0.0209338
0.311134
0.0209528
0.039377
0.0202631
0.0210725
0.0200902
0.056308
0.0212622
0.0208663
0.0208541
0.237767
0.0213533
0.36864
0.0212572
0.0208444
0.026507
0.237032
0.021028
0.333985
0.0614227
0.0200681
0.0214093
0.0269868
0.0200005
0.0210837
0.36168
0.0212022
0.0215985
0.0615445
0.0201569
0.0213534
0.0231048
0.0289467
0.297256
0.0292089
0.544396
0.0415989
0.0210962
0.210099
0.0331809
0.316605
0.0217863
0.571376
0.0268719
0.0203462
0.379123
0.0210238
0.0537278
0.0211045
0.0689977
0.332141
0.0214305
0.020554
0.539378
0.0205138
0.0458748
0.0202026
0.0203616
0.0214932
0.847281
0.0209332
0.0206651
0.0209395
0.021264
0.021453
0.0212675
0.0196936
0.0209805
0.0341496
0.0795283
0.0210046
0.106017
0.020939
0.0232442
0.0928034
0.532318
0.0225455
0.567627
0.0221312
0.0216015
0.0205721
0.0323859
0.0300909
0.0202039
0.0232152
0.0257277
1.25782
0.0211279
0.021083
0.0199692
0.0248761
0.0207199
0.0282603
0.46766
0.0261613
0.0226929
0.0205336
0.0227571
0.020189
0.0199059
0.0274595
0.0548156
0.0203004
0.0331811
0.0222452
0.0212727
0.0328479
0.0211474
0.021447
0.0206129
0.0201729
0.0200535
0.019929
0.0268307
0.0215946
0.0204782
0.0224585
0.0256202
0.019625
0.0205981
0.0227692
0.0210868
0.0247125
0.0212076
0.0232938
0.021115
0.029604
0.021569
0.0212268
0.447749
0.0298358
0.0209649
0.0280765
0.0211195
0.0207521
0.020931
0.0206909
0.0224264
0.0216965
0.0248795
0.0217158
0.393934
0.0212108
0.0208335
0.0334541
0.0201454
0.0210653
0.035712
0.0209443
0.413935
0.0210064
0.0203651
0.183919
0.032039
1.40556
0.0209209
0.0209373
0.020792
0.0263754
0.0201561
0.0209899
0.0681758
0.0358198
0.057439
0.374225
0.0218565
0.383379
0.0337166
0.0487679
1.41211
0.0434653
0.545035
0.0245546
0.165622
0.121551
0.019909
0.524984
0.0208389
0.0208953
0.0205345
0.0212133
0.0209399
0.0209254
0.0243853
0.0957391
0.0227695
0.0343359
0.187944
0.0209553
0.0911511
0.0205886
0.0209978
0.0199291
1.28742
0.0211334
0.0691022
0.596323
0.595609
0.0380618
1.23768
0.0200242
0.0348229
0.0353064
0.0204014
0.0223765
0.0312775
0.021287
0.0207845
0.0210743
0.0209222
0.0409101
0.0232977
0.807183
0.0338003
0.0207605
0.0714022
0.0209334
0.0213758
0.0430111
0.543211
0.0240364
0.0210477
1.4832
0.0787782
0.0247776
1.45567
0.0212064
0.0220337
0.0215734
0.0385762
0.0199238
0.0212065
0.0208755
0.0207575
0.0204078
0.023763
0.0210623
0.0213024
0.0255558
0.0214396
0.0811047
0.0209327
0.0214746
0.672833
0.0210978
0.0207641
0.140177
1.08853
0.0212832
0.0207579
0.0277155
0.0222589
0.0214785
0.0213739
0.0207488
0.0212272
0.183176
0.0207717
0.0201937
0.0207363
0.0209744
0.0209023
0.0332769
0.0368387
0.0299317
0.0195471
0.113077
0.021114
0.0212339
0.0207727
0.0207615
0.0921896
0.0202635
0.0207435
0.0249962
0.0207474
0.0229087
0.0298912
0.0206366
0.0240964
0.0375731
0.0212218
0.763119
0.0255772
0.106052
0.0275313
0.356466
0.0213288
0.0221861
0.0203829
0.0208228
0.0208881
0.211896
0.021592
0.0202973
0.0201215
0.150003
0.0210344
0.0204443
0.0203586
0.0233028
0.0217263
0.0211485
0.0335691
0.111553
0.5715
0.0241276
0.030095
0.0210329
0.0340446
0.0431147
0.0204398
0.0252682
0.107845
0.0207207
0.0224844
0.0211297
0.0204642
0.103953
0.0268561
0.0225272
0.167328
0.153011
0.0298269
0.0202646
0.0200069
0.0669889
0.0207185
0.0276045
0.0229692
0.0214642
0.0289286
0.0235871
0.0257984
0.0210759
0.020587
0.0303548
0.024523
0.218794
0.0498113
0.20145
0.0218458
0.0215931
0.0249369
0.0210043
0.0233835
0.0202783
0.0209204
0.384119
0.0235437
0.384155
0.0309518
0.0318336
0.0213197
0.497027
0.0543371
0.999488
0.0201144
0.0218807
0.0298427
0.0220827
0.0836554
0.207826
0.021085
0.0537337
0.0566601
1.00223
0.391066
0.0205816
0.0215356
0.0746862
0.0239846
0.0996661
0.025606
0.0554068
0.103513
0.0214069
0.021
0.0923551
0.0213884
0.0199344
0.022452
0.0210444
1.4426
0.0211569
0.0208623
0.0291482
0.0231194
0.0210653
0.02136
0.0212169
0.0211487
0.0220832
0.0357294
0.0203305
1.24549
0.0260477
0.140252
0.0227084
0.0212263
0.024208
0.36796
0.0276449
0.0522939
0.0210031
0.0211723
0.020172
0.0220685
0.032146
0.0209925
0.0214591
0.0214281
0.0291083
0.0211067
0.0997211
0.0212204
0.0227426
0.0253423
0.0270248
0.0226019
0.0211822
0.0265364
0.0212306
0.0214305
0.0210903
0.0212441
0.021786
0.198318
0.0205321
0.0211251
0.0214338
0.161081
0.0230155
0.0222972
0.0212394
0.0231596
0.028548
0.0212118
0.0391568
0.0947532
0.0209251
0.035546
0.924354
0.0215328
0.0206207
0.0202727
0.0227621
0.0222863
0.0403753
0.0219447
0.022069
1.30423
0.0203443
0.0209193
0.0214545
0.0268499
0.0269232
0.0214993
0.0292426
0.0211091
0.692347
0.0240049
0.0357851
0.362421
0.0294895
0.0214002
0.0229654
0.0235292
0.0214661
0.0252444
0.0211366
0.0237744
0.0214699
0.0210547
0.02082
0.0210816
0.0209923
0.0229655
0.0305049
0.0205741
0.0212332
0.0203518
0.227489
0.0389147
0.0214149
0.0201818
0.0209119
1.28684
0.0422497
0.0211815
0.387896
0.0214303
0.0206702
0.0205734
0.0209461
0.0214685
0.0212574
0.0210722
0.103464
0.0210667
0.0270428
0.0225055
0.0208655
0.0926033
0.224576
0.0210193
0.0264955
0.21865
0.0208017
0.0209267
0.0210196
1.55554
1.12764
0.226039
0.0921025
0.0215637
0.0312261
0.0902148
0.0214678
0.0465269
0.573551
0.0738659
0.021067
0.030189
0.0214315
0.026407
0.0413482
0.0213291
0.0254827
0.0212899
0.0238423
0.0238284
0.554824
0.0242578
0.0203611
0.0208876
0.020172
0.26108
0.0210601
0.0231071
0.0219664
0.0765122
0.0211083
0.0387224
0.0368736
0.0911517
0.1346
0.0253079
0.568122
0.0205853
0.0210251
0.0213535
1.25821
0.0212314
0.0210862
0.0227645
0.0200915
0.0212725
0.0221271
0.0225369
0.0208022
0.0215402
0.0214981
0.0206808
0.0204357
0.078099
0.0208539
0.0207778
0.0230342
0.217878
0.0218274
0.0297745
0.022254
0.024755
0.230086
0.0232
0.0209214
0.0212877
0.378231
0.02168
0.374629
0.0233017
0.0211936
0.0236926
0.24979
0.0210214
0.0207045
0.0206438
0.0211134
0.914606
0.484034
0.0204355
0.0202826
0.0279352
0.0210949
0.0213227
0.0459791
0.0420296
0.0206645
0.023995
0.0214484
0.0260371
1.50394
0.0265047
0.0206728
0.0703449
0.0562309
0.0210856
0.195041
0.021075
0.355664
0.0205639
0.0262905
0.0211164
0.0598336
0.0226928
0.0212158
0.0234973
0.0228269
0.0214149
0.0241736
0.0241638
0.0210977
0.0226412
0.0211726
0.0468724
0.0237662
0.0206886
0.0234609
0.0214239
0.0212016
0.0426637
0.0268301
0.0247552
0.0209563
0.0211671
0.0204128
0.02128
0.0209416
0.0210546
0.0212754
0.0210011
0.411418
0.0321244
0.0215242
0.0206937
0.0503635
1.19908
0.0316823
0.0202824
0.0211075
0.0244283
0.0211166
0.0258239
0.0259103
0.0213836
0.0221021
0.0212057
0.234209
0.207535
0.366987
0.0223107
0.111405
0.0250379
0.020987
0.0209274
0.0201587
0.0510396
0.0211145
0.0199538
0.0206802
0.477615
0.392475
0.0222739
0.0199369
0.0214674
0.127436
0.0210943
0.388785
0.0209116
0.0210392
0.0236594
0.0210999
0.0213093
0.0481855
0.375863
0.0245682
0.0213249
0.148336
0.0210973
0.021654
0.0213537
0.391718
0.0211005
0.0211594
0.0212871
0.0214689
0.0610143
0.150743
0.0263971
0.0368365
0.0207483
0.02078
0.0332403
0.0211075
0.0204492
0.0331499
0.0200231
0.0225047
0.020982
0.021338
0.268672
0.0512096
0.0634954
0.0210494
0.202164
0.678463
0.0224338
1.4715
0.0217575
0.0210555
0.0205024
0.0202855
0.0205271
0.0219702
0.0212155
0.0213874
0.0238693
0.0210821
0.0210963
0.0230802
0.0210527
0.0304031
0.0209231
0.020244
0.0211561
0.0213832
0.386528
0.0206363
0.0213386
0.0367998
0.025082
0.0200584
0.0346074
1.27494
0.0242382
0.11025
0.0782288
0.0212477
0.0209588
0.0366678
0.0211945
0.0550868
0.0315715
0.0215123
0.0214128
0.0208762
0.0207914
0.0210475
0.295755
0.021667
0.0215078
0.0238081
0.0218818
0.0213773
0.0207573
0.191464
0.0286566
0.0203647
0.0212373
0.0215393
0.0230705
0.224189
0.111196
0.0200586
0.547433
0.0607541
0.518987
0.0199104
0.0206167
0.0500112
1.46119
0.0219398
0.0214021
0.0212178
0.0203024
0.0200539
0.0200376
0.0207563
0.0216242
0.0390127
0.0209103
0.0201582
0.0211274
0.0284193
0.0217148
0.0210115
0.0261444
0.0201284
0.408013
0.0256306
0.0213882
0.830543
1.24191
0.0437582
0.0205038
0.0202835
0.0210874
0.952884
0.0283632
0.0214076
0.0214653
0.0233334
0.0212176
1.47171
0.0212393
0.0282164
0.0212858
0.0200366
0.0349673
0.082768
0.0217361
0.0262372
0.021439
0.0212772
0.19543
1.79459
0.0210559
0.0205661
0.027683
0.0346985
0.0267588
0.0204559
0.0370742
0.03463
0.0284717
0.0210158
0.0211988
0.0209895
0.020769
0.0231327
0.0209367
0.0260023
0.0363033
0.0229276
0.043098
0.0271124
0.0212117
0.0213637
0.0642739
1.17009
0.128595
0.0812934
0.0200377
0.0388425
0.0214357
0.0204074
0.0226654
0.0227297
0.0216112
0.315235
0.966628
1.22982
1.17348
0.0212668
0.054637
0.0201658
0.0203291
0.0227729
0.0254193
0.18327
0.0238092
0.0257484
0.0261104
0.147445
1.10627
0.021052
0.0214629
0.0330481
1.18329
0.0208846
0.0426745
0.179953
0.0212106
0.022433
0.0200271
0.0221523
0.0214486
0.0326245
0.0462675
0.0213136
0.0201756
0.0365476
0.102329
0.028821
0.0573893
1.10245
0.045459
0.383746
1.04139
0.0219668
0.0210766
0.146011
0.0211472
0.0214046
0.0204564
0.0209009
0.965203
0.0276012
0.0277392
0.282979
0.0241058
0.027976
0.0212414
0.0277498
1.03376
0.0198773
0.0418511
0.587211
0.0421642
0.0214454
0.0237313
0.0225069
0.0200559
0.0205115
0.981029
0.0234757
0.0210929
0.0294848
0.0270923
0.022278
0.0719908
0.0252284
0.0229371
0.968983
0.0205655
1.51997
0.0215633
0.0281079
0.0457515
0.0239879
0.202616
0.0214414
0.0257856
0.0211876
1.60001
0.0279908
0.0298165
0.0201759
0.060737
1.64907
0.219554
0.0206505
0.0261316
0.0267657
0.0207794
0.0203637
0.0254481
0.0521248
0.0204273
1.55401
0.022433
0.0213208
0.0212574
0.0227951
0.0270072
0.584959
0.0951252
0.0288508
0.0216693
0.021393
1.78995
0.0204568
0.0210612
0.577911
0.048191
0.0227148
0.0209006
0.021197
0.0707214
1.6567
0.0305721
0.0214317
0.0485253
0.0203448
0.0302361
0.0213582
0.0203591
0.0500264
1.71963
0.0279125
0.0225514
1.78353
0.029504
0.0229904
0.021386
0.845604
0.0240719
0.021641
0.0581232
0.028942
0.0740217
0.228399
0.0214078
0.0919952
0.0281511
0.0266006
0.0206045
0.0771212
0.0286132
0.0210164
0.155871
0.0214374
0.0214094
0.193019
0.0210377
0.0461624
0.0207739
0.0343384
0.0272336
0.0210162
0.149936
0.0384002
0.0203313
0.605334
0.020899
0.0209098
1.35291
1.03977
0.0491332
0.25962
0.0307795
1.70214
0.0213655
1.02967
0.0250478
0.0207563
0.0327655
0.568773
0.0203104
0.0213622
0.0201018
0.0213896
0.0216427
0.0201783
1.68288
0.0231574
1.55185
0.0214583
0.385247
0.0214216
1.63318
0.0208664
0.0206844
0.0213938
0.0214168
1.60334
0.772618
0.0203769
0.0216553
1.15276
0.0685792
0.0220902
0.0204541
0.0205815
0.0464768
0.347622
0.368287
0.0269541
0.0203385
0.0203285
0.0222571
0.0220833
0.0213701
0.0224518
0.172519
0.02368
1.20087
0.022074
0.0204204
0.0277975
0.130639
0.020229
0.0235558
0.0196111
0.0250901
0.0213726
0.0219229
0.0214554
0.02341
0.0213728
0.198129
0.0342339
0.0210447
0.0213764
0.0222374
0.0222515
0.392556
0.0339752
0.0460585
0.0204393
0.0213801
0.0210872
0.0603037
0.224245
0.0524192
0.0224401
0.0226512
0.435855
0.247232
0.020203
0.138616
0.0498761
0.0219394
1.71625
0.0213415
0.0852791
0.0211964
0.0210045
0.118481
0.038385
0.0213473
0.0492713
0.647559
0.0201944
0.138546
0.021355
0.141624
0.355831
0.103342
0.0833599
1.08562
0.021187
0.0264336
0.0222449
0.0213789
0.0200213
0.0551192
0.0955248
0.0216803
0.0204535
0.0214349
0.0233435
0.0522752
0.0213975
0.188141
0.0771962
0.067266
0.0320566
0.0219462
0.0207888
0.0209288
0.0253382
0.0224666
0.0273735
0.0225552
0.117215
0.0331739
0.0233679
1.03514
1.65994
0.0370584
0.0207292
0.0259486
0.032027
0.0360178
1.59031
0.0209584
0.0208459
0.398395
0.0204355
0.031271
0.0207015
0.0206626
0.0481569
0.0308412
0.0429355
0.108046
0.0887687
0.109559
0.0399797
0.222965
0.0462128
0.728186
0.0211138
0.0388807
0.36322
0.0567268
0.0222064
0.0229191
0.0211
0.0204403
0.0256228
0.0221579
0.0247556
0.0375255
0.127676
0.0331443
0.0228282
0.0218131
0.0627959
0.0288599
0.0456565
0.0209991
0.0214302
1.25865
0.0257227
1.69316
0.0195356
0.0195399
0.0215874
0.0456296
0.191901
0.0201374
0.0344406
0.0218226
0.0548643
0.0212279
0.0409988
0.0210982
0.0205679
0.080285
0.0215283
0.0205183
0.0217336
0.0532336
0.0233641
0.0226597
0.0206617
0.0220946
0.165029
0.0306449
0.0207682
0.294006
0.029658
0.022848
0.0496975
0.0274023
0.0207034
0.0342075
0.0252224
0.568281
0.0226571
0.0222739
0.0206138
0.0615214
0.0202294
1.34019
0.0202799
0.740966
0.0203869
0.0272112
0.0202523
0.0234743
0.020062
0.0380227
0.0224215
0.0210473
0.0227943
0.0204401
0.0213877
0.458279
0.0205501
0.0282498
0.0267084
0.0209524
0.0205814
0.0215667
0.0275775
0.0933852
0.0210351
0.0232161
0.0203283
0.0369724
0.0222513
0.0272716
0.0208714
0.0217308
0.0307907
0.0288397
0.0288928
1.22045
0.0288778
0.023373
0.0208973
0.0249536
0.243016
0.0204431
0.0209918
0.0277901
0.021289
0.0787772
0.0312397
0.0198549
0.0282681
0.0242531
0.0213432
0.0208874
0.0205369
0.0734367
0.0207423
0.0215883
0.0224121
0.0225404
0.020381
0.0227989
0.0198434
0.0213309
0.020652
1.76035
1.7519
0.0211067
0.0555849
1.06762
0.0267136
0.692899
0.0216523
0.0216253
0.0216796
0.0233114
0.0209823
0.0224374
0.0272071
0.0205822
0.14766
1.17309
0.0203987
0.0212256
1.41691
0.0206492
0.0213105
0.0340238
0.0211876
0.0329958
0.0476303
0.190339
0.021606
0.0212081
0.0211696
0.574419
0.0214524
0.0207336
0.0206897
0.0215527
0.0231206
0.0216862
0.0220888
0.0199765
0.027783
1.81101
0.0531528
0.0213673
0.0210242
0.227104
0.020187
0.0210797
0.558227
0.135446
0.0352255
0.236884
0.0223049
0.0205847
0.0202239
0.0224149
0.0203557
0.0308327
0.0223653
0.0267528
0.0211062
0.666296
0.0208772
0.0224625
0.021212
0.020858
0.0225576
0.0206462
0.0215205
0.0220155
0.0564561
0.0215968
0.0341362
0.0777236
0.0249776
0.0391006
0.0289574
0.138733
0.0428891
0.0294205
0.0212499
0.417821
0.0205631
0.0213428
0.0206697
0.210712
0.0215862
0.0207945
0.234978
0.0207598
0.229887
0.0206732
1.18573
0.0204553
0.0259449
0.0207038
0.0277979
0.0216325
0.0335289
0.0232505
0.22574
0.0224993
0.0224682
0.0210649
0.0210962
1.31398
0.021252
0.0277452
0.0215356
0.116823
0.0207572
0.179152
0.0508134
0.0743867
0.0200826
0.021573
0.0203488
1.84757
0.259265
0.0206776
0.0242111
0.0208654
0.0211105
0.0219637
0.0212258
0.0211676
0.0218606
0.356518
0.027394
0.821415
0.116099
0.126258
0.0211852
0.020292
0.0270799
0.0207953
0.0215315
0.0216906
0.442234
0.107545
0.0212036
0.0251014
0.0210681
0.721158
0.0221743
0.993308
0.0205061
0.0224971
1.84105
0.0210829
0.0207752
1.40789
0.0204607
0.0207567
0.0631201
0.0203837
0.0566684
0.150049
0.749113
0.0220869
0.0474792
1.08084
0.0272876
0.0202695
0.0211921
0.0244123
0.0213804
0.0241826
0.204774
0.202938
0.0206481
0.0293143
0.0211579
0.0213231
0.0214703
0.0270347
0.0203252
0.0442148
0.0251312
0.35657
0.0219967
0.0204969
0.0214937
0.0211591
0.0208211
0.0218996
0.338671
0.0205881
0.213746
0.0266433
0.0228367
0.0214319
0.0207061
0.0213196
0.0398561
0.0206968
0.0207735
0.0285638
0.0211272
0.0259622
1.33647
0.247425
0.0297751
0.0204565
0.0206683
0.0213534
0.0333261
0.0451857
0.0214487
0.0213076
0.021373
0.0244482
0.0221829
0.0251412
0.0208279
0.0465424
0.0213877
0.0496817
0.0211421
0.0211465
0.022805
0.0208152
0.0208063
0.0246756
0.041536
0.0209462
0.0281494
0.185618
0.0891071
0.0205794
0.0213713
0.0203967
0.0242116
0.0206249
0.0229503
0.0616736
0.379619
0.0302178
0.0222249
0.0819985
0.0268219
0.0209607
0.605941
0.0210442
0.932954
0.0207739
0.0208993
0.0231051
0.0208991
0.0202613
0.0213967
0.0206468
0.0246453
0.0214554
0.0206555
0.332892
0.325562
0.194263
0.0204664
0.0239924
0.0213921
0.023513
0.19349
0.554877
0.0210202
0.184923
0.0214265
0.0210349
0.0209591
0.0211581
0.0207427
0.021422
0.0256712
0.021056
0.0222771
0.197279
0.0207937
0.0294834
0.0216308
0.0996491
0.219002
0.195552
0.092001
0.0209568
0.321593
0.0214478
0.0281615
1.52157
0.0212244
0.198826
0.0205012
0.0206308
0.022313
0.0711374
0.0522501
0.0235361
0.0332707
0.0213859
0.409393
0.223058
0.0604016
0.201484
0.0206587
0.0729168
0.0286069
0.021417
0.0207292
0.0225339
0.0294779
0.0495363
0.026773
0.0336025
0.0214756
0.0239368
0.0211173
0.0223861
0.0204518
0.0299852
0.0205352
0.0210493
0.19918
0.0300647
0.0209702
0.0206071
0.230638
0.0216253
0.0224384
0.0218637
0.020773
0.0211317
0.0214098
0.021396
0.0302126
0.0235372
0.0214124
0.0214562
0.0210653
0.0237212
0.0212206
0.202706
0.607346
0.0240086
0.0231574
0.0212328
0.0544581
0.118571
0.0202013
0.0211962
0.391498
0.0221536
0.109639
0.0208833
0.176377
0.0214041
0.0213486
0.021563
0.0214499
0.0219987
0.0245537
0.0259798
1.84276
0.332621
1.77065
1.38825
0.321695
0.0255277
0.0481652
0.0207096
0.04592
0.0220827
0.0214535
0.0227115
0.0213723
0.0213903
0.0204283
0.0219289
0.0208346
0.025207
0.0204829
0.0227746
0.0205165
0.0220079
0.0204905
0.0671415
0.0210342
0.0207949
0.019986
0.0279586
0.0214107
0.0227742
0.0214478
0.03354
0.220078
0.0691721
0.0332117
0.020663
0.0245838
0.0210728
0.0212024
0.026543
0.0218284
0.0207895
0.0212865
0.0282643
0.0203856
0.0205313
0.0208775
0.194516
0.0219002
0.389811
0.0205196
1.80118
0.0203918
0.0208491
0.0199643
0.0207072
0.020877
0.173046
0.0209238
0.150881
0.0206219
0.0202958
0.195815
0.0221853
0.100359
0.0208215
0.020598
0.127722
0.588565
0.0525885
0.0210857
0.0206069
0.0201568
0.0204421
2.05498
0.0208412
0.030799
0.0276635
0.0290555
0.0264726
0.0223923
0.0260016
0.602555
0.0240009
0.111533
0.0208778
0.39202
0.0204713
0.16467
0.0204473
0.182658
0.109681
1.31735
0.0234351
0.020672
0.0214354
0.0576038
0.0205955
0.0275322
0.0198342
0.138125
0.441988
0.300187
0.0433299
0.022875
0.0196256
0.0213677
0.0200968
0.0521345
0.02063
0.0434863
0.0385962
0.174954
1.51635
0.0226506
0.021179
0.0200321
0.0473757
0.294638
0.0222789
0.0226972
0.0298783
0.0217869
0.0208538
0.0259712
0.0210199
0.0206622
0.0876724
0.0225293
0.0206799
0.0677876
0.021275
0.0208111
0.038398
0.0276383
0.0262323
0.0849636
0.0430153
0.363838
0.16071
0.0213723
0.0209823
1.76327
0.0195728
0.0209901
0.0215506
0.0209703
0.0208025
0.0224207
0.0218772
0.0408334
0.032213
0.0244128
0.201938
0.0212134
0.0427334
0.392167
0.0210579
0.108324
0.0272745
0.0210228
0.0321149
0.0694959
0.020588
0.0276672
0.0252363
0.0214263
0.020499
0.0728479
0.0213219
0.0268207
0.0198773
0.0198537
0.0282215
0.0217052
0.0216353
0.0217395
0.0214479
0.0202486
0.0205591
0.0620214
0.0220813
0.0210858
0.0212242
0.0212384
0.0210237
0.021319
0.0306864
0.0210179
0.0266788
1.85753
0.0682681
1.19858
0.0293327
0.0396091
0.0208574
0.0250753
0.215244
0.0325084
0.0215388
0.178409
0.0209385
0.0218078
0.0208732
0.525149
0.019851
0.0208061
0.0211712
0.0209513
0.0308432
0.0212347
0.0717198
0.0210468
0.0214576
0.0208111
0.0213574
0.0205037
0.0213568
0.0227094
0.0540003
0.0211548
0.0213068
0.0279219
0.0219668
0.0404973
0.02073
0.0199518
0.132673
0.024563
0.021314
0.0225945
0.0206152
0.0662902
0.0635304
0.0214602
0.0241251
0.0222934
0.0212331
0.0205094
0.0245511
0.0240652
0.127866
0.16309
0.0195245
0.0271724
0.0218789
0.0224468
0.117048
0.0207266
0.131931
0.0336236
0.0217654
0.0224145
0.0205433
0.0210754
0.0203532
1.06993
0.0210454
0.15081
0.0213506
0.0208555
0.0239996
0.220913
0.217842
0.020887
0.0291574
0.178889
0.17742
0.0229385
0.0206617
0.0226197
0.0198514
0.369515
0.0217028
0.0224819
0.0211943
0.0224261
0.0208162
1.27098
0.020965
0.0254699
1.59614
0.0207466
0.0213029
0.0198518
0.0230686
0.0223386
0.0204778
0.0273064
0.0214046
0.0206679
0.0210361
0.0371065
0.0306142
0.0205016
0.0198573
0.0222167
1.26521
0.0207825
0.183257
0.074928
0.400189
0.171511
0.0206647
0.0212936
0.386334
0.0213954
0.0260919
0.0217541
0.0247682
0.383038
0.0209078
0.0208931
0.0220205
0.253628
1.11456
0.0211872
0.0519526
1.42338
0.0232919
0.0211766
0.0287805
0.0206691
0.021222
0.0254549
0.0216959
0.021339
0.0521649
0.021407
0.031926
0.0249396
0.0213709
0.0254451
0.554418
0.0399441
0.0211779
0.0232167
0.0206457
0.193151
0.0223407
0.37756
0.31564
0.0210397
0.021533
0.0227736
0.0531867
0.0343498
0.0221122
0.022293
0.021062
0.514601
0.23851
0.022111
0.0198446
0.0405523
0.159446
0.210098
0.0211511
0.413304
0.0394526
0.0215465
1.61101
0.0260214
0.269765
0.0209097
1.73261
0.0199229
0.0212288
0.0210759
0.0214181
0.105342
0.0206831
0.0592069
0.54198
0.0207646
0.0208864
0.0265958
0.0224367
0.0211616
0.0206664
0.0212611
0.0220942
0.197238
0.0206889
0.0309432
0.0203076
0.0204535
0.0209209
0.0313605
0.024385
0.0221621
0.0211151
0.0210585
0.0205762
1.24212
0.0214218
0.0199376
0.0400995
0.0209597
0.0458409
0.020942
0.0211772
0.0213533
0.0196995
0.0249333
0.0197016
0.0244777
0.0248187
0.0205777
0.0295846
0.0228295
0.0229524
0.0215216
0.0326611
0.029306
0.0257537
0.0622978
0.0214531
0.151514
0.0224836
0.0205805
0.024199
0.0297277
0.0716405
0.0296449
0.0203712
0.036198
0.0871147
0.0282068
1.54381
0.020367
0.0200003
0.0212447
0.0219059
0.02056
0.0206465
0.0274007
0.0792842
0.0220442
0.0215186
0.022039
0.0214806
0.0230963
0.0219998
0.0485286
0.0213589
0.0220737
0.0195501
0.180919
0.0723622
0.24547
0.609885
0.021169
0.0211912
0.0209003
0.0203103
0.021303
0.295392
0.0262505
0.0207192
0.0203505
0.0208544
0.0361584
0.0239342
0.0244079
0.0233632
0.0213243
0.0213928
0.0497587
0.118897
0.0646202
0.0199928
0.820998
0.0212014
0.0208569
0.0299224
0.0213517
0.0204049
0.0213921
0.573746
0.0211878
0.0240539
1.41569
0.0273727
1.36149
0.0266963
0.0212792
0.318341
0.0207294
0.0620861
0.0298323
0.0726121
0.0214078
0.0211642
0.0266639
0.0206848
0.0224683
0.0201191
0.0219255
0.0213796
0.594665
0.0246418
0.562337
0.0252595
0.607466
0.0311718
0.278634
1.06745
1.73718
0.0208651
0.0230337
0.0207044
0.0204881
0.433768
0.0217191
0.0221488
0.0258639
0.2074
0.0627078
0.0205194
0.0206345
0.0220909
0.0261096
0.0228648
0.02394
0.0288825
0.0200886
0.020913
0.0484763
0.0268522
0.0210347
0.0205706
0.0208884
0.0200845
0.383116
0.145143
0.0214262
0.0210949
0.0216125
0.0205055
0.0265123
0.0203557
0.0239942
0.0219616
0.681205
0.0209645
0.0210097
0.0212816
0.107384
0.0461658
0.0207129
0.0288132
0.0679708
0.0245951
0.021076
0.0208591
0.0213164
0.0447192
0.182189
0.0239709
0.226818
0.0249035
0.0198483
0.0207235
1.18687
0.0213191
0.0478116
1.24348
0.0212551
0.0223102
0.021736
0.0196537
0.0426574
0.0213204
0.022941
0.0221737
0.0704465
0.0682295
0.0221359
0.0210605
0.0213303
1.64174
1.21306
0.0264819
0.021732
0.56639
0.0204783
0.0247925
0.0225754
0.0209316
0.161458
0.0195734
0.610111
0.597959
0.0235714
0.0259981
0.0254544
0.021649
0.020962
0.58
1.51178
0.0265523
0.0218753
0.0210009
0.164148
0.313246
0.0205322
0.313881
0.138296
0.020531
0.0218637
0.0203811
0.0213543
0.0225482
0.240228
0.620004
0.0224125
0.0216397
0.0218627
0.0210151
0.0203801
0.0748648
0.0228549
0.0202776
0.0226746
0.0207794
0.0217736
0.0226389
0.0217192
0.0250607
0.0215083
0.0206805
0.024808
0.0208714
0.0211705
1.69813
0.0217073
0.0310307
0.0209254
0.0212375
0.0201678
0.0251218
0.0226118
0.245456
0.573284
1.65477
0.0214091
0.0213889
0.571714
0.0234793
0.0203609
0.022356
0.0223777
0.0253498
0.0210287
0.020485
0.0212544
0.0212627
0.0213016
0.0213386
0.0204061
0.0269306
0.0257385
0.021384
0.0356519
0.0283452
0.0232234
0.224267
0.224556
0.0211579
0.0206859
0.193544
0.288708
0.0404491
0.0236411
0.0214633
0.0215237
0.0212395
0.0209506
0.0209932
0.555284
0.0216038
1.36798
0.0264439
0.0247786
0.273294
0.0356462
0.224721
0.0217668
0.0523015
0.570216
0.0212225
0.0369806
0.21027
0.0195857
0.399889
0.396132
0.0212375
0.0205033
0.0220858
0.0218219
0.0229835
0.0205475
0.0212869
0.0248408
0.0514071
1.57068
0.0211666
0.0203995
0.0247491
0.0215549
0.281061
1.31374
0.389812
0.0204246
0.0212151
0.0244822
0.0208708
0.0262411
0.0204514
0.0206121
0.0255711
1.13351
0.0212874
0.0213112
0.348771
0.532083
0.0207324
0.0241677
0.195225
0.260755
0.0212077
0.0235065
0.0493752
0.0528294
0.0219107
1.30649
0.021551
0.0203023
0.028558
0.0205894
0.99705
0.185371
0.0235314
0.598805
0.020788
0.0227286
0.0212923
0.0215513
0.298176
0.0846364
0.026998
0.0213111
0.020993
0.16493
1.40353
0.0204378
0.0243484
0.0215541
0.0214964
0.0213045
0.0357481
0.0473073
0.0211582
0.0215059
0.020743
1.22605
0.0213251
0.02235
0.029795
0.0251979
0.0214629
0.0196511
0.0217868
0.0214038
0.026013
0.145789
0.0205659
0.037501
0.0206284
0.0458056
0.0219352
0.0211511
0.369657
1.6142
0.0216408
0.190103
0.0214431
0.030998
0.0212686
0.0217011
0.0220172
0.0195531
0.0215204
0.0214402
0.0211162
0.0209297
0.0205474
0.0206084
0.0208554
0.606388
0.0215798
0.0253454
0.0213477
0.0299329
0.0200007
0.0212454
0.021285
0.0213085
0.934504
0.3533
0.0209385
0.550414
0.0223572
0.0730301
0.037698
0.0212753
0.0727109
0.0833242
0.0215415
0.0213188
0.021766
0.0228744
0.0253142
0.556301
0.0214962
0.0205793
0.0212943
1.4401
0.0216332
0.0955832
0.022243
0.0222428
0.0338861
0.0215484
0.0204677
0.0222659
0.0208697
0.0250717
0.612595
0.0264944
0.0209888
0.0213917
0.0599535
0.0250881
0.29398
0.0207069
0.0214578
0.565723
0.0195662
0.0205587
0.102765
0.0205177
0.0271232
0.021378
0.0211609
1.62635
0.0208498
0.0206574
0.0234892
0.0204352
0.0228783
0.0335623
0.020316
0.0573154
0.0211459
0.0196036
0.0241301
0.0227744
0.0239279
0.0738653
0.586544
0.0214806
0.0457237
0.254764
0.0388362
0.17671
0.0215037
3.18609
0.0212882
0.0212943
0.0236355
0.286377
0.0216051
0.0228872
0.0233369
0.065758
0.021976
0.0213892
0.0236528
0.0240695
0.021577
0.0222462
0.048973
0.0355308
0.0260948
0.0227286
0.0222838
0.0212937
0.163562
0.0214002
1.32653
0.0211977
0.0349205
0.0228312
0.0642914
0.165718
0.0761184
0.0215802
0.0226976
0.0223409
0.192793
0.317226
0.18044
0.176488
0.0208867
0.16159
0.0204167
0.0231167
0.0212095
0.0681575
0.0210731
0.0261533
0.0216032
0.0209859
0.021692
0.0216657
0.021177
1.52007
0.0210445
0.0211691
0.0211619
0.310877
0.236359
0.0202541
0.020501
0.375966
0.113087
0.0211049
0.0276406
0.0262491
0.333887
0.0212965
0.0223135
0.0210136
0.0214018
0.021465
0.0225328
0.0228683
0.027488
0.0460267
0.0220359
0.0214141
0.0545328
0.0225796
0.0207672
0.0240341
0.0411051
0.021173
0.385672
0.0221372
0.0732521
0.021293
0.0213386
0.0204109
0.0216474
0.0216147
0.0208365
0.0406318
0.020779
0.0212654
0.0218426
0.215592
0.0213364
0.0213986
0.0266457
0.0266954
0.0229661
0.0213975
0.0444109
0.0225158
0.0213424
0.0792254
0.0214829
0.0212421
0.0289248
0.0216343
0.376684
0.020991
0.0215889
0.0691291
0.0220454
0.02128
0.0237249
0.0217067
0.0209413
0.0212522
0.365239
0.0211815
0.0218033
0.0207291
0.205968
0.0228767
0.020542
0.0209105
0.028326
0.0236699
0.0207188
0.0210133
0.0211959
0.0208568
0.0207815
0.288359
0.0212694
0.0205283
0.258541
1.72756
0.020844
0.0224297
0.0213589
0.210889
0.177776
0.191103
0.0207736
0.0213933
0.021294
0.0209328
0.804324
0.0232696
0.0209188
0.0215997
0.0276103
0.0214926
0.0219948
0.372633
0.0460623
0.0212479
0.0212844
0.0211474
0.0213892
0.0205612
0.0224032
0.0936902
0.0207208
0.374236
0.0198612
0.0227236
0.0216682
0.0212928
0.0239197
0.370752
0.0215705
0.0222864
0.0196332
0.0216701
1.04819
0.0259834
0.027502
0.0211397
0.261394
0.255138
0.021978
0.387821
0.0208721
0.206323
0.0231724
0.0244816
0.0215097
0.0208965
0.0240204
0.0195611
0.0242627
0.0328438
0.301286
0.0212128
0.0579717
0.021265
0.0612291
0.024186
0.0205185
0.157009
1.57995
0.0776616
0.0457308
0.0298231
0.0212548
1.68078
0.021421
0.0218773
0.0213552
0.0221357
0.0212996
0.0327597
0.0198764
0.0221376
0.0212449
0.0218027
0.24529
0.0220281
0.0226461
0.371114
0.0212552
0.0383077
0.369484
0.0217573
0.0226485
0.0366216
0.0224477
0.0222173
0.0792295
0.0220326
0.0227759
1.45937
0.0247932
0.0221223
0.108734
0.0210855
0.18171
0.0221781
0.0901718
0.390412
0.0212054
0.374964
0.0209817
0.0217433
0.0215972
0.019564
0.026271
0.0212422
0.02191
0.0204356
0.019788
0.0197226
0.456241
0.533875
0.022839
0.0221818
0.0211675
0.0220086
0.0196987
0.0488691
0.0212923
0.189337
0.174728
0.0220363
0.0213266
0.0221134
0.0441467
0.0225714
0.0216782
0.0213433
0.0210739
0.0235498
0.0422965
0.020795
0.0223531
0.0224178
0.0212267
0.0212498
0.586756
0.0319887
0.477849
0.0215038
1.23359
0.0248331
0.0220453
0.599875
0.0223292
0.0636569
0.518449
1.38829
0.0223586
0.039386
0.0214512
0.0213826
0.021224
0.0215947
0.0212847
0.0212092
0.0216383
1.65867
1.08453
0.356036
0.0223295
0.0215433
0.0220791
0.021432
0.0216098
0.0222081
0.0205425
0.0218479
0.0222423
0.0205845
0.58878
0.0215507
0.0310311
0.0217378
0.0200389
0.0222766
0.0204667
1.69226
0.122718
0.0221764
0.428047
0.0200709
0.515616
0.0213455
0.0223316
0.0216154
0.0212716
0.0255867
0.0216716
0.0490424
0.0216763
0.0212764
0.383737
0.0214176
0.0233613
0.229479
0.699713
0.021858
0.0287477
0.0205143
0.0862329
0.0528165
0.0213814
0.0357524
0.0213906
0.021708
0.136535
0.0212223
0.101767
0.0221106
0.259972
0.0214754
0.263874
0.0195846
0.0217723
0.36081
0.0218962
0.591431
0.0260115
0.0404633
0.0227644
0.249537
0.0338935
0.0196884
0.0212844
0.0215779
0.021231
0.0214294
0.0204777
0.120782
0.0209103
0.020938
0.0684518
0.0216764
0.0208868
1.17876
0.0202983
0.0220457
0.0208954
0.0220066
0.0930061
0.0227297
0.0231729
0.19767
0.597017
0.0197753
0.0219583
0.0209364
0.0323343
0.0218354
0.552278
0.0222588
0.0235675
0.0221128
0.111239
0.0247634
0.0213293
0.0426883
0.0243368
0.0438647
0.0215862
0.0218681
0.0215279
0.02471
0.111515
0.0398241
0.0224262
0.036962
0.0209321
0.0203319
0.021629
0.0213387
0.0204172
0.0236654
0.0230827
0.564009
1.64726
0.0217555
0.21679
0.11328
0.0215175
0.0212854
0.0220172
0.570726
0.0262221
0.031827
0.387045
0.0378043
0.0235434
0.29994
0.021858
0.0223989
0.0222549
0.0214239
0.0748192
0.022116
1.69009
0.0318208
0.0242014
0.563569
0.0515935
0.0224998
1.71564
0.0216107
0.0214067
0.0213848
0.574511
0.0214992
0.0218595
0.0210657
0.0227739
0.0215067
0.0524781
0.0204238
0.148426
0.0302235
0.0608599
0.0222589
0.0596424
0.0221253
0.070741
0.0214029
0.0216137
0.202182
0.0220105
0.0199638
0.0630058
0.0225237
0.0337319
0.0221724
0.0216275
0.119775
0.354694
0.0213619
0.058614
0.0196179
0.0222151
0.0228826
0.0628352
0.591147
0.021731
0.0216003
0.0224048
0.391125
0.0213389
0.0222083
0.0197326
0.0361402
0.0212303
0.0212676
0.0219853
0.388551
0.0213911
0.0212802
0.0196543
0.02139
0.0212625
0.065004
0.0221243
0.0329843
0.0210233
0.0477813
0.234448
0.0221101
0.0495208
0.0208807
0.0214032
0.0208143
0.021314
0.0228189
0.0220358
0.0216941
0.176809
1.33669
0.0211979
0.196133
0.0208737
0.0519488
0.0247403
0.0217634
0.159345
0.0216419
0.021581
0.021775
0.0204829
0.0371882
0.213468
0.022429
1.70317
1.02999
0.0945328
0.0213989
0.0217414
0.0245273
0.0719414
0.189186
0.0223058
0.0231286
0.0199941
0.0218866
0.574419
0.0301415
0.0196585
0.0221296
0.0219791
0.0211352
0.0331838
2.52365
0.0221665
0.0214145
0.0209514
0.0213071
0.156176
0.0636764
0.0204818
0.0391993
1.68648
0.0202438
0.0218943
0.0241612
0.0214883
0.0219226
0.0213942
0.0466691
0.0719151
0.0227885
0.0219292
0.0227474
0.042778
0.0223413
0.0215923
0.544316
1.7302
0.118037
0.0219159
0.0204455
0.403176
0.0209316
0.0208151
0.217405
0.212019
0.0220245
0.0223136
0.0213852
0.0214908
0.339781
0.0204215
0.0227756
0.0204172
0.0210502
1.0349
0.0221115
1.69661
0.369956
0.0213565
0.0635585
0.0235297
0.255247
0.0218315
0.0223446
0.0219836
0.0203297
0.0212767
0.586589
0.0611351
0.288141
0.0230148
0.0214672
0.0223351
0.0213204
0.25773
0.112771
0.0217707
0.222499
0.61293
0.195104
0.0932335
0.022464
0.0219336
0.0215977
0.0811099
0.0457747
1.10865
0.0490935
0.0213429
0.222332
0.147675
0.0210008
0.0211688
0.0210059
0.0214237
0.259769
0.192106
0.0210327
0.0208957
0.317191
0.0209621
0.0429724
0.0212713
0.0199869
0.0203362
0.0197833
0.145306
0.0196208
0.0223363
0.230958
0.0213053
0.335515
0.0206099
0.0211096
0.0215281
0.153934
0.0226935
0.0213
0.572164
0.021205
0.0204339
0.19297
0.021005
0.211195
0.0228052
0.211061
0.0778411
0.0855724
1.77684
0.0211751
0.0246057
0.118897
0.0227642
0.022923
1.34455
0.388286
0.171337
0.0210157
0.581804
0.0293254
0.0211622
0.0370188
0.0214219
0.0244235
0.0208877
0.565307
0.041956
0.0669831
0.574702
0.0217828
0.0771602
0.391241
0.0220771
0.019936
0.0385394
0.0227027
0.225605
0.0199987
0.064021
1.17842
0.0211971
0.0218115
0.0287104
0.021656
0.0334771
0.024556
0.0224805
0.183095
0.0218428
0.0228815
0.0285808
0.0213489
0.263067
0.0251949
0.0626811
0.0216541
0.39115
0.0213519
0.0228758
0.0237039
0.0213066
0.0213696
0.581142
0.0299613
0.0339033
0.0246968
0.0210008
0.0213729
0.0210583
0.021474
0.0221857
0.0213899
0.331525
0.0291547
0.0224318
0.0202869
0.703325
0.0229677
0.020563
0.0208135
0.0769438
0.0239837
0.0334338
0.0221665
0.0216622
0.0213072
0.39429
0.0212737
0.0276201
0.0200762
0.0201028
0.0227831
0.0878318
0.0231254
0.0213749
1.30263
0.0224547
0.021293
0.0215135
0.0220131
0.263274
0.22703
0.0282746
0.0222199
0.0207969
0.281038
0.0698628
0.0224046
0.290478
0.0210692
0.238118
0.0220666
0.0204759
0.0221088
0.0208317
0.0216838
0.0210019
0.151854
0.0230793
0.0224533
0.0214849
0.0209061
0.0225323
0.103231
0.0214233
1.27056
0.142834
0.164304
0.0222034
0.0208968
0.020881
0.0213852
0.0593439
0.0365462
0.0222897
0.0221451
0.0216491
0.021609
0.0214351
0.0272895
0.0213405
1.76538
0.021068
0.0253817
0.021507
0.0217556
0.0222197
0.0231881
0.0213372
0.0869406
0.235286
0.0213373
0.0222086
0.0213431
0.020681
0.385293
0.0214119
0.0210341
3.17932
0.250262
2.00581
0.0215857
0.217694
0.0213758
0.0213624
0.0220319
0.205539
0.389879
0.022054
0.373764
0.0218693
0.0223926
0.0416889
2.81471
0.0215318
0.0215492
1.61639
0.0210614
0.0216811
0.54911
0.934674
1.70061
0.0216492
0.0212232
0.0212092
0.577897
0.0564302
0.0214152
0.021775
0.022597
0.0214677
0.0215669
0.0214584
0.0229205
0.0349943
0.0432563
0.0213075
0.188074
0.0209129
0.387775
0.0269909
0.0213177
0.0352816
0.591578
0.577375
0.0214482
0.0221509
0.0247526
0.0209492
0.0244929
0.0209034
0.0615073
0.0389236
0.0220591
0.036066
0.0229068
0.0214076
0.0492138
0.0215403
0.218156
0.0214717
0.0216765
0.563055
0.0300736
0.0236595
0.0217107
0.0235378
0.214404
0.212332
0.0217949
1.68208
0.0351222
0.0228923
1.37559
0.0216021
0.0246132
0.0219577
0.0234748
0.0286784
0.0213046
0.0216722
0.0213928
)
;

boundaryField
{
    frontback
    {
        type            empty;
    }
    topbottom
    {
        type            fixedValue;
        value           uniform 0.0223;
    }
    outlet
    {
        type            zeroGradient;
    }
    inlet
    {
        type            fixedValue;
        value           nonuniform List<scalar> 0();
    }
    walls
    {
        blending        binomial2;
        n               2;
        beta1           0.075;
        type            omegaWallFunction;
        value           nonuniform List<scalar> 0();
    }
    procBoundary3to1
    {
        type            processor;
        value           nonuniform List<scalar> 
147
(
1.70275
0.226395
0.291359
0.453431
0.781788
1.81871
1.38576
0.247594
0.480524
1.58538
0.463415
3.32565
0.0976719
0.212666
0.106347
0.950788
0.693704
0.317996
0.323296
0.908
1.08273
1.27905
1.66664
0.41315
0.600581
0.706285
0.751815
0.195242
0.109363
0.297122
2.4705
2.4705
0.281087
2.00583
0.262502
0.268085
0.784004
0.470184
0.792696
0.294868
0.305507
0.254721
0.281845
1.66501
1.12755
0.132442
0.254721
1.82227
0.303968
0.224184
0.195973
0.138889
0.226994
0.328832
0.305294
0.1695
0.28564
0.212314
0.295873
0.242423
0.251732
0.244087
0.184698
0.138031
0.267764
0.335591
0.117255
0.167369
0.283966
0.286144
0.157478
0.226041
0.381321
0.37953
0.339383
0.383744
0.281036
0.339818
0.316551
0.379634
0.387241
0.384813
0.316437
0.323512
0.360305
0.385774
0.38611
0.414056
0.442165
0.278646
0.433766
0.463415
0.360305
0.344462
0.392592
0.116963
0.125843
0.540712
0.482274
0.0858369
0.221084
0.19401
0.0840553
0.520169
0.608834
0.565178
0.597359
0.446101
0.605673
0.597359
0.456563
0.278838
0.175569
0.585964
0.510748
0.337345
0.162645
1.86467
0.438351
0.162645
0.722173
0.318193
1.18383
0.69144
0.770809
0.633641
0.900753
1.19078
0.38307
1.90824
1.86467
1.78741
1.89928
1.90065
0.579351
1.88745
1.64612
3.67679
0.26948
1.16037
0.145238
1.74061
1.16037
0.142816
0.150915
3.33934
0.267764
)
;
    }
    procBoundary3to2
    {
        type            processor;
        value           nonuniform List<scalar> 
73
(
0.0221005
0.0220414
0.0214513
0.0214334
0.0355786
0.0330641
0.0228842
0.0684182
0.0484139
0.11938
0.0219424
0.0218623
0.139064
0.0216775
0.0219424
0.0292663
0.0310616
0.0330641
0.0215099
0.0241642
0.0247844
0.0214061
0.0220926
0.0217897
0.0235439
0.103735
0.090437
0.0217296
0.0214415
0.0225948
0.0553499
0.0256083
0.0214274
0.0216344
0.021495
0.0310616
0.0236753
0.0223911
0.0218623
0.0215954
0.165885
0.165885
0.0277631
0.0214098
0.0214769
0.021404
0.0432179
0.0214204
0.0215419
0.079002
0.139064
0.0215648
0.040859
0.0214073
0.254386
0.198116
0.0222197
0.0232553
0.198116
0.254386
0.0214617
0.0214147
0.0628064
0.0368804
0.0265859
0.433209
0.723579
0.079002
0.0214431
0.0214974
2.90081
1.70726
0.0215191
)
;
    }
}


// ************************************************************************* //
