/*--------------------------------*- C++ -*----------------------------------*\
| =========                 |                                                 |
| \\      /  F ield         | OpenFOAM: The Open Source CFD Toolbox           |
|  \\    /   O peration     | Version:  v2012                                 |
|   \\  /    A nd           | Website:  www.openfoam.com                      |
|    \\/     M anipulation  |                                                 |
\*---------------------------------------------------------------------------*/
FoamFile
{
    version     2.0;
    format      ascii;
    class       volScalarField;
    location    "350";
    object      omega_0;
}
// * * * * * * * * * * * * * * * * * * * * * * * * * * * * * * * * * * * * * //

dimensions      [0 0 -1 0 0 0 0];


internalField   nonuniform List<scalar> 
9793
(
0.14783
0.276476
0.201423
0.0210065
1.89179
0.022581
0.0218177
0.0207641
0.0215598
1.82346
0.0542202
0.0387672
0.0210514
0.0203387
0.0228265
0.020265
0.0211188
0.0213981
1.18035
0.0203133
0.0819402
0.0227876
0.375093
0.0195642
0.0216506
0.0211481
0.020278
0.020792
0.0406603
0.0215489
0.0327407
0.359129
0.485098
0.0218372
0.0459184
0.335291
0.0223626
0.0227693
0.0208267
0.0210129
0.0325756
0.0228539
0.0220924
0.021924
0.022111
0.0213291
0.0441868
0.0801473
0.627065
0.0209795
0.0476681
0.0589748
0.0228347
0.0215738
0.135018
0.106651
0.0214289
0.0938099
0.480413
0.0208103
0.0216026
0.0228001
0.551733
0.0218707
1.80758
0.467018
0.531596
0.652698
0.0457794
0.0532629
0.134577
0.0208182
0.0211225
0.272657
0.0530787
0.391808
0.0214219
0.0200589
0.0212579
0.0209123
0.463876
0.0212001
0.268502
0.0842754
0.0291335
0.0964818
0.0210221
0.0214165
0.0223381
0.0213532
0.280389
1.34547
0.0203667
0.358008
0.0225494
0.103738
0.100119
0.276445
0.0203398
0.0202417
0.0202278
0.0212577
0.0203988
0.0203882
0.0200693
0.0286104
0.0221996
0.0216907
0.0225297
0.181802
0.021007
0.0704986
0.0214114
0.296701
0.0584748
0.0214307
0.487859
0.0517858
0.0214546
0.338618
0.137506
0.0226586
0.021328
0.0228337
0.0218299
0.0739546
0.037597
0.113657
0.0216891
0.021149
0.0214192
0.0214255
0.0211486
0.0214275
0.0215269
0.0214128
0.0221989
0.0217594
0.0214044
0.019962
0.0213177
0.0215655
0.0211757
0.0202412
0.0204157
0.0205701
0.244393
0.0202464
0.0203441
0.898288
0.567104
0.0214159
0.721647
1.82759
0.0203297
0.0220551
0.020644
0.021492
0.0202338
0.021127
0.0207613
0.0207861
0.0201302
1.28948
0.269208
0.117409
0.102393
0.0248563
0.0202368
0.0209926
0.021177
0.58789
0.267441
0.590211
0.02178
1.27018
0.0214212
0.0195697
0.0211654
0.0263234
0.505019
0.0221779
0.0202447
0.0215764
0.320741
0.0211079
0.103869
0.0211589
0.0213018
0.0201458
0.0217886
0.0213306
0.665948
0.0710039
0.659621
0.0260634
1.49359
0.020901
1.80893
0.0200309
0.0215188
1.3809
0.125724
0.0211564
0.02142
0.0198839
0.153694
0.0201973
0.0265141
0.0222637
0.0291838
0.602875
0.664323
0.0215972
1.5461
0.0205324
0.0210911
0.354147
0.0198622
0.833668
0.0690432
0.0213632
0.021839
0.021333
0.105959
1.35534
0.0226068
0.0203303
0.0668043
0.0448489
0.0195974
0.0195688
0.0222482
0.0201702
0.0426944
0.823622
0.0213867
0.0211054
0.0867868
0.0211233
0.0261571
0.0203376
0.0210609
0.47973
0.0210716
0.0203324
0.0207515
0.0214808
0.0203492
0.0216699
0.0216722
0.0235004
0.054344
0.0401268
0.0210169
0.0233632
0.0211628
0.0237477
0.022585
0.0201809
0.290551
0.0210873
0.0540633
0.0215076
0.0252745
0.0196703
0.0196604
0.0290897
1.38397
0.0219815
0.0202007
0.020008
0.0254391
0.0213827
0.275509
0.275229
0.0211586
0.0801536
0.0213677
0.0402333
0.0214151
0.0196303
0.0221057
0.0208939
0.0375563
0.0213603
0.0216681
0.0244756
0.0210605
0.0214114
0.0213932
0.484508
0.0221296
0.0224594
0.0214682
0.0214068
0.0219545
0.0249317
0.0212442
1.16577
0.0203416
0.401566
0.488156
0.0221142
0.0219046
0.0202231
0.0261361
0.0236931
0.0213421
0.419138
0.0217328
0.0202105
0.0238326
0.0217858
0.0215073
0.0212427
0.0866561
0.0210676
0.0247104
0.0223183
0.0209893
0.273408
1.47824
0.258551
0.0197391
0.315548
0.0220475
0.607543
0.0596985
0.0200546
0.0229425
0.057869
0.0211385
0.0247857
0.063456
0.0207251
0.0219771
0.021501
0.0210355
0.020844
1.03852
0.0211591
0.0209771
1.22058
0.0211343
0.0202373
0.019725
0.0222178
0.0207388
1.42022
0.0218876
0.0213673
0.0216224
0.0212442
0.484429
0.0215519
0.0320042
0.0195783
0.0342078
0.120875
0.103966
0.0364856
0.0221657
0.0218015
1.53923
0.02169
0.285462
0.0211266
0.0202181
0.485896
0.0244875
1.44238
0.0213707
0.0457341
0.467453
0.0224225
0.0210881
0.487877
0.0249014
0.25876
0.023386
0.021529
0.529697
0.0212709
0.0221546
0.0217976
0.0212524
0.020311
0.021554
0.0230277
0.507578
0.021694
0.424163
0.354503
1.52751
0.0452003
0.214382
0.02092
0.0215004
1.61387
0.3542
0.0203478
0.0217868
1.37061
0.0199968
0.480529
0.0211238
0.0230502
0.0199832
0.0304865
0.0211514
0.0253991
0.0864268
0.0202175
0.376003
0.0235356
0.0219601
0.0236251
0.0210345
0.0220378
0.0206541
1.34674
0.0213433
0.0215273
0.0625934
0.0215138
0.022538
0.0220482
0.0201051
0.027077
0.0211331
0.0215342
0.0199338
0.391428
0.020492
0.392852
0.0210144
0.674787
0.0228749
0.0210619
0.0222616
0.021694
0.347456
0.0208806
0.107823
0.0201772
0.02119
0.0221449
1.38732
0.035661
0.136065
0.638039
0.0228422
0.0212597
0.0372764
0.0268062
0.0293576
0.273097
0.441299
0.0216327
0.0225989
0.0457877
0.0213326
0.0213107
0.021312
0.0203855
0.022015
0.187858
0.0254132
0.428339
0.0203998
0.0264845
0.0195549
0.0216652
0.0215706
0.0212248
0.0376396
0.0210745
0.0222301
0.0199745
0.0213987
0.022851
0.0778989
0.0211666
0.0212585
0.494557
0.0235682
0.0218949
0.500139
0.678316
0.0215176
0.0219741
0.0222569
0.0229171
0.0215487
0.0223419
0.022086
0.020942
0.0211806
0.0210318
0.208953
0.060229
0.02064
0.319156
0.0309343
0.0202914
0.0221455
0.0212857
0.0656324
0.0214071
0.0559046
0.0200803
0.0210732
0.0499631
0.0212915
0.0317031
0.446571
0.0253479
0.0202836
0.45274
0.0233337
0.0205431
0.021172
0.0538648
0.020902
0.0205288
0.021268
0.0208978
0.474173
0.0427772
0.0300013
0.0223381
0.0211421
0.0210241
0.0214746
0.0209021
0.0212837
0.0564264
0.112009
0.0200222
0.022205
1.65761
0.0213303
0.0235917
0.0329098
0.0207549
0.0574168
0.469095
0.0213775
0.141111
0.0196385
0.157045
0.024282
0.558885
0.0211022
0.0210449
0.0211352
0.290601
0.021887
0.46393
0.469424
1.76563
0.0327738
0.0863215
0.0292366
0.022846
0.029088
0.0220292
0.33074
0.0215415
0.660997
0.0198968
0.252796
0.0219615
0.0219087
0.0210073
0.151893
0.0199372
0.0207425
0.0221877
0.0224848
0.0259113
0.0211343
0.0212574
0.0213074
0.0212851
1.17093
0.0209765
0.440514
1.08535
0.0209882
0.0217929
0.027091
0.0217856
0.0213081
0.021719
0.022467
0.0242895
0.0221373
0.0224932
0.0204898
0.0214007
0.0220244
0.0238221
0.0217339
0.0223213
0.720673
0.02132
1.42516
0.024535
0.021928
0.0212674
0.0206965
0.0219043
0.0221945
0.0210588
0.020668
0.0195286
0.0210458
0.0206487
0.0211688
0.0231797
0.0198584
0.0219082
0.0220005
0.0215334
0.0230393
0.0221883
0.0302938
0.0222604
0.0210087
0.0212776
0.0205275
0.0199372
0.0209637
0.0199703
0.0209598
0.0213293
0.0199255
0.0320191
0.0210171
0.0221612
0.0213434
0.658516
0.0210305
0.0199721
0.0530091
0.0196357
0.0215078
0.161236
0.0216684
0.0223638
0.0214485
0.0942746
0.0207069
0.0494398
1.78678
0.380558
0.448239
0.0214531
0.0213504
0.388444
0.0213648
0.0199471
0.224444
0.659603
1.6428
0.0212883
0.0585468
0.0213535
0.0213367
0.255544
0.0211837
0.0459035
0.0215225
0.0599301
0.0209951
0.0229867
0.0219692
0.151753
0.887309
0.0211524
0.0213873
0.0261894
0.0209525
0.0228317
0.0496133
0.2332
0.0210771
0.0193703
0.0213707
0.320448
0.0208882
0.491227
0.348914
0.0209686
0.0272703
0.384475
0.0210311
0.0211548
0.0221173
0.0214004
0.0199228
0.128603
0.0199221
0.455604
0.0228129
0.184152
0.0530848
0.0214902
0.122067
0.542518
0.0217832
0.565251
0.0266795
0.0740949
0.0199344
0.0196263
0.360232
0.0213212
0.857905
0.0209549
0.329339
0.0204813
0.0638898
0.371431
0.0209617
0.679943
0.0214147
0.0222649
0.0338189
0.860296
1.10161
0.019936
0.0204966
0.0199852
0.413383
1.30221
0.0227191
0.0241532
0.0256111
0.01996
0.0209887
0.0215433
0.0508268
0.0236272
0.0213921
0.02086
0.0207849
0.452529
1.59915
0.19621
0.0205334
0.0209229
0.655453
0.0211678
0.529828
0.0400407
0.460922
0.25336
0.343123
0.0208537
0.0214969
0.0230122
0.0220509
0.0240315
0.0212156
0.0581162
0.382938
0.0204207
0.558832
0.0207758
0.394108
0.0216217
0.337943
0.024131
0.0227377
0.0210911
0.0204013
0.0321174
0.383466
0.383911
0.021393
0.0309423
0.0208595
0.0224278
0.023219
0.292366
0.0240277
0.0743596
0.0208468
0.0266556
0.0211361
0.0198827
0.0218392
0.0209492
1.63618
0.0211413
0.0225003
0.0222989
0.0218871
0.0199091
0.0510488
0.0215094
0.022013
0.0208697
0.0209991
0.30685
0.0210428
0.0651965
0.0204308
0.0205304
0.0208496
0.0415895
0.0210516
0.0700026
0.0215699
0.021354
0.0208825
0.337009
0.310756
0.399645
0.168836
0.649101
0.021306
0.0228778
0.286406
0.0199442
0.351736
0.306514
0.050534
0.0990453
0.022399
0.305759
0.02324
0.380314
0.285937
0.0223551
0.0215675
0.303847
1.08583
0.0238467
0.0231924
0.0211995
0.0218485
0.0330843
0.020937
0.0199215
0.022107
0.101278
0.0337226
0.0227823
0.362393
0.0209001
0.019983
0.260148
1.37747
0.0342125
0.0219822
0.0998849
0.0205259
0.0199299
0.491832
0.0199099
0.0222813
0.308133
0.319304
0.0210498
0.482804
0.149274
0.0599212
0.2174
0.275352
0.0223388
0.713819
0.0216685
0.0208347
0.0213374
0.02158
0.0209495
0.37976
0.0213227
0.492676
0.0203174
0.0365397
0.0217881
0.0340537
0.022385
0.0211681
0.0400822
0.0203186
0.0199417
0.0746434
0.0220215
0.0276965
0.0211025
0.0200491
0.314631
0.936473
0.0225994
0.0195468
0.0195365
0.0204733
0.0216486
1.32671
0.0731961
0.205353
0.030611
0.309292
0.0214261
0.0272444
0.0247769
0.0232392
0.101346
0.021103
0.021006
0.154379
0.0328174
0.345755
0.0210579
0.353171
0.386051
0.0239108
0.0382587
0.0231411
1.33031
0.0214169
0.0242406
0.360993
0.022087
0.0210699
0.0853483
0.02162
0.0205026
0.0209884
0.168915
0.0216816
0.0251037
0.308146
0.0367189
0.02437
0.0308413
0.171454
0.466765
0.152002
0.0199556
0.0214944
0.0219848
0.0224541
0.0212169
0.637447
0.351335
0.0231665
0.44232
0.0546318
0.442616
0.0215179
0.342215
0.0212468
0.327407
0.0693856
0.0206175
0.713582
0.427236
0.0208555
0.0214603
0.0213389
0.209327
0.480948
0.0252499
0.0470168
0.02845
0.0662199
0.308486
0.339023
0.0210418
0.0213876
0.345472
0.240628
0.0210841
0.021277
0.0199566
0.021721
0.0215333
0.0241843
1.22188
0.0212656
0.023345
0.361212
0.0216537
0.0217452
0.0238167
0.650921
0.0215094
0.0224549
0.152709
0.02178
0.0200282
0.0218332
0.0209121
0.0223073
0.380138
0.456551
0.0215106
0.160111
0.023836
0.168957
0.0213489
0.0218914
0.0221649
0.0216836
0.323664
0.0212855
0.0220666
0.0252332
0.0218272
0.0204587
0.0248133
0.0212164
0.0920916
0.0214736
0.0210429
0.595493
0.0210818
0.703798
0.025403
0.0209508
0.0412226
0.0222004
0.0303073
0.0974365
0.0202142
0.335348
0.0209758
0.021376
1.33505
0.497477
0.0202291
0.0214675
0.0206717
0.0216299
0.0783239
0.0220909
0.0214407
0.0219252
0.0217221
0.0219342
0.0212713
0.0202564
0.0209571
0.0211838
0.424181
0.0236164
0.0200072
0.0383282
0.0214221
0.247555
0.0763442
0.0316658
0.0214527
0.0212369
0.069612
0.0230268
0.0213518
0.021627
0.386336
0.125478
0.0213582
0.0198113
0.0636893
0.0481368
0.0196038
0.392009
0.0359068
0.0214159
0.0217906
0.0251116
0.0215764
0.0277341
0.454708
0.0214872
0.0548277
0.0260356
0.0296199
0.0198076
0.0213421
0.019839
0.019818
0.126207
0.0210769
0.0573302
0.045737
0.0198272
0.021837
0.0299296
0.0215979
0.0216312
0.0213831
0.0223078
0.444486
0.0198296
0.0214827
0.346075
0.0220703
0.0215832
0.0228267
0.0210947
0.0216051
0.0211868
0.021479
0.0222832
0.0217457
0.0964342
0.475114
0.0198205
0.0214138
0.0198238
0.0849621
0.0210093
0.0238347
0.0212832
0.0201821
0.0264547
0.0204112
0.0281512
0.0213948
0.0204257
0.311649
0.350774
0.0217223
0.0215951
0.0209566
0.0954074
0.15806
0.0213853
0.383701
0.708801
0.0218348
0.0314629
0.387033
0.0232486
0.375983
0.040335
0.0407686
0.0211956
0.0293801
0.0917934
0.0203661
0.303757
0.364544
0.0213811
0.696956
1.50867
0.0234863
0.381454
0.0198043
0.0256635
0.0430399
0.0212424
0.3125
0.019804
0.0390425
0.0635964
0.0198055
0.344935
0.0217487
0.0218932
0.0309482
0.0233577
0.230258
0.394282
0.0200666
0.0235019
0.272942
0.0207043
0.0241399
0.0208097
0.38525
0.649303
0.0211141
0.0212772
0.0244063
0.261722
0.294882
0.0275763
0.0198188
0.0208987
0.299636
0.429815
0.0997156
0.0225974
0.0227201
0.0249339
0.0200336
0.0221668
0.0239412
0.0228793
0.0208711
0.0238252
0.401741
0.122233
0.0209681
0.167415
0.0236279
0.0936243
0.663175
0.0421567
0.719796
0.0861809
0.0198179
0.114991
0.122708
0.442246
0.323457
0.0212474
0.123601
0.329353
0.0402874
0.0241904
0.325319
0.322711
0.0210729
0.0245465
0.0238919
0.0212164
0.0683758
0.0212707
0.0220657
0.0206214
0.0198063
0.0216888
0.0213488
0.0224837
0.0247934
0.34454
0.0240049
0.316686
0.0208226
0.0256203
0.0215373
0.280244
0.617131
0.0211854
0.0431705
0.0212942
0.0202096
0.021293
0.0201692
0.0210653
0.0913361
0.0215796
0.211798
0.0210206
0.0209463
0.417539
0.0223385
0.0217778
0.0211269
0.0212511
0.369263
0.0680956
0.403435
0.179668
0.659068
0.0215039
0.0217144
0.0213542
0.023628
0.0405823
0.0795646
0.354105
0.0209591
0.039924
0.0220499
0.168443
0.323092
0.0241552
0.551417
0.765492
0.0224281
0.0376288
0.0209028
0.0438119
0.0225602
0.0879558
0.0418196
0.0198177
1.3208
0.468432
0.0216268
0.0226493
0.0218326
0.177828
0.0207726
0.0216843
0.444082
0.0208074
0.523424
0.0255938
0.0235936
0.022042
0.021753
0.483322
0.0211425
0.430443
0.0238956
0.0212908
0.0207146
0.0539246
0.0223966
0.35297
0.0222566
0.0240287
0.0239929
0.0669898
0.0228036
0.021312
0.329259
0.0216603
0.0204118
0.108883
0.328554
0.0239124
0.0205207
0.0220339
1.4045
0.060647
0.0211535
0.0314457
0.0204949
0.101682
0.0466818
0.0218761
0.0211128
0.0869198
0.0209604
0.0207365
0.0213668
0.0810067
0.576709
0.0221721
0.0238573
0.0217461
0.0219738
0.386602
0.0300833
0.0215806
0.0216867
0.0210351
0.0635984
0.433793
0.450367
0.0212264
0.132428
0.0202058
0.0201536
0.0217681
0.0219232
0.0385748
0.0213486
0.0514117
0.346054
1.3158
0.0236397
0.0214886
0.0215201
0.0363864
0.0206089
0.0212503
0.0318922
0.0214784
0.0212582
0.0220902
0.0239062
0.0199967
0.530316
0.0407912
0.0235572
0.0231624
0.0280378
0.022971
1.67748
0.0213627
0.0212565
0.0214749
0.0210467
0.021455
0.0208702
0.121634
0.0898484
0.021558
0.0220211
0.0212275
0.0235008
0.0227269
0.0478756
0.021995
0.248889
0.0213024
0.0217892
0.0207129
0.0768641
0.0214795
0.255056
0.0214783
0.0215034
0.0195468
0.273599
0.0228683
0.0769817
0.307892
0.0218734
0.0214711
0.0211259
0.0213986
0.021619
0.0219589
0.0242337
0.409918
0.0215611
0.0655233
0.248571
0.0230854
0.0984737
0.021505
0.0231766
0.020984
0.0203527
0.0202174
0.0213506
0.25319
0.0844501
0.0208321
0.495055
0.0550455
0.0212492
0.521873
0.0203281
0.0316997
0.0220522
0.0210197
0.683879
0.0214673
0.022381
0.0235674
0.0448282
0.0756286
0.0218935
0.0209717
0.0223034
0.568231
0.262991
0.0361416
0.0260584
0.0214467
0.0214021
0.34539
0.0216826
0.0278431
0.0300337
0.431385
0.0214539
0.0346466
0.0214678
0.0217489
0.0309222
0.0295407
0.0298105
0.022043
0.0218351
0.0250489
0.385669
0.0439059
0.0204049
0.0244921
0.0908079
0.0230802
0.0382338
0.0216027
0.0216962
0.0213394
0.0235167
0.650784
0.0580898
0.0214563
1.03155
0.0235431
0.025644
0.0214962
0.02134
0.0213587
0.0199135
0.0469688
0.0222351
0.0222614
0.0219976
0.021342
0.0214451
0.164233
0.0214062
0.0213886
0.0217339
0.420989
0.152262
0.0214351
0.0211521
0.0214706
0.315838
0.0219648
0.102924
0.0214611
0.0470212
0.0214392
0.0216218
0.0411462
0.0216612
0.0309309
0.0216867
0.0214374
0.020341
0.022398
0.154831
0.0217517
0.021932
0.325424
0.0215271
0.0222286
0.0219864
0.0215715
0.0212315
0.0218996
0.0332544
0.0207488
0.0208187
0.0209458
0.346344
0.0236193
0.397889
0.0214996
0.0216706
0.596356
0.351367
0.317133
0.0252549
0.0294424
0.340118
0.0214903
0.408339
0.0219694
0.113885
0.0209707
0.119362
0.333889
0.019556
0.0232439
0.0220372
0.02223
0.0198514
0.440774
0.0208959
0.336244
0.0216537
0.0213877
0.0217392
0.0198679
0.0217498
0.115214
0.0213404
0.0211341
0.0211319
0.0215689
0.0213696
0.155713
0.688342
0.462552
0.021486
0.0202125
0.0234081
0.0214711
0.0213185
0.106106
0.0389043
0.0223158
0.0213188
0.249569
0.0225103
0.0210423
0.448168
0.0225787
0.0203037
0.0212839
0.026403
0.349835
0.021468
0.0212168
0.0537095
0.122953
0.0436714
0.623797
0.0212968
0.0236789
0.0234854
0.019898
0.021719
0.324649
0.322894
0.469339
0.0212668
0.611596
0.0216978
0.0214733
0.0239474
0.0218787
0.0239213
0.0331276
0.0212305
0.0214711
0.0213182
0.0208839
0.0199576
0.0211302
0.0242803
0.31653
0.0260974
0.0195493
0.0199824
0.0212708
0.0217955
0.0213269
0.0851876
0.0219262
0.0219762
0.0218853
0.332828
0.0212475
0.0229179
0.521924
0.021302
0.0212753
0.352611
0.0212047
0.0213585
0.0212232
0.184866
0.0269007
0.0372056
0.0217408
0.271069
0.0201763
0.0201445
0.0204172
0.0212473
0.0354045
0.0212666
0.0216376
0.0417272
0.0213461
0.395275
0.0224976
0.0279466
0.021718
0.0972158
0.0303877
0.021463
0.0211279
0.0219228
0.0215431
0.0213178
0.382269
0.0209671
0.0441903
0.0211648
0.0215751
1.62461
0.021065
1.03138
0.0809688
0.0212938
0.0535924
0.0211447
0.0218311
0.021248
0.0217363
0.0207252
0.0213259
0.0212911
0.0213551
0.106866
0.0214851
0.0209628
0.0217905
0.0207945
0.0212058
0.0212065
0.0214131
0.0205143
0.0213067
0.0212603
0.0213701
0.0212529
0.0218499
1.38246
0.021129
0.0218782
0.0451154
0.323597
0.0199302
0.0254002
0.0209782
0.0210337
0.0212814
0.0214337
0.664059
0.326451
0.0211078
0.0226028
0.321062
0.0215374
0.0192808
0.396977
0.019928
0.346041
0.0214677
0.0668041
0.0235499
0.242825
1.40662
0.457602
0.0209887
0.0211023
0.019971
0.0239765
0.0625775
0.0223932
0.0569808
0.427245
0.0213693
0.24664
0.0461088
0.0205889
0.0203984
0.0309207
0.029728
0.0212906
0.0210242
0.0200939
0.0238668
0.0237874
0.0240949
0.0237148
0.023972
0.406895
0.0210735
0.0212426
0.0211529
0.218449
0.0239121
0.023947
0.158554
0.423867
0.0234752
0.0210409
0.0237696
0.0212189
0.0330017
0.0213517
0.0219819
0.050177
0.0239911
0.119021
0.01982
0.302954
0.0333126
0.0870658
0.327062
0.642344
0.0211139
0.0213404
0.0213305
0.0827454
0.0214053
0.0208838
0.0213318
0.0279604
0.626868
0.269985
0.023652
0.022972
0.401306
0.0359687
0.28867
0.0439055
0.0446256
0.0366211
0.532932
0.309016
0.0211087
0.0211221
0.0211328
0.0406962
0.023464
0.0377075
0.0208614
0.0212347
0.0212206
0.192703
0.0211742
0.0211812
0.0210542
0.032514
0.0209495
0.0211541
0.0203166
0.0246827
1.25734
0.0272207
0.023611
0.0214918
1.14139
0.0255569
0.0199128
0.0213237
0.0195008
0.190186
0.0215326
0.021575
0.17918
0.0211457
0.0210019
0.0209648
0.0214142
0.0832741
0.0209995
0.0215227
0.0211116
0.0216176
0.0212338
0.0211377
0.0210565
0.0212334
0.0213343
0.396896
0.0212423
0.0206814
0.0779457
0.0480475
0.0255637
0.0623667
0.02098
0.203861
0.0212863
0.0275717
0.0210806
0.456272
0.0211146
0.0212276
0.0201292
0.316996
0.0240392
0.0211976
0.880681
0.021208
0.0201251
0.0212133
0.0219607
0.0262567
0.0209596
0.413252
0.0214431
0.0387789
0.038334
0.0213429
0.0316854
0.0210007
0.0206089
0.0211847
0.364802
0.0245761
0.0248573
0.0386418
0.891131
0.0256487
0.0314198
0.0240544
0.0213005
0.019775
0.174758
0.405627
0.0209779
0.0334541
0.0208967
0.0210175
0.371854
0.0205116
0.0212747
0.131086
0.0390487
0.483925
0.0212912
0.021032
0.0346439
0.0209416
0.0200129
0.452732
0.0211964
0.0261862
0.898785
1.34812
0.0213244
0.0221477
0.0211212
0.0198278
0.0245208
0.0215658
0.0213986
0.0318509
0.0206752
0.0242
0.021347
0.0222995
0.0233649
0.59268
0.0239219
0.0216808
0.165894
0.316921
0.0212356
0.266672
0.0216206
0.0212621
0.0213268
0.0209811
0.0235779
0.01961
0.318427
0.0211603
0.0236757
0.0217644
0.0197364
0.0210364
0.0212763
0.0232294
0.0208138
0.0211429
0.021868
0.0214274
0.376081
0.0213637
0.0219922
0.0474521
0.0221454
0.0202152
0.317847
0.245704
0.37754
1.45735
0.0634828
0.0205559
0.0220188
0.568
0.721357
0.033062
0.238902
0.319897
0.0214627
0.285898
0.419535
0.0214939
0.197891
0.0218464
0.573748
0.266279
0.447743
0.0219125
0.0210057
0.0507224
0.0212612
0.0213524
0.14344
0.0869606
0.0213285
0.0214069
0.0211051
0.730208
0.0210858
0.0210595
0.0212271
0.0209992
0.0210127
0.184092
0.0217922
0.0209584
0.0213697
0.0287444
0.264637
0.634544
0.0212788
0.0211275
0.0224888
0.0212725
0.0209907
0.0211226
0.587005
0.0212214
0.0338653
0.0211318
0.0214534
0.0202991
0.0213099
0.460019
0.246532
0.0205354
0.02166
0.30573
0.419146
0.0401195
0.51537
0.0213058
0.0288289
0.0211034
0.019725
0.0210984
0.0201405
0.0210622
0.0212381
0.0215725
0.108484
0.0199114
0.352871
0.603015
0.0198181
0.0293467
0.043405
0.0218292
0.0211221
0.0212042
0.0211149
0.0210333
0.311133
0.0197869
0.021071
0.218343
0.0210951
0.0212861
0.0209785
0.0268798
0.0213705
0.0213592
0.652826
0.0206634
0.0205978
0.0210864
0.0324554
0.0212414
0.0196088
0.0210927
0.0199187
0.521451
0.142945
0.0210286
0.134806
0.0197594
0.0212456
0.0216563
0.263469
0.870474
0.020004
0.0228095
0.0213071
0.021141
0.0210977
0.0210911
0.275431
0.319325
0.0212799
0.0218037
0.0270732
0.0209575
0.0210618
0.0239565
0.0262041
0.660013
0.021294
0.0234144
0.413943
0.0211183
0.0235151
0.279993
1.36672
0.0206662
0.0209459
0.0209085
0.0211181
0.0209692
0.277781
0.0210477
0.41912
0.249624
0.0218218
0.0235339
0.309843
0.0199888
0.13582
0.343259
0.112601
0.0247199
0.021176
0.0222257
0.276232
0.0208171
0.0263847
0.0209528
0.0200083
0.0200703
0.020122
0.021126
0.408646
0.0215701
0.435184
0.104862
0.0759635
0.485145
0.0197499
0.0213693
0.022547
0.328321
0.0211637
0.623092
0.0232445
0.02
0.0209275
0.271942
0.020922
0.0252636
0.322441
0.0210427
0.336766
0.0217637
0.041507
0.180862
0.0213779
0.0205901
0.0376534
0.137336
0.0211904
0.0225631
0.0201754
0.0211558
0.0208637
0.393913
0.0209927
0.0198945
0.0546924
0.0200974
0.339002
0.0213958
0.0211712
0.0211149
0.535559
0.020967
0.0208879
0.501988
0.142363
0.407364
0.0213086
0.0201124
0.0319843
0.729761
0.0705158
0.151882
0.0235415
0.0238463
0.0215256
0.0212639
0.0239616
0.0217089
0.0210822
0.0203739
0.0298287
0.0239203
0.0209189
0.0196094
0.0214915
0.0205779
0.0211917
0.0234968
0.102882
0.430646
0.0247069
0.513456
0.401431
0.02063
0.0209385
0.0219263
0.032756
0.0201978
0.0213708
0.0209048
0.0209923
0.0211365
0.0497037
0.0212655
0.0375964
0.0212581
0.0208389
0.0119945
0.0341776
0.0213753
0.0208703
0.0208432
0.644428
0.0683628
0.0214626
0.0202212
0.0215846
0.0209301
0.0212274
0.0210056
0.107159
0.0209899
0.0208399
0.0892999
0.0204704
0.0672771
0.0235312
0.0210234
0.0213021
0.25543
0.0414073
0.282881
0.507427
0.0233647
0.0221266
0.0216574
0.0212378
0.0270346
0.0208122
0.700306
0.638558
0.0224878
0.0344528
0.282285
0.0208401
0.451732
0.0229755
0.237961
0.0218658
0.0207737
0.0207903
0.0217017
0.0210712
0.0534672
0.398927
0.0330806
0.0211662
0.0209036
0.0208492
0.0663584
0.0230351
0.0139794
0.0208725
0.0212076
0.0317308
0.0210201
0.126737
0.0473269
0.020868
0.0213677
0.0197132
0.0211663
0.330157
1.46312
0.0208516
0.0210447
0.0206543
0.312475
0.0211428
0.0233777
0.140073
0.110858
1.35127
0.150671
0.514511
0.021238
0.0261791
0.0215255
0.0210703
0.0226789
0.0500066
0.0204569
0.0210999
0.0356414
0.021247
0.0201535
0.322813
0.0198651
0.0210531
0.0348254
0.337274
0.0200071
0.0201963
0.0425187
0.31752
0.0383211
0.354448
0.0213664
0.656134
0.0209704
0.0237642
0.0462289
0.8463
0.415118
0.0244544
0.66917
0.0795409
0.203338
0.0206013
0.0210066
0.0202119
0.021237
0.106764
0.0207594
0.0473592
0.0199683
0.0214903
0.0213132
0.425841
0.0213161
0.172107
0.0231138
0.025517
0.0279109
0.021131
0.0572165
0.0197039
0.0347997
0.0212325
0.0632636
0.0214023
0.0368858
0.225396
0.0251461
0.37231
0.0207831
0.380188
0.0234618
0.0242611
0.0213758
0.74837
0.0215152
0.0208819
0.0211955
0.161826
0.0214388
0.0199283
0.0395009
0.0244283
0.0661863
0.0208318
0.0199978
0.789451
0.036256
0.328364
0.503894
0.0208459
0.0196452
0.452427
0.0453024
0.0206675
0.0331616
0.328878
0.0207611
0.0215813
0.019775
0.0605024
0.379241
0.280044
0.0348374
0.0207926
0.0206526
0.0216611
0.0201724
0.0221916
0.0236456
0.021944
0.0203733
0.496728
0.0216813
0.0212042
0.0217254
0.281487
0.148872
0.0214592
0.0231637
0.0237301
0.475051
0.0207756
0.320519
0.0212985
0.0337496
0.490439
0.0213722
0.371276
0.0203953
0.0197891
0.0207913
0.020826
0.0206411
0.0208173
0.0197546
0.135315
0.0234699
0.0209946
0.478351
0.0208698
0.0212741
0.0206322
0.664881
0.0208862
0.0226094
0.0391508
0.0363014
0.0208981
0.0197636
0.621063
0.0211905
0.467599
0.281299
0.0212692
0.0216292
0.0307
0.223207
0.0252205
0.0201683
0.0206293
0.0223538
0.0271352
0.0228281
0.030845
0.0376593
0.0217566
0.021685
0.0236234
0.0219228
0.0339482
0.492433
0.0205466
0.32362
0.0316259
0.0212755
0.020916
0.0208768
0.020849
0.0206379
0.0209996
0.0207362
0.0215609
0.0267058
0.0224725
0.0210136
0.0229807
0.0242004
0.0205834
0.0207026
0.0846291
0.02234
0.0224804
0.0205667
0.0213794
0.0205427
0.0199729
0.434931
0.0213311
0.0210538
0.43672
0.528247
0.377931
0.0208755
0.2633
0.0214507
0.102572
0.48195
0.0216972
0.535715
0.0206719
0.0202874
0.46293
0.0208335
0.0486019
1.38288
0.449387
0.0235675
0.206275
0.0211701
0.0208206
0.0219358
0.0206403
0.439842
0.380516
0.0208607
0.456491
0.0741206
0.0197112
0.0206553
0.0240331
0.195274
0.0700421
0.0243567
0.291796
0.487339
0.0212174
0.444665
0.470429
0.146585
0.559393
0.0206929
0.465594
0.0197495
0.280033
0.295321
0.0197877
0.792283
0.400128
0.0353399
0.0196248
0.339032
0.0203865
0.0206605
1.66933
0.703042
0.0206706
0.0210977
0.15135
0.0197413
0.0241328
0.0207854
0.0411992
0.109671
0.0220082
0.0214483
0.319101
0.0340914
0.234153
0.315128
0.0207659
0.290748
0.0210177
0.365642
0.02459
0.0200901
0.401424
0.0213234
0.151494
0.0213461
1.5955
0.0210886
0.0210221
0.0202237
0.0213307
0.0204856
0.0214947
0.149858
0.616555
0.0205855
1.13559
0.0617225
0.0203077
0.0205509
0.486561
0.0660405
0.17319
0.440121
0.239855
0.020554
0.0211863
0.209502
0.024712
0.340588
0.0288021
0.0206154
0.0212161
0.0205942
0.0197862
0.0205889
0.0330483
0.0205709
0.337927
0.0208931
0.0213437
0.0854227
0.0197536
0.0333128
0.682926
0.0207929
0.0207705
0.0209475
0.0276694
0.0196243
0.0201513
0.257146
0.366774
0.0254609
0.0213568
0.0298797
0.0205218
0.0209408
0.0212368
0.30369
0.174286
0.315092
0.407683
0.0308015
0.039698
0.0833931
0.0210094
0.0226893
0.0196341
0.0196211
0.0231768
0.020804
0.397844
0.29239
0.0228618
0.630773
0.0281198
0.42282
0.304201
0.020011
0.0609884
0.0229991
0.049895
0.0213039
0.0204449
0.0201085
0.0292936
0.415883
0.462856
0.443215
0.020958
0.190872
0.0205743
0.18945
0.412856
0.0204641
0.0217186
0.0208787
0.680574
0.314083
0.0216157
0.0196144
0.0326017
0.0223529
0.294248
0.0214345
0.0209642
0.461602
0.304178
0.0205167
0.0235928
0.0206783
0.0233394
0.0214966
0.461285
0.0206963
0.0215282
0.0455748
0.0213302
0.0208374
0.232041
0.0440423
0.0214379
0.0212537
0.0216344
0.0205832
0.0204906
0.109264
0.406703
0.0208272
0.02369
0.0208162
0.0213526
0.0213409
0.021113
0.400152
0.374856
0.0749021
0.374643
0.0207462
0.0239276
0.0208321
0.0211172
0.0528187
0.0212673
0.138739
0.0207134
0.262821
0.0214051
0.242214
0.324247
0.0202124
0.0208254
0.0465332
0.0344217
0.112563
0.341395
0.201166
0.398851
0.0236747
0.0211772
0.303612
0.0207473
0.316386
0.0199222
0.0719831
0.0274641
0.0208156
0.0210024
0.0208598
0.0384339
0.284594
0.0209464
0.0750443
0.02138
0.0441364
0.0204646
0.0236689
0.0251469
0.0204315
0.552991
0.0702945
0.0201847
0.388383
0.0651501
0.0720132
0.0204525
0.333248
0.0206547
0.0202127
0.0313981
0.0204503
0.163597
0.0199593
0.0207982
0.0204985
0.0233288
0.334389
0.0207363
0.38482
0.0197055
0.0245855
0.32825
0.0209179
0.346193
0.0460252
0.0320142
0.0979082
0.0210293
0.0205282
0.928841
0.020471
0.0203544
0.020657
1.72863
0.335473
0.15439
0.713704
0.0200901
0.021021
0.0206093
0.0326496
0.020649
0.525955
0.109323
0.0212282
0.364595
0.0212043
0.287717
0.0203724
0.020167
0.0229685
0.0212999
0.189309
0.473382
0.0203103
0.0218105
0.0206813
0.429604
0.145955
0.0208222
0.422237
0.0209674
0.0212926
0.0197213
0.020038
0.084372
0.320211
0.0204286
0.344288
0.387098
0.0197624
0.438257
0.0205946
0.0208799
0.0608564
0.0203169
0.447119
0.0197924
0.021604
0.367843
0.0197494
0.0200706
0.0208855
1.94811
0.0245966
0.728387
0.142051
0.0237392
0.0232193
0.176189
0.020493
0.646659
0.0347674
0.0206264
0.29454
0.624565
0.0418552
0.113246
0.0330546
0.020359
0.430936
0.0677131
0.291175
0.315168
0.0204622
0.0203072
0.0207302
0.389506
0.0202873
0.0201342
0.27629
0.0253866
0.0212732
0.0203416
0.0208271
0.0202688
0.0202659
0.107702
0.0208144
0.205542
0.33071
0.0208553
0.0227531
0.0206162
0.0203785
0.248211
0.122809
0.511557
0.485267
0.0204953
0.0206606
0.0354751
1.38319
0.335154
0.0203984
0.550259
0.364689
0.0199086
0.0379938
0.0271585
0.020129
0.020833
0.0205866
0.0209118
0.0200764
0.0707787
0.407906
0.0207535
0.290732
0.0213194
0.0333762
0.0208963
0.0213233
0.0266733
0.0551876
0.0257465
0.0203187
0.019798
0.0202744
0.0202699
0.388221
0.0487824
0.386913
0.0706602
0.297845
0.0216772
0.0202941
0.0554387
0.296874
0.0212166
0.354282
0.022091
0.0197493
0.160689
0.369477
0.0214041
0.0245439
0.0664413
0.620939
0.0280798
0.0202567
0.0234407
0.0206945
0.211405
0.0206481
0.356605
0.353817
0.0333979
0.218542
0.0407622
0.0366929
0.301581
0.0208538
0.020305
0.0206514
0.0207326
0.330516
0.0206059
0.0206132
0.0237291
0.0210281
0.0201756
0.241674
0.244346
0.310069
0.0202001
0.358532
0.318085
0.264608
0.0207024
0.0203229
0.0219924
0.0201537
0.311735
0.0232006
0.0202633
0.0278405
0.0205623
0.314088
0.0475102
0.0205943
0.587087
0.134983
0.0203397
0.321384
0.387808
0.0964363
0.0207301
0.303658
0.368174
0.0196307
0.0204934
0.364106
0.020115
0.0208281
0.403776
0.0210699
0.0203576
0.020503
0.020323
0.282547
0.0201608
0.0203323
0.317679
0.0875027
0.0204765
0.0207331
0.237501
0.304895
0.021029
0.108157
0.0203723
0.663138
0.0724832
0.021531
0.0202036
0.311893
0.469109
0.0217102
0.0200851
0.384025
0.0230624
0.0201848
0.713366
0.0209072
0.0787975
0.0204584
0.361543
0.327142
0.268481
0.343593
0.0204055
0.283398
0.02084
0.0289651
0.316583
0.0201407
0.0448109
0.019807
0.385564
0.0206784
0.0203303
0.0199579
0.0204403
0.0202102
0.0200967
0.0457604
0.0214309
0.0636414
0.0216497
0.0196943
0.0218605
0.376881
0.0205395
0.283715
0.0202546
0.021071
0.469454
0.0211618
0.316541
0.0233452
0.141527
0.0200587
0.0201169
0.0214197
0.0214818
0.0202024
0.0222797
0.0212531
0.287818
0.0201375
0.0214918
0.0205186
0.367822
0.33621
0.0215738
0.0581384
0.020738
0.036552
0.023669
0.0202152
0.31218
0.0208146
0.0199074
0.331109
0.616432
0.211515
0.329186
0.021729
0.360802
0.0261237
0.0211879
0.344398
0.340656
0.0204069
0.381039
0.351272
0.0212569
0.0201925
0.027204
0.427982
0.285108
0.268535
0.329472
0.0238848
0.0201738
0.301572
0.327919
0.0207514
0.0197743
0.0208277
0.0221607
0.0202096
0.0200811
0.288949
0.0479983
0.0200401
0.374675
0.387081
0.0491779
0.323177
0.0201023
0.0201067
0.0635589
0.14318
0.222328
0.023307
0.38235
0.0200337
0.324273
0.347181
0.0265211
0.0215306
0.0211177
0.0203177
0.338223
0.020477
0.0200847
0.311214
0.0437846
0.0204784
0.326013
0.180549
0.0265498
0.0592816
0.37504
0.0204666
0.0202859
0.0208584
0.0368666
0.0210603
0.033526
0.0213147
0.0201375
0.307188
0.0200451
0.308095
0.325289
0.0200414
0.343526
0.308039
0.0202382
0.0206577
0.0201383
0.0200647
0.38961
0.0202913
0.378754
0.775621
0.320645
0.0315429
0.0353314
0.0209654
0.0210511
0.0268743
0.323486
0.0205993
0.328236
0.30365
0.287198
0.0197761
0.329317
0.0355426
0.363833
0.519675
0.0200662
0.0204645
0.361842
0.0207323
0.0200597
0.324517
0.0208783
0.0212185
0.485424
0.306274
0.0200734
0.0203843
0.325897
0.324752
0.318887
0.386424
0.0197165
0.11989
0.0202334
0.0199484
0.345267
0.0202021
0.0202112
0.0197886
0.315788
0.0196913
0.0197525
0.254732
0.0201704
0.0212744
0.02053
0.0221349
0.0202764
0.328828
0.174671
0.020152
0.0202345
0.0204736
0.019824
0.019972
0.0200907
0.0202907
0.0205066
0.0197769
0.020391
0.338689
0.0201767
0.0210031
0.0208879
0.0196816
0.477676
0.0197171
0.0201188
0.0383444
0.241657
0.0221914
0.345606
0.0213128
0.019806
0.0201487
0.339825
0.020291
0.0456154
0.026256
0.235453
0.0209685
0.0199519
0.318748
0.0365671
0.320633
0.212199
0.0187644
0.0199754
0.0196795
0.0306556
0.0207316
0.135933
0.286201
0.0213793
0.0211008
0.0199474
0.268669
0.0199243
0.0197531
0.0206171
0.102387
1.38698
0.319546
0.0201162
0.0210763
0.0207448
0.362956
0.022143
0.021061
0.0215494
0.0355587
0.0232852
0.150454
0.0298181
0.167003
0.575185
0.0203104
0.0201968
0.022885
0.263424
0.0199798
0.0198957
0.0250156
0.0508953
0.375778
0.0200835
0.0212454
0.0203185
0.0221461
0.019835
0.0212947
0.369623
0.38354
0.0201915
0.0220453
0.020787
0.0215559
0.0205302
0.0201625
0.300047
0.0239084
0.0196923
0.293696
0.0220273
0.0390502
0.0217569
0.028186
0.283989
0.0209789
0.2838
0.0204775
0.0198004
0.377298
0.270046
0.26616
0.0220771
0.0206781
0.0201823
0.0214849
0.269512
0.0202015
0.0614613
0.0270985
0.0201058
0.676684
0.0198954
0.0198962
0.0206156
0.0201732
0.278344
0.0210213
0.0201614
0.0220221
0.0510274
0.431822
0.0199047
0.0207553
0.0204175
0.0254078
0.321815
0.0203509
0.0199924
0.0202799
0.296271
0.0269309
0.352983
0.020024
0.0210753
0.037226
0.0205873
0.0197343
0.381307
0.118598
0.020384
0.303949
0.0199887
0.216707
0.158562
0.153847
0.254065
0.0203443
0.0201878
0.0200194
0.0199334
0.0213542
0.0196736
0.0201771
0.0197595
0.0263327
0.288935
0.0239638
0.0210931
0.02012
0.0210817
0.026963
0.115175
0.0199353
0.0206627
0.0200081
0.0208771
0.0217458
0.0200526
0.020151
0.0229919
0.33334
0.359541
0.0199628
0.130119
0.0967733
0.0199578
0.0217546
0.0199009
0.301399
0.0198969
0.29391
0.0584481
0.273538
0.317344
0.0991818
0.0227544
0.122781
0.0200104
0.317423
0.226863
0.289508
0.0309916
0.021165
0.311937
0.0201174
0.0254094
0.335547
1.39302
0.0197769
0.342883
0.022865
0.0213082
0.0200899
0.326593
0.0198089
0.0202657
0.134612
0.0753975
0.316386
0.0201976
0.308101
0.0200314
0.0219281
0.0232517
0.0368742
0.019608
0.0200856
0.194219
0.0208822
0.0716511
0.0253001
0.149654
0.335132
0.0211758
0.336888
0.229783
0.0207729
0.0208858
0.516448
0.171196
0.270681
0.217177
0.022639
0.0197032
0.0507152
0.288304
1.11316
0.0203343
0.232236
0.0264563
0.0218608
0.0207732
0.0201501
0.0231598
0.0197892
0.0199073
0.020954
0.0202947
0.0227093
0.0202975
0.0208355
0.0208389
0.0206479
0.0203435
0.0197824
0.0204089
0.260319
0.0205916
0.343626
0.880818
0.435765
0.0336303
0.353
0.0228387
0.0206552
0.0197872
0.0203298
0.373624
0.0205513
0.369411
0.0731573
0.0220992
0.0192505
0.0229547
0.0202142
0.113914
0.0230629
0.0409287
0.0222961
0.32559
0.0288221
0.0264471
0.0197859
0.0213812
0.0207162
0.287114
0.0205596
0.0210131
0.0201228
0.0197802
0.302805
0.0325485
0.0205262
0.0204195
0.0199995
0.0201822
0.0197953
0.32813
0.0202141
0.0197013
0.29851
0.0209913
0.0206097
0.0230476
0.019912
0.310051
0.0205608
0.0209668
0.0202457
0.0197338
0.0204043
0.0196966
0.0453297
0.380308
0.0197467
0.0210026
0.0206561
0.316456
0.0223029
0.0220763
0.25566
0.0208532
0.0220177
0.0219028
0.020031
0.0204186
0.0195933
0.256828
0.0204435
0.0197998
0.0197907
0.0197762
0.314061
0.0202457
0.0211143
0.0205249
0.0197782
0.23246
0.0197825
0.0210107
0.328663
0.336041
0.0197551
0.306789
0.0197196
0.0213177
0.0299187
0.363653
0.28014
0.549893
0.0200962
0.019758
0.0206008
0.303726
0.0196738
0.0200342
0.0202171
0.0197421
0.0215575
0.0197347
0.0215153
0.0201292
0.0205012
0.0198709
0.0251092
0.0197325
0.0198072
0.297353
0.0201205
0.0207445
0.0197308
0.0197667
0.0198944
0.0197201
0.0198793
0.212498
0.019721
0.0205276
0.022614
0.0196858
0.342693
0.0197479
0.019609
0.0246169
0.0204027
0.0196845
0.0198803
0.0197766
0.0197823
0.6423
0.177054
0.0199755
0.0228373
0.0230188
0.0202831
0.299699
0.0215538
0.020261
0.0198184
0.328138
0.0198993
0.0205
0.0198844
0.0203476
0.0224674
0.0202187
0.261425
0.0228266
0.0209514
0.0217203
0.0199938
0.272363
0.032827
0.0197005
0.021007
0.341866
0.234613
0.297592
0.074524
0.0206888
0.0201279
0.376516
0.0197343
0.0211328
0.0220248
0.0236892
0.294202
0.0205727
0.0198275
0.0203124
0.0201088
0.423147
0.0229332
0.0216598
0.0204629
0.0206829
0.0196728
0.0227312
0.0207769
0.0200198
0.39386
0.021101
0.0213329
0.0201569
0.0197984
0.328149
0.0232154
0.0197869
0.0230851
0.0200215
0.0200844
0.0214217
0.0198793
0.0209312
0.418813
0.0197336
0.260688
0.0207808
0.0199048
0.0201486
0.032144
0.0209379
0.0203119
0.0202433
0.607283
0.0197892
0.0201445
0.171143
0.45515
0.0197894
0.271179
0.321061
0.0207026
0.0198796
0.282834
0.0201867
0.291888
0.0204067
0.0202437
0.0223934
0.0211112
0.0214419
0.0209358
0.0204583
0.0208705
0.281215
0.0197324
0.285092
0.0251015
0.0212086
0.0228047
0.0198804
0.0202223
0.0535038
0.0198955
0.0206296
0.0212999
0.0217456
0.0198152
0.0219095
0.0224931
0.0197618
0.0214633
0.0207215
0.0197434
0.0201259
0.0205597
0.431481
0.216131
0.326034
0.0199752
0.0197024
0.0197353
0.382216
0.020458
0.151717
0.0202805
0.293739
0.298247
0.156642
0.0197052
0.267591
0.0207436
0.0556844
0.0263333
0.0200655
0.300901
0.0212382
0.0196633
0.020725
0.0197124
0.0196862
0.0200837
0.0432198
1.28299
0.0207916
0.0222774
0.0196847
0.0198007
0.0207778
0.818007
0.206805
0.0752352
0.0203114
0.0197016
0.0296837
0.0197318
0.281254
0.0202505
0.0209624
0.0206916
0.0205227
0.0223115
0.0208575
0.0199157
0.019955
0.292721
0.274078
0.0195857
0.0207862
0.0197603
0.244289
0.0197678
0.0202787
0.0196105
0.0197303
0.0224219
0.0224574
0.0246337
0.0202925
0.0297862
0.303754
0.0231815
0.0206445
0.0197961
0.0195928
0.0198581
0.0212537
0.0199404
0.0195972
0.0303414
0.0224714
0.022443
0.0196575
0.254301
0.019868
0.0201978
0.0246721
0.020012
0.0198834
0.0347451
0.0197209
0.423004
0.0661017
0.0196695
0.0196211
0.0208313
0.0209624
0.180016
0.0214252
0.0196702
0.0203451
0.0201219
0.0224766
0.0224504
0.259402
0.0197208
0.0224523
0.0209056
0.0199695
0.0208098
0.0224907
0.0202181
0.0199805
0.0202054
0.0200777
0.0224511
0.0205437
0.0415488
0.0214997
0.0198161
0.281109
0.0327298
0.0199472
0.445853
0.0197076
0.420098
0.33057
0.0208144
0.0230849
0.0206071
0.0233898
0.0224745
0.0201609
1.12953
0.0205267
0.0201236
0.0198764
0.228539
0.0231731
0.0195791
0.0203624
0.020659
0.0224405
0.0203162
0.295769
0.420626
0.0279086
0.0221147
0.0201235
0.0197768
0.0242733
0.0204531
0.0230048
0.0350065
0.0200455
0.0208447
0.020894
0.344829
0.0196947
0.0203294
0.318168
0.0225078
0.0195981
0.0207161
0.0197771
0.332871
0.0436346
0.019817
0.0196117
0.0206623
0.0197546
0.0203845
0.309871
0.0197473
0.32636
0.022494
0.191323
0.0284054
0.0209343
0.0230678
0.0239081
0.251186
0.236224
0.656783
0.023262
0.0195873
0.0200995
0.020612
0.307022
0.0196052
0.285568
0.278726
0.022794
0.0232213
0.0225457
0.0225572
1.22348
0.320627
0.019697
0.0200544
0.0200262
0.0206731
0.0201795
0.0230707
0.0213882
0.0225413
0.0225979
0.0197606
0.0196818
0.231279
0.0203802
0.0198183
0.0203792
0.0199828
0.0198783
0.0230412
0.0229122
0.0197828
0.0230356
0.235528
0.0232905
0.0195521
0.019556
0.0269792
0.907371
0.0207527
0.0305778
0.0211061
0.0197493
0.283098
0.0203232
0.0205737
0.338985
0.0207593
0.0195898
0.0205993
0.0196515
0.0224687
0.0199218
0.0196531
0.0228442
0.0201053
0.0203941
0.0195963
0.0207258
0.0225282
0.0195792
0.286413
0.170497
0.0196619
0.0207854
0.0198899
0.321675
0.0206118
0.0196521
0.0196697
0.282505
0.282392
0.0212601
0.022727
0.0226834
0.022743
0.0227086
0.0226522
0.0226959
0.0227181
0.0227347
0.0226761
0.0225896
0.022689
0.0226457
0.0225698
0.0225254
0.0225521
0.0224386
0.0224281
0.264689
0.0225027
0.0225095
0.0225795
0.0224919
0.0224987
0.0225952
0.0225137
0.0225859
0.022582
0.0195439
0.019532
0.0224915
0.0224617
0.121774
0.258716
0.254439
0.0267941
0.0203415
0.0197774
0.0195951
0.0195218
0.0198696
0.0225153
0.022508
0.0224971
0.0224235
0.0224811
0.0224991
0.0225267
0.022515
0.0225238
0.0225956
0.0225645
0.0225501
0.230581
0.0225503
0.25186
0.0213867
0.0224683
0.022564
0.0225067
0.022504
0.0224759
0.022578
0.0225105
0.0200212
0.0225084
0.0225834
0.0207574
0.0225017
0.267694
0.0203695
0.0205306
0.0213909
0.0206048
0.0205868
0.023485
0.0197051
0.0208812
0.923313
0.327089
0.0209273
0.352835
0.0199633
0.0196871
0.0209631
0.329136
0.311664
0.0198705
0.0197765
0.019746
0.543689
0.0198659
0.0218297
0.0198698
0.0202011
0.152675
0.349377
0.0412056
0.210579
0.0198217
0.0207368
0.0211446
0.0197913
0.019767
0.0614604
0.305549
0.0210785
0.0198666
0.0196317
0.269858
0.0197241
0.019811
0.0200396
0.0424637
0.234294
0.0891756
0.0202401
0.0981521
0.0206447
0.0369777
0.237704
0.0197694
0.21307
0.0198956
0.0331149
0.0211928
0.0333404
0.258633
0.0195934
0.0199799
0.446627
0.0197073
0.25457
0.281549
0.0199129
0.605137
0.0208292
0.0204512
0.0198669
0.0205017
0.0202623
0.0198679
0.0197427
0.0198332
0.0199601
0.0201125
0.280587
0.0226666
0.360014
0.340915
0.020042
0.019657
0.0960932
0.0200913
0.0198271
0.0197738
0.0205722
0.0200111
0.0204874
0.0197412
0.0206509
0.0198958
0.0224625
0.0198017
0.0205097
0.0198527
0.639913
0.0207783
0.0226675
0.0197061
0.0205309
0.0203227
0.0200633
0.0208113
0.0681306
0.0219174
0.0210578
0.020063
0.0195981
0.0195814
0.0195762
0.0215112
0.281563
0.0201973
0.0197061
0.0198967
0.0205863
0.107622
0.0208377
0.0198676
0.263644
0.0203476
0.0212023
0.445072
0.0206951
0.0346761
0.0227281
0.0198297
0.0201067
0.0136756
0.0204066
0.0229853
0.0199018
0.0198683
0.0394055
0.271254
0.0200023
0.0196809
0.0196423
0.0202155
0.0197525
0.0197325
0.0197342
0.0196751
0.0204909
0.0208675
0.0401032
0.0272384
0.0201236
0.0196554
0.16169
0.0196695
0.0199884
0.021613
0.0195791
0.297576
0.0201546
0.0198836
0.0283213
0.021433
0.0210916
0.0198337
0.0196391
0.384735
0.0198158
0.0204751
0.0201706
0.0195794
0.0203139
0.021321
0.0203482
0.0197078
0.0219679
0.0206234
0.0201624
0.022596
0.0200784
0.0204939
0.0210318
0.33052
0.0392665
0.0231553
0.905606
0.0196001
0.0202261
0.0200239
0.0198866
0.0200566
0.0202266
0.0196469
0.019563
0.020191
0.220279
0.0216748
0.0199297
0.0202848
0.0201093
0.0200311
0.317698
0.0204081
0.021007
0.020162
0.0196146
0.0197206
0.0323454
0.0204365
0.0197672
0.0203395
0.0196537
0.0198211
0.168684
0.0215981
0.0195766
0.0197173
0.0222816
0.025706
0.0203627
0.0199994
0.019656
0.0205384
0.0195878
0.0217561
0.0198152
0.0204848
0.0198045
0.0196699
0.0223022
0.019897
0.0198719
0.0200782
0.0196389
0.0196562
0.019916
0.022758
0.19228
0.0196959
0.0232043
0.0196798
0.0200936
0.0197541
0.0199401
0.020111
0.0220368
0.205825
0.0218511
0.0344083
0.0198328
0.0196358
0.0199564
0.0197197
0.0197652
0.0199278
0.0208799
0.0210242
0.01979
0.021421
0.0199589
0.0197024
0.30176
0.0210797
0.02052
0.0196899
0.0263589
0.0279127
0.0202264
0.0207306
0.0197263
0.161993
0.0201276
0.47419
0.0196393
0.0198138
0.236605
0.0401252
0.020679
0.0203098
0.0201944
0.0196554
0.0205057
0.0206842
0.0202775
0.277775
0.0199272
0.0197681
0.302317
0.0227474
0.0206226
0.0233697
0.0196552
0.0207286
0.0326115
0.0199874
0.0203969
0.0202586
0.0207807
0.0198999
0.316962
0.0196449
0.0197099
0.0200761
0.020847
0.0208473
0.0207258
0.0209692
0.184936
0.0201358
0.0213807
0.0197948
0.0199721
0.0443182
0.0198787
0.0561239
0.0197456
0.0203968
0.0205152
0.0198969
0.0195669
0.0964759
0.0205181
0.0201366
0.0208307
0.325998
0.323251
0.16381
0.0199154
0.0197541
0.020538
0.0200121
0.0210389
0.0221823
0.0208177
0.0198244
0.0200618
0.0198791
0.0242932
0.02014
0.0325288
0.0195945
0.0248871
0.0205872
0.0198665
0.0204059
0.0208804
0.0208352
0.0224327
0.0209671
0.019767
0.0206079
0.0201166
0.0391983
0.114841
0.0201282
0.0195609
0.0204306
0.0203961
0.0196161
0.0201179
0.198972
0.0217347
0.0207152
0.0210084
0.0196843
0.0200877
0.0216324
0.0198798
0.0201801
0.175431
0.0204815
0.0205928
0.0200364
0.221954
0.0197993
0.020387
0.0480689
0.251592
0.0198486
0.382927
0.0196739
0.0208007
0.0218814
0.0238497
0.0198638
0.070118
0.0379639
0.0212044
0.0197219
0.0200749
0.019706
0.382015
0.0196334
0.0196588
0.0197117
0.0200008
0.0196844
0.0213962
0.0207321
0.0233351
0.0994048
0.0196297
0.0383745
0.627956
0.0214119
0.0214231
0.0203092
0.0198555
0.0222192
0.0196905
0.0198884
0.0196393
0.0196723
0.379018
0.020262
0.0209366
0.0265773
0.0211517
0.048226
0.0197557
0.0208742
0.0197315
0.019567
0.020221
0.0201049
0.0201377
0.0206874
0.0219686
0.118299
0.0196891
0.0197724
0.020277
0.0196558
0.0675046
0.0249932
0.0198633
0.0203539
0.272212
0.0201296
0.0205252
0.0210139
0.359041
0.0213492
0.0197677
0.341449
0.0218029
0.0208535
0.0207198
0.189823
0.267184
0.0197849
0.0196443
0.0199681
0.0199986
0.02134
0.0197645
0.020767
0.0212314
0.137856
0.276426
0.0203979
0.154986
0.347591
0.0196433
0.0206995
0.0196835
0.021339
0.0201068
0.0200511
0.0210103
0.0857857
0.0534879
0.0199453
0.0196881
0.0201515
0.272495
0.0217257
0.0210263
0.0198493
0.0198279
0.0231599
0.0202226
0.0197477
0.38155
0.274617
0.275113
0.0196744
0.0220294
0.0199635
0.0212244
0.268173
0.0205041
0.327347
0.285353
0.0196474
0.0212546
0.0214487
0.0197229
0.0201709
0.0217002
0.0211609
0.0199765
0.02024
0.339191
0.0218324
0.0209356
0.272427
0.18909
0.0204241
0.0214681
0.0204091
0.289569
0.272201
0.265726
0.268905
0.300375
0.3123
0.299336
0.287315
0.020865
0.4117
0.0223432
0.0198052
0.0207767
0.0208337
0.0210103
0.0243543
0.0359247
0.295375
0.0289785
0.0196973
0.019655
0.0198944
0.0204274
0.0199088
0.0441126
0.0285781
0.0201479
0.332651
0.0316203
0.0203221
0.0200007
0.020713
0.0220158
0.0199433
0.0206032
0.0209856
0.0227919
0.378834
0.0198961
0.0981056
0.0230292
0.0201263
0.308579
0.0223628
0.0231058
0.0201019
0.282197
0.0208148
0.0196787
0.206927
0.0199507
0.0212224
0.0203014
0.332737
0.0203733
0.020527
0.0201722
0.0202617
0.0197388
0.109611
0.0197319
0.0217276
0.0211527
0.0200468
0.0197001
0.0203726
0.0225583
0.215056
0.109444
0.0214961
0.0270236
0.0198498
0.317603
0.0203863
0.0211223
0.0202863
0.0203472
0.0745526
0.0197109
0.0206117
0.0199491
0.356976
0.0196694
0.270104
0.223658
0.0332821
0.0200781
0.338292
0.0682357
0.0197681
0.0227582
0.0199004
0.0197851
0.0202908
0.0222423
0.0200991
0.0383603
0.0446422
0.0203656
0.0197446
0.0220204
0.0212759
0.0206935
0.0301052
0.260248
0.0204863
0.020292
0.0202983
0.27891
0.274133
0.284035
0.0198811
0.315113
0.0200157
0.0202538
0.0821886
0.0247657
0.320325
0.0211489
0.0185807
0.0201212
0.0199425
0.283551
0.382675
0.0219768
0.246328
0.267608
0.332463
0.335325
0.332399
0.0527128
0.276412
0.0198805
0.0241563
0.228257
0.0210733
0.28697
0.288717
0.0211067
0.0200989
0.0199195
0.31247
0.119649
0.256538
0.0205601
0.0198639
0.0200011
0.175017
1.99744
0.376657
0.219024
0.0211745
0.113143
0.377332
0.0199832
0.0623311
0.0201489
0.0965681
0.0199429
0.0206086
0.0253279
0.025119
0.245222
0.01986
0.0200951
0.019882
0.169092
0.0203814
0.0200136
0.154121
0.0241866
0.0204747
0.112503
0.0203945
0.0198949
0.314
0.0253004
0.0204862
0.0228215
0.0201386
0.108984
0.0200783
0.128902
0.0214601
0.0200103
0.0201352
0.0207731
0.256199
0.170831
0.276891
0.272047
0.0211622
0.0281694
0.0211175
0.070327
0.0200463
0.0200688
0.019879
0.307317
0.0197237
0.082648
0.020528
0.0200222
0.0221681
0.219446
0.0357339
0.0241468
0.0201414
0.0198813
0.0199494
0.275269
0.0209477
0.105476
0.292001
0.0204557
0.0204573
0.261153
0.261411
0.0199915
0.0209801
0.0204422
0.0421968
0.257817
0.0198887
0.0204531
0.75547
0.263117
0.0207198
0.0199627
0.0329262
0.0209469
0.0203736
0.0209827
0.0204769
0.29629
0.0205148
0.362893
0.0207927
0.29853
0.0252567
0.278302
0.321783
0.0200134
0.271562
0.0200264
0.26019
0.284294
0.31446
0.0206633
0.0271912
0.272565
0.0224548
0.280373
0.2948
0.344939
0.0207669
0.0199162
0.0198947
0.0202806
0.0234296
0.0203891
0.182954
0.0302648
0.0207821
0.0198299
0.0506803
0.0203743
0.244625
0.17296
0.274247
0.353862
0.0219418
0.0279547
0.0205418
0.0205276
0.0217634
0.0308341
0.0197981
0.0198643
0.0199657
0.205044
0.0200487
0.142065
0.0205902
0.0201811
0.0202878
0.029544
0.0203406
0.329733
0.0206627
0.0203358
0.0204884
0.336114
0.334358
0.323564
0.020213
0.0779748
0.0224216
0.290021
0.288994
0.0202021
0.020439
0.0220433
0.332993
0.0200623
0.0206738
0.0204044
0.0201865
0.504132
0.0236949
0.0204441
0.0141285
0.421281
0.0214589
0.364345
0.020293
0.366294
0.0458932
0.0207334
0.317291
0.0198509
0.0203611
0.020023
0.0229015
0.0199932
0.020023
0.729979
0.0202649
0.0198363
0.0205308
0.0200889
0.0200922
0.0201085
0.0201471
0.224566
0.385655
0.0218199
0.0204987
0.0234189
0.0189727
0.0199883
0.0213718
0.347506
0.0226256
0.0322543
0.0205973
0.0254056
0.0198354
0.0236356
0.0198491
0.0220358
0.0209139
0.0197698
0.240395
0.0208305
0.0168501
0.440866
0.0218637
0.0203501
0.233707
0.277756
0.0225276
0.376368
0.316087
0.0202966
0.0204087
0.0205282
0.0204425
0.0235338
0.0197111
1.07638
0.0202833
0.0216789
0.020412
0.0205771
0.323707
0.324525
0.0208259
0.0204859
0.399406
0.363495
0.0203121
0.0201445
0.0211725
0.0654853
0.0202697
0.0216554
0.0201463
0.020029
0.0199606
0.020485
0.0206182
0.0198511
0.0201272
0.0198358
0.0205959
0.0199382
0.0199714
0.0199714
0.021885
0.0200618
0.374177
0.422352
0.020842
0.0201656
0.021259
0.0205662
0.0199593
0.256253
0.647599
0.0199613
0.122518
0.0199665
0.01996
0.0698037
0.0196438
0.0203342
0.177268
0.0199909
0.0196762
0.0205748
0.285563
0.0207099
0.455377
0.273325
0.0202652
0.0201824
0.0198369
0.197888
0.0217252
0.0212945
0.0232198
0.705543
0.0211204
0.0208268
0.0204397
0.0210397
0.0203195
0.0244724
0.682125
0.0453744
1.33794
0.023045
0.020033
0.0206697
0.0199467
0.207364
0.0201645
0.276085
0.0202256
0.0224256
0.0199582
0.0203831
0.380637
0.0200067
0.0199924
0.0199835
0.0253168
0.0894111
0.0200459
0.0199484
0.0225917
0.0204493
0.0217531
0.273266
0.0215277
0.0202436
0.336578
0.074674
0.178569
0.020861
0.320262
0.142437
0.020264
0.0215617
0.0200068
0.0218949
0.0198385
0.0206771
0.019979
0.0213698
0.347929
0.0206261
0.306804
0.0212789
0.0242531
0.42713
0.0202666
0.0206112
0.373003
0.0208617
0.0222534
0.181839
0.0196899
0.670671
0.0198541
0.0204522
0.380409
0.019854
0.0209415
0.0209463
0.35446
0.0204724
0.024689
0.25328
0.0215077
0.298484
0.0248116
0.0199864
0.0203268
0.0204315
0.0207376
0.0200221
0.0200847
0.0203663
0.0323283
0.0213168
0.0850944
0.294659
0.0204668
0.0207741
0.0200485
0.0205326
0.330597
0.020309
0.695427
0.276723
0.25436
0.0202336
0.0277518
0.020449
0.275196
0.210943
0.0209184
0.146775
0.0198488
0.0201625
0.0239123
0.0206061
0.0201994
0.452146
0.463381
0.0244662
0.289404
0.0204837
0.0201061
0.0637607
0.0347745
0.377172
0.0222691
0.0205932
0.02003
0.681457
0.0206241
0.303405
0.0221984
0.019728
0.0234872
0.0198469
0.0200904
0.0213514
0.270712
0.0205564
0.0215451
0.0572012
0.0200571
0.0208314
0.0207695
0.332837
0.0204563
0.0206804
0.0203952
0.020421
0.538173
0.0200244
0.0199782
0.0209439
0.0203613
0.0205057
0.0278755
0.0200433
0.0214873
0.0856198
0.0201231
0.0205608
0.305697
0.0200567
0.0203597
0.352912
0.0209308
0.0202754
0.020648
0.0664024
0.0207134
0.0208592
0.24196
0.0198193
0.0205276
0.0204278
0.0200753
0.1406
0.0201083
0.0202436
0.0205948
0.0198701
0.33838
0.305512
0.0201075
0.0209022
0.0209264
0.0199128
0.0202393
0.0212985
0.0201159
0.0212027
0.0205166
0.0205812
0.020034
0.302441
0.0204173
0.0204105
0.277315
0.265596
0.194936
0.0202592
0.0213731
0.0205491
0.274938
0.0207035
0.0450704
0.42824
0.358018
0.079353
0.335777
0.0201281
0.0204822
0.0279774
0.0217085
0.387514
0.423272
0.0198687
0.0203226
0.0202067
0.0207628
0.019842
0.0204313
0.0199571
0.0210121
0.0211992
0.0515073
0.0198579
0.20864
0.0772658
0.0200557
0.334416
0.0196637
0.0200561
0.0216822
0.0201239
0.0203898
0.0198165
0.0218056
0.0227464
0.0200895
0.0206503
0.0218272
0.0204608
0.0207307
0.0221329
0.0204665
0.0200703
0.304655
0.111124
0.0204392
0.020402
0.0199919
0.325598
0.0558516
0.0200851
0.0237149
0.021901
0.0237846
0.0297339
0.306577
0.0207363
0.202222
0.295721
0.0952632
0.334608
0.339285
0.215516
0.0202231
0.0206956
0.020161
0.0423748
0.0202467
0.0203036
0.0494402
0.0203659
0.162747
0.0204967
0.373721
0.0205782
0.0202581
0.020208
0.0198978
0.491545
0.0217222
0.0201934
0.0199436
0.190073
0.152813
0.158696
0.0202316
0.0204388
0.288485
0.0206055
0.366318
0.0196233
0.0208031
0.273144
0.0251738
0.225111
0.0208802
0.0747817
0.0211674
0.0202388
0.0212063
0.0201268
0.0210585
0.0205487
0.0209315
0.382501
0.202238
0.322009
1.3812
0.0208142
0.021182
0.0202954
0.0196703
0.0776798
0.0205172
0.0204379
0.019655
0.0204368
0.020225
0.0205656
0.0675855
0.371317
0.37879
0.0302287
0.0215555
0.0202242
0.0202319
0.0202609
0.383978
0.0210422
0.0913881
0.0224414
0.383746
0.0199748
0.0206041
0.346871
0.0205414
0.0202448
0.0214363
0.0209955
0.0203356
0.0202592
0.020121
0.0200901
0.0199481
0.0204365
0.020079
0.0203057
0.305381
0.0201425
0.0203316
0.0207464
0.0200153
0.0202767
0.0217544
0.485371
0.0207195
0.0206654
0.0204978
0.315344
0.223189
0.0300748
0.377933
0.02043
0.0205303
0.020402
0.0207739
0.0206394
0.0205725
0.0202404
0.0202908
0.0203781
0.0423235
0.0208049
0.0200606
0.478617
0.020479
0.0209708
0.691874
0.0209463
0.0278269
0.199373
0.0200597
0.0214406
0.0222164
0.376764
0.483554
0.526569
0.0205068
0.0203159
0.0203061
0.0205778
0.0204387
0.0203921
0.0219381
0.0264945
0.0226662
0.0237266
0.38395
0.0200766
0.022207
0.0228089
0.326622
0.0202058
0.335152
0.0203341
0.0204373
0.0196318
0.0200348
0.450985
0.0207244
0.0202887
0.0203064
0.0204854
0.0273547
0.325063
0.0200424
0.0205646
0.0211197
0.462668
0.021125
0.0224637
0.384638
0.344853
0.0204139
0.0204165
0.375868
0.0203117
0.0203289
0.214714
0.0210661
0.0203906
0.0200763
0.0205978
0.389925
0.0250555
0.02316
0.0207205
0.0200341
0.0204478
0.0241247
0.0204134
0.0212174
0.0203236
0.0236322
0.329186
0.0203759
0.0205819
0.0203618
0.320371
0.0225426
0.0464145
0.360598
0.0218836
0.0207364
0.01999
0.346107
0.020672
0.560531
0.0204096
0.229674
0.0203939
0.297706
0.0410969
0.0206326
0.0212369
0.406901
0.0206628
0.0235772
0.0212043
0.237708
0.020504
0.0203736
0.020426
0.0203569
0.0269679
0.0205116
0.0204748
0.0206452
0.353454
0.0296441
0.0207598
0.0210406
0.377673
0.0205341
0.591412
0.0216153
0.359973
0.0314801
0.316569
0.0199747
0.325495
0.0200944
0.0203903
0.583681
0.0206338
0.0206829
0.0211452
0.0237447
0.0212001
0.0201912
0.0203366
0.0251987
0.0202585
0.0214553
0.173623
0.0196156
0.381869
0.0205455
0.348396
0.0212514
0.0214007
0.0200725
0.481666
0.0206957
0.122044
0.0203954
0.0214026
0.0212618
0.0221359
0.0202075
0.0196257
0.0204841
0.0201754
0.0204953
0.42737
0.0202666
0.0218612
0.150272
0.0206079
0.0210601
0.53993
0.0203985
0.0207423
0.501577
0.0287482
0.0203899
0.0207821
0.0214036
0.0215822
0.0203935
0.0215175
0.210664
0.42881
0.0205117
0.412504
0.020814
0.0207227
0.0207417
0.020768
0.49812
0.43012
0.0280102
0.0211447
0.0205851
0.0733878
0.0204641
0.0203793
0.020733
0.437686
0.0201968
0.0196254
0.0204279
0.0217307
0.370309
0.0226845
0.0205382
0.0221161
0.0202456
0.0203725
0.0225612
0.439841
0.0223103
0.329262
0.0244476
0.0201462
0.024058
0.0201708
0.024063
0.0214066
0.197213
0.38376
0.0199108
0.0203148
0.0246031
0.0265167
0.337693
0.701898
0.0204299
0.385114
0.0206489
0.0209566
0.0203426
0.0458577
0.0210007
0.0327046
0.0205401
0.0214589
0.433838
0.0212632
0.206188
0.0203693
0.128665
0.0641249
0.0202027
1.40202
0.0211364
0.191203
0.0974511
0.0573991
0.0202348
0.021455
0.020325
0.0214826
0.0206964
0.354801
0.0207519
0.0198314
0.0209393
0.0202903
0.161073
0.0208458
0.0217927
0.0205144
0.0231453
0.0207122
0.0222006
0.0206753
0.0206832
0.0200017
0.0208924
0.0207413
0.0213764
0.0210871
0.0206471
0.232717
0.0211483
0.0204838
0.0204974
0.478643
0.190151
0.0205115
0.0199662
0.0213911
0.0905823
0.317692
0.0373023
0.0200225
0.372793
0.0202458
0.0202495
0.0214913
0.0214437
0.0209702
0.496356
0.0202064
0.0206274
0.0207834
0.0226612
0.0207057
0.0202805
0.0204928
0.0205328
0.021155
0.0208789
0.0208205
0.0208537
0.022709
0.0260853
0.0207664
0.0206141
0.273733
0.0226682
0.308797
0.0204519
0.020511
0.388163
0.0220086
0.20583
0.0231031
1.26756
0.0205695
0.0218477
0.0205309
0.0204712
0.369953
0.0209803
0.0220968
0.0205931
0.0213835
0.0205791
0.0244596
0.145092
0.0235531
0.0208593
0.0211137
0.468953
0.0203997
0.0208699
0.0222371
0.0205841
0.212111
0.020663
0.0199307
0.370267
0.0231328
0.0262553
0.0210903
0.0211819
0.0211146
0.0203752
0.0203849
0.0205387
0.0203163
0.0207799
0.376652
0.0200239
0.459308
0.0266982
0.0214316
0.0217966
0.0212643
0.0209554
0.0208098
0.02045
0.377882
0.0233248
0.181438
0.0203734
0.722502
0.0205137
0.125991
0.0209419
0.0224175
0.429463
0.0206985
0.0395186
0.0207879
0.0202564
0.0205096
0.0207864
0.764974
0.383122
0.0357225
0.0206141
0.020783
0.0206255
0.493237
0.0206991
0.0212019
0.0235922
0.0259454
0.730092
0.0205121
0.0205637
0.0208465
0.0202968
0.336323
0.0205251
0.0239712
0.0203714
0.0198324
0.499549
0.020617
0.0203874
0.0232998
0.487926
0.0204965
0.183878
0.0218516
0.0215286
0.0212017
0.021197
0.0214639
0.206819
0.205725
0.406546
0.0214116
0.0566212
0.0196216
0.0219692
0.0205822
0.0216549
0.380799
0.0201569
0.287404
0.0240702
0.0222371
0.0218959
0.440537
0.247541
0.112499
0.0211041
0.0210305
0.0242594
0.0209379
0.0199184
0.0199745
0.375369
0.65498
0.0196265
0.0336901
0.0214289
0.0276501
0.428197
0.0202887
0.434991
0.189977
0.0208851
0.0304617
0.437006
0.0212625
0.562047
0.0206312
0.0198463
0.0228207
0.126375
0.0212798
0.0296683
0.0206257
0.0259756
0.0274716
0.0230824
0.0207474
0.247171
0.485265
0.0201354
0.0198864
0.0205571
0.0212227
0.021234
0.0195959
0.0208694
0.0199767
0.074924
0.020796
0.522426
0.0210743
0.0216592
0.0899203
0.0210711
0.0200895
0.476029
0.020737
0.0205973
0.0208983
0.020071
0.0219674
0.020717
0.0196514
0.0650421
0.019983
0.0257139
0.0208918
0.0213485
0.0202423
0.0205714
0.551905
0.0200339
0.0205967
0.480265
0.376272
0.0208214
0.0211514
0.435643
0.0207988
0.0207372
0.0203961
0.0401713
0.0210549
0.02065
0.0307738
0.0213223
0.021455
0.0208739
0.0205831
0.0206822
0.0206431
0.0205551
0.0316884
0.292574
0.0270111
0.0206872
0.0205512
0.0209129
0.335705
0.99371
0.0225836
0.435651
0.0915911
0.0199298
0.0196298
0.278961
0.35208
0.0209137
0.0200734
0.52995
0.301506
0.0287309
0.0214405
0.0198339
0.0207034
0.376168
0.0211433
0.0264101
0.404561
0.0206093
0.425236
0.0273376
0.0213493
0.0205399
0.0206797
0.020689
0.0449982
0.0210597
0.0268234
0.0207285
0.0214597
0.0212066
0.0204409
0.0320373
0.0209538
0.0207467
0.0206157
0.376599
0.0200392
0.0206909
0.0213118
0.675347
0.27395
0.0204283
0.0406495
0.0204966
0.0202176
0.0206048
0.0220518
0.0241348
0.0200495
0.0204718
0.0211197
0.208706
0.0205957
0.300438
0.0200619
0.0227784
0.0211309
0.0205967
0.0199129
0.0204094
0.0218799
0.113625
0.0219464
0.0207557
0.0210233
0.360622
0.0211028
0.0206416
0.0234015
0.0219077
0.0209019
0.0207796
0.347329
0.0227981
0.0277628
0.0232816
0.0242303
0.0202673
0.0209742
0.0205943
0.0208231
0.0216329
0.380697
0.0208381
0.0210521
0.0208259
0.0240366
0.0257953
0.0208625
0.69705
0.0236779
0.0209026
0.0384368
2.91757
0.125236
0.118087
0.0214215
0.0206376
0.0210022
0.0218183
0.0207922
0.143815
0.0284183
0.0206604
0.435088
0.0204585
0.0212101
0.0207947
0.0206564
0.332234
0.020764
0.0206873
0.0386774
0.0698895
0.0308592
0.39835
0.0206145
0.42982
0.38115
0.475659
0.0215538
0.0200901
0.0574327
0.019647
0.0223343
0.0218844
0.430418
0.0205731
0.0252626
0.0200254
0.0216244
0.0205833
0.0200929
0.0207319
0.224153
0.241482
0.0209985
0.483262
0.0213455
0.0204044
0.0263574
0.0841832
0.0210943
0.0320141
0.65266
0.0256276
0.0210436
0.0207406
0.0219968
0.0211799
0.66507
0.0207044
0.0208051
0.0210347
0.0206913
0.0207242
0.023599
0.0200398
0.0207825
0.0311596
0.0207612
0.0198351
0.021614
0.0238092
0.0331666
0.0596965
0.0210499
0.702665
0.0213266
0.0207158
0.0219435
0.0319038
0.0333266
0.0206324
0.0206978
0.0207585
0.0208366
0.0583761
0.195213
0.646949
0.0211843
0.0201659
0.0220463
0.0200511
0.0224157
0.0207187
0.249074
0.489208
0.0237396
0.0208129
0.0326855
0.433177
0.0209028
0.742151
0.0200609
0.346115
0.307947
0.0206873
0.161199
0.0219612
0.0526971
0.0208264
0.714453
0.0232852
0.298312
0.0209516
0.0208475
0.0209919
0.0225365
0.0207122
0.349192
0.0205786
0.0417289
0.232573
0.0541055
0.0347376
0.020049
0.0206062
0.0207173
0.0202559
0.0210848
0.0211635
0.029835
0.0821986
0.0795355
0.02099
0.0209382
0.0211271
0.0211001
0.0222623
0.315273
0.0207164
0.0210184
0.0207466
0.0217387
0.0210273
0.0209284
0.407135
0.289306
0.026362
0.0207697
0.0249434
0.0196315
0.646322
0.0211723
0.020475
0.326967
0.0209135
0.0216382
0.0244091
0.0215265
0.0212463
0.0208037
0.02584
0.0208479
0.0236551
0.796742
0.0211573
0.0283112
0.0205239
0.025631
0.0205373
0.02073
0.427015
0.0209887
0.0232588
0.0238608
0.0207803
0.0230191
0.0200251
0.0213123
0.548537
0.0203155
0.0209319
0.697497
0.0215103
0.034717
0.0199141
0.298909
0.0202928
0.138437
0.0208634
0.024308
0.0210972
0.18365
0.020758
0.0202729
0.0207202
0.0212789
0.0203389
0.0225506
0.0205869
0.264538
0.0210165
0.0213543
0.020655
0.0205486
0.0208044
0.0207987
0.0207977
0.400264
0.0242933
0.0233859
0.0207022
0.0210558
0.0217184
0.0204104
0.0205964
0.106551
0.0224765
0.0199327
0.0200667
0.0207765
0.0210959
0.236106
0.0272535
0.0210237
0.02071
0.0210768
0.0208145
0.0208838
0.0201902
0.167818
0.108859
0.0207125
0.0199122
0.0205778
0.0207121
0.0209297
0.0207486
0.0208987
1.23881
0.0207672
0.0215642
0.106231
0.31352
0.0207101
0.0288875
0.0234038
0.714465
0.0630527
0.020601
0.0220064
0.0233948
0.0213408
0.0222096
0.0211563
1.88534
0.42112
0.0334842
0.0229447
0.0308357
0.0233628
0.0208328
1.39408
0.0211903
0.0987958
0.0206901
0.0294616
0.0427939
0.525297
0.0210195
0.0209614
0.498913
0.0293262
0.0242921
0.497833
0.0203917
0.0291165
0.0203766
0.213157
0.0206856
0.0210711
0.0212951
0.0211058
0.0203604
0.0215755
1.78451
0.0562412
0.0204637
0.0259689
0.0212812
0.288602
0.0226857
0.0210996
0.0219218
0.280391
0.831519
0.0211005
0.0219796
0.0204844
0.0208845
0.0200803
0.0203568
0.338701
0.0211042
0.0426462
0.0942142
0.0225625
0.0208015
0.0208005
0.357943
0.0213652
0.0213806
0.0202151
0.0207963
0.0213484
0.0211527
0.318487
0.319342
0.0204622
0.337144
0.0252307
0.0207981
0.0202579
0.02143
0.0202728
0.022669
0.116884
0.0233965
0.0212204
0.634709
0.0211464
0.560968
0.0210215
0.0207047
0.020952
0.0204295
0.0209208
0.18558
0.0408461
0.0209475
0.258753
0.020524
0.0231674
0.842253
0.0214269
0.0210412
0.0219109
0.0209796
0.0213223
0.146563
0.0307167
0.0207916
0.019997
0.0221481
0.289451
0.0215786
0.0200069
0.505717
0.375082
0.0211112
0.0205804
0.230576
0.0219748
0.0205452
0.557648
0.0716341
0.346078
0.0219829
0.0714948
0.0241104
0.0244439
0.0232777
0.0206408
0.222445
0.0205858
0.0209144
0.604611
0.0208794
0.0206969
0.0213822
0.0910399
0.0204683
0.0209672
0.0209164
0.0222466
0.0200585
0.0209347
0.022664
0.322672
0.0218311
0.404332
0.0485909
0.0199268
0.0242781
0.0436217
0.0211696
0.0210337
0.86941
0.021226
0.0630709
0.0209694
0.0211903
0.0790051
0.0199917
0.0207258
0.0209252
0.429651
0.0209163
0.0301137
0.0202392
0.0207669
0.0200739
0.455714
0.021225
0.0208259
0.0206784
0.305643
0.0213419
0.0820159
0.0212217
0.0208382
0.0254929
0.399076
0.021018
0.492288
0.103695
0.0200365
0.0213993
0.026597
0.0199926
0.0207778
0.477399
0.0211456
0.0215752
0.736556
0.0201415
0.021238
0.0221662
0.0272408
0.495091
0.0243752
0.507
0.374551
0.0210826
0.299071
0.0294568
0.0371904
0.0215205
0.428186
0.0275449
0.0203418
0.11778
0.0210106
0.124705
0.0210588
0.428908
0.414595
0.0211901
0.0205532
0.181106
0.0204567
0.051163
0.0201907
0.0203565
0.0214265
0.111171
0.0209252
0.0204351
0.020932
0.0212488
0.0212892
0.0212591
0.0196575
0.0209705
0.0281493
0.229266
0.0209956
0.201006
0.0209317
0.0214851
0.871933
0.121991
0.0222284
0.543207
0.0220886
0.0215688
0.0206337
0.0267537
0.0295742
0.0201792
0.022871
0.0236248
0.24607
0.0209439
0.0209097
0.0199666
0.023049
0.0207036
0.0283248
0.659151
0.0250903
0.0214182
0.0204437
0.0228174
0.0201748
0.0198452
0.026521
0.656003
0.0201586
0.0352474
0.0221901
0.0212357
0.027386
0.0211118
0.0214232
0.0205587
0.0201571
0.0200286
0.0199273
0.025381
0.0219053
0.0204627
0.0218255
0.0234842
0.0196058
0.0205429
0.0219967
0.0210696
0.0233608
0.0211953
0.0225068
0.0208598
0.0296818
0.0213453
0.0212084
0.710797
0.0284464
0.0209616
0.0266439
0.0208784
0.02039
0.0209278
0.0206704
0.0218315
0.0214069
0.0252376
0.0216638
0.393541
0.021153
0.0206728
0.0345237
0.0200809
0.0210486
0.0300456
0.0209352
0.590101
0.0209997
0.0203568
0.267673
0.0305832
1.40286
0.0209139
0.02093
0.0207838
0.0228315
0.0201398
0.0208211
0.0600816
0.0348518
0.428277
0.43898
0.0214901
0.370502
0.0238965
0.0549067
0.998228
0.0316063
0.705415
0.0224091
0.187379
0.14267
0.0198616
0.458119
0.0208297
0.0208411
0.0202905
0.0211435
0.0209323
0.020918
0.0227859
0.854019
0.0224818
0.0277168
0.235302
0.0209474
0.107547
0.0202982
0.0207484
0.0199278
0.646723
0.021113
0.433247
0.576768
0.803576
0.0241497
0.138763
0.0200253
0.0372659
0.0335898
0.0203909
0.022302
0.0313425
0.0211969
0.0207752
0.0210433
0.0209142
0.0620405
0.0221547
0.913986
0.0360282
0.0207501
0.0585512
0.0209254
0.0212443
0.0410538
0.492658
0.0225852
0.0210376
1.45895
0.0911508
0.0218525
1.45027
0.0211967
0.0215902
0.0213504
0.0397943
0.019923
0.0211437
0.0208687
0.0206844
0.0203908
0.0239187
0.0210122
0.0212979
0.023742
0.0214183
0.760332
0.0209243
0.0212921
0.348551
0.0210472
0.0204444
0.159997
0.747557
0.0212477
0.0207445
0.0286027
0.0217257
0.0212959
0.0213447
0.0206358
0.0211733
0.332395
0.0207624
0.0201818
0.0207236
0.0209655
0.020456
0.0341104
0.0397852
0.0285556
0.0195433
0.354976
0.0211039
0.0211714
0.0206444
0.0207516
0.106767
0.0202574
0.0207282
0.0231262
0.02041
0.0228093
0.0296899
0.020568
0.022863
0.0361421
0.0211567
0.407068
0.0238738
0.0672706
0.0256056
0.42113
0.0213205
0.022086
0.0203708
0.0208143
0.0208353
0.0744933
0.021352
0.0203048
0.0200699
0.30813
0.0210247
0.0202334
0.0203522
0.0225354
0.0214219
0.0211005
0.0322785
0.287623
0.628604
0.0231491
0.0305844
0.0208469
0.0329634
0.0450512
0.0202412
0.0240622
0.0316354
0.0207079
0.0218762
0.0211203
0.0204502
0.228208
0.0254301
0.0224311
0.0297179
0.36222
0.0282059
0.0202585
0.0200099
0.0775827
0.0207029
0.0261489
0.0223198
0.0212023
0.0273779
0.0227698
0.0245408
0.0210599
0.0205642
0.0599452
0.0235101
0.721124
0.0541298
0.0419339
0.0219659
0.0213654
0.024495
0.0209891
0.0220936
0.020273
0.0208654
0.399492
0.0236555
0.361222
0.12501
0.0303419
0.0213123
0.0884642
0.61817
0.103299
0.0201202
0.0215067
0.0287788
0.0216442
0.146772
0.317727
0.0209719
0.0529071
0.0651709
0.135301
0.131868
0.0205494
0.0215185
0.0270309
0.0227442
0.877145
0.0458198
0.0537298
0.354866
0.0213954
0.0207393
0.0743909
0.0213733
0.0199329
0.0219685
0.0210346
0.761321
0.0211426
0.020852
0.0279301
0.0228556
0.0210494
0.0213472
0.0212061
0.0211399
0.0217563
0.0344643
0.0203261
0.358792
0.0234686
0.714331
0.022582
0.0212168
0.0236771
0.0226266
0.0266546
0.0593991
0.0209817
0.0211642
0.0201571
0.0216179
0.0313822
0.0209261
0.0212963
0.021412
0.0276463
0.0208757
0.68294
0.021191
0.0220626
0.0228182
0.0266737
0.0225986
0.0211306
0.0227752
0.0212238
0.0214131
0.0209886
0.0212385
0.0213616
0.0449232
0.0202676
0.0211002
0.0214147
0.671267
0.0222732
0.0217641
0.0211845
0.0222804
0.0295991
0.0212031
0.0426793
0.837381
0.0209178
0.0218362
1.27536
0.0213389
0.0203275
0.0202669
0.0227397
0.0217561
0.0390927
0.0215594
0.0219216
1.09095
0.0203397
0.0207049
0.021424
0.0251715
0.0253143
0.0213076
0.027827
0.0210938
0.693117
0.0220141
0.0234153
0.38557
0.0307353
0.0212463
0.0229273
0.02236
0.0214204
0.0238989
0.0211223
0.0214144
0.0214524
0.0210403
0.0208008
0.0210712
0.0209788
0.0227991
0.0319651
0.0205519
0.0212115
0.0203463
0.26966
0.0379922
0.0214005
0.0201854
0.0209049
0.856499
0.0442056
0.0211666
0.0931554
0.0213808
0.0205984
0.0205503
0.0209294
0.0214518
0.0212522
0.0210598
0.121587
0.0210496
0.0241826
0.0219094
0.0208595
0.104007
0.320829
0.0210109
0.0258038
0.365766
0.0206627
0.020714
0.0210105
1.49969
0.648856
0.323528
0.539465
0.0215462
0.0301437
0.854277
0.0214517
0.0456744
0.212162
0.0861329
0.0210569
0.0314853
0.0213728
0.0255957
0.426761
0.0213218
0.0249115
0.0211833
0.022516
0.0239491
0.375052
0.0227332
0.0203557
0.0208812
0.0201573
0.713721
0.0208313
0.0222321
0.0218764
0.0458529
0.0210764
0.0341747
0.349901
0.768049
0.301414
0.0257209
0.594112
0.0205634
0.0210136
0.0213462
1.24813
0.0211968
0.0210624
0.0221002
0.020032
0.0212678
0.0216722
0.0218964
0.0207926
0.0212723
0.0213856
0.0206633
0.0204246
0.102982
0.0208475
0.0207609
0.0223072
0.285956
0.0216111
0.0396733
0.02206
0.024289
0.284729
0.0231344
0.0209138
0.0212832
0.402727
0.0216235
0.706281
0.0230865
0.0211854
0.0234074
0.187289
0.0209513
0.020205
0.0203442
0.0210848
1.26175
0.367371
0.0204243
0.0202804
0.0249199
0.0210719
0.021313
0.0460072
0.0463058
0.0205904
0.0225421
0.0214194
0.0296458
0.760073
0.0255004
0.0201961
0.0589892
0.0644074
0.0210756
0.0254211
0.021057
0.712402
0.0205439
0.063343
0.0211023
0.0679748
0.0227058
0.021158
0.0234062
0.0224919
0.0214033
0.023804
0.0242681
0.0210802
0.0225011
0.0211234
0.039694
0.0230942
0.0206696
0.0230099
0.02139
0.0211727
0.0700896
0.0233737
0.0239064
0.0209478
0.021154
0.0202118
0.0212669
0.0209342
0.0210399
0.0212597
0.0207888
0.407843
0.0309944
0.0214806
0.0206782
0.0494885
0.159848
0.0334003
0.0202774
0.0210951
0.0238789
0.0211021
0.0263053
0.02492
0.0213728
0.0219979
0.0211851
0.302103
0.279399
0.399681
0.0218058
0.130328
0.0229585
0.0208053
0.02092
0.0201417
0.0494983
0.0211034
0.0199526
0.0206583
0.458066
0.393465
0.0217497
0.0199359
0.021452
0.0201155
0.0210836
0.37147
0.0209047
0.0210174
0.0232157
0.0210891
0.0213023
0.0457679
0.400738
0.0246622
0.0212937
0.112206
0.0210869
0.0215126
0.021348
0.388278
0.0210891
0.0211494
0.02128
0.0214536
0.0703795
0.17892
0.0269488
0.0356472
0.0207318
0.0207707
0.0316431
0.0210944
0.0204351
0.0351873
0.0200134
0.0219596
0.0207293
0.0212157
0.388757
0.0525125
0.0257046
0.0209401
0.0312478
0.36807
0.0221154
1.18452
0.0217446
0.0210397
0.020508
0.02028
0.0202972
0.0218476
0.0207718
0.0213802
0.0237206
0.0210712
0.0210821
0.0227236
0.021043
0.0356733
0.0208912
0.0201398
0.0211152
0.0213748
0.406348
0.0206068
0.0213161
0.0397147
0.0251649
0.0200104
0.0369968
1.36715
0.0240164
0.266872
0.0653053
0.0212385
0.0209013
0.0303638
0.0211871
0.0536151
0.0323564
0.0213219
0.0213887
0.020859
0.0206615
0.0210369
0.0376889
0.0216234
0.0209817
0.0230987
0.0217437
0.0213673
0.0207012
0.275927
0.024939
0.0203588
0.021229
0.0214489
0.0227158
0.282913
0.0825577
0.0200454
0.982907
0.0587042
0.0835613
0.0199105
0.0205886
0.274533
1.44434
0.0212989
0.0213927
0.0212093
0.0202964
0.02004
0.0200257
0.0207459
0.0216
0.0274081
0.0209031
0.0201427
0.021114
0.0272118
0.0216621
0.0208952
0.0254695
0.0201312
0.492853
0.0256987
0.0213509
0.982412
1.36738
0.0174386
0.0200432
0.0202768
0.021075
1.36991
0.0271402
0.0213597
0.0214069
0.0215285
0.0212093
1.45735
0.0212334
0.0268964
0.0212706
0.0200247
0.0337537
0.0683924
0.0216688
0.026256
0.0213981
0.0211741
0.275561
1.79764
0.020814
0.0205469
0.0264284
0.0336445
0.025298
0.0204427
0.0282007
0.0351615
0.0255015
0.0209924
0.0211899
0.0209106
0.0207579
0.0232025
0.020931
0.0251814
0.0352468
0.0225542
0.0475742
0.0277239
0.0212039
0.0213563
0.0723406
0.90122
0.149622
0.0941652
0.0200283
0.0422901
0.0214073
0.0203971
0.0223652
0.0221358
0.0215953
0.140159
1.07923
0.126207
1.38496
0.021262
0.0593662
0.0201515
0.0203247
0.0223827
0.0247572
0.277546
0.0214927
0.0250843
0.0254394
0.0996342
1.33595
0.0210322
0.0214121
0.0181161
1.39992
0.02086
0.424193
0.277311
0.0211895
0.0219397
0.01999
0.0219045
0.0214155
0.0273256
0.426603
0.021307
0.0201619
0.395713
0.119919
0.0329622
0.0275479
1.36049
0.0508146
0.391812
1.2255
0.0218786
0.0210666
0.0300666
0.0211339
0.0213709
0.0202513
0.0207781
0.398088
0.0269021
0.0265123
0.32552
0.0231225
0.0263091
0.0212112
0.0256356
1.27703
0.0198403
0.0460023
0.424189
0.0458625
0.021408
0.0228191
0.0222909
0.020046
0.0204931
0.38701
0.0236279
0.0210499
0.0302196
0.0271508
0.0217674
0.0840877
0.0240087
0.0225675
1.14126
0.0205448
1.23112
0.0215079
0.0244852
0.0510316
0.0236259
0.276993
0.0214152
0.0251192
0.0211774
1.57359
0.0264993
0.0359092
0.0201624
0.0703292
1.63863
0.230377
0.0206304
0.0247499
0.0270002
0.0207699
0.0203561
0.0247825
0.425124
0.0204208
1.60195
0.0224521
0.0212823
0.0212492
0.0224202
0.0244099
0.331785
0.112074
0.0273288
0.0216266
0.0212658
1.67802
0.0204435
0.0210507
0.154458
0.437765
0.0221073
0.0207469
0.0211856
0.042296
0.856718
0.0289217
0.0214151
0.0546476
0.0203401
0.0312504
0.0213521
0.0203545
0.41608
1.73742
0.0286136
0.0222401
1.79476
0.0295654
0.0230283
0.0213779
1.35632
0.0232308
0.0210332
0.0305152
0.0297438
0.288483
0.0305362
0.0213923
0.0913565
0.0281897
0.0261809
0.0205553
0.0954944
0.0295434
0.0210029
0.177649
0.0214207
0.0213694
0.21329
0.0210197
0.0450587
0.02065
0.0328552
0.0249832
0.0209997
0.146131
0.0393956
0.0202111
0.589817
0.020892
0.0209026
1.00967
0.715201
0.0477197
0.711933
0.0297783
1.70151
0.0213582
1.2583
0.0248299
0.0206373
0.0313188
0.297045
0.0203028
0.0213516
0.0200941
0.0213757
0.021588
0.0201649
1.29098
0.0229372
1.50856
0.0214435
0.382373
0.0214015
1.60122
0.0207455
0.0206625
0.0213774
0.0214002
1.61306
0.67758
0.0203667
0.0216292
0.961191
0.0782915
0.0219809
0.0204409
0.0205607
0.0413393
0.40637
0.420153
0.0262398
0.0203304
0.0203155
0.0219972
0.0220332
0.0213636
0.0223488
0.259421
0.0236352
1.47956
0.0217385
0.020272
0.0246918
0.14157
0.0201853
0.0220775
0.0195945
0.0242862
0.0213659
0.0218942
0.02144
0.0216913
0.0213659
0.264555
0.0334803
0.0209226
0.0213688
0.0218315
0.0218544
0.201299
0.0334829
0.0513547
0.0204265
0.0213725
0.0210756
0.0697554
0.288275
0.0597826
0.0221968
0.0226896
0.665636
0.320283
0.0201902
0.77375
0.0533573
0.0216649
1.73411
0.0213342
0.0555484
0.0211852
0.0210427
0.136503
0.362125
0.021216
0.0555691
0.20396
0.0201819
0.155999
0.0213478
0.146245
0.402472
0.0285811
0.0971943
0.533409
0.0211742
0.0243722
0.0220818
0.0213652
0.0200114
0.0627938
0.112509
0.0216253
0.0204406
0.0213891
0.0233208
0.0594408
0.0213823
0.276756
0.636551
0.0765347
0.135556
0.0216799
0.0207804
0.0208476
0.0238676
0.0224682
0.024271
0.0225722
0.135372
0.0320948
0.0216227
0.213536
0.819617
0.0374336
0.0206229
0.0228082
0.0311326
0.0293268
1.36278
0.0209438
0.0208168
0.393261
0.0204243
0.0312074
0.0206107
0.020636
0.02781
0.0323508
0.0447573
0.124447
0.104674
0.128207
0.0435781
0.337832
0.0517618
0.440983
0.0211038
0.418759
0.278439
0.0652878
0.0221922
0.0229844
0.0210899
0.0204289
0.024602
0.0220577
0.0235822
0.0407202
0.146731
0.0309175
0.0220576
0.0217888
0.0720422
0.0286805
0.0511246
0.0209901
0.0213987
0.260945
0.0649273
1.6148
0.0195331
0.0195372
0.0217223
0.0467129
0.277014
0.0201291
0.0344215
0.0215994
0.0622738
0.0212222
0.0450086
0.0210883
0.0205485
0.520827
0.0211671
0.0205035
0.0215585
0.0443378
0.0232355
0.022358
0.0206459
0.0219415
0.0303783
0.0255194
0.0206793
0.0298654
0.0279615
0.0227922
0.0562748
0.0267296
0.0206771
0.0272258
0.0252283
0.0948609
0.0226963
0.0221517
0.0205911
0.0713405
0.0202171
1.39597
0.0202679
1.32135
0.0203765
0.0266403
0.0202453
0.023623
0.0200546
0.0265706
0.0224545
0.0210208
0.0228333
0.0204283
0.0213771
0.392863
0.0205278
0.0278487
0.0265898
0.0209486
0.0205616
0.0215462
0.0271149
0.108886
0.02102
0.0232484
0.0202046
0.0371486
0.0220562
0.0243484
0.0208073
0.0215476
0.053605
0.029934
0.0303099
1.19232
0.0286376
0.0234455
0.0207634
0.0243986
0.293094
0.0204307
0.0209098
0.0271907
0.0206126
0.0917859
0.0283071
0.0198511
0.027791
0.0243242
0.0213362
0.0208809
0.0205107
0.29003
0.0207236
0.0214754
0.021829
0.0218671
0.0203725
0.0220464
0.0198378
0.0213238
0.0206326
1.75454
1.76381
0.0210909
0.0525625
1.36629
0.0232585
0.294511
0.0215025
0.0206308
0.0215877
0.0283564
0.0209773
0.0221923
0.0279934
0.0205624
0.148684
0.19542
0.0203168
0.0212189
1.52496
0.0206298
0.021298
0.0265357
0.0211356
0.0319005
0.0483161
0.527336
0.0207982
0.021201
0.0211159
0.0775319
0.0217224
0.0207128
0.0206026
0.0211662
0.0231896
0.0209079
0.0219363
0.0199549
0.0280576
1.31819
0.0509446
0.0213601
0.0210128
0.291978
0.0201824
0.0210117
0.637694
0.146755
0.0377066
0.657437
0.022226
0.0205423
0.0202106
0.0265002
0.0203152
0.0291934
0.0223593
0.025437
0.0210909
0.626067
0.0206943
0.0224691
0.0212049
0.0206827
0.0225773
0.0206277
0.0206384
0.022933
0.0651562
0.0209476
0.0358605
0.0910299
0.0253167
0.399928
0.0276163
0.158582
0.016951
0.0301861
0.0212447
0.487056
0.0205392
0.0213173
0.0206499
0.279221
0.0214649
0.0206885
0.0285185
0.0207494
0.292992
0.0205968
0.140983
0.0204422
0.0263953
0.020673
0.0269672
0.0215971
0.0337488
0.0233771
0.279353
0.0226068
0.022598
0.0210508
0.0210801
1.26851
0.0211966
0.0269145
0.0214371
0.136764
0.0206624
0.214965
0.0563059
0.0757347
0.0200726
0.0215565
0.0203485
1.01366
0.0241673
0.0204157
0.0244667
0.0207625
0.0210973
0.0218417
0.0212198
0.021119
0.0218366
0.346155
0.0255896
1.3046
0.134308
0.145691
0.0211282
0.0202718
0.0260842
0.0207617
0.021338
0.0214728
0.321401
0.123373
0.0211285
0.0244311
0.0210568
0.482645
0.0221429
0.158843
0.0204857
0.0224854
1.33612
0.0210714
0.020766
1.41311
0.0204464
0.0207465
0.141674
0.0204252
0.717626
0.177767
0.871206
0.021263
0.0512441
1.36878
0.0263385
0.0202566
0.0211122
0.0238633
0.0213717
0.0236266
0.275593
0.358627
0.0206305
0.0713841
0.0211387
0.0213164
0.0216977
0.0260427
0.0203133
0.42937
0.0244584
0.595554
0.0219587
0.0204774
0.0214705
0.020914
0.0208778
0.0219166
0.688448
0.0205692
0.264186
0.0261459
0.0226771
0.0214089
0.0206714
0.0212035
0.0255133
0.0206367
0.0207642
0.0266576
0.0211166
0.0251417
1.54939
0.319804
0.0251697
0.0204433
0.020649
0.0213475
0.022978
0.0514022
0.0214322
0.0212244
0.0213664
0.0243186
0.0221215
0.0247204
0.0206769
0.0470529
0.0213805
0.053471
0.0211326
0.0211368
0.0228452
0.0206653
0.0207645
0.0241186
0.0427226
0.0209396
0.0285015
0.346476
0.356622
0.0205602
0.0213649
0.0203708
0.0236714
0.0206482
0.0227378
0.0179397
0.477234
0.0300927
0.0208677
0.0963204
0.0260218
0.0208859
0.595558
0.0210317
1.08422
0.0207648
0.0208927
0.0228406
0.0208924
0.0202484
0.0213858
0.0206293
0.0232817
0.0214394
0.0206388
0.451701
0.461536
0.354188
0.0204522
0.0239173
0.0213846
0.0232296
0.724265
0.569295
0.0210473
0.890324
0.0214018
0.021024
0.0208705
0.0211415
0.0207142
0.0214037
0.0261603
0.0210394
0.0222677
0.27799
0.0206535
0.0251656
0.0215936
0.116581
0.260616
0.277684
0.106366
0.0205558
0.449329
0.0212826
0.0267092
1.47751
0.0211772
0.278738
0.0203684
0.0205771
0.0222287
0.0850114
0.0924293
0.0232534
0.456257
0.0212469
0.364393
0.266467
0.0686494
0.337622
0.0206368
0.324833
0.0503626
0.0213954
0.0206857
0.0225702
0.0292055
0.0469488
0.0255811
0.033742
0.0213719
0.0236534
0.0211077
0.0223726
0.0204164
0.0289443
0.0205077
0.02103
0.108483
0.0290541
0.0209632
0.020559
0.388785
0.0216062
0.0224591
0.0218358
0.0207638
0.0211221
0.0213926
0.0213873
0.0442844
0.0220449
0.0213932
0.0214413
0.0210517
0.0234467
0.0211859
0.278427
0.596166
0.0236427
0.0229369
0.0211956
0.0581811
0.491576
0.020194
0.0211891
0.490543
0.0217228
0.0289716
0.020844
0.350633
0.0213949
0.0213211
0.0215465
0.0214353
0.0219581
0.0240952
0.0229633
1.76956
0.42995
1.80764
1.40579
0.39484
0.0229037
0.0483423
0.0206794
0.0472521
0.0220305
0.0214392
0.0264311
0.0213552
0.0213493
0.0202822
0.0218956
0.0207334
0.0246388
0.0204666
0.0227043
0.0204971
0.0213107
0.0201052
0.0775487
0.0210237
0.0207863
0.0199587
0.0288842
0.0208206
0.0226477
0.0214328
0.0237303
0.271737
0.703943
0.0278541
0.020645
0.0248801
0.0210428
0.0211511
0.0246357
0.0218205
0.0207642
0.0212807
0.0274041
0.0202644
0.020499
0.0208327
0.122078
0.0215883
0.675819
0.0204954
1.56071
0.0202737
0.0207996
0.0199418
0.0206904
0.0208709
0.279871
0.0208653
0.16805
0.020601
0.0202254
0.218434
0.0221203
0.115064
0.0208081
0.0205781
0.146517
0.549843
0.0501371
0.0210711
0.020584
0.0200903
0.0204154
2.53805
0.0207465
0.0320977
0.0284488
0.0284729
0.0238013
0.0213177
0.0244418
0.497903
0.0237286
0.131949
0.0208717
0.689903
0.0204556
0.185564
0.0204343
0.277303
0.128025
0.84289
0.0230682
0.0206537
0.0214197
0.0661615
0.0205527
0.0406888
0.0197224
0.154525
0.722567
0.702076
0.0480182
0.0226984
0.0196052
0.0213263
0.0200426
0.0587751
0.0205704
0.0482158
0.0419306
0.340121
1.4986
0.0222792
0.0211494
0.0199931
0.0530828
0.454627
0.0221059
0.0227127
0.0350079
0.0215303
0.0208475
0.0229229
0.021006
0.0206447
0.82291
0.022564
0.0206243
0.0783436
0.0212696
0.0207713
0.0416885
0.0274174
0.026806
0.0988097
0.0472408
0.908472
0.713362
0.021338
0.0209656
1.7971
0.0195666
0.0209791
0.0215141
0.0209587
0.020706
0.0224533
0.0218705
0.0447924
0.0337541
0.0225505
0.256579
0.0211626
0.0471524
0.714553
0.0210396
0.0446989
0.0264702
0.0210119
0.0322393
0.0697619
0.0205449
0.0274933
0.0246738
0.0212675
0.0200048
0.084967
0.0213169
0.0242354
0.0198755
0.0198501
0.0267829
0.0218619
0.0209261
0.0219392
0.0214323
0.020274
0.02062
0.0712074
0.0220571
0.0210708
0.0212061
0.0211907
0.0210101
0.0213131
0.0295102
0.0209698
0.0265255
1.71095
0.587127
1.45171
0.0283383
0.0429724
0.0208514
0.0225643
0.0830838
0.0245324
0.0214267
0.196049
0.0209334
0.0218546
0.0208258
0.142047
0.0198474
0.020886
0.0211148
0.0206874
0.0296927
0.0211511
0.624982
0.0210294
0.0213785
0.0207187
0.0213508
0.0204853
0.0212659
0.0224759
0.0510342
0.0211338
0.0212957
0.0288401
0.0217485
0.0376193
0.0207024
0.0199543
0.155852
0.024857
0.0213041
0.0225176
0.0203872
0.0773304
0.0446273
0.0213875
0.0234222
0.0222029
0.0211928
0.0205183
0.0240909
0.0238456
0.143898
0.192284
0.0195227
0.027954
0.0218722
0.0218164
0.0902538
0.0206603
0.423048
0.0274349
0.0217499
0.022362
0.0205137
0.0210601
0.0202598
1.43336
0.0210299
0.171214
0.0213023
0.0208489
0.0231252
0.214747
0.171547
0.0208805
0.0279473
0.211172
0.209634
0.0228481
0.0206447
0.0215112
0.0198481
0.456801
0.0216346
0.022547
0.0211506
0.022534
0.0207363
0.446416
0.0209574
0.0253647
1.54657
0.0206662
0.0212777
0.0198486
0.0229212
0.0209641
0.0204219
0.0264972
0.0213937
0.0206016
0.0210417
0.0303081
0.0302789
0.020482
0.0198545
0.0220475
0.184154
0.0206761
0.102646
0.11192
0.595831
0.0753529
0.0206486
0.0212748
0.387015
0.0213849
0.0245306
0.0219321
0.0231921
0.494942
0.0209004
0.0208863
0.0211015
0.364226
1.20028
0.0211759
0.0500858
1.37745
0.0222528
0.0211653
0.0277904
0.0206527
0.0211813
0.0258431
0.0214376
0.0212983
0.0585643
0.0213927
0.0317763
0.025274
0.0212305
0.0258265
0.042985
0.0404539
0.0208191
0.0229783
0.0205813
0.232753
0.0221403
0.39476
0.702062
0.0205636
0.0215154
0.0226665
0.0570369
0.036271
0.0221124
0.022149
0.0210412
0.0387107
0.37347
0.0218417
0.0198396
0.13341
0.278428
0.246635
0.0211055
0.274858
0.0375213
0.0209376
1.64534
0.0231772
0.362491
0.0209044
1.82653
0.019923
0.0211991
0.0210626
0.0212573
0.308675
0.0204244
0.0367336
0.109109
0.0207193
0.020881
0.0237747
0.0221086
0.0211244
0.0206065
0.021255
0.0221015
0.659008
0.0206102
0.0318822
0.0202302
0.0204026
0.0209128
0.0301658
0.0239917
0.0221714
0.0210806
0.021032
0.0205393
1.38501
0.0213511
0.0197191
0.0403879
0.020957
0.0501188
0.0209329
0.0211655
0.0212211
0.0196596
0.0244813
0.0196561
0.023895
0.0232819
0.0203922
0.0285314
0.0220524
0.0226782
0.0213112
0.0454375
0.0282879
0.0251965
0.0719432
0.0213649
0.305805
0.0226041
0.0203972
0.0238154
0.0275895
0.794334
0.0292232
0.0203152
0.0290229
0.101606
0.0291424
1.5683
0.020303
0.019971
0.0211652
0.0219001
0.0205201
0.0205844
0.0281982
0.090719
0.0224492
0.0214659
0.0224419
0.0214561
0.022547
0.0219066
0.0455669
0.0213525
0.0212067
0.0195462
0.0992091
0.805925
0.704105
0.570603
0.0211584
0.0211317
0.0208923
0.019889
0.021294
0.711614
0.0245722
0.0206364
0.0203045
0.0208479
0.0344419
0.0233661
0.0245859
0.0234341
0.0212081
0.0216134
0.0563471
0.325852
0.176687
0.0199984
1.19434
0.0211802
0.0208507
0.0272325
0.0215501
0.0203927
0.0215785
0.0970038
0.021167
0.0216033
1.22806
0.0253152
1.35794
0.0273736
0.0212537
0.457435
0.020635
0.731842
0.0311188
0.0837298
0.0213324
0.0208292
0.0273357
0.0206134
0.0222929
0.0200566
0.0211808
0.0209246
0.575813
0.0244122
0.595605
0.0238144
0.594568
0.0318199
0.293853
0.348029
1.7959
0.0208589
0.0225941
0.0206252
0.0204625
0.821531
0.0216914
0.0221518
0.0270923
0.273391
0.073593
0.0204969
0.020573
0.0218347
0.0266855
0.0226865
0.0233753
0.0275746
0.020038
0.0208934
0.0449394
0.0260509
0.0210197
0.0202936
0.0208645
0.0200945
0.370567
0.0664922
0.0213628
0.0207139
0.0217028
0.0204813
0.0251892
0.0202577
0.0227934
0.0220965
0.0738071
0.0209566
0.0209935
0.0212338
0.383553
0.0517492
0.0206236
0.0299012
0.454386
0.0240733
0.0210633
0.0209768
0.0213054
0.0405218
0.138618
0.0240222
0.220251
0.0218211
0.0198444
0.0206239
1.3265
0.0212887
0.0418016
0.618933
0.0212293
0.0211785
0.0216673
0.0196258
0.0472457
0.0213157
0.0274535
0.0221447
0.45392
0.078666
0.0210574
0.0210779
0.0213154
1.12555
1.47654
0.0238819
0.0217165
0.0846333
0.0203244
0.02192
0.0211286
0.0209035
0.603205
0.0195676
0.572537
0.188538
0.0225177
0.0264368
0.0229696
0.0213888
0.0209218
1.04562
1.44331
0.027213
0.0217758
0.0211071
0.182795
0.630243
0.0203595
0.538541
0.911318
0.0202704
0.0217324
0.0203613
0.0206625
0.0223627
0.36664
1.23782
0.0222363
0.0207541
0.0217865
0.0210059
0.0203419
0.744386
0.0226056
0.0201655
0.022623
0.0207448
0.021746
0.0225323
0.0214201
0.0239873
0.0209951
0.0207687
0.0241254
0.0208652
0.0211312
1.52734
0.0216843
0.0293235
0.0209208
0.0212321
0.0200866
0.0254473
0.0224012
0.347253
0.254897
1.79916
0.0213978
0.0206826
0.038346
0.0221845
0.0202799
0.0224932
0.0225739
0.0249441
0.0205413
0.0204359
0.0212495
0.0208017
0.0212931
0.0213333
0.0203695
0.0263235
0.0251734
0.0216424
0.450299
0.0289334
0.0220934
0.255778
0.261788
0.0211464
0.0206695
0.132661
0.33496
0.0392728
0.0237138
0.0213901
0.0214753
0.021234
0.0209203
0.0209831
0.143071
0.0215134
1.39421
0.0252662
0.0240991
0.265669
0.0380533
0.716441
0.0217515
0.0580374
0.440047
0.0211971
0.0353832
0.355447
0.0195791
0.480726
0.383809
0.0212106
0.0204827
0.0211801
0.021027
0.0210137
0.020351
0.021276
0.0248463
0.445453
1.57061
0.0211537
0.0203576
0.0238874
0.0214832
0.312719
0.952215
0.375884
0.0203867
0.0212023
0.0237875
0.0208645
0.025746
0.0204284
0.0205648
0.0262889
1.39029
0.021283
0.0213053
0.441332
0.358688
0.0208199
0.0236125
0.716953
0.296825
0.0211743
0.0225083
0.0469582
0.0523519
0.0220875
1.07832
0.0216132
0.0201782
0.0274387
0.0205466
1.37715
0.181973
0.0220966
0.575652
0.0207101
0.0225874
0.0212665
0.0215088
0.311878
0.0995782
0.0253148
0.0212769
0.0209831
0.217993
1.3943
0.0204615
0.0243791
0.0214368
0.0214162
0.0212746
0.0344316
0.0449937
0.0211462
0.0216533
0.0206358
1.05174
0.02132
0.022354
0.0310768
0.0238145
0.0213988
0.019624
0.0217623
0.0213829
0.0259098
0.170717
0.0205285
0.0372494
0.0205725
0.0422687
0.0219049
0.0211402
0.492817
1.58314
0.0215959
0.276544
0.0213864
0.0325278
0.0212428
0.0216299
0.021635
0.0195488
0.0215029
0.0214251
0.0211707
0.0209254
0.0205143
0.0205581
0.0208861
0.583131
0.0215365
0.0225111
0.0213415
0.0318118
0.019781
0.0212194
0.0212764
0.0211929
1.30782
0.457166
0.0209344
0.192716
0.0221013
0.0679658
0.0406322
0.0206057
0.746778
0.845684
0.0213247
0.021314
0.0216281
0.0215965
0.0252987
0.477286
0.021376
0.0205356
0.0212848
1.42528
0.0216163
0.111491
0.0222625
0.0215908
0.0359539
0.0214013
0.0204482
0.0220878
0.0208633
0.024005
0.542944
0.0270042
0.0209797
0.0212428
0.0592924
0.0221151
0.567926
0.0207412
0.0214232
0.532597
0.0195604
0.0205251
0.11962
0.0204941
0.0258257
0.0213631
0.0211523
1.66182
0.0207903
0.0205857
0.0224314
0.0203034
0.0215452
0.032427
0.0203488
0.0479148
0.0211367
0.0195973
0.021535
0.0225334
0.0240013
0.0324996
0.345504
0.0214252
0.0429174
0.30032
0.0747389
0.205122
0.0213938
3.52057
0.0212682
0.0212637
0.0237015
0.600996
0.0215641
0.0220409
0.0233101
0.0763073
0.0218117
0.0215525
0.0230778
0.0228975
0.0217267
0.0222685
0.0552915
0.0380073
0.0250521
0.0224903
0.0218117
0.0212874
0.179974
0.0213656
1.15098
0.0211648
0.0549612
0.0215453
0.0306838
0.282878
0.0906909
0.0215402
0.0226577
0.0223696
0.211475
0.32791
0.279142
0.193413
0.0208807
0.0876057
0.0204006
0.0230113
0.021203
0.0790641
0.0210445
0.0258825
0.0207874
0.0209774
0.0214825
0.0215912
0.0211691
1.49219
0.0210298
0.0211591
0.0211536
0.308798
0.350589
0.0202226
0.0202845
0.439343
0.0506438
0.021103
0.0284107
0.0268267
0.485301
0.0212857
0.0221251
0.0209936
0.0213831
0.0213799
0.0225141
0.0228074
0.0280717
0.0456009
0.0221497
0.0213733
0.0624793
0.0224311
0.020696
0.0228196
0.0421553
0.0211604
0.397256
0.0222292
0.0854983
0.0212851
0.0212966
0.0202457
0.0215829
0.0214439
0.0204186
0.0410038
0.0206913
0.0211952
0.0218316
0.166799
0.0213311
0.02139
0.0268522
0.0271956
0.022688
0.0213834
0.460373
0.0225899
0.0213365
0.753066
0.0213899
0.021236
0.0280824
0.0216061
0.376714
0.0209823
0.021591
0.0636883
0.0219456
0.02125
0.0222989
0.0216897
0.0209299
0.0212343
0.407616
0.0211737
0.0217211
0.0206941
0.0752348
0.0226181
0.0205403
0.0209057
0.0289665
0.0224801
0.020683
0.0210016
0.0211274
0.0208693
0.0207252
0.757954
0.0212388
0.0205694
0.335701
1.74433
0.0208325
0.0224024
0.0208759
0.274355
0.19441
0.208643
0.0207136
0.0208867
0.0212888
0.0209968
1.12405
0.0227965
0.0209135
0.0214588
0.0246508
0.0212998
0.0215846
0.383885
0.0264333
0.0211915
0.021276
0.021136
0.0213724
0.0205266
0.0222078
0.108879
0.0206923
0.400093
0.0198584
0.0217982
0.0214861
0.0212851
0.0213076
0.998271
0.0207666
0.0211653
0.0196265
0.0214958
1.20186
0.143595
0.0280424
0.0210773
0.373143
0.460415
0.021814
0.386754
0.0208655
0.364915
0.0229579
0.0237662
0.0217351
0.0208742
0.0239161
0.0195563
0.0221405
0.0326125
0.621687
0.0208254
0.0543462
0.0212583
0.0545884
0.0238694
0.0204956
0.0408223
0.58205
0.0593673
0.0443982
0.0293286
0.0212499
1.68671
0.0213973
0.0217779
0.0213223
0.0221251
0.0211983
0.0339869
0.019873
0.0221231
0.0212145
0.0217185
0.828468
0.0218701
0.0224481
0.488995
0.021225
0.0572961
0.685208
0.021542
0.0224744
0.0352387
0.0214071
0.0213463
0.091389
0.0218739
0.0225319
1.24165
0.0248496
0.0211424
0.688407
0.0210593
0.18519
0.0219781
0.105257
0.387767
0.0211811
0.373436
0.0210525
0.0214353
0.0214486
0.0195597
0.0257301
0.021173
0.0218317
0.0204177
0.0196753
0.0196729
0.178428
0.417766
0.0225926
0.0219523
0.021137
0.0219333
0.0196901
0.724592
0.0212877
0.224006
0.279511
0.0218321
0.0213202
0.0219547
0.0979405
0.0209672
0.0219767
0.0212126
0.0211682
0.0219138
0.046827
0.0207218
0.02236
0.0222115
0.0212591
0.0212447
0.438973
0.033757
0.185325
0.0214867
0.62807
0.0216521
0.0218304
0.556974
0.0221345
0.0726449
0.0406446
1.37293
0.0221059
0.0396585
0.021271
0.0213752
0.0212021
0.0215784
0.0212776
0.0211417
0.0215917
1.48427
1.59483
0.431664
0.0223503
0.0215002
0.0220578
0.0208158
0.0215622
0.0224659
0.0205127
0.0218739
0.0215957
0.0205424
0.0749608
0.0214119
0.0323426
0.0217202
0.0201677
0.0222714
0.020451
1.76578
0.297695
0.0219754
0.45574
0.020082
0.126485
0.0213707
0.0223223
0.0215883
0.021267
0.0253276
0.0214294
0.0544454
0.0216581
0.0212684
0.400122
0.0213412
0.0232247
0.371985
0.0810841
0.0219339
0.0240811
0.0204831
0.0988665
0.0533549
0.0213515
0.0382082
0.0213395
0.0216905
0.32254
0.0212161
0.118516
0.0212395
0.275713
0.0214002
0.312581
0.0195791
0.0220109
0.441641
0.0215338
0.529643
0.0259439
0.0378252
0.0211141
0.396754
0.0360331
0.0196552
0.0212774
0.0215344
0.0212055
0.0213615
0.0202572
0.142409
0.0209054
0.0209174
0.0739671
0.0216595
0.0208787
1.35412
0.0202344
0.0215609
0.0208901
0.0216123
0.406336
0.021792
0.0215215
0.191161
0.330508
0.0197642
0.0217499
0.0209314
0.0341302
0.0218762
0.250755
0.0220027
0.0216398
0.021907
0.310808
0.0217888
0.0212856
0.0252834
0.0234847
0.043727
0.0213452
0.0218773
0.021432
0.0244298
0.131858
0.0375336
0.021328
0.0351668
0.0209253
0.0203593
0.0216119
0.0213319
0.0204056
0.0230932
0.0221568
0.0389742
1.69753
0.0215335
0.273097
0.0450497
0.0214936
0.0212781
0.0215911
0.0545767
0.0260198
0.0302644
0.375127
0.0408429
0.0233563
0.412918
0.0215874
0.0222701
0.0217068
0.0209506
0.422671
0.0219882
1.74327
0.0302216
0.0233944
0.0262007
0.0540696
0.022287
1.86183
0.02156
0.0213206
0.0213633
0.0484887
0.021426
0.021596
0.0210874
0.0225871
0.0214899
0.0487983
0.0204751
0.273007
0.0287305
0.0705141
0.0222688
0.704805
0.0216874
0.447493
0.0213738
0.0214913
0.215494
0.0220146
0.0199439
0.545564
0.0224016
0.0355131
0.0219116
0.0213686
0.140866
0.604111
0.0213489
0.117363
0.0196119
0.0221942
0.0211349
0.407189
0.0270494
0.0217151
0.021583
0.0223708
0.385975
0.0213336
0.0216918
0.020461
0.0363125
0.0211809
0.0212602
0.021662
0.384428
0.021327
0.0212725
0.0196247
0.0213678
0.0212572
0.697664
0.0217244
0.0232135
0.0210101
0.0501977
0.369529
0.0221031
0.04937
0.0209546
0.0213509
0.0207765
0.0212214
0.0225724
0.0216075
0.0216643
0.349069
1.23359
0.0211734
0.388087
0.0208377
0.104111
0.0244372
0.0221164
0.185681
0.0213832
0.0215228
0.0214687
0.0203348
0.0355109
0.21488
0.0223662
1.71614
1.35665
0.109216
0.0213407
0.0217178
0.0242
0.792665
0.369916
0.0218446
0.0220746
0.020388
0.0220265
0.160491
0.0293552
0.0196517
0.0217403
0.0215835
0.020815
0.0315548
2.78377
0.0220273
0.0213854
0.0209436
0.0213019
0.374052
0.74534
0.0204621
0.0373712
1.22698
0.0202108
0.0215448
0.0232892
0.0213997
0.0209009
0.0213638
0.042124
0.0841072
0.0220096
0.0217546
0.0226673
0.449103
0.0223707
0.0217686
0.451717
1.7739
0.369474
0.0215699
0.02039
0.566963
0.0209616
0.020805
0.2741
0.258528
0.0219051
0.022293
0.0213617
0.021419
0.427015
0.0203702
0.0226654
0.0203592
0.0207067
1.3794
0.0212117
1.87188
0.397686
0.0213185
0.0570637
0.0217876
0.273591
0.0209542
0.0221579
0.0216524
0.0202538
0.021269
0.057752
0.07074
0.41754
0.0218006
0.0214278
0.022356
0.0213156
0.261188
0.368938
0.0214693
0.402628
0.57364
0.390847
0.1096
0.0226188
0.0215431
0.0207816
0.0950209
0.0419626
1.39965
0.655275
0.0213317
0.365097
0.852561
0.0209894
0.0211326
0.0209957
0.0213848
0.30183
0.789774
0.0210199
0.021019
0.330631
0.0210977
0.0423289
0.0212629
0.020285
0.0202622
0.0197715
0.38626
0.0196014
0.0221304
0.264765
0.0213007
0.501398
0.0203781
0.0212141
0.021511
0.181582
0.0226618
0.0206075
0.0658444
0.0206396
0.0203129
0.718218
0.0209952
0.225393
0.0220234
0.274818
0.0345558
0.100686
0.918882
0.0206038
0.0241703
0.336949
0.0225527
0.0227343
1.16255
0.378221
0.322807
0.0205489
0.559992
0.0295334
0.020616
0.0352846
0.0213944
0.023839
0.0208709
0.514622
0.0394356
0.459435
0.050102
0.0211005
0.80352
0.376242
0.0211691
0.0199173
0.0368762
0.0219373
0.25073
0.0203409
0.0577809
0.750301
0.0211691
0.0221285
0.0281334
0.0216294
0.0318718
0.0235396
0.0210607
0.222333
0.0214971
0.0219184
0.0271492
0.0208093
0.319807
0.0224386
0.432643
0.0208376
0.382158
0.0206589
0.0217753
0.0235491
0.0213002
0.0213435
0.0469945
0.0283597
0.032318
0.0219786
0.0209916
0.0213594
0.0210447
0.0212822
0.0221815
0.0213633
0.28496
0.0284765
0.0222599
0.0201752
1.2794
0.0211687
0.0205594
0.0207698
0.0900654
0.0222217
0.0320086
0.0223118
0.0208434
0.0213003
0.383217
0.0212918
0.0261991
0.0202486
0.0200773
0.0226006
0.102434
0.0230324
0.0212291
0.791871
0.0218165
0.0212872
0.0214969
0.020885
0.330747
0.358892
0.0275871
0.0217032
0.0207544
0.325923
0.0817942
0.0217822
0.312217
0.0210768
0.180621
0.445746
0.0202668
0.0219013
0.0207785
0.0208238
0.0209929
0.170885
0.0210828
0.020976
0.0215916
0.0209015
0.0209505
0.118289
0.0216869
0.647709
0.614644
0.193188
0.02169
0.0208597
0.0209225
0.0213403
0.0685662
0.0362543
0.0219859
0.0219453
0.0215914
0.0215929
0.0212633
0.0260453
0.0213111
1.80697
0.0210677
0.0249923
0.0214904
0.0214406
0.0216816
0.0222496
0.0213308
0.102352
0.367253
0.0213306
0.021673
0.0213365
0.0207716
0.390816
0.0213364
0.0210208
3.63746
0.612778
2.94922
0.0215512
0.269174
0.0213599
0.0213325
0.0219703
0.358519
0.386842
0.0215681
0.382515
0.0215222
0.0217136
0.039219
3.6374
0.0214698
0.0217733
1.65913
0.0211308
0.021713
0.225262
1.64856
1.71615
0.0215472
0.0212172
0.0211942
0.50467
0.0653333
0.0214049
0.0218618
0.0218621
0.0214159
0.0214814
0.0212764
0.022691
0.0468789
0.0437365
0.0213027
0.231357
0.020895
0.388204
0.0230812
0.0213123
0.0336702
1.18811
0.0908296
0.0213918
0.0220478
0.0244449
0.0210809
0.021624
0.0208982
0.0698325
0.037014
0.0211039
0.457975
0.0219228
0.0213819
0.0477356
0.0213203
0.272917
0.0214536
0.0216493
0.500238
0.0293263
0.0234815
0.0214198
0.022024
0.266998
0.301632
0.0209465
2.58929
0.0335454
0.0227127
2.49892
0.0215852
0.0223079
0.0208506
0.0233045
0.0279295
0.0212986
0.021642
0.0213674
)
;

boundaryField
{
    frontback
    {
        type            empty;
    }
    topbottom
    {
        type            fixedValue;
        value           uniform 0.0223;
    }
    outlet
    {
        type            zeroGradient;
    }
    inlet
    {
        type            fixedValue;
        value           nonuniform List<scalar> 0();
    }
    walls
    {
        blending        binomial2;
        n               2;
        beta1           0.075;
        type            omegaWallFunction;
        value           nonuniform List<scalar> 0();
    }
    procBoundary3to1
    {
        type            processor;
        value           nonuniform List<scalar> 
147
(
1.80439
0.884001
0.943682
1.21327
0.578845
0.427042
0.551533
1.03043
0.366096
1.13956
0.445226
3.48498
0.343915
0.368699
0.32024
0.964015
0.662603
0.756613
0.386086
0.536395
0.399336
0.649322
1.98225
0.338296
0.227994
0.68655
1.35402
0.908611
0.924268
0.286486
2.48942
2.48942
0.28794
0.441767
0.513065
0.268831
0.617731
0.316396
1.35404
0.838401
0.376782
0.347635
0.338325
2.03509
0.291252
0.940807
0.347635
1.88983
0.286681
0.340068
0.311074
0.350647
0.352645
0.334593
0.322438
0.305971
0.334185
0.30528
0.306238
0.328788
0.272555
0.282257
0.30547
0.261763
0.334808
0.350508
0.309011
0.351373
0.302122
0.317122
0.290825
0.300876
0.3486
0.394237
0.384385
0.40658
0.297593
0.379733
0.456123
0.36134
0.364519
0.435259
0.505229
0.460061
0.461716
0.41496
0.352834
0.495455
0.409328
0.465273
0.483445
0.445226
0.461716
0.503795
0.427682
0.378321
0.488399
0.506182
0.366511
0.416582
0.41558
0.497378
0.442492
0.596466
0.599845
0.539972
0.580107
0.580057
0.602301
0.580107
0.36266
0.334418
0.629391
0.57104
0.722801
0.714194
0.708741
0.903526
0.714517
0.708741
0.315152
0.403854
0.163678
0.317496
0.473827
0.700138
1.22131
0.136957
0.409576
0.798764
0.903526
1.78358
1.60597
1.54493
1.27718
1.72034
1.3127
3.73362
0.395366
0.411601
0.930683
0.663862
0.411601
0.27002
0.287054
3.40966
0.334808
)
;
    }
    procBoundary3to2
    {
        type            processor;
        value           nonuniform List<scalar> 
73
(
0.0221107
0.0220503
0.0214377
0.0214215
0.0381301
0.0350679
0.022976
0.07849
0.0541414
0.142027
0.0219422
0.0218587
0.166297
0.021663
0.0219422
0.0304427
0.0325944
0.0350679
0.0214938
0.024423
0.0251382
0.0213977
0.022005
0.0217801
0.0233272
0.122593
0.106671
0.021717
0.0214289
0.0226548
0.0626032
0.0260929
0.0214164
0.0216192
0.0214793
0.0325944
0.023861
0.022429
0.0218587
0.0215801
0.195658
0.195658
0.0286475
0.0214008
0.0214617
0.021396
0.0476865
0.0214101
0.021525
0.0919761
0.166297
0.0215486
0.0446492
0.0213991
0.374064
0.240211
0.0222406
0.0233846
0.240211
0.374064
0.0214472
0.021405
0.0715338
0.0397317
0.0272457
0.944804
1.49142
0.0919761
0.0214302
0.0214782
3.72697
2.94623
0.0215026
)
;
    }
}


// ************************************************************************* //
