/*--------------------------------*- C++ -*----------------------------------*\
| =========                 |                                                 |
| \\      /  F ield         | OpenFOAM: The Open Source CFD Toolbox           |
|  \\    /   O peration     | Version:  v2012                                 |
|   \\  /    A nd           | Website:  www.openfoam.com                      |
|    \\/     M anipulation  |                                                 |
\*---------------------------------------------------------------------------*/
FoamFile
{
    version     2.0;
    format      ascii;
    class       volScalarField;
    location    "750";
    object      omega_0;
}
// * * * * * * * * * * * * * * * * * * * * * * * * * * * * * * * * * * * * * //

dimensions      [0 0 -1 0 0 0 0];


internalField   nonuniform List<scalar> 
9793
(
0.0222241
25.3294
0.0219228
4.75131
0.0222597
0.257932
0.0828865
11.4795
0.0219458
32.674
0.0221977
0.0221886
0.0219107
5.82984
0.0217075
0.0245932
0.0545851
0.0219182
5.0364
0.021532
0.0215645
0.0222916
5.60023
11.4167
6.06985
0.025735
0.022099
0.022262
0.0215426
0.0827988
15.2012
0.441838
0.0220109
0.0219338
0.0218626
0.0274848
0.0233151
0.0242859
3.89737
0.0302794
0.0713447
3.37587
14.3246
0.0222716
0.0219545
0.0220417
11.7342
0.0222842
0.0215688
0.0219252
0.0271128
0.0218459
0.037236
0.0222685
0.0316496
4.5646
0.0219205
0.102471
0.0215774
0.0222914
0.0261362
0.092001
0.0219395
0.0334178
0.0219623
0.0218963
40.5986
0.0235578
0.0235787
11.7037
0.0219131
0.0945073
11.7941
2.40889
6.9891
0.0222625
0.0432016
10.2696
0.021976
0.0222705
0.0463989
5.34986
0.052322
0.0234606
0.0236431
0.283201
0.0222611
0.0754429
4.04695
0.0871116
4.7918
1.38631
1.52613
0.0404891
14.4687
0.0218904
5.48472
0.0506137
0.0241889
0.0222684
4.13187
0.0353575
3.35147
0.0219603
7.52168
10.9337
2.25725
0.021873
0.0219808
0.0222835
0.0222336
5.22511
3.09008
13.4223
0.0218966
0.0221116
0.0229635
0.0220497
4.25917
0.0220271
7.3881
0.0820835
2.47723
0.0430976
0.0233636
0.0220329
0.0626752
12.7499
0.213595
0.220756
0.0230176
0.0217848
0.0221488
0.0228663
0.0264142
0.163225
0.480061
0.0230007
0.0222734
0.0632705
8.55177
0.0266369
0.0218758
0.0574906
11.3123
0.543782
0.0220332
6.89498
0.0217802
0.0220274
0.0220691
18.1936
0.0237316
0.0220912
0.0218974
1.27092
0.0584751
0.0219336
0.558456
0.0218787
0.070287
0.023124
0.0215735
0.323619
0.0218019
8.90031
3.05978
0.0219288
0.0218744
0.0222178
0.0218861
10.1199
29.0412
5.48761
0.0219038
0.228753
0.128874
0.639394
0.0219589
0.0234709
5.55604
12.6858
0.0905187
0.0220342
0.0220718
0.0218676
1.69497
11.2622
19.3526
3.65126
0.0218533
37.1446
0.410749
0.0246984
0.0215722
0.022955
2.02112
0.0215741
0.0219152
0.0222055
0.0219251
0.0215494
0.0281426
0.0239775
3.75513
0.0218971
0.0275048
0.021923
0.0222007
0.383599
0.0606791
11.8362
0.021617
12.1187
0.0234864
0.0370641
0.0217176
0.159397
0.0221208
0.0475955
0.0548241
0.0215548
1.4325
3.92841
0.0385575
0.0218724
0.0529813
3.24225
0.0469376
0.0475837
3.91595
0.158216
0.0352174
0.0342016
0.348735
0.0214914
5.59069
11.9101
0.0215823
0.0222229
2.41031
0.0218684
0.0222313
0.123698
0.136403
0.0218939
0.0234852
0.0286316
0.0366384
0.0234756
0.0219656
0.0433683
4.70624
0.0215566
5.21849
0.0222619
0.0221712
0.0216379
4.42154
0.0219736
3.10267
10.1554
0.0221031
0.0221308
3.55653
0.0217491
0.0222397
0.0217101
9.83744
0.249223
0.0243177
0.379923
0.0957022
3.261
7.15092
0.0219588
19.03
0.0222642
3.40864
9.48066
4.49135
7.53277
0.151636
0.0230173
0.0473534
0.0237193
0.021579
0.0219584
0.394434
0.0258918
0.0221397
0.0222838
0.0216139
0.0215591
0.0215634
5.91596
0.0218632
0.02171
0.0216779
0.0219131
8.35039
0.522017
0.0601081
0.0226099
0.0592725
0.0217478
0.61238
13.8646
0.0219663
10.2981
0.0316542
0.0219475
33.733
0.805556
0.0220193
0.0458358
14.2324
0.0220414
0.0323622
0.0217053
0.0221107
3.46174
0.0394153
0.0219448
0.0220208
0.0225104
0.164181
3.28524
0.0219272
0.0218661
0.021633
10.5763
11.0814
8.74013
0.0214972
0.0414895
0.0329596
1.95611
0.0752098
0.0214696
0.0215104
0.0216372
0.0458821
0.02199
9.6131
0.0220869
0.0217624
3.02974
5.87195
11.2481
0.0216075
4.07295
0.0240967
4.34864
10.1999
3.88714
0.0231622
0.0310938
0.476255
4.80451
4.9665
0.0256364
0.0222633
0.0246633
0.0215457
0.0218461
0.0219747
0.0220807
0.022292
9.7757
0.0222073
0.0630421
0.0298633
0.466116
0.0214653
0.0235318
7.33249
0.454165
5.1713
0.0726306
0.0217659
0.0232287
0.0219265
0.421947
0.0215525
10.6447
0.147629
0.0826724
8.60505
3.53419
0.0221375
0.021874
0.476513
0.392719
0.0218971
9.99916
0.0221313
0.0221773
7.05805
0.021615
0.104378
0.0215008
2.98211
0.0220921
0.0218046
1.45161
0.088177
0.0492979
0.0247083
0.022074
0.0218052
3.18845
0.0504326
0.0215077
0.0221963
0.0329778
0.0330987
0.0478
11.981
0.0221974
0.02193
0.377973
0.0220809
4.2263
0.628279
0.0220636
0.0220165
0.0219428
0.0221162
0.0216197
4.10938
0.0480153
7.09157
0.0278188
0.0224659
0.0431956
0.0240302
4.24611
0.025456
0.0222677
0.0235585
0.458841
0.0218874
0.0218805
0.0219127
0.0215558
0.021984
0.0217351
0.0220437
0.022158
0.022613
0.0237045
0.123705
0.0217445
1.50154
0.0249032
0.195105
7.17484
0.0215882
2.77549
0.0818347
0.0215831
0.0215552
0.0218786
3.84566
0.0970367
0.0215513
0.0221202
0.022199
0.0622353
0.144726
10.5
0.0219757
0.021899
0.0302635
12.0087
4.37093
0.0232702
0.0225735
5.012
7.35765
0.231782
0.0220869
0.0217735
3.73903
0.0218935
0.127127
0.542308
0.0215003
0.221291
0.0263206
4.23201
0.0218083
4.17472
0.357797
0.0242637
3.16048
0.0218928
1.69866
0.0220936
0.0218716
0.0222234
0.0219338
9.54125
0.0218841
0.0215766
0.02259
0.0215059
0.0217731
0.0454237
0.0225244
0.0329893
0.0220342
0.0220381
6.11778
0.0694135
0.0232266
5.58767
0.0233984
0.022088
0.0219781
0.0216171
9.76787
0.0215668
0.022069
16.1393
3.60857
0.0378206
0.0219188
0.022284
0.0218971
0.022241
5.06391
0.0220803
3.82317
0.0231407
1.88398
0.022262
33.4012
0.0220116
0.211222
0.0219006
0.0994281
6.54255
0.0221024
3.20834
0.0218765
0.0222182
0.0215589
1.79085
3.80003
0.0218842
0.0271428
0.0215551
4.45695
0.0216768
0.0441279
4.1999
0.0245336
0.0220261
0.0431786
0.022245
0.021921
0.021655
0.114626
0.0219545
4.01118
0.0220517
0.0219978
0.0374741
0.0735886
0.391202
0.0217065
32.6498
0.0218682
0.189103
0.0218934
0.021887
0.0218895
0.0220496
0.0222681
0.199034
0.0359479
4.18216
0.122212
0.0335683
0.0327662
5.55674
0.0231062
4.98852
14.9536
0.242192
12.1342
0.479852
0.16788
0.0219186
3.3159
0.0366981
0.0218388
0.325797
0.0222509
0.384583
0.0345832
0.248945
0.02667
5.51866
14.707
0.0349209
0.219618
0.0222172
0.581001
0.022566
0.0219042
0.0219804
0.022479
0.0461577
3.88287
0.249468
12.2355
0.022878
0.0230502
4.31012
0.30585
0.0224269
0.0654498
0.0222226
5.13801
1.39405
0.022058
0.0601513
0.252781
15.4284
0.0219571
0.0250558
7.1512
0.0273729
1.62277
0.10473
0.456178
0.0249543
0.0232201
0.0217867
0.0218994
0.270422
0.0222842
0.288747
0.151949
0.0799988
0.0222595
0.0222239
0.0225982
0.0217194
0.0218271
0.0218732
0.110274
2.64232
6.35222
0.0222796
0.315802
0.0219456
13.3811
0.0475181
0.0446003
0.0325121
0.33734
0.0217385
0.0220602
0.0410142
0.0218921
0.021864
0.0632758
5.12547
0.0215467
0.248424
4.46009
0.0236972
3.43161
4.51298
0.0217408
0.0556121
0.0251065
0.021852
0.0215608
0.0946976
4.55508
12.5696
0.0218959
0.0220146
0.0216156
0.0231618
0.0225456
0.0233337
0.530648
0.0472489
0.0221517
4.04987
0.0283245
0.0320185
0.0218321
29.3844
0.0228755
0.021916
0.0820457
2.11411
0.0215067
0.0220492
0.0219345
0.023871
0.0217339
0.0360914
0.534749
0.0220522
0.114851
0.0223052
0.021799
0.402671
9.85954
0.272749
0.0220741
0.0215093
0.498533
0.0251407
0.381983
0.0214891
0.0218746
12.8877
3.76593
0.0292446
0.112567
0.0587098
0.0218683
0.0222717
0.0218369
15.2867
0.0220569
0.0222928
4.66704
0.0265029
0.341271
0.0313008
0.0219303
7.37258
0.0222679
0.0218909
0.0218343
0.0294331
5.27959
0.0221629
0.0219662
0.0218895
0.0218782
0.0219365
0.0218
13.4293
0.0303519
0.022559
0.0221096
0.030397
0.0632637
0.0244618
0.0274095
0.0222839
0.0216106
0.0228792
3.89693
3.80494
0.0223558
12.5815
0.0222163
0.0245963
0.907855
2.13608
0.0216939
0.0221817
0.322812
0.0530689
0.0219047
0.0222484
4.28163
0.0222681
0.0707195
0.0220107
0.485895
0.0222474
0.0220216
0.0221265
0.03003
0.0216897
0.0239376
0.025277
0.155066
0.0218568
0.0219961
0.0222497
0.0218656
0.0218879
0.0216952
0.0302166
0.0221106
0.0532086
5.29989
0.0424631
0.066063
0.0222033
0.0216498
11.9236
0.75229
0.0215537
3.0608
15.0183
0.0215143
0.0219617
0.021867
0.0980745
0.0562709
2.32367
0.0218504
0.0244808
0.0218541
0.02215
0.0220575
0.0836966
0.0218615
0.28369
0.0220921
0.0551453
0.0218888
0.0228036
0.0218869
0.0335542
0.0561481
14.2905
3.28651
2.96035
0.0487812
0.0218701
2.94213
3.5429
0.0665357
0.0218126
0.0220842
2.06523
0.0218583
5.14454
0.0214948
0.0275204
0.0219026
0.0222697
0.0217006
1.78279
14.7845
5.05016
0.0672415
10.1178
0.0219395
5.56517
11.3368
0.0222705
0.0219896
0.021716
0.383935
0.021501
12.6116
0.0309674
0.168782
0.02207
0.815096
12.4299
1.73549
0.0284701
0.0314329
0.0220404
19.8594
0.0214732
0.581613
0.280363
0.0640886
9.36193
11.1195
0.0231796
0.0229544
0.0219473
0.111326
12.0534
8.61217
0.0217316
3.91357
0.0241207
0.135591
0.11502
5.17612
5.47243
0.0215026
0.025236
0.0291346
0.023116
0.0227475
3.79246
0.0221985
11.5662
0.0216462
0.0214909
0.079156
0.124014
0.379808
0.0222349
20.5845
14.2048
0.641849
0.0259451
0.022233
0.0222412
0.0222269
0.0218799
0.764952
0.380296
0.0219604
0.0218909
0.030239
1.69772
0.0252178
0.0219066
0.390032
0.0219255
0.0222748
0.0214784
0.0634392
0.022029
0.0237024
7.12913
0.0631443
0.0221683
4.36567
0.118236
0.02192
0.022248
0.0333305
0.0222624
0.0219616
0.0216957
12.5853
0.411016
0.0220676
0.0349693
0.0343987
0.578646
0.0218945
6.45863
0.0218552
0.0217399
0.594857
0.290259
0.0701071
0.0219561
0.0218848
11.4751
3.99758
0.276803
2.89348
0.0221016
0.0226028
0.0220151
14.8959
0.0237077
0.350118
0.0224674
0.0218052
0.0225975
0.0216132
0.0218709
0.0611155
0.0217616
5.39849
0.0217026
0.0220713
0.021493
0.0236371
5.32045
5.12198
0.0533859
11.459
0.0219786
0.0346599
0.0225671
0.995958
0.02159
0.0215064
3.90058
0.0330949
0.0313829
0.022111
0.224576
2.28589
7.7473
0.0220335
0.0327894
0.886624
0.0293498
0.953894
0.143041
0.0819626
0.0216805
0.02236
0.0661161
0.0731691
0.0219865
0.115649
0.0217244
0.0221846
0.0221313
0.0217194
0.0218787
0.021986
0.699728
0.0250653
0.0225134
0.045312
0.0217291
0.0219112
0.0371056
9.31262
0.0788995
0.0625307
5.25101
0.0222339
9.88424
0.0282874
8.03312
0.0589694
0.0222032
0.0218344
0.0228371
9.33244
1.75595
0.0496403
0.147449
0.0216104
0.021848
0.0222479
0.0222025
15.5844
0.0248704
0.0217761
0.185197
0.271702
0.961444
0.0223572
3.86026
0.0522566
0.0403966
0.0301616
0.39894
0.235364
0.0220672
5.39131
0.280857
0.0366642
6.79309
0.0461146
0.0219147
0.0222638
0.0218897
0.022815
0.0262513
25.7996
0.0512473
0.0218665
0.383624
0.0220038
7.18802
3.53569
0.0219523
29.4059
0.0217098
0.021674
0.0217229
5.88205
14.6146
0.0501551
0.0299294
0.0215562
0.517016
0.0222313
0.0300334
0.0220896
0.0220254
0.0217512
0.678699
0.0225481
0.0395614
0.0279508
0.0222117
0.33689
0.140376
0.0320845
0.0246414
0.0230535
4.07112
2.23945
0.0216269
0.0217116
0.0216234
0.0223499
13.1939
12.6724
0.237295
0.0249076
0.0217635
9.99534
0.489565
0.022056
24.1363
0.0216878
0.0900595
17.3665
0.0217224
11.9349
9.56787
0.134156
13.1717
0.729411
0.0218079
0.0224467
2.50171
3.88069
0.0223608
10.0156
0.024329
0.0218798
0.0222738
0.0225145
0.0401882
0.0245428
0.286457
13.5772
0.229102
0.0325954
0.0220788
0.0589989
2.2275
0.0217187
3.69665
0.0472689
0.0222199
0.0240003
0.0222415
0.022084
0.0301537
2.32991
0.0220164
0.0217765
8.55569
4.40006
0.0781118
0.0222612
0.0570187
0.0219115
0.0219298
0.942757
7.80362
0.0219187
0.0214663
5.81588
7.09811
0.0481846
0.0221288
10.6191
0.0222044
0.0219234
0.0226168
0.0219299
0.0216059
0.0216013
9.25997
0.260474
0.0251496
1.61947
0.0463464
3.95087
5.83055
4.65029
0.178875
0.021887
0.0222385
0.0219663
0.021992
0.0709935
0.021876
0.101323
0.0285954
0.392424
0.0220468
4.73702
0.0343394
9.75199
0.021923
1.75332
0.0282151
0.19898
0.325985
0.0301728
0.0215981
9.6114
0.0580808
1.25565
0.0215549
0.647934
0.0220273
11.6582
0.451211
0.040747
0.0219045
0.0220876
5.44173
11.8593
0.0304375
0.0214509
0.322741
0.0834896
0.045566
3.31625
0.0743886
0.0218626
1.2481
0.0218943
0.0317366
0.0215169
9.08032
0.021524
0.0224666
0.389053
3.42909
0.0222223
0.070054
0.0232709
0.0735261
0.0218739
0.310646
0.0230115
0.0609834
0.0218728
0.0219847
3.84763
0.0273001
12.1519
0.721494
8.06005
0.0224833
0.0215469
0.0216978
0.0249025
0.0368167
0.0307743
7.77935
0.0229686
0.326005
0.0400309
0.022281
0.0218473
0.0768162
0.423475
16.5392
0.0218831
4.15145
0.021857
1.81994
1.46917
0.0481028
0.0219919
0.0216634
0.042382
1.73834
0.0237595
0.0222686
0.0226154
0.045494
0.0221625
1.32628
4.48687
4.06138
0.0221567
0.0255113
11.5398
0.0221883
0.0581202
0.0217262
0.731414
0.035068
0.0219395
0.0414549
0.168922
0.021659
3.72426
0.0218957
0.164275
0.227653
0.439856
0.31948
0.0221677
0.0220767
17.3535
0.022054
0.0379843
0.0930905
0.0229839
0.0214628
11.0049
0.0241881
0.375883
0.0223504
0.0624921
0.0223278
0.371744
0.0245492
0.0240273
3.68633
1.04245
0.0220877
0.0222731
0.153367
5.2974
1.9244
0.688819
0.027425
0.0219034
0.0217775
4.7407
0.0221381
0.802057
0.099687
3.48699
0.022107
0.021695
0.0217794
0.0425676
0.0399899
3.75786
4.34016
0.893301
0.257584
0.0215875
2.46898
0.0226487
0.0671699
0.0223102
0.0397443
0.0564461
0.021908
0.0215457
0.0702262
0.0216016
0.0383934
0.0647375
6.52011
3.8099
0.0340578
4.40186
0.0216669
0.0215422
0.0220739
0.181474
0.0578927
0.0461813
0.117235
3.9568
0.0375963
0.142049
0.0217261
0.0218329
19.1348
0.0217527
0.274242
0.0214373
0.0218236
5.61847
0.301446
0.0218159
0.0836834
0.490485
10.3775
2.81014
0.0244565
0.0725835
0.0503851
4.0492
0.021945
1.5538
8.64058
0.0232435
0.0240583
0.0215663
0.420848
0.0215566
0.0219784
5.84837
0.0220732
0.0215119
0.220895
0.0613316
4.09827
4.21797
3.53666
5.32893
0.0214841
0.0218813
0.0218196
0.0222064
1.49097
0.0219399
4.34167
0.022639
12.0817
0.023879
0.0220153
0.0216661
0.0221043
0.0292101
0.0218111
0.0214574
0.363601
0.0217952
0.052084
0.0222975
14.1713
0.0238917
0.0220771
0.0216529
0.0545445
0.0219021
0.0217506
0.0220874
0.0222156
0.0229801
0.0218108
0.0229477
0.0303096
0.877168
9.70453
11.6582
4.33258
0.0217492
0.0220045
0.0219021
0.0214053
0.0219162
0.0217134
0.233885
0.0218252
0.0222516
0.0220684
0.0220431
0.0218115
9.63921
0.0228002
0.0219684
22.4824
0.044101
0.0216985
9.15152
14.244
0.0220201
0.412701
0.624181
0.0219496
0.0434222
0.0234611
0.0215355
0.0265733
0.0218052
0.0362731
0.0220121
0.0222472
0.0217242
42.323
0.0259624
0.0434564
0.022032
0.022265
13.1073
0.0249926
0.0220363
0.0233508
0.0236704
0.0222518
0.202134
18.9268
1.05677
5.932
0.211727
0.0358015
0.0222597
12.5479
0.171901
0.022448
0.0629849
0.0222931
0.0218721
0.0222463
3.40025
0.0441693
0.0219979
0.0220423
0.224551
0.0217086
0.374078
0.0218848
1.86752
0.292886
0.382685
0.0220779
0.0228698
0.030458
0.0341022
0.0220776
0.0372485
0.0809582
0.461442
0.0218044
0.463877
10.7505
0.0215111
4.4633
0.0414209
0.311041
0.111731
0.0218999
0.026959
0.0411491
0.0216703
0.0243649
0.0215194
0.457425
1.64781
0.0313969
0.02182
0.164336
0.0695215
2.92135
0.280307
0.0229152
0.026724
0.021937
0.0218625
0.0411805
0.0488664
23.3125
0.0217917
0.414202
0.0221737
7.3461
0.199489
4.34196
0.0215832
0.0226652
1.96962
1.75606
0.0410178
5.46422
0.022151
0.213502
0.0219091
0.0218149
4.52295
0.279695
0.0232034
0.0220925
0.0706594
2.19007
0.175019
0.0625306
0.0217537
0.0220145
0.0217039
2.40507
13.0131
0.0217035
0.0463713
4.65611
0.0786638
0.261069
4.33449
8.21339
3.47493
0.0217134
0.0220783
3.7608
0.0218804
0.0470705
1.5499
9.80865
0.0230008
0.0290789
7.19823
0.602749
2.03481
13.0812
4.24499
4.27696
0.0221102
0.0215804
0.0219862
0.0220651
19.8725
0.0511932
0.346472
0.384166
0.0535959
0.0217884
0.30652
0.0216143
0.0293019
0.0219167
0.0388846
13.5606
2.46909
0.0220707
0.0215617
0.0340782
0.558563
0.195385
9.00116
0.0423076
0.0219532
0.0756283
0.0214307
0.0879474
0.0306137
0.0218833
0.556535
0.152807
0.481414
0.0568052
0.0220739
0.0215038
6.25463
0.0245236
0.0215874
0.0221451
0.0222559
0.0216705
7.73797
6.72682
3.80514
1.37046
8.73473
0.0227455
0.0219343
3.26438
0.0234126
0.0951125
0.580256
0.0218615
12.6752
5.0873
0.0614226
0.0322238
0.748137
0.0227598
1.78886
0.0365908
5.36207
0.0217949
0.0225648
0.0390673
3.33046
0.129995
0.0636612
9.53895
3.61405
0.066682
0.193034
3.34809
0.0236453
0.329262
30.3182
0.0347281
0.0593937
4.06329
0.0303012
0.0352665
0.0221027
0.0369665
0.0392512
0.056087
0.0220873
2.54459
0.146922
5.31388
10.4875
4.03631
0.0378655
1.56288
3.17059
0.02184
0.393227
3.71362
1.86581
0.0270233
0.0236386
6.14837
8.05916
0.0215652
0.215502
0.0217411
0.0219024
4.39778
0.0246573
4.31819
5.03553
4.62886
1.43806
0.0216018
0.0349339
0.0219296
0.0218371
0.103309
0.0596805
0.0255842
2.70331
4.1652
0.022273
0.0251232
1.33321
0.0226859
0.348686
0.0448134
3.78307
3.75094
0.461443
7.26835
14.0322
4.60528
3.87498
3.74076
0.0271326
0.0245201
0.11132
0.111682
4.85489
1.22318
0.0221319
0.0222019
9.01821
4.86397
0.023512
9.59917
0.0218845
0.792717
1.373
0.649726
0.0219186
5.16079
1.53878
0.0260409
0.0333447
12.4616
12.995
11.6301
14.8022
0.0219107
7.01095
4.0889
0.038542
0.211518
0.100153
0.0217228
0.0258511
5.25795
6.58695
0.0239154
0.0221716
5.91537
0.0791983
3.77345
0.0753843
2.02865
4.08074
0.0219867
10.951
0.0222852
0.0281124
0.0219689
0.0216862
0.0216931
0.0361757
0.25227
0.02147
10.7986
0.0780544
3.08725
9.1432
4.64231
0.0219049
1.60128
1.53602
4.17593
0.0332714
0.0219082
3.62531
0.400169
5.14359
0.0514853
0.0230323
0.0216755
5.69113
8.11164
0.0322365
10.8863
0.0296724
0.0220704
4.59917
0.0505888
18.2839
0.0217641
0.0261941
4.45968
11.1802
3.79987
0.225921
3.7324
4.08925
3.49109
0.0220476
11.0445
0.0456225
0.0218019
0.021507
0.0218653
8.84879
0.0463188
3.8073
3.81314
0.0325658
0.146327
0.0849602
4.48015
0.245487
12.0753
9.36593
1.28056
0.0809978
0.0215913
0.287717
0.053897
0.127894
4.41689
8.7961
1.67129
0.0220935
0.0235154
0.0456011
0.022059
0.021802
0.0271302
3.98121
0.0256717
0.0234128
4.6823
0.0799392
0.349055
3.17119
4.28864
0.424501
4.85479
10.0992
3.93963
0.0582537
0.0306894
0.0220006
1.25986
0.112157
0.291289
0.0586044
0.0564415
0.0214372
0.217048
0.54175
0.0243529
0.0215653
0.0224204
3.35685
0.0218671
0.0220258
0.0632678
4.04823
0.0259367
0.0519893
0.162301
0.0292091
0.0632947
0.0218204
0.0219772
0.0403427
0.267321
0.0221198
0.030323
0.247355
0.595976
0.0220135
11.709
0.0217995
4.24072
0.0228675
0.0230272
0.021528
0.200545
0.0314076
8.22063
11.7589
0.0629408
0.0221629
0.0217025
3.2573
3.15586
0.0216065
0.233362
3.79964
0.0529384
0.0717062
0.0214003
0.022399
0.0219065
4.59848
0.0417035
0.0220506
10.7878
0.0221989
0.0533251
0.317046
0.0217243
0.0903349
0.0615676
19.2517
0.0222376
0.0253981
0.0229913
0.0547957
0.0213826
0.0218917
0.535206
0.323144
0.0790314
0.0217015
4.40646
0.022223
0.0222021
0.0219564
0.486911
11.3096
0.0232227
11.0432
1.71511
0.0644933
4.8827
3.60393
9.18759
3.74334
0.0540138
0.0675729
0.254809
0.0479098
0.0219492
0.028879
0.0281544
10.1249
0.0220775
9.4493
0.0219731
0.380505
0.0937035
0.0224543
0.0223952
9.8762
19.8692
7.89168
4.48914
0.0218004
0.0712993
10.77
0.0248325
8.38026
0.0386425
0.0985519
4.29017
0.0289254
0.0219927
0.133399
0.162404
0.0218872
4.05385
0.770091
0.0216935
0.0222394
0.0221212
0.0220096
9.03601
0.0216904
0.0474426
0.0220254
0.0219095
0.0308582
0.0219309
4.82561
0.0895446
0.0220087
0.0215908
0.124961
0.0227551
0.05206
11.1011
9.74379
0.0517601
0.231547
0.0385143
0.0215659
0.161245
10.2772
0.0367591
3.94215
0.445608
0.0702121
0.0376543
0.0251753
0.069751
0.0361549
12.3013
0.0221125
0.0219875
0.0215968
7.07628
9.19774
0.0342707
0.112098
0.0217324
0.024426
0.122874
0.333168
0.0218553
0.0588745
4.12535
0.0810262
0.0219862
0.021874
20.5608
11.6314
0.0219193
0.541224
0.0282966
0.248909
0.248548
0.0218494
6.13908
0.0274487
0.0220246
3.54157
0.255807
0.0219043
0.0221633
0.332425
0.021741
0.0220418
0.175734
0.0396047
0.043108
12.6532
0.0245265
0.0384155
4.08905
0.0217809
4.24849
11.2729
0.0243834
0.0599658
0.207265
0.0219175
0.190387
0.0214474
3.57088
1.48106
0.0220035
0.779553
3.94361
0.0218815
0.0218993
0.524115
0.0344538
5.20926
4.92554
0.0220941
0.0424051
10.7224
0.0220873
0.0495259
0.0759583
0.0323663
3.54485
0.217666
0.0223532
0.284804
4.13283
0.0428016
3.40416
0.0219072
0.0215286
0.0222674
0.0399173
0.614754
0.0220654
0.0301897
11.9312
5.69961
0.0222187
0.028847
1.99811
4.27306
0.0222252
5.62136
0.0329892
0.0894067
0.0342154
0.0226913
0.025147
0.0218951
0.0219532
0.517287
0.0219318
0.0485529
0.0219763
11.8657
0.0223413
0.0226315
0.0215612
0.0231053
0.0219794
0.0404714
8.47465
0.311998
0.0368216
0.0399195
0.0219663
0.0301645
0.0519723
3.75998
8.99719
0.0218236
0.864773
0.0220224
2.23528
4.64691
8.98194
0.0218186
0.100828
0.0781098
10.8626
0.211377
0.021809
3.68471
0.294034
0.0355962
0.426611
0.021871
0.0219323
0.0375197
2.52313
0.0218918
0.506079
0.0323424
2.20641
0.0834119
0.022114
3.65057
0.0271624
0.0220115
0.303546
0.0218138
2.82868
9.76423
0.174864
0.0265525
0.145516
0.0218929
0.106785
0.0433943
6.2586
0.0219372
0.0215366
0.0260244
0.0286018
0.0435613
4.59243
3.20896
0.0339443
0.205938
0.0217804
3.30849
0.869901
0.174248
0.0218934
0.0222601
0.0222276
3.23836
0.0219653
0.0251876
3.38954
0.0924736
0.0219164
0.245849
0.0862227
0.0219831
0.0244272
0.127562
1.37878
0.0682135
0.0422067
4.80114
4.75988
0.292202
0.0258031
0.0220025
0.0237754
0.0239651
0.153038
0.0579703
0.026036
0.0846827
12.1621
0.0234953
0.0219917
9.75199
0.277392
5.32102
0.196015
0.0249693
0.0232128
0.0231306
0.0217263
0.0218364
0.0436309
0.0214954
0.0226019
0.0219867
0.0225722
0.0230673
0.0219365
0.0364515
0.0326549
0.0218462
0.0219206
0.0221189
0.022451
0.0221582
0.236882
0.0220563
0.0229783
1.41675
0.0216056
0.0227965
0.0220956
0.0259577
10.1903
10.1095
4.36644
4.11611
3.3231
0.235108
0.0218573
0.0590385
0.0219001
0.535828
0.0222404
0.0282818
0.0220434
0.0543025
0.0219503
0.0299359
0.0217662
3.49389
0.184846
0.0220779
11.7832
3.39967
0.0218392
0.0985573
0.0219387
0.0215506
11.3294
0.021864
0.0663994
0.222025
0.0221044
0.0215084
0.0751433
3.73247
0.0242657
0.0227295
5.02699
0.021931
9.17157
0.0494296
10.1787
0.0216438
4.15769
0.0218647
0.0220487
0.279171
0.0597769
6.89663
3.81581
13.055
3.52243
0.195812
0.141747
0.022046
0.154444
0.0217319
0.0218106
0.0860842
0.0218956
0.0219783
0.0215635
0.0215942
0.0555169
0.685352
4.27395
0.357417
9.38771
0.0228456
0.0289923
0.02223
0.0224627
0.0806697
0.0219463
0.0215456
0.0217925
0.0229666
0.0227745
0.175381
0.0881786
0.0452708
0.0221081
0.0505179
0.0518902
5.04411
11.5094
0.024041
0.0389076
0.0220874
11.8589
6.18711
0.0219025
0.0219307
0.0238051
0.022214
0.320049
0.332404
10.4884
0.0220048
3.41468
0.0219937
4.45948
0.0498453
0.0218027
0.0272308
0.391731
0.0259722
0.0270746
0.0282333
0.0856747
1.06951
0.0215581
0.0219116
0.0269124
0.207591
0.0218191
3.80205
3.24038
0.0219015
0.0213989
10.2059
0.0661298
0.0218923
3.62748
12.6602
3.57398
3.06845
0.0265123
1.90441
0.0220708
10.6706
3.46865
0.707796
0.0647166
0.0233163
8.68459
0.0242836
0.0218584
0.0214344
0.308076
0.0216058
0.988745
0.0220028
0.022049
0.0243198
3.95499
0.0232724
0.0224281
0.0220733
7.47427
6.12784
11.1127
4.45778
0.038902
0.0218922
0.0235324
0.258586
0.102896
0.0219824
0.0492484
0.251422
0.518637
0.0217711
7.41255
10.6633
0.0345399
0.0220628
0.0232186
0.0219413
0.0216455
0.021926
0.0220324
0.0217214
0.0892882
0.0220944
0.136776
0.0223373
0.022391
9.6875
0.0693046
0.0223318
0.0224369
4.12372
0.0214911
0.0222741
0.0252593
0.0218073
0.337658
0.0291159
0.0224212
0.0414597
0.0218478
0.0261699
0.0215562
0.158535
0.0218052
0.0218533
0.544698
0.0224666
0.194663
0.0322944
0.0232486
0.0905051
0.0213881
0.0220869
0.02237
12.3182
0.0228774
0.021895
1.96361
0.0219077
0.0215909
0.0218801
0.657708
0.0306198
0.150804
0.0318527
0.0293222
0.0464877
0.0232954
0.0262016
0.0442885
4.00161
0.0221227
0.0274333
0.0217407
0.225305
0.24309
0.0219023
0.0257305
3.66214
0.0285366
0.0214963
10.2907
0.0250774
0.0765806
5.08826
0.0266866
0.0218422
0.0283953
0.0218972
0.0227909
0.0219001
0.0228731
0.0251252
0.0219694
0.0220679
0.0303022
0.0220336
0.0978451
0.0217646
0.0232141
0.021873
0.026256
4.24581
0.0219458
0.0217989
0.0905161
0.0222526
0.0218601
0.251551
12.1454
5.47509
0.021962
0.0238133
0.0316613
0.0222446
0.0221248
0.0326657
0.163187
0.0215135
0.0494349
0.0219173
0.0218801
0.0216541
0.0214979
0.0222289
0.0416516
0.0328724
0.0254299
3.74818
0.0235253
0.0269613
0.0216565
4.92978
1.00533
3.33737
0.0219447
0.0456627
0.027291
0.0219237
0.0221194
0.0392585
3.73882
4.4677
0.0216708
0.0260594
9.61626
0.0224707
0.2176
5.76424
3.71315
0.0274005
0.0219205
0.0373779
0.0436897
0.210912
10.9143
1.02193
3.70441
0.0223083
0.0221741
0.0218788
0.114133
0.0217769
0.021659
0.0370103
0.0218575
0.0217335
0.0218731
0.0483165
0.0217878
0.021765
0.0219653
4.17489
0.0214843
0.0219429
0.0221057
0.0220132
0.0219373
0.0665837
0.0717395
0.705058
0.021481
0.0272922
0.123996
8.33633
4.61258
0.022095
0.0222751
0.0492577
0.0883497
0.025025
0.334265
0.0219163
2.41367
0.0222781
3.87117
0.0224512
0.0218728
0.0411993
0.0218971
0.0216833
0.0224227
0.607339
0.0237984
0.0222427
0.0221786
0.0219048
0.0392277
0.0216306
0.0219085
0.0251072
0.0969583
0.023649
0.0215851
3.86134
1.00006
0.0219137
0.327899
0.0221435
0.0262452
0.0751514
0.253953
0.022948
0.0226042
0.0219708
0.239767
0.0274845
0.021868
0.0218816
0.0228118
0.24367
0.0216857
0.0319942
0.0233212
0.0330803
0.0468382
0.0370453
0.0835401
3.88101
0.0242651
0.0220394
7.97065
0.382998
0.0219289
0.0214685
0.022062
0.0219158
0.021868
0.023351
0.0216492
0.0220773
5.90218
4.17556
0.028966
0.0218944
6.50056
0.0232899
0.0216886
8.36843
0.0227368
0.0215934
0.0220934
0.022037
0.0329749
0.0219571
0.0518785
0.0219043
0.021768
0.0219072
0.0312689
0.0348578
0.0218845
0.0571276
4.11231
0.0227817
0.021878
0.0561826
0.021655
0.0219067
0.0218443
0.0282637
0.0220524
10.5871
0.0221817
0.219901
3.25759
0.0555701
0.0224732
0.0219587
0.0219519
0.021925
0.0285034
0.187122
0.130457
0.0217911
0.0232837
9.34558
0.0215023
0.156077
0.0219605
0.0222419
0.0299192
0.0582594
0.0219526
0.0299369
0.0270741
0.054812
4.84744
8.57737
0.0216471
0.0219237
0.0309901
0.0220658
0.0223875
0.0491631
0.022156
0.111447
0.0217706
0.0640888
0.022106
0.0742631
0.0562359
4.02151
8.66944
0.0219128
0.0381151
0.754702
0.254907
0.0215494
0.0215507
0.147925
0.0219307
0.0217722
0.0217257
0.0214771
0.0661056
0.0742183
20.5762
0.0220204
0.0415521
0.0222549
0.0215465
0.0226456
4.98924
0.188658
0.0218689
0.0220055
0.0218168
8.50695
0.0219933
0.0219016
0.0222479
0.0219081
0.0405203
0.0218276
3.73909
0.0219818
0.0220208
0.0220229
0.0218481
0.021688
0.0220074
9.14682
0.0217697
0.0218994
0.289786
0.0217501
0.0220419
0.022111
0.0221564
0.0538565
0.0218601
0.0219675
2.46861
0.0226051
0.0220381
0.0221001
0.0214355
3.81948
0.0226337
0.0220765
0.0218568
0.02477
0.0219608
1.1266
0.0217858
0.0220105
12.1314
0.0219764
0.0622446
0.0220479
0.0213892
0.0214469
0.0292037
0.0360194
0.0218106
0.022286
0.0229157
0.021884
0.0221101
0.0219844
0.0216559
0.0215479
0.021567
0.436731
0.021949
0.0218127
4.74897
0.0218976
0.0258445
0.141311
4.38612
0.0217923
0.0219649
0.0219484
0.0216044
0.0226093
0.0377525
0.0234014
0.0321335
0.0217339
0.0237904
0.0219051
0.0214506
0.0250852
0.056965
0.0231073
0.0256179
0.0220265
0.0219477
0.0221201
5.82043
0.0224752
0.0220122
15.691
0.0221402
2.4223
0.022062
0.0219198
0.021688
4.89882
0.0218693
0.024329
0.0222513
0.0220711
0.0219591
0.0220873
0.0218211
0.023243
0.021861
0.0366194
0.0222478
0.0389395
0.0214274
0.0216012
0.0229067
2.48523
0.022149
0.0220475
0.0223435
0.021895
0.0230835
6.02127
0.0224622
0.0261451
5.21773
0.298248
0.0224528
0.0220772
0.176209
0.101869
0.0223623
0.0221142
0.0216417
2.76927
0.0220123
11.8587
0.0215938
0.0215183
0.022104
0.0216074
0.0228014
0.0215601
0.0219873
0.022265
0.0591259
0.0232333
0.0220628
0.0215807
0.326937
0.0632025
0.021474
0.0221038
0.0229858
0.0222391
0.0220584
0.0215378
5.38234
0.0215423
0.0218784
0.062721
0.0215341
6.30379
0.0218131
0.0361406
0.0246916
0.0219611
0.0214849
0.0219028
0.0217174
0.022042
0.0215392
0.0215771
0.382674
5.01511
3.75881
0.0215744
1.37098
0.0219096
0.0551536
0.0219005
0.0219071
0.0221082
0.505524
0.0219361
0.0218859
0.0221259
0.0219066
0.386867
0.0218948
3.85928
0.0214236
0.0219457
7.08889
9.55152
0.0219824
0.0219477
0.0258806
0.0220167
0.14362
0.0217395
0.55627
0.0217408
0.0344065
0.0221393
0.0218012
0.0219302
0.0219021
0.0227813
0.0218317
0.0291904
0.031295
0.112481
0.0215245
5.30799
0.0218807
12.4249
0.0218882
8.57374
1.36977
0.0217366
0.0218907
0.0215437
0.021823
0.0220435
0.0216594
0.0215387
0.0219554
0.0214177
0.0891412
0.0221101
4.41028
0.021536
0.0214739
0.0219094
0.0219022
0.0220831
1.46808
0.0222551
3.6156
0.0214532
0.0221184
0.030987
0.0215612
0.166934
0.0226454
0.0219145
0.0385851
0.0214852
0.0219712
0.0221497
0.0215452
0.0277133
0.0391198
0.0215867
0.0221124
0.0220456
12.1117
0.0230059
0.0214745
10.9591
0.0517315
0.0215821
0.0219037
0.180171
0.0221595
0.0214151
2.75293
0.193141
0.0221672
0.0214173
0.0222398
0.0343099
0.0215435
0.163088
0.0215782
0.0215836
0.0413386
0.0529299
0.0215769
0.0215405
0.0214276
0.0216695
0.0216829
0.038773
0.0219618
0.0216802
0.0221105
0.0218351
8.66132
0.0222722
1.52615
0.024999
0.0265853
0.0221421
4.7681
0.0217763
4.70876
0.0214376
0.0219484
0.427623
0.0219657
0.0224451
0.02163
0.0241404
0.0216222
0.0255367
0.0214721
3.56616
0.0220487
0.021488
0.0214918
0.0215495
0.106252
0.0217544
3.4626
0.0219021
0.0242041
0.0214799
0.0220168
0.220802
0.0219963
0.101875
0.0217994
0.0226758
0.0220339
0.022133
0.0221622
0.0218768
0.0219769
0.224239
0.0215499
0.0219337
0.0223388
0.022057
0.0220543
0.0323538
0.0215959
0.0219016
0.021819
0.02157
0.0217507
0.0219935
11.2398
0.180826
0.376715
0.021415
0.0227492
0.0221256
0.025485
0.126516
0.210863
0.0313314
0.0215313
0.0219723
0.0216379
0.0221442
0.0221142
0.0218971
1.54336
0.0503877
0.0219255
0.269565
0.022137
7.38139
0.0219524
0.0218786
0.0217912
0.0214792
0.0214641
0.0216306
0.021633
0.0217575
0.0395953
0.0223543
0.0218901
4.18667
0.0215446
0.0220855
0.0219825
0.0214861
0.0218989
0.281551
0.0217612
12.0562
0.0218711
0.0215327
0.0342398
0.0218361
0.0247716
0.0855936
0.0215887
5.19133
0.0790125
0.0215728
0.0221346
0.0214801
0.213319
0.0215958
0.0261256
0.0221533
0.0217656
0.0216744
0.0218027
0.0219072
0.0219578
0.0217259
0.0218978
4.08044
5.5979
0.0225131
0.0219538
0.219132
0.0291849
1.47155
0.0217944
0.0218703
0.021954
0.022169
0.0219295
0.0216075
0.0215237
0.0219673
0.0396376
0.0216352
0.0220086
0.0251469
0.0219834
0.0284743
0.0220426
3.02038
0.0218529
0.021921
0.0227871
0.0397954
8.938
0.0218667
0.0221562
0.0218748
0.0220028
7.85219
0.0221599
0.0219016
3.93635
0.0217165
0.0219938
0.614277
0.0217994
0.0218393
0.0214522
0.0219044
0.0217263
0.0219998
0.03415
0.0217744
1.40947
0.0220983
0.0232619
10.5504
0.0219019
0.0216155
0.022062
0.0214221
0.0215863
4.50124
0.021963
0.0220105
0.0221639
0.0218333
11.8664
0.0217918
0.148662
0.0216613
0.0676448
0.19874
0.077274
3.24015
0.0254405
0.0338123
0.0267698
0.021866
0.0219894
0.0227392
0.162049
0.058842
0.0214687
0.0220079
0.0219628
0.021711
0.021579
0.151152
3.76882
0.184603
0.0222781
0.0221634
0.0294273
0.0219899
0.0219661
0.0216816
0.0219543
0.0219388
1.29624
0.0225797
0.0219031
0.0214856
0.0659613
0.0216226
0.0220716
0.0217059
0.0215288
0.0218943
0.0220479
0.0488151
0.0217603
0.0248071
0.796446
0.021645
0.0221041
0.0216575
3.97586
0.0215027
0.0217484
0.0452564
0.0219771
0.0749135
0.0217619
0.0214448
0.0223457
3.1888
0.0222525
0.0220936
0.0216593
0.0217667
0.829739
0.0225574
0.0216957
0.186634
0.0218927
0.0217484
5.28425
0.0222936
0.0222941
0.022293
0.0222925
0.0222919
0.0216812
0.0230811
0.0224956
0.0727346
0.0215444
4.36564
9.25589
0.0300854
0.0215996
0.021788
0.0218839
0.02199
0.0217679
0.022134
0.0216769
0.151177
0.0218915
0.0217783
0.0216911
0.717083
0.0216182
0.0221347
0.0217665
0.0219486
0.0218834
0.0217203
0.0222575
0.0226445
0.02211
0.022323
0.022485
0.0221894
0.0222047
0.0222384
0.0219727
0.0222858
0.0215039
0.021751
0.0216918
0.0222478
0.0217745
11.7417
0.0218632
0.0218152
0.021876
0.0214044
0.0221405
0.0219743
0.0219361
0.0219083
9.27103
2.98479
0.0214862
0.0217549
0.157495
0.0335359
0.357156
0.0218265
0.0232616
0.0339305
0.0215335
0.0220441
0.0219568
0.0221386
0.0219035
0.183518
0.0284397
0.0327173
0.0219508
5.30391
0.0221242
0.0218298
3.95665
5.83961
0.0216376
0.0218569
0.0222614
0.0225848
0.0219097
0.0219956
0.0218112
0.0227552
0.0215189
0.152829
0.0217602
3.46336
0.02178
0.0220138
1.0479
0.0220641
0.0218085
0.0222346
0.0218827
0.0220258
0.0253062
0.022169
0.324254
1.67081
11.414
0.0217545
0.133634
0.0218677
0.0220054
0.0219771
0.0218389
0.0215978
0.0219931
4.08469
0.0217949
0.0219173
0.0215741
0.0217314
0.0218854
0.0215521
0.0220649
0.0219776
0.0216679
0.0219283
0.0220285
8.68601
0.0219243
2.37162
0.0222944
0.0219178
0.0217541
10.6936
3.9899
0.0215595
0.0216324
11.047
0.0436416
0.0219278
0.022028
0.0291374
0.0217689
0.0219091
0.0217747
3.81803
0.0220902
0.0220544
0.0222839
0.0218884
0.0218785
0.643407
0.021535
0.0215983
0.0217973
0.0220774
0.0219069
0.0218893
0.0219443
0.0218989
18.0003
0.0221022
0.0220044
0.0216613
0.0297361
0.0217039
0.0312504
0.0220388
0.0216674
0.0219405
0.0217734
0.0217497
0.0217722
0.0221206
0.0216017
0.021765
7.83714
0.0219646
0.0319535
0.0219652
0.0218917
0.0216157
0.0216813
0.0295736
0.0220199
0.0214442
0.0218752
0.0219095
0.0235891
0.55585
0.0217296
0.0214691
0.0220325
0.0220574
0.0219971
0.171638
0.0217753
0.0220049
0.0305293
0.0217421
0.0462438
0.0218288
4.20656
0.0219318
0.0217715
0.0219714
0.0215767
0.0219368
0.0245163
0.0218452
0.0220248
0.021899
0.0219811
0.0221244
0.0217031
0.0218807
0.0216303
10.8303
0.0219696
0.0222321
0.0931791
0.0229185
0.0217791
0.0214624
0.81274
0.0219996
9.11603
0.0217852
0.0846325
0.022284
0.0230593
0.0215178
0.0220306
0.0218967
0.021752
0.0219039
0.0219016
0.0219481
10.9905
0.0213993
0.0220404
10.1711
0.0221208
0.0215713
0.0218663
0.0219076
0.0298286
0.0216897
0.0293265
0.0218579
0.0221208
0.022125
0.0221282
0.0218293
0.0219528
0.023114
2.50921
0.0220129
0.0221301
0.0218409
0.0220062
0.0215484
10.8997
0.0222626
0.021944
0.0218919
0.0215493
0.0216859
0.0259121
0.0217818
0.0214422
0.0220657
0.0219694
0.0214419
0.0219442
1.22076
0.021995
0.0218048
0.0220966
0.022008
0.0220424
0.0214363
0.022072
0.0220266
0.0220732
0.022139
0.0214368
0.0219083
0.0220218
0.0219291
0.0221571
10.6553
10.4468
0.0220565
0.0229472
0.0218465
0.0248801
0.123172
0.021533
0.0217878
0.0249251
0.0224883
0.0279018
0.0219338
0.021884
0.0219366
0.0219859
0.0215837
0.0217442
2.97288
0.0318222
0.0215237
0.0237452
0.0218956
0.231012
0.0216511
0.0216148
0.0215016
0.0217258
0.0218982
0.0854172
0.0218344
0.0938684
0.0438947
0.0237829
0.021757
0.0220821
0.0218255
0.0218882
0.0219904
0.0218903
0.0217726
0.0287177
0.0220462
0.0218147
0.0221607
0.0220339
0.0219683
0.0220094
0.0219843
0.0217216
0.0220104
0.0218923
0.0220286
0.0220159
0.0339879
8.59566
0.0305116
0.0217113
3.07991
0.0220432
0.0216675
0.0624817
0.0220564
0.0218706
0.0217847
0.0218947
0.0219386
0.0215814
0.0220322
0.0222557
0.0218963
0.0217992
0.0217778
10.5171
0.0217615
0.021897
0.0286272
0.0217551
0.0217374
0.021978
0.022293
0.0221488
24.0614
0.0218782
0.0394052
0.0219653
0.0381038
0.144396
0.0214309
11.1605
0.021948
0.0219536
0.0216993
10.5907
2.65125
0.0215244
0.0266445
0.0220973
0.0224145
3.56376
0.0237529
0.0219515
0.0215632
1.076
0.0219719
0.0225932
0.0220003
8.86085
0.0219343
0.0214532
0.0217579
11.0312
0.0217865
0.0219741
0.0220004
0.0215764
0.0220136
0.022088
0.0219982
3.44824
11.3925
0.0219945
0.0229673
0.0240442
0.0854095
0.0217096
0.187884
9.69282
0.0215207
0.0216197
12.4018
0.0260886
0.0220152
0.0217913
0.0222928
2.86583
4.975
0.0221642
0.0221371
0.0221286
0.0219605
0.0219692
0.0222393
0.022256
0.0220475
0.0218981
0.0319102
0.0214813
0.0229785
0.0222688
14.5084
0.0215347
0.0220582
0.0216217
0.0222898
16.6332
0.0221291
0.0548992
0.0222916
0.0219912
0.88884
0.0220784
11.5612
11.8559
0.0218018
0.0221212
0.0218931
0.0222526
0.0219981
0.02183
0.0263181
0.0214157
0.425826
4.06944
3.72684
0.0219978
0.0233212
0.0219399
0.0215335
0.0219936
0.0221431
7.2898
0.0220837
0.0220783
0.0218045
0.0221384
0.0221831
0.0221645
0.0219985
0.0219914
0.022105
0.0214978
0.109216
0.0222884
0.0787892
0.0220015
0.0218508
0.0216345
0.0220295
0.0216833
0.0220472
0.0223309
0.0239009
0.0216577
3.84521
0.0220973
0.109291
0.0219146
0.0218241
0.0699621
0.0279162
0.0218966
0.0219792
0.0220315
0.021894
0.0215779
17.9443
0.041387
0.0218094
0.0214937
0.0221149
0.0219971
0.0963431
0.0219934
0.0214311
0.0220439
1.29949
9.52759
0.0216774
0.0218217
0.0219738
0.0219505
0.0227427
0.439865
0.0273201
0.0726881
0.0215196
0.0359187
0.115483
0.0221004
0.022238
0.133732
0.0222735
0.0216017
0.193525
0.023153
0.0226741
0.0217777
0.0493765
0.0220352
0.0219966
0.0648458
0.0219628
0.0229843
0.0219193
0.0726538
0.0214969
0.0219295
10.3855
0.0252277
0.0221268
0.027071
0.0215914
0.0275477
0.0235286
3.84545
2.56317
0.0220982
0.0216997
0.0309276
0.0219301
4.63047
1.41198
0.0220817
0.0220552
4.76596
0.021603
0.0221041
0.046877
2.80717
0.0677549
0.0216208
0.0219291
0.0218439
0.0217875
0.0216742
0.0220312
0.0391438
0.0220279
0.021481
0.0218349
0.0219584
5.56525
0.0309841
0.0221832
0.02291
0.0215118
0.0216811
0.0268024
0.0219748
0.0348476
0.021885
15.2943
0.0214208
0.0217373
0.0358626
0.0221818
0.0220978
0.0221929
0.0243868
0.0214531
0.0223539
0.0215452
0.0218717
0.0216756
0.0225158
0.0219898
0.0219084
0.0220651
4.48485
0.0348837
0.0215595
0.0219149
0.0219213
0.0214695
0.0615032
0.0692083
0.0218347
0.022043
0.0218037
6.47046
10.9983
0.0220639
0.0215706
0.0215298
0.0215484
0.0222188
0.0218493
0.0217217
0.0218109
0.0414637
0.0219031
1.2759
0.0220274
0.0218203
0.0220171
0.0572712
0.02171
0.0370698
0.0216739
0.0219499
0.0219131
0.0281179
0.0220111
3.629
0.0219877
0.0222927
0.0220111
0.0216304
0.0297613
0.0222807
0.0218307
0.0215612
0.022086
0.0219335
4.53811
0.0459202
0.0220737
0.0984147
0.0216662
0.0221411
0.0237725
6.31267
0.0220161
0.0218859
0.0284309
0.0254929
3.52135
0.0215891
0.0218266
0.0645289
0.0520561
0.0214044
0.0221147
0.0221747
0.021748
0.022595
0.0219255
0.0218902
0.0260322
0.021458
0.0465042
0.0216888
0.021811
0.0218933
0.0218024
0.0216408
0.0220494
0.187607
0.0222521
0.0218368
0.021727
0.0216756
0.0218027
0.0216638
0.0288987
0.0561561
0.021601
0.0221502
15.2503
0.0517332
0.0610882
9.67408
0.0218991
0.0217113
0.0216101
0.0216611
0.0563939
0.0221223
0.113827
0.638457
4.56997
0.022047
0.0220517
0.0215224
0.0222383
0.021975
0.0243518
0.0222631
0.02524
17.5206
0.0217942
1.10947
0.0247416
4.06246
0.0220647
0.0217261
0.0216946
10.9034
0.0217801
0.0222589
4.03253
3.86486
0.0219007
0.0218218
0.0221534
0.0215956
0.021766
0.0535204
0.0217599
0.0218015
0.0249581
0.0220863
0.0217857
0.0215825
0.979327
0.0219124
0.0221297
0.0219457
0.0534507
0.0217518
0.0220106
0.0251782
0.0230755
0.0218473
0.0596942
0.0350856
0.02352
0.0516122
0.0223658
0.021994
0.0218587
0.0217381
0.0216357
0.0218065
0.0221586
0.0220887
0.0240407
0.0221866
0.0219768
0.050367
0.0408013
0.0218897
0.0215268
0.0220197
0.0220187
0.679059
0.0216966
0.0223514
0.0298469
0.400552
0.341787
0.0218473
0.0336146
0.0518834
2.48617
0.0218716
0.0219781
0.0223567
0.021856
0.0222724
0.0218841
0.0395087
0.0214057
14.2207
0.0219138
0.0219783
0.0217241
0.021873
0.0220357
0.0222654
0.0220267
0.0221255
0.0222453
0.0219271
1.29199
0.0217271
0.0219233
0.488853
0.0220202
0.0220104
0.047679
0.0219935
0.0219705
0.0255044
0.0221461
0.0217966
0.0222716
0.0219347
0.0218037
0.0219157
2.86016
0.0244643
0.0224138
0.0218571
0.0218987
0.0218302
10.7874
9.17505
0.0224353
0.021999
0.0218619
0.0236328
0.0219473
0.0286426
0.0218747
0.0221959
0.0220419
0.577896
0.0374145
0.0217296
0.0308997
0.0219024
0.0267585
0.0221203
0.0216185
0.0221052
0.0221455
0.0217772
0.021748
0.021831
0.0221697
0.214514
0.0232256
0.0218446
0.0243425
0.0236968
0.0452695
0.0221843
0.0222525
0.021906
0.0227464
0.0218821
0.0222218
0.0216936
4.3937
0.291763
0.0222879
0.0332572
0.0214628
0.0219554
0.0218378
0.0216813
0.0218967
0.0221645
0.0220936
0.0219914
0.0220629
0.286441
0.0228909
0.0216953
0.0219091
0.12985
0.0220168
0.0218655
0.0444848
11.6186
0.0219715
0.021849
0.0219321
0.021808
0.0219551
0.16738
0.021806
0.0216994
0.0216746
0.0220062
0.0220636
0.0221701
0.0216655
0.0252188
0.0219049
0.146971
0.0221777
0.0226561
0.0320319
0.0219883
0.0220929
0.0219009
0.0222941
0.022083
0.0221365
0.0223536
10.7091
0.0220344
0.02171
0.0460337
0.0220052
1.0206
0.11966
0.0219599
0.0220218
0.0219379
0.0217532
0.0219498
0.0215105
0.0219863
0.0390697
0.0222926
0.0215698
3.55033
0.0222045
0.0220912
0.0222075
0.0217836
0.0665135
0.024692
0.0220754
0.021941
0.0216291
0.022038
0.0219285
0.0221078
0.0277786
0.0260944
0.0219734
0.0221536
0.0214392
0.0219793
0.021554
0.0219091
0.0219862
3.00509
0.0228813
0.0219408
0.383853
0.0221481
0.0220906
0.0222932
0.0221085
0.0219114
0.0219328
0.0221234
0.0221645
0.0220215
0.0218054
0.0222849
0.0221414
0.0218609
0.0222937
0.0221342
0.0221764
0.0218702
0.0221759
0.0215611
0.0222866
0.0215613
0.0221244
0.0221203
1.45257
0.0219425
0.0220265
0.021813
0.0333341
0.0220449
0.0218547
0.0216629
0.0219227
0.0225652
0.022293
0.0221449
0.0217114
0.0222935
0.0221737
0.0221303
0.0224705
0.0222917
0.0222277
0.0218488
0.022293
0.0221044
0.125409
0.0218552
0.451717
0.0219913
0.022057
0.0290049
10.1617
0.0222073
0.0219387
0.0220409
0.0215172
0.0221136
0.0220276
0.0216761
0.0258444
0.0217348
0.0219751
0.0220989
0.0332681
0.0226064
0.0217954
3.84605
0.0479091
0.0218873
0.0217962
0.0220565
0.0228557
0.021896
0.0232851
0.0239503
0.021761
0.021437
0.0221353
0.0220243
0.0220862
0.0220755
0.0221867
0.0222497
3.04524
0.0219846
0.0220433
0.0221182
0.0216033
0.042871
0.0215322
0.022157
0.0221761
0.0221279
0.0220639
10.6192
0.0379979
0.0218132
0.021796
1.34395
0.021735
0.0221233
0.45162
0.185005
2.02877
0.0221739
0.0221684
0.0366026
0.022226
0.0219
0.0217984
0.0216333
0.021938
0.0217993
0.021991
0.027327
0.0221058
0.0221267
0.0218304
0.0214864
0.021995
0.0216739
0.0218435
0.0221421
0.0214699
12.0353
0.0221787
0.0220185
0.0302851
0.0220381
0.021842
0.022061
0.238054
0.021744
10.363
0.0219683
0.0218151
0.0221258
5.50774
0.0220451
0.0220323
5.6635
0.0221983
0.0227127
0.0219445
0.0219069
0.0316464
0.0216508
0.0267268
1.01931
0.0219257
3.41503
0.0222419
10.0897
0.989768
0.0898255
0.0222428
0.021883
0.021383
0.022127
0.0218311
5.39393
3.27038
0.0215875
0.0221766
0.066443
0.0218602
0.022236
0.970235
0.0218511
0.0222756
0.0218697
0.041677
0.103979
0.0218414
0.0220508
0.0219999
0.0219845
0.0215307
0.0977949
3.34607
0.0226764
0.0249194
0.021876
1.52301
8.3719
0.0220579
0.0218935
0.0221998
0.0216937
0.0220226
0.0220301
0.0221968
0.0221142
0.0213996
0.0303077
14.361
13.0876
0.0221429
0.0221826
0.321619
0.0221625
0.0220311
9.08427
0.0221557
0.633807
0.0250828
0.022181
0.0218756
0.0248227
0.0217445
0.232537
0.0222007
8.44574
9.16562
0.0220004
0.0222002
0.0221207
9.72333
5.20729
0.0214313
10.351
0.0219676
0.0222301
0.0217701
0.0215319
0.289082
0.0260846
0.0218232
0.0221617
0.0239203
0.0218008
0.0220066
0.0222229
0.0221415
0.0218476
0.0216293
0.0788045
0.0222261
0.0214633
0.057936
0.0221789
0.0222031
0.0221382
0.0221266
0.0214314
3.69294
0.0220442
0.0258316
0.163031
0.0221906
0.0220903
0.0215468
0.0221726
0.0221911
0.0551969
0.025756
0.0215739
0.021668
0.0222039
0.0216814
0.0222288
0.024314
0.0219746
0.0222081
0.0221172
0.0222072
3.6971
9.54499
0.0216064
0.0219875
0.021719
0.0214787
0.0871658
0.0296902
0.0221524
0.0221865
0.0217281
0.0219545
0.0220705
0.0219437
0.021432
0.0235426
0.0222437
0.0222154
0.0222091
0.0221618
0.0219924
0.0216714
0.0221524
0.021646
0.0219434
0.0216211
0.0221513
0.0222195
0.0560487
0.0215137
0.0221149
0.0217297
0.0221544
0.0216535
0.022143
0.0220912
0.238491
6.37907
0.022005
0.0219649
0.0220467
0.0218139
0.0222453
0.0216586
0.0216355
0.0218675
0.0219786
0.0232906
0.0222459
0.0221993
0.0219107
0.0219275
3.74357
0.0222325
0.0219538
0.0216238
0.0218356
0.0217701
0.0215065
0.0239093
3.04893
0.0220991
11.002
0.0220792
0.0219068
0.0221104
0.0217052
0.0456193
0.0219935
0.0220568
0.021898
0.0230883
0.0216359
0.0218125
0.0221842
0.0218937
0.0215611
0.133508
0.0220525
0.0217144
0.0219471
0.02172
0.0218032
0.146885
0.0218671
0.0235364
0.0221079
0.0220808
0.195062
0.0219332
0.0215775
0.0218903
0.0217346
0.0217657
0.0221722
0.0221179
0.0216608
0.0240628
1.36922
0.0221933
0.0218241
0.021538
0.0218769
0.022227
0.0217711
0.0220719
0.0222132
0.0913108
0.0214652
0.0218795
0.0214484
0.0390983
0.0222192
0.0221788
0.0218491
0.0221075
0.0220925
0.0216059
0.0216197
0.0218601
0.0215889
0.0218535
0.0220266
0.0216075
0.0215716
0.0221651
0.0222272
9.61507
0.537167
0.0220632
11.4684
0.0220308
1.93179
0.0221032
0.0219664
0.0497252
0.0220345
0.0219008
9.36599
0.0217822
0.0217551
0.208254
0.021762
18.2965
0.0218857
0.0221316
0.0221859
0.0217748
0.0215351
0.0219941
0.0217887
0.0221577
0.0218096
0.0221555
0.0221362
0.0217931
0.0217613
0.0218455
0.0221633
0.022158
0.0218973
11.682
0.0220104
0.0385772
0.0221507
0.0217525
0.0215426
0.0217479
0.0464333
0.0221059
0.227451
0.0217297
0.0221293
0.0219168
0.0217716
0.0219071
0.0221955
0.0279255
5.01485
0.0219325
0.0987546
0.0220686
0.0215337
0.0220566
3.83903
0.0219134
0.0217343
0.0218543
0.0219346
0.0596655
0.0296832
0.0220569
0.0217997
0.0218419
0.02195
0.02157
0.0219107
0.0221652
0.0218286
0.0248132
0.0220572
0.0219511
0.0220134
0.0220837
0.0221509
0.0220863
0.0220008
0.0216615
0.0216373
0.0218318
0.0219443
0.0221301
0.0219667
0.183034
0.0219838
11.9376
0.0217106
0.207222
0.0219836
0.0218512
3.72857
11.182
0.0218705
0.0217292
3.98396
0.021892
0.0220571
0.0433949
0.0232838
0.0220867
0.0243722
12.2566
0.0220167
0.0313331
0.0222004
0.0220002
0.022173
0.0220892
0.0220328
0.0220892
0.0222424
0.021998
0.4472
0.0214743
0.0223704
0.0220719
0.0367795
0.0218203
0.0222121
8.67251
5.72346
0.022137
0.0222073
0.023727
0.0214904
0.0216779
0.0219094
0.0220593
0.0246665
0.0219047
0.0214634
0.0221159
2.83088
0.0220947
0.0220415
0.0266786
0.0220763
0.0222228
2.9486
8.85247
0.0214589
0.0221891
0.0218367
0.16338
0.0221501
0.0214207
0.0215657
0.021789
0.0219353
0.0219716
0.0220484
0.0222857
0.0218397
0.0218818
0.0215274
0.0214706
0.0216151
0.0220692
0.0214478
0.0273961
0.0217198
0.0222847
0.0220229
0.410124
0.021537
0.0218072
0.0217489
0.0220809
0.0220236
0.0217821
0.022092
0.0222006
0.0220586
0.0221438
0.0216617
0.0220525
0.0218489
0.0222181
0.0216119
0.022185
0.0214554
0.0216898
0.0217862
0.0219129
0.02216
0.0221637
0.0221023
0.0218239
0.0219609
4.6084
0.0219135
0.0219619
0.0220007
0.0221254
0.0218269
0.0265326
0.0234885
0.0291408
4.83992
0.0616457
0.021977
0.0214425
0.0217041
0.0221767
0.0221967
0.0224568
0.021675
0.022089
4.41919
0.0220585
1.21226
0.0215019
3.06846
0.0220727
0.0221727
0.0216605
0.0216088
0.0221837
0.0214612
0.0219567
0.0219623
0.0217417
0.0270816
0.339685
0.0221483
0.021878
0.0217053
0.0221831
0.036986
0.0220205
0.0219349
0.0221682
0.0219832
0.1573
0.0213989
0.0221856
0.0220308
0.0220404
0.0221672
0.0221892
0.0220603
0.0217564
2.65803
0.0220939
0.232896
0.0284371
0.021927
0.0218244
0.0218891
0.0219783
0.022481
0.0222191
0.0222458
0.0437133
0.0220073
0.0221698
0.0218795
0.0408394
0.164026
0.0222255
0.0220009
0.0216692
0.0218312
0.0219814
0.0221825
0.0260939
0.0220682
0.0231583
0.0337798
4.73222
0.0219618
0.0219377
0.0219426
0.0271861
0.037025
0.0221605
0.606555
3.26732
0.0219538
1.20372
0.0219202
0.75163
0.0218843
0.0219404
0.0219507
0.0216259
0.0220566
0.0221692
0.0219426
0.022153
0.0222036
0.0223467
0.0219446
0.0221103
0.0214197
4.22631
0.0215167
0.0218322
0.0237298
0.0279411
0.0216722
0.0222569
0.0220354
0.0217906
0.0221505
0.0216154
5.69897
0.0220478
9.53051
0.0218894
0.0221326
0.0222297
0.0218969
0.0216342
0.022327
0.0219113
0.0216081
0.0215577
0.0217392
0.0220283
0.022048
0.0228979
0.0222059
0.0224746
0.0220153
0.0221154
0.0220003
0.0220951
0.0283359
3.22594
0.0220001
0.0215022
0.0219586
0.0221388
0.0218319
0.0218529
1.41749
0.0217838
0.0220091
0.0251892
0.0919864
0.140335
0.0219346
0.0214468
4.52418
0.0219471
0.0215353
0.0333847
6.77581
0.02184
0.0219114
0.0219498
0.021522
0.0220001
11.2406
0.0378381
3.6075
0.0217239
0.0243008
0.0221449
0.0218516
0.0215628
0.0214385
0.0216701
0.0218592
4.67952
0.0220099
0.153141
0.0217956
0.0216876
0.0219995
0.021948
0.0218051
0.0222672
0.021611
0.528881
0.0222074
0.840883
0.0221183
0.0218625
0.0219739
0.028709
0.0216567
0.0218443
0.021707
0.0215165
0.0389806
0.0229315
4.56171
0.0218788
0.021867
0.0213865
0.524535
3.44678
0.021823
0.0218283
0.0220395
11.7823
0.0218515
0.0216993
0.0222244
0.0216291
0.180098
0.0217677
0.0218102
0.256365
0.0219177
0.0219937
0.0219447
1.49029
0.0352087
0.0217873
0.0216443
0.0218884
0.0219431
1.47128
0.0218379
0.0221175
0.0218008
0.0219893
0.0239939
0.0218129
0.0219619
0.0217296
0.0217875
0.0222053
0.0227907
0.031133
0.021906
0.0218849
0.0220965
0.022139
0.0219333
0.0220617
0.0219694
0.0222265
0.0218272
0.0219009
0.0237179
0.0222353
0.021942
0.0222459
0.0221071
0.0220386
11.0688
0.0220755
0.0222699
2.05306
0.0219818
0.0221574
0.0219941
0.318565
0.0214695
0.0225563
0.0369027
0.0216456
0.0222537
0.022188
0.194932
0.0220568
0.0219418
0.0215776
0.0221104
0.0220072
0.0739024
0.0249409
0.0236794
0.0218681
0.0217223
0.0221934
0.0218433
0.0219941
0.0216002
0.0222778
0.222054
0.021913
0.0221123
0.559607
1.40477
0.0218813
0.021974
0.022102
0.0633572
0.0794481
0.0218645
0.0219158
1.97586
0.0219321
0.0219008
0.0220923
0.0215214
0.0220852
0.0222284
4.38542
0.0221617
0.0221047
0.0218738
0.0218131
0.0221281
0.571598
0.0218825
0.0218496
0.0218872
0.0295467
0.0221979
0.0218491
0.0219598
14.2627
0.0216068
0.0221439
0.0218141
0.0222064
0.0216909
0.0229431
0.0219604
0.0218554
0.0218994
0.0608277
0.022149
0.0222084
0.0221439
0.0220617
0.0222273
0.0220663
8.25766
0.0220483
0.0616339
0.0222345
0.0217104
0.022214
0.022205
0.0216202
0.021655
0.0216546
0.0218098
0.212271
0.0242901
0.0218174
0.0479735
0.0214519
0.16865
0.0221363
0.0216977
0.0215951
1.25775
0.0217171
0.0218155
0.0215196
0.0218135
0.0252082
0.0220623
0.0218658
0.0215223
0.0215552
0.0220151
0.0216486
0.0214689
0.305814
0.124345
0.0218123
0.0220623
0.0220605
0.0218204
0.0259732
0.0216018
0.0220732
0.0218142
0.0219401
0.0222465
0.0219039
0.0215804
0.0255791
0.0291852
0.0221688
0.0218148
0.0217725
0.0215863
0.0224571
0.0219233
0.0221123
0.0219523
1.08561
0.0219659
0.0221124
0.0217396
0.0219221
0.0226671
0.0217793
0.0217431
0.0218695
0.0215654
0.0214358
0.0292809
0.0218101
0.0218973
0.0215786
0.021923
0.0215256
0.0220555
0.0849761
0.0221879
0.0215428
0.0223726
0.0219294
0.0218262
13.1397
0.0217503
0.021822
0.0216762
1.07541
0.0217353
0.0219185
0.030457
0.0348991
0.0214522
0.0222462
0.0222197
0.0217384
0.0219541
0.0219145
0.0218041
0.037748
0.0222666
0.0221067
0.0221202
0.0219849
0.0218018
0.0218188
0.0216437
0.0227401
8.66589
0.0219549
0.0219344
0.0219352
0.0216667
11.6209
0.0218851
0.0219338
0.0219789
0.0220943
0.022288
0.0214533
0.02182
0.021917
0.0222259
0.0219507
0.0219358
0.0315037
0.0245917
0.0220781
0.0810643
0.0218174
0.0217463
11.8569
0.0218165
0.0220363
0.0219176
0.0222007
0.0219501
0.0217482
0.0222081
0.0217794
0.0217961
36.9183
27.1443
32.2384
14.8673
0.0215348
0.0218883
0.021738
0.0219049
0.0221521
0.0217624
0.0217115
0.0221438
0.0220732
0.0220629
0.0214767
0.107789
0.0221283
36.3026
0.0221498
0.022111
0.022182
0.0782865
0.0216582
0.0217975
0.0221276
0.0217473
0.0218719
43.14
0.0217982
11.0806
0.288068
0.0218005
9.66253
0.0218191
0.0623594
0.0217406
0.0221816
0.0639168
0.0227452
0.0220622
0.0221443
0.0218288
0.0220614
0.0218577
0.0218401
0.0217453
11.0942
36.3264
40.1742
23.9261
30.0506
43.5533
33.4964
13.3233
17.6628
17.2179
27.622
17.2752
14.23
37.4633
35.2053
42.3492
15.3412
36.8763
8.57409
17.9668
0.0221575
0.0216667
0.0215016
0.0724333
0.0217425
0.0216676
0.0217331
0.0222401
0.0222269
0.0218119
0.0219268
0.0218264
0.0218016
0.0218447
0.890014
0.0220011
0.0502403
0.0217858
0.0221389
0.0215524
0.0218866
0.0218127
0.022026
0.0214255
0.0218262
0.0217722
0.0219099
0.0218885
0.0221831
0.0218556
8.33135
8.72484
8.55208
7.42127
6.99767
0.0219139
0.0222198
0.064866
0.0221811
0.0217932
0.021758
0.0216883
0.0221235
0.0218559
0.0681554
0.0220775
0.0218176
0.0217921
0.0219383
7.30933
0.0217943
0.0218896
0.0217458
0.0215312
6.19622
0.0218874
6.15844
0.0326375
0.888402
0.0239994
0.04175
11.8512
0.0220105
0.0217103
7.0615
0.164424
1.59384
4.00866
0.0330846
0.0214659
0.022747
0.0215839
0.0218063
0.0214838
0.0216877
0.0217658
0.0222005
0.0222171
0.0610813
0.0259577
0.0218135
0.0216853
0.0220752
0.0222398
0.0224366
0.0218955
0.0216451
0.0243615
0.0216807
0.0218778
0.0216828
0.0218548
3.85779
0.0217346
0.0222395
0.02218
0.0220876
0.0216233
0.022043
0.0221627
0.0215291
0.0222008
0.0218515
0.0216238
0.021924
3.33248
0.0214682
0.0219585
0.0215903
0.0557772
0.0219137
0.0219397
0.022212
0.0218347
5.63783
0.165272
13.2947
0.0216054
0.0217964
0.0217046
0.0217119
0.0221305
0.0220053
0.0219667
0.0218288
0.0217169
0.0216895
0.0216583
0.0241103
0.0893611
0.021533
0.0217322
0.0219213
5.00895
0.0218051
0.380062
0.0221882
0.0218173
0.0218213
10.2032
0.0216449
0.0219166
0.0220972
0.0217513
0.0214161
11.6938
0.0214881
0.021826
0.0488757
0.022068
0.0219643
0.0290999
0.0402955
0.0216467
0.0217954
0.0221425
0.0218373
0.0216604
0.0511547
0.0220986
0.0218029
0.0222497
0.0215928
0.669989
0.0220494
0.0219714
0.0222355
0.0218979
0.0219909
0.338811
9.63248
0.0218507
0.0219019
0.0220927
10.9192
0.0216458
0.0342202
0.0216209
0.0220311
0.0215948
0.021792
0.0219571
0.0219521
0.0216508
0.0215865
0.0216514
0.0222189
0.0260727
0.022072
0.021642
0.0215152
0.0216953
0.0219886
0.0233009
0.0217898
0.0217729
5.72245
0.0217905
0.0214026
0.0216469
0.0335252
0.0217527
0.021467
0.0213828
0.0473714
0.0220463
0.021743
0.0220639
0.0216518
2.53555
11.5625
0.0236638
0.0213856
0.0222298
0.0217415
0.0220827
0.021961
0.0219462
0.0214824
0.0216518
0.0222937
0.0224466
0.0216633
0.0255737
0.0473592
0.0220419
11.2947
0.0220061
0.0217888
0.0217493
0.0221312
0.0216304
0.0217009
0.453195
0.0224854
0.0215191
0.021693
0.59524
0.0221431
0.0221833
0.0404391
18.4589
0.0219206
0.0214705
0.0278311
0.205291
0.0216483
0.0219592
0.044286
0.0216042
0.0220028
0.0221625
0.0215211
0.0221699
0.0216307
0.0215095
0.0220053
0.0215273
0.109285
0.0218634
0.0314842
0.040401
0.0221726
0.0220625
0.165398
0.0214327
0.0217401
0.0216334
0.0217633
0.0214741
0.0218846
0.0238227
0.0220488
0.0221756
0.0220061
0.0219517
11.0744
0.0216156
0.0218871
0.0219638
0.228515
0.0216882
0.0221131
0.0222598
0.0219222
0.0430003
20.799
26.4675
0.0216448
0.022035
0.0221961
0.0222483
0.021669
0.0579691
0.0218317
0.304643
2.98449
0.0415814
0.0215172
17.387
0.0220775
0.0222602
0.0215209
0.0220114
0.0216529
16.3971
0.0222348
0.0386567
0.0434439
0.0214696
9.82343
0.0216906
6.41585
0.021548
0.0217293
0.0217397
2.7983
0.0260814
0.0217776
38.5218
0.024644
0.0220046
0.0216371
0.0217094
0.0230059
0.0216422
0.022072
0.0216978
0.0220947
0.0218379
0.0218683
0.0217523
0.0214382
0.0222391
33.6402
34.9148
0.0219109
0.0222169
0.0219968
0.0221878
0.022493
0.0216402
0.0216229
0.0219152
0.0218334
0.0221246
0.0214857
0.132105
8.98705
0.02182
0.0215349
0.0220046
0.0214718
10.9596
15.7415
0.0216352
0.0225943
0.0222557
0.021875
0.232651
0.0218556
0.0216282
0.0220881
0.0230496
0.0221242
0.02152
0.0215053
0.0218961
0.475828
0.0218386
0.0236909
3.81815
0.0276777
0.0219684
0.0215
0.0218461
2.55069
0.0221643
3.82913
0.162125
0.0226233
0.0221072
0.0218711
0.0290533
0.0221377
0.0215929
0.0302121
0.0221883
0.0224739
0.0220448
0.174073
0.0218479
34.4177
38.908
0.0220883
0.0218171
0.0311668
0.0217276
0.0217013
0.0220106
0.0221056
0.0217143
0.0219656
0.0216408
3.4994
0.0218333
0.0214479
0.0226478
0.0217294
0.0286768
0.0216382
0.0218394
0.0214994
0.0218987
0.0220717
0.0218346
0.0217923
0.0218816
0.0218159
0.0220265
0.0219093
0.165076
0.0215035
0.0220797
0.0221281
11.199
0.0342679
0.0215104
0.0244057
0.0218954
0.039114
4.82279
0.0225794
0.0219368
0.0776826
0.0218372
0.0221617
0.0226121
0.0218791
0.0866361
0.0218941
0.0222272
0.0217459
0.021841
0.0220881
0.0215723
0.0215946
0.0214634
0.0216428
10.8666
11.1138
0.0286069
0.0216818
0.0221802
0.0467338
0.0216152
0.0220001
0.0218248
0.100386
1.37494
0.0221987
42.4142
0.2201
0.0219112
0.0218608
0.0214385
0.0672962
0.0218247
0.0218197
0.022094
41.3522
0.0573482
0.0218448
0.0221457
0.0217549
0.0216605
0.0435742
0.0217884
0.0216472
0.0224203
0.0214399
0.0220455
0.0243666
0.0217828
1.15329
3.57146
0.148707
0.0220534
0.0219369
0.0217851
0.0216373
0.0218581
0.108431
0.0217557
25.4758
0.0246486
0.0219216
0.0216787
3.82981
0.0218336
45.002
0.0791855
0.0228359
10.8072
0.0215468
0.0221373
0.0220582
0.0218667
0.0221955
0.0390856
0.0229072
0.0710577
26.6317
30.7232
0.0221047
0.0221214
0.0318258
0.0227239
0.0218539
0.0220207
0.0221684
0.0217206
0.0219197
0.107359
0.0219919
0.0220741
11.3136
8.36398
0.0219409
0.0243191
0.14513
0.0218219
1.03416
0.0219284
0.0436945
0.021853
14.4791
0.0217839
13.791
7.67968
0.0214889
0.629183
4.45098
0.157742
0.0222086
0.0215298
0.0324269
0.130248
35.5738
0.0218299
23.748
0.0217339
0.021762
0.13589
1.15178
0.0219279
17.3025
6.11216
0.0215615
43.9822
0.0216321
10.9576
0.0218976
0.021786
15.6743
0.021927
0.0218491
17.3806
5.86356
0.0218602
0.0234623
0.0220134
12.057
0.0307176
0.0218318
0.0218971
0.0214919
0.0216692
0.021419
0.0216246
20.3961
0.021498
3.6913
0.0220723
0.0217834
0.0218341
0.0220585
0.0218576
0.0221548
0.0220446
0.022022
0.0719387
0.158455
0.0246389
0.0214672
6.25938
6.97013
0.0218379
0.0220148
0.0260202
12.4574
0.0222286
0.0261474
0.278606
0.331743
0.03677
0.0338859
0.0221757
2.84986
10.1768
1.00345
0.0232561
0.0796881
0.0218901
2.6545
0.0221874
0.0218799
0.0333232
0.0335172
0.0214356
0.0218358
0.0218412
0.0220301
0.42391
0.0220919
0.021931
0.174464
0.0215967
5.19876
0.0218679
0.0241309
0.0217182
0.033695
0.0221821
0.0221319
0.0219148
0.0243785
0.0216388
0.0218446
27.1978
0.021946
3.10927
0.0218124
0.0219228
0.0220012
0.0217243
0.033489
0.0218772
0.02196
0.0221908
0.0218401
0.108347
0.0216683
14.4652
0.0250576
0.0218407
0.0217516
0.0218499
0.022015
0.0218983
11.3439
0.023718
0.0218057
0.178237
0.0222489
0.0219708
0.0220312
35.7664
0.64992
0.0428428
0.638517
3.83882
0.0239813
0.202986
0.0221386
0.0218338
0.0219329
0.0529954
0.0218773
0.0215012
0.0945869
0.0253724
3.48158
0.0221566
0.066532
0.0222107
0.021731
11.6353
0.344345
0.576764
0.0219415
0.0218313
0.0219801
0.0216361
0.0346334
0.0240884
16.4386
0.0218551
0.0221126
0.0214649
0.0222472
0.0215136
0.0216956
2.94169
0.0219738
0.0221927
0.0219722
0.0272104
0.0218932
0.0440299
0.272438
4.81316
0.0216441
0.151644
0.024273
0.022045
0.0249378
0.0218984
0.0216862
0.0246795
0.0221733
36.1764
0.0218975
0.0241887
0.183543
0.0217007
0.132178
0.021734
0.180079
0.0221501
0.0218268
2.39907
0.0753759
0.0219954
0.0215499
0.028367
0.0216099
0.0363544
0.0319047
0.03705
0.0222755
0.0217908
0.0217855
0.0216654
17.4841
0.0221921
0.0214002
0.0218997
0.0391634
0.0281134
0.0217415
0.0222786
0.0221869
0.0217669
0.0219895
0.0220126
0.0220123
11.6478
1.17521
0.0232034
0.022285
0.0222837
0.0944422
0.0217627
0.0221783
0.0728495
0.0220647
0.0227065
0.0215154
0.021951
0.0217625
0.0215201
0.0219878
3.95382
0.0853351
0.330344
0.0295257
0.0219108
8.50109
0.0219352
0.0215972
0.0219056
0.0710617
12.6049
0.0217573
0.0314874
0.0221887
0.0235925
4.13241
0.0217745
0.0220424
0.0217682
0.360484
46.762
0.0238623
0.0427271
0.329003
0.0216665
0.0218699
0.0217571
0.0216503
0.0217055
0.0215802
4.20205
3.05988
3.37058
0.0219537
0.02172
0.0228737
0.0224083
0.0218555
7.97148
7.74472
4.48366
0.0214791
0.0216908
0.0266344
0.0215876
0.0218961
0.0224546
0.0226598
2.67319
0.0221434
0.0217641
0.0216514
3.83936
0.209143
0.0215792
4.75083
3.99354
0.854686
0.0218557
0.461925
0.047583
0.0222744
0.021749
15.0063
0.0255594
4.13793
0.0217385
4.83328
0.0217299
0.0217863
0.0230791
0.0219275
8.3849
0.0887571
0.0232476
0.023406
0.0220771
2.73337
0.355404
0.272164
0.204282
0.0216237
0.044974
0.0226382
2.36696
1.22213
0.0217216
2.8503
0.0216791
3.57882
0.0220468
0.0237617
0.0216292
6.03918
26.6691
0.0882029
2.1542
0.0217657
0.0216771
0.0222864
0.021419
0.0218908
0.0220545
0.0218394
33.5395
0.0265049
0.0221719
42.9442
0.0219949
0.0221041
0.0217815
2.84621
0.022048
0.0216605
0.0216968
2.84603
0.0225968
0.0693375
26.9692
0.119075
0.0216765
0.0222474
4.83197
0.0283947
35.7482
0.0239615
0.0271716
0.0215024
43.2233
0.0367899
0.0408357
0.022123
0.022274
0.0219724
0.0224839
0.0222684
0.0337535
0.0953477
0.0215535
0.0214545
0.021486
0.0214887
0.0216838
19.8648
4.45144
0.118498
4.49684
0.134007
4.48578
0.022072
0.0221904
0.0216036
0.0216095
0.0220548
0.0249388
0.0218972
0.0228832
0.0214667
0.0221305
0.206441
0.0350699
0.0219926
0.0215061
0.0222704
0.0221379
0.0221581
0.113855
0.0237703
0.0219458
0.0216197
3.93706
0.0220902
0.0230269
22.0325
0.0216067
0.0217777
0.0589938
0.0219521
0.0219228
0.0222444
29.1063
0.0216614
0.0219979
0.0221142
0.0224479
0.0225435
0.0226252
0.0216746
0.0246645
0.202978
0.0221942
0.0220294
0.0299066
0.0366584
0.0217499
0.0221313
0.0217017
0.0221753
0.89518
0.0214153
17.828
0.0214828
0.0221257
0.111226
0.0597724
0.0256947
0.0281594
1.02596
0.0218337
11.0411
0.022084
0.084993
0.0219499
0.0266846
0.0218661
0.0222247
0.0222699
3.06162
0.14448
0.0219504
0.332899
0.0222424
0.0223886
0.0220491
0.231029
0.28145
0.026939
0.0964554
0.234202
0.0232939
0.0217751
0.280802
0.0223527
0.0216982
0.0332888
18.0689
0.383117
0.0274377
0.0222098
0.0835951
1.54643
0.540374
0.0219676
0.0218186
0.0337857
0.022379
0.0214871
0.454676
48.3982
0.0258878
0.168161
0.0255
0.0220379
0.0216305
0.0216931
0.0243616
0.0219099
0.0220775
0.0609722
0.0214114
0.0216854
0.0222272
0.0221919
0.022025
0.0218457
0.0219817
0.12856
0.0219626
7.30621
0.0222852
0.0218206
5.14734
0.0260178
0.0224199
0.670039
0.0214985
0.0218796
0.022523
0.0295067
0.0566217
0.0219146
0.0219143
0.0226846
0.0218807
0.0221499
0.0405247
0.0627557
0.022569
0.202207
0.0221602
0.0221912
0.0214496
0.0224658
0.0519604
5.06748
0.235378
0.0218536
0.0275716
0.0274404
0.0546433
0.0262279
0.025022
0.0239426
10.3133
0.0315502
0.0218495
0.0235984
0.0251716
0.0220425
0.0216954
0.0242301
0.0501692
0.104895
0.80633
0.0215117
17.9842
22.6324
0.0227861
0.0220555
0.0217068
0.0222176
0.352909
0.0226244
0.0242936
24.0014
0.0902167
0.0214528
15.9654
8.91915
0.022517
0.0221603
0.0228632
0.023641
9.13823
0.0582339
0.0231933
5.23908
1.03618
0.714265
0.0449821
0.027288
1.00974
13.1373
0.0289481
0.270474
0.0219291
25.8134
24.6764
0.0221583
0.0220022
0.0220191
0.0215461
0.0504513
0.0222111
0.866277
1.90802
0.0220725
0.182467
0.0901563
0.02234
0.0230629
0.0217972
0.0305947
0.149693
0.0231445
0.0221003
3.15434
0.022876
0.0219851
0.0220774
0.0215148
0.0220608
0.028499
0.0227943
6.3454
0.0221614
0.0226833
0.0218687
0.0395418
13.4145
0.0217485
0.024541
0.0216537
6.42191
0.0218293
0.0214356
0.0338239
0.0218476
8.81081
0.0221602
0.0218873
0.0220969
0.0216742
0.021482
2.74678
0.0363
0.0489396
0.0669427
0.0218989
15.7598
0.0221558
0.0223589
4.06135
1.00958
7.73322
0.0285242
0.0218838
9.79793
0.0232436
29.5003
33.8015
0.0239954
0.0219488
4.01954
0.0220602
0.0222198
2.93129
0.147472
0.0241515
0.191139
4.9643
0.0234748
0.0218442
0.0220458
1.0118
11.2017
0.0343136
0.786378
0.0643635
0.176075
0.0244324
0.0220092
0.0237703
0.52244
0.0263051
0.0235949
3.83711
9.0514
0.0216637
0.12825
10.0435
0.026555
3.0526
0.0242375
0.0214501
0.028238
0.0218443
0.04705
0.0219499
0.152644
0.0214845
0.0219605
0.0214201
0.0220502
0.0220011
21.1464
0.0218924
0.106833
0.0221608
0.0219076
0.0216203
0.0218276
0.0497841
0.021789
6.84751
18.4306
0.0232785
0.0246969
0.0219616
0.0262667
0.0219844
0.0219956
0.0233064
0.0222291
0.02147
0.0219257
0.0217057
0.0216604
0.354549
0.0221608
0.0218324
0.0220876
0.0220234
21.9731
25.6384
0.0451276
0.0229402
0.0224669
0.177754
0.0218939
0.0217352
0.0222709
0.0272164
0.0217479
0.0217815
0.0252238
0.0279458
4.49139
21.5096
0.0216995
0.0219211
0.0216021
0.0226589
0.021656
0.0217158
0.0214277
0.0227193
1.61853
35.7889
0.0232934
0.0221466
0.0262212
0.0219447
0.0220199
0.0275942
6.09776
41.6448
0.0220348
0.558333
0.0230819
0.0217647
0.0222477
0.0239825
0.0217129
0.0226387
0.883813
0.0218224
0.0216833
0.0215177
0.0227568
3.20459
0.0219743
0.0287214
2.03984
16.5077
0.0237523
13.8621
0.0254903
0.0292459
0.022046
2.98498
0.0221018
2.40506
0.0218723
0.0221101
0.0353158
0.0293386
0.0221558
2.84516
0.0221438
0.0220356
0.0217946
0.0221633
0.0217207
0.0230727
0.024382
0.0218404
0.0286774
31.8833
0.0230691
0.925963
0.0222018
0.0255447
13.2416
0.0254752
0.0221614
14.0164
0.0218227
0.0221553
0.0220722
0.0223623
0.0313048
0.0221113
7.31093
0.0238225
0.0218489
0.0270933
3.64503
0.0221681
0.0221889
0.0221566
3.46382
5.29428
5.16844
0.216999
2.71005
0.0258
0.132552
0.0250433
0.026628
0.0216504
0.0219327
0.02338
0.0222068
0.0219841
0.02163
10.5582
0.0229045
0.0218965
0.127663
0.0217605
13.2304
0.0560454
0.0224112
0.0218832
0.0221505
0.0230039
0.0221111
0.0241868
0.0237081
0.0219057
0.0219243
0.0217168
0.0226143
0.0499732
4.63712
0.0266784
5.22441
5.02545
0.322195
13.0969
0.0222465
5.56199
0.0684775
4.73911
0.0319656
0.0227231
0.0221757
0.0219931
23.5395
0.0234765
2.50447
0.0276837
0.0222977
0.0233938
0.0255771
0.0221785
0.0222024
0.373807
0.0216963
0.0243316
17.3779
0.0225426
0.0218997
0.0278914
0.0216168
0.0218681
0.0318195
0.0223146
3.77675
0.0222394
0.127773
0.0223194
5.40334
0.0229873
0.0218112
10.3607
0.0226112
0.176165
0.0216355
0.0223115
0.558291
27.6196
0.0214996
3.15046
4.80686
3.28416
0.154806
0.0248522
0.0216246
0.025144
0.610207
7.8782
0.0223592
0.0221417
56.6857
0.0218522
0.0602017
0.0224609
0.0221212
0.0866621
0.0654891
0.02201
0.0218368
0.0224777
0.0215371
0.0216454
0.0427914
0.0246616
0.0296353
0.0395136
0.0254683
2.37696
0.0339594
0.0286551
0.641379
0.0278539
0.0219282
0.152512
0.0265954
0.0230393
1.13418
0.0216579
0.0596291
0.0224807
0.0216735
0.0220739
0.147001
0.0218017
16.0238
8.65906
4.57729
0.021761
0.0214513
0.0280813
0.0220416
0.0780888
20.8127
23.933
0.02192
0.0218876
0.0250629
0.0299285
0.0267418
0.515384
0.0239814
0.0255544
0.039255
0.0220444
0.0280773
0.0246774
3.50687
0.02698
0.0216281
4.62214
5.16456
0.021897
0.0222011
21.5924
0.0302058
5.06679
21.566
0.0227001
0.0238993
0.0233624
0.0229836
0.0219827
0.0218738
0.0259156
0.0226733
0.0426079
11.953
0.0220862
0.0218953
0.203164
5.6263
0.0221983
0.0222357
0.0216296
0.0282571
0.134115
0.0218025
0.0219489
2.3146
0.0229105
0.0222246
0.0219
3.93574
0.0216046
4.23009
14.5239
0.0217627
0.103115
0.0318547
2.89511
0.0225858
0.0805314
5.68024
7.00157
0.0298883
0.0228783
0.0221018
0.0310629
0.0484676
16.2789
0.021776
0.0214265
0.0219726
4.11002
0.0266766
3.91953
0.0216932
0.0564254
0.0334447
0.0299302
0.0221044
0.0584098
0.0218851
0.0737121
8.41715
0.0326737
0.0217152
0.0221033
5.74022
0.0222276
0.021781
19.1104
0.0216525
0.0230493
12.8928
0.529677
0.0215801
0.0226544
0.0220639
0.0274616
0.699199
0.0232865
0.0465364
0.0214422
0.315937
0.0216134
0.154652
13.1811
0.0218443
0.0221993
5.87082
0.0222231
0.0216486
0.0216184
3.71357
2.36985
0.0222874
0.0219018
0.0216374
0.0217757
0.0217047
0.310796
0.0217891
14.142
0.0217027
0.0216939
0.0218528
0.0218164
0.0222801
0.0295802
0.0220195
24.5926
25.5048
0.0237675
6.407
0.141803
0.14578
0.0232178
0.0218545
0.0312045
0.153654
0.0216593
0.130788
0.0216547
13.1936
0.0219321
0.0217755
0.023437
0.0255794
0.0232271
0.0216195
4.65933
0.022446
16.3756
0.0983895
8.75727
0.0220412
1.66869
0.117783
0.0217984
0.0827373
0.11793
0.0244122
0.0297652
0.0214501
0.0685851
2.54586
0.0218752
0.762735
0.022111
0.138038
0.0219219
0.189133
4.57733
0.0224623
4.36345
0.0215369
0.0227925
0.0942766
0.0327589
0.328814
0.0217991
0.0228885
0.0322194
0.0889158
4.50619
0.0217613
0.0218716
0.0219004
4.19591
0.0232131
0.0255339
5.03524
0.0219754
0.0224175
0.0213953
0.035876
0.931128
0.0568856
0.0287079
0.0221445
0.277928
0.720379
0.0221367
0.0250969
0.0218993
0.0216173
0.0222082
14.6853
0.0537804
0.0572685
0.0303738
0.021591
30.4527
32.4947
0.0218186
0.0231655
0.624903
0.0236165
0.0225451
0.0217115
0.0236785
0.0217511
0.0222481
0.0291498
0.0242157
0.0220817
0.325736
0.0219907
0.703661
0.0840172
5.11372
0.0511492
0.0350328
0.0215033
0.300338
0.0313
0.0222396
0.0218601
0.637988
0.0214887
3.66729
8.08023
10.4086
0.035526
0.0248702
0.0251871
0.0221652
0.0219164
0.743447
0.0217714
0.0711276
0.0218637
11.1668
0.0217703
0.0217636
0.023413
0.0219976
6.86453
0.0256107
0.0449215
28.6706
0.0508183
0.0254904
13.402
0.0219067
0.0226323
0.200934
1.17327
0.682292
0.202493
0.0218939
0.0217762
3.27294
0.0264842
9.14505
0.0958072
0.573456
4.71591
0.0220181
6.29126
0.0816314
0.0216541
0.227354
0.0220815
0.0309686
5.26638
0.0220712
0.0278824
0.0221452
0.501925
0.022345
0.0221384
0.0218652
0.022013
11.7556
4.20599
0.774221
4.68564
4.54727
8.62013
0.0272854
0.0218768
0.0260686
0.0215918
0.0214159
0.287909
0.0219647
25.6599
0.0287902
20.4399
0.0235259
0.118782
0.0640363
0.0220304
0.0215769
0.021683
0.0280333
0.0218329
0.0313817
0.403662
13.843
0.0221365
10.8899
0.0218028
4.47755
0.0222394
0.0962341
19.4956
0.118068
15.9915
0.0221004
0.0219032
0.0389334
0.021855
0.026703
10.6668
0.121354
9.94305
0.0363981
9.31134
0.0347112
0.352185
0.0214064
5.67303
0.032026
0.0217199
0.0220421
0.0226764
6.18418
0.0286036
0.0215338
0.892552
5.48869
0.0222625
22.4761
0.0222302
0.0301442
0.0219123
0.03301
9.89088
0.0291476
36.6139
8.69857
0.0221656
0.0219699
0.0353211
0.0980096
0.0464618
6.60728
4.11645
0.021927
8.81568
0.0219264
0.0216775
2.05186
0.169518
0.601159
0.0275594
0.0218588
0.052481
5.98522
3.6711
9.25148
0.241049
15.3611
4.01169
0.121676
0.100659
32.0748
13.8622
6.81577
9.36762
33.9094
24.1992
25.2193
0.021637
2.12192
0.0214899
0.0291628
8.69658
0.0250316
0.026668
4.54764
0.0326421
0.0247016
0.0219738
0.0298584
0.106449
0.0318066
0.0219985
0.0219594
0.0225687
1.10853
0.0217276
0.150086
0.0220567
0.0222762
0.0214235
0.0220824
4.69226
2.92724
0.0278683
9.23283
0.0221925
13.1602
0.0215801
0.0218978
0.152375
0.0219133
0.0221392
0.0221752
0.0586668
0.0244199
0.0447523
0.0218607
0.0218168
0.0370401
5.97783
1.44358
0.0629863
2.85721
0.664697
0.0219369
3.8819
7.45702
15.3241
0.0217423
0.0222382
0.0222629
0.250362
0.0219754
3.70533
0.0218862
0.106341
0.0220187
7.3215
0.0220157
0.0829087
0.0242273
0.0221918
0.0220639
0.114255
0.0231112
2.85228
4.29619
0.0218535
0.0216517
6.44723
0.122221
3.32873
0.0222262
0.155951
0.022167
0.0215537
0.0801211
11.6134
0.111152
0.0348868
0.0224009
0.0258126
0.0369782
0.0221263
0.329375
0.0224227
0.0331399
0.0976691
7.27857
0.03465
0.0217554
0.0217593
12.5525
0.0222631
0.0337701
0.0217785
6.03478
5.39756
0.021931
0.0216702
0.199777
11.361
11.5431
5.02509
0.0223796
0.116527
0.0469609
4.7894
11.373
0.0246115
0.0234159
0.0264785
0.0957463
0.0222273
0.0894452
0.0283067
0.146387
0.43438
0.0216345
0.0220602
0.0337973
0.0219287
11.6446
0.0217989
0.0217481
0.573272
0.0957042
0.422567
0.0249996
0.141073
0.0364394
0.0219117
0.030802
0.0229189
0.0530266
3.96599
4.67818
0.0226411
0.0215025
0.0571933
0.0785057
0.0239185
0.0239846
0.0220434
0.0213848
0.050893
0.0692408
0.021902
14.4057
0.022057
5.05113
3.34281
0.0222939
0.0349822
0.0223663
0.0238961
0.0450635
0.0569203
0.0228238
0.0222882
0.0915919
0.0217964
0.247727
0.0216488
1.43027
0.0350893
4.65615
0.361249
4.10396
0.0709455
0.0214317
4.74486
0.0213917
0.0226488
0.0221847
0.022229
0.0294616
0.0227941
0.0316882
0.022288
0.239301
0.0521624
0.0853225
0.0576497
4.82815
0.0218215
0.0346791
0.0217756
0.0221817
0.0217858
0.021872
0.758575
0.0221696
0.02223
0.0305114
0.270143
0.0460048
0.0217785
0.117078
0.339448
9.0578
0.023787
2.67781
3.15225
0.0220082
0.023063
0.0734251
0.0633519
12.7503
0.132059
0.0220858
0.0464564
0.0214595
0.144314
0.70133
14.3982
0.328886
0.0218441
29.9298
0.0216574
0.0217932
0.024222
0.0537729
0.0381278
0.108322
0.0355644
0.0214477
15.6901
0.0618757
6.71854
10.9383
4.65272
0.0277755
0.02303
0.0223642
0.0223864
0.0219886
0.0244414
31.9665
17.7075
9.44648
0.294297
0.307714
0.0219891
0.0219275
0.0226595
0.0239669
9.88851
0.0226454
0.0222379
0.0217269
0.0217136
0.021569
0.036877
0.031915
0.0217085
0.0271636
2.91416
0.572852
0.0353694
8.31137
0.0218369
0.446161
2.69714
0.116965
0.0217843
0.0218625
0.0221974
0.893021
0.0257684
0.028026
0.0436872
0.23755
0.038014
0.0222869
0.0221478
0.0671568
0.0218594
0.102757
0.0241917
0.0285335
0.021608
4.22773
0.0317609
0.0219024
1.91369
0.022286
0.118428
0.021829
0.0220338
4.96304
0.0545939
0.0419193
0.0218296
0.0217604
0.0216833
0.0215915
0.0219723
0.100491
0.54861
0.322812
0.0386282
0.0806285
0.0217832
0.10837
0.0222784
0.534796
1.49563
0.0254565
0.0218834
0.0216973
3.11245
2.16934
0.0234911
0.136738
0.029513
0.0222265
5.33041
0.0221928
0.0941931
9.92892
0.0220414
11.5051
0.0213888
0.0222417
0.0368636
30.6786
0.0215937
0.0238985
8.39658
0.432972
4.15847
0.0216185
0.0222212
11.1078
12.986
7.20048
18.0501
0.0542296
0.0221965
0.021806
0.0220234
0.0216744
0.0221564
0.725519
11.7585
1.33144
3.90987
0.021495
0.021616
3.44988
0.0279591
0.0221498
0.0217088
0.022129
3.85421
0.0392167
6.44624
0.0222321
0.0219925
0.02222
0.0365955
0.0250445
0.0227952
0.0240012
4.68229
4.66178
0.0230375
0.48948
0.0218998
0.0221301
0.122807
0.749888
0.0214087
0.113951
0.0219358
35.4359
0.0220467
0.688444
0.0222953
0.035761
0.021795
0.0223098
0.0227447
0.116724
0.0655868
6.04732
0.0219132
0.0221992
0.0215075
26.7151
8.87328
0.0239216
0.12911
0.0796337
0.0228133
0.0250995
4.28957
0.0432215
0.0215283
1.33986
3.28264
0.124465
0.022274
0.0216603
0.0222138
0.0220182
0.0466684
0.0222714
0.0221664
0.0250569
4.18773
0.0222491
25.7577
7.15466
2.96537
0.0774049
6.92017
7.36147
4.9617
1.21075
5.14776
1.13518
0.0670872
0.139367
0.0217641
0.662288
0.021971
24.5118
0.473397
0.0214475
15.6077
0.0430839
0.021687
0.140309
5.31738
0.0217754
0.0644144
0.0217801
4.77007
8.48624
9.84508
0.0220601
3.41215
4.9007
9.31241
0.0536322
0.0421126
0.974141
0.0214645
5.39893
2.89594
2.80277
0.0219756
0.0247716
0.0216096
14.1934
0.0219264
0.744633
0.0357911
0.0281674
0.729765
0.0241244
0.0220397
0.0219653
0.022043
0.0221617
11.4649
0.0218893
0.0267621
15.0694
8.73055
0.149279
0.0226407
0.0345729
0.384171
0.0215194
0.0221446
0.0235209
13.418
0.0243299
0.557451
0.0219237
0.021597
0.0732116
0.0430411
0.0374798
13.368
0.021712
0.640027
0.0250821
0.022028
0.049663
0.905215
0.0217505
15.222
0.0259911
0.67141
3.76344
0.170057
0.0218348
13.6121
0.614442
0.0317697
0.0257139
2.38147
0.315448
0.0219069
0.0217107
2.75881
0.0216927
0.0215742
0.0225952
0.116151
5.36801
0.0215553
0.0365127
0.0730053
0.0809574
1.08683
0.0218975
0.0218637
0.0218766
0.0222659
0.577
4.85661
0.0424376
0.0219526
0.0214198
0.13054
0.022095
0.0243617
0.740767
0.022238
0.0235906
4.06184
0.0218024
0.0220357
0.0273907
0.0220293
0.0218987
0.390074
0.0728148
0.104742
0.0222113
0.0223521
0.0362252
0.0513154
0.0219848
0.0404748
0.021462
0.0245923
7.88712
0.0222769
9.49808
0.0214133
17.3238
4.5379
0.0217832
0.0275997
3.10946
0.0242463
1.07739
12.5138
0.022295
0.0366936
0.0218045
3.08527
0.989421
0.0220746
12.7823
0.0222977
0.0217897
0.394354
0.100575
0.545033
2.14022
0.12694
0.0216577
7.08353
0.0218104
16.2126
0.0221625
0.102205
27.1247
0.0222454
0.0216997
0.0375128
0.0215126
0.438499
0.458332
0.0217642
0.0215881
0.0215903
0.0216224
1.6029
0.281614
0.0383415
0.783591
0.0274098
0.0260598
0.0236372
0.0277421
0.0283787
0.0215134
0.0221531
0.0216316
0.0217495
0.0244357
0.093478
0.0222521
0.296273
10.9408
0.0216427
4.05119
0.02158
0.757681
0.022232
3.64379
0.871554
0.0221621
0.234092
0.0222863
0.270486
0.743748
0.0218806
0.0222689
0.0896206
0.0302469
0.0222253
0.0419596
14.001
0.0222833
41.6919
0.0224676
0.0218199
0.173376
5.45204
0.022947
0.0218618
0.0252705
0.0219729
0.0393872
0.0215968
0.0218812
0.0214522
0.0222388
3.88202
0.0266932
0.0222285
0.0217352
0.0251646
6.81361
5.73093
0.131299
0.0216468
0.253436
0.0413887
0.0214173
0.0218365
4.70808
0.0222508
0.0217492
43.2227
0.0298361
11.4455
0.022574
0.0445328
11.5932
2.23293
0.744458
0.0217698
0.0734772
0.0221628
0.0223473
0.0216409
36.1216
0.0547714
0.0216945
0.265955
2.55707
4.50306
0.0219931
3.701
0.0221378
0.0218913
0.183881
7.08572
0.0259572
13.2565
0.0804453
11.5177
0.0216513
0.0296508
0.0694379
0.0218786
0.0222065
0.442739
0.0360311
11.4695
9.1904
0.021669
22.2655
0.0240828
5.6956
0.0221806
0.67627
3.73484
0.083009
0.0222197
0.0219163
0.799208
0.0220717
0.0214813
0.164754
0.0304053
0.0219083
18.4784
0.021953
0.0217483
0.0221821
0.0221906
0.02149
0.0217217
0.021622
9.96916
11.1477
0.0223153
0.0215685
0.0218151
0.021748
0.0266499
0.0217537
4.09546
0.031827
0.619394
0.0290855
0.0270435
3.10819
0.0218265
0.0887978
3.68126
0.0248971
0.51717
11.9091
7.86824
0.0213903
0.0220451
0.0217241
12.1452
0.565363
7.78247
12.0515
0.0315333
0.021663
22.4265
0.0280568
0.0219821
0.0218807
0.021984
0.613825
0.0342678
0.358584
0.0218327
0.0220336
0.966996
0.0215545
0.0227994
0.0217912
5.28119
0.0215833
0.021802
0.0728098
0.0222163
0.0221715
0.0242696
0.094068
0.0360107
0.451508
0.080819
0.0222461
1.12401
0.0316721
0.0217808
0.0220028
7.32039
0.0219821
13.343
4.61388
0.0215745
0.551918
0.0218029
4.27851
0.480078
6.84027
0.0406107
0.203693
10.312
0.03546
11.4786
0.650987
0.0219065
0.0217615
0.0487232
0.0688997
8.64712
0.027335
0.0266388
0.0218946
0.0223029
0.0216923
0.0312921
0.0442766
5.30295
0.042864
0.0220422
5.6339
0.0393996
0.0220758
0.0219016
0.0218646
0.0215342
0.0229203
0.0222316
0.0445741
0.0316306
2.09325
14.0838
2.2974
0.021628
0.0218535
0.0378893
0.0261482
0.0217256
0.0251386
0.0216167
4.82713
0.0219535
0.0748775
11.583
0.0222121
0.0220135
0.0218729
10.6734
0.0781515
0.0536561
3.86018
0.0217048
0.0229694
4.85645
8.68175
0.022231
24.1654
0.0223041
0.0445738
7.09688
0.0217843
0.0221475
0.0218715
1.31751
3.00718
0.772214
36.1081
0.0222514
0.0220627
0.0219669
0.0999365
0.0221501
0.0215894
0.0220461
0.0216293
11.583
0.0222927
0.0222917
5.60565
0.456442
12.3999
0.0254981
0.0285306
0.0325852
0.189133
0.115413
7.09101
1.54105
0.45753
0.0217063
5.23702
0.0215798
0.0240935
0.0219842
5.10852
0.0214552
0.0217772
0.0221048
0.0220938
0.500015
0.0224809
0.022294
0.367576
27.6348
0.0218524
0.0217523
0.0694627
0.0216713
0.0220034
0.0217872
0.021874
0.0342457
0.128347
0.0271876
0.278437
16.9821
0.0239072
3.59211
0.118146
0.0280697
6.34081
0.0216426
6.11839
0.619148
34.9137
4.86242
3.65167
9.39606
0.0334182
0.0219206
0.0228564
0.0218553
3.87795
0.0219056
3.65152
0.591495
0.0221817
6.44449
0.0670588
0.0217167
16.8348
0.112928
0.0214258
15.0462
0.0223396
0.0315343
10.6966
0.0232945
0.162046
23.1806
0.0215698
3.69824
0.721666
0.0220774
13.2582
0.0217032
0.0484272
0.0219098
0.0218654
3.85961
0.0217662
0.0217998
1.08349
13.2974
0.732217
0.0219223
5.61409
3.86201
0.118464
4.92653
0.0216953
0.021838
5.17287
0.021741
0.0217321
0.0222114
0.0219604
4.00226
29.5541
0.0426635
0.0216154
0.0271189
0.02189
12.5563
0.0221638
0.0239128
4.06867
11.5213
11.4982
10.1578
0.276281
0.0218929
11.5201
0.0218369
12.0799
3.21069
0.141362
0.0221456
0.021929
0.402482
0.0216972
2.04573
0.0217657
0.0215162
0.0215713
7.28473
1.70123
0.0217706
0.0214026
0.165511
11.8036
11.492
13.2203
0.0218351
13.8736
0.0247197
0.0220759
0.0301998
11.1906
0.0219305
0.0222948
0.0219213
11.3638
1.66515
0.0218946
0.0220764
8.19006
0.0704701
4.30281
9.4161
0.264996
0.271182
0.053891
0.0219176
13.5073
0.0217853
10.9684
0.021992
0.793443
0.021818
0.0457105
0.234498
0.725837
11.5341
0.0218939
0.102988
0.0244151
0.0219462
0.04603
0.0219039
0.0404592
0.0220062
0.0218671
0.0218491
0.0469555
0.0250552
0.0214028
0.0220289
0.0217063
0.0908421
0.0220022
0.0539863
0.0216622
0.0223021
4.952
0.0228172
0.0664174
0.105866
0.0217388
0.0217797
33.4953
0.101981
0.0216581
10.0213
0.0216427
0.0219189
11.0243
0.0213973
0.0222006
0.0390399
0.0221622
0.159593
0.40051
0.61465
0.0826375
0.0221422
13.8129
0.0222944
0.0220946
0.134667
0.0237196
44.9336
0.0219025
0.0215229
0.0220036
14.6021
29.4932
0.0217713
0.0272005
0.0222485
0.0568101
0.021674
0.0218335
5.64397
0.0222501
0.0217794
2.50763
0.022152
5.76768
0.0219383
2.42785
0.0219438
4.55738
0.0956679
0.0219019
0.0219492
0.0222507
0.0221567
13.8448
0.0340649
0.0501445
4.33917
7.60265
0.0217848
0.0222325
10.2899
0.0906519
0.0221002
0.0217217
0.0219295
0.0510899
0.0367108
0.0967889
0.0262275
0.0216626
0.0219759
12.6315
0.0219476
0.021843
0.0234888
0.0279787
0.0218941
0.0217275
0.0235801
0.0403579
0.0216192
11.0963
0.0217274
0.227394
0.0214026
1.71561
0.0215263
0.0231469
0.395374
4.14116
9.66874
0.641143
4.98752
0.0219363
6.65516
0.0216739
0.021646
0.0372263
2.27248
13.7362
0.0215782
4.9375
14.0188
4.11571
0.0222639
0.0216027
0.0216373
0.0220401
10.2875
0.0978644
0.0674198
0.330562
0.0217845
0.0214135
0.0216014
0.0217701
0.198973
15.2156
0.0219737
28.8047
0.120823
0.229848
0.0563732
9.58228
3.49912
0.0217248
0.0219901
27.0916
16.1568
6.01902
0.0221804
0.159855
9.13748
0.0215131
0.0221935
16.2039
0.0215635
0.122372
0.118645
0.0224385
28.9226
0.0219262
0.0668378
12.3304
0.0265803
3.40435
0.021928
2.70242
8.22569
0.0217067
25.3131
0.0216708
0.0260203
0.0218992
0.603076
2.7531
0.027106
0.0215033
15.8884
0.0222875
0.0214307
0.0218717
0.0270533
2.48747
0.0214618
0.022769
0.0217545
5.15067
9.98254
0.0224733
0.152909
0.511281
0.11918
0.105268
0.0220408
0.041917
0.0269929
36.8121
0.0235353
0.0232855
8.20241
0.0320893
0.114518
0.0265702
0.0219506
0.317718
0.0217137
0.0219874
0.0217361
5.58826
0.0219218
14.1664
0.0221266
4.52589
0.0218287
0.0318817
2.41788
12.7062
0.0216842
0.0222619
0.0218703
4.62035
0.0216358
5.051
0.160361
0.841744
0.0219462
0.0214815
11.585
0.0903811
27.7835
0.0305958
24.1899
0.0289733
0.0219328
0.021943
0.0695994
4.55485
0.0218718
0.028554
0.0218833
0.381888
0.0217658
0.117345
3.82776
0.0216837
0.0214118
0.0756816
0.0217646
0.312569
19.3009
0.0222243
0.373819
0.251419
0.0455423
0.0215752
0.0217696
0.040189
0.0372297
0.0252774
0.0507586
0.279163
0.0217165
0.0267142
0.0464569
0.0217655
0.518595
0.0224037
3.53196
10.509
0.022106
0.0223827
2.95
13.2427
11.2096
6.43942
0.021725
4.17816
0.580652
0.0216158
0.0262594
0.0216726
0.0218876
0.0215877
0.0220025
0.0222288
0.0412752
0.0215639
0.0225382
0.0274046
12.4493
0.0217932
7.22931
0.440295
0.0216248
0.0220893
0.0220639
0.0220945
0.593712
0.550351
0.0219016
0.0218131
0.0219531
0.022269
0.0219618
0.0240688
0.0217268
0.312944
0.50647
6.06074
0.0271312
0.0217559
0.0263663
0.0237425
0.0220029
0.117864
0.0222457
9.87502
0.0296989
0.200053
0.0222876
0.0216924
6.27917
0.021918
0.0473886
0.022059
0.123992
0.0774978
0.0886504
0.0221744
0.0238989
0.623333
0.0216875
0.0222156
0.0233355
0.0219579
0.0217204
3.18493
0.526302
0.0217344
0.0217737
2.75864
0.122528
0.0218391
0.0218925
0.0523055
0.0222812
0.0265759
0.299496
0.630532
0.0227641
0.051872
3.64272
0.0219122
0.0221935
0.0219398
0.0216069
0.0217522
6.29262
10.793
0.522486
0.0240584
0.0370279
0.0219035
0.0222594
0.0257499
0.642221
0.0493672
0.0260917
0.0542587
0.075568
9.59859
0.021994
0.581823
0.0423343
0.721185
0.0350578
0.021615
0.452454
6.03659
0.0330483
12.209
0.93903
0.0216863
0.050117
5.54741
0.0215281
0.0222328
9.88991
11.2824
0.0214471
0.0217982
0.112071
0.0215702
0.540481
0.021644
0.0217322
0.0220967
4.09855
0.0288452
0.075844
0.645625
0.0767891
0.0286734
12.1182
0.0216325
0.021548
0.0218864
0.166955
0.701422
0.0486093
0.0240191
0.0217768
0.0217433
10.163
0.0219146
0.0219275
40.4566
15.2141
0.358095
0.02193
3.05669
0.021798
0.0220465
0.255271
0.435124
0.0219582
0.734125
0.0219131
0.0224581
0.0263233
0.023245
0.0218034
0.0215315
4.68958
11.3062
0.0216967
0.0216181
0.158241
0.029815
0.0218886
0.0259951
0.0221297
0.0217945
0.0393084
0.0216081
0.022081
14.0483
9.30909
0.0255592
0.0218676
11.6672
0.0213878
0.0217118
5.30048
0.0220222
8.1538
0.189278
0.0259259
0.707703
0.0218979
0.0218267
0.0218792
0.021773
0.219845
0.0272998
0.0219173
0.0216162
8.6598
4.44379
0.0217394
2.69034
9.53696
0.0219096
21.59
12.0146
0.0253256
0.0220127
24.6585
0.0220204
0.0217363
0.0218449
0.0218114
0.0220667
0.0797911
0.0848383
10.7363
0.0218562
7.89683
1.07864
10.495
0.0218896
0.312481
0.0217104
0.0273823
12.2154
0.0219104
0.0715718
10.1423
0.0252784
0.0385668
0.107061
0.0214208
0.0216762
0.0465577
0.0219986
10.7662
0.490113
0.0219066
0.0219428
0.026871
0.0221486
0.0404866
0.0219944
0.288585
0.0218563
0.0217839
0.0577565
0.0311027
10.4402
0.114194
0.0226789
1.37419
0.0826166
0.171802
0.0222136
0.816505
0.433465
0.0221096
4.18045
30.7184
0.0216224
0.0222945
0.134526
0.100226
0.021781
0.0417876
0.721699
0.0214296
0.0219052
0.0426223
0.0222189
0.0536805
0.0217492
0.813467
1.00858
0.0394999
0.436955
0.021487
0.548603
5.81647
1.74675
0.0310211
0.0216071
0.0224432
0.0983198
0.0220835
0.0216264
0.0222491
0.180196
0.0219134
0.0216228
0.0222665
0.0214332
0.0222387
9.46503
0.286885
0.0222008
0.0218053
0.0217553
0.0220245
0.189763
0.305375
0.749572
0.0720722
10.0198
0.0220144
12.3412
0.55533
0.0260372
0.0218523
0.036505
0.0220181
0.021914
0.0214546
0.0792832
5.29162
0.0218422
0.118578
0.087811
0.0323058
0.0221471
7.87081
0.0221596
0.023506
0.109015
0.325817
0.0222267
0.0219687
0.0215234
0.0226059
5.72022
0.0221831
13.4851
0.0218765
0.0218858
1.26039
0.02227
0.0219497
0.022236
9.25752
0.0222179
0.107226
0.0301571
12.2854
0.102698
2.52885
0.0218715
0.0223421
0.0216876
0.0217968
0.0266473
0.0220965
0.0218981
11.7203
0.0222855
0.0219436
8.24483
5.13575
0.0218166
0.0570444
0.0215964
0.0214515
0.0228085
0.0216319
0.382602
16.3887
0.0214074
0.0221618
0.0708125
14.3894
0.0220244
0.0512489
15.002
0.0220713
41.0844
0.0224863
3.81822
0.0222231
0.939243
8.33512
0.021681
3.9823
0.0232399
0.0216375
0.0218145
1.09448
3.50243
0.0598273
0.0221725
13.6421
0.021995
0.0223644
0.0219268
11.8344
0.0897811
0.0422632
7.81378
0.0217843
1.26249
15.9356
11.8046
10.0479
0.0348063
0.0336487
11.8872
0.0219862
0.0224405
0.0709452
5.74022
0.0214178
0.0222853
0.0218976
0.0219463
0.0219171
0.0281641
0.371507
0.0218255
37.0414
0.0219042
0.0227537
0.0219457
0.0448595
5.32972
0.0221654
0.0217138
0.0511352
15.4539
1.04059
8.46672
0.578549
0.0218666
0.0218454
0.0214727
0.399328
0.0222877
0.02185
29.9109
0.0219039
0.105084
11.9014
0.0219505
10.9007
5.05229
0.814125
0.0425511
0.111324
11.9487
0.270404
0.0219003
0.0216393
0.0335011
0.0221419
0.0436564
36.6182
12.5492
0.0275038
7.45711
0.90873
14.1219
0.0214247
0.0221804
0.021934
0.0216825
0.0218651
5.09715
4.95297
0.0218349
3.47753
0.0218356
0.0218792
0.420785
0.0217724
0.605273
4.2995
3.31577
0.021725
0.0218583
0.0222469
0.0222439
12.1542
0.0219655
0.0255673
0.0219652
0.0961638
0.0235779
0.0219901
0.0219368
4.27782
0.0216084
0.490156
0.0218173
2.67406
0.022029
0.0219473
0.022371
0.358746
0.0216731
0.0217426
7.1612
0.0218811
0.0365268
0.264443
0.489587
0.0356773
0.0217525
0.0218988
0.725923
0.0277321
0.0216691
0.0909979
0.131137
2.85521
0.0219631
0.0219299
0.0219229
0.0217435
0.0219455
0.0222392
0.481762
0.0225579
14.606
1.2978
0.0397117
0.0222713
0.0218439
0.431086
9.65654
0.0217086
0.0218794
0.0839333
0.0222744
0.0226676
12.7356
2.84125
0.0218845
2.23401
0.0221635
6.79466
0.0215894
0.0220167
0.0218947
0.468829
0.0215859
0.0218819
5.22433
0.0218466
0.0326738
0.0659284
0.0219091
18.0519
0.0262608
5.71182
3.78379
0.0218979
0.0222534
3.74953
0.0218141
0.0218278
0.021972
0.0281218
0.0220716
14.7807
24.8722
3.34513
3.32332
0.0215826
0.476089
0.0218541
5.74466
0.025838
0.025882
0.0217131
8.19103
0.0220575
0.0223037
9.6922
0.0217215
0.037059
0.0333975
0.0222791
12.7671
0.021728
3.35832
0.026775
0.0219779
0.0218407
0.0214247
4.13586
0.0217395
3.77908
0.0222667
0.0236926
0.0233073
0.0250992
8.91465
0.02209
0.0235738
0.153265
0.0493823
0.140251
0.0219501
0.0218582
16.0062
0.0214053
14.8842
0.0266852
0.0218551
0.0218989
11.9598
0.340224
0.0217551
11.4255
0.0218053
0.0226846
0.0217921
0.0513626
0.0229155
0.0457341
8.766
0.0218891
0.0217079
0.0219144
11.3261
0.0218757
0.0220961
3.80258
0.0218723
0.128421
0.021706
0.0263131
0.0219477
0.0220649
0.0221432
0.189971
0.0278408
0.0217999
0.119902
0.0221026
3.64904
0.0219079
0.13308
0.0218812
0.0218751
0.0219195
39.5737
0.0257512
0.022082
0.300489
0.0217894
0.0262094
0.0222217
0.0238136
0.0222729
0.0218894
0.0217551
11.3804
0.0219745
0.0218017
5.35272
0.0220026
0.0217582
0.0218868
1.25465
0.0222055
0.0504918
0.027405
0.408879
0.022212
0.04297
0.0217169
0.0222966
0.0267998
10.3509
0.0222927
0.0216625
0.0219116
0.158482
0.558708
0.0223298
0.0218307
0.0216966
8.28051
0.0216047
0.033048
0.0398321
0.753313
0.0222948
0.0215742
0.707217
0.0221367
0.047804
0.0284038
0.0214302
0.0382919
0.0219781
0.0270511
0.0214539
0.0217461
0.0219174
9.00739
0.0220092
0.23942
0.0216559
9.77713
3.91395
0.217625
0.0220081
0.583938
0.35854
0.0271855
0.0218988
0.0265918
32.368
0.0218106
4.56752
0.0222558
0.136922
0.0243591
0.0222149
0.129759
6.94166
0.0218056
0.0231941
0.0219201
0.0318787
0.0218425
0.0216979
0.0220395
0.976853
13.9519
0.0222912
0.0219229
0.0216763
4.37627
0.0218535
0.118524
0.0218522
6.16197
9.65117
0.413467
0.040856
0.0222519
0.0220892
14.8297
0.0216719
0.0348566
0.0222661
0.0331501
28.6141
6.47359
0.0222868
0.0216014
0.0298762
10.8076
0.0595585
0.0218059
4.12052
32.0567
0.0215392
0.518307
0.0214882
0.0424839
0.0218531
0.0221325
0.0222856
0.033223
0.0218893
0.0214813
11.4943
0.0235956
0.0222599
4.0675
2.9375
0.0220305
8.98969
0.0220991
0.737907
0.0228643
0.0214954
0.0215688
0.0220143
0.0247948
0.342126
0.2437
0.0220028
0.0223953
6.35309
0.0220404
0.0216065
0.0218534
0.0219152
0.335704
0.0219184
0.0215941
0.0216201
10.6599
0.0222667
0.0219013
0.0216374
2.58948
0.0221637
0.349337
12.0975
0.0219059
9.59041
33.035
0.022166
0.0509412
0.114015
0.0214939
0.0216821
0.0223431
0.0219298
0.450291
0.0256525
0.0218138
0.0216308
0.0218862
0.0220276
0.0216085
0.0222296
9.3168
0.0215557
0.0218319
0.0244194
0.0218498
4.01865
0.0218698
0.0220536
0.0219865
0.0221431
1.231
7.14305
4.71273
3.44654
0.0220497
11.2693
0.0218263
0.0215905
0.946361
6.68225
0.0222142
0.021916
0.0729293
0.128494
10.5375
13.4805
0.0425496
3.82763
0.0224971
8.86911
0.0219005
0.0240106
0.0218536
3.2219
0.0218838
14.6884
0.0222535
0.0235823
0.0221464
0.0222047
0.415263
0.0215912
0.0214593
5.95499
0.0513849
0.0222464
0.0215405
0.0215826
0.0221702
0.022255
0.022079
0.0218697
16.9422
0.0217878
0.0219225
0.022255
0.0215912
0.0215703
0.0349105
0.0222971
0.0367997
0.0221647
10.0564
0.0217117
0.0945237
0.064217
0.0217804
0.854725
0.0214371
5.13244
0.0220436
0.0220173
0.0218474
0.0215594
0.0981148
0.0218396
0.022065
0.0215647
5.11081
0.17044
0.022023
0.022271
0.766331
3.26164
45.3211
0.341075
0.670946
0.0218075
0.0218458
0.028757
0.0218123
35.4087
0.0222581
0.0911864
0.0218377
0.0222473
0.0275756
0.0214716
0.0222506
0.038877
0.448831
0.0216291
0.0215492
0.0222091
0.0218874
0.0216647
0.0216513
0.0219306
0.0218602
0.028729
0.0432469
6.95296
0.432867
38.7391
0.0215585
5.63387
0.0218365
0.131618
0.950848
0.0220316
3.48364
0.021853
1.51309
9.15651
0.0700156
0.0218494
18.1585
0.0235293
0.150521
0.0223632
0.0287071
16.7405
2.99862
0.393675
0.0237931
18.4121
0.239817
35.4598
0.0261454
25.5253
38.33
11.908
0.021631
0.0222741
3.69854
0.0214456
0.0219372
0.40592
0.0219167
0.0220937
0.0351256
16.6395
3.79206
10.4096
0.0218577
0.0218213
0.0222075
11.5143
5.49804
0.278769
0.0247929
10.6788
0.0218874
0.0268748
2.67722
0.0238408
0.268266
0.022262
0.0222342
3.74143
0.0218025
0.870977
0.0218728
0.0223233
0.0411159
0.0217865
0.0232307
0.0770565
0.0222666
10.5454
0.0218745
0.0214502
9.18505
0.0221343
0.0219084
2.94455
0.0827559
3.38282
3.67289
13.0215
0.0218246
0.1074
9.17074
0.0944395
0.0255675
0.021829
10.3674
0.0217559
0.0220552
0.149622
0.0830682
0.0402469
0.0220205
0.022231
0.0218187
3.67766
0.0465122
13.4316
0.0222712
14.391
0.0218632
0.0416136
0.0235053
0.0216133
0.216206
0.382731
0.0316148
0.128643
7.58103
0.0222725
0.0232843
0.0261453
0.0303167
0.0218698
0.0264206
0.0261758
0.115371
0.0215183
12.8297
9.40048
0.0218721
2.82269
0.762697
3.08799
0.022271
0.0215456
5.48938
0.0219269
0.457866
0.0222309
0.0222724
1.78181
0.023278
0.0216491
31.1352
0.0250063
0.0740446
0.0218885
4.89782
0.0490748
0.0982621
0.0286247
0.0223298
0.12098
0.0221431
30.3152
0.0250741
0.357037
0.555827
4.15917
0.147405
8.92395
0.0230133
0.0763836
0.0348082
0.655973
20.3544
0.0217856
0.403444
0.022046
0.0218873
0.874121
0.0632191
0.0215366
0.0697142
1.37416
0.480287
0.39793
3.46493
0.0684354
0.0222635
0.0235778
0.0216889
9.89036
0.0218308
2.77814
0.519129
0.0227337
3.70727
8.92319
0.0216469
3.15411
6.52977
3.56918
0.0219682
0.0218791
0.0221292
0.0397534
0.0222729
1.71784
5.44195
0.0396184
2.72306
0.0222017
1.04225
3.67496
4.09266
0.0218726
0.375202
0.0243795
0.104098
0.0303465
0.23433
0.0364463
5.23123
0.0222481
0.0218195
0.0215956
0.484288
3.53076
0.0218996
10.1491
0.0672757
0.0918568
0.021858
0.113748
0.0221602
1.76978
1.66245
5.14357
0.139674
10.2427
0.0683479
3.85113
0.0937577
0.0220876
0.469691
0.0218222
0.0420679
0.0219374
8.50495
0.0216427
0.0247956
10.3748
0.0455128
0.0421895
0.0735832
14.3797
16.7544
3.6352
5.1369
0.0381281
0.0219068
0.0216237
0.0406003
12.4948
7.4928
0.0271446
0.0258158
0.0932774
0.0401271
0.129348
0.39283
0.0961101
0.0469928
0.0574941
0.477652
0.0215275
12.0667
0.0217399
0.0222807
0.134654
0.0266664
7.18255
31.3765
0.125187
0.398338
0.457631
0.0218578
4.78432
5.36332
0.0387866
0.0270225
5.55107
0.0369444
0.0445968
3.35397
1.68593
0.0218948
5.68752
7.1087
0.0216806
5.52501
0.0221073
0.0215318
0.0214426
0.0298402
0.506017
5.71164
0.454807
0.0431412
0.0408642
0.038632
3.45508
)
;

boundaryField
{
    frontback
    {
        type            empty;
    }
    topbottom
    {
        type            fixedValue;
        value           uniform 0.0223;
    }
    outlet
    {
        type            zeroGradient;
    }
    inlet
    {
        type            fixedValue;
        value           uniform 0.0223;
    }
    walls
    {
        blending        binomial2;
        n               2;
        beta1           0.075;
        type            omegaWallFunction;
        value           nonuniform List<scalar> 
120
(
32.674
40.5986
33.733
42.323
36.9183
27.1443
32.2384
36.3026
43.14
11.0942
36.3264
40.1742
23.9261
30.0506
43.5533
33.4964
13.3233
17.6628
17.2179
27.622
17.2752
14.23
37.4633
35.2053
42.3492
15.3412
36.8763
8.57409
17.9668
8.33135
8.72484
8.55208
7.42127
6.99767
20.799
26.4675
17.387
16.3971
38.5218
33.6402
34.9148
15.7415
34.4177
38.908
11.199
42.4142
41.3522
25.4758
45.002
26.6317
30.7232
14.4791
35.5738
23.748
17.3025
43.9822
15.6743
17.3806
20.3961
6.25938
6.97013
35.7664
11.6353
36.1764
46.762
7.97148
7.74472
8.3849
26.6691
33.5395
42.9442
26.9692
35.7482
43.2233
19.8648
22.0325
29.1063
18.0689
48.3982
7.30621
8.81081
15.7598
6.84751
41.6448
23.5395
17.3779
7.8782
56.6857
8.65906
21.566
16.2789
8.75727
14.6853
8.69658
9.23283
9.49808
17.3238
43.2227
36.1216
34.9137
16.8348
15.0462
13.2974
44.9336
27.7835
40.4566
41.0844
37.0414
11.9014
36.6182
12.5492
16.9422
45.3211
35.4087
38.7391
18.1585
18.4121
35.4598
38.33
11.908
)
;
    }
    procBoundary0to1
    {
        type            processor;
        value           nonuniform List<scalar> 
80
(
2.98225
0.0285098
0.0217559
2.81453
0.0216186
0.0233792
3.036
0.0224815
0.0224815
0.0228065
0.0214482
0.0229745
0.027521
0.0264812
0.0384034
0.0213724
3.17931
2.84508
3.08885
0.0222323
0.0264812
0.0215652
0.0213834
0.0255738
0.0343451
0.0215287
0.0214183
0.0214297
0.247519
0.612977
0.0222323
0.0213757
2.94454
0.0214008
0.0216791
0.0214105
0.0213893
0.0213893
0.0215006
0.024624
0.0213962
0.0213702
0.0343451
0.0213928
0.0673379
0.0673379
0.0310649
0.247519
0.0214003
0.0213687
0.0214629
0.0214791
0.0213928
0.0875779
0.177496
0.0220409
3.06566
0.0310649
0.0214045
0.177496
0.0526351
0.0239471
0.044754
0.123632
0.0213693
0.0213862
0.0213834
0.0227414
0.0218257
0.123632
0.0213862
2.5656
0.0875779
3.10854
1.99467
0.0404575
3.00923
0.612977
0.0217458
0.0219209
)
;
    }
    procBoundary0to2
    {
        type            processor;
        value           nonuniform List<scalar> 
165
(
16.5929
30.1034
40.8407
0.141342
0.0220268
6.05189
5.96493
9.23799
17.6432
13.2354
30.1034
0.0267784
0.0279227
0.0219668
0.021991
40.8407
0.0219735
4.80164
5.40295
0.0250217
0.0225726
0.0224379
0.11288
6.64276
12.7568
0.0224379
0.106478
13.4305
4.12566
0.0227251
7.11602
0.0220777
5.69898
5.24688
5.69898
0.0219313
8.68714
0.0219354
0.0664882
0.0664882
7.54338
7.46028
6.50006
0.0221103
0.627003
0.34954
0.0219022
5.39154
0.0423073
6.19845
0.627003
0.0220872
6.03132
0.0243543
3.71681
3.83361
3.5198
0.0238162
0.0235185
0.0221202
6.0864
0.34954
6.39057
0.0219213
0.0220474
0.0220563
6.46927
6.3064
0.0219077
0.0518055
0.0221457
0.0231832
0.0218989
0.021941
3.39688
0.0222937
0.0392925
0.0219555
0.0221435
0.0223135
0.0219555
0.0220905
0.0469803
0.0578447
0.0219077
0.0264849
0.238723
11.687
0.0218983
0.0219177
4.80713
0.0219997
6.39057
0.0222282
0.0299195
0.0221789
0.025423
0.0813605
0.0469803
0.0219222
0.0310563
0.0222144
5.56332
3.08393
0.0219734
0.0366935
0.0219516
6.60398
3.2303
2.936
0.0222661
0.0221544
0.0219071
4.00587
14.3204
12.7249
7.70248
3.19693
6.61268
0.0229539
13.7525
0.0344201
0.0366935
2.95394
0.0218986
8.47363
13.7989
13.2402
0.0220382
0.0327355
0.0219041
6.63513
0.0222524
12.4437
0.0279227
13.4345
0.191546
0.0813605
0.0220036
0.0220178
5.81062
0.0221901
6.04881
10.8619
16.1643
6.44634
4.40404
8.56544
15.5773
7.48875
7.12052
17.8375
11.8765
8.06761
5.81555
24.0001
2.15843
0.0288503
7.35355
31.6203
0.0222258
5.84135
1.26063
22.7946
16.6767
)
;
    }
}


// ************************************************************************* //
