/*--------------------------------*- C++ -*----------------------------------*\
| =========                 |                                                 |
| \\      /  F ield         | OpenFOAM: The Open Source CFD Toolbox           |
|  \\    /   O peration     | Version:  v2012                                 |
|   \\  /    A nd           | Website:  www.openfoam.com                      |
|    \\/     M anipulation  |                                                 |
\*---------------------------------------------------------------------------*/
FoamFile
{
    version     2.0;
    format      ascii;
    class       volScalarField;
    location    "750";
    object      omega;
}
// * * * * * * * * * * * * * * * * * * * * * * * * * * * * * * * * * * * * * //

dimensions      [0 0 -1 0 0 0 0];


internalField   nonuniform List<scalar> 
9793
(
0.0222239
25.2016
0.0219227
4.76982
0.0222597
0.258316
0.0827493
11.4509
0.0219457
32.5405
0.0221977
0.0221886
0.0219107
5.84572
0.0217075
0.0245933
0.0545937
0.0219181
5.03314
0.021532
0.0215645
0.0222916
5.62127
11.3851
6.08388
0.0257346
0.022099
0.022262
0.0215425
0.0827409
15.1852
0.441998
0.022011
0.0219339
0.0218626
0.0274888
0.0233152
0.024286
3.88532
0.0302815
0.0713061
3.45105
14.3076
0.0222716
0.0219545
0.0220416
11.7428
0.0222842
0.0215688
0.0219251
0.0271165
0.0218459
0.0372404
0.0222685
0.0316467
4.58094
0.0219205
0.102528
0.0215774
0.0222914
0.026136
0.091673
0.0219395
0.0334282
0.0219623
0.0218963
40.4609
0.0235584
0.0235788
11.6655
0.0219131
0.0944755
11.7749
2.3489
6.9198
0.0222625
0.0432215
10.2853
0.0219761
0.0222705
0.0463386
5.35857
0.0523285
0.0234611
0.0236434
0.282335
0.0222611
0.0754664
4.03336
0.0866899
4.8096
1.36736
1.51937
0.0404818
14.4516
0.0218903
5.4492
0.050609
0.0241888
0.0222684
4.13493
0.0353586
3.36207
0.0219603
7.51672
10.9258
2.20259
0.021873
0.0219808
0.0222835
0.0222335
5.24264
3.08895
13.3809
0.0218966
0.0221116
0.0229626
0.0220497
4.2702
0.0220271
7.39646
0.0820993
2.51372
0.043107
0.0233639
0.0220329
0.0626823
12.7527
0.212741
0.219835
0.0230179
0.0217847
0.0221485
0.0228666
0.0264174
0.16281
0.482233
0.0229998
0.0222734
0.0632893
8.63864
0.0266403
0.0218757
0.0575204
11.3088
0.543465
0.0220332
6.83517
0.0217801
0.0220274
0.0220691
18.2887
0.0237314
0.0220912
0.0218974
1.24982
0.0584865
0.0219336
0.558793
0.0218788
0.0703118
0.0231243
0.0215735
0.322587
0.0218019
8.93581
3.06401
0.0219288
0.0218745
0.0222178
0.021886
10.0716
29.0415
5.48531
0.0219038
0.229104
0.128656
0.637414
0.021959
0.0234717
5.48509
12.6889
0.0905123
0.0220342
0.0220717
0.0218676
1.7137
11.25
19.2873
3.66581
0.0218535
37.166
0.410498
0.0246986
0.0215722
0.0229561
2.02137
0.021574
0.0219152
0.0222055
0.021925
0.0215493
0.0281477
0.0239784
3.74966
0.0218971
0.0275074
0.021923
0.0222005
0.393325
0.0606958
11.8575
0.021617
12.0993
0.0234866
0.0370877
0.0217176
0.159021
0.0221209
0.0475955
0.0548217
0.0215547
1.43471
3.98486
0.0385475
0.0218725
0.0529932
3.18775
0.0469458
0.0475883
3.91721
0.157855
0.0352303
0.0342126
0.348483
0.0214913
5.59219
11.8779
0.0215823
0.0222229
2.46104
0.0218685
0.0222313
0.123719
0.136542
0.021894
0.023486
0.0286347
0.0366264
0.0234763
0.0219657
0.0433564
4.70745
0.0215566
5.25107
0.0222619
0.0221713
0.0216379
4.43541
0.0219735
3.04835
10.1531
0.0221031
0.0221308
3.48371
0.0217492
0.0222397
0.0217103
9.87387
0.249033
0.0243187
0.379406
0.0957439
3.26618
7.16502
0.0219588
19.05
0.0222642
3.37128
9.52002
4.48086
7.54083
0.151338
0.0230176
0.047357
0.0237201
0.021579
0.0219583
0.397257
0.0258914
0.0221398
0.0222838
0.0216139
0.021559
0.0215634
5.91988
0.0218632
0.02171
0.0216778
0.0219131
8.34225
0.521026
0.0601158
0.0226101
0.0593009
0.0217477
0.593755
13.9622
0.0219662
10.2693
0.0316617
0.0219475
33.6013
0.760818
0.0220193
0.0458255
14.2427
0.0220409
0.0323664
0.0217053
0.0221103
3.44237
0.039404
0.0219448
0.0220208
0.0225107
0.16364
3.2847
0.0219272
0.0218661
0.0216329
10.5299
11.0489
8.73738
0.0214972
0.0415053
0.0329577
1.95426
0.0752514
0.0214695
0.0215103
0.0216372
0.0458883
0.0219898
9.59408
0.0220869
0.0217623
2.95631
5.87132
11.2596
0.0216075
4.0747
0.0240964
4.35132
10.1758
3.88693
0.0231626
0.0310932
0.47837
4.82029
4.98575
0.025636
0.0222633
0.0246641
0.0215456
0.0218462
0.0219744
0.0220806
0.022292
9.75427
0.0222073
0.0630389
0.0298652
0.468595
0.0214652
0.0235321
7.3515
0.454516
5.18748
0.0726666
0.0217658
0.0232289
0.0219265
0.417527
0.0215525
10.6799
0.147144
0.0825369
8.59298
3.51722
0.0221375
0.021874
0.478726
0.389996
0.0218971
9.98356
0.0221313
0.0221773
7.07913
0.021615
0.10445
0.0215007
2.98741
0.0220921
0.0218046
1.43277
0.088135
0.04935
0.0247084
0.022074
0.0218051
3.19909
0.050428
0.0215076
0.0221963
0.0329756
0.0330963
0.0478537
11.9758
0.0221974
0.02193
0.379451
0.0220809
4.22644
0.628488
0.0220635
0.0220165
0.0219428
0.0221162
0.0216197
4.10975
0.0480201
7.06218
0.0278193
0.0224658
0.0432034
0.0240302
4.25745
0.0254563
0.0222677
0.0235592
0.457443
0.0218873
0.0218805
0.0219126
0.0215558
0.021984
0.0217352
0.0220437
0.022158
0.0226135
0.0237052
0.123733
0.0217446
1.50028
0.0249036
0.19513
7.18553
0.0215881
2.6763
0.0817196
0.021583
0.0215551
0.0218783
3.82346
0.0970998
0.0215513
0.0221202
0.022199
0.0622287
0.144496
10.5054
0.0219757
0.021899
0.0302619
12.0188
4.36116
0.0232708
0.0225736
5.06156
7.41672
0.232075
0.0220865
0.0217735
3.73399
0.0218934
0.126904
0.544818
0.0215003
0.220449
0.0263227
4.24123
0.0218083
4.17313
0.357628
0.0242639
3.11474
0.0218928
1.69192
0.0220936
0.0218716
0.0222234
0.0219338
9.51438
0.0218842
0.0215765
0.0225898
0.0215058
0.0217731
0.0454093
0.0225253
0.0329982
0.0220341
0.0220381
6.1319
0.0694085
0.0232273
5.59451
0.0233989
0.022088
0.0219781
0.0216171
9.78982
0.0215668
0.022069
16.1403
3.6728
0.0378076
0.0219187
0.022284
0.0218971
0.0222409
5.09698
0.0220798
3.81649
0.023141
1.8855
0.022262
33.3325
0.022012
0.210933
0.0219005
0.0994138
6.54862
0.0221024
3.2763
0.0218765
0.0222182
0.0215589
1.78123
3.79557
0.021884
0.0271456
0.0215551
4.50954
0.0216768
0.0441142
4.20079
0.0245336
0.0220261
0.0431502
0.022245
0.021921
0.0216549
0.114623
0.0219545
4.06708
0.0220517
0.0219979
0.0374898
0.0735301
0.393078
0.0217066
32.6113
0.0218683
0.18861
0.0218934
0.0218869
0.0218895
0.0220496
0.0222681
0.19817
0.0359645
4.2764
0.122169
0.0335642
0.0327608
5.55195
0.0231067
5.01432
14.8766
0.24138
12.0895
0.481704
0.16745
0.0219187
3.31421
0.0367126
0.0218388
0.324467
0.0222509
0.385492
0.034574
0.249994
0.0266693
5.51087
14.7321
0.0349324
0.220457
0.0222171
0.57669
0.022566
0.0219042
0.02198
0.0224782
0.0461535
3.8837
0.250128
12.2363
0.0228784
0.0230518
4.32003
0.305606
0.0224269
0.0654752
0.0222224
5.14037
1.32255
0.022058
0.0601595
0.248089
15.4678
0.0219571
0.0250562
7.22564
0.0273772
1.64468
0.104674
0.457368
0.024955
0.0232205
0.0217867
0.0218994
0.269117
0.0222842
0.286814
0.151941
0.0799239
0.0222595
0.0222239
0.0225979
0.0217193
0.0218271
0.0218733
0.110213
2.64297
6.3548
0.0222796
0.315342
0.0219456
13.2722
0.0475447
0.0445804
0.0325076
0.337126
0.0217385
0.0220602
0.0410146
0.0218921
0.0218639
0.063296
5.1333
0.0215467
0.24732
4.44323
0.0236982
3.40458
4.4901
0.0217409
0.0556152
0.0251064
0.0218521
0.0215607
0.0947017
4.53947
12.5518
0.0218958
0.0220146
0.0216155
0.0231603
0.0225464
0.0233346
0.529717
0.0472773
0.0221517
4.10853
0.0283297
0.0320143
0.021832
29.2519
0.0228757
0.021916
0.0820152
2.11533
0.0215066
0.0220491
0.0219345
0.023871
0.0217339
0.036105
0.536346
0.0220526
0.114848
0.0223053
0.0217989
0.405082
9.84152
0.272091
0.0220741
0.0215092
0.494851
0.0251411
0.378901
0.0214891
0.0218747
12.8526
3.77025
0.0292459
0.112612
0.0587094
0.0218684
0.0222717
0.0218372
15.2621
0.0220569
0.0222928
4.6819
0.0265025
0.340178
0.0312971
0.0219304
7.34166
0.0222679
0.0218909
0.0218346
0.029428
5.29998
0.022163
0.0219661
0.0218894
0.0218782
0.0219366
0.0218
13.4064
0.0303438
0.0225596
0.0221096
0.0303932
0.0632749
0.0244614
0.0274089
0.0222839
0.0216106
0.0228794
3.89384
3.81327
0.0223555
12.5727
0.0222163
0.0245955
0.902439
2.13557
0.0216939
0.0221817
0.323025
0.0530807
0.0219047
0.0222484
4.34051
0.0222681
0.0706769
0.0220108
0.485045
0.0222474
0.0220218
0.0221265
0.0300274
0.0216896
0.0239387
0.025277
0.155137
0.0218568
0.0219962
0.0222497
0.0218657
0.0218879
0.0216951
0.030219
0.0221106
0.0532332
5.32735
0.0424688
0.066087
0.0222033
0.0216498
11.8861
0.742668
0.0215537
3.02117
15.0129
0.0215142
0.0219617
0.021867
0.0979563
0.0562964
2.32479
0.0218505
0.0244797
0.0218541
0.0221496
0.0220577
0.0835979
0.0218616
0.282671
0.0220921
0.0551586
0.0218888
0.0228043
0.021887
0.0335625
0.0561471
14.2991
3.30104
2.93391
0.0487903
0.0218702
2.94468
3.54131
0.0665627
0.0218126
0.0220842
2.0612
0.0218584
5.16546
0.0214947
0.0275244
0.0219026
0.0222697
0.0217005
1.81694
14.7461
5.07154
0.067247
10.0925
0.0219395
5.58562
11.3178
0.0222705
0.0219896
0.021716
0.38492
0.0215009
12.5855
0.0309655
0.169
0.0220705
0.808706
12.4351
1.7355
0.0284675
0.0314381
0.0220404
19.8839
0.0214732
0.582038
0.280816
0.0640244
9.40424
11.0793
0.0231801
0.0229541
0.0219474
0.11129
12.0226
8.57827
0.0217315
3.91246
0.0241203
0.13565
0.115066
5.18509
5.47901
0.0215026
0.0252361
0.0291407
0.0231161
0.0227469
3.79668
0.0221985
11.5475
0.0216462
0.0214909
0.0790673
0.124085
0.380396
0.022235
20.4725
14.1483
0.659234
0.0259452
0.022233
0.0222412
0.0222269
0.02188
0.721327
0.377383
0.0219604
0.0218909
0.0302457
1.69765
0.0252158
0.0219066
0.389634
0.0219254
0.0222748
0.0214784
0.0634667
0.022029
0.023703
7.15259
0.0631446
0.0221684
4.36506
0.118175
0.02192
0.0222478
0.0333312
0.0222624
0.0219616
0.0216957
12.5762
0.411165
0.0220681
0.0349751
0.034385
0.576217
0.0218946
6.46082
0.0218553
0.0217399
0.594551
0.291255
0.070138
0.0219557
0.0218847
11.4674
3.99529
0.275798
2.8938
0.0221016
0.022602
0.0220151
14.849
0.023708
0.348169
0.0224673
0.0218053
0.0225972
0.0216133
0.0218709
0.0609921
0.0217615
5.41307
0.0217027
0.0220709
0.0214929
0.0236375
5.3332
5.14389
0.0534161
11.4517
0.0219786
0.034652
0.0225672
1.00789
0.0215899
0.0215063
3.88679
0.0330875
0.0313772
0.022111
0.224733
2.33534
7.80144
0.0220332
0.0327867
0.888295
0.0293557
0.896723
0.143078
0.0818587
0.0216804
0.0223601
0.0661468
0.0733777
0.0219865
0.115557
0.0217244
0.0221847
0.0221314
0.0217195
0.0218788
0.021986
0.700582
0.025064
0.0225135
0.0452991
0.021729
0.0219112
0.0370978
9.33653
0.0788592
0.0625076
5.28351
0.0222339
9.87198
0.0282847
8.00702
0.058938
0.0222032
0.0218345
0.0228374
9.33359
1.75283
0.0496201
0.147169
0.0216104
0.0218476
0.0222479
0.0222025
15.5873
0.0248722
0.021776
0.185424
0.271981
0.962324
0.0223572
3.8591
0.0522564
0.0404033
0.0301681
0.399252
0.234785
0.0220678
5.4013
0.281848
0.0366616
6.83432
0.0461241
0.0219147
0.0222638
0.0218897
0.0228159
0.0262509
25.8859
0.0512638
0.0218665
0.383639
0.0220038
7.18261
3.53065
0.0219523
29.3923
0.0217099
0.021674
0.0217228
5.87723
14.5916
0.0501832
0.0299286
0.0215561
0.515422
0.0222313
0.0300306
0.0220896
0.0220251
0.0217511
0.681799
0.0225485
0.0395578
0.0279464
0.0222117
0.338427
0.140097
0.0320934
0.0246411
0.023054
4.07034
2.12984
0.0216268
0.0217117
0.0216233
0.0223506
13.2316
12.6653
0.236745
0.0249068
0.0217634
10.015
0.486416
0.0220566
24.1375
0.0216878
0.0900308
17.4101
0.0217224
11.9303
9.55227
0.133928
13.1789
0.731761
0.0218076
0.0224471
2.50249
3.88255
0.0223612
10.0141
0.0243295
0.0218798
0.0222738
0.0225146
0.0401917
0.0245437
0.285775
13.5874
0.227924
0.0325931
0.0220788
0.0589512
2.22976
0.0217188
3.69688
0.0472572
0.0222199
0.0240004
0.0222415
0.0220835
0.0301521
2.32949
0.0220164
0.0217765
8.53976
4.39948
0.0781374
0.0222612
0.0570164
0.0219115
0.0219298
0.93787
7.83563
0.0219187
0.0214663
5.84152
7.09724
0.0481729
0.0221285
10.618
0.0222045
0.0219234
0.0226157
0.0219299
0.0216059
0.0216013
9.30323
0.259084
0.0251488
1.62035
0.0463655
3.9489
5.92595
4.63027
0.179276
0.021887
0.0222385
0.0219664
0.021992
0.0710068
0.021876
0.101257
0.0285997
0.394092
0.0220468
4.7497
0.0343569
9.74575
0.021923
1.75417
0.0282198
0.199485
0.325931
0.0301706
0.0215981
9.64112
0.0580942
1.29018
0.0215549
0.648936
0.0220272
11.6462
0.449743
0.0407182
0.0219045
0.0220876
5.43993
11.8496
0.0304447
0.0214508
0.321405
0.0834018
0.0455746
3.33275
0.0743688
0.0218622
1.16313
0.0218943
0.0317446
0.0215169
9.09618
0.0215239
0.0224658
0.38918
3.42608
0.0222223
0.0700304
0.0232713
0.0735337
0.0218739
0.309634
0.0230115
0.0608897
0.0218725
0.0219847
3.84467
0.0273045
12.1334
0.716361
8.06929
0.0224835
0.0215468
0.0216979
0.0249042
0.0368208
0.0307802
7.81369
0.0229688
0.32406
0.0400195
0.022281
0.0218476
0.0768406
0.425163
16.4969
0.0218831
4.16077
0.021857
1.81182
1.46885
0.0481147
0.0219919
0.0216634
0.0423793
1.77526
0.0237589
0.0222686
0.0226146
0.0455025
0.0221624
1.32072
4.48517
4.06076
0.0221567
0.0255133
11.516
0.0221883
0.058126
0.0217262
0.717617
0.0350571
0.0219395
0.041451
0.168947
0.0216589
3.70491
0.0218957
0.164506
0.227493
0.441775
0.32067
0.0221677
0.0220762
17.2914
0.022054
0.0379734
0.0931303
0.0229842
0.0214628
10.9994
0.024188
0.375975
0.0223496
0.0622292
0.0223285
0.3721
0.0245497
0.0240279
3.65369
1.03317
0.0220876
0.0222731
0.153132
5.27087
1.92471
0.681225
0.0274288
0.0219034
0.0217773
4.7114
0.0221381
0.805525
0.0995673
3.48413
0.022107
0.021695
0.0217794
0.0425726
0.0400193
3.7567
4.33896
0.83898
0.258314
0.0215875
2.46974
0.0226489
0.0671834
0.0223103
0.0397487
0.0564479
0.021908
0.0215456
0.0702533
0.0216016
0.0383844
0.0647312
6.50344
3.71809
0.0340687
4.37894
0.0216668
0.0215422
0.0220738
0.180732
0.0579593
0.046176
0.117035
3.98239
0.0375855
0.141705
0.0217261
0.0218327
19.224
0.0217527
0.273089
0.0214373
0.0218236
5.64552
0.301275
0.0218157
0.0836265
0.490394
10.3278
2.81497
0.0244552
0.0726113
0.0504137
4.10162
0.0219454
1.54572
8.6266
0.0232436
0.0240574
0.0215663
0.428818
0.0215565
0.0219784
5.84892
0.0220737
0.0215119
0.220302
0.0613566
4.09572
4.2171
3.53555
5.32334
0.0214841
0.0218814
0.0218193
0.0222064
1.51659
0.0219404
4.3554
0.0226394
12.0697
0.0238792
0.0220148
0.0216661
0.0221039
0.0292083
0.0218111
0.0214574
0.365236
0.0217952
0.0521207
0.0222976
14.159
0.0238916
0.0220771
0.0216528
0.0545557
0.0219021
0.0217506
0.0220874
0.0222155
0.0229787
0.0218105
0.0229477
0.0303111
0.858728
9.69679
11.6543
4.3295
0.0217492
0.0220045
0.0219021
0.0214052
0.0219161
0.0217134
0.232885
0.0218252
0.0222516
0.0220684
0.022043
0.0218116
9.62052
0.0227991
0.0219684
22.5077
0.044124
0.0216985
9.15192
14.2521
0.0220201
0.409673
0.620324
0.0219499
0.0434234
0.0234613
0.0215354
0.0265694
0.0218053
0.0362886
0.0220121
0.0222472
0.0217242
42.2338
0.0259628
0.0434096
0.022032
0.022265
13.0951
0.0249923
0.0220363
0.0233502
0.02367
0.0222518
0.202771
19.06
1.05806
5.92046
0.211444
0.0358002
0.0222597
12.5029
0.171552
0.0224486
0.0630028
0.0222931
0.0218722
0.0222463
3.40464
0.0441455
0.021998
0.0220422
0.224906
0.0217086
0.373236
0.0218844
1.86846
0.293087
0.382921
0.0220779
0.02287
0.0304583
0.0340972
0.0220781
0.0372403
0.0809279
0.463517
0.0218045
0.46631
10.7444
0.021511
4.43312
0.0414236
0.311308
0.111561
0.0218999
0.0269564
0.0411657
0.0216703
0.0243661
0.0215194
0.453431
1.67866
0.0313929
0.02182
0.164036
0.0694939
2.9182
0.277336
0.0229155
0.0267275
0.021937
0.0218623
0.0411951
0.0488425
23.3445
0.0217917
0.414408
0.0221739
7.43605
0.199111
4.39927
0.0215832
0.022665
1.96993
1.75655
0.0410157
5.44697
0.0221508
0.208829
0.0219091
0.0218149
4.53349
0.278628
0.0232021
0.0220925
0.0706779
2.18994
0.174787
0.062394
0.0217536
0.0220146
0.0217039
2.40326
13.028
0.0217036
0.0463957
4.66647
0.0786419
0.260102
4.34835
8.21954
3.43119
0.0217135
0.0220781
3.75736
0.0218804
0.0470693
1.55013
9.82923
0.023001
0.0290797
7.22258
0.602876
2.03544
13.0633
4.22948
4.27788
0.0221102
0.0215804
0.0219862
0.022065
19.7671
0.0511908
0.346112
0.39214
0.0535266
0.0217883
0.304916
0.0216143
0.0293083
0.0219167
0.0388916
13.6468
2.4853
0.0220707
0.0215617
0.0340898
0.553183
0.19481
8.99229
0.0422976
0.0219536
0.0756117
0.0214306
0.0879293
0.0306127
0.0218833
0.550004
0.152851
0.480776
0.0567655
0.0220744
0.0215038
6.14961
0.0245237
0.0215873
0.0221452
0.0222559
0.0216705
7.74339
6.80108
3.7998
1.3704
8.72284
0.0227448
0.0219343
3.27106
0.0234131
0.0951707
0.581153
0.0218615
12.6504
5.0813
0.0614111
0.0322238
0.749447
0.0227606
1.78785
0.0365815
5.37015
0.0217949
0.0225658
0.0390574
3.32581
0.129955
0.0635977
9.52753
3.58524
0.0666747
0.193318
3.34813
0.0236452
0.329282
30.3488
0.0347206
0.0594456
4.09294
0.0303078
0.0352578
0.0221027
0.0369749
0.0392675
0.056057
0.0220873
2.59409
0.146717
5.31629
10.4726
4.03214
0.0378552
1.56311
3.2396
0.02184
0.391256
3.70554
1.90196
0.0270178
0.0236384
6.13517
8.111
0.0215652
0.215455
0.0217411
0.0219024
4.39397
0.0246569
4.32873
5.04201
4.63341
1.46253
0.0216018
0.0349437
0.0219296
0.0218371
0.103313
0.0596999
0.0255868
2.70403
4.17358
0.022273
0.0251251
1.33354
0.0226861
0.34787
0.0448114
3.78348
3.74793
0.461558
7.35444
14.0056
4.62214
3.87066
3.73593
0.0271289
0.0245199
0.111208
0.111548
4.85715
1.24162
0.0221319
0.0222021
9.0064
4.88382
0.0235124
9.59415
0.0218845
0.7915
1.36148
0.642911
0.0219186
5.16195
1.53851
0.026039
0.033337
12.4319
12.9723
11.6292
14.783
0.0219108
6.99636
4.09575
0.0385167
0.21072
0.10016
0.0217228
0.0258529
5.27479
6.59254
0.023916
0.0221716
5.90327
0.0792023
3.76818
0.0753177
2.02493
4.0751
0.0219867
10.9482
0.0222852
0.0281169
0.0219685
0.0216862
0.0216931
0.0361693
0.252739
0.02147
10.6985
0.0781055
3.1273
9.13422
4.66008
0.0219049
1.58412
1.53661
4.18415
0.033262
0.0219082
3.61121
0.399685
5.10527
0.0514909
0.0230324
0.0216754
5.59229
8.08732
0.0322354
10.8097
0.0296723
0.0220706
4.60636
0.0505908
18.1844
0.0217639
0.0261912
4.47533
11.178
3.80051
0.226222
3.73092
4.09586
3.5255
0.0220475
11.1604
0.0456208
0.0218018
0.021507
0.0218652
8.82188
0.046318
3.80343
3.81236
0.0325747
0.147731
0.085036
4.47789
0.245717
12.0398
9.35668
1.27885
0.0809499
0.0215912
0.286999
0.0538641
0.12784
4.42472
8.82572
1.6697
0.0220935
0.0235157
0.0456967
0.0220589
0.0218019
0.0271301
3.97505
0.0256699
0.0234109
4.69213
0.0799597
0.350241
3.17197
4.28433
0.417426
4.81739
10.1037
3.93548
0.0583413
0.030696
0.0220001
1.26034
0.111981
0.29156
0.0586019
0.0564353
0.0214372
0.217218
0.541478
0.0243513
0.0215652
0.0224205
3.37022
0.0218671
0.0220258
0.0632371
4.05392
0.0259371
0.0519528
0.16189
0.0292063
0.0633173
0.0218201
0.0219773
0.040335
0.268265
0.0221196
0.0303192
0.247376
0.597255
0.0220131
11.6885
0.0217996
4.23488
0.0228676
0.0230276
0.021528
0.200127
0.031415
8.22719
11.8203
0.0629103
0.0221629
0.0217024
3.26176
3.1635
0.0216064
0.232735
3.79717
0.0529275
0.0716838
0.0214003
0.0223999
0.0219064
4.60522
0.0417025
0.0220506
10.7547
0.0221995
0.0533337
0.318123
0.0217243
0.0901074
0.0615528
19.2807
0.0222374
0.0253982
0.0229915
0.0547862
0.0213826
0.0218917
0.533189
0.322463
0.0790054
0.0217014
4.3831
0.0222232
0.0222027
0.0219564
0.475572
11.2726
0.0232224
11.0295
1.76712
0.0644534
4.8995
3.61746
9.17926
3.81709
0.0540426
0.0675999
0.254262
0.0479001
0.0219492
0.0288803
0.0281594
10.0983
0.0220775
9.44188
0.0219731
0.380585
0.0935869
0.0224544
0.022395
9.86192
19.959
7.91978
4.50452
0.0218004
0.0713424
10.7642
0.0248344
8.45146
0.0386494
0.0985818
4.27623
0.0289225
0.0219927
0.133189
0.162124
0.0218872
4.05992
0.774841
0.0216935
0.0222394
0.0221212
0.0220096
9.0236
0.0216903
0.0474348
0.0220254
0.0219094
0.0308574
0.0219309
4.83208
0.0895225
0.0220092
0.0215908
0.124946
0.0227555
0.0520624
11.153
9.74385
0.0517336
0.232404
0.0384962
0.0215659
0.161313
10.2802
0.0367507
3.94509
0.445273
0.0701806
0.0376439
0.025173
0.0697285
0.0361512
12.2678
0.0221125
0.021988
0.0215968
7.09874
9.22355
0.0342643
0.112102
0.0217323
0.024425
0.1228
0.333161
0.0218552
0.058817
4.11864
0.0810249
0.0219862
0.0218741
20.5556
11.6211
0.0219192
0.541988
0.0283012
0.24915
0.24787
0.0218494
6.15783
0.0274528
0.0220246
3.53072
0.255812
0.0219043
0.0221633
0.332845
0.0217411
0.0220418
0.175201
0.0396072
0.0430798
12.6627
0.0245276
0.0384348
4.07918
0.021781
4.33756
11.2588
0.0243846
0.0599924
0.207875
0.0219175
0.19059
0.0214474
3.55427
1.48173
0.0220035
0.785315
4.00368
0.0218815
0.0218993
0.523151
0.0344649
5.20595
4.93364
0.0220941
0.0424021
10.7311
0.0220872
0.0495479
0.0759925
0.0323602
3.5424
0.218149
0.0223528
0.284819
4.16894
0.0428013
3.41128
0.0219072
0.0215286
0.0222674
0.0399175
0.615755
0.0220654
0.0301957
11.8853
5.68911
0.0222186
0.0288454
1.9946
4.27167
0.0222252
5.73191
0.0329931
0.0893054
0.03422
0.0226917
0.0251483
0.0218951
0.0219532
0.516554
0.0219318
0.0485513
0.0219763
11.8474
0.0223407
0.0226305
0.0215612
0.0231058
0.0219794
0.0404715
8.44717
0.310191
0.0368172
0.0399169
0.0219663
0.0301618
0.0519775
3.73912
8.98593
0.0218236
0.870936
0.0220224
2.23827
4.65695
8.962
0.0218186
0.100724
0.0781473
10.8335
0.211273
0.0218088
3.65089
0.293593
0.0355911
0.423566
0.021871
0.0219323
0.0375058
2.52469
0.0218918
0.508408
0.032343
2.04206
0.0834031
0.0221146
3.64688
0.0271579
0.022011
0.304586
0.021814
2.8275
9.79541
0.17525
0.0265522
0.145773
0.0218929
0.106643
0.0433891
6.36533
0.0219371
0.0215365
0.0260223
0.0285998
0.0435786
4.62739
3.19686
0.033946
0.206032
0.0217802
3.31196
0.877226
0.17373
0.0218934
0.0222601
0.022227
3.24749
0.0219652
0.0251897
3.40009
0.0925073
0.0219164
0.246486
0.0862639
0.0219832
0.024426
0.127384
1.37864
0.0681558
0.0421976
4.76599
4.76522
0.29058
0.0258024
0.0220025
0.0237748
0.0239646
0.152811
0.057986
0.0260387
0.0847286
12.1529
0.0234951
0.0219917
9.74531
0.278508
5.30939
0.196338
0.024968
0.0232127
0.0231315
0.0217264
0.0218363
0.0436484
0.0214954
0.0226019
0.0219868
0.0225729
0.0230679
0.0219365
0.0364538
0.0326639
0.0218462
0.0219206
0.0221189
0.022451
0.0221581
0.23707
0.0220562
0.0229783
1.41447
0.0216056
0.0227971
0.0220955
0.0259609
10.1944
10.117
4.3745
4.15887
3.26588
0.23588
0.0218574
0.0590268
0.0219005
0.536967
0.02224
0.0282803
0.0220433
0.0543113
0.0219504
0.0299421
0.0217662
3.48047
0.184565
0.0220779
11.7616
3.34782
0.0218392
0.0985715
0.0219387
0.0215506
11.279
0.021864
0.0663856
0.221628
0.0221044
0.0215083
0.0751315
3.72742
0.0242654
0.0227298
5.03149
0.021931
9.13482
0.0494365
10.1493
0.0216438
4.16759
0.0218647
0.022049
0.280102
0.0597972
6.89314
3.8123
13.0283
3.51457
0.195107
0.141451
0.022046
0.15407
0.0217319
0.0218106
0.0861133
0.0218955
0.0219783
0.0215635
0.0215942
0.0555525
0.678166
4.2864
0.35607
9.41373
0.0228459
0.0289916
0.02223
0.0224636
0.0807203
0.0219465
0.0215456
0.0217925
0.022967
0.0227745
0.1755
0.0881989
0.0452705
0.0221081
0.0505155
0.0518925
5.05318
11.5257
0.0240415
0.0389193
0.0220874
11.8476
6.17434
0.0219024
0.0219307
0.0238046
0.022214
0.31785
0.332874
10.4866
0.0220046
3.40521
0.0219939
4.46207
0.0498531
0.0218027
0.0272294
0.388873
0.025972
0.0270742
0.0282386
0.0856681
1.06441
0.021558
0.0219116
0.0269112
0.206984
0.0218188
3.79673
3.23551
0.0219015
0.0213989
10.1634
0.06616
0.0218923
3.61043
12.5602
3.57612
3.05914
0.0265156
1.9033
0.0220708
10.6733
3.46998
0.70072
0.0647512
0.0233157
8.66792
0.0242829
0.0218584
0.0214343
0.306459
0.0216058
0.998833
0.0220026
0.022049
0.0243206
3.95781
0.0232719
0.0224283
0.0220733
7.57419
6.15657
11.1104
4.45326
0.0389195
0.0218922
0.0235323
0.257391
0.102876
0.0219825
0.0492804
0.250858
0.513115
0.021771
7.40246
10.6724
0.0345509
0.0220628
0.0232182
0.0219412
0.0216455
0.021926
0.0220323
0.0217212
0.08932
0.0220944
0.136536
0.0223373
0.0223918
9.66777
0.0693652
0.022331
0.0224373
4.12902
0.021491
0.0222742
0.0252576
0.0218073
0.335813
0.0291212
0.0224219
0.0414569
0.0218482
0.0261722
0.0215561
0.158821
0.0218053
0.0218532
0.544902
0.0224661
0.195019
0.0323001
0.0232488
0.090498
0.0213881
0.0220869
0.0223709
12.2884
0.0228775
0.021895
1.95999
0.0219078
0.0215908
0.0218801
0.676663
0.0306171
0.15047
0.0318523
0.0293207
0.0464882
0.0232949
0.0261996
0.0442879
3.99827
0.0221225
0.0274304
0.0217409
0.22503
0.243684
0.0219023
0.0257289
3.65523
0.0285351
0.0214962
10.2628
0.0250761
0.0764574
5.10906
0.0266902
0.021842
0.0283943
0.0218972
0.0227898
0.0219001
0.0228737
0.0251237
0.0219694
0.0220679
0.0302997
0.022033
0.0978507
0.0217645
0.0232139
0.0218729
0.0262556
4.25812
0.0219462
0.0217988
0.0904786
0.0222523
0.0218604
0.250665
12.1315
5.4982
0.0219618
0.0238127
0.0316692
0.0222446
0.0221249
0.0326736
0.163104
0.0215135
0.0494451
0.0219173
0.02188
0.021654
0.0214979
0.0222289
0.0416502
0.0328803
0.0254318
3.74495
0.0235255
0.0269606
0.0216565
4.96382
0.960683
3.34912
0.0219445
0.0456697
0.0272899
0.0219232
0.0221194
0.0392504
3.73865
4.48124
0.0216707
0.0260621
9.64636
0.0224707
0.217727
5.7135
3.71023
0.0274047
0.0219205
0.0373815
0.0437128
0.210115
10.9159
1.03464
3.70304
0.0223083
0.0221741
0.0218789
0.114162
0.0217769
0.021659
0.0370229
0.0218574
0.0217334
0.0218731
0.0483176
0.0217877
0.021765
0.0219654
4.17797
0.0214842
0.0219429
0.0221057
0.0220131
0.0219373
0.0666087
0.0717725
0.709841
0.021481
0.027288
0.123865
8.31828
4.60768
0.0220953
0.0222751
0.0491771
0.0883819
0.0250229
0.334638
0.0219163
2.37594
0.0222781
3.869
0.0224515
0.0218729
0.0412233
0.0218971
0.0216832
0.0224235
0.60325
0.0237977
0.0222426
0.0221786
0.0219048
0.0392446
0.0216305
0.0219085
0.0251087
0.0967493
0.0236489
0.021585
3.86212
0.999832
0.0219137
0.325947
0.0221435
0.0262424
0.0750885
0.254333
0.0229475
0.022605
0.0219708
0.23973
0.027484
0.021868
0.0218817
0.0228124
0.243543
0.0216856
0.0320029
0.0233207
0.033081
0.0468435
0.037058
0.0834608
3.87869
0.0242644
0.0220394
7.95558
0.383328
0.0219289
0.0214685
0.0220619
0.0219158
0.021868
0.0233506
0.0216492
0.0220773
5.84058
4.17334
0.0289707
0.0218944
6.50903
0.0232895
0.0216886
8.36263
0.0227368
0.0215934
0.0220934
0.022037
0.0329842
0.0219572
0.0518633
0.0219043
0.021768
0.0219072
0.0312769
0.0348677
0.0218844
0.0571563
4.12037
0.0227819
0.021878
0.0561806
0.0216549
0.0219069
0.0218443
0.0282685
0.0220524
10.5899
0.0221816
0.220218
3.24932
0.0555537
0.0224732
0.0219587
0.0219519
0.0219249
0.0285017
0.187395
0.130524
0.021791
0.0232839
9.34115
0.0215023
0.155946
0.0219605
0.0222414
0.0299188
0.0582379
0.0219526
0.0299425
0.0270724
0.0547567
4.85611
8.63024
0.0216471
0.0219237
0.0309891
0.0220656
0.0223883
0.0491636
0.022156
0.111398
0.0217706
0.0640714
0.022106
0.0742611
0.0562157
4.02598
8.64778
0.0219128
0.038121
0.744246
0.254947
0.0215494
0.0215506
0.148041
0.0219307
0.0217721
0.0217256
0.021477
0.0661838
0.0743067
20.5458
0.0220204
0.0415748
0.0222549
0.0215465
0.0226454
5.00144
0.188036
0.0218689
0.0220054
0.0218168
8.51195
0.0219934
0.0219015
0.0222479
0.0219081
0.0405288
0.0218276
3.73337
0.0219818
0.0220207
0.0220229
0.0218477
0.0216881
0.0220074
9.12185
0.0217697
0.0218994
0.289585
0.02175
0.0220419
0.022111
0.0221564
0.0538608
0.0218601
0.0219675
2.46865
0.022605
0.0220381
0.0221
0.0214355
3.8112
0.0226336
0.0220761
0.0218568
0.0247719
0.0219609
1.14043
0.0217858
0.0220105
12.1107
0.0219764
0.0622169
0.0220478
0.0213891
0.0214469
0.0292039
0.0360111
0.0218102
0.022286
0.0229158
0.021884
0.0221101
0.021984
0.0216559
0.0215478
0.021567
0.435882
0.021949
0.0218127
4.75965
0.0218976
0.0258468
0.141348
4.38572
0.0217923
0.0219646
0.0219484
0.0216044
0.0226093
0.0377541
0.0234022
0.0321413
0.021734
0.0237901
0.0219054
0.0214506
0.025082
0.0569295
0.0231084
0.0256142
0.0220265
0.0219478
0.0221201
5.79472
0.0224747
0.0220122
15.6728
0.0221398
2.42442
0.022062
0.0219197
0.021688
4.9039
0.0218695
0.0243277
0.0222512
0.0220711
0.0219591
0.0220873
0.0218211
0.0232433
0.021861
0.0366194
0.0222478
0.0389504
0.0214274
0.0216011
0.0229068
2.53301
0.0221491
0.0220475
0.0223435
0.021895
0.0230838
6.04459
0.0224623
0.0261442
5.23292
0.297178
0.0224527
0.022077
0.17571
0.101861
0.0223622
0.0221142
0.0216417
2.73709
0.0220122
11.8198
0.0215938
0.0215183
0.022104
0.0216073
0.0228014
0.0215601
0.0219873
0.022265
0.0591638
0.023233
0.0220628
0.0215807
0.326845
0.0632554
0.021474
0.0221038
0.0229857
0.0222391
0.0220584
0.0215378
5.38484
0.0215423
0.0218784
0.0626398
0.021534
6.35999
0.0218132
0.0361578
0.0246891
0.0219611
0.0214848
0.0219028
0.0217172
0.022042
0.0215391
0.0215771
0.384184
5.02366
3.75319
0.0215744
1.3921
0.0219094
0.055187
0.0219005
0.0219071
0.0221082
0.504291
0.0219361
0.0218859
0.0221259
0.0219064
0.384286
0.0218948
3.85616
0.0214235
0.0219456
7.09961
9.55121
0.0219824
0.0219477
0.0258833
0.0220167
0.143284
0.0217395
0.556878
0.0217409
0.0344054
0.0221393
0.0218012
0.0219301
0.0219018
0.0227813
0.0218315
0.0291962
0.0313024
0.112359
0.0215244
5.22548
0.0218807
12.4157
0.0218882
8.57811
1.30502
0.0217366
0.0218907
0.0215437
0.021823
0.0220435
0.0216593
0.0215387
0.0219553
0.0214177
0.0890439
0.0221101
4.42445
0.021536
0.0214738
0.0219094
0.0219022
0.022083
1.49449
0.022255
3.61616
0.0214532
0.0221185
0.0309933
0.0215611
0.167176
0.0226457
0.0219144
0.0385855
0.0214851
0.0219712
0.0221497
0.0215451
0.0277114
0.039119
0.0215867
0.0221124
0.0220456
12.085
0.0230061
0.0214744
10.9591
0.051767
0.021582
0.0219036
0.180205
0.0221593
0.0214151
2.73075
0.193167
0.0221671
0.0214172
0.0222398
0.0343081
0.0215434
0.164421
0.0215782
0.0215836
0.041359
0.0529196
0.0215769
0.0215404
0.0214275
0.0216695
0.0216829
0.0387675
0.0219618
0.0216802
0.0221105
0.0218351
8.68605
0.0222722
1.5475
0.0250007
0.0265885
0.0221421
4.74826
0.0217762
4.72316
0.0214376
0.0219484
0.426816
0.0219657
0.022445
0.02163
0.0241398
0.0216222
0.0255389
0.0214721
3.58076
0.0220485
0.0214879
0.0214917
0.0215495
0.106118
0.0217544
3.43382
0.021902
0.0242036
0.0214799
0.0220169
0.220361
0.0219964
0.101767
0.0217994
0.0226757
0.0220334
0.022133
0.0221622
0.0218769
0.0219769
0.224091
0.0215498
0.0219337
0.0223388
0.022057
0.0220543
0.0323591
0.0215958
0.0219016
0.021819
0.0215699
0.0217507
0.0219936
11.2234
0.180285
0.376816
0.021415
0.0227493
0.0221256
0.0254873
0.126351
0.211029
0.0313387
0.0215313
0.0219723
0.0216378
0.0221443
0.0221142
0.021897
1.54923
0.0503687
0.0219255
0.26909
0.022137
7.36806
0.0219524
0.0218786
0.0217912
0.0214792
0.0214641
0.0216306
0.021633
0.0217576
0.0395956
0.0223543
0.0218901
4.19065
0.0215445
0.0220854
0.0219826
0.021486
0.0218988
0.28065
0.0217613
12.0245
0.0218712
0.0215326
0.0342355
0.0218358
0.0247699
0.0856018
0.0215887
5.18925
0.0790096
0.0215728
0.0221346
0.02148
0.212263
0.0215958
0.0261282
0.022153
0.0217655
0.0216744
0.0218024
0.0219071
0.0219578
0.0217259
0.0218977
4.14432
5.61631
0.0225132
0.0219538
0.219169
0.0291904
1.47931
0.0217944
0.0218703
0.021954
0.0221689
0.0219295
0.0216075
0.0215237
0.0219673
0.0396368
0.0216352
0.0220086
0.0251473
0.0219835
0.0284725
0.0220426
3.06344
0.0218529
0.021921
0.0227872
0.0397994
8.90567
0.0218668
0.0221562
0.0218748
0.0220026
7.94586
0.0221605
0.0219015
3.93902
0.0217164
0.0219939
0.613059
0.0217994
0.0218394
0.0214522
0.0219044
0.0217264
0.0219998
0.0341431
0.0217743
1.41935
0.0220983
0.023262
10.5192
0.0219016
0.0216155
0.0220619
0.0214221
0.0215863
4.51709
0.021963
0.0220105
0.0221643
0.0218332
11.8317
0.0217918
0.148854
0.0216613
0.0677238
0.19803
0.0773328
3.24305
0.0254426
0.0338046
0.026773
0.0218661
0.0219894
0.0227393
0.162827
0.0588319
0.0214686
0.0220079
0.0219629
0.0217111
0.0215789
0.150942
3.76259
0.185077
0.0222781
0.0221634
0.0294271
0.02199
0.021966
0.0216815
0.021954
0.0219388
1.33104
0.02258
0.0219031
0.0214856
0.0659504
0.0216226
0.0220716
0.0217059
0.0215288
0.0218942
0.0220478
0.0488477
0.0217602
0.0248073
0.802715
0.021645
0.0221041
0.0216575
3.97411
0.0215027
0.0217484
0.0452582
0.0219772
0.0749003
0.0217619
0.0214447
0.0223456
3.19953
0.0222525
0.0220936
0.0216593
0.0217667
0.825136
0.0225577
0.0216958
0.186677
0.0218927
0.0217484
5.24999
0.0222936
0.0222941
0.022293
0.0222925
0.0222919
0.0216812
0.0230819
0.0224953
0.0726857
0.0215444
4.41453
9.22827
0.0300834
0.0215995
0.021788
0.0218839
0.0219901
0.0217679
0.022134
0.0216769
0.151646
0.0218916
0.0217783
0.0216911
0.722226
0.0216181
0.0221348
0.0217665
0.0219486
0.0218834
0.0217204
0.0222579
0.0226441
0.0221102
0.0223231
0.0224849
0.0221896
0.0222049
0.0222387
0.0219728
0.0222858
0.0215038
0.0217512
0.0216918
0.022248
0.0217745
11.7026
0.0218632
0.0218151
0.0218761
0.0214044
0.02214
0.0219743
0.021936
0.0219083
9.25593
2.98069
0.0214862
0.021755
0.157759
0.0335284
0.354245
0.0218265
0.023262
0.0339247
0.0215335
0.0220439
0.0219568
0.0221388
0.0219035
0.183278
0.0284391
0.032711
0.0219507
5.29378
0.0221242
0.0218299
3.9573
5.86235
0.0216376
0.021857
0.0222614
0.0225848
0.0219097
0.0219956
0.0218111
0.0227553
0.0215189
0.152466
0.0217602
3.48387
0.02178
0.0220138
1.02243
0.0220638
0.0218086
0.0222346
0.0218827
0.0220258
0.0253053
0.022169
0.323549
1.67041
11.3724
0.0217545
0.133424
0.0218677
0.0220056
0.0219771
0.0218389
0.0215977
0.0219931
4.0905
0.0217949
0.0219173
0.021574
0.0217313
0.0218854
0.0215521
0.0220648
0.0219776
0.0216679
0.0219282
0.0220285
8.66576
0.0219243
2.37191
0.0222944
0.0219178
0.0217541
10.686
3.99386
0.0215595
0.0216324
11.0075
0.0436283
0.0219278
0.022028
0.0291432
0.0217689
0.021909
0.0217747
3.80821
0.0220902
0.0220544
0.0222839
0.0218884
0.0218785
0.635633
0.0215349
0.0215983
0.0217973
0.0220774
0.0219068
0.0218893
0.0219443
0.0218989
18.0745
0.0221022
0.0220045
0.0216613
0.0297339
0.0217039
0.0312489
0.0220388
0.0216674
0.0219405
0.0217734
0.0217496
0.0217722
0.0221206
0.0216017
0.0217649
7.8504
0.0219647
0.0319535
0.0219652
0.0218917
0.0216157
0.0216813
0.0295718
0.0220199
0.0214441
0.0218751
0.0219095
0.0235894
0.556901
0.0217296
0.0214691
0.0220325
0.0220574
0.0219971
0.171795
0.0217751
0.0220049
0.0305298
0.0217421
0.0462722
0.0218288
4.15395
0.0219318
0.0217715
0.0219711
0.0215766
0.0219368
0.024518
0.0218452
0.0220248
0.021899
0.0219811
0.0221244
0.0217032
0.0218807
0.0216303
10.7942
0.0219696
0.0222321
0.0931983
0.0229186
0.021779
0.0214624
0.817852
0.0219993
9.09847
0.0217852
0.0844357
0.022284
0.0230596
0.0215178
0.0220306
0.0218967
0.021752
0.0219039
0.0219016
0.0219481
11.0062
0.0213992
0.0220404
10.1419
0.0221208
0.0215713
0.0218662
0.0219075
0.0298352
0.0216897
0.0293275
0.0218579
0.0221208
0.022125
0.0221282
0.0218293
0.0219528
0.023114
2.50528
0.0220135
0.0221302
0.0218409
0.0220062
0.0215483
10.9264
0.0222625
0.0219438
0.0218919
0.0215493
0.0216859
0.0259119
0.0217818
0.0214422
0.0220657
0.0219694
0.0214419
0.0219441
1.21947
0.0219949
0.0218048
0.0220966
0.022008
0.0220424
0.0214362
0.022072
0.0220266
0.0220732
0.022139
0.0214368
0.0219083
0.0220218
0.0219291
0.0221571
10.6233
10.4557
0.0220565
0.0229467
0.0218465
0.0248796
0.12303
0.0215329
0.0217879
0.0249248
0.0224881
0.0279034
0.0219335
0.0218839
0.0219366
0.0219859
0.0215837
0.0217441
3.01203
0.0318223
0.0215236
0.0237447
0.0218955
0.231085
0.0216511
0.0216148
0.0215016
0.0217258
0.0218982
0.0854106
0.0218344
0.0938457
0.0439189
0.0237818
0.021757
0.0220821
0.0218256
0.0218882
0.0219904
0.0218903
0.0217727
0.0287151
0.0220462
0.0218147
0.0221607
0.0220339
0.0219684
0.0220095
0.0219843
0.0217215
0.0220104
0.0218923
0.0220286
0.0220159
0.0339919
8.6627
0.0305187
0.0217113
3.08751
0.0220432
0.0216675
0.0625015
0.0220568
0.0218706
0.0217848
0.0218947
0.0219386
0.0215814
0.0220321
0.0222556
0.0218963
0.0217995
0.0217778
10.4927
0.0217614
0.021897
0.0286247
0.0217551
0.0217374
0.021978
0.022293
0.0221488
24.0194
0.0218782
0.039402
0.0219653
0.0381258
0.14462
0.0214309
11.1551
0.021948
0.0219536
0.0216993
10.5746
2.67431
0.0215243
0.0266435
0.0220974
0.0224145
3.5615
0.0237525
0.0219515
0.0215632
1.07539
0.021972
0.0225932
0.0220003
8.799
0.0219343
0.0214531
0.0217579
11.0309
0.0217865
0.0219741
0.0220004
0.0215764
0.0220135
0.022088
0.0219982
3.44881
11.3873
0.0219945
0.0229669
0.0240448
0.0854391
0.0217096
0.187981
9.68598
0.0215207
0.0216196
12.4516
0.0260877
0.0220152
0.0217913
0.0222928
2.84049
4.87759
0.0221642
0.0221371
0.0221285
0.0219604
0.0219692
0.0222393
0.022256
0.0220474
0.0218981
0.0319019
0.0214813
0.0229781
0.0222696
14.5647
0.0215346
0.0220581
0.0216216
0.0222905
16.6672
0.0221291
0.0548875
0.0222916
0.0219912
0.896873
0.0220784
11.5605
11.8725
0.0218017
0.0221212
0.0218931
0.0222533
0.0219981
0.02183
0.0263179
0.0214157
0.426443
4.06501
3.72728
0.0219978
0.0233211
0.0219399
0.0215335
0.0219937
0.0221431
7.3593
0.0220837
0.0220782
0.0218045
0.0221384
0.0221831
0.0221646
0.0219986
0.0219915
0.022105
0.0214978
0.109168
0.0222889
0.0788168
0.0220011
0.0218506
0.0216345
0.0220295
0.0216833
0.0220471
0.022331
0.0239016
0.0216577
3.83807
0.0220973
0.109344
0.0219146
0.0218244
0.0699805
0.0279165
0.0218966
0.0219792
0.0220315
0.021894
0.0215779
17.957
0.0414073
0.0218097
0.0214936
0.0221149
0.0219971
0.0963529
0.0219934
0.021431
0.0220439
1.29991
9.44404
0.0216774
0.0218218
0.0219738
0.0219505
0.022743
0.439876
0.0273235
0.072714
0.0215196
0.0359334
0.115532
0.0221004
0.022238
0.134043
0.0222737
0.0216017
0.192987
0.023153
0.0226739
0.0217777
0.0493798
0.0220351
0.0219966
0.064868
0.0219629
0.0229847
0.0219188
0.0726063
0.0214968
0.0219294
10.3866
0.0252272
0.0221268
0.0270692
0.0215914
0.0275454
0.0235282
3.82426
2.56409
0.022098
0.0216997
0.0309251
0.02193
4.62658
1.4124
0.0220817
0.0220551
4.77454
0.021603
0.0221042
0.0468765
2.72566
0.0677764
0.0216208
0.0219291
0.0218436
0.0217875
0.0216742
0.0220312
0.0391609
0.0220279
0.021481
0.0218347
0.0219584
5.64985
0.0309739
0.0221832
0.0229097
0.0215118
0.021681
0.0268053
0.0219743
0.0348491
0.021885
15.2943
0.0214207
0.0217374
0.0358528
0.0221818
0.0220978
0.0221929
0.0243859
0.021453
0.0223537
0.0215452
0.0218717
0.0216756
0.0225155
0.0219898
0.0219084
0.0220651
4.48281
0.0348956
0.0215594
0.0219149
0.0219213
0.0214694
0.0615183
0.0692394
0.0218348
0.022043
0.0218037
6.34827
10.8216
0.0220639
0.0215706
0.0215298
0.0215483
0.0222187
0.0218494
0.0217218
0.0218108
0.0414832
0.0219031
1.27577
0.0220274
0.0218203
0.0220171
0.0573141
0.02171
0.0370836
0.0216738
0.0219499
0.0219131
0.0281216
0.0220111
3.59459
0.0219877
0.0222927
0.0220112
0.0216303
0.0297625
0.0222807
0.0218308
0.0215611
0.022086
0.0219333
4.53843
0.0459536
0.0220738
0.0984056
0.0216662
0.0221412
0.0237716
6.29571
0.0220162
0.0218859
0.0284325
0.0254928
3.51995
0.0215891
0.0218264
0.064486
0.0520482
0.0214044
0.0221147
0.0221747
0.021748
0.0225951
0.0219255
0.0218902
0.026032
0.021458
0.0465147
0.0216887
0.021811
0.0218933
0.0218022
0.0216408
0.0220494
0.187628
0.0222521
0.0218368
0.021727
0.0216756
0.0218027
0.0216637
0.0289031
0.0561688
0.021601
0.0221504
15.208
0.0517592
0.0611534
9.64778
0.021899
0.0217114
0.02161
0.0216611
0.0563674
0.0221223
0.113858
0.630649
4.56121
0.022047
0.0220517
0.0215223
0.0222383
0.021975
0.0243523
0.022263
0.0252405
17.4604
0.0217942
1.10944
0.0247419
4.06341
0.0220647
0.0217262
0.0216946
10.8811
0.02178
0.0222589
4.03549
3.85099
0.0219007
0.0218219
0.0221534
0.0215956
0.021766
0.0535589
0.0217598
0.0218013
0.0249598
0.0220864
0.0217856
0.0215824
0.979381
0.0219123
0.0221297
0.0219457
0.0534082
0.0217518
0.0220106
0.0251766
0.0230757
0.0218474
0.0597551
0.0350967
0.0235207
0.0516226
0.0223658
0.021994
0.0218587
0.021738
0.0216357
0.0218063
0.0221586
0.0220887
0.0240392
0.0221866
0.0219769
0.0504058
0.0408358
0.0218898
0.0215267
0.0220197
0.0220187
0.675852
0.0216967
0.0223512
0.0298519
0.402431
0.339499
0.0218473
0.0336071
0.0518765
2.48601
0.0218716
0.0219781
0.0223566
0.021856
0.0222724
0.0218841
0.039504
0.0214057
14.2084
0.0219138
0.0219784
0.021724
0.0218726
0.0220357
0.0222654
0.0220267
0.0221255
0.0222453
0.0219271
1.2815
0.0217272
0.0219232
0.479087
0.0220202
0.0220105
0.047689
0.0219936
0.0219701
0.0255064
0.0221461
0.0217963
0.0222716
0.0219346
0.0218037
0.0219157
2.85569
0.024466
0.0224143
0.0218572
0.0218987
0.0218301
10.8051
9.16626
0.0224353
0.021999
0.0218618
0.0236327
0.0219473
0.0286404
0.0218744
0.0221959
0.0220418
0.586241
0.037418
0.0217296
0.0309056
0.0219024
0.0267567
0.0221203
0.0216185
0.0221052
0.0221455
0.0217771
0.0217479
0.0218308
0.0221697
0.215012
0.0232266
0.0218447
0.0243402
0.0236973
0.0452713
0.0221841
0.0222525
0.021906
0.0227469
0.0218821
0.0222215
0.0216936
4.39285
0.291523
0.0222882
0.0332667
0.0214627
0.0219554
0.021838
0.0216813
0.0218966
0.0221644
0.0220936
0.0219915
0.0220626
0.285217
0.0228908
0.0216953
0.021909
0.129915
0.0220168
0.0218656
0.0444936
11.6151
0.0219716
0.021849
0.0219321
0.021808
0.0219551
0.167444
0.021806
0.0216994
0.0216746
0.0220062
0.0220634
0.0221701
0.0216655
0.0252189
0.0219049
0.147078
0.0221777
0.0226564
0.0320377
0.0219883
0.0220929
0.0219009
0.0222941
0.022083
0.0221365
0.0223536
10.7299
0.0220344
0.02171
0.046033
0.0220052
1.02055
0.119221
0.0219599
0.0220218
0.0219383
0.0217531
0.0219495
0.0215104
0.0219863
0.0390618
0.0222926
0.0215698
3.56226
0.0222045
0.0220912
0.0222075
0.0217836
0.0664553
0.024689
0.0220754
0.0219411
0.0216291
0.0220379
0.0219285
0.0221078
0.0277775
0.0260969
0.0219735
0.0221536
0.0214392
0.0219793
0.021554
0.0219091
0.0219862
3.00528
0.0228822
0.0219409
0.384004
0.0221481
0.0220906
0.0222932
0.0221085
0.0219114
0.0219329
0.0221234
0.0221645
0.0220215
0.0218054
0.0222849
0.0221414
0.021861
0.0222937
0.0221342
0.0221764
0.0218702
0.0221759
0.021561
0.0222866
0.0215612
0.0221244
0.0221203
1.46235
0.021942
0.0220265
0.021813
0.033344
0.0220449
0.0218548
0.0216628
0.0219227
0.0225655
0.022293
0.0221449
0.0217114
0.0222935
0.0221737
0.0221304
0.0224705
0.0222917
0.0222277
0.0218488
0.022293
0.0221044
0.125406
0.0218553
0.448068
0.0219917
0.022057
0.0290048
10.1379
0.0222073
0.0219387
0.0220409
0.0215171
0.0221136
0.0220276
0.0216762
0.0258427
0.0217349
0.0219752
0.0220989
0.0332764
0.0226065
0.0217954
3.83901
0.0479449
0.0218873
0.021796
0.0220565
0.022856
0.021896
0.0232856
0.0239507
0.021761
0.0214369
0.0221353
0.0220243
0.0220862
0.0220755
0.0221867
0.0222497
2.98382
0.0219847
0.0220433
0.0221182
0.0216033
0.0428693
0.0215321
0.022157
0.0221761
0.022128
0.0220639
10.6013
0.0379868
0.0218131
0.021796
1.34389
0.0217349
0.0221233
0.450047
0.18472
2.06151
0.0221739
0.0221684
0.0366169
0.0222258
0.0218996
0.0217981
0.0216333
0.021938
0.0217993
0.0219911
0.027324
0.0221058
0.0221267
0.0218305
0.0214863
0.021995
0.0216739
0.0218436
0.0221421
0.0214698
12.0857
0.0221787
0.0220185
0.0302917
0.0220381
0.021842
0.022061
0.237235
0.0217441
10.372
0.0219683
0.0218151
0.0221252
5.43265
0.022045
0.0220323
5.65123
0.0221983
0.0227138
0.0219445
0.0219069
0.0316544
0.0216508
0.0267299
1.03068
0.0219257
3.3946
0.0222419
10.1043
0.995362
0.0899506
0.0222428
0.021883
0.021383
0.022127
0.0218311
5.37617
3.28068
0.0215875
0.0221766
0.0664567
0.0218603
0.022236
0.969633
0.0218512
0.0222756
0.02187
0.0416843
0.103952
0.0218414
0.0220504
0.0219994
0.0219845
0.0215307
0.0976811
3.29233
0.0226765
0.024919
0.0218762
1.43908
8.36755
0.0220579
0.0218934
0.0221998
0.0216937
0.0220226
0.0220301
0.0221968
0.0221143
0.0213995
0.0303149
14.3654
13.0744
0.0221429
0.0221826
0.320173
0.0221626
0.0220312
9.04513
0.0221557
0.631849
0.0250829
0.022181
0.0218755
0.0248217
0.0217445
0.232199
0.0222007
8.43176
9.1526
0.0220005
0.0222002
0.0221207
9.7265
5.20346
0.0214312
10.3291
0.0219676
0.0222301
0.02177
0.0215319
0.287996
0.0260835
0.0218233
0.0221617
0.0239209
0.0218008
0.0220066
0.0222229
0.0221415
0.0218476
0.0216293
0.078721
0.022226
0.0214633
0.0579396
0.0221789
0.0222031
0.0221382
0.0221266
0.0214314
3.69261
0.0220441
0.0258319
0.16279
0.0221906
0.0220903
0.0215468
0.0221726
0.0221911
0.0551769
0.0257555
0.0215738
0.021668
0.0222039
0.0216814
0.0222288
0.024315
0.0219746
0.0222081
0.0221172
0.0222072
3.69665
9.57945
0.0216064
0.0219872
0.0217189
0.0214787
0.0872177
0.0296879
0.0221524
0.0221865
0.0217281
0.0219545
0.0220705
0.0219437
0.0214319
0.0235426
0.0222437
0.0222154
0.0222091
0.0221619
0.0219924
0.0216714
0.0221525
0.021646
0.0219434
0.0216211
0.0221513
0.0222195
0.0560257
0.0215137
0.0221149
0.0217298
0.0221544
0.0216534
0.022143
0.0220911
0.237478
6.35061
0.0220052
0.0219648
0.0220467
0.021814
0.0222453
0.0216586
0.0216354
0.0218673
0.0219786
0.0232909
0.0222459
0.0221993
0.0219107
0.0219275
3.74239
0.0222325
0.0219538
0.0216238
0.0218356
0.02177
0.0215064
0.0239098
3.04612
0.0220991
11.0156
0.0220792
0.0219067
0.0221104
0.0217053
0.0456481
0.021994
0.0220568
0.0218979
0.0230881
0.0216359
0.0218124
0.0221842
0.0218937
0.021561
0.133473
0.0220525
0.0217144
0.0219472
0.0217201
0.0218032
0.147067
0.0218671
0.0235368
0.0221079
0.0220808
0.194526
0.021933
0.0215775
0.0218903
0.0217346
0.0217656
0.0221722
0.022118
0.0216608
0.0240632
1.23403
0.0221933
0.0218241
0.021538
0.0218769
0.022227
0.0217712
0.0220719
0.0222132
0.0913208
0.0214652
0.0218795
0.0214484
0.0391031
0.0222192
0.0221788
0.0218492
0.0221075
0.0220925
0.0216059
0.0216197
0.0218601
0.0215889
0.0218536
0.0220266
0.0216074
0.0215716
0.0221651
0.0222272
9.66697
0.533519
0.0220632
11.3756
0.0220308
1.87557
0.022103
0.0219665
0.0497052
0.0220345
0.0219008
9.36095
0.0217821
0.021755
0.207641
0.021762
18.3597
0.0218856
0.0221316
0.0221859
0.0217748
0.021535
0.0219941
0.0217887
0.0221577
0.0218095
0.0221555
0.0221362
0.0217932
0.0217612
0.0218454
0.0221633
0.022158
0.0218973
11.6685
0.0220104
0.038598
0.0221507
0.0217524
0.0215426
0.0217479
0.0464097
0.0221059
0.228064
0.0217296
0.0221293
0.0219168
0.0217716
0.0219067
0.0221955
0.0279257
5.04012
0.0219325
0.0987745
0.0220686
0.0215336
0.0220566
3.83642
0.0219134
0.0217343
0.0218542
0.0219346
0.0596661
0.0296833
0.0220569
0.0217998
0.021842
0.02195
0.02157
0.0219107
0.0221652
0.0218286
0.0248131
0.0220571
0.0219512
0.0220134
0.0220837
0.0221509
0.0220863
0.0220008
0.0216614
0.0216373
0.0218318
0.0219443
0.0221301
0.0219667
0.183237
0.0219838
12.0094
0.0217106
0.20667
0.0219836
0.0218512
3.7233
11.1774
0.0218705
0.0217292
3.98712
0.021892
0.022057
0.0434197
0.0232834
0.0220867
0.0243715
12.2637
0.0220168
0.0313304
0.0222004
0.0220003
0.022173
0.0220892
0.0220328
0.0220892
0.0222424
0.021998
0.449836
0.0214743
0.0223712
0.0220718
0.0367821
0.0218203
0.0222121
8.65306
5.7213
0.022137
0.0222073
0.0237261
0.0214904
0.0216779
0.0219094
0.0220593
0.0246676
0.0219046
0.0214634
0.0221159
2.87243
0.0220947
0.0220415
0.026681
0.0220763
0.0222228
2.94987
8.84008
0.0214589
0.0221891
0.0218363
0.163692
0.0221501
0.0214207
0.0215657
0.0217891
0.021935
0.0219711
0.0220484
0.0222857
0.0218398
0.0218818
0.0215274
0.0214705
0.021615
0.0220691
0.0214477
0.0273959
0.0217197
0.0222847
0.0220229
0.406978
0.0215369
0.0218072
0.0217489
0.0220809
0.0220236
0.0217821
0.022092
0.0222006
0.0220585
0.0221438
0.0216617
0.0220525
0.0218488
0.0222181
0.0216119
0.022185
0.0214554
0.0216898
0.0217862
0.0219129
0.02216
0.0221637
0.0221023
0.0218237
0.021961
4.64069
0.0219135
0.0219619
0.0220007
0.0221254
0.0218267
0.0265321
0.0234877
0.0291464
4.81381
0.0616165
0.021977
0.0214425
0.0217041
0.0221767
0.0221967
0.0224568
0.0216751
0.022089
4.428
0.0220584
1.22853
0.0215019
3.07762
0.0220727
0.0221725
0.0216605
0.0216088
0.0221837
0.0214612
0.0219568
0.0219623
0.0217418
0.0270845
0.338522
0.0221483
0.0218778
0.0217053
0.0221831
0.036978
0.0220205
0.0219349
0.0221682
0.0219832
0.157261
0.0213988
0.0221856
0.0220308
0.0220404
0.0221673
0.0221892
0.0220603
0.0217564
2.64344
0.0220939
0.232038
0.0284368
0.021927
0.0218241
0.0218891
0.0219783
0.022481
0.0222191
0.0222458
0.043714
0.0220073
0.0221698
0.0218795
0.0408594
0.164112
0.0222255
0.0220009
0.0216692
0.0218313
0.0219814
0.0221825
0.0260945
0.0220682
0.0231582
0.0337789
4.73624
0.0219618
0.0219377
0.0219426
0.0271891
0.0370186
0.0221605
0.60483
3.27309
0.0219538
1.22246
0.0219202
0.745301
0.0218844
0.0219404
0.0219506
0.0216259
0.0220566
0.0221693
0.0219426
0.022153
0.0222036
0.0223464
0.0219446
0.0221103
0.0214197
4.23726
0.0215167
0.0218322
0.0237285
0.0279442
0.0216722
0.0222568
0.0220354
0.0217906
0.0221505
0.0216154
5.66856
0.0220478
9.52867
0.021889
0.0221326
0.0222303
0.0218969
0.0216342
0.0223269
0.0219114
0.021608
0.0215577
0.0217392
0.0220283
0.022048
0.0228975
0.0222058
0.0224745
0.0220154
0.0221154
0.0220003
0.0220951
0.0283353
3.24073
0.0220002
0.0215022
0.0219587
0.0221388
0.0218319
0.0218529
1.43672
0.0217838
0.0220091
0.0251889
0.0920321
0.140518
0.0219346
0.0214467
4.53924
0.0219471
0.0215353
0.0333842
6.7779
0.0218401
0.0219114
0.0219498
0.0215219
0.0220001
11.2248
0.0378604
3.62124
0.0217239
0.0243008
0.0221449
0.0218516
0.0215628
0.0214385
0.0216702
0.0218592
4.69178
0.02201
0.153334
0.0217957
0.0216876
0.0219995
0.021948
0.0218051
0.0222672
0.021611
0.524406
0.0222074
0.842338
0.0221183
0.0218625
0.0219739
0.0287128
0.0216568
0.0218443
0.021707
0.0215165
0.0389981
0.022931
4.56931
0.0218788
0.021867
0.0213865
0.521318
3.3998
0.021823
0.0218284
0.0220394
11.7618
0.0218515
0.0216993
0.0222244
0.021629
0.179789
0.0217677
0.0218102
0.25515
0.0219177
0.0219937
0.0219447
1.49759
0.0352043
0.0217871
0.0216443
0.0218884
0.0219431
1.4725
0.0218379
0.0221175
0.0218008
0.0219893
0.0239919
0.0218129
0.0219618
0.0217296
0.0217873
0.0222053
0.0227909
0.0311337
0.021906
0.0218848
0.0220965
0.022139
0.0219333
0.0220616
0.0219694
0.0222265
0.0218272
0.0219009
0.0237169
0.0222359
0.021942
0.0222466
0.0221071
0.0220383
11.0657
0.0220755
0.0222706
2.09232
0.0219819
0.0221574
0.0219942
0.320076
0.0214695
0.0225561
0.0369162
0.0216456
0.0222537
0.022188
0.195017
0.0220567
0.0219418
0.0215776
0.0221104
0.0220072
0.0738979
0.0249431
0.0236793
0.0218681
0.0217223
0.0221934
0.0218433
0.0219941
0.0216002
0.0222784
0.22165
0.021913
0.0221123
0.560586
1.40032
0.0218812
0.0219741
0.022102
0.0633286
0.0795767
0.0218646
0.0219158
2.00499
0.0219321
0.0219007
0.0220923
0.0215214
0.0220852
0.0222284
4.372
0.0221617
0.0221048
0.0218739
0.0218131
0.0221282
0.574455
0.0218824
0.0218497
0.0218872
0.0295506
0.0221979
0.0218491
0.0219598
14.219
0.0216067
0.0221439
0.0218141
0.0222064
0.021691
0.0229428
0.0219604
0.0218554
0.0218994
0.060852
0.022149
0.0222084
0.0221439
0.0220616
0.0222272
0.0220663
8.27946
0.0220483
0.0615515
0.0222345
0.0217104
0.022214
0.022205
0.0216202
0.021655
0.0216546
0.0218098
0.212009
0.0242873
0.0218174
0.0479906
0.0214519
0.168925
0.0221363
0.0216978
0.0215951
1.2628
0.021717
0.0218155
0.0215196
0.0218135
0.0252104
0.0220622
0.0218658
0.0215222
0.0215552
0.0220151
0.0216485
0.0214689
0.304237
0.124342
0.0218123
0.0220623
0.0220605
0.0218204
0.0259726
0.0216018
0.0220732
0.0218142
0.0219401
0.0222465
0.0219039
0.0215804
0.0255794
0.0291862
0.0221688
0.0218148
0.0217723
0.0215863
0.022457
0.0219233
0.0221123
0.0219523
1.08304
0.0219659
0.0221125
0.0217396
0.0219221
0.0226671
0.0217793
0.0217431
0.0218695
0.0215653
0.0214358
0.0292872
0.0218101
0.0218973
0.0215786
0.0219226
0.0215256
0.0220555
0.085003
0.0221879
0.0215428
0.0223731
0.0219294
0.0218265
13.2
0.0217503
0.021822
0.0216762
1.07487
0.0217353
0.0219185
0.0304601
0.0349097
0.0214522
0.0222462
0.0222197
0.0217384
0.0219541
0.0219144
0.0218041
0.0377487
0.022267
0.0221067
0.0221202
0.0219849
0.0218019
0.0218189
0.0216436
0.0227402
8.66266
0.0219549
0.0219344
0.0219352
0.0216667
11.6123
0.021885
0.0219338
0.0219789
0.0220943
0.0222878
0.0214533
0.02182
0.0219169
0.0222259
0.0219508
0.0219358
0.0315074
0.0245934
0.0220781
0.0811648
0.0218175
0.0217463
11.8308
0.0218162
0.0220362
0.0219176
0.0222007
0.0219501
0.0217482
0.022208
0.0217794
0.0217961
36.9918
27.1283
32.2348
14.7962
0.0215348
0.0218883
0.0217379
0.0219049
0.022152
0.0217623
0.0217115
0.0221438
0.0220732
0.0220629
0.0214767
0.10786
0.0221283
36.4262
0.0221499
0.022111
0.022182
0.0783116
0.0216583
0.0217973
0.0221276
0.0217473
0.0218719
43.2771
0.0217982
11.1047
0.288594
0.0218007
9.69437
0.0218191
0.0624533
0.0217406
0.0221816
0.06392
0.0227451
0.0220622
0.0221443
0.0218288
0.0220614
0.0218578
0.0218402
0.0217453
11.1233
36.3653
40.0017
23.8603
29.9435
43.406
33.1398
13.2106
17.8237
17.1619
27.6487
17.3379
14.1816
37.4604
35.0656
42.2399
15.2978
36.852
8.54955
18.0267
0.0221575
0.0216667
0.0215016
0.072456
0.0217425
0.0216676
0.0217331
0.0222401
0.0222269
0.0218122
0.0219266
0.0218265
0.0218016
0.0218448
0.846105
0.0220011
0.0503144
0.021786
0.0221389
0.0215524
0.0218866
0.0218127
0.022026
0.0214255
0.0218262
0.0217723
0.0219098
0.0218885
0.0221831
0.0218556
8.32813
8.72443
8.55298
7.42164
6.99757
0.0219139
0.0222197
0.0649669
0.0221811
0.0217929
0.021758
0.0216883
0.0221235
0.021856
0.0681737
0.0220774
0.0218176
0.0217918
0.0219383
7.27466
0.0217942
0.0218896
0.0217457
0.0215312
6.24845
0.0218874
6.15456
0.0326411
0.896244
0.0240003
0.0417421
11.8189
0.0220105
0.0217103
7.06024
0.164604
1.58771
4.01247
0.0330938
0.0214659
0.022747
0.0215838
0.021806
0.0214837
0.0216878
0.0217657
0.0222005
0.0222171
0.0610938
0.0259566
0.0218135
0.0216854
0.0220751
0.0222398
0.0224367
0.0218955
0.0216451
0.0243631
0.0216807
0.0218778
0.0216828
0.0218548
3.84586
0.0217346
0.0222395
0.02218
0.0220875
0.0216233
0.022043
0.0221627
0.0215291
0.0222008
0.0218512
0.0216238
0.021924
3.32538
0.0214681
0.0219585
0.0215903
0.0557868
0.0219137
0.0219397
0.022212
0.0218348
5.62736
0.165143
13.2498
0.0216054
0.0217963
0.0217045
0.0217118
0.0221305
0.0220053
0.0219667
0.0218288
0.0217168
0.0216894
0.0216583
0.0241117
0.0894165
0.021533
0.0217321
0.0219213
5.01377
0.0218051
0.377768
0.022188
0.0218174
0.0218213
10.1618
0.0216449
0.0219167
0.0220972
0.0217512
0.0214161
11.6572
0.0214881
0.0218259
0.0488756
0.022068
0.0219643
0.0290975
0.0402899
0.0216467
0.0217953
0.0221425
0.0218372
0.0216604
0.0511647
0.0220986
0.021803
0.0222493
0.0215928
0.679422
0.0220494
0.0219715
0.0222355
0.0218979
0.0219909
0.339815
9.60627
0.0218507
0.0219018
0.0220927
10.917
0.0216458
0.0342189
0.0216209
0.0220311
0.0215948
0.0217919
0.0219572
0.0219521
0.0216508
0.0215865
0.0216515
0.0222189
0.0260754
0.0220719
0.0216419
0.0215152
0.0216953
0.0219886
0.0233013
0.0217896
0.0217728
5.73155
0.0217903
0.0214026
0.0216469
0.0335253
0.0217526
0.0214669
0.0213828
0.0473815
0.0220463
0.021743
0.0220639
0.0216518
2.60607
11.5218
0.0236636
0.0213856
0.0222298
0.0217414
0.0220827
0.0219611
0.0219463
0.0214823
0.0216518
0.0222937
0.0224466
0.0216633
0.0255737
0.0473519
0.0220419
11.2529
0.0220061
0.0217887
0.0217493
0.0221312
0.0216304
0.0217009
0.454113
0.0224855
0.021519
0.0216931
0.588713
0.0221432
0.0221834
0.0404736
18.4916
0.0219206
0.0214705
0.0278312
0.20505
0.0216483
0.0219592
0.044296
0.0216042
0.0220028
0.0221625
0.0215211
0.0221699
0.0216307
0.0215095
0.0220053
0.0215272
0.109148
0.0218633
0.0314921
0.0404017
0.0221726
0.0220625
0.165445
0.0214327
0.0217401
0.0216334
0.0217633
0.0214741
0.0218846
0.0238236
0.0220487
0.0221756
0.0220061
0.0219518
11.0352
0.0216155
0.0218871
0.0219638
0.228596
0.0216883
0.0221131
0.0222598
0.0219222
0.0429974
20.8948
26.5088
0.0216447
0.022035
0.0221961
0.0222483
0.021669
0.0579458
0.0218317
0.303147
3.02612
0.0415893
0.0215172
17.3446
0.0220774
0.0222602
0.0215209
0.0220119
0.0216528
16.4586
0.0222348
0.0386568
0.0434379
0.0214696
9.8643
0.0216906
6.31292
0.021548
0.0217293
0.0217397
2.78923
0.0260834
0.0217776
38.6158
0.0246445
0.0220046
0.0216371
0.0217094
0.0230056
0.0216421
0.0220719
0.0216978
0.0220947
0.0218379
0.0218684
0.0217523
0.0214381
0.0222391
33.6502
34.9654
0.0219109
0.0222169
0.0219968
0.0221878
0.0224932
0.0216402
0.0216229
0.0219152
0.0218334
0.0221246
0.0214857
0.131973
8.97081
0.02182
0.0215349
0.0220047
0.0214718
10.9242
15.6921
0.0216352
0.0225942
0.0222557
0.021875
0.231654
0.0218557
0.0216282
0.0220881
0.02305
0.0221242
0.02152
0.0215053
0.021896
0.47842
0.0218388
0.0236916
3.81523
0.0276786
0.0219685
0.0214999
0.0218462
2.55334
0.0221644
3.80556
0.162383
0.0226235
0.0221072
0.0218711
0.0290595
0.0221376
0.0215929
0.0302192
0.0221883
0.0224741
0.0220447
0.173597
0.021848
34.2807
38.747
0.0220883
0.0218172
0.0311631
0.0217275
0.0217012
0.0220107
0.0221056
0.0217142
0.0219656
0.0216408
3.46286
0.0218333
0.0214478
0.0226479
0.0217293
0.0286724
0.0216382
0.0218395
0.0214994
0.0218987
0.0220717
0.0218346
0.0217925
0.0218816
0.0218156
0.0220265
0.0219093
0.16507
0.0215035
0.0220798
0.0221281
11.1409
0.0342653
0.0215103
0.0244056
0.0218954
0.0391118
4.8239
0.0225803
0.0219368
0.077678
0.0218373
0.0221617
0.022612
0.0218791
0.086639
0.0218942
0.0222273
0.0217459
0.021841
0.0220881
0.0215723
0.0215945
0.0214634
0.0216428
10.8366
11.0924
0.0286054
0.0216818
0.0221802
0.0467456
0.0216152
0.0220002
0.0218248
0.10039
1.38237
0.0221987
42.5733
0.220153
0.0219111
0.0218609
0.0214385
0.0673331
0.0218248
0.0218197
0.022094
41.5032
0.0573429
0.0218448
0.0221458
0.0217548
0.0216605
0.043576
0.0217884
0.0216471
0.0224203
0.0214399
0.0220455
0.0243675
0.0217827
1.15361
3.54886
0.149462
0.0220534
0.0219369
0.021785
0.0216372
0.0218581
0.108275
0.0217559
25.3987
0.0246502
0.0219216
0.0216786
3.82549
0.0218336
44.8472
0.0792256
0.0228364
10.7873
0.0215468
0.0221373
0.0220582
0.0218668
0.0221955
0.0390912
0.022907
0.0710836
26.6079
30.7097
0.0221047
0.0221215
0.0318207
0.0227238
0.0218537
0.0220207
0.0221685
0.0217207
0.0219197
0.107362
0.0219919
0.0220741
11.3083
8.42578
0.0219408
0.0243186
0.144789
0.0218218
0.983546
0.0219282
0.0436665
0.0218528
14.4727
0.0217837
13.7441
7.74498
0.0214889
0.624759
4.452
0.157786
0.0222086
0.0215298
0.0324197
0.130104
35.6033
0.0218299
23.8248
0.0217338
0.021762
0.135644
1.15116
0.0219279
17.3077
6.14012
0.0215615
43.8395
0.0216321
10.9352
0.0218975
0.021786
15.6568
0.0219266
0.0218491
17.3404
5.8901
0.0218603
0.0234629
0.0220135
12.0686
0.0307126
0.0218319
0.0218971
0.0214919
0.0216692
0.021419
0.0216245
20.5091
0.021498
3.68813
0.0220722
0.0217832
0.0218341
0.0220585
0.0218576
0.0221549
0.0220445
0.0220219
0.071951
0.158067
0.0246407
0.0214671
6.25715
6.96709
0.0218375
0.0220145
0.0260187
12.5039
0.0222286
0.0261496
0.279601
0.332617
0.0367728
0.033879
0.0221757
2.8461
10.1864
0.990277
0.0232552
0.0797096
0.02189
2.5818
0.0221874
0.0218795
0.033316
0.0335087
0.0214355
0.0218358
0.0218412
0.0220301
0.426417
0.0220919
0.021931
0.173955
0.0215967
5.20983
0.0218679
0.0241323
0.0217182
0.0336896
0.0221821
0.0221319
0.0219151
0.0243801
0.0216388
0.0218445
27.1782
0.0219456
3.08099
0.0218126
0.0219228
0.0220012
0.0217243
0.0334779
0.0218772
0.02196
0.0221908
0.0218401
0.108384
0.0216682
14.5203
0.0250587
0.0218408
0.0217515
0.0218499
0.022015
0.0218983
11.3769
0.0237162
0.0218056
0.178041
0.0222488
0.0219707
0.0220312
35.796
0.654055
0.0428506
0.640648
3.82465
0.0239819
0.203021
0.0221386
0.0218338
0.0219329
0.0530392
0.021877
0.0215011
0.0944548
0.0253704
3.46946
0.0221566
0.0664731
0.0222107
0.0217309
11.7462
0.346158
0.579113
0.0219415
0.0218313
0.0219802
0.0216361
0.0346343
0.0240875
16.4622
0.0218551
0.0221123
0.0214649
0.0222472
0.0215136
0.0216956
2.95115
0.0219739
0.0221933
0.0219718
0.0272126
0.0218932
0.0439968
0.271562
4.80991
0.0216441
0.151542
0.024274
0.0220451
0.0249397
0.0218983
0.0216862
0.0246812
0.0221734
36.0305
0.0218975
0.02419
0.183217
0.0217007
0.1323
0.021734
0.180424
0.0221502
0.0218269
2.39322
0.0755381
0.021995
0.0215498
0.0283666
0.0216098
0.0363496
0.0319068
0.0370508
0.0222756
0.0217907
0.0217858
0.0216654
17.4963
0.0221921
0.0214001
0.0218997
0.0391598
0.0281172
0.0217414
0.0222786
0.0221865
0.0217669
0.0219891
0.0220126
0.0220123
11.6381
1.1928
0.023204
0.022285
0.0222837
0.0945298
0.0217627
0.0221783
0.0729524
0.0220646
0.0227076
0.0215154
0.0219511
0.0217624
0.0215201
0.0219878
3.991
0.0852609
0.330775
0.0295279
0.0219105
8.48962
0.0219347
0.0215972
0.0219056
0.0710629
12.5838
0.0217573
0.0314876
0.0221887
0.0235924
4.14092
0.0217745
0.0220424
0.0217681
0.362329
46.867
0.0238625
0.042725
0.328272
0.0216665
0.0218695
0.0217573
0.0216503
0.0217055
0.0215802
4.23653
3.06774
3.31171
0.0219537
0.02172
0.0228735
0.0224081
0.0218555
7.97188
7.74455
4.53807
0.021479
0.0216908
0.0266328
0.0215875
0.0218956
0.0224547
0.0226597
2.66953
0.0221434
0.0217641
0.0216513
3.83491
0.209198
0.0215791
4.76924
3.99728
0.861724
0.0218555
0.456637
0.0475858
0.0222744
0.021749
15.0963
0.0255606
4.12129
0.0217386
4.84128
0.0217299
0.0217861
0.0230792
0.0219275
8.38071
0.0886647
0.0232484
0.0234063
0.0220771
2.73868
0.35334
0.270957
0.203605
0.0216236
0.0450019
0.0226389
2.35906
1.22083
0.0217216
2.83455
0.0216792
3.62354
0.0220468
0.0237625
0.0216292
6.0493
26.5391
0.088265
2.08111
0.0217658
0.0216771
0.0222864
0.021419
0.0218909
0.0220547
0.0218395
33.4041
0.0265045
0.0221719
43.1093
0.0219949
0.0221041
0.0217815
2.87657
0.0220475
0.0216604
0.0216969
2.81472
0.0225967
0.069457
26.8818
0.118945
0.0216765
0.0222472
4.81544
0.0283918
35.7803
0.0239621
0.0271709
0.0215024
43.06
0.0367716
0.0408551
0.0221231
0.022274
0.0219724
0.0224841
0.0222687
0.0337517
0.0954167
0.0215535
0.0214545
0.021486
0.0214886
0.0216838
19.8115
4.47824
0.118295
4.52692
0.133828
4.49923
0.022072
0.0221904
0.0216036
0.0216095
0.0220544
0.0249388
0.0218972
0.0228837
0.0214666
0.0221302
0.205909
0.0350748
0.0219921
0.0215061
0.0222705
0.0221379
0.0221582
0.113744
0.0237713
0.0219454
0.0216197
3.93845
0.0220901
0.0230272
22.0039
0.0216067
0.0217776
0.0590766
0.0219522
0.0219226
0.0222444
29.0864
0.0216614
0.0219977
0.0221143
0.022448
0.0225434
0.0226254
0.0216745
0.0246652
0.202278
0.0221942
0.0220293
0.0299034
0.0366724
0.0217499
0.022131
0.0217018
0.0221753
0.894257
0.0214153
17.7731
0.0214828
0.0221258
0.111131
0.0598883
0.0256946
0.0281589
1.0255
0.0218337
11.0235
0.022084
0.0850467
0.0219499
0.0266851
0.0218662
0.0222244
0.0222703
3.05975
0.144705
0.0219504
0.331703
0.0222424
0.0223888
0.0220491
0.231781
0.280748
0.0269395
0.0963424
0.233331
0.0232934
0.0217751
0.27977
0.0223526
0.021698
0.0332983
18.0292
0.377757
0.027437
0.0222097
0.0836119
1.54671
0.526199
0.0219675
0.0218186
0.0337837
0.0223789
0.021487
0.457629
48.3167
0.0258878
0.168
0.0255004
0.0220378
0.0216305
0.021693
0.0243623
0.0219099
0.0220775
0.0609803
0.0214113
0.0216854
0.022227
0.0221919
0.0220246
0.0218457
0.021982
0.128686
0.0219621
7.30394
0.0222856
0.0218203
5.11854
0.0260205
0.0224205
0.645563
0.0214985
0.0218792
0.0225231
0.0295061
0.0565934
0.0219144
0.0219138
0.0226849
0.0218807
0.0221499
0.0405304
0.0628639
0.0225695
0.202425
0.0221602
0.0221912
0.0214496
0.022466
0.0520342
4.98937
0.234605
0.0218535
0.027574
0.0274383
0.054738
0.0262268
0.0250226
0.0239427
10.2336
0.0315492
0.0218496
0.0235991
0.0251708
0.0220425
0.0216954
0.0242311
0.0501431
0.104691
0.794751
0.0215117
18.0523
22.6771
0.022787
0.0220554
0.0217068
0.0222173
0.350349
0.0226248
0.0242941
24.0638
0.0902361
0.0214527
15.7933
8.91778
0.0225174
0.02216
0.0228637
0.0236414
9.1258
0.0582438
0.0231941
5.24713
1.02875
0.705879
0.0450323
0.0272873
1.00975
13.2053
0.0289463
0.268958
0.0219288
25.8321
24.7386
0.0221589
0.0220022
0.0220191
0.0215461
0.0504336
0.0222111
0.866231
1.93421
0.0220726
0.182608
0.0901217
0.0223401
0.0230639
0.0217972
0.0306025
0.14978
0.0231448
0.0221
3.16139
0.0228758
0.0219852
0.0220773
0.0215148
0.0220608
0.0285039
0.0227945
6.33914
0.0221614
0.0226831
0.0218683
0.0395607
13.3687
0.0217485
0.0245412
0.0216536
6.40931
0.0218293
0.0214356
0.0338238
0.0218477
8.8102
0.0221603
0.0218873
0.0220968
0.0216742
0.0214819
2.75406
0.0362959
0.0489496
0.0669643
0.0218987
15.8517
0.0221558
0.022359
4.04772
1.0094
7.77212
0.0285198
0.0218837
9.80036
0.023244
29.3763
33.669
0.0239959
0.0219484
4.0239
0.0220604
0.0222197
2.93982
0.147385
0.0241529
0.190645
4.97223
0.0234757
0.0218443
0.0220458
0.997564
11.2462
0.0343154
0.774025
0.0643016
0.175763
0.0244323
0.0220092
0.0237699
0.518022
0.0263048
0.0235952
3.83715
9.02722
0.0216637
0.128233
10.0625
0.0265585
3.06143
0.0242377
0.02145
0.0282382
0.0218443
0.0470299
0.0219499
0.152475
0.0214845
0.0219606
0.0214201
0.0220502
0.0220012
21.2309
0.0218924
0.106921
0.0221613
0.0219076
0.0216203
0.0218276
0.0497485
0.0217889
6.85104
18.5022
0.023278
0.0246969
0.0219615
0.0262648
0.021984
0.0219956
0.023306
0.0222291
0.02147
0.0219257
0.0217057
0.0216604
0.353517
0.0221609
0.0218324
0.0220876
0.0220234
21.9263
25.6432
0.0451006
0.0229401
0.0224669
0.17733
0.0218939
0.0217351
0.0222709
0.0272175
0.0217479
0.0217815
0.0252259
0.027946
4.49145
21.4199
0.0216994
0.0219211
0.0216021
0.0226587
0.021656
0.0217158
0.0214277
0.0227197
1.62832
35.711
0.0232938
0.0221466
0.0262236
0.0219447
0.0220197
0.0275975
6.09995
41.5652
0.0220347
0.561103
0.0230815
0.0217647
0.0222477
0.0239835
0.0217129
0.0226385
0.932781
0.0218221
0.0216832
0.0215177
0.0227567
3.25239
0.0219739
0.0287205
2.04175
16.6129
0.0237531
13.8098
0.0254908
0.0292444
0.0220459
2.96248
0.0221018
2.38631
0.0218723
0.0221102
0.0353198
0.0293438
0.0221558
2.85257
0.0221438
0.022035
0.0217946
0.0221633
0.0217207
0.0230729
0.0243825
0.0218403
0.028678
31.8797
0.0230696
0.925872
0.0222018
0.0255428
13.241
0.0254765
0.0221615
14.01
0.0218227
0.0221553
0.0220722
0.0223622
0.031312
0.0221109
7.40196
0.0238231
0.0218489
0.0270916
3.6455
0.0221681
0.0221894
0.0221567
3.44656
5.26149
5.17527
0.216844
2.70829
0.0258006
0.132676
0.0250437
0.026627
0.0216504
0.0219327
0.0233807
0.0222068
0.0219844
0.02163
10.5319
0.0229048
0.0218965
0.127414
0.0217604
13.2218
0.056102
0.022411
0.0218832
0.0221502
0.0230046
0.0221108
0.0241881
0.0237093
0.0219057
0.0219243
0.0217169
0.0226145
0.0499517
4.60937
0.0266782
5.22115
5.03015
0.323257
13.129
0.0222464
5.57617
0.0684355
4.7276
0.0319624
0.0227234
0.0221755
0.0219931
23.6008
0.0234753
2.50496
0.0276844
0.0222979
0.0233941
0.0255791
0.0221785
0.0222021
0.373547
0.0216963
0.0243321
17.4013
0.0225429
0.0218997
0.0278899
0.0216168
0.0218681
0.0318228
0.0223147
3.7873
0.0222394
0.127919
0.02232
5.38964
0.0229881
0.0218112
10.3711
0.0226113
0.176277
0.0216355
0.0223115
0.55452
27.5185
0.0214996
3.10679
4.81618
3.3078
0.154723
0.0248522
0.0216246
0.0251435
0.613385
7.8786
0.0223591
0.0221417
56.7236
0.0218521
0.0602114
0.022461
0.0221212
0.0867139
0.0654694
0.02201
0.0218368
0.022478
0.0215371
0.0216454
0.0427961
0.0246633
0.0296354
0.039507
0.0254702
2.37791
0.0339572
0.0286602
0.645164
0.0278556
0.0219285
0.152657
0.0265976
0.0230397
1.13097
0.0216579
0.0595983
0.0224815
0.0216736
0.0220743
0.147251
0.0218017
15.9724
8.656
4.58041
0.0217609
0.0214513
0.028085
0.0220416
0.0781334
20.8928
23.9495
0.0219198
0.0218876
0.0250627
0.0299324
0.0267398
0.511936
0.0239788
0.0255545
0.0392492
0.0220445
0.0280722
0.0246771
3.55096
0.02698
0.0216281
4.62679
5.16509
0.021897
0.0222011
21.6651
0.0301989
5.11399
21.5117
0.0227014
0.0238994
0.0233632
0.0229842
0.0219827
0.0218736
0.0259158
0.022674
0.042607
11.9483
0.0220862
0.0218953
0.203635
5.6031
0.0221983
0.0222357
0.0216295
0.0282588
0.133935
0.0218027
0.0219484
2.31069
0.0229114
0.0222246
0.0219
3.93664
0.0216045
4.21995
14.584
0.0217626
0.103189
0.0318539
2.91235
0.0225861
0.0805339
5.6825
7.00207
0.029889
0.022878
0.0221016
0.0310628
0.0484525
16.4261
0.021776
0.0214265
0.0219726
4.11316
0.0266757
3.95538
0.0216932
0.056516
0.0334396
0.0299313
0.0221044
0.0584279
0.0218852
0.0737507
8.41329
0.0326741
0.0217152
0.0221033
5.75894
0.0222276
0.0217809
19.1451
0.0216525
0.0230488
12.8487
0.532738
0.0215802
0.0226547
0.0220639
0.0274599
0.691888
0.0232877
0.0465347
0.0214422
0.316552
0.0216134
0.154321
13.2427
0.021844
0.0221993
5.85983
0.0222231
0.0216486
0.0216183
3.7389
2.26637
0.0222874
0.0219018
0.0216374
0.0217757
0.0217047
0.310971
0.0217894
14.1872
0.0217028
0.0216939
0.0218528
0.0218164
0.0222801
0.0295788
0.0220197
24.6446
25.542
0.0237684
6.40369
0.141492
0.145768
0.0232168
0.0218546
0.0312056
0.153296
0.0216592
0.130948
0.0216547
13.1626
0.0219321
0.0217757
0.0234355
0.025578
0.0232266
0.0216195
4.66724
0.0224457
16.3659
0.0982471
8.66445
0.0220412
1.66571
0.117883
0.0217983
0.0827938
0.118033
0.0244127
0.0297643
0.0214501
0.0685216
2.43756
0.0218753
0.75322
0.022111
0.138032
0.0219219
0.188587
4.5911
0.0224621
4.38574
0.0215369
0.0227927
0.0942183
0.0327579
0.33071
0.0217994
0.0228887
0.0322176
0.0889793
4.5269
0.0217614
0.0218716
0.0219004
4.22142
0.0232137
0.0255353
5.04277
0.021975
0.0224177
0.0213953
0.0358767
0.923108
0.0569068
0.0287128
0.0221445
0.278091
0.721493
0.0221363
0.0250981
0.0218993
0.0216173
0.0222082
14.6022
0.0538434
0.0572609
0.0303762
0.0215909
30.332
32.3707
0.0218186
0.0231661
0.617245
0.0236171
0.0225451
0.0217115
0.0236763
0.0217511
0.0222481
0.0291449
0.0242162
0.0220815
0.327037
0.0219907
0.706861
0.084051
5.08575
0.0511951
0.0350442
0.0215032
0.300446
0.0312951
0.0222396
0.0218602
0.641326
0.0214886
3.6652
8.09037
10.4178
0.0355274
0.0248708
0.0251866
0.022165
0.0219167
0.747622
0.0217713
0.071146
0.0218638
11.1391
0.0217705
0.0217635
0.0234132
0.0219975
6.86942
0.0256115
0.0449062
28.5936
0.0508009
0.0254887
13.3563
0.0219066
0.022632
0.200914
1.17552
0.687107
0.202923
0.0218939
0.0217761
3.24167
0.0264847
9.132
0.0958248
0.562914
4.72318
0.0220181
6.35398
0.0813812
0.0216541
0.226679
0.0220815
0.0309637
5.27441
0.0220712
0.0278787
0.0221452
0.504735
0.0223451
0.0221384
0.0218652
0.022013
11.7124
4.23599
0.773172
4.69741
4.56806
8.62182
0.0272837
0.0218769
0.0260678
0.0215917
0.0214159
0.288755
0.0219647
25.6982
0.0287869
20.3607
0.0235265
0.118657
0.0640498
0.0220304
0.0215769
0.021683
0.0280318
0.0218328
0.0313757
0.406215
13.8496
0.0221363
10.8893
0.0218028
4.37992
0.0222394
0.0963038
19.5761
0.117868
16.062
0.0221004
0.0219031
0.0389395
0.0218547
0.0267039
10.6716
0.121204
9.94649
0.036395
9.30025
0.0347082
0.354021
0.0214064
5.64774
0.0320197
0.0217199
0.0220421
0.0226761
6.16745
0.0286028
0.0215337
0.892614
5.52632
0.0222623
22.3787
0.0222302
0.0301427
0.021912
0.0330192
9.91071
0.0291485
36.535
8.70331
0.0221652
0.0219699
0.0353242
0.0980794
0.0465044
6.62424
4.12667
0.0219269
8.80291
0.0219264
0.0216775
2.04616
0.169123
0.596982
0.0275624
0.0218589
0.0524262
5.98729
3.67053
9.23685
0.24165
15.4638
4.01729
0.121699
0.100557
32.0588
13.8866
6.84594
9.40983
33.9933
24.1755
25.2104
0.021637
2.11016
0.0214899
0.0291624
8.69806
0.0250313
0.0266675
4.57762
0.0326409
0.0247029
0.021974
0.029858
0.106588
0.0318152
0.0219986
0.0219595
0.0225691
1.10846
0.0217275
0.150046
0.0220566
0.0222762
0.0214234
0.0220822
4.69352
2.93518
0.0278697
9.23215
0.0221925
13.187
0.0215801
0.0218978
0.152141
0.0219131
0.0221392
0.0221753
0.0586355
0.0244215
0.0447391
0.0218603
0.0218167
0.0370373
5.96205
1.44135
0.0630003
2.86714
0.664868
0.0219369
3.88358
7.52897
15.2863
0.0217423
0.0222382
0.0222631
0.250184
0.0219754
3.69817
0.0218863
0.106281
0.0220187
7.32559
0.0220158
0.0828321
0.0242279
0.0221918
0.0220642
0.114344
0.0231122
2.78107
4.30436
0.0218536
0.0216517
6.43616
0.122341
3.34246
0.0222262
0.15605
0.0221667
0.0215537
0.0801268
11.592
0.111156
0.0348979
0.0224011
0.0258142
0.0369772
0.0221263
0.328016
0.0224229
0.033149
0.0975108
7.2515
0.0346511
0.0217553
0.0217593
12.5535
0.0222629
0.033768
0.0217785
6.03084
5.39159
0.0219307
0.0216702
0.199182
11.3447
11.5065
5.00648
0.0223797
0.116328
0.046945
4.7989
11.3376
0.0246132
0.0234165
0.0264772
0.0957635
0.0222272
0.0894471
0.0283063
0.146314
0.433147
0.0216345
0.0220601
0.0337956
0.0219288
11.6152
0.0217987
0.0217481
0.572609
0.095592
0.425082
0.0249999
0.140921
0.0364411
0.0219117
0.0307997
0.0229192
0.0530444
3.96179
4.67246
0.0226414
0.0215025
0.0571873
0.0785136
0.0239188
0.023986
0.0220434
0.0213848
0.0508648
0.0693902
0.0219019
14.4333
0.022057
5.05004
3.35359
0.0222939
0.0349735
0.0223662
0.0238961
0.0450438
0.0568851
0.0228241
0.0222882
0.0914807
0.0217964
0.247547
0.0216488
1.42714
0.0350834
4.65263
0.3631
4.10818
0.070951
0.0214316
4.76125
0.0213917
0.0226488
0.0221847
0.0222292
0.0294675
0.0227943
0.0316966
0.022288
0.238494
0.0521344
0.0852517
0.0576596
4.85002
0.0218214
0.0346818
0.0217755
0.0221817
0.0217858
0.0218721
0.751086
0.0221699
0.0222299
0.0305192
0.268901
0.045983
0.0217787
0.117156
0.339308
9.03611
0.023788
2.67493
3.08068
0.0220082
0.023064
0.073362
0.0632834
12.6995
0.132201
0.0220858
0.0464434
0.0214594
0.144381
0.700392
14.4166
0.326917
0.0218441
29.8868
0.0216574
0.0217932
0.0242235
0.0537732
0.038131
0.108241
0.0355636
0.0214476
15.642
0.0618914
6.72286
10.9238
4.65494
0.0277741
0.0230308
0.0223645
0.0223865
0.0219886
0.024443
31.8989
17.6436
9.47829
0.293559
0.308238
0.0219891
0.0219272
0.0226592
0.023968
9.89105
0.0226451
0.0222379
0.0217269
0.0217136
0.021569
0.0368676
0.0319144
0.0217084
0.0271602
2.92298
0.576097
0.0353697
8.32903
0.0218369
0.444933
2.70167
0.116982
0.0217843
0.0218625
0.0221974
0.883371
0.0257692
0.0280245
0.0436547
0.238403
0.0380177
0.0222869
0.0221478
0.0671807
0.0218597
0.102828
0.0241931
0.0285384
0.0216079
4.23816
0.0317598
0.0219024
1.82191
0.022286
0.118307
0.0218288
0.0220337
4.99432
0.0545833
0.0418974
0.0218294
0.0217604
0.0216834
0.0215914
0.0219725
0.100396
0.542298
0.321092
0.0386451
0.0805527
0.0217832
0.108172
0.0222784
0.537909
1.51184
0.0254564
0.0218834
0.0216972
3.12253
2.1685
0.023492
0.136463
0.02952
0.0222265
5.32428
0.0221928
0.0940481
10.0094
0.0220415
11.4956
0.0213888
0.0222416
0.0368775
30.6186
0.0215936
0.0238987
8.38098
0.431727
4.17268
0.0216185
0.0222212
11.0558
12.9383
7.21437
17.9878
0.0542233
0.0221964
0.0218061
0.0220234
0.0216744
0.0221564
0.716802
11.7729
1.23859
3.90871
0.021495
0.0216159
3.46785
0.0279586
0.02215
0.0217088
0.022129
3.85511
0.0392345
6.46232
0.0222321
0.0219925
0.02222
0.0365897
0.0250445
0.0227955
0.0240025
4.76643
4.66281
0.0230381
0.488308
0.0219002
0.0221301
0.122425
0.750322
0.0214087
0.113747
0.0219358
35.3147
0.0220467
0.686356
0.0222953
0.0357618
0.0217951
0.0223097
0.0227448
0.116831
0.0655996
6.0289
0.0219127
0.0221992
0.0215075
26.755
8.83852
0.0239224
0.128863
0.079644
0.0228133
0.0251012
4.28363
0.0432232
0.0215282
1.31674
3.20881
0.12362
0.022274
0.0216603
0.0222138
0.0220183
0.046649
0.0222714
0.0221664
0.0250584
4.21429
0.0222491
25.8266
7.15241
2.96558
0.0773328
6.92016
7.36227
4.90716
1.21233
5.12363
1.13375
0.0670339
0.139224
0.0217642
0.662501
0.021971
24.5294
0.469829
0.0214474
15.613
0.0430842
0.021687
0.140299
5.31061
0.0217754
0.0643649
0.02178
4.76255
8.47464
9.81448
0.0220601
3.23174
4.90044
9.30694
0.0536126
0.042094
0.966114
0.0214644
5.378
2.8439
2.80915
0.0219757
0.0247725
0.0216096
14.2217
0.0219259
0.744373
0.0357904
0.0281666
0.731314
0.0241249
0.0220394
0.0219653
0.022043
0.0221622
11.3837
0.0218893
0.026761
15.1017
8.73225
0.149269
0.0226409
0.0345829
0.385771
0.0215193
0.0221452
0.023521
13.4281
0.0243299
0.562961
0.0219236
0.021597
0.0732517
0.0430494
0.0374766
13.4436
0.021712
0.641531
0.0250813
0.022028
0.0496595
0.905102
0.0217504
15.335
0.0259926
0.671589
3.78442
0.170032
0.0218345
13.6049
0.61773
0.0317687
0.0257142
2.49065
0.314853
0.0219069
0.0217107
2.75883
0.0216927
0.0215742
0.0225951
0.116228
5.36591
0.0215552
0.0365218
0.07303
0.0810085
1.06927
0.0218975
0.0218636
0.0218767
0.0222659
0.580243
4.88427
0.042461
0.0219526
0.0214198
0.130685
0.022095
0.0243613
0.731606
0.0222381
0.0235913
4.082
0.0218024
0.0220357
0.0273895
0.0220291
0.0218987
0.387998
0.0727394
0.104817
0.0222113
0.0223522
0.036238
0.0513083
0.0219851
0.0404951
0.021462
0.0245917
7.86907
0.0222771
9.49879
0.0214132
17.3241
4.5616
0.0217832
0.0275997
3.12564
0.0242476
1.0463
12.5054
0.022295
0.0366941
0.0218045
3.08647
0.98504
0.0220746
12.7315
0.0222977
0.0217897
0.391372
0.100599
0.543581
2.13625
0.12698
0.0216577
7.0931
0.0218103
16.1811
0.0221629
0.102168
27.0293
0.0222454
0.0216997
0.0375049
0.0215126
0.436786
0.456349
0.0217644
0.0215881
0.0215902
0.0216224
1.60573
0.282119
0.0383387
0.782775
0.027409
0.0260602
0.023638
0.0277407
0.0283773
0.0215134
0.0221528
0.0216316
0.0217497
0.0244365
0.093527
0.0222521
0.294408
10.9667
0.0216427
4.07701
0.0215799
0.757041
0.0222322
3.64212
0.857479
0.0221621
0.233145
0.0222863
0.271564
0.744196
0.0218805
0.0222689
0.0897898
0.0302439
0.0222253
0.0419589
14.0034
0.0222833
41.6729
0.0224676
0.0218198
0.17315
5.44037
0.0229475
0.0218619
0.0252701
0.021973
0.0393863
0.0215967
0.0218812
0.0214522
0.0222388
3.88083
0.0266922
0.0222285
0.0217351
0.0251652
6.86831
5.75422
0.131035
0.0216468
0.252495
0.0413901
0.0214173
0.0218368
4.76367
0.0222508
0.0217492
43.0401
0.0298325
11.408
0.0225746
0.0445241
11.5595
2.2335
0.742852
0.0217699
0.0734004
0.0221628
0.0223473
0.0216409
35.9772
0.0547667
0.0216945
0.266614
2.55804
4.51665
0.0219931
3.71231
0.0221378
0.0218913
0.183448
6.96532
0.0259572
13.2569
0.080498
11.4943
0.0216513
0.0296483
0.0694474
0.0218789
0.0222065
0.443153
0.0360304
11.4656
9.26329
0.0216689
22.1904
0.0240838
5.78633
0.0221806
0.676307
3.73475
0.083045
0.0222196
0.0219162
0.803468
0.0220717
0.0214812
0.164744
0.0304004
0.0219082
18.4909
0.0219531
0.0217483
0.0221821
0.0221906
0.0214899
0.0217217
0.021622
9.97797
11.1387
0.0223152
0.0215684
0.0218153
0.0217481
0.0266524
0.0217537
4.11407
0.0318208
0.617453
0.0290799
0.0270461
3.11999
0.0218265
0.0888213
3.65702
0.0248971
0.520695
11.8998
7.8498
0.0213903
0.0220451
0.0217241
12.0951
0.564302
7.79846
12.1211
0.0315281
0.0216629
22.5072
0.0280608
0.021982
0.0218808
0.0219838
0.611051
0.034261
0.35608
0.0218324
0.0220334
0.93173
0.0215544
0.0228002
0.0217912
5.27985
0.0215833
0.021802
0.0728016
0.0222163
0.0221715
0.0242694
0.0939495
0.0360088
0.451136
0.0807411
0.0222461
1.12497
0.0316652
0.0217808
0.0220028
7.31162
0.0219821
13.3445
4.66356
0.0215745
0.548305
0.0218029
4.28948
0.48205
6.84427
0.040641
0.203474
10.3136
0.0354601
11.4507
0.648915
0.0219065
0.0217615
0.0487647
0.0689315
8.6782
0.0273339
0.0266414
0.0218943
0.0223031
0.0216923
0.0312892
0.0442659
5.30404
0.042889
0.022042
5.55547
0.0393882
0.0220758
0.0219015
0.0218646
0.0215342
0.0229208
0.0222316
0.0445658
0.0316316
2.08772
14.1406
2.30109
0.021628
0.0218536
0.0378802
0.0261482
0.0217256
0.0251375
0.0216167
4.81944
0.0219535
0.0748697
11.5326
0.0222121
0.0220135
0.0218729
10.6569
0.0780803
0.0536713
3.86522
0.0217048
0.0229695
4.86566
8.68252
0.022231
24.2404
0.0223043
0.0446039
7.10201
0.0217845
0.0221476
0.0218714
1.29528
3.00914
0.775996
35.9991
0.0222514
0.0220626
0.021967
0.10013
0.0221502
0.0215893
0.022046
0.0216293
11.5721
0.0222927
0.0222917
5.59166
0.455853
12.4847
0.0254995
0.0285277
0.0325826
0.188582
0.115199
7.18217
1.538
0.447525
0.0217062
5.22399
0.0215797
0.024094
0.021984
5.09806
0.0214551
0.021777
0.0221048
0.0220935
0.502778
0.0224813
0.022294
0.365842
27.5207
0.0218525
0.0217523
0.0693969
0.0216714
0.0220029
0.0217871
0.021874
0.0342455
0.128343
0.0271849
0.277334
17.0785
0.0239083
3.5873
0.11807
0.0280731
6.34696
0.0216426
6.12874
0.615352
34.7763
4.94583
3.65055
9.36477
0.0334192
0.0219206
0.0228569
0.0218553
3.8768
0.0219056
3.64886
0.595076
0.0221818
6.44148
0.067065
0.0217168
16.861
0.112477
0.0214258
14.9766
0.0223395
0.0315358
10.7003
0.0232948
0.161961
23.0775
0.0215698
3.69899
0.722112
0.0220774
13.2661
0.0217032
0.048416
0.0219094
0.0218654
3.85854
0.0217662
0.0217997
1.08106
13.2741
0.735572
0.0219223
5.62516
3.86583
0.118345
4.92235
0.0216953
0.0218381
5.17381
0.0217409
0.0217322
0.0222114
0.0219603
3.99299
29.4199
0.0426482
0.0216153
0.0271218
0.02189
12.5545
0.0221638
0.0239138
4.0929
11.4878
11.4662
10.1625
0.275233
0.0218929
11.4894
0.021837
12.0695
3.1551
0.141206
0.0221461
0.0219294
0.404015
0.0216973
2.04029
0.0217656
0.0215162
0.0215713
7.28444
1.70084
0.0217708
0.0214026
0.165118
11.7831
11.4644
13.2198
0.0218347
13.843
0.0247202
0.0220759
0.0301953
11.176
0.0219305
0.0222947
0.0219213
11.3427
1.64718
0.0218942
0.0220764
8.2067
0.0707498
4.32222
9.45864
0.264665
0.271408
0.0538958
0.0219176
13.3728
0.0217852
10.9614
0.0219924
0.797527
0.0218181
0.0456942
0.234383
0.704294
11.5062
0.0218938
0.103029
0.0244145
0.0219462
0.0460883
0.0219039
0.0404653
0.0220063
0.0218672
0.0218491
0.0469293
0.0250555
0.0214027
0.0220289
0.0217063
0.0908087
0.0220023
0.0539358
0.0216622
0.0223021
4.95855
0.0228172
0.0664407
0.10594
0.0217388
0.0217796
33.4168
0.102019
0.0216581
10.03
0.0216427
0.0219189
11.0325
0.0213973
0.0222006
0.0390281
0.0221628
0.159215
0.401418
0.614376
0.0825395
0.0221422
13.8117
0.0222944
0.0220943
0.134398
0.0237195
44.7538
0.0219025
0.0215229
0.0220037
14.629
29.439
0.0217712
0.0272006
0.0222485
0.0567296
0.021674
0.0218332
5.57949
0.0222501
0.0217796
2.48871
0.0221526
5.82556
0.0219383
2.4223
0.0219438
4.56338
0.0956205
0.0219018
0.0219492
0.0222507
0.0221566
13.8463
0.0340615
0.0501435
4.33056
7.71778
0.0217848
0.0222331
10.2937
0.0904393
0.0221006
0.0217216
0.0219295
0.0509989
0.0367025
0.0968485
0.0262272
0.0216627
0.0219759
12.6591
0.0219475
0.0218431
0.0234893
0.0279811
0.0218938
0.0217275
0.0235809
0.0403476
0.0216192
11.0349
0.0217274
0.226795
0.0214026
1.71823
0.0215263
0.0231474
0.392642
4.14215
9.69568
0.640458
5.00086
0.0219363
6.63197
0.0216739
0.021646
0.0372155
2.26605
13.7501
0.0215782
4.92865
13.887
4.10509
0.0222639
0.0216026
0.0216373
0.02204
10.3409
0.0981265
0.0673676
0.328447
0.0217843
0.0214134
0.0216014
0.0217702
0.198941
15.1763
0.0219738
28.6677
0.120779
0.22921
0.0563503
9.56896
3.48865
0.0217248
0.0219901
26.964
16.151
6.03258
0.0221805
0.159816
9.07701
0.021513
0.0221935
16.3752
0.0215634
0.122325
0.118765
0.0224387
28.5737
0.0219262
0.0668391
12.2903
0.0265786
3.40414
0.021928
2.70255
8.24342
0.0217067
25.2353
0.0216708
0.0260219
0.0218992
0.606248
2.75414
0.0271059
0.0215033
15.8661
0.0222875
0.0214307
0.0218718
0.0270524
2.49009
0.0214618
0.0227693
0.0217545
4.58977
9.96566
0.0224733
0.152789
0.511234
0.119203
0.1045
0.0220405
0.0419505
0.026994
36.6976
0.0235353
0.0232854
8.18602
0.0320827
0.114429
0.0265721
0.0219506
0.316854
0.0217137
0.0219875
0.0217361
5.60317
0.0219218
14.132
0.0221266
4.5368
0.0218286
0.0318781
2.65382
12.6754
0.0216842
0.0222619
0.0218701
4.6299
0.0216358
5.03632
0.160425
0.841625
0.0219462
0.0214815
11.5394
0.0902735
27.6891
0.0305913
24.1577
0.0289744
0.0219327
0.0219431
0.0695262
4.56625
0.0218718
0.0285555
0.0218833
0.383768
0.021766
0.117462
3.83261
0.0216838
0.0214118
0.0757245
0.0217646
0.310732
19.2159
0.0222243
0.373676
0.250766
0.0455324
0.0215752
0.0217695
0.0401768
0.0372303
0.0252771
0.0507426
0.278235
0.0217164
0.0267157
0.0464457
0.0217656
0.514342
0.022404
3.50533
10.4507
0.022106
0.0223827
2.944
13.3989
11.1304
6.45755
0.021725
4.16012
0.580334
0.0216157
0.0262594
0.0216726
0.0218872
0.0215876
0.0220025
0.0222292
0.0412723
0.0215639
0.0225388
0.0274041
12.4289
0.021793
7.2329
0.436611
0.0216248
0.0220893
0.0220639
0.0220945
0.587091
0.551033
0.0219014
0.0218131
0.0219531
0.022269
0.0219619
0.0240691
0.0217268
0.312782
0.506924
6.13376
0.0271309
0.0217558
0.0263667
0.0237434
0.0220029
0.117866
0.0222457
9.87703
0.0296931
0.200212
0.0222876
0.0216923
6.2357
0.021918
0.0474225
0.022059
0.123995
0.0773782
0.0885678
0.0221745
0.023899
0.623323
0.0216875
0.0222156
0.0233356
0.0219577
0.0217204
3.18533
0.521841
0.0217343
0.0217736
2.74226
0.122383
0.0218392
0.0218924
0.0523005
0.0222811
0.0265777
0.300438
0.632787
0.0227648
0.0518617
3.63785
0.0219121
0.0221935
0.0219398
0.0216068
0.0217523
6.31401
10.7511
0.517582
0.0240581
0.0370327
0.0219035
0.0222594
0.0257513
0.644483
0.0493752
0.0260915
0.0542733
0.0756063
9.6405
0.0219941
0.577664
0.042318
0.696846
0.0350543
0.0216149
0.451756
6.07261
0.0330478
12.25
0.938981
0.0216863
0.0501552
5.54312
0.0215281
0.0222328
9.76111
11.2491
0.0214471
0.0217981
0.112033
0.0215702
0.535145
0.021644
0.0217322
0.0220967
4.10541
0.0288433
0.075744
0.649149
0.0767606
0.0286693
12.1147
0.0216325
0.021548
0.0218864
0.16662
0.701165
0.0485921
0.0240201
0.021777
0.0217434
10.1812
0.0219146
0.0219275
40.5744
15.2184
0.356832
0.0219301
3.06249
0.0217981
0.0220465
0.255284
0.434937
0.0219582
0.729648
0.021913
0.0224579
0.0263254
0.0232452
0.0218031
0.0215315
4.68342
11.3196
0.0216967
0.0216181
0.158182
0.0298134
0.0218889
0.0259938
0.0221301
0.0217945
0.0392931
0.0216081
0.0220807
14.023
9.30096
0.0255594
0.0218672
11.6274
0.0213878
0.0217118
5.29145
0.0220222
8.11316
0.189147
0.0259255
0.711264
0.0218978
0.0218267
0.0218793
0.0217729
0.219777
0.0272949
0.0219172
0.0216161
8.60161
4.45655
0.0217394
2.59939
9.52882
0.0219096
21.7478
12.0332
0.0253259
0.0220127
24.5987
0.0220204
0.0217363
0.021845
0.0218114
0.0220667
0.0797925
0.08485
10.7273
0.0218561
7.93622
1.03645
10.4916
0.02189
0.311427
0.0217104
0.0273864
12.2028
0.0219104
0.0715096
10.0953
0.0252782
0.0385566
0.106891
0.0214208
0.0216762
0.0465943
0.0219985
10.7458
0.490013
0.0219067
0.0219428
0.0268693
0.0221486
0.0405147
0.0219942
0.288143
0.0218564
0.0217838
0.0577576
0.0310968
10.4505
0.114172
0.0226791
1.36888
0.0825709
0.171657
0.0222136
0.815292
0.434612
0.0221096
4.18785
30.5763
0.0216223
0.0222945
0.134446
0.100182
0.0217808
0.0417743
0.725135
0.0214296
0.0219054
0.0426058
0.0222189
0.0536426
0.0217491
0.809345
0.999863
0.0394966
0.433785
0.021487
0.558422
5.85404
1.67179
0.0310159
0.021607
0.022443
0.0981645
0.0220835
0.0216264
0.0222491
0.17967
0.0219134
0.0216228
0.0222665
0.0214332
0.0222391
9.4658
0.286461
0.0222008
0.0218053
0.0217555
0.0220245
0.189199
0.305225
0.753655
0.0719469
10.0177
0.0220145
12.3316
0.555192
0.0260386
0.0218525
0.0365089
0.0220181
0.021914
0.0214546
0.0793226
5.29898
0.0218422
0.118475
0.0878653
0.032302
0.0221471
7.86714
0.0221596
0.0235062
0.108837
0.324402
0.0222268
0.0219687
0.0215233
0.0226055
5.74756
0.0221837
13.4383
0.0218764
0.0218858
1.25785
0.0222699
0.0219497
0.0222359
9.23103
0.0222179
0.107314
0.0301521
12.1649
0.10268
2.68149
0.0218715
0.022342
0.0216876
0.0217968
0.0266466
0.0220965
0.0218981
11.7414
0.0222855
0.0219436
8.31873
5.13613
0.0218166
0.0569652
0.0215964
0.0214515
0.0228088
0.0216319
0.380036
16.3934
0.0214074
0.0221618
0.0707468
14.3407
0.0220244
0.0512424
15.0921
0.0220713
41.0175
0.0224867
3.81502
0.0222231
0.931814
8.31305
0.0216809
3.97375
0.02324
0.0216375
0.0218144
1.09635
3.49665
0.0598235
0.0221725
13.6285
0.021995
0.0223645
0.0219268
11.7199
0.0897757
0.0422354
7.75478
0.0217841
1.25815
15.927
11.7869
10.0376
0.0348001
0.0336517
11.929
0.0219862
0.0224403
0.0708745
5.73022
0.0214178
0.0222853
0.0218976
0.0219463
0.0219171
0.0281627
0.365762
0.0218256
36.9023
0.0219042
0.0227554
0.0219457
0.0448989
5.33991
0.0221654
0.0217137
0.0511052
15.4663
1.03838
8.34043
0.578799
0.0218666
0.0218454
0.0214726
0.401331
0.0222876
0.0218498
29.7818
0.0219038
0.105158
11.905
0.0219505
10.9074
5.05778
0.811338
0.0425872
0.111306
11.9353
0.269391
0.0219003
0.0216393
0.0335017
0.0221425
0.0436857
36.6077
12.5906
0.0275076
7.47313
0.926555
14.13
0.0214247
0.0221804
0.021934
0.0216825
0.0218653
5.09495
4.96
0.0218348
3.47021
0.0218355
0.0218793
0.420093
0.0217724
0.600909
4.28851
3.38247
0.021725
0.0218584
0.0222469
0.0222439
12.1418
0.0219656
0.0255673
0.0219651
0.0965277
0.0235781
0.0219906
0.0219368
4.27372
0.0216084
0.486366
0.0218171
2.57164
0.022029
0.0219473
0.022371
0.359292
0.0216731
0.0217425
7.0917
0.0218812
0.0365241
0.264052
0.489855
0.0356711
0.0217525
0.0218988
0.721079
0.0277291
0.0216691
0.0910576
0.131014
2.84033
0.0219632
0.02193
0.0219229
0.0217435
0.0219456
0.022239
0.484347
0.0225583
14.6002
1.29363
0.0397018
0.0222713
0.021844
0.430954
9.63261
0.0217086
0.0218797
0.0839317
0.0222744
0.0226681
12.6861
2.84781
0.0218845
2.20189
0.0221634
6.84077
0.0215893
0.0220167
0.0218948
0.464074
0.0215858
0.0218819
5.21499
0.0218466
0.0326742
0.0658762
0.0219091
18.1066
0.0262611
5.74264
3.77606
0.0218979
0.0222534
3.74605
0.0218141
0.0218279
0.0219721
0.0281153
0.0220715
14.868
24.6618
3.31927
3.32237
0.0215825
0.478392
0.0218541
5.73849
0.0258364
0.0258813
0.021713
8.21074
0.0220575
0.0223037
9.67993
0.0217215
0.0370638
0.0333984
0.0222791
12.7589
0.021728
3.34174
0.0267744
0.0219779
0.0218407
0.0214247
4.14267
0.0217395
3.76965
0.0222667
0.0236936
0.0233081
0.0250995
8.92985
0.02209
0.0235737
0.153333
0.0493587
0.140259
0.02195
0.0218582
16.0631
0.0214052
14.8601
0.0266843
0.0218551
0.021899
11.9409
0.338817
0.021755
11.4074
0.0218054
0.0226852
0.021792
0.0513842
0.0229159
0.0457717
8.80246
0.0218891
0.0217079
0.0219144
11.2849
0.0218757
0.0220961
3.80108
0.0218723
0.128133
0.0217059
0.0263121
0.0219477
0.0220654
0.0221435
0.189908
0.0278407
0.0217999
0.119842
0.0221026
3.64223
0.0219079
0.132864
0.0218812
0.0218752
0.0219195
39.5651
0.0257524
0.0220824
0.300417
0.0217892
0.0262106
0.0222219
0.0238146
0.0222729
0.0218894
0.0217549
11.3977
0.0219745
0.0218017
5.35016
0.0220026
0.0217582
0.0218867
1.24838
0.0222055
0.0504744
0.0274042
0.406509
0.022212
0.0429562
0.0217169
0.0222966
0.026799
10.3571
0.0222927
0.0216625
0.0219116
0.158176
0.559747
0.02233
0.0218308
0.0216966
8.25673
0.0216047
0.0330506
0.0398222
0.755199
0.0222948
0.0215741
0.710933
0.0221366
0.0477939
0.0284004
0.0214302
0.0382815
0.0219782
0.0270506
0.0214539
0.0217461
0.0219174
8.93674
0.0220093
0.239453
0.0216559
9.80934
3.91475
0.216634
0.0220081
0.586221
0.359717
0.0271867
0.0218986
0.0265919
32.2122
0.0218107
4.58138
0.0222558
0.136944
0.0243594
0.0222149
0.129468
6.9241
0.0218056
0.0231943
0.0219201
0.0318757
0.0218425
0.021698
0.0220394
0.970088
13.8892
0.0222912
0.0219229
0.0216762
4.37708
0.0218531
0.11845
0.0218521
6.17728
9.64957
0.410509
0.0408441
0.0222519
0.0220892
14.8406
0.0216718
0.0348545
0.0222661
0.0331459
28.4881
6.4621
0.0222868
0.0216014
0.0298717
10.8146
0.0595744
0.0218059
4.11939
31.9785
0.0215392
0.518442
0.0214882
0.0424749
0.0218527
0.0221327
0.0222856
0.0332195
0.0218889
0.0214813
11.5047
0.0235958
0.0222598
4.05955
2.93178
0.0220305
8.96752
0.0220991
0.739639
0.0228635
0.0214953
0.0215688
0.0220143
0.0247958
0.342931
0.244346
0.0220028
0.0223955
6.42131
0.0220403
0.0216065
0.0218534
0.0219152
0.33618
0.0219184
0.0215941
0.02162
10.6734
0.0222667
0.0219013
0.0216374
2.61704
0.0221638
0.348296
12.0841
0.0219059
9.62577
32.994
0.0221661
0.0509564
0.113895
0.0214938
0.0216821
0.0223431
0.0219298
0.452852
0.025653
0.0218138
0.0216308
0.0218862
0.0220276
0.0216084
0.0222296
9.1988
0.0215557
0.021832
0.0244207
0.0218494
4.02331
0.0218698
0.0220535
0.0219863
0.0221431
1.22626
7.17874
4.73695
3.43615
0.0220495
11.2561
0.0218264
0.0215905
0.91617
6.69158
0.0222142
0.0219161
0.0729233
0.128437
10.5534
13.595
0.0425377
3.84881
0.0224979
8.89544
0.0219005
0.0240116
0.0218536
3.21884
0.0218838
14.6722
0.0222535
0.0235828
0.0221464
0.0222049
0.415797
0.0215912
0.0214593
5.93847
0.0513465
0.0222464
0.0215404
0.0215826
0.0221701
0.022255
0.0220788
0.0218697
16.789
0.0217879
0.0219222
0.022255
0.0215912
0.0215702
0.0349173
0.0222971
0.0367903
0.0221647
10.0393
0.0217116
0.0945144
0.0642397
0.0217803
0.855772
0.0214371
5.1323
0.0220435
0.0220174
0.021847
0.0215594
0.0980507
0.0218397
0.0220651
0.0215647
5.11777
0.170116
0.022023
0.022271
0.760917
3.24145
45.2982
0.340276
0.66394
0.0218073
0.0218459
0.0287599
0.0218122
35.2796
0.0222581
0.091302
0.0218374
0.0222473
0.0275731
0.0214716
0.0222506
0.0388813
0.449752
0.0216291
0.0215492
0.0222091
0.0218873
0.0216646
0.0216513
0.0219306
0.0218602
0.0287252
0.0432799
6.96582
0.428645
38.727
0.0215585
5.62148
0.0218361
0.131491
0.951749
0.0220316
3.48536
0.0218531
1.51592
9.19327
0.070033
0.0218495
18.0615
0.0235297
0.150515
0.0223641
0.0287048
16.7428
2.97237
0.393572
0.0237943
18.6358
0.23912
35.4766
0.0261427
25.6203
38.2962
11.8958
0.021631
0.0222741
3.69792
0.0214456
0.0219372
0.406335
0.0219167
0.0220937
0.0351271
16.6424
3.79524
10.3923
0.0218578
0.0218213
0.0222075
11.4912
5.53491
0.27992
0.0247929
10.645
0.0218874
0.0268773
2.67249
0.0238418
0.268468
0.0222618
0.0222342
3.73488
0.0218025
0.869573
0.0218725
0.0223239
0.0410975
0.0217865
0.0232305
0.077081
0.0222666
10.5469
0.0218745
0.0214501
9.16283
0.0221341
0.0219084
2.93344
0.0828123
3.42086
3.68232
13.0095
0.0218244
0.107359
9.1856
0.0943828
0.0255687
0.0218288
10.3556
0.0217559
0.0220551
0.149268
0.0829875
0.0402347
0.0220204
0.022231
0.0218187
3.67511
0.0465687
13.4094
0.0222712
14.3867
0.0218632
0.0415954
0.0235064
0.0216132
0.215371
0.381277
0.0316102
0.129001
7.63901
0.0222725
0.0232847
0.0261426
0.0303142
0.0218695
0.0264151
0.0261748
0.115314
0.0215182
12.8689
9.38727
0.0218718
2.73989
0.766761
3.13308
0.022271
0.0215456
5.48019
0.0219269
0.455195
0.0222309
0.0222724
1.7885
0.0232801
0.021649
31.1092
0.0250069
0.0740737
0.0218885
4.89987
0.0491196
0.0981882
0.0286246
0.0223299
0.12077
0.0221429
30.1996
0.0250745
0.355943
0.567427
4.15866
0.14723
8.90355
0.0230126
0.0764084
0.0348085
0.656931
20.4419
0.0217855
0.405362
0.022046
0.0218873
0.855512
0.0632002
0.0215365
0.0697335
1.35647
0.476753
0.399848
3.44475
0.0684206
0.0222635
0.023578
0.0216889
9.88574
0.0218307
2.77893
0.519512
0.0227331
3.7262
8.97013
0.0216469
3.12247
6.26146
3.57385
0.0219683
0.0218791
0.0221296
0.0397558
0.0222729
1.71227
5.32758
0.0396184
2.71418
0.0222018
1.00815
3.67184
4.09762
0.0218728
0.375773
0.0243808
0.104036
0.0303425
0.233682
0.0364447
5.24686
0.0222481
0.0218195
0.0215956
0.484334
3.51759
0.0218996
10.1478
0.0672943
0.0918432
0.0218581
0.113606
0.0221602
1.62461
1.66292
5.14847
0.139517
10.2313
0.0683681
3.84883
0.094593
0.0220876
0.469922
0.0218222
0.0420554
0.0219374
8.455
0.0216426
0.0247955
10.3713
0.0454969
0.0421695
0.0736136
14.5864
16.7196
3.61799
5.14111
0.0381172
0.0219068
0.0216237
0.0405893
12.4303
7.52206
0.0271438
0.0258168
0.093215
0.0401151
0.129293
0.391909
0.0959598
0.0470491
0.0573726
0.478471
0.0215275
12.1353
0.0217399
0.0222807
0.134227
0.026667
7.20301
31.4039
0.125412
0.398984
0.45776
0.0218578
4.80252
5.36543
0.0387763
0.0270197
5.54852
0.0369439
0.044582
3.33523
1.54246
0.0218948
5.71358
7.14453
0.0216806
5.51774
0.0221074
0.0215317
0.0214425
0.0298359
0.505588
5.70074
0.453977
0.0431875
0.0409043
0.0386299
3.46224
)
;

boundaryField
{
    frontback
    {
        type            empty;
    }
    topbottom
    {
        type            fixedValue;
        value           uniform 0.0223;
    }
    outlet
    {
        type            zeroGradient;
    }
    inlet
    {
        type            fixedValue;
        value           uniform 0.0223;
    }
    walls
    {
        blending        binomial2;
        n               2;
        beta1           0.075;
        type            omegaWallFunction;
        value           nonuniform List<scalar> 
120
(
32.5405
40.4609
33.6013
42.2338
36.9918
27.1283
32.2348
36.4262
43.2771
11.1233
36.3653
40.0017
23.8603
29.9435
43.406
33.1398
13.2106
17.8237
17.1619
27.6487
17.3379
14.1816
37.4604
35.0656
42.2399
15.2978
36.852
8.54955
18.0267
8.32813
8.72443
8.55298
7.42164
6.99757
20.8948
26.5088
17.3446
16.4586
38.6158
33.6502
34.9654
15.6921
34.2807
38.747
11.1409
42.5733
41.5032
25.3987
44.8472
26.6079
30.7097
14.4727
35.6033
23.8248
17.3077
43.8395
15.6568
17.3404
20.5091
6.25715
6.96709
35.796
11.7462
36.0305
46.867
7.97188
7.74455
8.38071
26.5391
33.4041
43.1093
26.8818
35.7803
43.06
19.8115
22.0039
29.0864
18.0292
48.3167
7.30394
8.8102
15.8517
6.85104
41.5652
23.6008
17.4013
7.8786
56.7236
8.656
21.5117
16.4261
8.66445
14.6022
8.69806
9.23215
9.49879
17.3241
43.0401
35.9772
34.7763
16.861
14.9766
13.2741
44.7538
27.6891
40.5744
41.0175
36.9023
11.905
36.6077
12.5906
16.789
45.2982
35.2796
38.727
18.0615
18.6358
35.4766
38.2962
11.8958
)
;
    }
    procBoundary0to1
    {
        type            processor;
        value           nonuniform List<scalar> 
80
(
2.97819
0.0285052
0.0217558
2.83697
0.0216185
0.023377
3.0506
0.0224806
0.0224806
0.0228051
0.0214482
0.022973
0.0275153
0.026477
0.0384299
0.0213724
3.18382
2.86189
3.08438
0.0222316
0.026477
0.0215651
0.0213834
0.0255698
0.0343562
0.0215286
0.0214183
0.0214297
0.247236
0.598261
0.0222316
0.0213757
2.92298
0.0214008
0.0216789
0.0214105
0.0213893
0.0213893
0.0215005
0.0246202
0.0213962
0.0213702
0.0343562
0.0213928
0.0674804
0.0674804
0.031065
0.247236
0.0214003
0.0213687
0.0214628
0.021479
0.0213928
0.0877621
0.177383
0.0220404
3.04578
0.031065
0.0214045
0.177383
0.0527266
0.0239442
0.0448071
0.123704
0.0213693
0.0213861
0.0213834
0.0227409
0.0218255
0.123704
0.0213861
2.54517
0.0877621
3.08891
1.96958
0.0404925
2.99235
0.598261
0.0217456
0.0219206
)
;
    }
    procBoundary0to2
    {
        type            processor;
        value           nonuniform List<scalar> 
165
(
16.6219
30.0115
40.7512
0.141381
0.0220269
6.0475
5.94822
9.24399
17.7083
13.2414
30.0115
0.0267787
0.0279233
0.0219667
0.021991
40.7512
0.0219734
4.80171
5.38468
0.0250216
0.0225726
0.0224379
0.112904
6.63999
12.6995
0.0224379
0.106505
13.3971
4.13266
0.0227251
7.09653
0.0220777
5.72819
5.27751
5.72819
0.0219313
8.70679
0.0219354
0.0664926
0.0664926
7.56766
7.47404
6.51416
0.0221103
0.629456
0.351338
0.0219021
5.37398
0.0423047
6.18503
0.629456
0.0220872
6.01813
0.0243539
3.71395
3.82977
3.52226
0.0238159
0.0235186
0.0221202
6.09871
0.351338
6.37657
0.0219213
0.0220474
0.0220563
6.45952
6.32828
0.0219077
0.0518294
0.0221458
0.023183
0.0218988
0.021941
3.40137
0.0222937
0.0392937
0.0219555
0.0221435
0.0223136
0.0219555
0.0220905
0.0469946
0.0578566
0.0219077
0.0264848
0.238447
11.6465
0.0218982
0.0219177
4.83402
0.0219997
6.37657
0.0222283
0.0299209
0.022179
0.025423
0.0814014
0.0469946
0.0219223
0.031058
0.0222144
5.54579
3.09174
0.0219735
0.036701
0.0219517
6.61104
3.21311
2.93334
0.0222661
0.0221544
0.0219071
4.00804
14.2215
12.6395
7.69933
3.20417
6.59941
0.0229537
13.6826
0.034419
0.036701
2.95532
0.0218986
8.47516
13.6984
13.1351
0.0220383
0.0327373
0.0219041
6.62317
0.0222524
12.3887
0.0279233
13.3387
0.1916
0.0814014
0.0220037
0.0220178
5.79508
0.0221901
6.02468
10.8757
16.0775
6.44001
4.42189
8.62376
15.5751
7.48823
7.16956
17.7492
11.8592
8.05255
5.80231
23.9536
2.16251
0.0288514
7.359
31.4531
0.0222258
5.82837
1.25798
22.7881
16.6249
)
;
    }
}


// ************************************************************************* //
