/*--------------------------------*- C++ -*----------------------------------*\
| =========                 |                                                 |
| \\      /  F ield         | OpenFOAM: The Open Source CFD Toolbox           |
|  \\    /   O peration     | Version:  v2012                                 |
|   \\  /    A nd           | Website:  www.openfoam.com                      |
|    \\/     M anipulation  |                                                 |
\*---------------------------------------------------------------------------*/
FoamFile
{
    version     2.0;
    format      ascii;
    class       volScalarField;
    location    "100";
    object      omega;
}
// * * * * * * * * * * * * * * * * * * * * * * * * * * * * * * * * * * * * * //

dimensions      [0 0 -1 0 0 0 0];


internalField   nonuniform List<scalar> 
9793
(
0.588867
0.242519
0.938021
0.021011
2.0199
0.0228212
0.0218422
0.0207772
0.0215349
1.93052
0.0534742
0.079824
0.021059
0.0213944
0.0230618
0.0214014
0.0215536
0.0218034
0.813576
0.0213945
0.209945
0.0228957
0.435262
0.01977
0.0217614
0.0211614
0.0232424
0.0208315
0.04242
0.0215254
0.0347558
0.442121
0.479951
0.022084
0.0490753
0.984072
0.0225266
0.0228713
0.0208544
0.0210238
0.0338477
0.0230919
0.0221912
0.0220113
0.0222122
0.0213575
0.0464909
0.0653594
0.597828
0.020983
0.0505215
0.0590565
0.0231278
0.0215491
0.132751
0.181697
0.0214266
0.0908516
0.746754
0.0208392
0.0216355
0.0230683
0.696557
0.0219094
1.77169
0.438674
0.65026
0.729218
0.0756619
0.0529678
0.0866804
0.0216262
0.0211281
0.120302
0.0574576
0.623189
0.0214189
0.0205876
0.0212338
0.0209051
0.4396
0.0212598
0.26114
0.0927955
0.0309605
0.0758823
0.0210349
0.0214126
0.0225003
0.0214421
0.237
1.48583
0.0205394
0.439854
0.0227538
0.117335
0.214346
0.256645
0.0204587
0.020313
0.0202902
0.0214247
0.0204178
0.0203986
0.0205714
0.0302333
0.0223324
0.0217333
0.0227429
0.04409
0.0219393
0.0851395
0.0214109
0.814426
0.0588679
0.0214274
0.414048
0.0565527
0.0213842
0.441691
0.0483171
0.0236765
0.0213265
0.0231355
0.0217757
0.15197
0.0368206
0.0927517
0.0213375
0.0211532
0.0225943
0.0214213
0.0211529
0.0216215
0.0215076
0.0214079
0.0222571
0.0218101
0.0214045
0.0200209
0.0213166
0.0216598
0.0211976
0.0203685
0.0215825
0.0232936
0.0950973
0.0203815
0.0204193
1.22867
0.503285
0.0225467
0.640502
1.94947
0.0203853
0.0231225
0.0211049
0.021582
0.0203224
0.0211456
0.0207773
0.0208325
0.0212445
1.01959
0.1209
0.420885
0.0797464
0.0251444
0.0227078
0.0211206
0.021177
0.529713
0.134229
0.534236
0.0217283
0.968529
0.021416
0.0197481
0.0211702
0.0261604
0.278148
0.0220567
0.0203434
0.0216754
0.420543
0.0211134
0.100395
0.0211637
0.021301
0.0211966
0.0217338
0.0213326
0.65548
0.0972814
0.739012
0.0258866
1.52293
0.0210114
1.93011
0.020109
0.0215006
1.1846
0.308011
0.0211602
0.0214138
0.020304
0.537731
0.0205069
0.0277122
0.022173
0.0296665
0.610333
0.619526
0.0215699
1.53435
0.0209401
0.0212349
0.38834
0.0202881
0.811551
0.0804667
0.0213607
0.0217822
0.021335
0.106013
1.10902
0.0228496
0.0203686
0.0800712
0.0446222
0.0198355
0.0197685
0.0221176
0.0203043
0.0418135
0.812401
0.0213869
0.0211063
0.127725
0.0212443
0.027282
0.0213832
0.0210624
0.474385
0.0210736
0.0204175
0.0207634
0.0215665
0.0204641
0.0218318
0.0216698
0.0233523
0.0551227
0.039262
0.0210202
0.0236536
0.0211648
0.0236253
0.0228444
0.0203726
0.132703
0.0210892
0.0550584
0.0218624
0.0255537
0.0200069
0.0200093
0.029562
1.19114
0.0220808
0.0204055
0.0202365
0.0263852
0.0213795
0.214547
0.211827
0.0211625
0.149512
0.0213737
0.0393823
0.0215033
0.0199114
0.0222106
0.0208953
0.0367598
0.0213581
0.0216679
0.0245268
0.0210743
0.0214056
0.021393
0.452998
0.0222624
0.0226037
0.0227996
0.0215994
0.0219085
0.025027
0.0212476
0.94987
0.0203905
0.346526
0.462866
0.0222419
0.0219707
0.0203799
0.0274999
0.0238588
0.021429
0.361369
0.0217522
0.0203621
0.0240524
0.0218067
0.0214993
0.0213163
0.0822024
0.0210711
0.02529
0.0222145
0.0209946
0.131002
1.32418
0.0988585
0.0201455
0.254956
0.0220086
0.831906
0.0632956
0.0205976
0.0227296
0.0617481
0.0213016
0.0255009
0.0627375
0.0207368
0.0220555
0.0214855
0.0211349
0.0208851
1.41709
0.0211645
0.0209827
1.0051
0.0212752
0.0213564
0.0201078
0.0222281
0.0207521
1.52336
0.0218347
0.0213626
0.0216366
0.0213911
0.488868
0.0215293
0.0361244
0.0197746
0.0344091
0.247101
0.100549
0.0365419
0.0221869
0.0220524
1.48104
0.0217779
0.156389
0.0212133
0.0203759
0.392573
0.0251819
1.20504
0.0213659
0.0448539
1.14698
0.022736
0.0210934
0.487544
0.0246252
0.106385
0.0236865
0.0215075
0.460793
0.0212757
0.0221296
0.0225666
0.0212746
0.0227737
0.0215293
0.0231941
0.48693
0.02165
0.29631
0.426917
1.46124
0.0449973
0.0634659
0.0209257
0.0214852
1.65579
0.399631
0.021374
0.0217239
1.22197
0.0202381
1.16367
0.0211243
0.0232313
0.0202074
0.031392
0.0211567
0.0251554
0.202322
0.0205336
0.434758
0.0247971
0.0219122
0.0249105
0.0211359
0.0221401
0.0227839
1.35249
0.0213484
0.0215182
0.0620058
0.0214938
0.0227935
0.0220061
0.0211768
0.0269886
0.0211526
0.0215279
0.0201403
0.411214
0.0227932
0.41386
0.0211448
0.685222
0.0231288
0.0212058
0.0223794
0.0216509
0.523737
0.0209886
0.551155
0.0212817
0.0211904
0.0221125
1.27312
0.0371512
0.153816
0.646169
0.0231372
0.0212616
0.0441063
0.0267535
0.030283
0.250844
0.52065
0.0216492
0.0231877
0.0448996
0.0213305
0.0213982
0.0213108
0.0204112
0.0221847
0.52816
0.0251754
0.389206
0.0204342
0.0280662
0.0197097
0.0218422
0.0227752
0.0212887
0.0442888
0.0212175
0.0225218
0.0203131
0.0214129
0.0231914
0.0504845
0.0211865
0.0212604
0.497287
0.0240662
0.0218398
0.654077
0.688598
0.0221416
0.0225606
0.0222435
0.0232674
0.0215419
0.0224629
0.022131
0.0210684
0.0211821
0.0210346
0.0828336
0.060859
0.0210325
0.500404
0.0341856
0.0203745
0.0222794
0.0212412
0.072811
0.0214921
0.107774
0.0206389
0.0210746
0.0501437
0.0212911
0.0314808
0.350317
0.02625
0.0203658
0.338548
0.0237841
0.020542
0.0211719
0.0523861
0.0209179
0.0205258
0.0212709
0.0209119
0.454262
0.0419037
0.0328721
0.0225162
0.0211417
0.0210286
0.0214596
0.0218314
0.0212873
0.0608534
0.107981
0.0202647
0.0225392
1.6789
0.0213404
0.0212704
0.0379484
0.0216581
0.0566514
0.391651
0.0213745
0.133857
0.0199336
0.494757
0.0242806
0.525933
0.0211076
0.021047
0.0213333
0.240588
0.0221662
0.623518
0.45755
1.69334
0.0325225
0.0965691
0.0301318
0.0230832
0.0286785
0.0223277
0.103561
0.0215236
0.629687
0.0202372
0.189661
0.0220616
0.0218258
0.0210119
0.143336
0.0203106
0.0209148
0.0220709
0.0223894
0.025709
0.0211399
0.0212583
0.0213155
0.0212924
0.763931
0.0209798
0.513736
1.33885
0.0209917
0.0218711
0.0289771
0.0217227
0.0213073
0.0217278
0.0227709
0.0242709
0.0220205
0.0223902
0.0204862
0.021355
0.0220262
0.0237168
0.0217567
0.0223457
0.666198
0.021323
1.34011
0.0242417
0.0220019
0.021268
0.0207128
0.0220622
0.0223472
0.021061
0.022004
0.0196642
0.0210495
0.0219517
0.0211724
0.023441
0.0199193
0.0218253
0.0222063
0.0215109
0.0232887
0.0220657
0.0299283
0.0223953
0.0210132
0.0212778
0.0205271
0.020915
0.0215929
0.0211513
0.0209659
0.0213315
0.0203015
0.0328264
0.0210356
0.0222792
0.0213413
0.643699
0.0210349
0.0202098
0.0522763
0.0199132
0.0215427
0.151205
0.021781
0.0225048
0.0227542
0.0912897
0.0207237
0.0486081
1.70698
0.323725
0.342827
0.0214803
0.0213475
0.490219
0.0232106
0.0201753
0.0777757
0.632863
1.67409
0.0212882
0.0569737
0.0213505
0.0213349
0.742107
0.0211871
0.0590935
0.0250401
0.0620177
0.0209998
0.0229788
0.0219779
0.142994
0.741655
0.0211523
0.0241161
0.0258021
0.0209585
0.0231457
0.0487333
0.210494
0.0210824
0.0128444
0.0225357
0.286596
0.0103314
0.4753
0.361161
0.0209604
0.0287522
0.31825
0.0210355
0.0211585
0.0222443
0.021164
0.0202174
0.285327
0.0201388
0.523066
0.0226144
0.168795
0.0527703
0.0214733
0.124268
0.364749
0.0217388
0.512821
0.0280532
0.0722904
0.0202206
0.0198786
0.115549
0.0213355
0.686658
0.0209638
0.373506
0.0204792
0.0578807
0.163251
0.0209482
0.350556
0.0214226
0.0221334
0.033798
1.30467
1.35657
0.0210558
0.0204978
0.020318
0.338555
1.11327
0.0227924
0.0247766
0.0281412
0.0202733
0.0209936
0.0217522
0.0715459
0.0245968
0.0214131
0.0209139
0.0208076
0.396597
1.65346
0.291362
0.0205324
0.0209261
0.644404
0.0211714
0.487593
0.0414439
0.522709
0.0790658
0.369962
0.0208654
0.021479
0.0228326
0.0219527
0.023922
0.0212189
0.0565654
0.476876
0.0204213
0.428316
0.0207969
0.0352171
0.0215858
0.176757
0.0247342
0.0218357
0.0210964
0.0248515
0.0838159
0.410608
0.326962
0.0214051
0.032453
0.0213527
0.0224717
0.0232401
0.239842
0.0243411
0.072401
0.0208558
0.0262342
0.0211381
0.0199405
0.0220193
0.0209535
1.63463
0.0211451
0.0225073
0.022432
0.0232041
0.0202434
0.0578656
0.0217009
0.021914
0.0208819
0.0210041
0.349782
0.0210471
0.0964889
0.0204367
0.0255869
0.0208931
0.0659775
0.0213666
0.0746446
0.0215762
0.0213706
0.0208846
0.384866
0.359413
0.0364483
0.156096
0.590336
0.0213195
0.0227249
0.236928
0.0206434
0.107597
0.101012
0.0624954
0.105607
0.0224177
0.345834
0.0237026
0.423503
0.244577
0.0223322
0.0215479
0.339624
0.870255
0.0239551
0.0234566
0.0212029
0.0220992
0.0324958
0.0215839
0.0208762
0.0219969
0.163043
0.0336775
0.0230491
0.29748
0.0209027
0.021189
0.167709
1.33244
0.0335561
0.0220171
0.238547
0.0205218
0.0206169
0.401113
0.0203389
0.0222761
0.358485
0.372421
0.0210493
0.126588
0.140278
0.0661515
0.432572
0.237618
0.0224259
0.720417
0.0216798
0.0208438
0.0213355
0.0218347
0.0214282
0.284259
0.0212685
0.469119
0.0236719
0.0491821
0.021809
0.0333879
0.0217841
0.0213266
0.0413845
0.0242422
0.0208831
0.0797187
0.021736
0.0278158
0.0211004
0.0202972
0.352502
1.36579
0.0309915
0.019703
0.0196581
0.0232803
0.0212825
0.998228
0.0780717
0.41607
0.0315055
0.119304
0.0214487
0.0291064
0.0255606
0.023067
0.11394
0.0211084
0.02101
0.582952
0.0334172
0.256781
0.0210632
0.306395
0.334023
0.0240987
0.0375511
0.0229086
0.968917
0.0214538
0.0239851
0.347044
0.0221618
0.0210753
0.206543
0.0216355
0.0204999
0.0209934
0.163246
0.0217076
0.0247327
0.0352861
0.036158
0.0250393
0.0322763
0.223342
0.44945
0.182188
0.0209043
0.0214798
0.0218931
0.0217481
0.0212663
0.588548
0.353837
0.0229327
0.0497365
0.107128
0.217479
0.0215019
0.368022
0.0212481
0.381481
0.0676168
0.0206316
1.27762
0.511791
0.0208572
0.0214472
0.0213722
0.192767
0.117183
0.0258281
0.04806
0.0948844
0.0244144
0.252576
0.257961
0.0211631
0.0213882
0.275139
0.623094
0.0210893
0.0212887
0.0211212
0.0217293
0.0215401
0.0238923
1.34805
0.0212717
0.0238266
0.682886
0.0216129
0.0228024
0.0242789
0.618869
0.0214903
0.0227251
0.158868
0.021736
0.0204039
0.0217907
0.0209177
0.0223627
0.230339
0.426533
0.0215684
0.137614
0.0248619
0.272095
0.0213489
0.021995
0.0221871
0.0217086
0.365406
0.0213781
0.0221771
0.0258259
0.0219345
0.0259316
0.0244637
0.0212186
0.0904497
0.0214607
0.0210472
0.567439
0.0210872
0.671411
0.0268341
0.0209599
0.105011
0.0223921
0.0299686
0.103301
0.0202362
0.0341526
0.0209808
0.0213761
1.15107
0.702271
0.0202562
0.0214535
0.0206925
0.021593
0.0763671
0.0221212
0.021466
0.0220158
0.0219575
0.0218529
0.0212794
0.0203889
0.0209618
0.0211873
0.194309
0.0240332
0.0200841
0.0376228
0.0211945
0.635327
0.168633
0.0310841
0.0214404
0.0212384
0.0680634
0.0232691
0.0213847
0.021651
0.299674
0.122513
0.0213579
0.020016
0.0620007
0.0570579
0.0198438
0.42784
0.0370671
0.0214326
0.0217575
0.0505716
0.0215491
0.0298908
0.310544
0.0216903
0.0609117
0.0674301
0.0339856
0.0200614
0.0213394
0.0199564
0.019977
0.122219
0.0210821
0.0505209
0.0479044
0.0199477
0.0217946
0.0310406
0.0229435
0.0215937
0.0213849
0.022466
0.460911
0.0199842
0.0214682
0.113995
0.0222219
0.0215535
0.0219659
0.0211001
0.0215722
0.0211897
0.0214671
0.0342858
0.0231738
0.108681
0.418977
0.0200694
0.0214112
0.020023
0.0852813
0.0210143
0.0243069
0.0212933
0.0202341
0.0280378
0.0204076
0.0277051
0.0213909
0.0204216
0.338594
0.370637
0.021737
0.0216064
0.020961
0.396891
0.618884
0.0213873
0.419417
0.670677
0.0222769
0.141916
0.354255
0.0233455
0.191906
0.0449783
0.0813446
0.0211982
0.0313564
0.0899139
0.02037
0.332707
0.267292
0.0213818
0.319269
0.429727
0.0238641
0.24747
0.0201713
0.0255583
0.0467212
0.0212445
0.36057
0.0202462
0.0385327
0.0753402
0.0201108
0.321138
0.0217892
0.0219135
0.0308485
0.0231108
0.203654
0.293857
0.0204403
0.0233481
0.235955
0.0207179
0.023831
0.0208189
0.280599
0.668976
0.0249364
0.0214236
0.0240766
0.229489
0.254652
0.0272014
0.0201229
0.0209042
0.2696
0.0397783
0.409544
0.0226901
0.022868
0.0246573
0.0202648
0.0222803
0.0243347
0.0231057
0.0208973
0.0242448
0.454213
0.475961
0.0209729
0.15702
0.0240499
0.321977
0.303669
0.0471653
0.665673
0.0968009
0.0201871
0.110357
0.117545
0.401276
0.345864
0.0212534
0.11819
0.37868
0.043484
0.0245426
0.343163
0.243696
0.0210782
0.0242552
0.0236092
0.0212186
0.0665227
0.0212712
0.0236566
0.0206326
0.0203355
0.0217244
0.0213453
0.0225775
0.0244405
0.469456
0.0242264
0.36371
0.0208322
0.0252345
0.0215141
0.763457
0.588745
0.0211884
0.046849
0.0214703
0.0202196
0.0212968
0.0202012
0.0210705
0.0906702
0.0215507
0.211096
0.0210962
0.0209501
0.458368
0.0224181
0.0217175
0.0211308
0.0212585
0.0264662
0.0664976
0.297491
0.167829
0.629013
0.0214855
0.0216649
0.0215186
0.0233716
0.0448453
0.077551
0.260388
0.0209683
0.0439883
0.0219517
0.229588
0.256557
0.0238466
0.296525
0.663931
0.0225652
0.0416341
0.0209202
0.043205
0.022829
0.0855921
0.0414233
0.0202675
0.392948
0.455247
0.0215905
0.022466
0.0217655
0.165734
0.023254
0.0216387
0.468621
0.0208152
1.07167
0.0267259
0.0236494
0.0219393
0.0216968
0.574894
0.0211465
0.160033
0.0236132
0.0212909
0.0207285
0.0490503
0.0224938
0.292919
0.022451
0.0242804
0.024356
0.0684248
0.0226051
0.0213137
0.337825
0.0216197
0.0204055
0.298484
0.328246
0.0242421
0.0205181
0.0221754
1.47801
0.0682332
0.0211572
0.0345754
0.0234074
0.106812
0.284121
0.0218008
0.0211175
0.0852418
0.0209654
0.0207452
0.0213666
0.0788186
0.329356
0.150025
0.0240176
0.0216908
0.0218802
0.363471
0.0324306
0.0221744
0.0216417
0.0210404
0.082912
0.391539
0.310669
0.0212282
0.126322
0.0202201
0.0201786
0.0220249
0.0218387
0.0405722
0.0213487
0.275171
0.43666
0.380641
0.023383
0.0214723
0.0214993
0.038774
0.0206184
0.0212602
0.0361166
0.0214638
0.0212591
0.0221227
0.0240098
0.020145
0.285126
0.0400948
0.0239422
0.0229372
0.247701
0.0227578
1.63833
0.0213609
0.0212576
0.0214608
0.021052
0.021443
0.020897
0.0918241
0.0917915
0.021532
0.0220435
0.0212363
0.0238859
0.0228804
0.0694539
0.02191
0.221662
0.021303
0.0217563
0.0222998
0.075511
0.0214663
0.236784
0.0214679
0.0214855
0.0196649
0.237743
0.0227163
0.298759
0.288921
0.021865
0.0214585
0.0211304
0.0213956
0.178862
0.0219891
0.023976
0.550116
0.0215346
0.547942
0.976994
0.0229465
0.0966419
0.0215031
0.022952
0.0209887
0.0203564
0.0202332
0.0213497
0.0921158
0.0832235
0.0208396
0.660089
0.0634521
0.0212511
1.15193
0.0203328
0.0355061
0.0221314
0.0210247
1.28982
0.021456
0.0225277
0.0237892
0.0853056
0.0736857
0.0218577
0.0209768
0.0223592
0.313414
0.0507315
0.0354598
0.0256519
0.0214351
0.0213979
0.429793
0.021721
0.0279614
0.228413
0.463605
0.0214422
0.0340611
0.0214691
0.0217248
0.0346291
0.0293037
0.0328469
0.0219405
0.0217674
0.0248671
0.12165
0.0484821
0.0203996
0.0241695
0.0879902
0.0229414
0.040355
0.0215701
0.0216593
0.0213394
0.0453005
0.64711
0.315904
0.0214493
1.40345
0.0239288
0.0255313
0.0214797
0.0213397
0.0213591
0.0207971
0.0528857
0.0222746
0.0221727
0.0219113
0.021339
0.0214338
0.155789
0.0214067
0.0213861
0.0216899
0.588762
0.943911
0.0214251
0.0211557
0.0214607
0.31817
0.0219751
0.541324
0.0214483
0.0528128
0.0214284
0.0216478
0.0451468
0.0216249
0.0308397
0.0216406
0.0214469
0.0203457
0.0224451
0.146552
0.0217903
0.0218516
0.349024
0.0215369
0.0222918
0.0218943
0.0215684
0.0212395
0.0218632
0.0630878
0.020759
0.020826
0.0209497
0.482637
0.0235513
0.379843
0.0214834
0.0216818
0.630643
0.215081
0.264104
0.0248977
0.032277
0.27071
0.021478
0.466087
0.0220687
0.109388
0.0209755
0.302108
0.03083
0.0196888
0.0233281
0.0236561
0.0222914
0.0206991
0.266999
0.0209009
0.266911
0.0216135
0.0213859
0.0217037
0.0207592
0.0217251
0.112923
0.0213375
0.0211379
0.021136
0.0215856
0.0213683
0.0436056
0.639742
0.447414
0.0214757
0.0230413
0.0231773
0.0214599
0.0213168
0.102164
0.038382
0.022491
0.0213204
0.0482396
0.0224462
0.0853329
0.178636
0.0226727
0.0203089
0.021286
0.0267441
0.526688
0.0214999
0.0212188
0.0533334
0.11773
0.0430319
0.586143
0.021296
0.0237494
0.0235035
0.0204704
0.0216694
0.480753
0.340558
1.1433
0.0212678
0.643114
0.0216608
0.0214717
0.024311
0.0218028
0.0243364
0.0334511
0.0212321
0.0214626
0.0213187
0.0208888
0.0201714
0.0211332
0.0244047
0.324521
0.0330253
0.0196563
0.0201228
0.021273
0.0217341
0.0213247
0.298006
0.0218412
0.0218826
0.0218138
0.26771
0.0212489
0.0229293
0.28713
0.0213026
0.0212754
0.272192
0.0212118
0.0213587
0.0212268
0.196393
0.0362429
0.0420758
0.0217048
0.938982
0.0225078
0.0201594
0.0204115
0.0212487
0.0389083
0.0212676
0.0216009
0.0412966
0.021343
0.436303
0.0228136
0.0283972
0.021667
0.0407293
0.0298023
0.0214539
0.0211319
0.0219641
0.0215193
0.0213162
0.467015
0.0209704
0.048676
0.0211683
0.0216231
1.66407
0.0210704
1.353
0.0789074
0.0212934
0.0670785
0.0211488
0.0218559
0.0212495
0.0216921
0.0207345
0.0213241
0.0212953
0.0213667
0.0733489
0.0214692
0.0209659
0.0217275
0.0208019
0.0212082
0.0212089
0.0214114
0.0205126
0.0213086
0.021264
0.0213708
0.0212539
0.0218228
1.27647
0.0212334
0.0219131
0.110899
0.339078
0.0210009
0.0264084
0.020983
0.0210284
0.0212814
0.0214589
0.629752
0.337184
0.0211119
0.0227447
0.375966
0.0215355
0.0604495
0.494227
0.0204295
0.107536
0.0214538
0.0609151
0.0237722
0.312261
1.27263
0.459641
0.0209934
0.0211072
0.0213048
0.0243461
0.0664043
0.0224896
0.0597262
0.455924
0.0213762
0.221381
0.0526233
0.0269987
0.0203925
0.0341597
0.0327782
0.0212925
0.0210295
0.0220965
0.0239837
0.0238565
0.0243884
0.0237398
0.0241647
0.610058
0.0210782
0.0212514
0.0211566
0.198016
0.0242743
0.0243672
0.147971
0.578515
0.0236399
0.021046
0.0241737
0.0212209
0.0324121
0.0213524
0.0219545
0.0509876
0.0245767
0.7966
0.0203631
0.261735
0.0362571
0.0848508
0.357934
0.647044
0.0211188
0.0213409
0.0213308
0.0346046
0.021403
0.0208861
0.0213312
0.0304123
1.22585
0.172734
0.0240638
0.0267355
0.535361
0.0386509
0.258634
0.0449572
0.0497136
0.0360497
0.61129
0.200724
0.0211128
0.0211261
0.0211377
0.0601042
0.0270068
0.0481528
0.0216819
0.0212365
0.021229
0.177608
0.0211774
0.0211877
0.0210596
0.0350809
0.0209545
0.0211578
0.020322
0.0254773
1.36488
0.0290606
0.0236626
0.0214768
1.44138
0.0282782
0.0208753
0.0213254
0.0720079
0.140393
0.0215342
0.0215891
0.188755
0.0211505
0.0210072
0.0209699
0.0214384
0.0759283
0.0210042
0.0215043
0.0211162
0.0216181
0.0212402
0.0211422
0.0210607
0.0212377
0.021348
0.0842952
0.0212445
0.0206862
0.106772
0.0429645
0.0228343
0.0606825
0.0209851
0.0372575
0.0212884
0.0261747
0.0210856
0.454971
0.0211183
0.0212297
0.0201408
0.345105
0.0242931
0.0212002
1.34299
0.0212158
0.0201429
0.0212216
0.0219891
0.0262831
0.0209648
0.445114
0.0214325
0.249173
0.0416124
0.0213598
0.0311012
0.0210049
0.0206215
0.0211877
0.872927
0.0255453
0.0341359
0.0400489
1.36159
0.0252641
0.0388079
0.0244107
0.0213016
0.0200972
0.178921
0.459515
0.0209823
0.0362382
0.0209168
0.0210227
0.249395
0.0205061
0.0212789
0.0357345
0.0459647
0.46018
0.0213029
0.0210375
0.0402797
0.0209467
0.0215831
1.22558
0.0212038
0.0480951
1.3022
1.21338
0.0213234
0.0222129
0.0211255
0.0204785
0.174429
0.0215389
0.0213991
0.0358631
0.0206899
0.0137504
0.0213604
0.0223978
0.0237216
0.568537
0.0240853
0.0217268
0.155316
0.358524
0.0212451
0.332151
0.0216539
0.0212669
0.021342
0.0209858
0.0239726
0.165539
0.439385
0.0211659
0.0240929
0.0218294
0.0199473
0.0210412
0.0212875
0.0239963
0.0208159
0.0211419
0.0219526
0.0214533
0.450975
0.0213646
0.0221031
0.0601329
0.0222904
0.0202219
0.321224
0.501996
0.521676
1.46561
0.0618275
0.0205533
0.0220552
0.637201
0.40318
0.024044
0.124262
0.343706
0.0214502
0.305596
0.436602
0.0214995
0.305607
0.0218193
0.514172
0.471316
0.995732
0.0219271
0.0210094
0.0467679
0.0212718
0.0213697
0.282221
0.105371
0.0213264
0.0214036
0.0211044
1.24824
0.021089
0.0210636
0.021229
0.0210039
0.021018
0.394559
0.0217292
0.0209633
0.0213894
0.0311921
0.521153
0.568463
0.0212842
0.0211316
0.022585
0.0212756
0.0209959
0.0211266
0.503178
0.0212296
0.0350622
0.0211358
0.0214828
0.0203005
0.0213148
0.553096
0.520265
0.0205367
0.0217226
0.205232
0.608624
0.113713
0.477064
0.0213177
0.0313188
0.0211084
0.0199359
0.0211027
0.0201634
0.0210675
0.0212395
0.0215781
0.0663863
0.0204856
0.0856468
0.534431
0.0204606
0.0379897
0.0488155
0.021828
0.0211265
0.0212078
0.0212285
0.0210358
0.347722
0.0201723
0.0210718
0.550042
0.0211003
0.0212858
0.0209828
0.0417034
0.0213686
0.0213583
0.586434
0.0206768
0.0206061
0.0210905
0.0364937
0.0212428
0.0197816
0.0210977
0.0206839
0.629993
0.434873
0.0210337
0.291121
0.0200439
0.0212496
0.0218799
0.105173
0.715717
0.0200324
0.0232544
0.0213059
0.0211458
0.0211011
0.0210961
0.0738604
0.345642
0.0212898
0.0217851
0.225204
0.0209613
0.0210666
0.0241729
0.0276348
0.614579
0.0213037
0.0237939
0.422239
0.0211233
0.0238959
0.0527538
1.34987
0.0210738
0.020951
0.0208963
0.0211205
0.0209742
0.258748
0.0210525
0.428582
0.0487657
0.0217528
0.0239216
0.235609
0.02158
0.398198
0.479413
0.213253
0.025533
0.0211792
0.0223647
0.230331
0.0208195
0.0420109
0.0209579
0.020089
0.0200723
0.0201282
0.0211308
0.620813
0.0215932
0.292208
0.086761
0.0741396
0.537725
0.0199911
0.0213697
0.0223758
0.0684594
0.0211672
0.457307
0.0363129
0.0200504
0.0209322
0.256555
0.0209272
0.0233838
0.347324
0.0210482
0.280123
0.0217525
0.0421691
0.82993
0.0213764
0.0205984
0.0398089
0.603377
0.021196
0.0224738
0.0201767
0.0260548
0.0208695
0.453859
0.020997
0.0208072
0.0912215
0.0201108
0.275533
0.0213939
0.0211746
0.0211141
0.626897
0.0209719
0.0208936
0.107953
0.858713
0.119984
0.0213371
0.0201292
0.0333302
0.625765
0.0505942
0.144414
0.0235544
0.0239315
0.021541
0.0212644
0.0243614
0.0216915
0.0210825
0.0203684
0.0436832
0.0243523
0.020924
0.0197137
0.021501
0.0205845
0.0213072
0.0228876
0.38084
0.093614
0.0229816
1.25011
0.378946
0.0206468
0.0209433
0.0219097
0.0353434
0.0203172
0.0213986
0.0209094
0.0209965
0.0211409
0.0499872
0.0212758
0.0648262
0.0212594
0.0208617
0.366807
0.0458368
0.0214262
0.020886
0.0208504
0.639502
0.195312
0.0214675
0.0202322
0.0250757
0.0209351
0.0212291
0.0210107
0.104426
0.0209942
0.0208459
0.0461856
0.0204645
0.0676496
0.0239192
0.0210283
0.0213017
0.228749
0.118409
0.457084
0.0669229
0.0237274
0.0222378
0.0216163
0.0212418
0.0242912
0.0208287
0.708985
0.599153
0.0226283
0.0396115
0.0713898
0.0208564
0.182528
0.0237758
0.165514
0.0257563
0.0207838
0.0208031
0.0216735
0.0210764
0.200423
0.44289
0.0598305
0.0211711
0.0209152
0.0208542
0.247022
0.0238741
0.360523
0.0208775
0.0212643
0.0487851
0.0210231
0.0744408
0.160648
0.020875
0.0213847
0.0198959
0.0211661
0.337229
1.29716
0.0208574
0.0210489
0.0206761
0.249714
0.0211466
0.0231285
0.133854
0.265287
1.0183
0.393389
0.63983
0.0212398
0.0262023
0.0215045
0.0210735
0.0224956
0.27814
0.0204509
0.0211021
0.0739597
0.0212566
0.0222755
0.371073
0.0206061
0.0210547
0.0584973
0.028852
0.0201465
0.0202045
0.0470072
0.477432
0.0418126
0.458034
0.0860129
0.646371
0.0209742
0.0123003
0.141084
1.32902
0.431663
0.017102
0.629151
0.282377
0.190688
0.0206111
0.0210105
0.0202805
0.0212447
0.382666
0.0207671
0.0530915
0.0210363
0.0216965
0.0213273
0.515188
0.0213179
0.0514241
0.0238043
0.0232236
0.0322439
0.0133595
0.0484197
0.0198305
0.0442121
0.0212379
0.0579656
0.0214256
0.0841548
0.0309133
0.0238893
0.663875
0.0207911
0.105504
0.0238394
0.0235238
0.0213706
0.696133
0.0215543
0.0208863
0.0211982
0.288642
0.0214397
0.0263487
0.0350546
0.0262638
0.12738
0.0208338
0.0200858
0.779018
0.0392367
0.376257
0.24055
0.0208661
0.188253
0.521107
0.0501408
0.0206845
0.0413538
0.34247
0.0207704
0.0248171
0.0199336
0.019337
0.447902
0.312418
0.0467234
0.0207986
0.0206651
0.0216312
0.0201779
0.0232968
0.0240518
0.0218686
0.020383
0.317684
0.0219058
0.0212615
0.122381
0.464229
0.297357
0.0224267
0.0224495
0.01962
0.421412
0.0207867
0.302146
0.0213006
0.0341365
0.232979
0.0215577
0.658743
0.0203891
0.0203496
0.0208072
0.0208307
0.0206598
0.0208387
0.0198929
0.484304
0.0238535
0.0209997
0.356556
0.0208782
0.0213607
0.0206446
0.631463
0.0209728
0.0227563
0.03738
0.0316332
0.0209004
0.0199228
0.567514
0.0211978
0.246633
0.304935
0.021356
0.0215978
0.0316661
0.0260079
0.0581508
0.0202175
0.0206395
0.02246
0.0263646
0.0226329
0.0418444
0.0327461
0.0234645
0.0216395
0.0245539
0.0219069
0.0315249
0.21862
0.0205492
0.26197
0.031715
0.0212774
0.0209207
0.020891
0.0208643
0.0206469
0.0210046
0.0207432
0.0217743
0.0345261
0.022804
0.0210729
0.022768
0.0239087
0.0205915
0.0207108
0.203742
0.0225303
0.0224278
0.0205718
0.021565
0.0205452
0.0200647
0.446034
0.0213309
0.021058
0.0701268
0.30908
0.0405619
0.0208812
0.649716
0.0214464
0.13688
0.281578
0.0217698
0.390052
0.0206832
0.0202884
0.487033
0.0208352
0.0532324
1.31514
0.157547
0.023961
0.0422146
0.0213178
0.0208366
0.0220344
0.0206515
0.179733
0.0314859
0.0208656
0.368608
0.300118
0.0198575
0.0206706
0.0342422
0.0243002
0.03356
0.0255259
0.114584
0.340448
0.0212248
0.659489
0.300572
0.0308955
0.471626
0.0227508
0.30983
0.0198483
0.0440132
0.0251982
0.0201098
0.544583
0.378468
0.0441051
0.0197073
0.0381227
0.0203809
0.0206712
1.66919
0.649138
0.0206796
0.02114
0.283925
0.0201611
0.0284607
0.0207946
0.122249
0.0354101
0.0219318
0.0214383
0.261075
0.0727196
0.611148
0.0352524
0.0208463
0.30621
0.0210216
0.377993
0.0256512
0.0218981
0.381988
0.0213758
0.026806
0.0213529
1.32183
0.0210934
0.0211671
0.0202275
0.0213358
0.020479
0.0215354
0.15498
0.540819
0.0205923
0.76882
0.183385
0.0203057
0.0205546
0.410241
0.264709
0.163516
0.169485
0.571855
0.0205578
0.0211934
0.0555759
0.0226062
0.0942891
0.0296153
0.0206228
0.0212225
0.0215371
0.0199689
0.0205979
0.0373426
0.0205768
0.378287
0.0208975
0.0213425
0.510616
0.019865
0.0418133
0.638744
0.0208291
0.0207778
0.0209522
0.0289429
0.0197097
0.0201889
0.0274744
0.466913
0.023831
0.0214829
0.0331176
0.0205219
0.0209871
0.0212384
0.472241
0.0336119
0.332883
0.118285
0.0340913
0.0408175
0.0873402
0.0210146
0.0232535
0.0197108
0.0198174
0.0223604
0.0208099
0.231952
0.1162
0.0234367
0.652785
0.0247304
0.451642
0.0386957
0.0200532
0.0374622
0.0227953
0.406966
0.021303
0.0204386
0.020113
0.0313348
0.432076
0.354188
0.521653
0.0209618
0.155337
0.02058
0.43861
0.204081
0.0204573
0.0214135
0.0209519
0.62829
0.348316
0.0215828
0.0197318
0.0436024
0.0217582
0.0491583
0.0214282
0.021003
0.248013
0.173262
0.0205125
0.0228949
0.0206963
0.0237039
0.0215319
0.213133
0.0207011
0.0217336
0.0391094
0.0213307
0.0208421
0.181478
0.0120895
0.0214277
0.0212827
0.0215972
0.0205891
0.0204846
0.434729
0.503671
0.0208633
0.0246182
0.0208222
0.0213536
0.0213416
0.0211183
0.150163
0.490848
0.322838
0.459147
0.0207493
0.0230303
0.0208342
0.0211641
0.184356
0.0214379
0.0348258
0.0207215
0.0617464
0.0214159
0.461602
0.477418
0.0209576
0.0208284
0.0463821
0.037028
0.201376
0.379049
0.035348
0.171592
0.0240968
0.0211804
0.321745
0.0207538
0.320027
0.0200674
0.055386
0.029597
0.0208282
0.021507
0.0208685
0.230693
0.29931
0.0210093
0.0343682
0.025333
0.041495
0.02046
0.0234376
0.287081
0.0204253
0.596744
0.0248896
0.0201919
0.387279
0.0273371
0.276711
0.0204474
0.170162
0.0210126
0.0202449
0.0350239
0.0204434
0.480075
0.0200468
0.0208081
0.0204922
0.0236855
0.475554
0.0207409
0.383965
0.0200333
0.0228064
0.0403057
0.0210626
0.479035
0.0164418
0.0341706
0.097013
0.0210635
0.0205301
0.897442
0.0204641
0.0203512
0.0209076
1.68961
0.373586
0.0658934
0.994099
0.0200976
0.0210264
0.0229809
0.0377306
0.0206587
0.385633
0.273912
0.0212306
0.46074
0.049061
0.251545
0.0203713
0.0208365
0.0230407
0.0213002
0.0388546
0.436433
0.0203112
0.0263616
0.0206907
0.516409
0.449304
0.0210407
0.125164
0.020972
0.0213055
0.0200878
0.0216954
0.0834529
0.471149
0.0204229
0.081385
0.43016
0.0202362
0.519012
0.0206044
0.020882
0.0500944
0.0204904
0.311605
0.0200149
0.163809
0.596099
0.0198399
0.0200826
0.0215381
2.06352
0.0253243
1.23592
0.0464724
0.0294585
0.0235443
0.44338
0.0204931
0.589066
0.0301779
0.0206344
0.147917
0.652128
0.199924
0.353832
0.406549
0.0203582
0.502435
0.0286787
0.149011
0.329868
0.0204584
0.020328
0.0207341
0.352028
0.0202982
0.0201414
0.474833
0.0197574
0.0212754
0.0203388
0.0208391
0.020274
0.0211355
0.0853772
0.0208163
0.185848
0.289027
0.0228585
0.0231343
0.0206222
0.0203811
0.0637574
0.40718
0.485937
0.323727
0.0204943
0.0206656
0.0399106
1.31749
0.380735
0.0203959
0.472576
0.105366
0.020042
0.0404967
0.0277132
0.0201326
0.0208804
0.0215066
0.0213767
0.0200827
0.428499
0.402194
0.0208405
0.312251
0.0213265
0.0374684
0.0208984
0.0213228
0.028583
0.0268991
0.0253935
0.0203162
0.0199762
0.0202843
0.0202858
0.385353
0.261446
0.438803
0.0702587
0.316594
0.0156482
0.0203118
0.277817
0.335696
0.021222
0.246705
0.0220149
0.019834
0.298727
0.679539
0.0246157
0.025655
0.0267404
0.768071
0.0290322
0.0202613
0.0238247
0.0206989
0.138896
0.0206652
0.462957
0.450141
0.0320237
0.462063
0.0430368
0.32275
0.46613
0.0209105
0.0203804
0.0211295
0.021116
0.373622
0.0206139
0.0206251
0.0191849
0.0214305
0.0201905
0.471514
0.197983
0.307341
0.0202304
0.427758
0.335972
0.330742
0.0218832
0.0204239
0.021922
0.0201603
0.478645
0.0238946
0.0202731
0.030727
0.0205668
0.19543
0.170269
0.020601
0.644137
0.0280059
0.0203351
0.361554
0.392905
0.314654
0.0212616
0.473367
0.491356
0.0197082
0.0204935
0.142541
0.0965764
0.0208524
0.504226
0.0210749
0.0203839
0.0204977
0.0203239
0.242405
0.0201725
0.020356
0.372195
0.275103
0.0204699
0.0207826
0.16319
0.447374
0.0230276
0.403998
0.0203663
0.64226
0.175687
0.0215097
0.020209
0.658455
0.430834
0.0226531
0.0200993
0.413369
0.0227144
0.0202086
0.652705
0.0209122
0.256829
0.0204561
0.435333
0.326401
0.472483
0.465528
0.0203993
0.466791
0.0210396
0.217239
0.330419
0.0201453
0.0252015
0.0205796
0.389298
0.0206829
0.0203281
0.0199903
0.0204349
0.0202576
0.0201007
0.287948
0.0214209
0.0660482
0.021779
0.0199821
0.0219337
0.441564
0.0205426
0.415609
0.0202563
0.0210751
0.44951
0.0220087
0.150761
0.0237127
0.0250603
0.020073
0.020127
0.0216136
0.021466
0.020223
0.0221313
0.0242695
0.334343
0.0202399
0.0250407
0.0205193
0.172526
0.0960297
0.0252183
0.051228
0.022014
0.0399491
0.0325566
0.0209776
0.228772
0.0212109
0.0201665
0.359611
0.667352
0.0250641
0.368628
0.0259654
0.378869
0.0264
0.021324
0.316757
0.384564
0.0204006
0.27195
0.464054
0.0212658
0.0201974
0.0645486
0.487714
0.230111
0.0839573
0.292023
0.168924
0.0202566
0.449618
0.444824
0.0208108
0.0201547
0.0208336
0.0223984
0.0202098
0.020105
0.429406
0.052684
0.0200628
0.375154
0.393585
0.0431447
0.4823
0.0201102
0.0201574
0.233887
0.0265374
0.0301125
0.0236656
0.347257
0.0200498
0.350441
0.335823
0.0321454
0.022741
0.023452
0.020314
0.365143
0.0204761
0.0200873
0.330813
0.0372614
0.0204775
0.445741
0.100119
0.0318822
0.0473111
0.349709
0.020461
0.0202849
0.0225813
0.0388993
0.0210655
0.351472
0.021314
0.0202003
0.347281
0.0200584
1.13772
0.377558
0.0200483
0.376296
0.351864
0.0382032
0.0210024
0.0201413
0.0200713
0.38902
0.0203188
0.368114
0.772758
0.349343
0.22174
0.218951
0.0233411
0.0210565
0.0239242
0.297466
0.022977
0.359002
0.315455
0.327934
0.0202222
0.374879
0.0364892
0.451024
0.437049
0.0200881
0.0204629
0.4234
0.021975
0.0200609
0.368259
0.0209428
0.021223
0.45302
0.57828
0.0200759
0.0203823
0.366056
0.349964
0.333401
0.389043
0.0198019
0.0297927
0.0202358
0.0200438
0.381204
0.0202059
0.0202114
0.0202445
0.325844
0.0198153
0.0202375
0.0526199
0.0201743
0.0241759
0.0205316
0.0223766
0.0202777
0.342071
0.138504
0.0202488
0.0202384
0.0204707
0.0204643
0.0201207
0.0201306
0.0203314
0.0205069
0.0203324
0.0203863
0.360601
0.0201779
0.0243049
0.0226322
0.0198348
0.451634
0.0198099
0.0202021
0.0402191
0.46115
0.0221153
0.359999
0.0244376
0.0199159
0.0204206
0.340079
0.020353
0.0364748
0.026911
0.193266
0.023557
0.0200153
0.296739
0.0385578
0.341318
0.456094
0.0368492
0.0200325
0.0199364
0.0339083
0.0212829
0.130883
0.293625
0.0213993
0.0211055
0.0200946
0.243444
0.0200227
0.0198324
0.020626
0.278674
1.31097
0.343358
0.0201178
0.0218296
0.0240356
0.330936
0.0248261
0.0235255
0.0251699
0.251188
0.0293579
0.0334492
0.210086
0.162096
1.18042
0.0230995
0.0201971
0.0289824
0.240596
0.0199941
0.0201642
0.0288372
0.0252542
0.393332
0.0200846
0.0212504
0.0203382
0.0222132
0.0206195
0.024272
0.449815
0.384332
0.0202033
0.0221615
0.0243153
0.0223604
0.0205325
0.0208202
0.218554
0.0223113
0.0198486
0.197172
0.0220268
0.0058743
0.0214949
0.200509
0.119088
0.0210144
0.210885
0.0204762
0.0198997
0.429073
0.255585
0.283252
0.0217574
0.0206828
0.0202624
0.0213165
0.329689
0.0202015
0.0640293
0.0261799
0.0201076
0.641872
0.0200965
0.0203279
0.0206201
0.0201751
0.476101
0.0455755
0.0222931
0.0222099
0.0527268
0.102286
0.0206652
0.0209764
0.0204114
0.283855
0.176006
0.0203458
0.0200055
0.0202849
0.444795
0.0276353
0.426397
0.0215114
0.0216434
0.0922008
0.0210352
0.0201427
0.391362
0.143201
0.0203774
0.316591
0.0200101
0.0328597
0.523761
0.275929
0.0438638
0.0203653
0.0202047
0.0200283
0.02007
0.150899
0.0198059
0.0206481
0.0201487
0.0259938
0.17276
0.0237408
0.0210931
0.0201679
0.0210869
0.0310878
0.112724
0.0200254
0.0211741
0.0200194
0.0469527
0.0239733
0.0200585
0.0202103
0.0416793
0.381539
0.305145
0.0200171
0.124496
0.272363
0.0200969
0.0216983
0.0200013
0.235896
0.0200389
0.220006
0.0636661
0.053595
0.342365
0.436341
0.022625
0.272192
0.0200289
0.366404
0.136771
0.198599
0.0788285
0.0211434
0.32211
0.0201197
0.0313452
0.45985
1.27088
0.0357419
0.378779
0.0281195
0.0213367
0.0218937
0.366064
0.0204287
0.0202667
0.171135
0.255193
0.274836
0.0212524
0.347715
0.0200423
0.0222304
0.0235835
0.0409592
0.0196958
0.0200897
0.028266
0.0208907
0.279051
0.156815
0.0985917
0.362233
0.0211825
0.447455
0.322641
0.0211963
0.0209355
0.487899
0.122475
0.183518
0.316017
0.125326
0.0198068
0.0444923
0.320317
1.33779
0.0203346
0.467073
0.0223415
0.0229058
0.0208419
0.0201532
0.0234802
0.0200585
0.0200984
0.0209859
0.0234273
0.023019
0.0202951
0.0208447
0.0228081
0.0216971
0.021418
0.0198682
0.0204034
0.322704
0.0209199
0.364105
0.790965
0.434055
0.26433
0.140184
0.047202
0.0271261
0.0198634
0.0203247
0.224843
0.0214292
0.367321
0.264931
0.0219872
0.0248017
0.0232166
0.0227708
0.416626
0.0233511
0.035006
0.022395
0.357023
0.02391
0.0299256
0.0198875
0.0213788
0.0207546
0.0964856
0.0238558
0.0211413
0.0205528
0.0200073
0.0847269
0.0386029
0.0212431
0.0204133
0.0200176
0.0201862
0.0199372
0.341455
0.0202172
0.0197874
0.179494
0.0209984
0.0208312
0.0233355
0.0200036
0.339981
0.0214506
0.0210935
0.0202467
0.0198189
0.0229911
0.0199142
0.210673
0.31053
0.0200767
0.0634071
0.022301
0.327855
0.022238
0.0220595
0.449468
0.0215214
0.0220552
0.0228078
0.0200374
0.0215079
0.0196845
0.425327
0.0216839
0.0198873
0.0203238
0.0198503
0.327226
0.0202503
0.0211188
0.0209236
0.0238668
0.0301469
0.0198641
0.0373483
0.375045
0.349864
0.019955
0.264652
0.0197999
0.0213285
0.178134
0.433068
0.258843
0.510323
0.0200965
0.0200923
0.0230619
0.252067
0.019862
0.0215322
0.0228309
0.0198788
0.022285
0.0198349
0.0223731
0.0201311
0.0210699
0.0207192
0.0234602
0.0199826
0.0199461
0.287327
0.0202668
0.0372192
0.0200226
0.0199646
0.0206903
0.020009
0.0202571
0.0850059
0.0199702
0.0205297
0.0227858
0.0197797
0.359479
0.02013
0.0197025
0.0223731
0.0219042
0.0198735
0.0203674
0.0202929
0.0198743
0.612654
0.0303923
0.0212878
0.0230737
0.0232971
0.020301
0.313126
0.0215287
0.0227448
0.0205044
0.287454
0.0199537
0.0211928
0.0205163
0.0203475
0.0237194
0.0228316
0.32238
0.0230635
0.0209547
0.0229031
0.021194
0.23667
0.0343756
0.0197925
0.0210108
0.350207
0.345316
0.137312
0.0374247
0.0224547
0.0222347
0.434415
0.0198162
0.0212201
0.027343
0.0224791
0.310198
0.0210151
0.0205592
0.0235231
0.0201365
0.510356
0.0228233
0.0227421
0.0204613
0.0206888
0.0197798
0.022955
0.0208102
0.0215488
0.379334
0.0212309
0.106808
0.0201743
0.0198803
0.31733
0.0208694
0.0199115
0.0343976
0.0200369
0.0218311
0.0214201
0.0201801
0.020939
0.215067
0.0202293
0.0423148
0.0207863
0.0208497
0.0201586
0.0589247
0.0209412
0.0205686
0.0210433
0.549477
0.0198655
0.0221596
0.285049
0.108151
0.0204536
0.253537
0.0966962
0.0208008
0.0201169
0.227842
0.0201872
0.271387
0.0219561
0.022632
0.0284633
0.0211155
0.0214698
0.0209413
0.020456
0.0208746
0.211709
0.0198223
0.174293
0.0266581
0.0212919
0.0230385
0.0200592
0.0202753
0.260575
0.0199447
0.0216722
0.0213021
0.0228048
0.0198976
0.0219244
0.0236953
0.0200015
0.0216376
0.0207588
0.0199163
0.0203765
0.020564
0.420067
0.207115
0.360364
0.0204857
0.0198838
0.0198552
0.426173
0.0204512
0.286275
0.0203087
0.293969
0.316645
0.110119
0.0199606
0.28661
0.0221961
0.264011
0.139985
0.0200697
0.0328117
0.0240001
0.0198255
0.0207309
0.0200776
0.0197942
0.0218744
0.111495
1.43477
0.0294669
0.0226578
0.01977
0.019878
0.0207903
0.601568
0.0274919
0.0967777
0.0203226
0.0197836
0.0347699
0.0200687
0.119957
0.0202591
0.0209654
0.0206991
0.0212838
0.114764
0.0208647
0.0199551
0.0211821
0.26156
0.25624
0.0197096
0.0208105
0.0202097
0.154915
0.0198482
0.0203196
0.019694
0.0198014
0.0231657
0.0231947
0.140792
0.0202981
0.0382203
0.254415
0.0284239
0.0206586
0.0203939
0.0196891
0.0207766
0.0801802
0.0199993
0.0197232
0.0301662
0.0233843
0.0233602
0.0198524
0.261005
0.020645
0.0202425
0.0302299
0.0203676
0.0200126
0.0341635
0.0201882
0.443361
0.0244402
0.0197638
0.0196996
0.0209008
0.0351677
0.144559
0.0214158
0.0198935
0.0206787
0.0201502
0.0235093
0.0234316
0.0328671
0.0198003
0.0227484
0.0228549
0.0200038
0.0208534
0.0239052
0.0224402
0.0200148
0.0209828
0.0206378
0.023574
0.0256569
0.0314987
0.0215016
0.0198912
0.29997
0.0243557
0.0212099
0.433498
0.019926
0.435348
0.353825
0.0208187
0.0233781
0.0263577
0.0280861
0.0237895
0.0201655
0.82643
0.023672
0.0201251
0.02029
0.19495
0.0232318
0.0196788
0.0203572
0.0206671
0.0234927
0.0203109
0.311225
0.484226
0.0805369
0.0222569
0.0207268
0.020049
0.0309032
0.0204482
0.0232821
0.14112
0.0205253
0.0209375
0.0212426
0.263805
0.0199488
0.0208057
0.288682
0.023806
0.019771
0.0207596
0.0198661
0.278714
0.238735
0.0199351
0.0196946
0.0206669
0.0198337
0.0229473
0.301675
0.0200309
0.354852
0.0238548
0.0829852
0.0321659
0.0210486
0.0233587
0.0236468
0.11664
0.235757
0.665083
0.0220111
0.0197389
0.0204925
0.0206173
0.245644
0.019748
0.181179
0.248419
0.0230288
0.0235545
0.0238892
0.0239336
0.943959
0.270957
0.0200134
0.0200777
0.0215023
0.0207021
0.0201898
0.0233646
0.0232965
0.0239749
0.0240011
0.0198721
0.0197681
0.0435415
0.0209497
0.0199076
0.0203751
0.021183
0.0206553
0.0229089
0.0231689
0.0198544
0.0233251
0.272873
0.0202922
0.0196464
0.0196584
0.026664
0.872219
0.0207785
0.032073
0.0238213
0.0199256
0.0891407
0.0203178
0.0221956
0.356186
0.0207622
0.0196935
0.0206012
0.0197261
0.0235463
0.0203326
0.0198133
0.0230822
0.0201968
0.0214511
0.0197014
0.022393
0.0238875
0.019691
0.227026
0.280746
0.0197909
0.0208019
0.0199817
0.297197
0.0206168
0.0197891
0.0197569
0.0886728
0.246626
0.0214145
0.0229652
0.0229377
0.0229747
0.0229294
0.0229134
0.0229395
0.0229608
0.0229701
0.0229372
0.0228538
0.0229384
0.0229169
0.0228382
0.0240016
0.023971
0.0230208
0.0230179
0.244748
0.0230016
0.0230078
0.022929
0.0230177
0.0230559
0.0229198
0.0239647
0.0237598
0.0229294
0.0197173
0.0196319
0.0230503
0.0230767
0.0438854
0.240376
0.253668
0.0221505
0.02108
0.0201415
0.0198429
0.0196371
0.0201378
0.0229851
0.0230371
0.0230863
0.0231889
0.023622
0.0237513
0.023899
0.0239715
0.0239621
0.0239642
0.0229358
0.0229719
0.124902
0.0229453
0.217576
0.0222744
0.0234374
0.0229621
0.0229142
0.0229723
0.0231319
0.022953
0.0229488
0.0203891
0.0229403
0.0229062
0.0215944
0.0221204
0.21672
0.020952
0.0214948
0.0216044
0.0206114
0.020907
0.0270832
0.0199988
0.0213426
0.912232
0.464202
0.0209319
0.118256
0.0208337
0.0197678
0.0210772
0.281394
0.321175
0.0203913
0.0198788
0.0198264
0.515799
0.0202496
0.0218279
0.0204982
0.0228458
0.024055
0.401114
0.0235268
0.0240381
0.0198893
0.0207519
0.0733302
0.0202574
0.0198497
0.0240692
0.287579
0.0235588
0.0203553
0.0197115
0.0683129
0.0198228
0.0198809
0.0202447
0.0515919
0.0364855
0.0578586
0.0202398
0.0567361
0.0214782
0.0345617
0.47076
0.0204127
0.0285718
0.0199474
0.278802
0.0251161
0.0290608
0.26573
0.0196817
0.0200007
0.429473
0.0197835
0.422614
0.190903
0.0208751
0.565565
0.0229912
0.0204471
0.0201766
0.0205271
0.020777
0.019926
0.0202169
0.0200239
0.0202542
0.0224607
0.147672
0.0232004
0.413583
0.34592
0.0203909
0.0197389
0.0286917
0.0211701
0.0200344
0.0198989
0.0205775
0.0200191
0.021041
0.0198172
0.0214447
0.0199434
0.0236506
0.0198779
0.020892
0.0206379
0.247588
0.0213952
0.0231203
0.0200606
0.0224334
0.0203335
0.0200646
0.0208348
0.26112
0.0229121
0.0211603
0.0200992
0.0196818
0.019756
0.0196714
0.023402
0.241884
0.0206761
0.0198324
0.0200548
0.0208253
0.270943
0.0208402
0.0201151
0.470397
0.0209143
0.0212336
0.437401
0.0207294
0.0379102
0.0289864
0.0199752
0.0202608
0.346708
0.0204012
0.173857
0.0199463
0.0200576
0.034462
0.448706
0.0200945
0.0199044
0.0197211
0.0202841
0.0198979
0.0199048
0.0237251
0.0197743
0.0211364
0.0208698
0.0451571
0.0241075
0.0201248
0.019751
0.45325
0.0199214
0.0202548
0.02165
0.0196696
0.311983
0.0205457
0.0200572
0.222567
0.0214239
0.0210922
0.0199424
0.0197286
0.396875
0.0198939
0.0205893
0.0203866
0.0196696
0.0204711
0.0213211
0.0203586
0.0198165
0.0220788
0.0206295
0.0206395
0.022456
0.0203772
0.0211786
0.0210419
0.265108
0.223168
0.0230757
0.841936
0.0196836
0.023023
0.0214201
0.0208007
0.020107
0.0202338
0.0198416
0.0196614
0.0204828
0.303636
0.0217227
0.0199976
0.0211208
0.0201102
0.0201539
0.330577
0.0204031
0.0210199
0.0201652
0.0196949
0.0200511
0.0296037
0.0268651
0.0198406
0.0236949
0.0197399
0.0198912
0.039395
0.0216518
0.0197276
0.019821
0.0258088
0.0413188
0.0203562
0.0202474
0.0197687
0.0304228
0.0196728
0.0218223
0.0199735
0.0204834
0.0198744
0.0197519
0.0225034
0.0201243
0.0200104
0.020093
0.0197225
0.0197358
0.0201381
0.0212225
0.0388883
0.0200966
0.0235366
0.019966
0.0201168
0.0203116
0.0199803
0.0203713
0.0225304
0.440546
0.0219374
0.121779
0.0199179
0.0198044
0.020146
0.0201376
0.0198524
0.019976
0.0208818
0.0235227
0.0203516
0.021419
0.0199984
0.0201171
0.0597426
0.0211587
0.0218205
0.0197617
0.146021
0.158577
0.0202281
0.0207346
0.0197969
0.0654948
0.0201287
0.457514
0.0197288
0.0205182
0.0949961
0.0270791
0.0209006
0.0203055
0.0201975
0.0197374
0.020564
0.0351681
0.0202759
0.138793
0.0209725
0.0199045
0.209833
0.0281204
0.0216346
0.063112
0.01988
0.0207322
0.0232104
0.0314658
0.0210094
0.0207208
0.0207838
0.019944
0.251851
0.019867
0.0197853
0.0200761
0.0568117
0.0307906
0.0207514
0.0209724
0.427418
0.0205612
0.021433
0.0198786
0.0201429
0.0237395
0.020005
0.239517
0.0198198
0.0219346
0.0212521
0.0200155
0.0196789
0.0936527
0.0205197
0.0205285
0.0208326
0.270495
0.353012
0.444725
0.0210012
0.0198288
0.0211244
0.0200278
0.0210431
0.022183
0.0208202
0.0198938
0.0217308
0.0199791
0.0241001
0.020765
0.11865
0.0196812
0.392707
0.0219381
0.0199243
0.0204924
0.021757
0.0208369
0.0223902
0.0209715
0.0198622
0.0211478
0.0201212
0.0830392
0.288262
0.0219185
0.0196659
0.0208233
0.0203896
0.0197034
0.0207088
0.18315
0.0218517
0.0221566
0.0248651
0.0200041
0.0204865
0.0217128
0.0199319
0.0226427
0.314889
0.0204862
0.020676
0.0203593
0.325277
0.0198754
0.0240941
0.0258989
0.319087
0.0199136
0.402092
0.0200239
0.0208125
0.0219905
0.0235591
0.019928
0.0255468
0.0292704
0.0212115
0.0198404
0.0230659
0.0197775
0.397366
0.019769
0.01997
0.0201179
0.0200237
0.0200661
0.021573
0.0207354
0.0273905
0.0255937
0.0198752
0.0858694
0.644681
0.0214388
0.0214143
0.0203091
0.0205096
0.0220451
0.0200956
0.0199607
0.0197373
0.0199497
0.439606
0.0205198
0.0209413
0.0673829
0.0212073
0.0582174
0.0203079
0.0228879
0.0198048
0.0196996
0.0202201
0.0201074
0.0201734
0.0207934
0.0261551
0.273726
0.020051
0.0198438
0.0205959
0.0197619
0.0461442
0.026803
0.019925
0.0209107
0.095905
0.0201305
0.0205528
0.0210464
0.281029
0.0213458
0.0198789
0.483884
0.0233359
0.0208596
0.0207789
0.286775
0.311383
0.0198553
0.0197827
0.0199938
0.0200109
0.0213373
0.0198343
0.0207941
0.104701
0.274051
0.191896
0.0203981
0.0264076
0.357797
0.0197545
0.0223396
0.020035
0.0213517
0.0201082
0.0200541
0.0210156
0.261838
0.23482
0.0199707
0.019767
0.0206709
0.309365
0.02143
0.023471
0.0202714
0.0198966
0.106301
0.0202218
0.0201797
0.392202
0.191532
0.306601
0.0197511
0.0225949
0.021172
0.0212264
0.298978
0.0204981
0.353316
0.260868
0.0252416
0.021284
0.0220204
0.0198716
0.0223381
0.0216724
0.026418
0.020015
0.0202392
0.277437
0.0242013
0.021133
0.255884
0.433978
0.0204175
0.02136
0.020404
0.320103
0.253206
0.317112
0.308648
0.296107
0.269091
0.251907
0.251031
0.0227425
0.505113
0.0320103
0.0198734
0.0207815
0.0229969
0.0582673
0.029165
0.255743
0.244585
0.0298582
0.0197701
0.019907
0.020927
0.0258398
0.0199793
0.0277444
0.0347072
0.0202088
0.339889
0.101166
0.0203166
0.0200101
0.0207528
0.0220317
0.0199714
0.0234651
0.0231684
0.0279463
0.354386
0.0199696
0.134744
0.0294819
0.0217159
0.339663
0.0224405
0.0210461
0.0202492
0.239182
0.0208167
0.0199893
0.507981
0.0200326
0.021099
0.0202966
0.333435
0.0204691
0.0205291
0.0201939
0.0204726
0.0202761
0.0413575
0.0201133
0.0218052
0.0211857
0.0205838
0.0197798
0.0203667
0.175726
0.297926
0.0252478
0.021535
0.0306671
0.0201236
0.325033
0.0232922
0.0211264
0.0202827
0.0203413
0.0243409
0.0201633
0.0206165
0.0202735
0.39719
0.0197424
0.0668033
0.0623082
0.18514
0.0201212
0.354918
0.0240854
0.0202629
0.0486173
0.0199662
0.0637638
0.0202866
0.0243476
0.0230198
0.157663
0.0252416
0.0280809
0.0198155
0.0198811
0.0241188
0.0206955
0.0307505
0.0776534
0.0204801
0.0202878
0.020309
0.185941
0.162233
0.253146
0.0199406
0.261988
0.0214458
0.0202867
0.0804589
0.190978
0.292993
0.0240064
0.351853
0.0222152
0.01997
0.250414
0.425872
0.0241911
0.313853
0.0557334
0.289718
0.286111
0.278903
0.26286
0.254477
0.0199342
0.0257978
0.28858
0.0686851
0.238734
0.245947
0.0211118
0.0201057
0.0199827
0.0787745
0.257314
0.0787099
0.0301416
0.0199338
0.0203637
0.319014
2.12712
0.349996
0.322783
0.0211777
0.300367
0.3259
0.0204452
0.0305412
0.0201517
0.024885
0.0200392
0.020606
0.121697
0.204847
0.313949
0.0199838
0.0200959
0.01995
0.276543
0.0203757
0.0205155
0.0260271
0.0255219
0.0207321
0.271077
0.0204511
0.0199462
0.320196
0.0267657
0.0214826
0.0252572
0.0223352
0.268856
0.0203314
0.27488
0.0214487
0.0200174
0.0201514
0.0207753
0.0793509
0.315842
0.307478
0.0969813
0.0264212
0.0319172
0.0225956
0.252072
0.0200616
0.0210278
0.0199356
0.212258
0.0201941
0.025637
0.0208154
0.0201698
0.0260282
0.303427
0.0357513
0.0261913
0.0202206
0.0199344
0.0199883
0.185244
0.0209505
0.0249624
0.255107
0.0207864
0.0233735
0.303932
0.297515
0.0200206
0.020985
0.0208988
0.0265627
0.306513
0.019937
0.0204755
0.452695
0.240196
0.0209456
0.0200093
0.161311
0.0209497
0.0203675
0.0209878
0.0204756
0.31952
0.0289567
0.149507
0.0208127
0.263932
0.0274254
0.257665
0.33692
0.020062
0.318274
0.0201747
0.314296
0.304087
0.290653
0.0206679
0.0287099
0.253929
0.0226025
0.251061
0.245244
0.272023
0.0208631
0.0199596
0.0199423
0.0237809
0.0755872
0.0256467
0.215534
0.102968
0.0208016
0.0199239
0.0289812
0.0203681
0.291023
0.249059
0.158025
0.169864
0.126078
0.0772363
0.020544
0.0207444
0.0217522
0.0335833
0.020454
0.0199338
0.0203894
0.280774
0.0201979
0.2722
0.0205906
0.0201845
0.0242253
0.124016
0.0205434
0.287905
0.020668
0.0203474
0.0204881
0.284653
0.28087
0.272402
0.0202156
0.285912
0.0217058
0.243582
0.248163
0.0202021
0.0204341
0.0216264
0.345219
0.0200634
0.0206779
0.0263269
0.020195
0.424421
0.0230472
0.0204374
0.380095
0.493471
0.0214488
0.0361418
0.0204081
0.393481
0.029725
0.0209752
0.327503
0.0203825
0.0204503
0.0201084
0.0924848
0.0204571
0.0205294
0.66478
0.0202648
0.020364
0.0205302
0.0201671
0.0203344
0.0201096
0.020152
0.090085
0.397681
0.023681
0.0204991
0.0233842
0.0268573
0.0205552
0.0214017
0.431374
0.0282909
0.0335866
0.0217768
0.0357971
0.0202612
0.153293
0.0201879
0.0245007
0.0245972
0.0203594
0.0353088
0.0208645
0.332067
0.361131
0.0254692
0.0203445
0.0682333
0.148533
0.0286379
0.420806
0.326803
0.0202939
0.021222
0.0205303
0.0209824
0.022478
0.0197851
0.751252
0.0204564
0.0838151
0.0204602
0.0205757
0.330462
0.232563
0.020884
0.0204823
0.354843
0.432436
0.0207844
0.0201455
0.0211791
0.0725763
0.0203022
0.0238556
0.0201541
0.0200503
0.0199828
0.0249983
0.0206228
0.0200692
0.02013
0.0201821
0.0220904
0.0199826
0.0199905
0.0199957
0.0254604
0.0202987
0.489923
0.407196
0.020854
0.0201736
0.0214302
0.0206913
0.0199797
0.103982
0.610473
0.0199859
0.0262459
0.0199849
0.0199803
0.322811
0.0197219
0.0210928
0.277497
0.0200085
0.0197523
0.0205838
0.317516
0.0208138
0.453404
0.34796
0.0202639
0.0202168
0.0201212
0.0318177
0.0293032
0.0212955
0.0220376
0.656927
0.0255424
0.0209163
0.0245561
0.0210423
0.0205415
0.101163
0.649067
0.191531
1.33718
0.071609
0.0201728
0.0240098
0.0199721
0.282995
0.0222668
0.310365
0.0202268
0.044305
0.0199796
0.0203767
0.402142
0.020013
0.0200035
0.0200676
0.0277879
0.0316542
0.0214045
0.0199793
0.0225781
0.0204832
0.0213532
0.12381
0.0735834
0.020242
0.27283
0.239181
0.14114
0.0230501
0.269838
0.0267895
0.020298
0.0215883
0.0200137
0.0241862
0.0200675
0.0206808
0.0199961
0.0232602
0.417831
0.0218263
0.319532
0.0234893
0.0249081
0.467291
0.0202784
0.0220663
0.400188
0.02559
0.0274284
0.201133
0.0197615
0.625787
0.0203383
0.0209171
0.395516
0.0200216
0.0503426
0.052836
0.404917
0.0204698
0.0245535
0.0534988
0.0241103
0.246802
0.126881
0.0200348
0.020322
0.0204594
0.020735
0.0208198
0.0218236
0.0231496
0.024152
0.0242382
0.00422105
0.249209
0.0208023
0.0248415
0.0200523
0.0208268
0.678077
0.0203047
0.706776
0.161752
0.0520893
0.0202326
0.0274982
0.0209999
0.154852
0.411256
0.0210301
0.382675
0.0199811
0.0201652
0.0259376
0.02065
0.0202674
0.424218
0.456909
0.0475421
0.380852
0.0204968
0.0201071
0.253741
0.0245107
0.372131
0.0264477
0.0205994
0.0200348
0.64562
0.0207431
0.328104
0.261433
0.019814
0.0277744
0.0199232
0.0200908
0.0214788
0.312983
0.0299785
0.0215251
0.160703
0.0200574
0.0208678
0.020775
0.348762
0.0210668
0.0206879
0.020389
0.020415
0.496827
0.0200276
0.0199923
0.0210591
0.021077
0.0205059
0.029162
0.0200445
0.0249836
0.264901
0.0201248
0.0205652
0.345951
0.0200577
0.0206426
0.453607
0.0209562
0.0206903
0.0206558
0.254238
0.0207203
0.0208633
0.297538
0.0199265
0.0215125
0.0205404
0.0200758
0.0254697
0.020109
0.0202421
0.0205891
0.0199612
0.118591
0.301017
0.0201085
0.026007
0.0233623
0.0199601
0.0202679
0.0213041
0.0201171
0.0212091
0.0218274
0.0205852
0.0208453
0.176114
0.0204129
0.0207859
0.250798
0.311137
0.0310184
0.0202565
0.0235203
0.0207559
0.252749
0.0207399
0.0531529
0.432281
0.299737
0.0481911
0.378322
0.0201299
0.0207405
0.0325236
0.0216922
0.328092
0.441508
0.019943
0.0203202
0.0202077
0.041095
0.0200195
0.0204249
0.0199796
0.021017
0.0212025
0.218235
0.0199555
0.288431
0.265334
0.0200565
0.274156
0.0197377
0.0209994
0.0239467
0.0201254
0.0203841
0.0198878
0.0217868
0.0506468
0.0202317
0.0206958
0.0269801
0.0204621
0.0207339
0.0253534
0.0204648
0.0218439
0.336443
0.436492
0.0204351
0.0208332
0.0200027
0.343596
0.226007
0.0200874
0.0237784
0.0222742
0.0829867
0.0496961
0.315917
0.0207351
0.296685
0.247815
0.0405261
0.350184
0.27154
0.359113
0.0202237
0.0224837
0.0201637
0.180892
0.0226562
0.0204627
0.227468
0.0203621
0.312384
0.0206847
0.212259
0.0205827
0.0226846
0.0202099
0.0199827
0.463213
0.0312066
0.020196
0.0199731
0.305627
0.338623
0.448985
0.02025
0.020434
0.305501
0.0206104
0.427227
0.0197131
0.0208074
0.252521
0.0272175
0.296678
0.020915
0.0344264
0.0212975
0.0202372
0.0212088
0.0223563
0.0210617
0.020551
0.0209436
0.407647
0.310711
0.333453
1.33151
0.020823
0.0554304
0.0204772
0.0197459
0.228734
0.0205186
0.020431
0.0197289
0.0206088
0.0202249
0.0205621
0.212787
0.406599
0.403403
0.122707
0.0231792
0.0202241
0.0202307
0.0202582
0.406305
0.0211527
0.332034
0.0231308
0.401433
0.0199903
0.0206103
0.42495
0.0206022
0.0202454
0.0214463
0.0209962
0.0230843
0.0202745
0.0201432
0.0200908
0.0200865
0.0206598
0.020101
0.0203012
0.323021
0.0201448
0.0205582
0.0207673
0.0200403
0.0202748
0.0244347
0.466288
0.0207237
0.0206774
0.0214566
0.216766
0.043672
0.351129
0.414242
0.0204609
0.0206434
0.0207716
0.0207792
0.0207492
0.0205676
0.0202404
0.0202875
0.0203719
0.0400427
0.0212078
0.0202011
0.467094
0.020674
0.0258539
0.656812
0.0209509
0.0244502
0.294389
0.0202529
0.0214309
0.0256314
0.415065
0.44563
0.465048
0.0205067
0.0203104
0.0203012
0.0205819
0.0212539
0.0204869
0.0221447
0.0628026
0.0251968
0.0237809
0.41131
0.0202275
0.0263912
0.0228418
0.338917
0.0202341
0.338311
0.0203284
0.0204306
0.0199298
0.0200391
0.504122
0.02073
0.020285
0.0203015
0.0205164
0.0236687
0.283185
0.0200443
0.020567
0.0211237
0.51735
0.0235399
0.0231208
0.398009
0.421939
0.0204089
0.0204108
0.394219
0.0203064
0.0203239
0.0428506
0.0211546
0.0203843
0.0201626
0.0206056
0.443802
0.024871
0.0243486
0.037838
0.0215216
0.0204705
0.0231023
0.0205566
0.0212197
0.0203182
0.181675
0.327059
0.0203692
0.0206966
0.0203555
0.331191
0.0228321
0.136909
0.396051
0.025461
0.0207509
0.0200006
0.433783
0.0206761
0.535017
0.0204038
0.2236
0.0208166
0.313895
0.0410349
0.0206453
0.0212394
0.456674
0.0207025
0.0230095
0.0212098
0.0639863
0.0205044
0.0204532
0.0215905
0.0206934
0.0263293
0.0218735
0.02047
0.0206505
0.333838
0.0290928
0.0207591
0.021046
0.421067
0.0205364
0.543522
0.0216473
0.400174
0.0194395
0.32637
0.0199902
0.279487
0.0200951
0.0203843
0.436032
0.0206382
0.0206869
0.0268113
0.0238303
0.0212317
0.0201925
0.0203307
0.0251584
0.0202578
0.0216318
0.0368865
0.0197614
0.399706
0.0205413
0.408465
0.0212538
0.0213948
0.0200727
0.444641
0.0223624
0.311626
0.0203899
0.0415063
0.0212645
0.0228486
0.020209
0.0197248
0.0204831
0.0201782
0.0251252
0.400878
0.0202905
0.0234874
0.0288383
0.0206538
0.0240052
0.192852
0.0208926
0.0207452
0.485369
0.0300392
0.020384
0.0208248
0.0214022
0.021638
0.0203881
0.0215363
0.412965
0.378062
0.0205649
0.476604
0.0208176
0.0207267
0.0207694
0.0232566
0.496438
0.435709
0.0300656
0.0212046
0.0205882
0.296685
0.0204925
0.0205069
0.0207371
0.492576
0.0201999
0.019793
0.020649
0.0252446
0.396231
0.0216037
0.0213941
0.0322499
0.0202441
0.0203662
0.0266998
0.485494
0.0358638
0.424589
0.022726
0.0201478
0.0241885
0.0201724
0.0221588
0.037468
0.055326
0.413047
0.0199526
0.0224268
0.0243709
0.0279492
0.656696
0.646826
0.0204247
0.492866
0.0206736
0.0210595
0.0203365
0.0458559
0.0210141
0.0292232
0.0205406
0.0214499
0.283593
0.0213175
0.386131
0.0206579
0.203334
0.0711804
0.0202086
0.428589
0.0211404
0.236156
0.297197
0.324938
0.0202474
0.021463
0.0203393
0.0214954
0.0207004
0.437196
0.0207693
0.0199049
0.0209488
0.0202869
0.0447526
0.0208539
0.0219433
0.0206393
0.0230647
0.0207467
0.0245912
0.0207079
0.0206892
0.0206929
0.0208955
0.0207593
0.0213763
0.0212259
0.0206493
0.314348
0.0211826
0.0204825
0.0204975
0.430138
0.300096
0.0205127
0.0200919
0.0213928
0.024056
0.282324
0.262228
0.0200263
0.480652
0.0202595
0.0202565
0.0270504
0.0214417
0.0209739
0.494871
0.0785791
0.0206307
0.0208536
0.0241653
0.0207514
0.0202777
0.0204928
0.0213684
0.0211588
0.0208834
0.0208223
0.0208798
0.0268466
0.0290003
0.0207707
0.0206235
0.386089
0.193571
0.292903
0.0206181
0.0205122
0.333585
0.0243649
0.561808
0.0230532
1.00624
0.0205727
0.0219393
0.0205335
0.0205243
0.440889
0.0209873
0.0222111
0.0206483
0.0214035
0.0318259
0.0254783
0.383741
0.0228302
0.020955
0.0210501
0.354269
0.0205458
0.0208734
0.0230494
0.0205896
0.310581
0.0206851
0.0199739
0.0513939
0.0238138
0.0245258
0.0210951
0.021186
0.0211187
0.0203687
0.0203806
0.0205415
0.0203129
0.0207822
0.410334
0.0200277
0.390043
0.0282662
0.021435
0.0262021
0.0212667
0.0209849
0.0208894
0.0210443
0.316916
0.0216744
0.102504
0.0227113
0.660982
0.020515
0.309122
0.0209546
0.0222614
0.171272
0.0207029
0.289973
0.0208625
0.0202795
0.0205107
0.0208393
0.864616
0.0915102
0.024759
0.0206182
0.020786
0.0206416
0.475403
0.0207111
0.0212884
0.0219295
0.02374
0.690714
0.0205134
0.0205634
0.0208484
0.0224674
0.345065
0.0205267
0.0222654
0.0203691
0.01991
0.472998
0.0206233
0.055543
0.0222209
0.480064
0.0205591
0.911751
0.0219522
0.0215101
0.0212237
0.0211998
0.0235551
0.352913
0.0443136
0.130025
0.0214107
0.0597595
0.0198435
0.0221605
0.0205864
0.021615
0.311023
0.0203154
0.27393
0.0242363
0.0224559
0.0242977
0.369161
0.31318
0.43312
0.0211083
0.0211537
0.224934
0.0209412
0.0199678
0.0199898
0.414957
0.78508
0.0197453
0.0261635
0.0214608
0.0293991
0.431705
0.0206382
0.433834
0.3178
0.020987
0.0317783
0.417894
0.0212722
0.477028
0.020635
0.0199323
0.0230797
0.347415
0.0212821
0.032333
0.0206328
0.0234618
0.0272143
0.0231882
0.0207843
0.0370941
0.471668
0.020364
0.0199839
0.020608
0.0212253
0.0212386
0.0197947
0.105517
0.0208497
0.250698
0.0208717
0.69505
0.0210967
0.0216296
0.422932
0.0210783
0.02009
0.466284
0.0207418
0.0206029
0.0209003
0.0201109
0.0218123
0.0207145
0.0199275
0.263671
0.0200128
0.0258019
0.0209719
0.0459958
0.0202621
0.0205763
0.487915
0.0201118
0.0206019
0.435363
0.406727
0.0208251
0.021169
0.428896
0.0208546
0.0207944
0.0208665
0.239831
0.0210684
0.0206734
0.0302318
0.0213736
0.021561
0.0209736
0.0205871
0.0206877
0.0206614
0.0205558
0.0276735
0.304956
0.0228057
0.0207145
0.0205551
0.0210106
0.275559
1.40374
0.0225307
0.291115
0.271304
0.0199668
0.0198518
0.100646
0.30206
0.020916
0.0200742
0.477205
0.171119
0.0285971
0.021432
0.0199032
0.0207442
0.353189
0.0212235
0.0269192
0.499515
0.0206206
0.427482
0.0303436
0.0213491
0.0205393
0.0223586
0.0207279
0.0516984
0.0210647
0.0250888
0.0207333
0.0214522
0.0212113
0.0204364
0.031523
0.0209568
0.0207523
0.0206197
0.376043
0.0200408
0.0206992
0.021312
0.650955
0.269572
0.0204241
0.0339639
0.0204966
0.0203421
0.020609
0.0239242
0.0224391
0.0213786
0.0204697
0.0211416
0.305142
0.0206002
0.318166
0.0200901
0.0215378
0.0211362
0.0206012
0.0199521
0.0204045
0.0220731
0.312467
0.0221434
0.020814
0.0210274
0.405886
0.0211213
0.0206455
0.0236268
0.022326
0.0210048
0.0207822
0.415201
0.0232885
0.0288695
0.0217663
0.0269615
0.0211123
0.021079
0.0205991
0.0209083
0.0217884
0.389698
0.020898
0.0210572
0.0208289
0.0265612
0.0252792
0.0393959
0.6567
0.0220484
0.0227007
0.389885
0.762289
0.28511
0.377031
0.0214449
0.0206445
0.0210904
0.059233
0.0207958
0.0283149
0.0311958
0.0206885
0.362159
0.020456
0.021214
0.02084
0.020663
0.27497
0.0207973
0.0206913
0.0470271
0.219564
0.0346108
0.346651
0.0206329
0.407412
0.401218
0.421208
0.135099
0.0203644
0.321973
0.0198939
0.0226404
0.0218136
0.234367
0.0205778
0.0270837
0.021276
0.0215948
0.0205884
0.0200939
0.0207746
0.203082
0.315315
0.0210469
0.44333
0.0213491
0.0209064
0.0266591
0.0747397
0.0210975
0.0632088
0.619141
0.0267818
0.0210524
0.0207661
0.0221571
0.0213377
0.606009
0.0207081
0.0359886
0.0210393
0.020698
0.0207389
0.0236255
0.020042
0.0208412
0.0313649
0.0208272
0.0199039
0.0216152
0.0241798
0.0346978
0.0871002
0.0210551
0.664171
0.0213341
0.0207205
0.0218692
0.0326921
0.0338814
0.0206435
0.0207019
0.0207633
0.0208403
0.134396
0.306434
0.605911
0.0211909
0.0204322
0.0698039
0.0200925
0.0228278
0.0207677
0.260803
0.678683
0.0245641
0.0208177
0.0331983
0.761045
0.0209408
0.898487
0.0201375
0.412671
0.322425
0.0207232
0.0376279
0.0222359
0.180477
0.0208328
0.67644
0.0238438
0.245138
0.0209634
0.0209382
0.0210908
0.0223657
0.0207162
0.404271
0.0205833
0.250757
0.0438614
0.0749835
0.112804
0.0201336
0.0206604
0.0207206
0.0202544
0.0211478
0.0211669
0.0298784
0.0238953
0.220107
0.0209957
0.0209757
0.021132
0.049167
0.0225449
0.442469
0.0207213
0.0210985
0.0207977
0.0221108
0.0210939
0.0209364
0.483756
0.307037
0.0277252
0.0207734
0.0257822
0.0198282
0.652975
0.0211757
0.0204738
0.133127
0.020917
0.0216946
0.0255886
0.0215065
0.021247
0.0208066
0.0270994
0.0208516
0.0223629
0.900884
0.0211632
0.0319996
0.0205249
0.0267295
0.0219161
0.0207489
0.35562
0.0210027
0.023737
0.024675
0.0207848
0.023316
0.0200697
0.021313
0.520453
0.020649
0.0210253
0.65974
0.0214915
0.0370255
0.0199533
0.32087
0.0203531
0.132233
0.0209342
0.0248816
0.0211355
0.25054
0.020763
0.0202705
0.0207618
0.0213967
0.0203329
0.0224544
0.0205892
0.304636
0.0210306
0.0213661
0.0206707
0.0205503
0.0208074
0.0208007
0.0208001
0.381209
0.0280541
0.0277406
0.0207191
0.02106
0.0232555
0.0208093
0.0206003
0.0267077
0.023174
0.0199679
0.0221173
0.0208174
0.0211513
0.305412
0.0278095
0.0210276
0.0207135
0.0210881
0.020868
0.0208876
0.0201922
0.296711
0.335892
0.0207163
0.0199554
0.0205794
0.0207164
0.0209396
0.02078
0.020901
1.3518
0.020826
0.0245915
0.177164
0.227343
0.0207323
0.0300799
0.023779
0.668088
0.13519
0.0206076
0.0219313
0.0238187
0.0213435
0.0223977
0.0211588
1.97762
0.423039
0.0330111
0.023362
0.0322953
0.0239588
0.0209211
1.24733
0.0211933
0.0245219
0.0207099
0.0320921
0.0484573
0.504866
0.0210239
0.0210403
0.491169
0.0215404
0.0249706
0.494827
0.0209699
0.0296335
0.023616
0.143218
0.0206942
0.0210753
0.0212963
0.0211395
0.0203542
0.0216667
1.71685
0.0743142
0.0204609
0.0271423
0.0212812
0.133501
0.0227018
0.021104
0.0220335
0.229352
0.881733
0.021105
0.0219543
0.0205921
0.0208869
0.0200818
0.0203503
0.270231
0.021123
0.0475546
0.508612
0.0216697
0.02088
0.0208026
0.373497
0.0213664
0.0213827
0.0203898
0.0207985
0.0213505
0.0211736
0.264205
0.667236
0.0211714
0.274766
0.0263673
0.0208006
0.0202568
0.021421
0.0202701
0.0224861
0.376442
0.0231655
0.0260857
0.657921
0.0211609
0.665058
0.0210326
0.0207091
0.0209553
0.0204382
0.0209295
0.0449691
0.0461053
0.0209565
0.894942
0.0215089
0.021942
0.91013
0.0214223
0.0210983
0.0217442
0.0209888
0.0213206
0.34302
0.0285789
0.0207952
0.0210782
0.0224101
0.297141
0.0215516
0.0200135
1.11787
0.184416
0.0211155
0.0210656
0.214231
0.0223219
0.0205485
0.964566
0.085641
0.407547
0.0222199
0.0725861
0.0247002
0.0251434
0.0237166
0.0206433
0.246882
0.0206023
0.0209167
0.651111
0.0209139
0.0207018
0.0213833
0.349587
0.0205886
0.0210113
0.0209253
0.0225179
0.02006
0.0209387
0.0220805
0.399845
0.0217612
0.6644
0.0517265
0.0199618
0.0260637
0.0428092
0.0211905
0.0210379
0.903045
0.0212467
0.193159
0.020983
0.0212018
0.0777069
0.020002
0.020779
0.0209297
0.387209
0.0209499
0.055322
0.0202475
0.0208306
0.0200744
0.445688
0.0212434
0.0208317
0.0206989
0.259762
0.0213404
0.126345
0.0212253
0.0208408
0.0265396
0.349217
0.0210222
0.48779
0.228542
0.0200734
0.0214003
0.0276682
0.0200027
0.0208477
0.431295
0.0211515
0.0215472
0.778092
0.020143
0.0212484
0.0224476
0.0248806
0.483934
0.0261159
0.36064
0.0691876
0.021087
0.145516
0.0254568
0.146554
0.0215594
0.647657
0.0271687
0.0203358
0.0149635
0.0210162
0.187411
0.0210947
0.393894
0.496588
0.0401204
0.0205841
0.49923
0.0205179
0.0498477
0.0201921
0.0203502
0.0214593
0.312082
0.0209286
0.0211258
0.0209347
0.0212499
0.0212996
0.0212605
0.0199387
0.0209744
0.173256
0.264103
0.0209991
0.359242
0.0209342
0.0216008
0.880762
0.2489
0.0223523
0.428083
0.022014
0.0215467
0.0308239
0.0293225
0.0256821
0.0226318
0.0230919
0.0252505
0.794746
0.0210287
0.0209852
0.0210717
0.024128
0.0207095
0.0292953
0.6231
0.0288718
0.0214935
0.0205432
0.0226217
0.0201771
0.0205957
0.0281636
0.559067
0.0227827
0.0348357
0.0221195
0.0212391
0.0256882
0.0211274
0.0214141
0.0205693
0.0201594
0.0200535
0.0199611
0.0262673
0.0225747
0.0204601
0.0220416
0.0254213
0.0198025
0.0205645
0.0222407
0.0210745
0.0218351
0.0211981
0.0227434
0.0209487
0.0312102
0.0213595
0.0212107
0.676693
0.0305395
0.0209715
0.0280021
0.0209647
0.0208839
0.0209373
0.020677
0.0219841
0.0214257
0.0248783
0.0216431
0.382381
0.021166
0.020685
0.038633
0.0219073
0.0210603
0.02602
0.0209394
0.670476
0.0210102
0.0203684
0.310527
0.0325748
1.20673
0.0209163
0.0209325
0.0207868
0.0233612
0.0201415
0.0208864
0.0653176
0.0377334
0.409309
0.398093
0.0215228
0.398379
0.105106
0.0535239
0.51185
0.0270142
0.671399
0.0228045
0.176599
0.135662
0.0206381
0.306417
0.020832
0.0208756
0.0206084
0.0211489
0.0209351
0.0209208
0.0234954
0.852205
0.0226197
0.0245138
0.310441
0.0209503
0.103483
0.0208787
0.0208097
0.0199611
1.29826
0.0211225
0.335012
0.650646
0.397632
0.147535
0.307673
0.0200544
0.0369734
0.0375852
0.0203846
0.022242
0.0338392
0.0212077
0.0207775
0.0210467
0.0209186
0.118332
0.0252564
0.580202
0.0353525
0.020754
0.0747725
0.0209288
0.0212544
0.0448819
0.285245
0.0230089
0.0210417
1.32737
0.0910942
0.0272939
1.40902
0.0211995
0.0216402
0.0213647
0.0452526
0.0199578
0.0211494
0.0208705
0.0207079
0.0209169
0.0236579
0.0210527
0.0213002
0.0245673
0.0214096
0.535387
0.0209283
0.0212991
0.624764
0.0210906
0.0211555
0.152105
0.31503
0.0212507
0.0207479
0.0280618
0.0218004
0.0213067
0.0213426
0.0206417
0.0211792
0.379167
0.0207652
0.020515
0.020727
0.0209689
0.0211575
0.0367518
0.0396492
0.0306852
0.0196466
0.350642
0.021108
0.0211778
0.020654
0.0207542
0.105021
0.0202554
0.0207321
0.0242958
0.0229551
0.0227662
0.0305848
0.0205909
0.0232606
0.0390685
0.0211628
0.383852
0.0247394
0.0767781
0.0268637
0.474079
0.0213208
0.0220747
0.0203733
0.0208164
0.0208422
0.0935533
0.0213643
0.0203517
0.0219115
0.300644
0.0210288
0.0207968
0.0203461
0.0227743
0.0214443
0.0211054
0.0344939
0.292124
0.652246
0.0235312
0.031959
0.0209205
0.0417301
0.0551884
0.0205437
0.0246593
0.0885451
0.0207114
0.0219807
0.0211244
0.0204463
0.288243
0.0263422
0.0223898
0.00744577
0.394773
0.0299306
0.0202564
0.020047
0.0770854
0.0207085
0.0272346
0.0225082
0.0213119
0.0287693
0.0230619
0.0252428
0.0210646
0.0205686
0.0242469
0.0239721
0.659945
0.0575764
0.329912
0.0233695
0.0213837
0.0250644
0.0209943
0.025805
0.0202702
0.0208743
0.384634
0.0234229
0.397453
0.0238551
0.0322563
0.0213129
0.164485
0.538101
0.140093
0.0201621
0.0215427
0.0303955
0.0217991
0.310434
0.250086
0.0210404
0.0555176
0.065161
0.451344
0.0359627
0.0212507
0.021502
0.0330467
0.0214892
0.824463
0.0683315
0.0668399
0.0392955
0.0213941
0.0207947
0.0770356
0.021369
0.0199632
0.0220846
0.0210387
0.375978
0.0211463
0.0208548
0.0299373
0.0230106
0.0210543
0.0213453
0.0212087
0.0211439
0.0218285
0.0369556
0.0203203
0.996569
0.0252012
0.667661
0.0225718
0.0212192
0.0241011
0.300212
0.0281889
0.0577484
0.0209906
0.021168
0.020159
0.0216726
0.0330448
0.0209718
0.021308
0.0214053
0.0293719
0.0227057
0.343228
0.0211946
0.0222058
0.0219048
0.0277169
0.0224606
0.0211363
0.0233017
0.0212264
0.0214056
0.0210488
0.0212411
0.0215221
0.368226
0.0208359
0.0211122
0.0214066
0.667371
0.0224609
0.0219366
0.0211906
0.0224916
0.0290403
0.0212071
0.0428528
0.659178
0.0209205
0.027667
1.34025
0.0213546
0.0207132
0.0202639
0.0226124
0.0218364
0.0420126
0.0216246
0.0220098
1.34537
0.0203336
0.0207465
0.0214165
0.0260693
0.0262691
0.021318
0.0289377
0.0211007
0.2722
0.0216167
0.0278559
0.482981
0.0301904
0.0212509
0.0228193
0.022697
0.0214183
0.0244907
0.0211263
0.0218796
0.0214415
0.021045
0.0208061
0.0210755
0.0209837
0.0228336
0.0314669
0.0205469
0.0212139
0.0203402
0.27666
0.0478654
0.0213956
0.0202202
0.0209077
1.35141
0.133293
0.0211728
0.138881
0.0213816
0.0206092
0.0205539
0.0209355
0.0214421
0.0212547
0.0210653
0.11663
0.0210545
0.0191326
0.0220206
0.0208623
0.0731723
0.251975
0.0210176
0.0270347
0.352572
0.0206731
0.020762
0.0210142
1.1957
0.305461
0.265652
0.119991
0.0215223
0.0335319
0.750378
0.0214431
0.0482641
0.59892
0.0836747
0.0210611
0.0311889
0.0213764
0.0267296
0.203341
0.0213227
0.0257437
0.021183
0.0229885
0.0237225
0.119529
0.0233465
0.0203494
0.0208846
0.0201591
0.672745
0.0209098
0.0224894
0.021868
0.240644
0.0210914
0.170907
0.0572567
0.522883
0.27266
0.0253674
0.657257
0.0205676
0.0210298
0.0213473
1.34866
0.0212008
0.0210869
0.022251
0.0213923
0.0212703
0.0217351
0.02209
0.020795
0.0213917
0.0214001
0.020669
0.0204198
0.0637101
0.0208508
0.0207653
0.0225002
0.23943
0.0216527
0.0237273
0.0221253
0.0248634
0.255313
0.0230606
0.0209172
0.0212856
0.443417
0.0216099
0.665061
0.0231799
0.0211886
0.0236214
0.863388
0.0210024
0.020648
0.0207321
0.021092
1.03184
0.357694
0.0204199
0.0203043
0.0255905
0.0210909
0.0213129
0.0477554
0.0468967
0.020591
0.0229079
0.0214302
0.0754345
0.480246
0.026559
0.0205989
0.101283
0.0629005
0.0210798
0.187202
0.0210642
0.673252
0.0205468
0.195052
0.0211066
0.439913
0.0225481
0.0211641
0.0233654
0.0269573
0.0214023
0.0241708
0.0240793
0.0210849
0.022509
0.0211269
0.0268655
0.0234511
0.020676
0.0233029
0.0213858
0.0211767
0.0369954
0.0251168
0.0244764
0.0209509
0.0211575
0.0207817
0.0212723
0.0209368
0.0210446
0.0212604
0.0208581
0.434896
0.0351305
0.0214733
0.0206832
0.0587348
0.36419
0.0329518
0.0202738
0.0210994
0.0244136
0.0211064
0.0259673
0.0257896
0.0213771
0.0220317
0.0211942
0.250276
0.241965
0.474181
0.0218948
0.124899
0.0218414
0.020872
0.0209223
0.0201438
0.0638841
0.0211081
0.0199799
0.0206655
0.479047
0.383762
0.021924
0.0199663
0.0214447
0.233938
0.0210882
0.393781
0.0209075
0.0210212
0.0235534
0.0210933
0.0213035
0.0531288
0.455438
0.0245414
0.0213074
0.52521
0.0210911
0.0215356
0.0213502
0.387634
0.0210933
0.0211539
0.0212815
0.0214477
0.0689179
0.166006
0.0266361
0.0442941
0.0215411
0.0207744
0.0348271
0.0210986
0.0204297
0.0348153
0.0200208
0.0220778
0.020778
0.021222
0.37845
0.0767706
0.0319157
0.0210011
0.00381523
1.12746
0.0222252
0.600765
0.0216895
0.0210568
0.020551
0.0202763
0.0205502
0.0218658
0.0303398
0.0213824
0.0237817
0.0210755
0.0210866
0.0229287
0.0210471
0.0952653
0.0208996
0.0203032
0.0211214
0.0213761
0.378354
0.0206059
0.0213254
0.0396341
0.0251457
0.0210935
0.0367276
1.42749
0.0242012
0.293813
0.22367
0.0212405
0.0209116
0.0339445
0.0211905
0.0960382
0.0337946
0.0213343
0.0213828
0.0208644
0.020691
0.021041
0.0318631
0.0216013
0.0210356
0.0234512
0.0218024
0.0213668
0.020722
0.248342
0.0246522
0.0203527
0.0212313
0.0214599
0.0229166
0.249174
0.407375
0.0200482
0.742336
0.154626
0.339576
0.0199672
0.0205883
0.12289
1.31481
0.0275777
0.0213938
0.0212119
0.0202919
0.020042
0.0200297
0.0207493
0.0215685
0.0459647
0.0209071
0.020144
0.0211181
0.0288806
0.0216424
0.0209551
0.0265632
0.0201634
0.496978
0.025808
0.0213502
0.699875
1.32981
0.156323
0.0204816
0.0202733
0.0210793
1.54732
0.0287634
0.0213608
0.0214095
0.0219287
0.0212121
1.39386
0.0212362
0.0282796
0.0212709
0.0200289
0.0416947
0.265018
0.0216588
0.0265897
0.0213955
0.021178
0.210289
1.75036
0.0208934
0.0205498
0.0277286
0.0412118
0.0271916
0.0204391
0.037059
0.0398185
0.0242849
0.0210212
0.0211929
0.0209617
0.0207625
0.0229968
0.0209369
0.026157
0.0459396
0.0227376
0.0464076
0.0274872
0.0212068
0.0213577
0.0841908
0.48837
0.142288
0.0969914
0.0200356
0.0425427
0.0214006
0.0203912
0.0224985
0.0222872
0.0215655
0.623875
0.805233
0.229746
1.25323
0.0212646
0.0591775
0.0201526
0.020319
0.0225437
0.0255623
0.233267
0.0219891
0.0260074
0.0265025
0.0717382
1.12629
0.0210562
0.0214121
0.0951641
1.2937
0.0208672
0.304633
0.242095
0.0211924
0.0220507
0.0206711
0.0219751
0.0214094
0.0262078
0.294095
0.0213083
0.020163
0.130001
0.115335
0.0350109
0.0283043
1.18499
0.0516385
0.39035
0.967241
0.0219078
0.0210708
0.0102063
0.0211377
0.0213681
0.0205442
0.0208277
0.141102
0.0280382
0.0278798
0.142535
0.0234942
0.0240328
0.0212254
0.02655
1.03791
0.0204804
0.0469976
0.630461
0.0496311
0.0214039
0.0231231
0.0224295
0.0200526
0.020487
1.03778
0.0233581
0.0210652
0.0306476
0.0277008
0.0218484
0.081656
0.0246085
0.0227525
0.877749
0.0205479
0.762362
0.0215033
0.0244207
0.0496855
0.0239742
0.213168
0.0214073
0.0260721
0.0211806
1.31757
0.0276175
0.0234086
0.0201635
0.0693684
1.6423
0.216669
0.0206363
0.0254973
0.0271995
0.0207736
0.02035
0.025611
0.253808
0.0204359
1.63152
0.0223007
0.0213008
0.021251
0.0225809
0.02454
0.638862
0.107841
0.0286537
0.0216031
0.0213205
1.64284
0.0204396
0.0210552
0.539804
0.317521
0.022255
0.0207985
0.0211886
0.236716
1.02934
0.0307502
0.0214213
0.053369
0.020334
0.0315093
0.0213545
0.0203771
0.137797
1.71926
0.0284729
0.0223635
1.75755
0.0310581
0.0228482
0.0213793
1.55369
0.0236291
0.0485899
0.211497
0.0298378
1.18552
0.00451225
0.0213869
0.12518
0.0291626
0.0272185
0.0205541
0.102448
0.0292923
0.0210247
0.123557
0.0214127
0.0213873
0.196687
0.0210249
0.0454562
0.0206756
0.0381275
0.025488
0.021005
0.546053
0.0447423
0.020305
0.525423
0.0208958
0.0209062
0.52297
1.23419
0.0428021
0.654858
0.0328616
1.6877
0.0213612
1.45832
0.025117
0.0206576
0.0357296
0.609802
0.0202984
0.0213502
0.0201046
0.021372
0.0215762
0.0201659
1.36667
0.0230443
1.07878
0.0214381
0.391587
0.0213943
1.57232
0.0207898
0.0214053
0.0213726
0.0213938
1.62377
0.328805
0.0203613
0.0215945
0.607527
0.0818466
0.0220815
0.0204344
0.0205645
0.206362
0.477676
0.470428
0.0276908
0.0203252
0.0203166
0.0220797
0.0219714
0.0213657
0.0223216
0.262084
0.0235689
1.58748
0.0218102
0.0204009
0.0238672
0.147522
0.0229374
0.0214767
0.0198121
0.0249672
0.021368
0.0218279
0.0214324
0.0215724
0.0213678
0.255654
0.0352142
0.0209899
0.0213704
0.0219217
0.0219466
0.766117
0.0383649
0.0548649
0.0204203
0.0213743
0.0210799
0.0746627
0.230529
0.0585956
0.022293
0.0225133
0.61644
0.245029
0.0201908
1.38285
0.0624074
0.0217221
1.72777
0.0213351
0.467477
0.0211882
0.0219463
0.135486
0.0785304
0.0212164
0.0580543
0.804523
0.0201823
0.149206
0.0213491
0.0696172
0.377837
0.0662123
0.0788118
1.24489
0.0211774
0.0255355
0.0221703
0.0213621
0.0200181
0.0636854
0.10808
0.0216106
0.0204371
0.0213885
0.023209
0.0579374
0.0213776
0.243632
0.329479
0.0888381
0.0242286
0.0217359
0.0207828
0.0208922
0.024497
0.02233
0.0254402
0.0224166
0.130742
0.0378473
0.0215234
0.416769
0.741179
0.0433499
0.0206297
0.0229081
0.033373
0.133628
1.10608
0.0209662
0.0208241
0.384011
0.0204199
0.0336537
0.0206132
0.0206393
0.0280012
0.0319297
0.0574169
0.120936
0.101031
0.121991
0.0447277
1.00579
0.05064
0.413918
0.021108
0.201902
0.423872
0.0638814
0.0220856
0.02278
0.0210941
0.020424
0.0253686
0.0234604
0.0240834
0.0400141
0.141423
0.0343285
0.0222874
0.0217308
0.0740911
0.030273
0.0516
0.0209945
0.0213934
0.804307
0.0880175
1.63936
0.0196403
0.0196369
0.021944
0.0889101
0.21402
0.0201395
0.0346528
0.0216429
0.0650099
0.0212253
0.0439637
0.0210925
0.0205514
0.136773
0.0225512
0.0204975
0.0215904
0.12572
0.0232358
0.0224901
0.0206445
0.0219794
0.036976
0.0254707
0.0207062
0.219923
0.0297407
0.0227024
0.0595575
0.0283082
0.0206742
0.0317146
0.025313
0.387143
0.0225202
0.0221868
0.020594
0.0699227
0.0202174
1.30802
0.0202678
1.1511
0.0203708
0.0280612
0.0202606
0.0233532
0.0200647
0.026771
0.0222965
0.0210516
0.0226513
0.0204245
0.0213762
0.40005
0.0205254
0.0294649
0.0272442
0.0209558
0.0205652
0.0228249
0.0285689
0.105353
0.0210235
0.0230761
0.0203068
0.0429982
0.0221225
0.0246862
0.020842
0.0215816
0.0239004
0.0294464
0.0231258
1.36372
0.030326
0.023243
0.0208127
0.0250859
0.258262
0.020427
0.0218006
0.0287923
0.0217128
0.0912186
0.0236829
0.0199408
0.0294548
0.0241909
0.0213374
0.0208842
0.0205096
0.0348031
0.020728
0.0214916
0.02199
0.0219894
0.0203665
0.0222769
0.0199312
0.0213247
0.020626
1.71679
1.7359
0.0210954
0.0984159
1.3158
0.0234838
0.92798
0.021528
0.06831
0.0216372
0.0641761
0.0209842
0.022289
0.0275022
0.020566
0.103357
0.143523
0.0203867
0.0212217
1.60351
0.0206354
0.0212976
0.0264256
0.0211562
0.0371365
0.0663971
1.06902
0.0222771
0.0212042
0.021121
0.307845
0.0222184
0.0207179
0.0206081
0.0222098
0.0229838
0.0645696
0.0219741
0.0203777
0.0285355
1.36122
0.0564164
0.0213617
0.021017
0.239194
0.0201999
0.0210278
0.230807
0.165807
0.0376841
0.665647
0.0221769
0.0205394
0.0202115
0.0491188
0.0203466
0.0313268
0.0222336
0.0264584
0.0210954
0.591349
0.0207354
0.0223294
0.0212079
0.0207185
0.0224204
0.0206329
0.0809232
0.0418715
0.0649077
0.021035
0.0369743
0.0880733
0.0249981
0.13626
0.0270841
0.152228
0.0155547
0.0305498
0.0212476
0.291859
0.0205375
0.0213161
0.0206562
0.248427
0.0214833
0.0207212
0.171683
0.0207531
0.248653
0.0206059
0.172516
0.0204391
0.026117
0.0206687
0.0288043
0.0215721
0.0379859
0.0231239
0.314857
0.0228879
0.0229013
0.0210554
0.0210848
0.408
0.0212199
0.028724
0.02145
0.12864
0.0206887
0.194561
0.0590465
0.0735465
0.0200795
0.0215332
0.0203773
0.964918
0.257141
0.0207111
0.024143
0.0208032
0.0211031
0.0218594
0.0212227
0.0211245
0.0217733
0.448995
0.0276153
1.53546
0.129455
0.140077
0.0211336
0.0207173
0.0273723
0.0207787
0.0214244
0.021504
0.38059
0.1246
0.021143
0.0251346
0.021061
0.455309
0.0220538
0.127583
0.0204833
0.0223598
1.34736
0.0210763
0.0207685
1.27456
0.0204435
0.0207496
0.234604
0.0206043
0.712675
0.165101
1.30891
0.02144
0.118066
1.34191
0.0226683
0.02026
0.0211287
0.0243899
0.0213753
0.0240962
0.249254
0.359339
0.0206353
0.0237646
0.0211475
0.0213175
0.0220765
0.0273036
0.0203181
0.307558
0.0251803
1.28133
0.0218933
0.0204731
0.0214784
0.0332121
0.020994
0.0233273
0.639098
0.0205726
0.226829
0.0272087
0.0236194
0.0214011
0.0206727
0.0212076
0.0178436
0.0206523
0.0207674
0.0281326
0.0211212
0.0260959
1.62625
0.244345
0.0161014
0.0204401
0.020655
0.0213494
0.11416
0.18996
0.021424
0.0212577
0.0213688
0.0244292
0.0220628
0.025303
0.020712
0.0556359
0.0213828
0.0542365
0.0211368
0.0211407
0.0226636
0.0206953
0.020771
0.0244509
0.0540579
0.020945
0.0229167
0.372124
0.33592
0.0205632
0.0213672
0.0203921
0.0240968
0.0212191
0.0228121
0.022291
0.33622
0.0323079
0.023243
0.0930413
0.0273459
0.0209318
0.547129
0.021039
1.38724
0.0207673
0.0208957
0.0229926
0.0208954
0.0202493
0.0213848
0.020634
0.0237848
0.0214308
0.0206432
0.522949
0.519991
0.349449
0.0204498
0.023921
0.0213872
0.0234391
0.663828
0.502477
0.0211167
1.44457
0.0213948
0.0210281
0.020921
0.0211487
0.0207257
0.0213966
0.0257749
0.0210444
0.0221506
0.241986
0.0206788
0.0251421
0.0215705
0.117442
0.299075
0.232123
0.104255
0.0219025
0.511296
0.0212924
0.0278186
1.32763
0.0211828
0.233035
0.0205015
0.020584
0.0221869
0.68308
0.182539
0.0234505
0.439928
0.0212544
0.42006
0.141395
0.0692802
0.439839
0.0206434
0.291277
0.0235781
0.0213887
0.020701
0.0224024
0.030844
0.0521662
0.0225435
0.0380423
0.021408
0.0236838
0.0211118
0.0222525
0.0204538
0.0317651
0.0205041
0.0210353
0.0332458
0.03194
0.0209686
0.0205618
0.377771
0.021573
0.0223073
0.0217748
0.0207668
0.0211262
0.0213865
0.0213888
0.0236081
0.0214367
0.0213868
0.0214347
0.0210563
0.0234885
0.0211902
0.217946
0.538088
0.0239935
0.0230373
0.0212144
0.252544
1.27964
0.0202074
0.0211926
0.494135
0.0217958
0.0401449
0.0208722
0.363193
0.0213963
0.0213202
0.0215251
0.0214301
0.0218947
0.0246345
0.0230224
1.68558
0.496669
1.82369
1.21031
0.379021
0.0237685
0.0492286
0.0206837
0.0643302
0.0219707
0.0214352
0.0275734
0.0213514
0.0213492
0.0204095
0.0218324
0.0207698
0.0253983
0.0204644
0.0226277
0.0204955
0.0267523
0.0206176
0.0783051
0.0210278
0.0207884
0.0205433
0.0283832
0.0213375
0.0237045
0.0214265
0.0262094
0.173325
0.498809
0.0298572
0.0206504
0.0245541
0.0210454
0.021157
0.0258316
0.0217515
0.0207707
0.0212824
0.0295102
0.0203589
0.0205103
0.0208362
0.0322539
0.0216382
0.636
0.0204908
1.54975
0.0203676
0.0208268
0.0204482
0.0206945
0.0208734
0.228901
0.0209043
0.159685
0.0206044
0.0202651
0.275533
0.0220666
0.116351
0.0208118
0.0205814
0.144033
0.495947
0.0589686
0.0210756
0.0286524
0.0220529
0.0204397
0.57201
0.0207839
0.0321487
0.0281187
0.0297413
0.0237364
0.0212648
0.0251512
0.492187
0.0239558
0.12573
0.0208742
0.648715
0.0204521
0.173193
0.0204336
0.230048
0.12356
1.35383
0.0233174
0.020658
0.0214125
0.0711556
0.0205555
0.109575
0.0201342
0.151863
0.306393
1.3284
0.0468743
0.0227512
0.0198413
0.0213273
0.0217238
0.0612089
0.0205719
0.0470927
0.0409787
0.374712
1.45232
0.0224219
0.0211538
0.0213593
0.0558867
0.272148
0.0222053
0.022554
0.0234182
0.0215701
0.0208494
0.0232758
0.0210097
0.0206499
0.853291
0.0223966
0.0206377
0.0762714
0.0212717
0.0207768
0.0407252
0.0285126
0.0264203
0.097341
0.0489211
0.640771
0.666544
0.0213373
0.0209909
1.81913
0.0196581
0.0209988
0.0215003
0.0209632
0.0207382
0.022295
0.0217935
0.0437545
0.0340752
0.0230746
0.258904
0.0211685
0.0480091
0.289581
0.0210447
0.0236454
0.0280182
0.021016
0.0238526
0.0843628
0.0205414
0.0285642
0.0254438
0.0212745
0.0204362
0.0850952
0.0213189
0.0225148
0.0199298
0.0199259
0.0288824
0.0232165
0.0633144
0.022261
0.021425
0.0203806
0.0208108
0.0727409
0.0219694
0.0210753
0.0212138
0.0211962
0.0210147
0.0213146
0.0324024
0.0209773
0.0272016
1.64389
0.75234
1.5609
0.0308389
0.0447396
0.0208536
0.0225583
0.0870903
0.0206642
0.0214421
0.183631
0.0209399
0.0219713
0.0208314
0.50206
0.0199183
0.0210558
0.0211141
0.0237433
0.0315239
0.0211505
0.347874
0.0210345
0.0213868
0.0207522
0.0213525
0.0204827
0.0212898
0.0226084
0.056989
0.021138
0.0212956
0.0283315
0.0218002
0.0456349
0.0207126
0.0200241
0.147067
0.0245291
0.0213041
0.0224504
0.0206384
0.0765952
0.0672166
0.0214235
0.023857
0.0223132
0.0211975
0.0210163
0.0246261
0.0240116
0.142927
0.177341
0.0196266
0.0274584
0.021795
0.022034
0.405798
0.0206798
1.0872
0.0313231
0.0216932
0.0222796
0.0205082
0.0210648
0.0203262
1.58606
0.0210348
0.161519
0.0213055
0.0208506
0.023496
0.073325
0.0599659
0.0208824
0.0291312
0.192549
0.191864
0.0227972
0.0206496
0.0213415
0.0199156
0.497786
0.0216271
0.0240128
0.0211561
0.0240294
0.0207671
1.10931
0.0209734
0.0256363
1.48611
0.02069
0.0212783
0.0199143
0.0229319
0.0232815
0.0204829
0.0280682
0.0213933
0.0206134
0.0210734
0.051899
0.0328232
0.0204764
0.0199152
0.0221528
0.600878
0.020706
0.0840364
0.404182
0.788642
0.0299368
0.0206531
0.0212825
0.41847
0.0213844
0.0253008
0.0222177
0.0237388
0.4976
0.0209026
0.0208882
0.0211726
0.246013
1.39393
0.0211808
0.0570473
1.13188
0.0225879
0.0211686
0.0299663
0.020657
0.0211862
0.0255519
0.0214895
0.0213005
0.0657354
0.0213881
0.0353998
0.0249544
0.0212363
0.0255436
0.0458254
0.0525042
0.0208329
0.0232439
0.020587
0.206694
0.0222516
0.448219
0.654723
0.0220079
0.0214968
0.0226278
0.0524352
0.0371088
0.0220018
0.0222157
0.02105
0.0469441
0.287079
0.0219144
0.0199028
0.102532
0.217958
0.215427
0.0211064
0.626409
0.0420827
0.0209714
1.66198
0.0221739
0.207645
0.0209119
1.83121
0.0199908
0.0212025
0.021067
0.02126
0.26458
0.0207214
0.0621666
0.411842
0.0207377
0.0208878
0.0239125
0.0222177
0.0211297
0.0206187
0.0212571
0.0219899
1.2225
0.0206238
0.0326929
0.0202768
0.0204574
0.0209153
0.0333972
0.0241206
0.02205
0.0210816
0.0210354
0.0205402
1.22676
0.0213578
0.0201015
0.0425679
0.0209645
0.085228
0.0209361
0.0211689
0.021224
0.0199947
0.0250602
0.0199627
0.0243354
0.0239083
0.020592
0.034629
0.0222167
0.022863
0.0213188
0.0603365
0.0307646
0.0260842
0.0732355
0.0213752
0.417852
0.0229062
0.0205952
0.0239551
0.0293804
0.741309
0.0314531
0.020361
0.0397739
0.099328
0.0287324
1.59062
0.0203529
0.0205627
0.0211663
0.0220095
0.0205358
0.0205921
0.0277582
0.0535092
0.0233119
0.0226985
0.0232435
0.0214649
0.0227656
0.0219397
0.0521517
0.0213544
0.0211859
0.0196442
0.0262464
0.735684
0.851189
0.524651
0.0211619
0.0211324
0.0209044
0.0203382
0.0212944
0.663464
0.0223162
0.0206562
0.0203383
0.0208497
0.039437
0.0237727
0.0243544
0.02323
0.0212087
0.0220099
0.0552056
0.35164
0.804768
0.0200591
0.957035
0.0211833
0.0208529
0.0277556
0.0225
0.020395
0.0226133
0.383949
0.0211705
0.0230067
0.668654
0.0265564
1.39233
0.0269359
0.0212552
0.517236
0.0206555
0.729515
0.0306969
0.0667527
0.0213731
0.0208806
0.0268986
0.0206277
0.0240465
0.0204413
0.0213424
0.0210366
0.489708
0.0246572
0.533749
0.024392
0.532026
0.0587408
0.100084
0.352999
1.85615
0.0208618
0.0228041
0.0206425
0.0204769
0.479848
0.0216484
0.0222802
0.0269373
0.222493
0.0884183
0.0204953
0.0205729
0.021901
0.0262609
0.0227397
0.0237835
0.0308917
0.0204017
0.0208999
0.0496009
0.0273957
0.0210246
0.020949
0.0208862
0.0202111
0.412356
0.0212883
0.0213676
0.0210732
0.0218681
0.0204857
0.0261181
0.0203279
0.0231343
0.0223324
0.120916
0.0209619
0.0209996
0.0212585
0.309322
0.0506456
0.020641
0.0294189
0.407469
0.0243607
0.0210678
0.02129
0.021305
0.0483798
0.0532954
0.0238781
0.114499
0.0220735
0.0199074
0.0206408
1.0906
0.0212895
0.0489418
1.20841
0.0212315
0.0232933
0.0216587
0.0199192
0.0467094
0.0213179
0.029397
0.0220548
0.433793
0.0820157
0.023102
0.0211319
0.0213216
0.9935
1.59178
0.0342946
0.0216658
0.344232
0.0204675
0.028043
0.0215306
0.0209317
1.29044
0.0196589
0.511764
0.0788985
0.0227996
0.0261878
0.0239994
0.0214077
0.0209329
0.816191
1.11991
0.0267517
0.0217811
0.0213085
0.174638
0.676045
0.0205348
0.275185
0.813553
0.020981
0.0217551
0.0203733
0.0217975
0.022494
0.426479
1.51763
0.0223275
0.0223056
0.0218139
0.0210097
0.0203761
0.813032
0.0227392
0.0202816
0.0239501
0.0207606
0.0216959
0.0237931
0.0214408
0.0245653
0.0210699
0.0211195
0.0247483
0.0208673
0.0211366
1.54716
0.0216397
0.0315167
0.0209319
0.0212351
0.020655
0.0265825
0.0225266
0.283201
0.117783
1.83014
0.0214021
0.0218572
0.166178
0.0213942
0.0203395
0.023978
0.0240738
0.0255454
0.0212234
0.0204891
0.0212522
0.0212009
0.0212937
0.0213356
0.0204053
0.0273245
0.0260654
0.0222116
0.433628
0.0291497
0.0224186
0.141082
0.186848
0.0211501
0.0206735
0.0781086
0.124773
0.0419335
0.0235228
0.0213971
0.0214706
0.0212368
0.0218349
0.0209869
0.503572
0.0215665
1.32736
0.0262091
0.0247079
0.0707797
0.0386241
0.664582
0.0216947
0.0531444
0.0975937
0.0212001
0.0394538
0.33446
0.0196674
0.28218
0.420957
0.0212231
0.0204773
0.022984
0.0211035
0.0237215
0.0205536
0.0212766
0.0248835
0.434527
1.56905
0.0211573
0.0203981
0.0244509
0.0215207
0.19217
1.32476
0.399243
0.0204271
0.0212079
0.024319
0.0208665
0.0267292
0.0204451
0.0205694
0.0270278
1.32426
0.0212854
0.021307
0.506023
0.179477
0.021018
0.0240758
0.668034
0.187871
0.0211787
0.0227818
0.0525707
0.0555975
0.0223724
1.35002
0.0217363
0.0203119
0.0296058
0.0205474
1.34851
0.115535
0.0214358
0.487473
0.0207376
0.0237498
0.0212676
0.0214984
0.165952
0.0961106
0.0265959
0.021293
0.0209869
0.447715
1.37856
0.020548
0.0243037
0.0214697
0.0214246
0.021276
0.0369854
0.0505191
0.0211498
0.0228386
0.0206567
1.35993
0.0213225
0.0222193
0.0306149
0.0244149
0.0214031
0.0198691
0.021708
0.0213771
0.0263289
0.15941
0.0205282
0.0483008
0.0205777
0.0488839
0.0220028
0.021144
0.493297
1.55136
0.0215771
0.213414
0.0214195
0.0321921
0.0212445
0.0216248
0.021693
0.0196479
0.0214861
0.0214307
0.0212756
0.0209324
0.0205169
0.0205552
0.0209731
0.513293
0.0215237
0.0229466
0.0213432
0.0492027
0.0202321
0.021222
0.0212773
0.0211935
1.09287
0.510967
0.0209553
0.577349
0.0221942
0.0675745
0.0413655
0.0216869
0.847134
0.76264
0.0213356
0.0213161
0.0227666
0.0218194
0.0254415
0.481734
0.0213914
0.0205433
0.0212853
1.34028
0.0215819
0.107921
0.0221297
0.0218118
0.0359603
0.0214211
0.0204553
0.0221789
0.0208651
0.0245892
0.51715
0.0267705
0.0209832
0.0212458
0.0820226
0.0287374
0.670223
0.0213374
0.0214367
0.364383
0.0196574
0.0205199
0.115648
0.0204907
0.0269155
0.0213594
0.0211561
1.53571
0.0208192
0.0205882
0.022696
0.0204186
0.0232507
0.0379582
0.0204683
0.121491
0.0211407
0.0196912
0.0221231
0.0226868
0.0238333
0.0226295
0.0720467
0.021452
0.0485933
0.20153
0.098586
0.190359
0.0214375
1.1379
0.021308
0.0212654
0.0235142
0.671713
0.0215469
0.0223177
0.0231976
0.075136
0.0218497
0.0226316
0.0234135
0.0232757
0.0219755
0.022135
0.0540315
0.0382041
0.0259564
0.0225963
0.0218997
0.021289
0.173683
0.0213632
1.33357
0.0211692
0.0748817
0.0213382
0.0230336
0.231341
0.0819314
0.0215249
0.0225517
0.0222212
0.198479
0.124112
0.228601
0.185166
0.0208888
0.0811065
0.0204084
0.0229815
0.0212062
0.0783838
0.0210585
0.0265291
0.0222844
0.0209807
0.0215142
0.0216277
0.0211728
1.41003
0.0210346
0.0211626
0.0211575
0.136629
0.307517
0.0207482
0.0205214
0.475853
0.0236193
0.0211265
0.0280816
0.02644
0.680124
0.021286
0.0222445
0.02199
0.0213774
0.0214088
0.0223928
0.0227231
0.0280074
0.0490654
0.0223731
0.0213718
0.0613159
0.0224536
0.0207208
0.0232219
0.0554444
0.0211659
0.424946
0.0224391
0.0845911
0.0212861
0.0213311
0.0204081
0.0215773
0.021469
0.021622
0.0422199
0.0207202
0.0212174
0.0217617
0.054256
0.0213333
0.0213931
0.0270608
0.0270119
0.0228713
0.0213794
0.44346
0.0240156
0.0213383
0.821573
0.0214263
0.0212392
0.0305434
0.0215762
0.440575
0.0209857
0.022892
0.0760179
0.0219829
0.0212521
0.0226958
0.0216432
0.0209489
0.0212419
0.461778
0.0211775
0.0217175
0.0207068
0.089678
0.0227584
0.0205634
0.0209121
0.0290949
0.0228716
0.0206952
0.0210058
0.0211268
0.0209181
0.0207486
0.469361
0.0212413
0.0206739
0.229815
1.74373
0.0208357
0.0222933
0.0209049
0.190993
0.178576
0.188525
0.0207363
0.0209151
0.0212908
0.0211217
0.884372
0.0230501
0.0209191
0.0214804
0.0390383
0.0213046
0.0216321
0.4431
0.0227199
0.02122
0.0212771
0.0211409
0.0213678
0.0205221
0.022325
0.109826
0.0207023
0.447011
0.0199183
0.0220394
0.0215156
0.0212862
0.0216148
1.3866
0.022208
0.0233137
0.019726
0.0215244
1.35223
0.115401
0.0280126
0.0210861
0.247992
0.065751
0.0218524
0.415419
0.0208673
0.335093
0.0232213
0.02429
0.0220953
0.0208976
0.0239476
0.0196499
0.0224872
0.036667
0.678487
0.0208479
0.061519
0.0212619
0.0641339
0.023908
0.0204897
0.0916505
0.490008
0.070085
0.0492388
0.0317956
0.0212528
1.7034
0.0214065
0.0217829
0.021322
0.0220217
0.0211988
0.035306
0.0199378
0.0220216
0.0212177
0.0217168
0.605371
0.021908
0.022548
0.684268
0.0212279
0.10184
0.304628
0.021579
0.0225455
0.0428006
0.0213338
0.0215194
0.0948146
0.0219124
0.022675
0.662491
0.0248091
0.0211381
0.817572
0.0210612
0.181621
0.0220406
0.106857
0.403054
0.0211844
0.432439
0.0218563
0.0215683
0.0214712
0.019656
0.0267248
0.0211807
0.0218544
0.0204264
0.0200096
0.0200226
0.533804
0.0792911
0.0227321
0.0229804
0.0211504
0.0234868
0.0198245
0.76761
0.0212903
0.203402
0.227724
0.0218868
0.0213215
0.0220307
0.135163
0.0234444
0.0225006
0.0212139
0.0213399
0.0249621
0.0462341
0.0207503
0.0222235
0.022348
0.0213337
0.0212474
0.0708564
0.0334086
0.541866
0.0214743
1.29149
0.0224229
0.0218872
0.426474
0.022241
0.0707796
0.0420562
1.13097
0.0221977
0.0533828
0.0212744
0.021378
0.0212047
0.02155
0.0212791
0.0211635
0.0215748
1.41792
0.43147
0.407653
0.0222067
0.0215168
0.0219688
0.0214223
0.0215483
0.0233212
0.0205093
0.0219788
0.0218143
0.0205386
0.0966067
0.0214313
0.0324303
0.0216686
0.0208677
0.0221499
0.0204505
1.80991
0.384991
0.0220382
0.435184
0.0201533
0.414471
0.0214395
0.0224734
0.0215605
0.0212697
0.0258225
0.0214816
0.0506801
0.0216166
0.0212697
0.430933
0.0213492
0.0232336
0.304126
0.114949
0.0220909
0.043616
0.0205025
0.100915
0.0557385
0.0213639
0.0387141
0.021365
0.0216439
0.392931
0.0212191
0.114436
0.0210936
0.112339
0.0214412
0.164734
0.019673
0.0233
0.493183
0.0216742
0.315788
0.0263286
0.0467412
0.0220104
0.358887
0.0358709
0.0199828
0.0213126
0.0215506
0.0212083
0.021396
0.0206672
0.135139
0.0209147
0.0209421
0.0642912
0.0216177
0.0208898
1.153
0.0202706
0.0217487
0.0208963
0.0216652
0.315857
0.0220426
0.0244628
0.111343
0.0598664
0.0199369
0.0217993
0.020944
0.0339115
0.0219929
0.161944
0.0220851
0.0249274
0.0219664
0.354389
0.0224464
0.0212886
0.022553
0.0239377
0.0455422
0.021358
0.021989
0.0214782
0.0247486
0.125679
0.0439986
0.0235078
0.0400213
0.0209399
0.020612
0.0215785
0.021335
0.0204065
0.0234332
0.0223628
0.0816229
1.64511
0.0215712
0.210273
0.0233351
0.0215017
0.0212793
0.021651
0.184204
0.0266274
0.0328088
0.405988
0.0414601
0.0234379
0.380054
0.0216353
0.0223006
0.0217889
0.0209956
0.34587
0.0220844
1.79441
0.0327222
0.023835
0.173443
0.0471196
0.0224151
1.9455
0.0215484
0.0213388
0.021359
0.145113
0.0214326
0.0216434
0.0211459
0.0226527
0.0214784
0.100455
0.0206652
0.264684
0.0307319
0.0621192
0.0221381
0.836353
0.0217526
0.38416
0.0213698
0.0215404
0.223086
0.0219147
0.0202452
0.288062
0.0225398
0.0362263
0.0219869
0.0213833
0.133985
0.289655
0.0213467
0.0336197
0.0197183
0.0220925
0.0222405
0.0984996
0.0632571
0.0216646
0.0215536
0.0225279
0.404142
0.021336
0.0217697
0.02173
0.0427038
0.0212038
0.021262
0.021722
0.414542
0.0213623
0.0212763
0.0199167
0.0213632
0.0212595
0.510958
0.0217977
0.0221469
0.0210147
0.0499194
0.423079
0.0236332
0.0520862
0.0211004
0.0213533
0.0216352
0.0212473
0.0227301
0.0216771
0.0216267
0.36653
1.337
0.021177
0.332688
0.0208613
0.663321
0.0248003
0.022944
0.172402
0.0214015
0.021549
0.0215108
0.0204757
0.039198
0.210049
0.0222908
1.72666
1.17482
0.125554
0.0213449
0.021669
0.0245522
0.658115
0.412453
0.0219394
0.0223913
0.021403
0.0235817
0.544984
0.0323526
0.0197719
0.0218154
0.0216298
0.0208778
0.0346852
0.776017
0.0220977
0.0213804
0.0209596
0.0213038
0.404976
0.62332
0.0204665
0.0416785
1.14912
0.0206933
0.0215864
0.0236952
0.0214351
0.0219556
0.0213605
0.0490423
0.0817671
0.0221706
0.0228217
0.02389
0.437355
0.0222225
0.022058
0.18511
1.82862
0.367729
0.0216173
0.0204485
0.121067
0.0210527
0.0208076
0.164188
0.218384
0.021964
0.022184
0.0213576
0.0214578
0.429752
0.0204221
0.0226307
0.0204159
0.021036
1.23665
0.021185
1.96237
0.449876
0.0213192
0.102191
0.025211
0.13145
0.0226375
0.0222771
0.0217122
0.0203033
0.0212704
0.102776
0.070397
0.400572
0.0220508
0.0214442
0.0222125
0.0213178
0.150806
0.344753
0.0215013
0.374924
0.524654
0.352677
0.108348
0.0240298
0.0215836
0.0219812
0.0922206
0.048566
1.28937
0.798161
0.0213304
0.301943
0.673273
0.0209936
0.0211377
0.0209996
0.0213824
0.183495
0.521964
0.0210244
0.0214741
0.115427
0.0213657
0.046235
0.0213017
0.0210843
0.0203122
0.0199658
0.338631
0.0198148
0.0222438
0.200233
0.0213031
0.680686
0.0206302
0.0213959
0.021495
0.0924228
0.0225474
0.0217214
0.266962
0.0215372
0.0204168
0.38479
0.020999
0.232862
0.022289
0.197359
0.0229384
0.0971278
0.824279
0.0214604
0.0243294
0.294946
0.0233656
0.0235271
1.34719
0.428706
0.260109
0.0212032
0.447884
0.0416391
0.0214416
0.0397032
0.0213885
0.024308
0.0208888
0.47866
0.0450457
0.436562
0.163439
0.0210741
0.648323
0.397273
0.0230424
0.0201835
0.0419829
0.0220856
0.179879
0.021327
0.0654089
1.26844
0.0211729
0.0226444
0.0301673
0.0215951
0.0345811
0.0240114
0.0216701
0.169278
0.02153
0.0221909
0.0284858
0.0213549
0.195158
0.0228533
0.405442
0.0223326
0.399528
0.0217814
0.0233465
0.0236091
0.0213016
0.0213412
0.120737
0.0301089
0.0352612
0.0274972
0.0209952
0.0213565
0.0210508
0.0212883
0.0220664
0.0213595
0.0702572
0.0309133
0.0223454
0.0202771
0.372325
0.0215951
0.0205803
0.020793
0.0878046
0.0225645
0.0342209
0.0225878
0.0223378
0.0213038
0.402358
0.0213444
0.0273168
0.0210155
0.0204782
0.0226628
0.0996441
0.0229881
0.0212305
1.34422
0.0219325
0.0212891
0.0214838
0.0223317
0.228384
0.299617
0.0295762
0.021797
0.020775
0.20929
0.0803291
0.0218924
0.0795021
0.0211218
0.0637248
0.385892
0.0205075
0.0219611
0.0208052
0.0224621
0.0209964
0.0970473
0.0238027
0.0223298
0.0228088
0.0209087
0.0229736
0.120515
0.0222241
1.29731
0.771079
0.178194
0.0217837
0.0208894
0.0216798
0.0213412
0.0671166
0.0423726
0.0220772
0.0229304
0.0215812
0.0215632
0.0212681
0.027233
0.0213108
1.80846
0.0220503
0.0255862
0.0214783
0.0215727
0.0218782
0.0224698
0.0213323
0.100964
0.272586
0.0213319
0.0218713
0.021338
0.0210761
0.421733
0.021369
0.0210254
1.50102
0.172285
0.699117
0.0215623
0.223232
0.0213562
0.0213451
0.0220661
0.329139
0.406215
0.0217533
0.434936
0.021661
0.0219524
0.0447312
1.03016
0.0215001
0.0221068
1.40305
0.0212531
0.0231199
0.0934444
0.4291
1.7308
0.0215962
0.0212203
0.0212006
0.219052
0.303901
0.0214086
0.0220303
0.0221139
0.021441
0.0215316
0.0212824
0.0228031
0.077278
0.0452997
0.0213051
0.19837
0.0209156
0.409991
0.0380128
0.021315
0.0372344
0.361164
0.135879
0.0214321
0.0220753
0.0247946
0.021354
0.0222908
0.0209077
0.0606935
0.0424203
0.0229935
0.443449
0.022203
0.0213765
0.052898
0.0213293
0.196186
0.0214599
0.0216124
0.240665
0.0321649
0.023561
0.0214417
0.0223226
0.188743
0.223958
0.0225773
0.576722
0.0368289
0.0236047
0.55904
0.0215558
0.0226761
0.0226105
0.0233604
0.0302181
0.0213002
0.0216083
0.0213634
)
;

boundaryField
{
    frontback
    {
        type            empty;
    }
    topbottom
    {
        type            fixedValue;
        value           uniform 0.0223;
    }
    outlet
    {
        type            zeroGradient;
    }
    inlet
    {
        type            fixedValue;
        value           nonuniform List<scalar> 0();
    }
    walls
    {
        blending        binomial2;
        n               2;
        beta1           0.075;
        type            omegaWallFunction;
        value           nonuniform List<scalar> 0();
    }
    procBoundary3to1
    {
        type            processor;
        value           nonuniform List<scalar> 
147
(
1.80718
0.725351
0.712273
1.00654
0.504961
0.246556
0.355404
0.822529
0.321261
0.415281
0.392053
1.5956
0.386918
0.326687
0.375177
1.30555
0.274493
0.352331
0.370972
0.132575
0.911305
0.367055
2.10741
0.423873
0.254252
0.652347
1.25241
0.921067
0.919525
0.300818
0.65085
0.65085
0.261425
0.478124
0.633883
0.26067
0.564717
0.206661
1.29616
0.653947
0.374988
0.365612
0.270503
2.15809
0.689802
0.873894
0.365612
1.99794
0.293778
0.340319
0.319775
0.377942
0.279269
0.128053
0.159526
0.321345
0.267024
0.255229
0.285717
0.329475
0.254632
0.252474
0.262355
0.264964
0.229604
0.140844
0.36118
0.365569
0.264634
0.281589
0.262186
0.25383
0.425655
0.39768
0.31574
0.383758
0.310366
0.275689
0.507973
0.416435
0.439132
0.461233
0.489923
0.512322
0.507776
0.449981
0.437537
0.492881
0.424546
0.428652
0.468382
0.392053
0.507776
0.493944
0.458369
0.298393
0.432475
0.400951
0.329465
0.314973
0.37323
0.454395
0.351319
0.549947
0.55025
0.455702
0.513666
0.529704
0.558747
0.513666
0.374498
0.278182
0.668797
0.871002
0.906596
0.683577
0.673531
1.03919
0.683496
0.673531
0.482845
0.37931
0.198601
0.613328
0.371372
0.666933
1.3422
0.271405
0.380835
0.719442
1.03919
1.69853
1.56099
1.60094
1.09362
1.64479
0.447515
2.25578
0.376169
0.359242
0.834388
0.56885
0.359242
0.265873
0.264125
1.3194
0.229604
)
;
    }
    procBoundary3to2
    {
        type            processor;
        value           nonuniform List<scalar> 
73
(
0.0219998
0.0219452
0.021435
0.0214212
0.0373059
0.0343583
0.022761
0.0765523
0.052718
0.134558
0.0218553
0.021783
0.155172
0.0216232
0.0218553
0.0298683
0.0319785
0.0343583
0.0214825
0.0240961
0.0247714
0.0213998
0.0220262
0.0217193
0.0233337
0.117385
0.102695
0.0216678
0.0214276
0.0224726
0.0609774
0.0256878
0.0214168
0.0215866
0.0214704
0.0319785
0.0235723
0.0222726
0.021783
0.0215538
0.180975
0.180975
0.0281191
0.0214025
0.0214553
0.0213983
0.0465239
0.0214111
0.0215084
0.0890561
0.155172
0.0215279
0.0435848
0.0214017
0.257767
0.214705
0.0221096
0.0231325
0.214705
0.257767
0.021443
0.0214064
0.0697534
0.0388226
0.0267858
0.325687
0.400618
0.0890561
0.0214346
0.0214844
1.35791
0.671816
0.0214892
)
;
    }
}


// ************************************************************************* //
