/*--------------------------------*- C++ -*----------------------------------*\
| =========                 |                                                 |
| \\      /  F ield         | OpenFOAM: The Open Source CFD Toolbox           |
|  \\    /   O peration     | Version:  v2012                                 |
|   \\  /    A nd           | Website:  www.openfoam.com                      |
|    \\/     M anipulation  |                                                 |
\*---------------------------------------------------------------------------*/
FoamFile
{
    version     2.0;
    format      ascii;
    class       volScalarField;
    location    "950";
    object      omega_0;
}
// * * * * * * * * * * * * * * * * * * * * * * * * * * * * * * * * * * * * * //

dimensions      [0 0 -1 0 0 0 0];


internalField   nonuniform List<scalar> 
10042
(
0.231031
0.613073
0.0401841
0.0211263
0.02107
0.319207
0.927957
0.317071
0.0201056
0.0470737
0.253202
0.66078
0.0313109
0.0209182
0.0215308
0.0209043
0.421314
0.294253
0.0228714
0.026062
0.0310732
0.235238
0.0211109
0.463141
0.020989
0.0217167
0.0448835
0.0200328
0.350103
0.456742
0.0225704
0.0398902
0.0200792
0.020074
0.303537
0.281053
0.0220506
0.0202558
0.0217948
0.0210748
0.460418
0.0200989
0.110941
0.796192
0.0210613
0.0209841
0.0198591
0.021513
0.0528625
0.180025
0.114091
0.0209826
0.401082
0.0227057
0.353495
2.44887
0.029762
0.113769
0.0215422
0.0195697
0.0561948
0.921766
0.0958822
0.320095
0.0359784
0.0212878
0.0253859
0.238874
0.019835
0.238036
0.135391
0.0223401
0.0203925
0.0215223
0.0212386
0.131567
0.0508939
0.0198557
0.0574718
0.0229412
1.06449
0.461883
0.0240136
0.0208882
0.0348283
0.3091
0.0248598
0.0398379
0.0208909
0.0351397
0.0260781
0.0215424
0.0940786
0.667291
0.0324167
0.0212979
2.9464
0.0254838
0.445629
0.0215058
0.0256696
0.167396
0.0216654
0.0342306
0.0234869
0.0214971
1.67119
0.0211888
1.21039
0.0215291
0.0214936
1.07886
0.146094
0.307426
0.0333832
0.0198283
0.0344551
0.0223811
0.0723804
0.019807
0.0195689
0.324175
0.286345
0.0210707
0.0385456
0.0209583
0.0209865
0.339541
0.113905
0.0311021
0.0202286
0.0210702
0.0212134
0.0211413
1.20792
0.138822
0.0254043
1.75084
0.0220833
0.50283
0.064393
0.0204496
1.62423
0.0200392
0.0242944
0.0202576
0.031968
0.0198209
0.022252
0.244594
0.0211256
0.0210654
0.0222749
0.035396
0.0311093
0.0245166
0.107333
2.19671
0.021229
0.0220334
0.022232
0.0214974
0.144144
0.0209182
0.0218867
0.194126
0.0203823
0.0353555
0.292711
0.0200441
0.0363724
0.449283
0.132488
0.0200572
0.0226632
0.176574
0.021035
0.0202444
0.0210325
0.0198352
0.0220319
0.023471
0.0215237
0.0197917
0.250865
0.0265598
0.0223505
0.0196172
0.197713
0.02134
0.838286
0.029594
0.0202452
0.0233166
0.246262
0.0215394
0.217063
0.0247469
3.56785
0.0209044
0.133348
0.0787953
0.388611
0.0202697
0.473678
0.0211437
0.367854
0.034648
0.0214712
0.0211695
0.0379173
0.020162
0.500726
0.0587241
0.0221653
0.233941
0.0202163
0.0794757
0.0213296
0.127983
0.460646
0.0345323
0.463549
0.235056
0.021122
0.0813847
0.0218588
0.0249028
0.0373412
0.0216951
0.0202456
0.021042
0.0266151
0.0230849
0.0210291
0.308672
0.0241733
3.14578
0.0238226
0.459558
0.0496689
0.363338
0.0195591
0.0218945
0.247017
0.0211504
0.366894
0.0236458
0.0223274
0.0215325
0.0232356
0.0202557
0.507698
0.564281
0.022138
0.0238467
0.021709
0.0222458
2.75801
0.0211018
0.0374608
0.020307
0.0209691
0.0198723
0.0324989
0.573944
0.0349155
0.537419
0.0232847
0.0210655
0.0213531
0.175435
0.0208104
0.154928
0.0221121
0.0390423
0.0219172
0.0210245
0.0233695
0.197934
0.020031
0.170516
0.224383
0.0218702
0.0234898
2.58901
0.0494304
0.0199075
0.222122
0.0213878
0.0284241
0.0260385
0.0239302
0.241296
0.0372929
0.0208271
0.643357
0.0247548
0.021363
0.0202705
0.0222169
0.2483
0.0196192
0.0771638
0.0526057
0.913785
0.0209223
0.0246179
0.8464
0.19085
0.0227056
0.0210783
0.0212831
0.0208332
0.0252017
0.220461
0.0198761
0.247477
0.433821
0.0198169
0.0220478
0.161229
0.0337032
0.244354
0.255032
0.0225345
0.0260893
0.0210072
0.0243273
0.0275043
0.0211373
0.0213551
0.223172
0.0212892
0.410616
0.243352
1.74557
0.24443
0.0202707
0.158696
0.0636053
0.0308336
0.0195633
0.0281485
0.0227187
0.0202324
0.0207236
0.02123
0.025161
3.34834
0.0216675
0.0331284
0.0252983
0.0203749
0.635363
0.0258638
0.0218747
0.0239217
0.176876
0.0225331
0.0214618
0.0221864
0.0218764
0.426179
0.1455
0.0219378
0.0210027
0.0238762
0.0240185
0.435913
0.019584
0.0242956
0.0208544
0.0215576
0.129165
0.0210786
0.0447332
0.274799
0.348657
0.0566255
0.0213863
0.126699
0.0372205
0.0209842
0.0445851
0.0198179
0.0214164
0.0197971
0.0211746
0.0199067
0.0220943
2.07551
0.0216558
0.0266683
0.153801
0.741711
0.0211855
0.30975
0.0220901
0.0399487
0.0209955
1.26731
0.0216603
0.511141
2.71661
0.0203838
0.0584763
0.0212223
0.0466795
0.021975
0.522918
0.0250326
0.320581
0.0216268
0.30764
0.0219558
0.025728
0.427552
0.0199152
0.0217748
0.0210467
0.196831
0.0202345
0.0197768
0.0688131
0.0228943
0.0380703
0.522035
0.0210848
0.0310316
0.0228664
0.0198553
0.0250713
0.288986
0.0208656
0.021823
1.59184
0.0580702
0.0220468
2.61691
0.0200618
0.0261295
0.0309448
0.179649
0.147913
0.247037
0.302123
0.131443
0.319785
0.019763
0.0309784
0.348627
0.281299
0.0426191
0.0211087
0.0207546
0.0323998
2.84582
0.019795
0.0201369
0.0228328
0.0211575
0.0210361
0.0211757
0.0211275
0.0239645
0.239826
0.0218795
0.0258781
0.0364102
0.130577
0.0200717
0.97682
1.63285
0.209271
0.0211333
0.0248851
0.0219176
0.970706
0.0213541
0.0278596
0.0216166
0.433374
0.0205964
0.0233042
0.0201375
0.0287256
0.5792
0.0218106
0.0207952
0.0211139
0.911326
0.020297
0.0295941
0.0390134
0.0579477
0.0202652
0.0298942
0.293243
1.53502
0.0214252
0.022741
0.249891
0.740498
0.0352246
0.342882
0.0215133
0.227144
0.0293849
0.0267362
0.0230394
0.370662
0.0202398
0.0210936
0.0215733
0.245773
0.0210822
0.0268039
0.0211582
0.0214028
0.0201085
0.025606
0.339129
0.0216476
0.021814
0.354935
0.0281992
0.0355134
0.0216263
0.0211409
0.235451
1.38024
0.0214093
0.019965
0.0365552
0.0213194
0.0213115
0.244445
0.0202231
0.281467
0.0209846
0.0418058
0.023189
1.19624
0.021093
0.0252812
0.021449
0.0203565
0.336257
0.0195577
0.621095
0.0353369
0.0201181
0.0245948
1.74499
0.0677068
0.031959
0.021251
0.0199623
0.0198091
0.020622
0.0261542
0.0215363
0.253802
0.0212757
0.0199852
1.88049
0.0234839
0.0272907
0.0223368
0.0207775
1.85871
0.413698
0.0226556
0.320691
0.0213544
0.025793
0.0200383
0.0201206
0.0211383
0.0210788
0.0214424
0.021357
2.44608
0.0215834
0.54994
0.0209907
0.0224161
0.0198865
0.0388469
0.0793828
0.0201318
0.0210137
0.251853
0.0333031
0.0199043
0.266941
0.0210279
0.203402
0.0202692
0.0221689
0.0203445
0.188202
0.0198928
0.0209424
0.0211706
0.191821
0.0219747
0.0211196
0.0213414
0.0491828
0.0211811
0.0210869
0.0203907
0.0210956
0.0231878
0.0210487
0.0218543
0.0200523
2.60722
0.806313
0.5813
0.0219479
0.0233395
0.0212813
0.0859122
0.0220636
0.455322
0.581138
0.57354
0.203721
0.390463
0.0213557
0.0213739
0.36994
0.0465622
0.0249551
0.0724082
0.0215229
0.405213
0.0208094
0.0214374
0.0200785
0.0202879
0.0221976
0.351764
0.0218529
0.0216101
1.90719
0.0212239
0.108715
0.020888
0.0218381
0.0294975
0.0213554
0.403425
0.0210125
0.0210476
0.198938
0.0214171
0.019782
0.0226945
0.0208465
0.0207784
0.570684
0.437727
0.50574
0.0215016
0.0208649
0.0208487
0.410738
0.0225208
0.021203
0.0204178
0.0206906
0.41395
0.162901
0.114079
0.0219977
0.0235205
2.17585
0.0257667
0.0263889
0.0369906
0.225204
0.860829
0.418305
0.0207979
0.021279
0.0210445
0.312499
0.0207862
0.0238877
0.0211564
0.0195655
0.0279324
0.0216543
0.196442
0.295024
0.0198926
0.0210481
0.0197605
0.252091
0.0202766
0.497134
0.0231826
0.191396
0.0208526
0.0206933
0.0201369
0.0210822
0.0213387
0.0196998
0.0213641
0.021636
0.0292664
0.023074
0.579846
0.0213675
0.043003
0.244461
0.0224669
1.99093
0.0209542
0.0211182
0.0221578
0.0214329
0.280462
0.0211467
0.0218417
0.0201179
0.176972
0.0206394
0.308497
0.0323959
0.0208731
0.483292
0.305979
0.0207386
0.020406
0.0711177
0.0243042
0.516426
0.0266264
0.0580831
0.0276601
0.0214867
0.0214434
0.0212792
0.0278494
0.022689
0.213203
0.116808
0.0195637
0.0207589
0.021948
0.0308197
0.0243298
0.477753
0.0215721
0.0214363
0.56935
0.0208473
0.0649208
0.0273667
0.0236747
0.292476
0.0238579
0.0209123
0.0218684
0.0341232
0.0209802
0.715048
0.0216084
0.0330057
0.0241688
0.118945
0.0216815
0.025779
0.0237485
0.0216684
0.0312613
0.0200544
0.0303188
0.0209899
0.0216134
0.0207691
0.0213191
0.022175
0.0365916
0.0222873
0.0215043
0.246331
0.0200692
0.0208631
0.0210038
0.0197777
0.142487
0.022194
0.0226183
0.0781435
0.239786
0.0213267
0.0444356
0.419701
0.0206702
0.0210623
0.0197599
0.278805
0.229155
0.02324
0.0208628
0.0390493
1.02206
1.17324
0.0221621
0.339385
0.120181
0.580345
0.0233773
0.0197275
0.0210799
0.585189
0.0777551
0.0215934
1.1079
0.116121
0.288441
0.23934
0.0212259
0.0370194
0.575123
0.0404887
0.385482
0.0276695
2.26656
0.0224398
0.430188
0.0214068
0.059689
0.0224301
0.0300116
0.0196363
0.0214647
0.0210361
0.664364
0.0210787
0.0195759
1.51759
0.0213627
0.025082
0.0224001
0.223982
0.020939
0.0218771
0.0215257
0.021251
0.0212155
0.0245333
0.0207878
1.53706
0.097057
0.0393907
0.0211092
0.464051
0.0207451
0.063721
0.253944
0.0232784
0.0212413
0.0198279
0.0212437
0.0221458
0.0716627
0.0381157
0.0208582
0.0878052
0.0208897
0.0215039
0.445569
0.0197923
0.0215981
0.0816386
0.0208717
0.0670023
0.022088
0.0587931
0.0252974
0.0354936
0.0244928
0.0212977
2.02646
2.02329
0.0210009
0.0291707
0.185207
1.54602
1.34335
0.0221778
0.0204969
0.0240207
0.0214693
0.0223422
0.364663
0.0232803
0.0198066
0.031941
0.156327
0.241875
0.0198237
0.0197612
0.0217795
0.0215443
0.390457
0.585988
0.0202115
0.0241025
0.232699
0.0213196
0.0226997
0.45018
0.0229111
0.172403
0.021321
0.0213293
0.021501
0.0217203
0.064625
0.0381965
0.021206
0.387735
0.0808471
0.18159
0.0229802
0.0227033
0.547478
0.034809
0.207528
0.0297373
0.0213636
0.0209882
0.14986
0.0711842
0.0217801
0.0237909
0.0388186
0.0210668
0.0372368
0.0217908
0.0210081
0.021883
0.0334295
0.0209046
0.0210368
3.84433
0.0207671
0.0204789
0.0388514
0.0243526
0.377316
0.022444
0.0218085
0.202269
0.0381847
0.0227104
0.0298009
0.390799
0.0209461
0.0200938
0.0244655
0.0639198
0.0208225
0.0216347
0.0209729
0.0206302
0.0207692
0.252836
0.0213295
0.554188
0.0214146
0.0328226
0.0202599
0.0215954
0.032337
0.440482
0.154313
0.0212569
0.0225801
0.372776
0.185116
0.0237621
0.0218296
0.398975
0.0209616
0.0240112
0.0361788
0.0208594
0.0222939
0.0210034
0.0354024
1.66843
0.551111
0.0206825
0.0220778
0.0247301
0.149376
0.0206973
0.0204199
0.0380379
0.0196522
0.0206326
0.33157
0.0216592
0.589055
0.0202171
0.0204405
0.0200768
0.0311267
0.0218972
0.0214755
1.62306
0.0206521
0.0216026
0.778107
0.0210685
0.0336476
0.0227755
0.072088
0.350237
0.022839
0.250642
0.0261434
0.0214172
0.209853
0.0217816
0.0209466
0.0198509
0.0209648
0.0243138
0.148683
0.0358836
0.192635
0.212525
0.263421
0.0455492
0.355203
0.022855
0.30616
0.0200318
0.0262847
0.0214891
0.021591
0.0218893
2.0474
0.207454
0.0212573
0.587285
0.0204502
0.916242
0.0212331
0.0227575
0.0221066
0.114884
0.587693
0.0211488
0.0199194
0.1618
0.090738
0.025277
0.0234051
0.57362
0.021875
0.259008
0.257203
0.020764
0.0205984
0.0208592
0.0236307
0.020893
0.0218684
0.0221489
0.0210811
0.021914
0.0217158
0.020796
0.32623
0.327824
0.0199116
1.1019
0.0222769
0.0391133
0.0413689
0.0484723
0.0207548
0.0495887
0.0427738
0.0201673
0.0389142
0.582313
0.0215654
0.0206163
0.0220313
0.326531
0.205018
0.0201858
0.0327849
0.0214584
0.0215058
0.376381
0.0207472
0.0205537
0.020462
0.0207578
0.0220659
0.250834
0.0244397
0.0206725
0.0213216
0.0207535
0.0210824
0.181123
0.0198924
0.0295834
1.11155
0.561183
0.0205811
0.428686
0.0204084
1.12821
0.0220271
0.0383212
0.0200287
0.579364
1.65827
1.61696
0.0213763
0.063326
0.242791
0.337325
0.0218221
0.261975
0.0210048
0.289528
0.323567
0.0262129
0.158872
0.28541
0.0386495
1.14271
0.0946542
0.318017
0.0205752
0.0222177
0.268951
0.0637698
0.021307
0.410929
0.0218113
0.0207744
0.020374
0.04034
0.064051
0.0309664
0.054545
0.0264275
0.336985
0.0219478
0.0209996
0.0208853
0.0484733
0.257311
0.0262817
0.26064
0.0217365
0.0222676
0.0284482
0.377255
0.0364376
0.0207686
0.180582
0.0726917
0.0220647
0.0376153
0.0201876
0.0316887
0.0313568
0.0206956
0.497416
0.251167
0.0212574
0.0218945
0.0209176
0.226814
0.0225473
0.133921
0.17794
0.0209326
0.0206824
0.0199946
0.029699
0.0204161
0.0245635
0.0225376
0.0251378
0.21634
0.0219957
0.0254941
0.302091
0.0221932
0.031649
0.022175
0.0213877
0.607872
0.250861
0.0219708
0.153594
0.0239528
0.256307
0.0207902
0.020565
0.0259
0.0227219
0.0352236
0.237054
0.0221532
0.0221956
0.252199
0.0302591
0.0228656
0.227129
0.105261
0.265953
0.020928
0.0198664
0.0460772
0.0205124
0.809233
0.258628
0.0454105
0.246096
0.0218168
0.0207227
0.143046
0.251704
0.0209537
0.143609
0.0241303
0.0210785
0.070147
0.0219096
0.0215549
0.0389331
0.0230146
0.0203523
0.022535
0.0209956
0.022614
0.377239
0.0295869
0.319261
0.0212992
0.025294
0.0208541
0.0212675
0.277124
0.021462
0.214549
0.248851
0.0218671
0.29735
0.0324926
0.29617
0.0197759
0.165738
0.0979695
0.0501951
0.0226329
0.0219289
0.0207161
1.7286
0.0228471
0.307894
0.0334985
0.0202832
0.0555423
0.0197375
3.74711
0.0209911
1.04654
0.0211606
0.0205324
0.0201092
0.0694637
0.0207993
0.0201663
0.0200483
0.0208345
0.0213556
0.036799
0.0621465
0.020339
0.0242367
0.0215583
0.0209748
0.0207128
0.048036
2.08555
0.0241664
0.0213429
0.0207223
0.0200714
0.0233788
0.0237327
0.0200801
0.224583
0.288587
0.29745
0.0202457
0.0208316
0.021321
0.0223923
0.0205915
0.0218139
0.0213322
0.0207547
0.0279654
0.0221795
0.0404479
0.167359
2.37569
0.0212272
0.0209673
0.0210504
0.501552
0.0209127
0.0258611
0.0244113
0.0204143
0.0213029
0.0210487
0.514256
0.021269
0.32954
0.207524
0.0526258
0.0212842
0.0239742
0.283736
0.0227539
0.0311482
0.0227831
0.0355009
0.0203685
0.0243729
1.48768
0.264271
0.0206045
0.0214513
1.02528
0.0234963
0.0491762
0.0244455
0.263349
0.02126
0.0240579
0.247088
1.20127
0.053367
0.0203516
0.0209935
0.0203762
0.021516
0.0442778
0.209102
0.299853
0.0205822
0.285172
0.0227505
1.04012
0.327152
0.0210177
0.123999
0.0498307
0.0206872
0.0445505
0.0283277
0.0216523
0.262325
0.0208119
2.19383
0.0249522
2.31001
0.230866
0.039767
0.0213285
0.0244968
0.0218096
0.0208402
0.0202067
0.0201075
1.57796
0.0217389
0.0314746
0.368371
2.13028
0.0313368
0.0336173
0.0203159
0.935795
0.019751
0.309501
0.169267
2.49794
0.14072
0.206783
1.60127
0.0200412
0.0215711
0.0201219
0.0541016
0.022178
0.0677191
0.0235556
0.460253
0.0246832
0.0201947
0.0202249
0.0214761
0.0200425
0.264557
0.061799
3.43285
0.0206321
0.0243783
0.022739
0.0224064
0.0773656
0.0214208
0.204048
0.218785
0.02176
0.0213909
0.338077
0.0247432
0.169488
0.147513
0.0215989
0.217791
0.0223639
3.79442
0.0209566
0.0408757
0.0209541
0.246523
0.0294784
0.287543
0.250919
0.402465
0.0989536
0.040104
0.0210204
0.0211201
0.226795
0.266927
0.085055
0.0253497
1.36828
0.239374
0.328529
0.0363885
0.36634
0.0245944
0.0296162
0.0527804
0.0222083
0.0240942
0.0241524
0.0198013
0.0204294
0.0209189
0.0212057
1.57202
0.0217849
0.271188
0.0774562
0.102335
0.273026
0.260998
0.020155
0.0216468
0.321358
0.0371711
0.0277717
0.231472
1.15529
0.245907
0.0207813
0.0285521
0.0231671
0.0706902
0.0442013
0.328325
0.270016
0.0560873
0.021529
0.0222398
1.51289
0.035108
0.0471489
0.304013
0.0209601
0.0244379
0.0222986
0.264774
0.0224969
0.0203045
0.0208949
0.0221954
1.10741
0.236702
0.0216025
0.0585706
0.100611
0.0221589
0.0473573
0.02445
0.0274282
0.0243227
0.0285084
0.115957
0.0210878
0.0206715
0.0218294
0.282997
0.0786303
0.0294216
0.0218356
0.0222163
0.0215702
0.844717
0.029922
0.0224712
0.0215422
0.213631
0.0227894
0.25691
0.0221046
0.0264508
0.0209848
0.122703
0.0303864
0.0522285
1.65992
0.0205188
0.02404
0.198086
0.0227867
0.28832
0.101025
0.021512
0.0222328
1.09788
0.0213101
1.10089
0.0215116
0.443809
0.2737
0.219546
0.022309
0.0209773
0.0211439
0.0212734
0.0231229
0.019813
0.0216796
0.0209594
0.0206703
0.0225506
0.0222043
0.0216911
0.0220979
0.142563
0.0214772
1.5856
0.0217508
0.0214789
1.60879
0.0210769
1.66901
0.377833
0.0214744
0.0218068
0.035741
0.255674
0.0242283
1.69182
0.0259366
0.0224913
1.0257
0.0205761
3.09495
0.021483
0.201655
0.0198818
2.73098
0.872875
0.386869
0.0216413
0.0225666
0.0207659
0.0225228
0.0574267
0.0208709
0.0213219
0.0407419
0.0242892
0.373163
0.2763
0.0217716
0.0335447
0.02143
0.0252915
0.0219452
0.0213348
0.0217834
1.26431
2.05419
0.0471152
0.0224152
0.0217698
0.0220978
0.0974796
1.96361
0.050141
1.14383
0.250164
0.0222116
0.022646
0.082708
0.0207624
0.0225757
0.0247593
0.0221095
0.244841
0.0222174
0.229116
0.0205832
0.0217539
0.0834335
0.0223136
0.0227729
0.0225326
0.0243674
0.29873
0.0225686
0.0215967
0.021605
3.57788
0.0211459
0.0229312
0.0217756
0.0206931
0.0219592
0.02116
0.0468848
0.020904
0.0208929
0.0214758
0.0240153
0.0288174
0.021593
1.71288
0.0217177
0.0218132
1.68149
0.0224272
0.0229195
0.136478
0.0217038
0.335393
0.0207701
0.0207007
0.0217919
0.0247993
0.0204145
0.173165
0.0217788
0.0210023
1.16641
0.267293
2.77622
0.256734
0.402208
0.0240475
0.0205492
0.0223129
0.284266
0.0253596
0.657527
0.0219317
0.030417
0.0368801
0.0371525
0.0206743
0.365342
0.0842382
0.020954
0.0239881
0.0216554
0.0219022
0.0495473
0.0641327
0.0214633
0.0207434
0.0200275
0.128473
0.0215807
0.0392675
0.0328773
0.0215515
0.0209399
0.0210042
1.88109
0.0384026
0.0208734
1.53702
0.0525405
0.021758
0.17898
0.0215223
0.020557
0.0206746
0.0214747
0.0201377
0.0212246
0.0216156
0.0220987
0.0215365
0.0763895
0.0223053
0.58072
0.0273887
0.0212484
1.47363
0.0200089
0.0206431
0.0522706
0.0209308
0.363929
0.0210372
0.070559
0.840958
0.0206252
1.60058
0.29396
0.0214285
0.0218252
0.0211865
1.51628
0.021494
0.284362
0.22287
0.0217733
0.0249315
0.0354284
0.113964
0.0211342
0.269467
0.0215613
0.0326133
1.49426
0.0376204
0.397386
0.0208717
0.0854962
0.113078
0.101292
0.0214522
0.0556624
0.0221946
0.0464699
0.0203992
0.0227624
0.110625
0.0245748
0.0529048
0.0255658
0.0243346
0.242433
0.0205495
0.0289721
0.0214868
0.0242251
0.115391
0.0613382
0.380608
0.0330196
0.0239137
0.208907
0.0244459
0.0209753
0.0203575
0.0217568
0.0222409
0.0236942
0.0210493
0.799506
0.0248629
0.0210479
0.0200828
0.0213052
0.0212568
1.43006
0.0206615
0.137217
0.0223835
0.942067
0.0215403
0.0214447
0.019691
0.0696919
0.0214143
0.163437
0.451249
0.128773
0.0237587
0.0218004
0.0214008
0.0209244
0.0208093
0.232128
0.021879
0.0217083
1.01234
0.0213847
0.0219389
0.195647
1.5575
0.252599
0.0212201
0.170244
1.12342
0.0210135
0.0206275
0.029444
1.01829
0.118782
0.239031
0.113632
0.0212855
0.0207101
0.0695306
0.0253059
0.0216612
0.0295706
0.0216182
0.0224182
0.326057
1.18421
0.0267614
0.0248275
0.0239782
0.029282
0.292226
0.0214663
0.0209088
0.0214023
0.0578364
0.0208731
0.0234446
0.115923
0.207736
0.0204268
0.0208368
0.0197092
0.0214845
0.0211342
0.0324012
0.0521584
0.0218884
0.0897609
0.312721
0.717575
0.024364
0.0220555
0.0214279
0.0211792
0.0207303
0.0200222
0.0214857
1.15449
0.694954
0.0205198
0.0205585
0.0217747
0.0216589
1.17614
0.0331257
0.105361
0.264001
0.0311353
0.058535
0.0212867
0.0210613
0.0212184
0.0216212
0.619029
0.0212617
0.0232429
1.49204
0.250201
0.242777
1.48305
0.586448
0.217703
0.0213354
0.0306489
0.837193
0.724149
0.0213929
0.0214359
0.0208331
0.0214093
0.0214449
1.19407
0.0210157
0.0209759
0.693951
0.0230819
0.18043
0.0212469
0.0206279
0.0307746
1.48466
0.0301707
0.290886
0.0230952
1.07188
0.0327186
0.0209676
0.137159
0.0210732
0.0229136
0.021507
0.0205355
2.5752
0.938086
0.255843
0.09994
0.291135
0.308416
0.680365
0.0207801
0.0216977
1.62802
0.021321
0.0215809
0.0226213
0.0213574
0.94168
0.0214935
0.106398
0.0300736
0.0200273
0.174201
0.0216887
0.0211407
0.0239306
0.0238526
0.0240992
0.0244034
0.0244344
0.396879
0.0216272
0.0212576
0.0205237
0.0379594
0.0641343
0.0209051
0.021988
0.0275789
0.850603
0.0210262
0.0244591
0.0244422
0.0202379
0.0213096
0.021033
1.01992
1.37389
0.0243704
0.0220185
0.0213813
0.0293385
0.0718159
0.0215558
0.0638329
1.04116
0.0214778
0.0294174
0.122558
0.218852
0.0318541
0.020146
0.0207074
0.583601
0.0402606
0.189837
0.0240647
0.896153
0.0306505
0.0697337
0.0309812
0.261883
0.0469574
0.206023
0.257003
0.690599
0.0218081
0.23656
0.0213564
1.20822
0.022175
0.0218723
0.0242619
1.23659
0.29305
0.0222005
0.0214905
0.0533229
1.09428
0.928571
0.0207445
0.0209684
0.0212724
0.023723
0.0216664
0.0361417
0.0928478
0.186526
0.0233641
0.0206999
0.093276
0.0215849
0.0213524
0.330875
0.0212503
0.0227405
0.0200656
0.40425
0.0529508
0.263334
0.0216232
0.0529792
1.04858
0.0307285
0.330637
1.14271
1.15103
0.52501
0.0210171
0.0214496
0.0700249
0.0213961
0.0216255
0.0210303
0.0217857
0.028166
0.0257323
0.0209949
0.4207
0.0209877
0.249084
0.0221385
1.06098
1.23814
0.0266031
1.64221
0.239036
0.0353178
1.1934
2.29537
0.0217085
0.0215016
0.030995
0.0280502
0.165359
0.0209814
0.0215496
0.217256
0.0213384
0.0207228
0.0218519
0.0200763
0.347973
0.021504
0.0283627
0.0215763
1.77805
0.0212378
2.30306
0.194419
0.368392
0.116112
0.0200584
0.0241809
0.0217083
0.0212805
0.588272
0.0468555
0.064654
0.193506
0.0199702
0.0225022
0.0231544
0.0214048
0.227913
0.0209168
0.0264917
0.135888
0.191761
0.0446323
0.0212373
0.0217719
0.176952
0.0277712
0.0314861
0.538912
0.773779
0.235356
0.0218827
0.0209151
0.0209039
0.0217554
0.0815104
0.0222264
0.0512524
0.0214107
0.0216392
0.330734
0.0201721
0.319747
0.0241947
0.0215711
0.0242788
1.26241
0.0207067
0.0223289
0.612809
0.0214179
0.0214584
0.0380678
0.938201
0.0231498
0.0277296
0.0204214
1.16626
0.415092
0.0832425
0.0214224
0.020707
0.0279912
0.0215063
0.29808
0.0582508
0.226895
0.147671
0.0212453
0.119179
0.0209701
0.859272
0.0214013
0.545472
0.302048
0.021373
0.639278
0.0213094
0.972724
0.0340986
0.0204012
0.0300192
0.0207743
0.0209174
0.0205581
0.0198722
0.0257014
0.100579
0.0214538
0.0205953
0.0899546
0.0201033
0.0218679
0.0218791
0.0211599
0.0213669
0.0567231
0.0309547
0.0199331
0.0221402
0.0220221
0.0213296
0.237734
0.0650739
0.0213632
0.0209241
0.0215018
0.0295109
0.0214967
0.0219603
0.0220211
0.0532362
0.0199556
0.0222831
0.297769
0.021488
0.051844
0.0212495
0.0214024
0.0210173
0.0211404
0.0206363
0.0212899
0.307137
0.176747
0.0206153
0.0219655
0.0227544
0.48686
0.0269873
0.0468235
0.0212406
0.0217672
0.0687785
0.0226515
0.212277
0.0325347
0.0210611
0.020768
2.04125
0.0217607
0.365116
1.21978
0.0210529
0.0564828
0.0825574
0.290853
0.0490875
0.0316093
0.0267854
0.0209904
0.22482
0.0214417
0.02361
0.0310104
0.0200451
0.0213317
1.83138
0.0207395
0.112049
0.688
0.0217421
0.0213744
1.92527
0.0212402
0.0461477
0.0203855
0.0502306
0.749344
0.205001
0.0212584
0.0208362
0.0218215
0.0681699
0.632295
0.191748
1.06559
0.026381
0.0212855
0.0493481
1.68164
0.0213966
0.0201214
0.0242019
0.0210308
0.51501
0.0435469
0.0203697
0.38905
0.0208238
0.0207571
0.0203741
0.0212416
0.0213376
1.80316
0.0211301
0.06293
0.0207838
0.0217286
0.0217812
0.0217542
0.0211524
0.0212554
0.0282405
0.0206263
0.0470124
0.281864
0.042963
0.0243947
0.0455455
0.0289545
0.0211092
0.0200849
0.0212695
0.020139
1.60727
0.239542
0.0223218
0.0222119
1.0705
0.022206
0.256669
0.0216945
0.0210301
0.0215117
0.0444954
0.359334
1.0518
2.22151
0.0244228
0.0412982
0.0470533
0.0212269
0.0210735
0.0207328
0.0263354
0.0272127
1.57281
2.84647
0.0282702
0.0209093
0.0307371
0.0211706
0.0463297
0.0211418
0.0695023
0.0218468
0.299674
0.0318164
0.0217322
0.0244539
0.0421139
0.0282822
0.0884321
0.0210434
0.0206986
0.0213442
0.0212579
0.480358
0.0205181
0.0217003
0.0271493
0.0199398
0.206331
1.19412
0.034146
0.0213161
0.0215466
0.561051
0.189834
0.0210522
0.0212853
1.26961
0.0213036
0.0213021
0.32855
0.0243833
0.0833181
0.298991
0.286753
0.0297579
0.0209412
0.0213395
0.0257118
0.0210445
0.0209165
0.659251
1.15996
0.0208451
0.0210141
0.0209239
0.0219387
2.16013
0.0210103
0.0219396
0.0214005
0.0203871
0.0209778
0.0315822
0.0226724
0.0208962
0.0201049
0.021708
0.0207059
0.0295927
0.284371
0.0287216
0.0207433
0.0210771
0.0212998
0.0209741
0.24834
0.0213938
0.193535
0.530349
0.0210564
0.0206445
0.25753
0.0206896
0.0207982
0.0209409
0.0577114
0.0240986
0.0289133
0.0209423
0.0199142
0.0213536
0.192525
0.0210306
0.0216249
0.0337203
0.284826
0.0291566
0.0199515
0.273072
0.0195769
0.537519
0.0209454
0.0200852
0.0206597
0.0215285
0.0211672
1.198
0.0895624
0.245739
0.0597696
0.0267047
1.7137
0.0213314
0.315424
0.0734995
0.0221912
0.315405
0.039626
0.0469382
0.0212098
0.687735
0.0215905
0.0206882
0.020898
0.0932507
0.371528
0.0238337
0.21999
2.61053
0.0688417
0.0213247
0.0227689
0.0367979
0.114339
0.52477
0.0250129
0.021473
0.0345506
0.191216
0.0208284
0.28031
0.0220444
0.24315
0.02061
0.0204348
0.0258344
0.0250818
1.39347
0.0784537
0.412121
0.0209312
0.0210309
0.46706
0.347684
1.10982
0.0208196
0.0223657
0.0207122
0.0209911
0.0210247
0.314043
0.139032
0.431074
0.333774
0.447042
0.0548804
0.0208803
0.0214814
0.0207562
0.0205557
0.0281459
0.0210646
0.0213107
0.0212797
0.0209054
0.024997
0.273446
0.0291864
0.0207813
0.0209725
1.17195
0.027843
0.0226466
0.0267253
0.0490483
0.272698
0.0209367
0.0250612
0.500059
0.0208044
0.0600089
0.0210449
0.0209535
0.0208613
0.369554
0.0209221
0.0207249
0.0216008
0.021687
0.0208849
0.0207833
0.539764
0.124629
0.25681
0.0218596
0.0208508
0.443408
0.0212108
0.0205313
0.0207782
0.525492
0.0213211
1.1183
0.020092
0.020745
0.0383181
0.0437999
0.0207696
0.0394063
0.0941988
0.187473
0.0208456
0.0197496
0.020804
0.199193
0.0217182
0.0244114
0.808121
0.0209867
0.0204106
0.0219554
0.0208634
1.17006
0.020901
0.0213257
0.0209582
0.0271695
0.211249
0.021318
0.0207166
0.0214575
0.0958752
0.0753308
0.267787
0.0241355
0.5313
0.0205218
0.0209237
0.70435
0.132502
0.0212707
0.0209662
0.542932
0.0330671
0.0208886
0.0208167
0.0207577
0.0209465
0.0209378
0.355323
0.0218811
0.0242406
0.187989
0.0570622
0.0211124
0.0293447
0.0286601
0.494439
0.0238082
0.025954
0.0212899
0.485552
0.0211987
0.0280018
0.214123
0.0215154
0.0761722
0.194443
0.0210229
0.0221168
0.542158
0.273691
0.0221861
0.0207464
0.0205018
0.663689
0.0208825
0.0207394
0.0271458
0.0235174
0.0209575
0.03064
0.278264
0.0206565
0.0239459
0.0220589
0.0208288
0.0204641
0.0209241
0.0204251
0.113026
0.0219446
0.0226341
0.0207228
0.0200065
0.0207428
0.0208615
0.0218737
0.0267571
0.023258
0.540442
0.0209891
0.0208916
0.0246273
0.0207582
0.0199623
0.0220787
0.314026
0.0208126
0.515409
0.0260044
0.539811
0.0202236
0.513641
0.374223
0.325714
0.0206132
0.020955
0.530884
0.0209599
0.26425
0.021065
0.0262274
0.0230013
0.02099
0.259102
0.535695
0.267279
0.294293
0.02569
0.0207253
0.0208193
0.146436
0.18741
0.0208805
0.0214309
0.0200483
0.0214645
0.0204489
0.362993
0.0206938
0.0202574
0.0214921
0.0219151
0.0355975
0.0252244
0.0219352
0.020722
0.0205287
0.261789
0.0256943
0.0196982
0.744225
0.0438657
0.0261243
0.0258424
0.0273599
0.0203873
0.0209082
0.0515823
0.44913
0.299904
0.0209567
0.0206213
0.568505
0.177317
0.024995
0.0208956
0.0251301
0.0207082
0.0216903
0.0220002
0.02411
0.0198988
0.0208048
0.0204224
0.0208391
0.0207159
0.0229071
0.0206637
0.0647553
0.422332
0.0206096
0.020846
0.0199806
0.0209981
0.0213922
0.021
0.509109
0.544593
0.0209182
0.0220728
0.303132
0.0211326
0.110767
0.222745
0.191639
0.0206537
0.382781
0.0272419
0.228153
0.0236486
0.0207292
0.214525
0.263815
0.205943
0.0219805
0.0203612
0.291565
0.421934
0.0206312
0.0206905
0.020763
0.0242505
0.0264871
0.0214625
0.0207087
0.0205893
0.558668
0.0700862
0.0312241
0.0210758
3.11183
0.411411
0.020525
0.0259828
0.0210074
0.0208968
0.0208594
0.175717
0.0208157
0.0931971
0.0208174
0.0207024
0.0208645
0.0204997
0.0210093
0.0262536
0.0200034
0.0206402
0.0317806
0.0206054
0.0216816
0.0205628
0.020242
0.872473
0.0604978
0.0208758
0.498538
0.020889
0.0206103
0.0293633
0.0235092
0.319813
0.0199156
0.0205484
0.0214122
0.0206839
0.0413542
0.0205177
0.0208267
0.037817
0.019652
0.0210395
0.0209403
0.0208293
0.0314392
0.0210408
0.0575145
0.222089
0.0444025
0.960445
0.020023
0.0205627
0.109701
0.0207947
0.48194
0.0199831
0.31118
0.253355
0.02009
0.0205279
0.0212497
0.0552958
0.0209144
0.0208927
0.0218502
0.0395849
0.180653
0.02207
0.210363
0.0196661
0.326909
0.369449
0.324468
0.270573
0.0413678
0.243524
0.020621
0.0208523
0.0293255
0.317558
0.0211884
0.0207286
0.0208045
0.508428
0.0201519
0.0201085
0.0284394
0.0205666
0.447817
0.0208805
0.447786
0.031949
0.0225652
0.0212295
0.0207917
0.0209532
0.0297181
1.21186
0.0529577
0.0397119
0.451981
0.369361
0.0211011
0.0235566
0.436845
0.0214675
0.0205959
0.422393
0.0759551
0.436037
0.362934
0.301892
0.0277845
0.021276
0.0209738
0.0901459
0.319475
0.255871
0.396237
0.0197145
0.0213399
0.0224485
0.0887544
0.44765
0.020626
0.0239444
0.570792
0.0216407
0.0233881
1.94761
0.311814
0.047339
0.0223082
0.0207726
0.0287601
0.0210856
0.0196803
0.438934
0.0213217
0.0202248
0.233269
0.0201585
0.0205443
0.392295
1.00484
0.454091
0.0202371
0.330842
0.0204778
0.264829
0.282777
0.0734406
0.0209402
0.277307
0.0255578
0.109755
0.0205491
0.0204085
0.0422988
1.46519
0.194932
0.0207564
0.0208353
0.0203665
0.0206806
0.0324328
0.0209537
0.0555282
0.0223802
0.245438
0.0202314
0.336608
0.0211108
0.0203869
0.0207328
0.356501
0.356428
0.0196529
0.0199764
0.0204103
0.0206985
0.210921
0.0205442
0.0660513
0.0235958
0.0340395
0.262647
0.209219
0.138027
0.227039
0.0305239
0.0275226
3.70356
0.0481468
0.305121
0.0675553
0.339468
0.0205775
0.0296284
0.221869
0.0205135
0.466909
0.405157
0.0615247
0.320177
0.0205065
0.27155
0.171112
0.456054
0.0214646
0.0206764
0.839202
0.0465498
0.23285
0.0207548
0.257443
0.0211326
0.23734
0.524895
0.232657
0.0207383
0.0220112
0.20675
0.319412
0.0203977
0.436702
0.106647
0.23832
0.021029
1.53001
0.0204829
0.263272
0.322234
0.308138
0.244006
0.238335
0.0250972
0.25277
0.0235383
0.0598929
0.0213369
0.201145
0.0213815
0.0206561
0.0274275
3.44139
0.0213337
0.253822
0.288344
0.054793
0.0430957
0.146816
0.0201586
0.210147
0.0272149
0.174455
0.0207036
0.0214344
0.0214383
0.333647
0.020397
0.331983
0.31908
0.0319534
0.0218283
0.0222156
0.019883
0.115007
0.285038
0.0201022
0.0865408
0.0944206
0.622884
0.284171
0.020639
0.0210094
0.0206044
0.0251186
0.0212321
0.0206258
0.0329137
0.0226891
0.0213374
0.0199538
0.0206038
0.0240335
0.106363
0.0214059
0.212017
0.0207022
0.0207077
0.0263575
0.0255232
0.0214381
0.0207234
0.0204878
0.0655907
0.242856
0.0206869
0.351577
0.38391
0.0213873
0.105433
0.0493897
0.260513
0.318921
0.323814
1.91383
0.0257584
0.314593
0.359569
0.227144
0.0352505
0.0203715
0.0205285
0.293257
0.0203502
0.269321
0.0278557
0.0218588
0.0204351
0.0223563
0.0208611
0.0627253
0.020395
0.0575202
0.0250115
1.14211
0.02011
0.0246838
0.0206351
0.0198837
0.0242382
0.0203523
0.0200433
0.0205418
0.0282082
0.0256879
0.026943
0.182156
0.0241118
0.0196404
0.274034
0.0726505
0.0216791
0.0209627
0.302041
0.0455297
0.0271129
0.328678
0.0204845
0.40705
0.187003
0.0233509
0.0222961
0.0205778
0.325867
0.0223531
0.0205812
0.021152
0.0393681
0.0371743
0.020492
0.0229442
0.464808
0.0209079
0.209124
0.0214221
0.0215434
0.0668085
0.051581
0.0410663
0.0212333
0.0203681
0.0208765
0.553405
0.0204472
0.0457455
0.21988
0.0273537
0.108011
0.0214006
0.0250997
1.2938
0.0708492
0.265504
0.0395717
0.0222297
0.0712719
0.0209296
0.0199314
0.32679
0.020356
0.0248271
0.319895
2.22047
0.0201047
0.0277566
0.0218486
0.0258171
0.0281393
0.276241
0.310857
0.0222058
0.160433
0.325171
0.0221274
0.0204922
0.0296596
1.69661
0.0207814
0.172385
0.020411
0.020126
0.0161143
0.215254
0.0210252
0.0209187
0.528875
0.328112
0.0202151
0.118225
0.0205606
0.284493
0.207187
0.0270585
0.020868
0.18621
0.32743
0.317094
0.158068
0.0207924
0.0201399
0.0202101
0.258412
0.264763
0.0212486
0.30914
0.20201
0.020388
0.0236044
0.212133
0.0644259
0.0205587
0.292218
0.0206879
0.233947
0.147295
0.216763
0.804019
0.0212568
0.0582814
0.0221193
0.021346
0.0202109
0.0209778
0.0209058
0.34708
0.0202116
0.0260937
0.148311
0.0484467
0.0199124
0.0220605
0.20162
0.0225701
0.020734
0.0213165
0.339499
0.0724023
0.239809
0.0212501
0.0847311
0.302563
0.0234069
0.323926
0.0324981
0.044285
0.0210844
0.308201
0.3747
0.3561
0.0199969
0.0564937
0.0196771
0.0493529
0.323251
0.0208241
0.450368
0.0211324
0.258244
0.0206093
0.310638
0.231379
0.0276114
0.583205
0.0205572
0.0438248
0.549077
0.0208051
0.499832
1.20887
0.021085
0.0200485
0.285911
0.0208794
0.0203784
0.0388836
0.0209412
0.0233548
0.269383
0.022309
1.44705
0.0211428
0.0212852
0.0200344
0.210809
0.3093
0.0207341
0.0259431
0.356011
0.246907
0.0203684
0.369476
0.0511551
0.273687
0.0199916
0.323058
0.328634
0.0328395
0.0555506
0.0199455
0.0205087
0.022437
0.0209165
0.0212359
0.0211191
0.0218736
0.0211988
0.343807
0.0205769
0.0200783
0.0198423
0.244569
0.278638
0.320799
0.0230116
1.91161
0.0318625
0.0286307
0.0278327
0.0228492
0.262585
0.0198988
0.020533
0.0210491
0.212178
0.0232877
0.0204906
0.19775
0.022921
0.0212208
0.0226166
0.021014
0.0201211
0.241139
0.0199326
0.0207733
0.020074
0.277085
0.146835
0.315106
0.020309
0.0196306
0.0201731
0.024068
0.0205832
0.033667
0.0221578
0.0201069
0.0206804
0.0284809
0.192848
0.561739
0.0326805
0.0221898
0.165552
0.321657
0.0221321
0.315871
0.320575
0.0213153
0.0298848
0.52052
0.361614
0.319798
0.286448
0.0371289
0.0211299
0.190104
0.0200232
0.0222309
0.0212428
0.0209184
0.0259342
0.285082
0.0244126
0.229349
0.0203915
0.0244692
0.0198522
0.0208666
0.0228209
0.287725
0.0196172
0.185342
0.0226068
0.0209248
0.020099
0.0198424
0.106568
0.028604
0.227304
0.0204091
0.281714
0.206977
0.0202224
0.0204698
0.620123
0.0214652
0.153106
0.319886
0.0199128
0.237062
0.0198869
0.0204413
0.364007
0.0219471
0.0213289
0.021824
0.0197285
0.183357
0.0309702
0.193988
0.0275665
0.197855
0.0200656
0.0209375
0.0205722
0.180838
0.0241626
0.0203835
0.364866
0.0205439
0.0208553
0.0261597
0.130944
0.139689
0.0279459
0.108359
0.376511
0.0683952
0.0198795
0.274248
0.314138
0.190121
0.020075
0.0817514
0.0202925
0.020627
0.0292685
0.0413137
0.293724
0.0198799
0.0200701
0.271684
0.32821
0.0210022
0.0198993
0.019932
1.23321
0.0204987
0.0283686
0.457648
0.0233956
0.314106
0.189707
0.0254624
0.0202575
0.094439
0.0199396
0.0205232
0.0225256
0.0275861
0.0225593
0.0206857
0.0205134
0.0238319
0.0207878
0.521411
0.127524
1.53132
0.353498
0.322725
0.0208262
0.217867
0.217428
0.0225268
0.0196954
0.242269
0.0224586
0.0209546
0.0223777
0.220701
0.0207396
0.0213396
0.185293
0.233909
0.250926
0.202236
0.570444
0.176301
0.0237219
0.0282936
0.245336
0.020996
0.0206925
0.0213435
0.0221219
0.0304316
0.226687
0.02053
0.0207012
0.0204743
0.0200553
0.0205493
0.0209785
0.020188
0.0381849
0.0203204
0.0204771
0.0201624
0.249601
0.19317
0.0204624
0.274216
0.240889
0.0206456
0.102197
0.0218137
0.31011
0.347378
0.0203484
0.15819
0.0222435
0.16092
0.336305
0.20274
0.0213026
0.0212526
0.022192
0.0236046
0.192671
0.25891
0.236671
0.0200124
0.223194
0.0202759
0.0232506
0.0200672
0.300183
0.328203
0.242693
0.0243416
0.119549
0.0203481
0.147486
0.0213065
0.0216485
0.0630178
0.0199464
0.216061
0.389749
0.0201297
0.387159
0.0202234
0.301103
0.0212243
0.231982
0.0225762
0.0207696
0.247711
0.0241478
0.0198678
0.0249973
0.251649
0.258353
0.281986
0.133279
0.0233631
0.0227731
0.0207693
0.0250674
0.0218463
0.0204984
0.319678
0.0204927
0.0202022
0.0204434
0.0448322
0.201969
0.0204887
0.29348
0.0203917
0.269341
0.0338566
0.22993
0.0208437
0.0210261
0.293467
0.0208054
0.020022
0.0203389
0.253719
0.0201473
0.234142
0.0208336
0.19253
0.190635
0.0205635
0.0216696
0.0208256
0.240055
0.0206071
0.265121
0.0199894
0.0199464
0.0200162
0.0245498
0.0673307
0.0209933
0.0210957
0.358008
0.0208009
0.315686
0.199004
0.238585
0.353462
0.0200121
0.0201568
0.242646
0.303631
0.0221809
0.219303
0.0227243
0.0436669
0.0199615
0.0278198
0.259047
0.0211835
0.020467
0.0220492
0.0232191
0.0203772
0.218034
0.0205711
0.154953
0.317398
0.0200962
0.0208511
0.311916
0.249047
0.0913696
0.0203794
0.276642
0.0204114
0.302205
0.197637
0.0199326
0.0202048
0.272787
0.228382
0.242493
0.0414387
0.191758
0.0372854
0.313741
0.0275616
0.216314
0.0200283
0.0210176
0.195247
0.0227425
0.0198468
0.0199001
0.147623
0.0211508
0.0203893
0.0202114
0.0206539
0.0214078
0.0270618
0.114583
0.275461
0.226635
0.0201724
0.238499
0.256837
0.0207263
0.0297019
0.241023
0.278497
0.0201492
0.290494
0.0201232
0.0222523
0.0203813
0.173881
0.259686
0.0469318
0.0199414
0.0205121
0.12651
0.0200873
0.0201952
0.0236674
0.425556
0.0568468
0.0226899
0.0246165
0.264275
0.0199019
0.0291275
0.313123
0.022168
0.300188
0.02002
0.0204736
0.0310729
0.0219459
0.0217243
0.196035
0.231986
0.0236721
0.0201119
0.479396
0.402768
0.0199675
0.0205795
0.0220884
0.0200229
0.0203879
0.0202161
0.53564
0.0215483
0.0414169
0.0206493
0.0206156
0.0198714
0.0202514
0.216884
0.0208354
0.0416322
0.255399
0.0212851
0.0196899
0.237493
0.170349
0.0223561
0.273462
0.164645
0.20454
0.211138
0.0311302
0.194053
0.0390427
0.0249446
0.0951597
0.0210044
0.0203202
0.0208328
0.0211815
0.0204735
0.0200975
0.153797
0.0219477
0.0200236
0.0198503
0.0222011
0.0206737
0.0198661
0.0229087
0.0199506
0.44905
0.211373
0.183275
0.0204234
0.338976
0.0200761
0.356433
0.0283817
0.0203524
0.0210671
0.0200364
0.1901
0.272815
0.0221236
0.020043
0.399064
0.0235038
0.0237453
0.0256979
0.0200023
0.0317141
0.0319885
0.0202891
0.387281
0.0222037
0.0198291
0.503966
0.0201337
0.291809
0.0213035
0.0201294
0.328924
0.0202687
0.02171
0.0207458
0.0206796
0.0232248
0.121456
0.209283
0.133341
0.0202824
0.221031
0.0333311
0.0200805
0.0722465
0.0201387
0.0200768
0.0259193
0.0199747
0.0199444
0.383333
0.244239
0.0325263
0.0305837
0.253267
0.0274131
0.0199629
0.0321643
0.371775
0.112041
0.0199452
0.233281
0.0198298
0.193578
0.0220935
0.336248
0.242527
0.020058
0.0208945
0.0202191
0.0198021
0.247199
0.0204387
0.0198221
0.0200939
0.269966
0.0206706
0.0199145
0.0201557
0.0313891
0.260099
0.0197918
0.0257533
0.0213099
0.266127
0.02009
0.038577
0.0335254
0.214357
0.0212526
0.0201563
0.0201234
0.0200267
1.11678
0.0260993
0.0198839
0.0371334
0.0279731
0.0216796
0.0231596
0.0197823
0.0223064
0.242332
0.026464
0.0683453
0.0803861
0.0198638
0.022255
0.0207167
0.0219604
0.478405
0.345855
0.0222065
0.0208683
0.506973
0.230115
0.0208928
0.0213627
0.0210866
0.0268442
0.222051
0.0199968
0.0295345
0.21855
0.0227257
0.0198114
0.0271677
0.0214073
0.0197579
0.0218603
0.0283099
0.0221749
0.273708
0.0201028
0.0213252
0.0202483
0.0298071
0.0212877
0.0985876
0.0273738
0.0218253
0.0225517
0.0212647
0.0532991
0.0204818
0.0197403
0.0212201
0.0206205
0.0205701
0.224396
0.0197053
0.0197679
0.0201727
0.0213488
0.325589
0.0217622
0.0232037
0.0198504
0.029131
0.170602
0.431645
0.0266076
0.0197203
0.829124
0.0226032
0.0206924
0.0196735
0.0197012
0.0199611
0.296396
0.0213275
0.0227857
0.0202618
0.248238
0.33175
0.0210399
0.0218594
0.0205599
0.300292
0.267483
0.0196713
0.0204581
0.0211832
0.02242
0.0207602
0.32507
0.021354
0.214428
0.0222318
0.0205401
0.0221035
0.0204348
0.228431
0.0199167
0.019637
0.0218196
0.022726
0.0220723
0.019659
0.279166
0.0209571
0.0207056
0.0206579
0.0231488
0.0196479
0.0212308
0.0211101
0.0199465
1.54265
0.0884482
0.0226765
0.0198113
0.0198358
0.0221347
0.26124
0.194812
0.24412
0.0820679
0.0196431
0.0212152
0.278786
0.0218616
0.0197259
0.023152
0.0209712
0.24565
0.23466
0.0220689
0.022908
0.145452
0.0217599
0.0554785
0.0203565
0.0233803
0.0199302
0.0196178
0.0226099
0.0226192
0.020184
0.282207
0.020341
0.0277582
0.107124
0.324974
0.0198788
0.574323
0.282268
0.0208894
0.0196929
0.0218429
0.0198329
0.225036
0.0199923
0.884904
0.22803
0.0196321
0.0199276
0.0198428
0.0197606
0.0200085
0.0198787
0.279535
0.0197933
0.0201134
0.0246226
0.0212208
0.0201279
0.0199995
0.0201874
0.23408
0.117103
0.0202
0.224855
1.58593
0.0223308
0.294148
0.0207402
0.0198885
0.0206254
0.0199322
0.0303561
0.0225487
0.0199103
0.0220604
0.267914
0.0196981
0.0199352
0.0203419
0.276724
0.019891
0.0531344
0.02025
0.0200562
0.0201224
0.0213603
0.0202545
0.0196651
0.0342016
0.0199326
0.0196665
0.0203707
0.0199618
0.0196353
0.0196302
0.0200073
0.0221467
0.0199479
0.279846
0.0198505
0.0208823
0.0197199
0.0206216
0.155153
0.0196234
0.0198601
0.0219645
0.285921
0.0220775
0.0202693
0.0209917
0.0220539
0.0971496
0.169827
0.0225549
0.0225505
0.142654
0.0208874
0.0204602
0.275131
0.0214915
0.230357
0.0199637
0.0208947
0.208651
0.190368
0.0208732
0.0202365
0.0196062
0.020221
0.020062
0.0203991
0.022525
0.207941
0.0197149
0.0207121
0.303729
0.0225951
0.0225901
0.338161
0.020171
0.103499
0.123764
0.0201341
0.0210099
0.0208457
0.254891
0.0203417
0.0225335
0.210626
0.0985137
0.201908
0.0410115
0.166437
0.241297
0.0397276
0.0203823
0.0377482
0.0206913
0.0231231
0.0236545
0.020165
0.0304902
0.0200868
0.0219863
0.0280344
0.107337
0.0203295
0.0196537
0.0203452
0.0202832
0.0243896
0.0205166
0.0209058
0.210092
0.0208065
1.45897
0.385981
0.227167
0.0199134
0.0196804
0.022552
0.0225785
0.0207103
0.0202208
0.0203621
0.0281458
0.0198061
0.0212991
0.25122
0.153878
0.0206165
0.0225735
0.0202963
0.0207512
0.0231783
0.019597
0.0280204
0.0199167
0.0204909
0.0226669
0.0201903
0.293593
0.0203271
0.0217649
0.318704
0.0202092
0.0225805
0.0302269
0.02268
0.019918
0.020535
0.204889
0.0217147
0.0202758
0.019787
0.0200836
0.0598599
0.0201413
0.022401
0.0261083
0.0478473
0.15965
0.0226576
0.0226174
0.0198447
0.0205243
0.021813
0.240462
0.0205544
0.0202042
0.0362916
0.0225734
0.0205443
0.0214485
0.0213905
0.0202363
0.0225988
0.105302
0.0291549
0.0222317
0.0203273
0.0227004
0.0213218
0.0225187
0.022513
0.0197991
0.0195596
0.019554
0.188613
0.0207953
0.0203756
0.0199312
0.0203405
0.0214413
0.0217143
0.0225442
0.139955
0.0196659
0.190807
0.0588591
0.0226126
0.0211198
0.0199089
0.0263785
0.0226309
0.019791
0.0200173
0.0231284
0.0230337
0.0230866
0.0231348
0.0229119
0.0229918
0.0230584
0.0231
0.0229529
0.0229668
0.0230079
0.0228884
0.0228378
0.0229283
0.0228739
0.0228517
0.0225384
0.0225048
0.0225112
0.0225095
0.0227128
0.0225232
0.0225851
0.0226545
0.0226775
0.022817
0.0225155
0.0225613
0.0225227
0.0225362
0.0227551
0.0226468
0.0226329
0.224975
0.0225358
0.0225224
0.0764107
0.0201585
0.0228176
0.0226228
0.0225555
0.220484
0.0225418
0.0225733
0.0225881
0.0225606
0.0226063
0.0226041
0.246234
0.230511
0.225129
0.0195412
0.0195756
0.0196591
0.0226992
0.0226363
0.0225832
0.022563
0.0198845
0.0195398
0.0225373
0.0195482
0.222923
0.224456
0.0196425
0.224092
0.22785
0.0195482
0.0196009
0.223741
0.0225368
0.0195344
0.228159
0.0196123
0.020402
0.0202111
0.0200679
0.0218893
0.0198669
0.29866
0.019897
0.0198899
0.302119
0.0206883
0.0205074
0.0197753
0.0198168
0.0200289
0.296461
0.288008
0.0223964
0.0206644
0.0203386
0.211542
0.0234564
0.0226429
0.0196087
0.0198758
0.0222839
0.214695
0.021923
0.0218975
0.283379
0.255437
0.0202682
0.0197787
0.0204964
0.0322336
0.0217047
0.0196333
0.0196105
0.0211385
0.0232557
0.0201625
0.0443277
0.0195965
0.0213356
0.0360493
0.0196225
0.020072
0.128137
0.0202309
0.274737
0.0211596
0.0228247
0.0212095
0.0198262
0.0203734
0.0216413
0.0196768
0.169008
0.0203208
0.608209
0.0247979
0.284188
0.0202327
0.282045
0.0209337
0.0978213
0.0199039
0.0196938
0.181323
0.0199747
0.0211729
0.0243281
0.0307784
0.0207937
0.0198373
0.0225286
0.282756
0.283096
0.0205353
0.0199851
0.318691
0.0206126
0.0260941
0.0217528
0.0200804
0.260964
0.0213227
0.0196606
0.0199895
0.0208655
0.0270688
0.0222493
0.0205463
0.0271205
0.126068
0.0197751
0.0200058
0.27251
0.020627
0.0210579
0.0209906
0.0196301
0.2698
0.0206902
0.0212702
0.0200705
0.01973
0.279494
0.0815927
0.0217195
0.0204159
0.0200124
0.0206578
0.0201918
0.223028
0.0252299
0.0210254
0.0199359
0.295749
0.200162
0.264657
0.0196536
0.0221953
0.0246631
0.0247104
0.0217491
0.0197587
0.0199882
0.02053
0.0209591
0.231762
0.0484841
0.240899
0.0204829
0.019645
0.171685
0.0196459
0.0981257
0.0200965
0.0199953
0.0196332
0.0198387
0.022339
0.021302
0.0217505
0.0204741
0.0213943
0.0198681
0.0200209
0.0198477
0.0204768
0.251115
0.024432
0.0197457
0.0208701
1.59018
0.0198583
0.0197053
0.197537
0.0210264
0.022032
0.223992
0.0196093
0.0212289
0.0222881
0.0216903
0.0214921
0.236765
0.0204605
0.0216399
0.0196136
0.278201
0.233993
0.18622
0.14953
0.0204989
0.0207502
0.0195755
0.137852
0.0209253
0.192336
0.019592
0.0201579
0.199
0.0196262
0.0423714
0.126716
0.0225438
0.019743
0.294719
0.0288988
0.0306071
0.0196271
0.0215093
0.0199804
0.0201034
0.154344
0.0198633
0.0744693
0.019678
0.020463
0.0254336
0.0205964
0.0208975
0.0321752
0.0209499
0.0196605
0.0319207
0.024745
0.026698
0.0216665
0.231797
0.278497
0.0196194
0.121273
0.0203252
0.0207281
0.24872
0.0684689
0.111587
0.0209103
0.0215421
0.0218188
0.0206736
0.0196126
0.0206168
0.0209902
0.023926
0.0203514
0.0199333
0.0195949
0.020691
0.027944
0.0196447
0.0987604
0.020515
0.0204476
0.368927
0.0196429
0.362975
0.323713
0.0224646
0.0202294
0.021472
0.0195792
0.0205589
0.261196
0.0261083
0.318693
0.0196271
0.0197162
0.262077
0.0196885
0.0210776
0.019803
0.17901
0.293743
0.0421158
0.240032
0.0224728
0.0205261
0.0204193
0.0199423
0.0217339
0.0343279
0.0198643
0.0195969
0.0216763
0.0263454
0.019958
0.0202149
0.0211675
0.0206762
0.019733
0.0201218
0.0197624
0.0197941
0.019822
0.0226663
0.0202711
0.0197375
0.020674
0.0211864
0.0196787
0.0455108
0.0210401
0.0197871
0.0199942
0.0212299
0.026846
0.021384
0.0212803
0.0200441
0.0300036
0.275593
0.0203247
0.0262811
0.0214883
0.0227139
0.0197439
0.0215168
0.0220429
0.0200882
0.0446673
0.02087
0.0197637
0.0201908
0.246325
0.0204226
0.0196965
0.0198374
0.0215245
0.0199772
0.0214053
0.38348
0.0204192
0.0203306
0.0762979
0.0207362
0.0201612
0.020932
0.0219619
0.0201137
0.201628
0.0198938
0.0201751
0.0199407
0.0198631
0.0197681
0.0214108
0.0197111
0.019716
0.0227109
0.0405232
0.0207859
0.0197619
0.0197837
0.0216161
0.0214116
0.0204923
0.0228053
0.352329
0.0200292
0.0202634
0.0196111
0.250833
0.0231765
0.0207192
0.241409
0.0205656
0.0206117
0.218978
0.0207294
0.0206406
0.0197203
0.0205392
0.0204282
0.229717
0.019729
0.023304
0.0214209
0.0249436
0.0229778
0.02032
0.0199627
0.0197115
0.0209864
0.0201201
0.0999619
0.0198105
0.521963
0.0196007
0.382691
0.0207601
0.0201712
0.0402875
0.0195813
0.0208575
0.0196057
0.021204
0.0207284
0.0196974
0.0651758
0.0279537
0.0217745
0.0231753
0.957521
0.0198763
0.0197498
0.307097
0.0199527
0.0203589
0.0201917
0.0206683
0.0197727
0.0216377
0.248739
0.0205543
0.0201292
0.0201785
0.0209808
0.019727
0.0198274
0.0216787
0.0201204
0.286433
0.0198295
0.0217429
0.0199364
0.019797
0.0196803
0.0206021
0.0275578
0.0210574
0.0213961
0.384293
0.0353828
0.0204787
0.0201552
0.0199708
0.278291
0.262316
0.0208674
0.143607
0.0198108
0.0198469
0.381924
0.0200657
0.0197447
0.0199031
0.259087
0.0261495
0.0649126
0.0260976
0.233734
0.0210564
0.0196795
0.020484
0.0200295
0.0409998
0.0201853
0.0197978
0.0268461
0.0197865
0.0383654
0.020436
0.0199405
0.0275309
0.0203875
0.0198643
0.0218545
0.0199635
0.0673475
0.0199504
0.230912
0.0196949
0.0209642
0.266665
0.0259295
0.0198315
0.0195945
0.143767
0.0230071
0.0206526
0.135187
0.0219507
0.126913
0.0206364
0.0213952
0.0202634
0.161946
0.323859
0.0197512
0.215321
0.0200159
0.239758
0.0199788
0.0225411
0.0197641
0.0227724
1.1508
0.280937
0.368314
0.0215549
0.0264341
0.290304
0.0207224
0.0197855
0.030304
0.0223416
0.0198423
0.0196625
0.158418
0.0198406
0.019882
0.0202737
0.0210102
0.23934
0.020426
0.0201706
0.0202902
0.0200929
0.241914
0.295702
0.0199899
0.0212433
0.0201878
0.0406309
0.0197147
0.0201492
0.0199251
0.0489429
0.0202139
0.0199102
0.0199266
0.0208009
0.0225065
0.246507
0.0216503
0.0199595
0.0200048
0.0209287
0.26259
0.0197132
0.0196449
0.021474
0.0196604
0.0222019
0.0205527
0.243087
0.0197025
0.0625836
0.0197225
0.0207585
0.0215095
0.0227968
0.0201616
0.0212568
0.0305764
0.272559
0.0200544
0.0215499
0.0196641
0.0251712
0.0201736
0.0250785
0.0199894
0.25349
0.0200325
0.230596
0.019986
0.0209053
0.0228651
0.0207741
0.0273613
0.0205156
0.0202658
0.0243817
0.0200531
0.0204525
0.256982
0.55093
0.266011
0.0200524
0.0218585
0.028152
0.234412
0.0196849
0.240177
0.0205687
0.019784
0.0202195
0.019811
0.0200799
0.0208342
0.0227465
0.0265059
0.0205151
0.223845
0.431161
0.0854213
0.020856
0.284479
0.798095
0.200137
0.277338
0.0203747
0.021846
0.0211403
0.0207902
0.02002
0.248404
0.0383342
0.019984
0.147092
0.240213
0.752485
0.0200531
0.020695
0.0215151
0.280205
0.0227262
0.385611
0.296901
0.0262067
0.0207897
0.0210656
0.0366032
0.280014
0.0201682
0.020808
0.0203932
0.0213659
0.0994188
0.191763
0.0199525
0.140987
0.0217917
0.020127
0.720733
0.0200567
0.021518
0.026681
0.0203132
0.020451
0.0199846
0.0867855
0.227445
0.0212343
0.0200566
0.0206175
0.0201102
0.0196979
0.0203286
0.295816
0.0213105
0.0199595
0.0208545
0.284906
0.0210019
0.138267
0.0198639
0.25493
0.0208221
0.0203312
0.0201108
0.339037
0.106745
0.0213202
0.0213194
0.0794203
0.347502
0.0341145
0.0199415
0.021912
0.0250651
0.0308963
0.0214764
0.262401
0.0200846
0.0769153
0.0200281
0.0211016
0.0201443
0.0210765
0.33598
0.02121
0.16548
0.0200696
0.275117
0.020038
0.0197536
0.0197435
0.0203332
0.126701
0.0278308
0.0202509
0.0223333
0.17723
0.298717
0.0456422
0.172581
0.0201514
0.275163
0.691244
0.224997
0.0197072
0.052895
0.0207188
0.556131
0.0201749
0.0201906
0.29575
0.0203922
0.278304
0.0209049
0.021106
0.0210373
0.0386918
0.0203185
0.0206362
0.187537
0.259498
0.247828
0.565488
0.0199629
0.0207113
0.0201429
0.288409
0.0205175
0.269109
0.0203652
0.0202479
0.0216403
0.0202013
0.0201415
0.0201997
0.0199504
0.0204606
0.601363
0.065699
0.263307
0.0201522
0.0209029
0.378825
0.0198949
0.0208563
0.13207
0.248721
0.25987
0.246291
0.0221457
0.0217564
0.0199521
0.041177
0.372378
2.72847
0.0202951
0.0200867
0.0202786
0.0199643
0.0415836
0.0208964
0.0201199
0.0209114
0.0205962
0.0355015
0.0210064
0.0233821
0.0205644
0.0631349
0.119981
0.0203064
0.0205206
0.232489
0.0204066
0.0202773
0.0205733
0.0199965
0.0204159
0.0201906
2.44946
0.0210747
0.0892753
0.0209292
0.0203179
0.198975
0.0199787
0.32418
0.026033
0.286044
0.0208448
0.020945
0.019997
0.0253471
0.0222969
0.0271974
0.0218275
0.0228511
0.020777
0.291322
0.280478
0.173159
0.170593
0.0461779
0.155638
0.111961
0.0223165
0.308886
0.162431
0.0204545
0.0406417
0.261028
0.238997
0.288314
0.024409
0.0254655
0.0394249
0.0212444
0.0203236
1.0175
0.0201428
0.0262125
0.0197748
0.0212059
0.0204907
0.0204066
0.226765
0.021242
0.0202267
0.672536
0.0205014
0.0204242
0.020128
0.115476
0.0290098
0.0201411
0.020037
0.0619449
0.0201784
0.020557
0.0268423
0.0209525
0.0200666
0.0202991
0.0267713
0.0209304
0.0203061
0.0199964
0.0218618
0.0202821
0.226637
0.0207344
0.133487
0.113191
0.0203518
0.251024
0.0200177
0.0281988
0.0226771
0.0226685
0.0257022
0.0250934
0.0340378
0.0201702
0.280731
0.0201947
0.19601
0.0200527
0.0213692
0.0200441
0.494745
0.0198025
0.0204237
0.0205622
0.0201355
0.0202034
0.020203
0.0210304
0.177469
0.0216235
0.0233417
0.244941
0.271692
0.0242243
0.0200176
0.296915
0.101772
0.0208474
0.0211454
0.0253739
0.240693
0.0206523
0.122548
0.020232
0.275049
0.0199829
0.234818
0.32094
0.0226207
0.0199787
0.0204397
0.24801
0.021375
0.291888
0.245091
0.286271
0.0209674
0.0199946
0.04161
0.0237767
0.0203838
0.101142
0.0209356
0.0383112
0.100399
0.020117
0.0827261
0.283623
0.0339907
1.10606
0.0210609
0.0203142
0.0205368
0.0201688
0.0205915
0.0201874
0.0202693
0.021067
0.0205386
0.0527906
0.0202261
0.0363746
0.0209715
0.0204786
0.0203639
0.019711
0.101038
0.0201279
0.0202582
0.0211078
0.0926336
0.467581
0.0215457
0.0301004
0.0198275
0.0255397
0.245517
0.0212087
0.0204985
0.0254971
0.175478
0.0201405
0.273359
0.0216202
0.0207267
0.0202718
0.264724
0.297738
0.0245025
0.0197392
0.320322
0.0282369
0.0209803
0.233425
0.0200697
0.104665
0.0201794
0.0368462
0.383849
0.0216463
0.253562
0.0201706
0.0197883
0.0212785
0.0557379
0.23103
0.0813906
0.0200117
0.0201677
0.0203446
0.215909
0.0202186
0.328998
0.254928
0.0569185
0.0394854
0.0207856
0.0210221
0.0202832
0.0201987
0.361042
0.271239
0.019843
0.0223553
0.169348
0.0435313
0.0198669
0.0201528
0.0202991
0.0201884
0.0202467
0.298536
0.0217326
0.21162
0.0216609
0.3088
0.0201751
0.0820244
0.255443
0.0201341
0.0280963
0.094532
0.258663
0.0199736
0.0201005
0.0205436
0.197246
0.0199642
0.208639
0.0255321
0.02033
0.0209187
0.572792
0.0202346
0.240188
0.046708
0.565592
0.188841
0.377394
0.0203873
0.0617971
0.180177
0.0216251
0.156789
0.222197
0.0203554
0.228545
0.255363
0.0198262
0.0220886
0.0381494
0.121949
0.0197675
0.020469
0.372945
0.0310233
0.0211247
0.0202274
0.0239018
0.28699
0.231169
0.0204731
0.0204098
0.0198867
0.0197867
0.196634
0.0199681
0.283292
0.264857
0.0212239
0.0225908
0.0200103
1.35768
0.0204739
0.0206207
0.03712
0.552573
0.0206222
0.26857
0.387192
0.0232058
0.0201039
0.0209448
0.0203311
0.997491
0.0200852
0.0223717
0.0201932
0.376198
0.0199373
0.0236466
0.0201706
0.221953
0.277888
0.0204344
0.0201279
0.0197619
0.0208136
0.0202199
0.0212178
0.0232681
0.0243527
0.0204398
0.0202582
0.269147
0.207397
0.254876
0.212978
0.0221264
0.0206441
0.0202662
0.164214
0.0208244
0.020153
0.0204709
0.246301
0.387452
0.041275
0.0236319
0.284561
0.030757
0.0527276
0.282412
0.020337
0.0931148
0.0215261
0.0317016
0.0202117
0.0199857
0.213926
0.213375
0.020481
0.0675937
0.021409
0.298051
0.26169
0.020049
0.0258042
0.378069
0.0199174
0.0281146
0.258122
0.0204932
0.0239279
0.0208687
0.0199493
0.0212938
0.0203601
0.0213227
0.0206728
0.0555621
0.0213769
0.0263366
0.0204174
0.0203325
0.0203703
0.0210544
0.0213765
0.0287048
0.0214552
0.240942
0.252573
0.0778457
0.0201425
0.0445405
0.384279
0.0740432
0.026389
0.284355
0.0205141
0.0202495
0.501929
0.0225349
0.295733
0.0205412
0.0213495
0.0203006
0.2878
0.0212719
0.0210141
0.062893
1.66733
0.0207557
0.0211541
1.18972
0.0208207
0.20522
0.346556
0.0197531
0.297808
0.294822
0.0668115
0.0238202
0.257762
0.0216303
0.366511
0.0199716
0.0215536
0.0202897
0.0216817
0.025497
0.232588
0.235522
0.0204354
0.0205226
0.386589
0.0204725
0.22212
0.0202052
0.281096
0.380584
0.0253682
0.0205671
0.0224503
0.115238
0.0217934
0.0205485
0.0205998
0.157817
0.0211791
0.0203604
0.0316157
0.0206514
0.289278
0.02041
0.281237
0.0211042
0.0201488
0.202357
0.0220907
0.0201325
0.33585
0.0245209
0.0218662
0.0208203
0.0213838
0.0289084
0.0202425
0.362641
0.0205281
0.0214941
0.0204538
0.28622
0.197851
0.0201796
0.0207869
0.0371072
0.316675
0.0555932
0.165039
0.0225755
0.0235527
0.0205029
0.225271
0.0963957
0.0209472
0.0214308
0.0318299
0.0342543
0.020454
0.0211661
0.385474
0.0203222
0.0335697
0.0310244
0.247721
0.0205105
0.0205644
0.0214471
0.020631
0.107824
0.22668
0.0200034
0.0217485
0.0216849
0.0414895
0.0232114
0.0251673
0.0203671
0.0216541
0.021055
0.384875
0.38309
0.0221492
0.020622
0.0198035
0.0214967
0.0205633
0.0195932
0.343497
0.250729
0.0203277
0.0231823
0.0230556
0.0712604
0.0417346
0.0260696
0.245736
0.0301655
0.0203144
0.386648
0.0254397
0.0222461
0.0340707
0.245181
0.020309
0.0195823
0.019872
0.0207322
0.0215124
0.0202977
0.0239384
0.200606
0.0199835
0.280256
0.0215318
0.0460368
0.0209873
0.0678957
0.0198546
0.0588834
0.264045
0.0218288
0.0214506
0.0515189
0.0205956
2.29991
0.119315
0.0215613
0.0226173
0.351892
0.0231377
0.0241426
0.383394
0.0205211
0.385611
0.249983
0.0213614
0.0214133
0.0216838
0.0202904
0.539126
0.0214546
0.0202999
0.027398
0.0244726
0.303535
0.397944
0.0202836
0.0223082
0.0205584
0.421265
1.54277
0.0242734
0.0214775
0.141365
0.0207286
0.0214632
0.0199693
0.0231479
0.0205369
0.0242363
0.0199971
0.0221207
0.374656
0.0294769
0.0327445
0.0200044
0.36708
0.0192132
0.0437368
0.0212632
0.0199825
0.377877
0.384676
0.0220692
0.0206789
0.0202701
0.264526
0.0213162
0.0263447
0.0205006
0.020583
0.0210298
0.463379
0.0206972
0.0203481
0.220805
0.14412
0.0311796
0.0420128
0.0204434
0.337119
0.346032
0.0209092
0.0217626
0.735296
0.0385105
0.0670023
0.0206766
0.228682
0.0209445
0.0232136
0.289806
0.0207995
0.0201731
0.0210261
0.0197215
0.128357
0.0203235
0.0765404
0.0203105
0.0202827
0.320759
0.065297
0.380922
0.02078
0.0203558
0.0212387
0.0204268
0.330786
0.0210015
0.254352
0.0203167
0.020848
0.136055
0.381489
0.0269035
0.0237046
0.0205541
0.0205183
0.457022
0.0215175
0.0214857
0.0204539
0.0220539
0.021446
0.436091
0.0629651
0.378111
0.0206977
0.0215419
0.365278
0.0214151
0.0234068
0.0213823
0.0204946
0.0203841
0.314836
0.0322559
0.0204351
0.0203064
0.0208966
0.0218538
0.417154
0.0204234
0.0204482
0.0219846
0.335793
0.0369163
0.361858
0.693113
0.0547157
0.0208521
0.0204681
1.25416
0.0203119
0.0203282
0.0423382
0.126689
0.105595
0.0204656
0.296146
0.0823927
0.0210385
0.074392
0.260868
0.0213735
0.0207728
0.0206336
0.0202925
0.0238988
0.459385
0.0205812
0.0207199
0.352538
0.0212098
0.0204593
0.0215004
0.0217204
0.158495
0.0543134
0.0212658
0.305455
0.0203013
0.0202854
0.0202952
0.266249
0.0202904
0.0205737
0.0205201
0.0280577
0.0196912
0.020403
0.0203609
0.0201584
0.0203422
0.0214688
0.0209765
0.0213886
0.24822
0.094987
0.300907
0.0212694
0.0204684
0.161
0.0251235
0.528473
0.0202067
0.452144
0.230738
0.0242744
0.0197063
0.020602
0.461766
0.239075
0.196003
0.0209589
0.0204026
0.114412
0.0209348
0.0215832
0.341457
0.0204247
0.0543931
0.0207363
0.0196772
0.0229054
0.0203322
0.381901
0.022572
0.0220519
0.26458
0.199342
0.0213991
0.0206445
0.0244411
0.0210686
0.0225818
0.0201744
0.0260913
0.217374
0.323345
0.0213261
0.0223519
0.140407
0.0206811
0.0204862
0.02274
1.04484
0.0212059
0.0246331
0.116653
0.0263722
0.0206089
0.139692
0.318976
0.0217812
0.0206163
0.131254
0.0214749
0.087063
0.128107
0.0208747
0.459176
0.0203947
0.0209015
0.322723
0.0214786
0.311297
0.0206423
0.0210233
0.024306
0.0213782
0.168009
0.0206476
0.021
0.0203832
0.02089
0.263343
0.223913
0.424901
0.022813
0.108796
0.472928
0.0208203
0.286976
0.0242358
0.450689
0.140604
0.020657
0.33346
0.461209
0.0212046
0.0348678
0.0207016
0.0691294
0.0201704
0.460741
0.160282
0.0212138
0.0323627
0.0206772
0.0213906
0.0488382
0.0204118
0.0772291
0.0338992
0.0204025
0.0201989
0.0210093
0.381937
0.0207356
0.0204515
0.255754
0.0220474
0.0202498
0.0202677
0.575776
0.569554
0.0211042
0.331827
0.462173
0.0198778
0.0204734
0.0204257
0.0207009
0.431632
0.567067
0.267137
0.0279494
0.0228612
0.0205225
0.0213201
0.0213806
0.0208709
0.0211394
0.0214432
0.0249565
0.44854
0.257751
0.0242354
0.0208088
0.136071
0.0203834
0.565328
0.117471
0.178318
0.0202138
0.26091
0.174556
0.0205243
0.168621
0.0204034
0.0210309
0.0210705
0.195873
0.168902
0.266459
0.0234981
0.522809
0.0237748
0.0204622
0.0203776
0.021508
0.0221925
0.0294439
1.84019
0.0330852
0.0204005
0.0204952
0.0249065
0.358479
0.0210659
0.479571
0.491177
0.517787
0.277655
0.0208057
0.0203137
0.105136
0.0209109
0.0219491
0.0243125
0.361928
0.020813
0.0212554
0.0213287
0.360552
0.02055
0.0213576
0.02029
0.307536
0.0207318
0.0196039
1.62228
0.0219231
0.0212021
0.020767
0.0215056
0.0207047
0.0216871
0.0215291
0.0201659
2.28364
0.125744
0.0202874
0.218345
0.0247411
0.0205237
0.0238276
0.13796
0.0217219
0.492869
0.0201878
0.0211433
0.021592
0.571502
0.0203348
0.0208229
0.0301193
1.68738
0.167612
0.0208792
0.57373
0.0250657
0.536734
0.0214448
0.0205075
0.0202339
0.0334576
0.179666
0.322926
0.0203127
0.0228992
2.06036
0.0198444
0.20187
0.0205127
0.0202637
0.216698
0.0206485
0.0224521
0.343607
0.0213103
0.924239
1.6325
0.0202604
0.159644
0.0251221
0.216108
0.0408923
0.25918
0.024404
0.0238697
1.57271
0.0214143
0.021438
0.0427991
1.21214
0.0205698
0.483903
0.618148
0.0274972
0.027192
0.0211226
0.0237754
0.0205869
0.237042
0.345887
0.133079
0.020861
0.0317059
0.0203011
0.0787494
0.020627
0.0203486
0.021042
0.0207992
0.0304304
0.10849
0.136266
0.0205735
0.0203668
0.0234697
0.0205091
0.0205861
0.575402
0.0208367
0.0205138
0.0197411
0.0209034
0.0246842
0.373137
0.0381419
0.0208326
0.0204474
0.0239726
0.24663
0.0209765
0.0202345
0.0823589
0.0207112
0.0242467
0.561766
0.0214825
0.575503
0.0482496
0.0206217
0.0213427
0.0245376
0.221361
0.0217148
0.554703
0.0204239
0.025613
0.0260871
0.0208451
0.0214273
0.0227713
0.23661
0.0228127
0.0205357
0.221514
0.0209397
0.023439
0.520893
0.0214875
0.020361
0.021793
0.230665
0.02056
0.0542434
0.0205096
0.0205213
0.0205089
0.0206545
0.0205562
0.0221257
0.579262
0.0460387
0.100075
0.0218948
0.0211834
0.0212816
0.114859
0.257347
0.0209387
1.00492
0.192939
0.0208737
0.0222014
0.0302992
0.0226027
0.394051
0.363916
0.0198692
0.0206082
0.0466363
0.0289116
0.0213466
0.0256354
0.470721
1.35698
0.170822
0.0203834
0.0225161
0.0206297
0.550048
0.0203044
0.0204926
0.0412866
0.255877
0.020947
0.0390733
0.0204098
0.0213129
0.0203051
0.0207595
0.0203743
0.024928
0.020738
0.370532
0.534265
0.0206655
0.0206464
0.0422322
0.249081
0.0213585
0.0250542
0.022153
0.0216962
0.0270212
0.0202628
0.0202956
0.0614958
0.0219818
0.0293739
0.711957
0.0237137
0.0211468
0.0221158
0.0207164
0.0213738
0.0213247
0.3493
0.0228033
0.027383
0.0229313
0.554465
0.161733
0.038011
0.540684
0.0208943
0.0206684
0.0206366
0.688899
0.0213626
0.0202513
0.0213756
0.0198911
0.0201848
0.020716
0.579268
0.0220879
0.122741
0.0208963
0.117783
0.0607831
0.0206464
0.0206694
0.715863
0.390951
0.0306842
0.0294037
1.63624
0.0321089
0.260353
0.0205312
0.543371
0.0203292
0.116238
0.0207469
0.0214576
0.0205489
0.0237445
0.0204778
0.102405
0.0270397
0.0206602
0.678156
0.0210123
0.0213454
0.0313827
0.0982747
0.0213482
0.0219046
0.0208145
0.0584934
0.100411
0.0206583
0.0227827
0.0216791
0.0241492
0.55601
0.0204443
0.35278
0.580045
0.0195763
0.0260165
0.331771
0.0213534
0.020315
0.022801
0.0219145
0.0211571
0.0203952
0.0222093
0.179372
0.0590428
0.0207781
0.0236365
0.0210493
0.0205476
0.569421
0.0212634
0.0203741
0.0217428
0.145512
0.738451
0.0419066
0.0195847
0.241272
0.127168
0.0207546
0.125621
0.0204852
0.167632
0.0401352
0.020291
0.239314
0.0234889
0.0209344
0.0203176
0.020706
0.0204997
1.28916
0.0570359
0.0206925
0.0231271
0.021158
0.0241112
0.0222873
0.0206571
0.0205818
0.0226657
0.328459
0.0213217
0.211797
0.0202649
0.0571724
0.0211127
0.417614
0.16762
0.0224164
0.0210747
0.020485
0.0207789
0.0266272
0.0207237
0.272232
0.0215218
0.0213867
0.0224762
0.0203147
0.0208106
0.0233544
0.0211774
0.0197786
0.0236719
0.17884
0.0207185
0.0209309
0.0208454
0.107744
0.0352318
0.0211745
0.228713
0.0205256
0.0417396
0.0236533
0.0409243
0.0203447
0.0911451
0.0416326
0.0206592
0.0206055
0.245228
0.939395
0.0206574
0.0253414
0.0203307
0.0213601
0.270744
0.0337725
0.0210828
0.0206609
0.0213444
0.0239724
0.697278
0.0222554
0.0208039
0.0863234
0.0197364
0.291375
0.0206567
0.109389
0.020844
0.55461
0.0203994
0.0203682
0.0201989
0.0213734
0.298899
0.430647
0.0210435
0.020395
0.0208791
0.139366
0.0198953
0.0210916
0.02085
0.2476
0.0212195
0.0211129
0.0208082
0.0204603
0.0211926
0.0923475
0.0241412
0.020505
0.0208877
0.020527
0.0212788
0.0225561
0.0229328
0.0211449
0.282758
0.511157
0.0446579
0.0223595
0.0206118
1.47691
0.425864
0.0210621
0.0213434
0.0217432
0.0314875
0.0216596
0.580401
0.0205363
0.0212524
0.0423561
0.0213711
0.0208896
0.0450601
0.0210912
0.276787
0.0206293
0.0211474
0.953359
0.201729
0.0253724
0.0361365
0.536421
0.0211154
0.0205296
0.0234237
0.0233179
0.0222801
0.0215328
0.0208245
0.0208394
0.0211288
0.0208066
0.0818363
0.0225139
0.0208878
0.0214443
0.0304809
0.413292
0.300292
0.121577
0.0289852
0.245311
0.235677
0.0209157
0.0204194
0.0214542
0.130163
0.0213025
0.0208259
0.0207665
0.257363
0.628429
0.0204052
0.0245149
0.0199997
0.021452
0.0208678
0.0209
0.0224124
0.0210646
0.0227957
0.2288
0.0213469
0.0710255
1.08799
0.0197536
0.0210692
0.0209523
0.0504136
0.0211141
0.14281
0.0202861
0.0243514
0.0208915
0.0199677
0.280691
0.269814
0.195954
0.0208582
0.0382365
0.0209895
0.021337
0.0202555
0.0199275
0.0205246
0.0213172
0.0366406
0.020838
0.527316
0.0211295
0.0214181
0.0208535
0.456068
0.320827
0.0429187
0.0250788
0.0213441
0.0208679
0.0211643
0.0234992
0.568472
0.0199632
0.0216278
0.757668
0.752378
0.0210318
0.0213316
0.0204495
0.545082
0.020515
0.022865
0.0199087
0.0210943
0.0210365
0.0204239
0.0234066
0.0210299
0.550358
0.0214827
1.13953
0.277503
0.693107
0.550227
0.0207125
0.0205577
0.0254941
0.0252826
0.0206415
0.781151
0.0203386
0.0252097
0.0522819
0.642233
0.0204985
0.999153
0.0204384
0.0217497
0.0219261
0.025383
0.0220612
0.0208924
0.0349224
0.0207513
0.0210137
0.0213506
0.480008
0.0209491
0.577091
0.0215012
0.582615
0.0202507
0.021222
0.0210251
0.0209281
0.020661
0.0206425
0.0321855
0.390998
0.178809
0.0288491
0.666956
0.0211168
0.666529
0.0211987
0.0265288
0.0204399
0.0227672
0.0340623
0.0212354
0.0202774
0.0214932
0.0212155
0.0203976
0.118579
0.0217838
0.544999
0.0232168
0.855714
0.0217272
0.0246041
0.0211686
0.0204944
0.0207156
0.0209618
0.0222085
1.29547
0.0208814
0.0214579
0.0900825
0.0213035
0.0212113
0.519508
0.0206585
0.0215674
0.326263
0.585532
0.0210605
0.059709
0.389429
0.494782
0.0209474
0.0211732
0.0209688
0.0212046
0.578214
0.0211024
0.020444
0.021286
0.0408961
0.0214363
0.0224092
0.0215849
0.0207968
0.0209666
0.0213561
0.0226369
0.655782
0.0263265
0.0198978
0.0321084
0.0245644
0.45536
0.0208535
0.0254211
0.0211129
0.0208529
0.512586
0.022997
0.021231
0.0427119
0.020451
0.0208586
0.80517
0.0212294
0.0224093
0.0215822
0.0205395
0.277068
0.0231802
0.0212947
0.666266
0.503986
0.0212701
0.0220489
0.0212956
0.0209855
0.0199844
0.0206784
0.282217
0.229812
0.0363618
0.0212508
0.0211967
0.0323878
0.049161
0.584431
0.023096
0.281142
0.718892
0.0227657
0.0239792
0.0239185
0.0639214
0.0366641
0.0216634
0.0216818
0.0202523
0.021094
0.507595
0.349087
0.0200246
0.118019
0.0208801
0.0214012
0.0323216
0.0213409
0.0218232
0.0203854
0.0211268
0.447715
0.0266699
0.0220077
0.0206899
0.0202734
0.356016
0.340342
0.0346564
0.276406
0.0212447
0.119357
0.034643
0.0206756
0.247365
0.0239427
0.0212046
0.019595
1.22083
1.85315
0.0283755
0.0791093
0.276527
0.0237432
0.0204607
0.0220228
0.0212934
1.19116
0.957819
0.0217892
0.0202364
0.0393973
0.619059
0.0247102
0.747165
0.0204293
0.0217768
0.433222
0.021289
0.0494336
0.0214396
0.284533
0.0271149
0.0273849
0.0199434
0.0204589
0.604093
0.0206654
0.582519
0.0213957
0.021413
0.0211457
0.525865
0.0641046
0.0467331
0.667375
0.144369
0.0204728
0.0288182
0.0237804
0.0209154
0.603995
0.7377
0.0226999
0.0202077
0.0750549
0.287476
0.0255131
2.06263
0.0215412
0.201614
0.743033
0.0206494
0.0683746
0.0212533
0.0210432
0.0211373
0.0206612
0.0231373
0.266959
0.0226947
0.0202638
0.0265807
0.0213011
0.0204061
0.057485
0.0206421
0.0239557
0.0210205
0.155988
0.021277
0.021083
0.0202824
0.0577665
0.547669
0.0894944
0.0211333
0.757753
0.330418
0.0209504
0.0208355
0.0211061
0.0784992
0.0226337
0.639894
0.0241103
0.0426992
0.0214137
0.435388
0.0255119
0.027412
0.0213614
0.0222362
0.021045
0.0208557
0.0211895
0.0203874
0.0833404
0.020258
0.020365
0.02121
0.0216112
1.18543
0.021107
0.0212591
0.494929
0.0211839
0.0292093
0.0211557
0.0206894
0.108973
0.0208717
0.0208383
0.0224948
0.383031
0.0222066
0.0210814
0.0211156
0.630958
1.62384
0.27083
0.0211911
0.0212356
0.0198924
0.0222179
0.0230573
0.547134
0.0212603
0.0211094
0.0227673
0.0213264
0.697044
0.0211616
0.281203
0.0247609
0.031215
0.0240063
0.121809
0.0202406
0.0305541
0.0546759
0.0213764
1.31919
0.178414
0.0495111
0.851376
0.028258
0.325909
2.39031
0.0204775
1.17632
0.0212436
0.0205238
0.0199227
1.41451
0.0211358
0.0206805
0.0211445
0.0211516
0.0214891
0.844032
1.47859
0.0208556
0.0195848
0.0212098
0.021312
0.0221174
0.0219909
0.0213841
0.557867
0.0226475
0.0429536
0.0211332
0.021171
0.0212289
0.0213525
0.0229146
0.0537698
0.0211874
0.0215814
0.0214983
0.0224377
1.22136
0.0231348
0.0201639
0.0231852
0.256902
0.105406
0.021185
0.057164
0.0223325
0.0211487
0.697455
3.64826
0.0211653
0.0213611
0.0209547
0.020477
0.242925
0.276186
0.0216553
0.26701
0.0221743
0.0489997
0.415023
0.021406
0.0219762
0.0199937
0.0205456
1.5299
0.0742567
0.0212677
0.0202772
0.3336
1.03582
0.0212213
0.0211732
0.0247904
0.0265485
0.0212822
0.0214274
0.0221802
0.0213808
0.0203611
0.0212914
0.0212927
0.0245423
0.0201061
0.0196935
0.0217126
0.0199208
0.0590188
0.0223783
0.0277004
0.0257722
0.0202073
0.937013
0.792796
0.0213329
0.0375659
0.0211589
0.0370702
0.0203535
0.021356
0.217923
0.0291317
0.0207089
0.0211842
0.963455
0.0214918
0.0280655
0.0205687
0.0213786
0.0212187
0.0220711
0.0206033
0.0226113
0.0208563
0.65837
0.0205714
0.0213894
0.02559
0.0211907
0.323568
0.0212937
0.19736
0.0269508
1.22708
0.532375
0.0214715
0.0211257
0.0218672
0.895553
0.0214029
0.0212046
0.0206288
0.244922
0.0206904
0.279497
0.0212735
1.0989
0.021266
0.288369
0.0202452
0.0215934
0.0220353
0.286428
0.0324659
0.0211334
0.0221295
0.336153
0.021816
0.0634754
0.0211448
0.0208438
0.0352552
1.03657
2.91872
0.0207014
0.0333045
0.0198573
0.0213824
1.35574
0.0222202
0.217326
0.0213122
0.0203671
0.020424
0.021241
0.606036
1.55757
0.0212069
0.0224238
0.0203484
0.0200366
0.0207205
0.0228842
0.0229624
0.0204134
0.0648213
0.0498688
0.0238829
0.0231592
0.206052
0.841245
0.247539
0.0261299
0.0231914
0.0208783
1.43349
0.937676
0.0235835
0.0212254
0.0327319
0.0214001
0.020838
0.603767
0.203114
0.0235069
0.0207235
0.0207319
0.0824004
0.0218602
0.0299741
0.0270921
1.09756
0.0211231
0.0207661
0.0212647
0.263248
0.0903637
0.0231814
0.0211342
0.0344799
0.286923
0.0215011
0.0498464
0.0226546
0.0310534
0.0209206
0.0212239
0.0766198
0.0206169
0.0212256
0.0212224
0.985008
0.375016
0.0212433
0.020583
0.295802
0.0255889
0.0202464
0.0238846
1.06113
0.0486138
0.0245837
0.0208687
0.0204811
0.0209485
0.637901
0.258219
0.0452824
0.0215531
0.0235885
0.0356219
0.0212644
0.0213925
0.0317392
0.249201
0.0536241
0.021288
0.98478
0.0301559
0.0331653
0.021414
0.100069
0.0213388
0.0341918
0.496975
0.0220014
0.0277716
0.0499852
0.0208808
0.23118
0.0212629
0.0263088
0.0229161
0.0232083
0.277209
1.57361
0.0243334
0.0214288
1.46162
0.184155
0.0215104
0.0214201
0.0211162
0.0206364
0.0349029
0.0235203
0.0220442
0.0241789
0.23912
0.0211243
0.0236925
0.0249133
0.0208426
0.0443574
0.0204761
0.0243119
0.759274
0.0197818
0.0222639
0.754156
0.0203341
0.0302732
0.64989
0.0329611
0.0270783
0.734897
0.0376739
0.0340659
0.020694
0.0246923
3.32163
0.0203194
0.307711
0.0422364
0.0207472
0.0353848
0.0212075
1.18141
0.0209056
0.0435697
0.36225
0.0489667
0.0202378
0.0206059
0.0198849
0.0251906
0.702287
0.0238871
0.0227884
0.0353031
0.0211973
0.0216723
0.598878
0.051406
0.0597703
0.0259138
0.0213578
0.73726
0.0213792
0.0408186
0.0212894
0.0212989
0.0213251
0.0211529
0.664929
0.288561
0.0211675
0.0218172
0.021321
0.24565
0.0381448
0.0204468
0.02647
0.0223297
0.0208914
0.285708
0.0236621
0.0204388
0.346042
1.06356
0.0243084
0.0210546
0.143838
0.0206375
0.0246043
0.021155
0.0213122
0.0213432
0.0276511
0.0211341
0.0209041
0.0214492
0.021381
0.0252376
0.0230698
0.37663
0.0444903
0.0196697
0.335731
1.1985
0.287036
0.0258572
0.0198328
0.252646
0.0212825
0.0413701
0.0210909
0.162885
0.0227509
0.0217155
0.0232899
0.0942017
0.070164
0.0225188
0.291365
0.755308
0.48366
0.0215373
0.0214624
0.242735
1.29535
0.0213665
0.0211362
0.0213436
0.0214542
0.0204889
1.61067
0.463265
0.0338641
0.0212895
0.0198533
0.0212761
0.171688
0.022606
0.0204556
0.0387604
0.0213903
0.0211404
0.338553
0.0213891
0.0205863
0.022446
0.667481
0.154246
0.0224624
0.0211841
0.340607
0.0204613
0.0234109
0.535136
1.072
0.0214135
0.0204013
1.02973
0.0223295
0.35523
0.0511442
0.0245823
0.0202929
0.0203486
0.0213245
0.0220927
0.0267384
0.0604345
0.0463219
0.0271284
0.0277297
0.0278114
1.17641
0.0208741
0.94306
0.0259875
0.0208766
0.0197358
0.0197611
0.0213001
0.0262254
0.0237485
0.0240945
0.0278927
0.0214098
0.0229748
0.0253796
0.0209498
0.0236356
0.0207944
0.0203828
0.913962
0.0434427
0.0220101
0.0207948
0.720445
0.0569497
0.0276974
0.0198024
0.0216706
0.0307155
0.0211555
0.0288348
0.0397589
0.0429582
0.0214398
0.0197472
0.323243
0.0215345
0.0225635
0.0289307
0.022262
1.55647
0.0216441
0.915529
0.0204367
0.157871
0.0211761
0.0211986
0.0213374
0.0214373
0.0315318
0.0223481
1.42858
0.0214523
0.0211204
0.0213513
0.0844719
1.47864
0.0213278
0.0213762
0.027135
0.0212043
0.0215849
0.0214391
0.918078
0.0220965
0.0211872
0.0214004
0.0284977
0.0219022
0.021314
0.0213565
0.021216
0.0203431
0.0279526
0.0213617
0.752002
0.0214159
0.0453473
0.22869
0.0945435
0.0204581
0.0214986
0.0211258
0.0207409
0.0224462
0.169059
0.0213569
0.0213326
0.0210735
0.0212696
0.0208868
0.342361
0.0202243
0.036089
0.0888834
2.04435
0.0213441
0.0203188
0.290091
0.0291986
0.0198303
0.0682973
0.0927201
0.0277144
0.0213674
0.961734
0.0222892
0.326996
0.0214989
0.0230449
0.0326955
0.380773
0.0239154
0.0248197
0.021176
0.0289391
0.0225762
0.0208192
1.2306
0.832879
2.03176
0.560522
0.0213557
0.0221066
0.0202035
0.0211625
0.0197845
0.0222146
0.606122
0.0417178
0.021776
0.0206287
1.8438
0.0217879
0.0213757
0.0225325
0.0212782
0.315134
0.0214396
0.225049
0.388013
0.021316
0.149648
0.384155
0.0207333
0.0204343
3.10521
0.0223436
0.0228131
0.0213064
0.0233754
0.0238669
0.0242777
0.0213562
0.0216131
0.0216146
0.048162
0.324656
0.020541
0.0210528
0.0206687
0.0197535
0.0292838
0.201791
0.0217102
0.0214101
0.0570104
0.298101
0.0197481
0.0224553
0.0216054
0.0213547
1.43357
0.020333
0.0244213
0.0294779
0.0208057
0.0213306
0.0197298
0.898543
0.291309
0.0312488
0.0722099
0.0720881
0.0309145
2.04253
0.0205951
0.0213575
0.0197437
1.27687
0.0301594
0.339703
0.159886
2.06799
0.0219502
0.0749523
0.0203573
0.0214518
0.0262423
0.096462
0.0211726
0.022232
0.158919
0.0222458
0.0216263
0.0376847
0.0213925
0.0329253
0.024219
0.0212872
0.0216101
0.0229018
0.0210737
0.0214398
0.019802
0.147769
0.189305
0.0210928
0.339439
0.0220277
1.22212
0.0217856
1.06212
0.0234675
0.109008
0.0214251
0.0343978
0.021399
1.14874
0.0212961
0.0211936
0.0213062
0.0224482
0.020456
0.0213423
0.025268
0.631185
0.0214722
0.0213927
0.0212373
0.51733
0.408439
0.02143
0.0214051
0.0237986
0.0222725
0.0216771
0.549523
0.0237858
0.0304546
0.184677
0.0230115
0.0210556
1.62976
0.0197341
0.32799
0.189402
0.154114
0.020596
0.0231448
0.0754011
0.0207855
0.0255085
0.0212768
0.0217027
0.0215863
1.68683
0.0212931
0.0202305
0.0212469
0.0212109
1.48989
0.0243062
0.0200723
0.0197221
0.0258284
0.0206052
0.0241866
0.547373
0.331436
0.019781
0.543564
0.0219889
0.0204664
0.0226028
0.0279809
0.0218329
0.020236
0.0220104
0.644095
0.0202296
1.58683
0.0200127
0.0214307
0.0211923
0.0216814
0.345576
0.0213917
0.0206264
0.0220156
0.0216203
0.0219684
0.831672
0.0212633
0.317469
0.102413
0.0236025
0.0204605
0.328252
0.0231736
0.021305
0.0243537
0.0222743
0.0212703
0.0212838
0.0204381
1.67899
0.0259381
1.44424
0.266189
0.0215024
0.023791
0.439386
1.73207
0.0211579
0.0196285
1.27345
1.67905
0.0511509
0.019709
0.0211884
0.0215443
0.0213087
0.0227225
0.107155
0.0200155
0.0203862
0.0212778
0.0199057
0.0684092
0.0232143
0.0212044
1.14944
0.63992
0.0211742
0.0207445
0.0244522
0.0921865
0.0207575
0.0204183
2.97685
0.274607
0.251427
0.0202156
0.0197549
0.0211893
0.0276715
0.0538305
0.351961
0.020439
1.61264
0.0213212
0.0213375
0.0201852
1.08592
0.0539817
0.021688
1.8496
0.0486277
0.0773507
0.0607111
1.61271
0.0216137
0.122942
0.0311559
0.0204392
0.0216425
0.0215777
0.375519
2.07251
3.14649
0.0209411
0.184472
2.02573
1.39313
0.0213756
0.0210905
2.15663
0.0448218
0.0578714
0.0214443
1.92083
0.0208306
0.0212592
0.0210084
0.0202351
0.0207819
2.10884
0.0340095
0.021221
0.0212077
0.0492153
0.0218432
0.0211604
0.0236116
0.0203721
0.0227238
3.53848
0.0214397
0.665088
0.0212577
1.55552
0.0212389
0.0204912
0.348247
0.0824735
0.475096
0.171207
0.283975
0.0264888
0.0213106
0.207399
0.0213715
0.227613
0.0202865
0.0211284
0.0218986
0.021299
0.0211669
0.22106
0.0226181
0.0204549
0.183011
1.19777
0.0195558
0.019572
0.052505
0.0198953
1.79529
0.600594
0.0213806
0.209622
0.0216616
0.0217024
0.0213905
0.021372
0.546033
0.0213492
0.0232746
0.0237455
0.0221232
0.022084
0.0211913
0.0212477
0.0211083
0.0216196
0.332329
0.0216279
0.0214317
0.498643
0.021245
0.131636
0.178565
0.244537
0.0231331
0.220866
0.0259003
0.196961
0.0207429
0.620236
0.982059
0.340423
0.0203061
0.0628337
0.0327128
0.0270155
0.245995
0.0213889
0.0218407
0.0213399
0.0336046
0.281745
0.0487899
0.0285934
0.0202157
0.227918
0.0213109
2.01486
0.0224381
0.0283658
0.0216031
0.241566
0.0213173
0.0709252
0.0198047
0.0220693
0.0839554
0.229023
0.0215836
0.186254
0.0209777
0.158947
0.256881
0.0542859
0.0323376
0.0213208
0.346616
0.0298011
0.0494693
0.0300242
0.0206136
0.0203403
0.0209522
0.224258
0.0214198
0.152282
0.0214682
0.0202846
0.0208826
0.022748
0.0205677
0.259926
0.423028
0.318094
0.020512
0.0216782
0.034043
0.0213609
0.0216309
0.149364
1.5699
0.120301
0.0214124
0.0443583
0.0324754
0.0398633
0.0449699
0.0207647
0.0215097
0.0213811
1.65763
0.247298
0.0214298
0.0219342
0.0214384
0.0205837
0.0229145
0.464313
0.0500563
1.7029
0.0214343
0.623787
0.0459133
0.869523
0.0422145
0.0390546
0.155245
0.0207769
0.0227205
0.0274483
0.578156
0.021373
0.0221164
0.119927
0.0531231
0.211026
0.0454885
0.238303
0.0210562
0.420051
0.0575554
0.027298
0.0213025
0.0275971
0.021328
0.0269271
0.0383548
0.0297209
3.02435
0.0197936
0.0226075
0.0211875
0.0412635
0.0415865
0.0219985
0.143958
0.282082
3.32333
0.0563443
0.0237581
0.0213629
0.0197105
0.0211835
0.0287922
0.0849137
0.0214285
0.0237218
0.0252905
0.0214587
0.0221482
0.0770954
0.0229036
0.030877
0.0494787
0.231464
0.425047
0.21222
0.0205801
0.272981
0.0254324
0.0248369
0.0223945
2.38928
0.0537485
0.555154
0.102818
0.574774
0.57483
1.51888
0.0322219
0.0495243
0.0213414
0.0216949
0.0206039
0.0243825
0.0204583
0.0453242
0.0217108
0.0417316
0.0454297
0.0207557
0.259075
0.0213901
0.0212375
0.0639478
0.351365
0.0521785
1.54596
0.472069
0.0213662
0.0214422
0.0994474
0.0212389
0.229248
0.0234209
0.0203022
0.021479
3.49998
0.125551
0.0229451
0.0205062
0.358243
0.021649
0.387438
0.20277
0.0204587
0.0197564
0.0211652
0.0211866
0.0229555
0.0207967
0.0214336
0.0708741
0.059365
0.0203922
0.0201842
0.0197807
0.127749
0.0201191
0.0205636
0.0212524
0.0418355
0.0212112
2.47041
0.0270214
0.0221183
0.0221217
0.359438
0.0758758
0.136022
0.0224897
0.237684
1.67199
0.0210605
0.0196544
0.0262406
1.55871
0.0590831
0.023691
1.06627
0.081053
0.0208101
0.926399
0.227625
0.019669
0.0223861
0.0962203
3.31025
0.0217164
0.0210867
0.0218854
0.2263
0.0220246
0.020969
0.0211796
0.0217811
0.0580243
0.139728
0.0221309
0.0220862
0.0203598
2.95643
0.0208753
0.0224301
0.0220351
0.0236333
0.0682102
0.0196552
0.0223725
0.125813
0.0232674
0.0209804
0.342092
0.021254
0.477323
0.573419
0.0402295
0.0222406
0.0208027
0.323055
0.0209602
0.0221547
0.0213634
0.57841
0.357079
0.0214464
0.0235539
0.524916
0.254054
0.412166
0.294686
0.0232515
0.0210434
2.69133
0.0212782
0.053347
0.0214686
0.020228
0.0220668
1.23127
0.0213042
0.0229176
0.0198072
0.0199167
0.358164
0.0212736
0.0208395
0.0214657
0.0210669
0.022265
1.22122
0.0216964
0.0207478
2.07992
0.581207
0.36363
3.14471
0.0211552
0.0205433
0.0421646
1.40202
0.259608
0.0202005
0.0312109
0.0214322
0.0883926
0.240787
0.0224513
0.0216393
0.0239189
3.03388
0.021522
0.389824
0.0207083
0.024642
0.0435323
1.28602
0.268874
0.0207556
0.0202996
0.0718324
0.0196998
0.0214086
0.0202917
0.624445
0.0210368
1.76755
0.0697482
0.0283002
0.0197286
0.0221135
2.24403
0.147977
0.0205949
0.0247884
0.0204734
0.346619
0.0209887
1.18249
0.0211933
0.0213129
1.94617
0.0213724
0.0212501
0.0209238
0.409271
0.0225865
0.0199915
0.0240422
0.0229942
0.0202482
1.43183
0.323659
1.55778
0.0207854
0.0212372
0.021062
0.127433
0.0197668
0.0212371
0.0236477
1.61745
0.45723
0.020788
0.507335
0.0221994
0.146551
0.0580731
0.108347
0.0226743
0.0229265
0.0214163
0.500292
0.0211424
1.04147
0.236275
1.3051
0.102557
0.0198624
1.43558
0.0211668
0.021269
0.0211351
0.0335589
0.0358937
0.0239107
0.0213339
0.0200441
1.29827
0.0212652
0.308335
0.680189
0.872216
0.0212982
0.202974
0.0198807
0.0205782
0.231563
0.0225232
0.0212864
0.0212336
1.17789
0.0894112
0.526585
0.24526
0.0317682
1.36396
0.375545
0.247882
0.0242483
0.0213501
0.0211981
0.0206156
0.0209481
0.020049
0.0229768
0.0229355
0.207764
0.0216733
0.932164
0.0208245
1.7512
1.60813
0.200403
0.0217859
0.344008
0.0200452
0.0197334
0.021406
0.212039
0.239951
1.3372
0.020357
0.0196443
0.0209244
0.0230095
0.020941
0.024782
0.364398
0.10439
0.0233438
0.0214319
0.0205717
0.687009
0.0954776
0.0216309
0.0267078
0.0492774
0.0229669
0.0207873
0.0211992
0.559787
0.0227563
0.0232237
0.375116
1.39358
0.020773
0.488109
0.0208329
1.13938
0.0200412
0.0207739
0.0196035
0.0270858
0.0200233
1.97487
0.944864
0.0672294
0.0215313
0.0215135
0.0468028
0.0211753
0.0203335
0.0212772
0.22405
0.0355951
0.0228509
0.0224315
0.0284953
0.0268879
0.0511822
0.0205778
0.469134
2.04448
0.0214391
1.11048
0.0365652
0.021453
0.406878
0.0197757
0.0248236
0.134792
0.0223303
0.0221502
3.34116
0.0209662
0.0202777
0.0214463
1.12523
0.0211271
0.0215039
0.0238154
0.234164
0.0471714
3.17545
0.0329569
0.021266
0.0225311
0.0200119
0.0209159
0.0219398
0.020965
0.0216634
1.81798
0.0211859
0.158386
0.0239039
0.0698707
0.0216287
0.0200611
0.0208131
0.026509
0.021411
0.313099
0.0222277
0.0224971
0.301782
0.191745
0.0640565
0.0211729
0.0363642
0.0211663
0.021355
0.0197581
0.0205776
0.0225421
0.042599
0.025772
0.243225
0.267527
0.530895
0.02131
1.82197
0.0989222
0.020087
0.0208557
0.0196026
3.02659
0.575285
0.0386852
0.876471
0.0225469
0.0216529
0.0213434
0.115176
0.0418087
0.569686
0.345415
0.021036
0.0722692
0.682415
0.026467
0.0211425
0.0241309
1.59516
0.0215219
0.0291389
0.0208967
0.0239419
0.0205995
2.09526
0.0286192
0.0211029
0.0228463
0.0321324
0.0207963
0.0214156
0.0208782
0.244471
0.030745
0.0214424
0.0198705
0.0263871
3.00012
0.0223467
0.0276925
0.0199468
0.0204256
0.0228341
0.346631
0.0200815
0.0229276
0.0671276
0.0208043
0.540901
0.0209875
0.0210149
0.26848
0.0197353
0.020788
0.0206552
0.0288758
0.0998959
0.0223745
0.0579466
0.0208581
0.0281026
0.12504
0.0203365
0.185466
0.0239713
0.0201232
0.0206944
0.0214047
0.141198
0.0218249
0.0205932
0.0230229
0.0233891
0.0214364
0.253457
0.0689355
0.453352
0.0213813
0.0714068
0.0212685
0.271977
0.261974
0.0212995
0.0214104
0.0343065
0.0209781
0.0208196
0.306283
0.0199428
0.0215395
0.022394
0.0239978
1.05866
0.024986
1.02971
0.505422
0.0235598
0.0870729
0.0199113
0.019902
0.279578
0.0344976
0.0366698
0.0210588
0.0212743
0.0209501
0.0232068
0.425853
0.0575783
0.0241262
0.0209575
0.020228
0.0293131
0.0210596
0.0195525
0.0473001
0.0199924
0.0531529
0.0230668
0.021184
0.422833
0.0240999
0.0230687
0.538059
0.235773
0.0213641
0.0205824
0.0196715
0.0311017
0.0213908
0.415616
0.0207419
0.0213711
0.0211031
0.0210948
0.0283901
0.254943
0.0226991
0.021088
0.0212958
0.0210876
0.229517
0.0277854
0.0210037
1.28285
0.020603
0.0203473
0.0210059
0.132045
0.04166
0.0250101
0.274501
0.023914
0.19859
0.0201098
0.0242568
0.0207792
0.385919
0.0212121
0.217191
0.020892
0.0210926
0.0261115
0.0205966
0.24907
0.0210238
0.0203675
0.177924
0.0212395
0.0214198
0.354823
0.571973
0.0202994
0.233254
0.0202231
0.0724212
0.0224043
0.0258688
1.72394
0.0208212
0.249979
2.26952
0.291522
0.0219322
0.0205773
0.314505
0.0327522
0.0198708
2.78326
0.021653
0.0213845
0.0212178
0.0202697
0.0244023
0.0207708
0.0212887
0.310871
0.244324
0.0207807
2.03556
3.20727
0.642845
0.0207939
0.0210673
0.257193
0.0212705
0.0212841
0.221679
0.136351
0.0325115
0.0824266
0.021416
0.0200541
0.123551
0.314383
0.0215824
0.0303694
0.0505409
0.0257055
0.333716
0.0446662
0.0209062
0.0205446
0.019912
0.0210686
0.0251456
0.0212782
0.101567
0.166979
0.0227051
0.900564
0.0211336
0.0308488
0.198157
0.0217319
0.0203234
0.290895
0.0206439
1.15181
0.0208116
0.0206672
0.0216493
0.0207148
0.0243675
0.0209035
0.0237506
0.0357547
0.046889
0.0388442
0.02166
0.0209986
0.228722
0.022158
0.0213149
0.0208805
0.527261
0.0211719
0.256009
0.0389216
0.0208211
0.0218801
0.0197804
0.0212716
0.0208331
0.239256
0.390104
0.0292885
0.020734
1.28047
0.0203159
0.0212728
0.0453098
0.0444039
0.182593
0.0774195
0.0209272
0.0209298
0.295297
0.0218215
0.0206021
0.117383
0.332703
0.0214628
0.0300811
0.0220388
0.0212091
0.0539345
0.02139
0.0211834
0.378208
0.537644
0.0236794
0.0209465
0.0266469
0.0200344
0.340662
0.0215876
0.0265873
0.0427562
0.406921
0.213712
0.0211577
0.0222203
0.0219638
0.0210688
1.49884
0.0219112
0.0288415
0.0209196
0.0219036
0.0203131
0.0238839
0.123324
0.253124
0.0248075
0.0209241
0.0201846
0.197961
0.699035
0.274307
0.0213491
0.0206549
0.567472
0.0217381
0.0211813
0.0213427
0.0208946
1.64498
0.0236903
0.0210661
0.0581685
0.0199535
0.0211274
0.020273
0.0207224
0.0295246
0.0211708
0.0205955
0.0210483
0.0212806
2.0653
0.0210011
0.510977
0.0225379
0.0200806
0.022242
0.0228094
0.343148
0.0265442
0.020755
0.0922966
0.0207886
0.0542056
0.0242045
0.0197888
0.0218215
0.552204
1.61155
0.434728
0.0199765
0.0208849
0.0558018
0.0238723
0.0254516
0.208971
0.0205932
0.0200968
0.0221219
0.0329453
0.0206304
0.0408014
0.0259491
1.08686
0.0224102
0.232104
0.0209328
0.0233765
0.019984
0.0237166
0.0276837
0.0231874
0.0210417
1.99383
0.0339645
0.0199035
0.0211482
0.0207503
0.021688
0.0200962
0.0213747
0.114198
0.20564
0.0213163
0.249005
0.0228882
0.0413577
0.0222308
0.243219
0.020343
0.0212232
0.0200582
0.0384769
0.0286801
0.0212398
0.0199051
0.378207
0.0205943
0.0256098
0.0202028
0.251997
0.377918
0.637918
1.04963
0.938695
0.0210891
0.023908
0.386695
0.0211339
0.0201448
0.224164
0.0215304
0.0218249
1.6792
0.0226157
0.0226096
0.0212175
0.550883
0.0210806
0.0234129
0.0200583
0.04511
0.111138
0.019921
2.38288
0.181079
0.288491
0.0211127
0.0207119
0.0198086
0.0201883
0.0213621
0.255893
0.019581
0.0197114
0.0415562
0.0212176
0.0219068
0.0227323
0.0212344
0.362533
0.1283
0.0213561
0.0196933
0.0204721
0.454713
0.0214151
0.0994322
0.0201385
0.0295925
0.0583012
0.0211259
0.0205225
0.0233432
0.0215927
0.0247937
0.0276255
0.0198246
0.541791
1.14561
0.0215361
0.0211651
0.0213046
0.0222423
0.0247843
0.119092
0.0207112
0.0358375
0.189642
0.0212349
0.149658
0.0278907
0.0210171
1.51327
0.0206686
0.0215871
0.0229632
0.101103
0.0212907
0.217228
0.0196732
0.023884
0.0215709
0.202989
0.0212771
0.0274475
0.0199835
0.0219898
0.0221577
0.027342
0.021239
0.0201157
0.0216026
0.0205172
0.0199496
0.171733
0.0477998
0.0224141
0.0269969
0.224893
0.0898048
0.102533
0.0221839
0.0213427
0.0199785
0.0327836
1.14619
0.0210727
0.219073
0.240698
0.0209213
0.0209372
1.11089
0.0210365
0.17791
0.0198653
0.0220856
0.0220297
0.0205346
0.0232475
0.0206209
0.233858
0.0196395
0.0224186
0.0243337
0.0216133
0.0198585
0.123757
0.0207544
0.022898
0.021899
0.0227646
0.0226344
0.0199165
0.020056
0.290075
0.021945
0.0199299
1.52793
0.0438617
0.43839
0.196385
0.0726262
0.0198992
0.576201
0.0294492
0.106902
0.0200486
0.0234437
0.497289
0.0243318
0.0200192
0.512463
0.0211638
0.0211299
0.279791
0.0203778
0.0233226
0.0221093
0.229805
0.31347
0.231203
0.240808
0.0215414
0.355269
0.0235572
0.130787
0.021272
0.0198537
0.0225636
0.0226534
0.562586
0.0222974
0.020042
0.0210579
0.062087
0.020781
0.0225157
0.0212675
0.0754242
0.0217144
0.0218381
0.0297669
0.0217607
1.0115
0.0438383
0.020805
0.0197387
1.57415
0.125203
0.021264
0.0203115
0.0235161
0.371181
0.020876
0.15479
0.0210554
0.0957751
0.170405
0.0206267
0.36953
0.0226086
0.0236562
0.0253604
0.0214284
0.0212993
0.0210926
0.382055
0.0206937
1.14189
0.445113
1.12505
0.318406
0.0216621
0.132807
0.0213722
0.473927
0.0198804
0.492498
0.0213721
0.0211862
0.0220703
0.0211332
0.176241
0.0373103
0.0230821
0.0208745
0.0782111
0.590349
0.0222575
0.0227245
0.0212555
0.0215985
0.0208453
0.0231812
0.207068
0.230275
0.0210097
0.0213949
0.0233578
0.347334
0.0241325
0.0213795
0.0206734
0.0202681
0.536235
0.0209015
0.0198074
0.0211428
0.466922
0.579335
0.02163
0.019622
0.0198414
0.106552
0.020596
0.0211084
0.0593891
0.0239171
0.0213711
0.0230173
0.442514
0.0207276
0.0284679
0.0213795
0.0306007
0.0238342
0.0208685
0.0206985
0.0215582
0.293836
0.0202542
0.0220246
0.0325538
0.0209378
0.236241
0.0214201
0.0212544
0.232379
0.712681
0.0199911
0.0229087
1.11902
0.0203432
0.0209706
0.02078
0.473081
0.026413
0.0216024
0.597726
0.0212076
0.0214695
0.0212719
0.369452
0.0274451
0.0501251
0.305955
1.65543
0.0459106
0.0200268
0.306925
0.0213962
0.0212379
0.11661
0.0221178
0.0243156
0.0212928
0.161923
0.021138
0.0198868
0.023054
0.0198217
1.09307
0.0214095
0.0209256
0.0215061
0.021457
0.986217
1.49946
0.0211776
0.0390655
0.0211863
0.381195
0.0225274
0.0211689
0.579269
0.0211991
0.0303854
0.232882
0.0210352
0.352825
0.0656286
0.0210191
0.020811
0.0208909
0.0210978
0.0229231
0.0210712
0.0212339
0.020853
0.021604
0.0281102
0.022542
0.58122
0.206744
0.288245
0.0211219
0.0212638
0.0207929
0.0251957
0.0212008
0.0212495
0.111606
0.0517281
0.0200755
0.0413032
0.0225243
0.0214038
0.0243574
0.0211404
0.0222364
2.00406
0.374224
0.0213559
0.0229853
0.0200406
0.0249087
0.0401021
0.0226072
0.0205261
0.0350007
0.020689
0.0213287
0.0197941
1.57704
0.0215927
0.579097
0.0499098
0.0207874
0.0211037
1.16942
0.0205503
0.0361856
0.0328257
0.0226727
0.019842
0.0975301
0.0207682
0.383433
0.0205046
0.0211025
0.0213523
0.020986
0.15987
0.0294165
0.0202399
0.198766
0.0226776
0.0200208
0.0204425
0.0264473
0.0199311
0.0216125
0.0271413
0.0211657
0.0203492
0.0196356
0.022156
0.0228715
0.0202073
0.0258174
0.0251843
0.0278714
0.0209078
0.0684824
0.0225274
0.0225329
0.0227062
0.020632
0.0211132
1.29178
0.0211074
0.0211024
1.96826
0.0208242
0.021187
0.0215924
1.22138
0.0198825
0.0207436
0.272527
0.0220391
0.0215747
0.168123
0.211737
0.0201111
0.0217584
0.0793149
0.0210826
0.0202618
1.90596
0.158504
0.201874
0.0208927
0.0204018
0.0210807
0.148656
0.0215662
0.385663
0.0225486
0.0221512
0.0210227
0.0198989
0.490959
0.0255879
0.0210849
0.0202677
0.230948
0.0225881
0.196645
0.023607
0.0202207
0.0213564
0.0244641
0.111941
0.592629
0.0259465
0.0210039
0.0207916
0.552351
0.516155
0.0210845
0.0479727
3.19451
0.0199911
0.0201221
0.0246371
0.224678
0.0265244
0.0217336
0.0911409
0.0211961
0.0212135
0.622606
0.0215739
0.0325408
0.0213624
0.0255011
0.0211272
0.022694
0.02127
2.06052
2.59847
0.0211117
0.0220142
0.3751
0.0242192
0.0213981
0.02077
0.0207874
0.0206984
0.0464857
0.0203608
0.0981447
0.0239136
0.0207722
0.0251173
0.0209853
1.61658
0.0213814
0.388516
0.0199984
0.021195
0.0260851
0.0204894
1.83561
0.167425
0.0546705
1.71335
0.115641
0.240732
0.0565149
0.0212387
0.0203208
0.0210765
0.0211467
0.0210721
0.0201048
0.307948
0.0211073
0.405144
1.50141
0.0212766
0.0213775
0.121344
2.04257
0.0219082
0.239592
0.0202694
0.0208262
0.0334064
0.0209581
0.0211388
1.93582
0.0201105
0.0213882
0.534885
0.0210847
1.85173
0.0213734
0.0207916
0.0218178
0.0215523
1.32765
0.284703
0.021198
0.0213327
0.0225583
0.0254687
0.0219694
1.92422
0.0522041
0.0209652
0.0229063
0.0212348
1.5829
0.0200611
0.0261028
0.388596
0.0212789
0.0210456
0.380462
0.0329922
0.0202864
0.0208054
0.121306
0.220127
0.0224481
0.0263668
0.021423
0.0213877
0.0217122
0.0212716
0.0212667
0.0231121
1.52422
0.0210625
0.18369
0.0201692
0.0223456
0.216474
0.0843906
0.0207952
0.251625
0.0208999
0.0619205
0.0227062
0.0214121
0.0225205
0.173004
0.267455
0.0222521
0.0215956
0.0220887
1.42829
0.0213321
0.0294621
0.0207431
0.0214418
0.0236027
0.0224798
0.0209333
0.0267112
0.0200287
1.34924
0.0209663
0.239927
0.0207287
0.0211612
0.251707
0.0202508
0.0232734
0.0240555
0.225259
0.0201437
1.12115
1.79604
0.38374
0.0213946
1.51492
0.0214542
0.0211617
0.586348
0.149343
0.0200403
0.0225425
0.0198659
0.0217214
0.0226952
0.0524241
0.341226
0.0258894
0.0224425
0.26217
0.0219781
0.0278447
0.0213675
0.344228
1.52606
0.614571
0.0211017
0.020791
0.0221267
0.0246907
1.28886
0.113812
0.0209118
0.228951
0.0213365
0.0212588
3.06846
0.0210885
0.472726
0.429544
0.0554921
1.46808
0.314835
0.0215364
0.0200659
0.159971
0.0493528
0.021424
0.022018
0.0196615
0.020615
0.0211444
0.0212271
0.02076
0.0218567
0.0204375
0.0210449
0.0209122
0.0205122
0.0202381
0.0201599
2.83628
0.25532
0.487205
0.0347748
0.0210484
0.735498
0.046023
0.0212618
0.021259
0.0200283
0.152006
0.0196529
0.0211539
0.0202219
0.0212066
0.0211128
0.0219583
0.0203003
0.0532293
1.78316
0.0595035
0.0241283
0.0212281
0.0379489
0.0211317
0.0215444
0.0208294
0.0222597
0.0208591
0.0223629
0.0213014
0.0268023
0.543603
0.0410856
0.0430117
0.020236
0.256055
1.17517
1.36905
0.0209742
0.681272
0.0213841
0.0247069
1.21962
0.0234081
0.0200115
0.301452
0.0465545
0.021896
0.427514
0.0205822
0.0208753
1.06602
0.0201833
0.0201439
0.239874
0.0207739
0.0213651
0.0261547
0.020289
0.0206678
0.0220078
0.535714
0.104483
0.0214431
0.0438952
0.020725
0.0233212
0.019971
0.0224648
1.39172
0.0214776
0.0423395
0.0225045
0.0340039
0.0214687
0.0205461
0.021274
0.0206139
0.201398
0.0226073
0.0212257
0.0254264
0.388808
0.0213539
0.0204507
0.0265293
0.0242214
0.0207993
0.0212508
0.0218913
0.543454
0.0212274
0.0213529
0.0636719
0.0281483
0.0241227
0.0204378
0.223185
0.0200077
0.0204706
0.0209286
0.0213635
0.0210402
0.0207641
0.581466
1.53554
0.0225647
0.0276008
0.54215
0.022308
0.0196823
0.0201534
0.0213933
0.0344934
0.0214861
0.0228844
0.0215657
0.0204944
0.501733
0.0209017
0.0228608
0.0236659
0.87864
0.0209854
0.0217659
0.0281504
0.0218928
0.0200723
0.0199076
0.0325953
0.0226145
0.0201823
0.0216152
0.01992
0.220061
1.56322
0.0230613
0.0215239
0.022657
0.0237151
0.0224799
0.0206167
0.0212658
0.0205739
0.0216092
1.38608
0.0346807
0.0210091
0.0213404
1.7226
0.0215529
0.222712
0.0210556
0.0211235
0.302356
0.0209634
0.0211606
0.283305
0.0228974
0.0217038
0.022664
0.360905
0.0214379
0.021269
0.0215659
0.0212365
0.0212403
0.0279773
0.0199654
0.0218817
0.0748834
0.024754
0.0691547
0.0199246
0.0216453
0.0232011
0.0201614
0.0201372
0.0211785
0.0422606
0.0236982
0.0227834
0.0770385
0.0208039
0.0196316
0.0617568
0.0210758
0.022934
0.0213739
0.0212534
0.0214882
0.0197076
0.023824
0.0659695
0.0210388
0.0207111
0.0211782
0.023638
2.60466
0.0209005
0.0271165
0.0203715
0.0651265
0.0199205
0.0197326
1.50727
0.0200816
0.0203171
0.021089
0.0211969
0.0223055
0.021325
0.0215657
1.13018
1.15728
0.0213822
0.0260124
0.0200797
0.0211488
0.0213714
0.53668
0.0211534
0.0347764
0.0216764
1.13398
0.0219662
0.0209174
0.0263591
0.0215641
0.189578
0.0201058
0.02011
0.0212866
0.477608
1.34605
0.0781098
0.148206
0.230626
0.0218312
0.0383687
0.0230489
0.0215099
0.0212072
0.264956
2.03739
0.10095
0.0198956
0.0233081
0.0200453
0.0205024
0.0590936
0.0211388
0.0238499
0.0210628
0.0695172
0.0211227
0.557764
0.021131
0.0224062
0.601071
0.0217061
0.0237273
1.53827
0.0554687
0.0888622
0.53764
0.0469188
0.0307623
0.0211799
0.0226459
0.0243234
0.905966
0.022815
0.0210706
0.0215556
0.0199653
0.021112
0.0236279
0.0239953
0.0211704
0.0214996
0.197252
0.574741
1.6418
0.0212237
0.021103
0.0211491
1.54588
0.0202812
0.0592342
0.0201624
0.0223945
0.0622924
0.0202912
0.229469
0.0208364
0.0217115
0.0212054
0.0232435
0.0206489
0.0210246
0.0201326
0.0229265
2.11237
0.0219912
0.0220394
0.0217597
0.0304458
2.18018
0.0216489
0.0213857
0.0221477
0.0233388
0.0224199
0.348744
0.0512829
0.0231653
0.645741
0.022401
0.0209632
0.0214266
0.019685
0.0208737
0.0204112
0.0314864
0.0629846
0.0211577
0.0214689
1.67729
0.0232407
0.0199278
0.262701
0.0213436
0.0351723
0.410432
0.0243724
1.30254
0.0223871
0.0204863
0.0207426
0.025948
0.0210292
0.0212076
0.0210941
1.11412
1.51899
0.02155
0.0210923
0.0265741
0.185358
0.450634
0.0220617
0.0228905
0.0211775
0.0476973
0.16507
0.243192
0.0224446
0.0875106
0.0227343
1.70066
0.0210999
0.0925721
0.523088
0.0201645
0.0221502
0.024297
0.564745
0.0211025
0.0211816
0.0525974
0.239851
0.0270209
0.0211457
0.0231833
0.0244874
0.0625621
0.0210944
0.0210601
0.0210166
0.0209514
0.0212074
0.0228952
1.20925
0.0217388
0.0466808
1.37011
0.031003
0.0236727
0.0263922
0.0285647
0.0201509
0.0808524
0.0749516
0.0251373
0.0202771
0.392543
0.0209963
0.546368
1.32297
0.240657
0.0201459
0.02188
0.0251211
0.0206792
0.0239866
0.021346
0.429289
0.0211338
0.0211556
1.60631
0.0261571
0.0262435
1.7381
0.53554
0.0247573
0.117948
0.0711869
0.0205609
0.0229313
0.0214903
0.0220428
0.563084
0.0207308
0.0295071
0.213042
1.75928
0.300009
0.0380676
0.237809
0.0258208
0.0212209
0.0245068
0.020704
0.0222613
0.522393
0.0207944
0.407078
0.0214624
0.234521
0.131388
0.0215628
0.0211919
0.0563565
0.0252212
0.0204739
0.0209711
0.0205053
0.121715
1.34174
0.0210236
0.0207791
0.0215096
0.0231103
0.0978231
0.022278
0.0225147
0.0900988
0.0226834
0.22724
0.319277
0.127608
0.0227397
0.021288
0.0207714
0.0202824
0.0206927
0.0215792
0.0803421
0.0273049
0.0205471
0.0204113
0.0201208
0.0228957
0.0200602
0.0205552
0.0208283
0.0209998
0.0936628
0.386667
0.0199993
2.32155
0.0198835
0.583769
0.0217398
0.0214245
0.0215233
0.231636
0.0219799
0.0212859
0.0208569
0.453701
0.201955
0.0507577
0.020996
0.0208036
1.6792
0.0198406
0.576307
0.0446485
0.273228
0.0212183
0.112961
0.0211191
0.0213728
0.0216756
0.57072
0.0204797
1.34045
0.0209916
0.0217036
0.0213755
0.0211673
0.0330171
0.389793
0.441897
0.239343
0.0671557
0.0202723
0.0232872
0.0214404
0.294071
0.507496
0.0205016
0.250649
0.0483695
0.0214105
0.0253771
0.0212035
0.0215746
0.394277
0.0223913
0.0217522
0.0226178
0.0227194
0.222451
0.0252811
0.60355
0.0392813
0.0211275
0.0215701
2.01794
0.0212898
0.0221351
0.0218426
0.0362399
0.022561
0.0215761
0.0627992
0.0225953
0.0661838
0.0224855
0.0874154
0.0915414
0.0235352
0.0227137
0.0742498
0.0224728
0.0751183
1.41299
0.0211858
0.0223108
0.020894
0.216416
0.0201902
1.35917
0.0837189
0.0267496
0.0201611
0.0215737
0.0260486
0.0249547
0.0229933
0.0584071
0.0231009
0.0204165
0.0211186
0.0295417
0.572096
0.208579
0.414298
0.0210265
0.0202452
0.0209976
1.37671
2.57698
0.69273
1.3582
0.0218897
0.0228928
0.021014
0.0432653
0.0210392
0.0460462
0.0211044
0.0212173
0.0214739
1.74038
0.0254612
0.027554
0.0637898
0.0239944
0.0201417
0.0210854
0.0221176
0.215728
0.0272405
0.245074
0.0262701
0.0201774
0.0211113
0.0200114
0.2231
0.0227892
0.0223287
0.0228056
0.0210733
1.86655
0.0211152
1.36906
0.0210818
0.0205661
0.235052
0.0222308
0.0203674
0.0210413
0.166502
0.0205726
0.0203448
0.372508
0.0310294
0.0419273
0.395628
0.0221627
0.0290669
0.234035
0.0220982
0.021951
0.0209564
0.0428107
0.0202694
0.0567682
0.415129
0.0210608
0.0204834
0.0264153
0.277546
)
;

boundaryField
{
    frontback
    {
        type            empty;
    }
    topbottom
    {
        type            fixedValue;
        value           uniform 0.0223;
    }
    outlet
    {
        type            zeroGradient;
    }
    inlet
    {
        type            fixedValue;
        value           nonuniform List<scalar> 0();
    }
    walls
    {
        blending        binomial2;
        n               2;
        beta1           0.075;
        type            omegaWallFunction;
        value           nonuniform List<scalar> 0();
    }
    procBoundary1to0
    {
        type            processor;
        value           nonuniform List<scalar> 
80
(
2.87265
0.034967
0.0220476
3.27673
0.0218728
0.0249747
3.92511
0.0235752
0.023086
0.0235752
0.0215594
0.0242009
0.0317942
0.0317942
0.0462808
0.0214112
2.99335
3.74507
1.18182
0.023086
0.0299965
0.0217962
0.0214192
0.0289135
0.0462808
0.0217279
0.0215112
0.0215315
0.172302
0.172302
0.0227334
0.0214102
2.1953
0.0214667
0.0219813
0.0214925
0.0214401
0.0214309
0.021674
0.0272482
0.0214485
0.021409
0.0407055
0.0214485
0.0843356
0.0728319
0.0407055
0.140216
0.0214815
0.0214065
0.0215938
0.0216306
0.0214401
0.0843356
0.140216
0.0226053
2.06767
0.0363876
0.0214782
0.115959
0.0676926
0.0259791
0.0583341
0.115959
0.0214059
0.0214309
0.0214241
0.0235138
0.0222368
0.0981745
0.0214241
0.404601
0.0981745
1.99742
0.216783
0.0523301
2.62102
0.216783
0.0221096
0.0223959
)
;
    }
    procBoundary1to2
    {
        type            processor;
        value           uniform 2.11528;
    }
    procBoundary1to3
    {
        type            processor;
        value           nonuniform List<scalar> 
147
(
1.9064
0.761719
0.184858
0.148226
0.638573
1.91141
1.9504
0.160834
0.457861
2.01105
0.452871
2.0972
0.179394
0.264123
0.183
0.67122
1.04793
0.272723
0.325741
1.01331
0.759428
1.99372
1.98953
0.103352
0.768052
0.742414
0.150139
0.135243
0.288516
0.302199
2.08592
2.04986
0.250886
1.83742
0.124431
0.260393
0.7235
0.334853
0.10699
1.00634
0.323205
0.323205
0.227349
2.10098
0.856332
0.366894
0.322404
2.14495
0.303992
0.262456
0.321674
0.191149
0.261108
0.307031
0.292334
0.289215
0.217086
0.272562
0.303584
0.287826
0.271421
0.278752
0.267634
0.230849
0.261108
0.320322
0.25474
0.248657
0.223675
0.279966
0.258462
0.278724
0.376843
0.386181
0.326252
0.387996
0.294206
0.323176
0.345734
0.384956
0.345109
0.226997
0.304307
0.205643
0.205643
0.326361
0.371102
0.397023
0.45989
0.515831
0.438517
0.438517
0.19067
0.375806
0.407241
0.355329
0.152904
0.260667
0.462728
0.220581
0.416149
0.261711
0.145548
0.564777
0.521532
0.425285
0.425285
0.550807
0.559744
0.494291
0.15305
0.260335
0.302166
0.318947
0.127897
0.629046
0.629046
1.83742
0.757922
0.39587
0.532717
0.351559
0.979248
0.404042
0.5734
0.764515
0.279104
0.887352
0.378666
2.09155
1.81143
1.79045
1.78923
2.17044
0.155359
1.78855
2.06031
2.153
0.280153
0.967274
0.627998
1.62115
1.62115
0.235923
0.235923
2.04986
0.280743
)
;
    }
}


// ************************************************************************* //
