/*--------------------------------*- C++ -*----------------------------------*\
| =========                 |                                                 |
| \\      /  F ield         | OpenFOAM: The Open Source CFD Toolbox           |
|  \\    /   O peration     | Version:  v2012                                 |
|   \\  /    A nd           | Website:  www.openfoam.com                      |
|    \\/     M anipulation  |                                                 |
\*---------------------------------------------------------------------------*/
FoamFile
{
    version     2.0;
    format      ascii;
    class       volScalarField;
    location    "300";
    object      omega;
}
// * * * * * * * * * * * * * * * * * * * * * * * * * * * * * * * * * * * * * //

dimensions      [0 0 -1 0 0 0 0];


internalField   nonuniform List<scalar> 
9793
(
0.0223726
15.5399
0.021937
2.61862
0.0222597
0.204699
0.0827716
5.29602
0.0221369
14.3849
0.0221966
0.0221873
0.0219177
1.7371
0.0217839
0.0264523
0.0530659
0.0219323
2.19613
0.0215574
0.0216253
0.0222917
2.64211
5.42271
1.81837
0.0265611
0.022099
0.022262
0.0215678
0.0796905
7.73681
0.36516
0.0220115
0.0219457
0.0218679
0.0283888
0.0245385
0.0249276
1.60132
0.0306609
0.068539
8.6876
4.25038
0.0222717
0.0219609
0.0220421
5.90479
0.0222844
0.0217165
0.0219395
0.0281082
0.021851
0.0372328
0.0222686
0.0330881
2.18815
0.0219264
0.0897557
0.021723
0.0222914
0.0270132
0.0970837
0.021952
0.0348741
0.0219629
0.0220639
25.7312
0.0241839
0.025011
3.28667
0.0219728
0.102479
4.82595
4.12995
4.35166
0.0222624
0.04614
10.6717
0.0219821
0.0222706
0.0493796
2.14069
0.0512055
0.0239289
0.0250336
0.241821
0.0222612
0.0676336
1.6141
0.0936647
1.8368
1.39456
1.48389
0.0410137
4.00125
0.0219051
4.9147
0.0500393
0.0246949
0.0222685
1.44553
0.0354418
2.36915
0.0219661
3.55537
10.4686
4.06914
0.021878
0.0219861
0.0222835
0.0222335
2.16943
3.29395
7.41632
0.0219503
0.0221124
0.0243672
0.0220502
1.86399
0.0220278
3.07415
0.0723377
6.86478
0.0419495
0.0245696
0.0220335
0.0604687
6.08508
0.184575
0.191896
0.023803
0.0218015
0.0222699
0.0233971
0.0272892
0.160151
0.594639
0.0244101
0.0222737
0.0606532
2.27653
0.0275457
0.0219306
0.0552395
5.69599
0.614063
0.0220342
4.72593
0.0217976
0.0220282
0.0220696
14.9073
0.0242386
0.0220921
0.0219187
1.37169
0.0565606
0.0219471
0.551985
0.0219139
0.0636343
0.023912
0.0216323
0.358943
0.0220817
9.48464
2.30526
0.0222763
0.0218792
0.0222173
0.0219438
6.19777
27.0297
1.9665
0.021911
0.185233
0.136745
0.736379
0.0219671
0.0241232
3.9437
7.16594
0.0793551
0.0220349
0.0220729
0.0218726
7.34333
4.66896
21.7527
2.49617
0.0219904
22.1742
0.415009
0.0254079
0.0217608
0.0232864
1.98714
0.0215944
0.0219303
0.022204
0.0219912
0.0216256
0.0291847
0.0251129
1.76241
0.021925
0.0280159
0.0222743
0.0223274
0.486908
0.0583282
2.4398
0.0216326
2.83811
0.0239466
0.0428881
0.0217967
0.155629
0.0221213
0.050372
0.053508
0.0216289
1.41806
2.07628
0.0393117
0.0218905
0.0508315
2.08839
0.0494057
0.0502257
1.60289
0.136434
0.0405948
0.0355819
0.367593
0.021592
4.53149
6.32445
0.0216004
0.0222223
8.17037
0.0219017
0.0222313
0.108594
0.120395
0.0220546
0.0241533
0.0290698
0.0381391
0.0242215
0.0219732
0.0439592
2.93546
0.0216262
1.98416
0.022262
0.02217
0.0216594
2.11867
0.0219772
2.77473
2.84719
0.0221032
0.022131
3.13489
0.0218353
0.0222397
0.0218017
2.57348
0.26959
0.0249312
0.445119
0.0841428
2.29485
3.92063
0.0222981
21.6325
0.0222643
2.09136
7.81381
1.64855
3.17799
0.132952
0.0238322
0.0473287
0.0247282
0.0217949
0.022379
0.459929
0.0267275
0.0221395
0.0222838
0.02163
0.0216571
0.0216294
2.49786
0.0218685
0.0217748
0.0218446
0.0219195
5.44913
0.592117
0.0638885
0.0228642
0.0557642
0.0219514
3.13947
10.9119
0.0219713
3.30671
0.0330806
0.0219552
24.7205
3.97172
0.0220193
0.046156
13.2141
0.0221282
0.033914
0.0217751
0.022215
2.23333
0.040929
0.0219551
0.0220214
0.0227378
0.17367
3.34699
0.021941
0.021872
0.0217469
6.89669
4.58926
7.47343
0.0215869
0.0433154
0.0347429
2.15829
0.0679456
0.0215874
0.0216451
0.0217473
0.0457948
0.0220525
7.22669
0.022088
0.0217772
2.62833
2.40216
2.46916
0.0217292
1.43973
0.0246625
4.11277
6.50572
1.67707
0.0235917
0.0318873
0.694856
1.70397
2.09225
0.026482
0.0222634
0.0253074
0.0216839
0.0218527
0.022034
0.0220813
0.022292
8.46709
0.0222065
0.0606805
0.0302528
5.90618
0.0215822
0.024015
5.28084
0.49735
1.84704
0.0660822
0.0217809
0.0236723
0.0219407
0.46807
0.0215655
2.38634
0.159303
0.0832096
5.9947
2.27595
0.0221373
0.0218904
0.923739
0.407095
0.0219242
5.6351
0.0221313
0.0221756
6.76945
0.0216309
0.0915514
0.0216021
2.35582
0.0220934
0.0220938
2.68817
0.0966278
0.0527981
0.0253948
0.0220746
0.0218327
6.25761
0.0497744
0.0215698
0.0221946
0.0342306
0.0347268
0.0523535
6.91121
0.0221956
0.0219427
0.331985
0.0220811
2.5474
0.724195
0.0220646
0.0220163
0.0223462
0.0221163
0.0217319
1.46679
0.0507623
5.52216
0.0289211
0.0233755
0.0421587
0.024643
1.7295
0.0262629
0.0222678
0.0241967
0.512222
0.0219394
0.0219173
0.0219719
0.0215684
0.0219866
0.0217934
0.0220439
0.0221576
0.0228543
0.0246895
0.107741
0.0219354
1.46554
0.0256297
0.214729
5.01607
0.021802
2.80279
0.0809158
0.0217696
0.0215687
0.0219356
3.60303
0.0856923
0.0215652
0.0221205
0.0221972
0.0674505
0.153093
10.5615
0.0219762
0.0219205
0.0316014
6.5305
1.60414
0.0236752
0.0232948
2.0633
9.43195
0.24549
0.0221717
0.021789
1.66847
0.02191
0.134608
7.0095
0.0215582
0.237253
0.0269329
1.42373
0.0218337
1.94286
0.282964
0.0259629
2.38061
0.0219079
1.94041
0.0220945
0.0218868
0.0222231
0.0219471
3.66684
0.0218998
0.0217054
0.0228167
0.0215963
0.0217897
0.0460647
0.0227739
0.034259
0.0220338
0.0220382
4.10137
0.0747139
0.0236269
2.03102
0.0242862
0.0221741
0.0219817
0.0217308
9.43799
0.0216958
0.0220691
8.13731
8.41153
0.0388406
0.0219253
0.0222842
0.0221282
0.022241
1.89695
0.0221739
2.86816
0.0241948
1.85916
0.022262
19.0062
0.0222066
0.226457
0.0219165
0.0874873
4.12287
0.0221032
8.88694
0.0218998
0.0222182
0.0216152
4.90749
1.80779
0.0219438
0.0277135
0.0216914
2.01171
0.0218232
0.0446026
1.8568
0.0252309
0.0220264
0.0454802
0.0222451
0.022176
0.0217641
0.100651
0.0219558
2.20064
0.0220517
0.0220692
0.0388031
0.0770603
1.32727
0.0217631
18.1149
0.021885
0.201775
0.0219155
0.0222302
0.0219054
0.0220495
0.0222682
0.218194
0.0407398
9.0735
0.11001
0.035197
0.0341854
5.34347
0.0236847
1.84257
3.68091
0.263326
11.3687
4.95746
0.178607
0.0221823
3.42207
0.0384599
0.0221337
0.357144
0.0222509
0.45549
0.0358117
0.214699
0.0276102
2.07949
4.6989
0.0365808
0.194352
0.022216
0.651951
0.0228633
0.0219198
0.0220388
0.0236028
0.0461562
1.55247
0.276183
4.7295
0.0234011
0.023399
1.41456
0.356345
0.0230524
0.0609579
0.0223504
4.93496
2.79452
0.0220586
0.0641886
0.295793
4.88908
0.0219578
0.0257886
8.08642
0.0285199
7.9075
0.090792
5.89637
0.0256629
0.0237917
0.0219141
0.0219193
0.242717
0.0222842
0.283729
0.130608
0.0806925
0.0222596
0.0222238
0.0236416
0.022118
0.0218328
0.0219035
0.100428
3.73119
1.85139
0.0222797
0.338623
0.0219504
4.15107
0.0459994
0.0467017
0.0341809
0.263585
0.0217477
0.0220603
0.0431722
0.021909
0.0220776
0.059769
1.47236
0.0216248
0.226725
1.71003
0.0244224
2.1181
1.78896
0.0218098
0.0543357
0.0271022
0.0219833
0.0216122
0.102501
1.70263
4.74009
0.0219536
0.0220158
0.0216599
0.0247844
0.0228041
0.0237847
0.576969
0.0456779
0.0221514
6.17612
0.0292899
0.0335434
0.0220339
18.9517
0.0236773
0.021918
0.0834213
2.10878
0.0215742
0.0220499
0.0219473
0.0254466
0.0217434
0.0373069
0.586515
0.0221558
0.100118
0.0228563
0.0219836
1.88111
2.8835
0.339495
0.0220748
0.0215882
5.22535
0.0258495
2.13664
0.0215526
0.0219008
6.59935
2.66035
0.0296605
0.0983873
0.0628844
0.0218867
0.0222717
0.0219387
3.34932
0.0220571
0.0222928
1.5819
0.0274495
0.296909
0.0328078
0.0219358
2.62024
0.022268
0.0219109
0.021928
0.0305508
3.43502
0.0221618
0.0219705
0.0219067
0.0218949
0.0219421
0.0219267
13.3088
0.031483
0.022781
0.0221098
0.0316394
0.0607009
0.026401
0.0284862
0.0222839
0.0216533
0.0232877
2.15583
2.43891
0.0232283
4.61313
0.0222153
0.0252024
1.1786
2.19958
0.0217749
0.0221804
0.344611
0.0507105
0.021907
0.0222486
2.27486
0.0222681
0.0684429
0.0220115
0.61957
0.0222475
0.0222424
0.0221268
0.0307891
0.022071
0.0244734
0.026106
0.163466
0.0218632
0.0219975
0.0222498
0.0218814
0.0221443
0.0219597
0.0305714
0.0221112
0.0512975
1.94985
0.0426279
0.0627497
0.0222018
0.0217636
6.63677
4.50756
0.0216024
2.04507
7.39805
0.0215943
0.0219662
0.0218776
0.0955755
0.0532495
2.43679
0.0218567
0.0250376
0.0218594
0.0222593
0.0222295
0.0855988
0.0221193
0.24716
0.022093
0.0579444
0.0218938
0.023086
0.0219106
0.0382895
0.060156
6.91929
2.8485
2.02507
0.047362
0.0218996
2.96611
3.77372
0.060824
0.0220325
0.0220846
1.98529
0.0218701
3.14408
0.0216073
0.0292534
0.0221938
0.0222698
0.0217813
8.42752
3.30246
2.89598
0.0723717
5.26959
0.0219518
3.0744
10.4923
0.0222705
0.0220544
0.0217271
3.10822
0.0215532
5.18063
0.032377
0.141267
0.0222445
1.00397
7.87235
1.70669
0.0294432
0.0317082
0.0220407
18.8029
0.0215329
0.606235
0.223071
0.0688327
9.94686
3.47009
0.0238508
0.0233603
0.0219489
0.0960658
5.39404
5.25674
0.0217422
3.95022
0.0259528
0.119335
0.122541
1.4992
1.54218
0.0216385
0.0259864
0.030271
0.0241716
0.0239232
2.61794
0.0221968
11.4896
0.0217629
0.0216178
0.078266
0.108289
2.66864
0.0225963
22.8866
14.1898
0.636639
0.0268567
0.022233
0.0225998
0.022227
0.0219117
0.809985
1.74235
0.0221612
0.0219156
0.0315682
1.71349
0.0258069
0.0219224
0.436475
0.0219397
0.0222749
0.0215425
0.0592397
0.0220292
0.0249198
4.34245
0.0605832
0.0222584
4.26132
0.129639
0.0219352
0.0229894
0.0335626
0.0222624
0.0219653
0.0217449
12.8071
1.86965
0.0221842
0.0351081
0.0361685
0.645088
0.0219392
3.31581
0.0218617
0.02175
0.690607
0.253778
0.0644717
0.022014
0.0218951
5.75133
1.51235
0.288534
2.86134
0.0221026
0.023789
0.022015
8.24996
0.0241845
2.1443
0.0226853
0.0219221
0.023604
0.0216712
0.0218757
0.0640693
0.0217759
3.26295
0.0218023
0.0221675
0.0215612
0.0248794
1.80761
2.7853
0.0516128
5.48859
0.0219808
0.0359378
0.0232889
8.00049
0.0218271
0.0216264
2.68434
0.0346043
0.0327495
0.0221115
0.218397
8.43099
2.39588
0.022111
0.034388
0.9139
0.0312148
0.948015
0.122157
0.080822
0.0217614
0.022553
0.0604895
0.0769212
0.0219879
0.0990616
0.021735
0.0221829
0.0222352
0.0217597
0.0219044
0.0219891
0.804575
0.025654
0.0229171
0.0458073
0.0217451
0.0219263
0.0380109
2.87478
0.084365
0.0608116
2.28858
0.0222339
9.56618
0.0292308
5.34349
0.0613928
0.0222018
0.0220824
0.0234379
8.90565
1.74021
0.0505394
0.156036
0.0216503
0.0218918
0.022248
0.022201
7.70351
0.0255439
0.0219592
0.156133
0.287907
6.00182
0.0227169
2.50898
0.0557016
0.039948
0.0318775
0.426351
0.246725
0.0222205
1.57325
0.270681
0.038691
2.25373
0.0446977
0.0222033
0.0222638
0.0219112
0.0231049
0.0271354
18.8153
0.049911
0.0218704
0.300885
0.0220038
4.3116
3.35264
0.0219569
28.0441
0.0217977
0.0217477
0.0220195
1.55593
14.7428
0.0480597
0.0312106
0.0217114
0.550309
0.0222313
0.0307941
0.0220905
0.0221256
0.0219064
5.2879
0.0227649
0.0420609
0.0289239
0.0222115
0.353926
0.132671
0.0338931
0.0252695
0.023737
1.77515
2.60773
0.0218855
0.0217566
0.0218829
0.0225389
5.48349
12.8234
0.206525
0.0255592
0.0217799
9.50816
5.07977
0.02218
22.5868
0.0217068
0.0840548
11.8674
0.0217376
6.42426
8.08697
0.124964
6.27749
5.70236
0.0218392
0.0226412
2.4793
1.51613
0.0225191
4.89629
0.0248733
0.0219049
0.0222738
0.0231383
0.0396693
0.0251481
0.314071
6.47144
0.236075
0.0341931
0.0220789
0.0600034
2.18361
0.0217528
3.64665
0.0473849
0.0222198
0.0245527
0.0222415
0.0221706
0.0314611
2.30323
0.022468
0.0217883
5.21078
1.52782
0.06939
0.0222613
0.0556571
0.0219275
0.0219311
4.16741
8.32204
0.021921
0.021486
2.82543
4.40248
0.048039
0.0222315
10.097
0.0226848
0.0219277
0.0239328
0.021932
0.021644
0.0216187
9.77293
0.197738
0.0258435
1.60815
0.0446671
1.4839
8.64163
2.04389
0.156493
0.0219297
0.0222387
0.0223012
0.0219924
0.0749248
0.0218813
0.1093
0.0290217
2.65125
0.0220464
1.51478
0.0361686
5.21396
0.0219246
1.75011
0.0297839
0.174219
0.248634
0.0309189
0.0216155
9.18589
0.0558018
1.55366
0.0215996
5.36365
0.0220264
4.67079
0.500777
0.0430649
0.0219213
0.0220886
1.88733
7.04973
0.0316067
0.0215607
1.22341
0.0852519
0.044499
2.70891
0.0789119
0.0219093
3.75291
0.0219154
0.0329222
0.0216126
8.66197
0.0216198
0.0235885
0.314684
3.57239
0.0222218
0.0668759
0.02431
0.0794249
0.0218795
0.338565
0.0234078
0.0637196
0.0219256
0.0219852
2.00622
0.0284318
4.80264
4.45375
5.15565
0.0227041
0.0216371
0.0217539
0.0255621
0.0365131
0.0311052
5.55427
0.0234851
0.593736
0.0418297
0.0222811
0.0219283
0.0684187
0.406839
8.90788
0.0219064
1.61769
0.0218625
5.35793
1.46227
0.0462985
0.0219951
0.0217264
0.042756
1.5758
0.0242668
0.0222687
0.0237969
0.0443882
0.0228805
1.53421
2.09796
3.90636
0.0221561
0.0262099
11.2261
0.0221866
0.0617668
0.0218007
0.829064
0.0363782
0.021949
0.0432165
0.184662
0.02193
2.17887
0.0219145
0.138096
0.251995
0.448364
0.311993
0.0221662
0.0221818
19.372
0.0221315
0.0398552
0.0819105
0.0234945
0.0215233
10.9545
0.0248684
0.40378
0.0234029
0.0665093
0.022506
0.404859
0.0252182
0.0245944
2.38633
1.21393
0.0220888
0.022273
0.164933
2.17297
1.94206
0.80894
0.0291893
0.02192
0.0217965
1.86196
0.0221382
5.62778
0.0984386
2.46701
0.0221069
0.0217133
0.0217917
0.0427674
0.0455426
3.72754
1.55779
0.968428
0.227553
0.0216016
2.53369
0.0229983
0.0626451
0.0228582
0.0400115
0.0608032
0.0219241
0.0215701
0.0637162
0.0216317
0.0391286
0.0708039
3.34945
4.36736
0.0374614
1.80277
0.0217366
0.0216307
0.0220738
0.198629
0.0613678
0.0461654
0.112277
3.87219
0.0394137
0.15536
0.0218057
0.0220824
15.5103
0.021908
0.285948
0.0214628
0.021855
2.06939
0.334174
0.0218447
0.079776
0.510479
3.58713
2.5489
0.0250168
0.066322
0.0487699
4.55337
0.0220409
5.01683
5.74307
0.0236999
0.025924
0.0216062
0.504502
0.0217311
0.0219824
1.57503
0.0222094
0.0215595
0.201464
0.0585144
1.52247
1.50784
3.34062
1.8421
0.0216108
0.0219062
0.0218505
0.0222051
8.3308
0.0220606
1.74551
0.0229777
4.63809
0.0244608
0.0221035
0.0216785
0.0222156
0.030312
0.022025
0.021513
0.339018
0.0218163
0.0510049
0.0224418
7.04361
0.0245058
0.0220784
0.0219297
0.0528535
0.0219064
0.0217598
0.0220883
0.0222146
0.0245429
0.0218429
0.0233596
0.0315235
3.77544
5.34808
4.62792
2.51091
0.0217633
0.0220046
0.0219208
0.0214252
0.0219311
0.0217297
0.184017
0.0218547
0.0222517
0.0220683
0.0220423
0.0219338
7.0364
0.0241728
0.0219716
19.9343
0.0430057
0.0217092
8.10376
7.61199
0.0220194
0.457287
0.724195
0.0220273
0.0458939
0.0239366
0.0215544
0.0273888
0.0220242
0.0397533
0.0220122
0.0222473
0.0217404
28.0764
0.0283666
0.0456199
0.0220321
0.0222653
4.64746
0.0257554
0.0220356
0.0238136
0.0241658
0.0222519
0.230828
11.7824
1.24069
1.54485
0.228172
0.0373898
0.0222597
11.9929
0.161847
0.0227297
0.05953
0.0222932
0.0218959
0.0222464
2.86994
0.046243
0.0219984
0.0220413
0.184268
0.0217251
0.444026
0.0219409
1.86279
0.227419
3.563
0.0220792
0.0231921
0.0317903
0.0355254
0.0222463
0.0387889
0.0860622
4.9011
0.0219783
0.487433
9.71255
0.0215625
1.90036
0.0433872
0.333495
0.105793
0.0219179
0.0277469
0.0402658
0.021682
0.0249966
0.0215402
4.19209
1.69791
0.0325266
0.0218267
0.150631
0.0748112
2.82796
0.283193
0.0233266
0.0280048
0.0219468
0.0219148
0.0403348
0.0518465
20.1904
0.0218117
0.449381
0.0225568
9.73769
0.178237
2.42432
0.0215977
0.0229327
1.99462
1.80558
0.0430485
2.15409
0.0228704
0.258246
0.0219132
0.0218473
2.64174
0.478659
0.024826
0.0220935
0.0751607
2.16707
0.195107
0.0662744
0.0217681
0.0220138
0.0217141
2.39459
4.92307
0.021749
0.0445727
1.83059
0.0744829
0.28086
1.63933
5.66422
2.20966
0.0217648
0.02277
1.60835
0.0218908
0.0492537
1.56289
9.82098
0.0233745
0.0302172
4.9468
0.626064
2.0207
5.15816
1.7306
1.48064
0.0221106
0.0216144
0.0219895
0.0225527
25.2128
0.0548187
0.370296
0.38446
0.0565729
0.0219386
0.414975
0.0216995
0.0303554
0.0219215
0.0406471
7.13007
2.11119
0.022071
0.0215987
0.0383185
4.66519
0.18637
7.35151
0.0446185
0.0220412
0.0834036
0.0214604
0.0959845
0.0320177
0.0219084
4.67579
0.173625
0.576045
0.0576296
0.0222248
0.0215743
6.16879
0.0252157
0.0216175
0.022145
0.0222559
0.0216807
5.5828
9.56711
1.96431
1.41065
6.29496
0.0239777
0.0219416
2.92002
0.0242909
0.085397
6.59732
0.021866
5.41664
2.85573
0.0596639
0.033672
0.794029
0.0230856
1.78457
0.0374991
1.99051
0.021817
0.0228451
0.0408157
3.25643
0.114626
0.0686171
4.93558
2.14576
0.0718148
0.160168
3.29199
0.0241692
0.365313
18.5208
0.0357498
0.0628015
3.17052
0.031948
0.036858
0.0221033
0.036607
0.0388308
0.0560802
0.0220881
8.60845
0.162644
1.80697
5.18582
2.15371
0.0395982
1.59876
8.74211
0.0218459
1.12096
3.05624
8.27145
0.0277815
0.0242145
1.62236
9.26978
0.0216076
0.24096
0.0217506
0.021909
4.17145
0.0253861
2.28585
1.55844
1.8992
8.41433
0.0216179
0.035018
0.0219837
0.0218429
0.110067
0.0567721
0.026428
2.79798
1.83799
0.0222731
0.0260751
1.35367
0.0234019
0.402866
0.0478702
1.48513
1.48589
0.394367
9.29714
7.10959
1.80162
1.50324
1.7335
0.031145
0.0251626
0.117
0.120335
1.80344
8.28332
0.0221318
0.0226127
5.57167
2.3168
0.0246653
4.89684
0.0219221
0.818363
4.72074
4.7843
0.0219228
1.64259
1.55744
0.026772
0.0346177
5.63222
4.98627
4.78751
3.69219
0.0219736
6.16423
1.61223
0.0407304
0.224213
0.108149
0.0217325
0.0265224
3.48096
2.36978
0.0244895
0.0221716
1.54347
0.0852403
1.82245
0.0741237
2.22122
1.53647
0.0219904
11.1257
0.0222852
0.0301673
0.0220418
0.0218242
0.021702
0.0370979
0.278209
0.0214902
15.7745
0.0708386
6.58731
7.94393
1.97912
0.0219088
4.59622
1.52675
2.00409
0.0343114
0.0219238
3.67301
0.393864
2.13518
0.0550535
0.0234297
0.0216849
4.6099
5.37089
0.0333374
15.7089
0.031031
0.0221592
1.4487
0.0540134
20.0697
0.0218977
0.0294383
1.6544
4.71485
1.5012
0.217705
1.49093
1.69905
5.66778
0.0220473
7.81615
0.0475583
0.0218305
0.0215504
0.0219156
5.18305
0.0493169
1.50352
1.55824
0.0362908
0.15393
0.0782594
2.58761
0.263538
5.8371
4.94195
1.30089
0.0887303
0.0216456
0.623913
0.0560845
0.109952
1.43518
2.726
1.71501
0.0220944
0.024056
0.0487788
0.022059
0.0219519
0.0276554
1.53045
0.0285862
0.0252827
1.40805
0.0719487
0.305181
3.9934
1.57707
0.440738
1.96871
4.84845
2.23199
0.0628612
0.0310229
0.0220896
1.30453
0.106479
0.223672
0.0629093
0.0607635
0.0214486
0.177242
6.2152
0.0264986
0.0215824
0.0230441
3.47708
0.0218746
0.0220251
0.062303
1.54479
0.0283631
0.0545232
0.179456
0.0304735
0.0585584
0.0218497
0.0219823
0.0410044
0.220054
0.0222104
0.0311452
0.270796
6.93064
0.0221029
11.6423
0.0218689
1.57032
0.0232247
0.0233718
0.0215489
0.179131
0.0340639
5.60849
11.9578
0.0681922
0.0221618
0.0219373
5.76936
2.78052
0.0218027
0.244487
1.6035
0.0522809
0.077074
0.0214228
0.0226337
0.021923
1.47279
0.0421162
0.0220501
6.57373
0.0223289
0.0576758
0.255864
0.021734
0.0967434
0.0597322
18.4964
0.0223884
0.0261475
0.0233745
0.0540635
0.0213997
0.0219057
5.86772
0.330973
0.0748274
0.021879
1.9161
0.0223347
0.0223318
0.0219574
0.472931
6.40632
0.0237043
10.1079
1.58457
0.0639159
2.97756
4.50972
5.13336
6.69803
0.0523456
0.0625764
0.216777
0.0477827
0.0219504
0.0300543
0.0293847
8.06669
0.0220787
3.36632
0.0219774
0.409037
0.0907089
0.0227736
0.0229618
8.39752
11.6329
5.41762
1.57027
0.0218103
0.0664103
4.62335
0.0258466
9.69575
0.0406238
0.107159
1.66984
0.0339094
0.0219929
0.123686
0.147845
0.0219133
1.5005
0.692956
0.0217061
0.0222394
0.0221212
0.0220093
6.67812
0.0219748
0.0472816
0.0220247
0.0223325
0.0322667
0.021938
1.49687
0.0836273
0.0221233
0.0216225
0.109913
0.023283
0.0551846
6.19741
4.84533
0.053187
0.225765
0.0403617
0.0215895
0.135574
10.652
0.0376924
1.4784
6.00634
0.0747319
0.0385275
0.027984
0.0664549
0.0377098
5.78389
0.0221131
0.0221356
0.0217984
2.4349
9.31934
0.0357945
0.0981117
0.0218633
0.0265352
0.105772
0.264992
0.0219038
0.0597467
1.87889
0.0874479
0.0219902
0.0219202
20.0421
5.57031
0.0219337
0.60276
0.0302697
0.19863
0.280515
0.0218602
2.94899
0.0288453
0.0220246
2.70349
0.200643
0.0219209
0.0221622
0.265176
0.021767
0.0220408
0.149941
0.0418389
0.0454565
6.41329
0.0251376
0.0412334
1.81532
0.0218349
9.15203
4.76156
0.0250031
0.0581761
0.175005
0.0219631
0.157845
0.0214647
2.18227
1.50811
0.0220036
6.18431
8.00341
0.0219305
0.0219322
0.571452
0.0375747
1.57036
1.52553
0.022095
0.0427766
5.00639
0.0226104
0.0476403
0.0677076
0.0336514
3.0106
0.19529
0.0233115
0.228258
5.46972
0.0452722
3.08502
0.0219116
0.0215473
0.0222675
0.0420288
4.98411
0.0220656
0.0329334
15.1617
2.68805
0.0222177
0.0296398
1.977
1.56839
0.0222247
9.33591
0.0332979
0.0864444
0.0341771
0.0230346
0.0257922
0.0219487
0.0219616
6.13567
0.0219334
0.0519526
0.0219824
4.91866
0.023299
0.0239379
0.0215861
0.0236919
0.0219831
0.0411073
5.24205
0.907463
0.0376207
0.042207
0.0219673
0.031511
0.0509323
2.25452
5.30399
0.0218302
0.890299
0.0220227
2.30154
1.41589
5.0941
0.0218268
0.105984
0.0696231
5.98424
0.237002
0.0218403
2.54694
0.324195
0.0377516
3.05855
0.022163
0.0219869
0.0391457
3.4875
0.0219196
7.00164
0.0338363
2.3265
0.0893773
0.0223761
2.18537
0.0279316
0.0220813
0.261973
0.0219179
2.80065
10.3826
0.154753
0.0274831
0.152112
0.0219258
0.101039
0.0437315
9.62217
0.0220045
0.0216145
0.0267003
0.0293355
0.042396
1.88778
3.6925
0.0356845
0.226006
0.0218012
3.25544
5.78568
0.180974
0.0219173
0.0222602
0.0231391
2.75331
0.0220447
0.0261233
2.38028
0.0811606
0.021972
0.264514
0.0763564
0.0219877
0.024997
0.117521
1.54837
0.0685493
0.0427516
1.99394
1.52453
0.393002
0.0265004
0.0220962
0.0242744
0.0245998
0.136896
0.0557469
0.0272279
0.0748945
5.45362
0.0240255
0.0219951
4.89719
0.282998
1.72741
0.177025
0.0255842
0.0236674
0.0235261
0.0217571
0.0218783
0.0424437
0.0215433
0.0228814
0.0220178
0.0228816
0.0234669
0.021947
0.0384253
0.0357168
0.0220644
0.0219341
0.022119
0.0226965
0.0223091
0.245499
0.0220573
0.0233737
1.43737
0.0216875
0.023149
0.0222237
0.0269504
4.88057
10.1192
2.5679
3.01137
2.94798
0.197912
0.0218723
0.0575564
0.0219801
0.645471
0.0230798
0.0292055
0.0221521
0.052754
0.0219597
0.030452
0.0217808
2.4852
0.161192
0.0220785
4.46507
2.75209
0.0221262
0.0870613
0.0219512
0.0215904
7.28375
0.0220975
0.063692
0.190219
0.022105
0.0215498
0.0709746
1.66522
0.0249368
0.0233394
1.47909
0.0219439
3.84908
0.0488741
9.06576
0.0216666
1.5489
0.0219112
0.0221347
0.228537
0.0568357
2.32696
1.75154
6.65183
2.7586
0.16347
0.135076
0.0220461
0.130925
0.021999
0.0218198
0.0923587
0.0219094
0.0219831
0.0215987
0.0216093
0.0543274
4.61954
1.49835
0.392193
2.68447
0.0234483
0.030189
0.0227665
0.0226864
0.0722546
0.0220104
0.0217225
0.0218098
0.0235761
0.0231101
0.201561
0.0787595
0.0453272
0.0221087
0.0541106
0.0551702
2.01003
5.27338
0.0246028
0.0383978
0.0220884
11.88
1.62708
0.0219192
0.0219336
0.0243133
0.0222129
0.569449
0.267977
4.62939
0.0220976
3.50668
0.022068
2.69257
0.0490964
0.0218103
0.0278766
3.40809
0.0268388
0.0276065
0.029486
0.079617
4.48531
0.0217553
0.0219153
0.0277763
0.156351
0.0218526
1.99105
3.53358
0.0219487
0.0214181
6.17782
0.0623327
0.0219176
5.00075
15.5115
2.22375
3.6607
0.0275591
1.95941
0.0220711
4.74551
3.05286
0.835563
0.0619413
0.0237758
5.21781
0.0248586
0.0218674
0.0214467
0.478444
0.0216302
5.40394
0.0226139
0.0221253
0.0249144
1.50903
0.0237383
0.0227361
0.0220735
9.65659
4.04767
11.2372
1.61413
0.040628
0.0219206
0.0240621
0.225502
0.108998
0.0219874
0.0479878
0.189733
3.80485
0.0219288
4.0284
4.81404
0.0370064
0.0220629
0.0236925
0.0219516
0.0217306
0.0219387
0.0220317
0.0221579
0.0954134
0.0220953
0.117346
0.0225445
0.0226351
5.07909
0.065659
0.0233867
0.0227247
2.18293
0.02155
0.0227538
0.0258984
0.0218147
1.67091
0.0305238
0.0226891
0.0439621
0.0219375
0.026955
0.0218092
0.137688
0.0218193
0.0218989
6.42258
0.023468
0.176093
0.0324981
0.0236889
0.0791873
0.0214039
0.022088
0.0225837
5.3191
0.0236985
0.0219169
1.91766
0.0219626
0.0216183
0.021884
0.656214
0.0318706
0.129842
0.0332615
0.0305378
0.0493115
0.0237465
0.0269254
0.0471145
2.28628
0.0222103
0.0281886
0.0217936
0.250262
0.197789
0.0219046
0.0285341
2.89242
0.0297013
0.0215418
7.39314
0.0256841
0.0807472
2.36238
0.0279685
0.0218875
0.0289628
0.0219182
0.0241655
0.0219052
0.0232481
0.0257536
0.0219701
0.0220681
0.0316642
0.0221202
0.0892275
0.0218956
0.0236405
0.0219225
0.0291249
1.55233
0.0220522
0.0219734
0.0970982
0.0230866
0.0219298
0.249399
5.91694
2.96218
0.022043
0.0243206
0.0341078
0.0222447
0.022125
0.032933
0.185681
0.0215312
0.05237
0.0219614
0.0218898
0.021748
0.0215218
0.0227663
0.0421383
0.0331207
0.026547
1.67861
0.0240563
0.0278453
0.0217175
2.1147
3.5471
2.5237
0.0220199
0.045714
0.0279058
0.0219898
0.02212
0.0409606
1.53554
2.39132
0.0219184
0.0272429
8.56915
0.0227174
0.1764
5.22076
1.62251
0.0287812
0.0219785
0.0377757
0.0427169
0.14792
11.1423
8.09714
1.57612
0.0226634
0.0221737
0.0219219
0.101195
0.0219059
0.0216821
0.0368865
0.0219037
0.0218649
0.0218775
0.0515801
0.0219441
0.0217757
0.0219724
2.40309
0.0215379
0.0220121
0.0221066
0.0225653
0.0219389
0.0712731
0.066036
6.52034
0.021576
0.0280525
0.107385
5.37718
2.38784
0.0221889
0.0222752
0.0515564
0.0942341
0.0256671
0.360547
0.0219299
3.83253
0.0222781
1.48029
0.0227542
0.0219133
0.0429851
0.0219371
0.0219743
0.022685
0.701491
0.0243138
0.0224175
0.0221782
0.0219528
0.0388031
0.0219518
0.0219178
0.0257614
0.101303
0.0241739
0.0218559
1.47103
6.46709
0.0219658
0.807149
0.022143
0.0296113
0.0737587
0.20278
0.0233613
0.0229149
0.0220521
0.261854
0.0281914
0.0221606
0.0219028
0.0231601
0.146884
0.0220759
0.0339628
0.0237811
0.0347362
0.0500654
0.0369077
0.087524
3.59116
0.0248423
0.0220388
6.83531
0.313403
0.0219306
0.0214862
0.0220633
0.0219615
0.0219071
0.0238104
0.0216695
0.0220786
4.72707
1.55349
0.0314394
0.0219341
3.1248
0.0237646
0.0216982
5.92325
0.0236705
0.0216442
0.0220943
0.0220369
0.0357607
0.0220312
0.0540964
0.0219213
0.0217795
0.0219444
0.0316925
0.0349467
0.0218938
0.0549122
1.49765
0.0231039
0.0218925
0.0602866
0.0217097
0.0219833
0.0218606
0.0298406
0.022052
4.65981
0.0222862
0.231296
3.14783
0.0546639
0.0232694
0.0222445
0.0220156
0.0219384
0.0292375
0.157616
0.112187
0.0218074
0.0237582
4.98805
0.0215815
0.168143
0.0219653
0.0231519
0.0305298
0.061001
0.0219567
0.0329226
0.027927
0.0577723
1.446
7.87344
0.0218658
0.0219269
0.0323786
0.0227608
0.0225981
0.0487651
0.0226809
0.0969881
0.0217808
0.0689502
0.022106
0.0795779
0.0556768
1.47015
5.18608
0.0219221
0.0379065
0.935494
0.202861
0.021591
0.0217754
0.12448
0.021942
0.0219252
0.0217398
0.0215091
0.0699377
0.0703754
20.3152
0.02202
0.04308
0.022255
0.0215832
0.0230051
1.72786
0.162726
0.0219131
0.0221002
0.0218377
6.78183
0.022007
0.0219321
0.022428
0.021945
0.0427714
0.0218337
1.8486
0.0219858
0.0225694
0.0223258
0.0218904
0.0217374
0.0220074
12.1798
0.0217806
0.0219392
0.232369
0.021882
0.0220425
0.0221115
0.0221559
0.0527689
0.0219036
0.0219748
2.46929
0.0235182
0.0220381
0.0222312
0.0215162
1.55961
0.0229298
0.0221789
0.0218991
0.0258069
0.0219689
5.05037
0.0217942
0.0220107
6.23582
0.0219768
0.0608251
0.0221592
0.0214074
0.0215034
0.0304519
0.0369927
0.0218411
0.0222862
0.023959
0.0219049
0.0221106
0.0220743
0.0218698
0.0217478
0.0218161
5.8738
0.0219589
0.0218357
1.89527
0.0219372
0.0265897
0.120363
1.60071
0.0218136
0.0220459
0.0219595
0.0216322
0.0228992
0.038435
0.0238296
0.036245
0.0217636
0.0253996
0.0219734
0.021471
0.0279513
0.0576135
0.0234737
0.0288755
0.0220261
0.0219591
0.0221201
2.2685
0.0234844
0.0220116
3.85111
0.0229372
2.56783
0.0220632
0.0219331
0.0217312
1.58842
0.021933
0.0248841
0.0229148
0.0220724
0.0219654
0.0220882
0.0220035
0.0241849
0.0218999
0.0386478
0.0222479
0.0384213
0.0214946
0.0216282
0.0238503
8.36296
0.0221482
0.0220483
0.0225569
0.0219243
0.0240214
2.06601
0.0226998
0.0270487
1.93872
0.617492
0.0226548
0.0227038
0.145282
0.0890478
0.0231299
0.0221146
0.0218782
3.95288
0.0226182
6.17763
0.0216889
0.0215367
0.0221045
0.021906
0.0231368
0.0215813
0.0219876
0.0222651
0.0579501
0.0237203
0.0225174
0.0216238
0.347513
0.06155
0.0215089
0.0221043
0.0233928
0.022239
0.0220585
0.021585
1.47584
0.0215978
0.0219284
0.0660727
0.0215749
2.0775
0.0218216
0.0426891
0.0271644
0.0219685
0.0215346
0.0219212
0.0221648
0.0220429
0.0217713
0.0216143
1.87097
1.62077
1.87665
0.0216078
4.69876
0.0219578
0.054374
0.0219197
0.0219238
0.022109
5.83343
0.0219474
0.0219066
0.0221259
0.0219545
1.5454
0.0219277
1.75071
0.0214445
0.0224832
2.54969
4.89522
0.0219827
0.0219571
0.0266959
0.0220162
0.139586
0.0217503
0.554877
0.0217633
0.0352067
0.0221391
0.0218152
0.0219425
0.0219477
0.0231263
0.021873
0.0306117
0.0345227
0.118052
0.0217339
4.16377
0.0218955
12.709
0.0219096
5.55505
1.11533
0.0217474
0.0219097
0.0215942
0.0218592
0.0220437
0.0220249
0.0215829
0.0224869
0.021438
0.0860686
0.0221106
1.50067
0.0215747
0.0215286
0.0219256
0.0219202
0.022645
3.79768
0.0229993
3.02379
0.0215409
0.0221188
0.034528
0.021581
0.14071
0.0231747
0.0219297
0.0393062
0.021504
0.0219716
0.0224055
0.0217032
0.0286205
0.0397145
0.0216322
0.0221124
0.0220457
6.51473
0.0233755
0.0215798
4.73543
0.0510756
0.0216219
0.021918
0.152657
0.0227994
0.0214363
3.78189
0.212196
0.0228092
0.0214426
0.0222398
0.0350949
0.0215655
0.172841
0.0216139
0.0216768
0.0407522
0.0522205
0.0216079
0.0216084
0.0215031
0.0217301
0.021742
0.0408101
0.0219701
0.0217497
0.0221111
0.0218468
2.97775
0.0222722
3.04233
0.0261769
0.0276463
0.0221421
1.76478
0.0219067
1.90266
0.0215275
0.0219596
0.455637
0.0219721
0.022782
0.0216536
0.0247077
0.0217035
0.0268371
0.021566
2.63021
0.0221584
0.0215734
0.0215332
0.0215718
0.100906
0.0217762
3.89135
0.0219166
0.0247682
0.021498
0.0220167
0.208578
0.0219994
0.107448
0.0218148
0.0230303
0.022123
0.0221329
0.022416
0.0219171
0.0219823
0.257165
0.0215697
0.0219471
0.0225151
0.022057
0.022054
0.0325662
0.0218606
0.0219173
0.0218479
0.0216194
0.0217615
0.0219961
10.4985
0.189077
3.19201
0.0214334
0.0235761
0.0221258
0.0263233
0.116596
0.222587
0.0317392
0.0215674
0.021978
0.0219551
0.0221438
0.0221145
0.0219115
2.40467
0.0503968
0.0219285
0.453547
0.0221369
5.80692
0.0219626
0.0218918
0.021803
0.0215636
0.021481
0.0218357
0.0216569
0.0217899
0.04147
0.0228893
0.0219165
1.76571
0.0215637
0.0227104
0.0219865
0.0215974
0.0219242
0.299874
0.0217862
6.73496
0.0219091
0.0215942
0.0350993
0.0218774
0.0272046
0.075897
0.0216713
1.4973
0.0705387
0.0216026
0.0225939
0.0215253
0.241256
0.0216105
0.0275583
0.0229456
0.0217854
0.0217263
0.0218281
0.0219452
0.0224452
0.0217516
0.0223692
7.36143
1.82625
0.0229212
0.0219638
0.237198
0.0314907
1.99609
0.0218018
0.0218845
0.0219641
0.0223209
0.0219311
0.021622
0.0215922
0.0219746
0.0419521
0.0216563
0.0220137
0.0258963
0.0219876
0.0296594
0.0220419
2.50623
0.0218679
0.0219262
0.0231009
0.0401247
5.22032
0.0219044
0.0221554
0.0218788
0.0220968
2.13172
0.0224593
0.0219331
1.44959
0.0218274
0.0219962
5.0573
0.0220529
0.0218562
0.0214683
0.0219176
0.0217855
0.0220011
0.0350982
0.0217894
1.53482
0.0220987
0.0236845
7.03914
0.0219487
0.0216423
0.0220621
0.0214388
0.0216132
1.94602
0.0219716
0.0220105
0.0224802
0.021875
6.85188
0.0218067
0.125559
0.0217146
0.0657545
0.164542
0.0715982
2.36601
0.0265414
0.0348433
0.0283335
0.02188
0.0219915
0.0231971
0.174269
0.0573475
0.0215187
0.0220078
0.0219715
0.0217468
0.0216006
0.13488
1.53059
0.156702
0.0222782
0.0221622
0.0306728
0.0220108
0.0220463
0.0219045
0.0220152
0.0219465
1.28219
0.0230406
0.0223292
0.0215027
0.0633653
0.021636
0.0220728
0.0217205
0.0215525
0.0219037
0.0220476
0.0481354
0.0217786
0.0255052
5.17965
0.0216657
0.0221047
0.0216693
3.82389
0.0215225
0.0217685
0.0452901
0.0219818
0.0710098
0.0217709
0.0215267
0.0225479
2.44682
0.0222525
0.0220939
0.0216789
0.021777
4.2816
0.023096
0.0217358
0.155451
0.0219113
0.0217618
2.06926
0.0222936
0.0222941
0.022293
0.0222925
0.0222919
0.0217334
0.023479
0.0231277
0.0708826
0.0215769
1.93524
5.21639
0.0312771
0.0219037
0.0218026
0.0219035
0.0220347
0.0217777
0.0221339
0.0217393
0.161695
0.0219257
0.0217893
0.0217513
5.82748
0.0219536
0.0221346
0.022019
0.0219563
0.0218971
0.0217852
0.0226573
0.0233534
0.0221586
0.0228197
0.0230959
0.0222364
0.0223564
0.0224885
0.0219766
0.0222858
0.0215422
0.0217891
0.0217025
0.0225519
0.0217889
7.13644
0.0218677
0.021846
0.0219305
0.0214196
0.0229953
0.0219748
0.0220045
0.0219238
4.95823
2.35461
0.0215613
0.0217836
0.139106
0.034604
1.82958
0.0218348
0.0241613
0.0349866
0.021551
0.0221516
0.0219621
0.0221975
0.0219215
0.159266
0.0289924
0.0337941
0.0219552
1.60714
0.0221245
0.0220777
1.45013
1.92766
0.0217183
0.0218668
0.0222615
0.0228758
0.0219187
0.0219963
0.0218407
0.023681
0.0215585
0.128906
0.021782
2.21924
0.0217904
0.0220131
0.983016
0.0228152
0.0218188
0.0224139
0.0218879
0.0220247
0.0277297
0.022168
0.348963
3.62505
7.52843
0.0217654
0.113164
0.0218772
0.0220946
0.0219801
0.0218444
0.0217071
0.0219963
1.97614
0.0218114
0.0219323
0.0215949
0.0218444
0.02189
0.0215696
0.0225274
0.0219835
0.0217216
0.0219416
0.0220275
3.65768
0.0219327
2.34882
0.0222944
0.0219766
0.0217738
4.65826
1.54536
0.0215926
0.0216455
7.92362
0.0453595
0.0219364
0.0220268
0.0298472
0.0217777
0.0219232
0.0217832
2.26225
0.0220907
0.0220546
0.0222839
0.0218924
0.0219245
4.39465
0.021742
0.0216831
0.0218066
0.0220776
0.021921
0.0218934
0.0219511
0.0219253
9.01432
0.0221024
0.0220063
0.0216762
0.0309423
0.0217137
0.03265
0.0220386
0.0216787
0.0219517
0.0217826
0.0218831
0.0219584
0.0221211
0.0216254
0.0217837
7.74029
0.0219679
0.0334807
0.0219709
0.0219049
0.0216397
0.0218524
0.0307365
0.022019
0.021517
0.0219269
0.0219129
0.0241134
0.583937
0.0217381
0.0214849
0.0220316
0.0220584
0.0219973
0.154594
0.0217943
0.0220047
0.0318222
0.0217528
0.0455348
0.0218366
4.03762
0.0219367
0.0217812
0.0220533
0.0218564
0.0219497
0.0255722
0.0218706
0.0220235
0.0219079
0.021983
0.0221246
0.0217421
0.0218901
0.0216517
8.50194
0.0219742
0.0222321
0.0818465
0.0238541
0.021794
0.0215503
0.816908
0.0226599
5.02786
0.0217955
0.0930241
0.022284
0.0239483
0.021535
0.0220293
0.0219146
0.0217623
0.0219209
0.021917
0.0219524
5.02843
0.0214156
0.0220392
5.43171
0.0221212
0.0216162
0.0222337
0.0219237
0.030371
0.0216999
0.0305341
0.0218624
0.0221209
0.0221252
0.0221281
0.0218375
0.0219617
0.0243175
2.41422
0.0221325
0.0221303
0.021846
0.0220063
0.0216076
11.3776
0.0229266
0.0219998
0.0218954
0.0215835
0.0216962
0.0267989
0.0217918
0.0214646
0.022066
0.0219723
0.0214932
0.0225259
1.25286
0.0220863
0.0218119
0.0222299
0.0220081
0.0220425
0.021453
0.0220724
0.0220255
0.0220735
0.0221388
0.0214985
0.0219117
0.0220213
0.0219355
0.0221562
9.11097
4.74819
0.0220562
0.0233853
0.0218515
0.0255375
0.105448
0.0215903
0.0217955
0.0270756
0.0227362
0.0310055
0.021986
0.0219396
0.0219415
0.0219864
0.0215974
0.0218577
2.27305
0.0332462
0.0215668
0.0242353
0.0224071
0.252789
0.0216628
0.0216285
0.0215196
0.021735
0.021908
0.079514
0.0218421
0.102751
0.0432503
0.0243052
0.0218668
0.0220824
0.0218447
0.0219093
0.0222703
0.0218951
0.0218799
0.0294382
0.0220458
0.0218243
0.0221604
0.022034
0.0219758
0.0220091
0.0219876
0.021731
0.0220106
0.0218966
0.0220287
0.0220153
0.0339387
9.41277
0.0326042
0.02172
2.81842
0.022044
0.0216808
0.0590154
0.02225
0.0218805
0.0218852
0.0218987
0.0219399
0.0216667
0.0220308
0.0224306
0.0219176
0.0218927
0.021794
9.71365
0.0217754
0.0219005
0.0293077
0.0217654
0.0217523
0.0219834
0.022293
0.0221484
23.2031
0.0218825
0.0416275
0.0219724
0.0420055
0.125382
0.0214515
5.21223
0.0219494
0.0219639
0.0217112
10.4855
3.12021
0.0215893
0.0275196
0.0221212
0.0229759
3.59571
0.0242742
0.0219526
0.0215934
1.10036
0.0219725
0.0228926
0.022009
4.38788
0.0219357
0.0215271
0.0217682
11.6528
0.0217964
0.0219789
0.022002
0.0216725
0.0220137
0.022089
0.0219985
2.63412
11.4015
0.0219957
0.0233905
0.0245775
0.0754105
0.0217189
0.173889
8.99308
0.0215581
0.0216439
12.9036
0.026635
0.0220153
0.0217994
0.0222929
3.09431
4.65402
0.022163
0.0221376
0.0225849
0.0220389
0.0219767
0.0224234
0.0222561
0.0220474
0.0219163
0.033045
0.0215246
0.023398
0.0224712
14.748
0.0215564
0.0220584
0.0218318
0.0225149
16.6012
0.022129
0.0539707
0.0225863
0.0219944
4.41052
0.0220786
5.63631
12.739
0.0218299
0.0221215
0.0219209
0.0224269
0.0219982
0.0218356
0.0271069
0.0214315
0.396002
2.11986
1.51447
0.0220002
0.024689
0.0219461
0.0215671
0.0219958
0.0221429
2.21371
0.0220841
0.0220794
0.0218133
0.0221383
0.022182
0.0221638
0.0219998
0.021995
0.0221053
0.0215162
0.0952636
0.0225378
0.0702455
0.0220854
0.0218856
0.0218754
0.0220285
0.0216952
0.0220466
0.0225499
0.0244871
0.0216796
1.52946
0.0220974
0.0960489
0.0219205
0.0218906
0.0748079
0.0289409
0.0219249
0.0219816
0.0220307
0.0219275
0.0216044
17.8227
0.041089
0.0218903
0.021533
0.022115
0.0219975
0.0885327
0.0219937
0.0214876
0.0220433
1.35003
9.2581
0.0216908
0.0218281
0.0219745
0.0219515
0.0232754
5.92276
0.029433
0.0657686
0.0215915
0.0397347
0.122605
0.0221007
0.0222377
0.143775
0.0226378
0.021647
0.184436
0.0236435
0.0230421
0.0217858
0.0488121
0.022034
0.0219968
0.0606619
0.0219674
0.0235861
0.0219806
0.0706373
0.0215141
0.0219961
4.63851
0.0259799
0.0221273
0.0307118
0.0216156
0.0284463
0.0250882
2.52306
6.02399
0.0222236
0.0217118
0.0322013
0.021998
3.70455
1.43863
0.0220821
0.0220545
3.01164
0.0216363
0.0221395
0.0497232
2.81534
0.0623254
0.0216425
0.0219372
0.0218885
0.0217967
0.02172
0.0220313
0.0390965
0.0220273
0.0214972
0.0218773
0.0219593
9.40052
0.0321208
0.0221831
0.0233483
0.0215317
0.0220957
0.0286343
0.0220527
0.0366598
0.021894
7.52753
0.0214828
0.0217818
0.0369492
0.02218
0.0220983
0.0221924
0.0249638
0.0215195
0.0225457
0.0215628
0.0218805
0.0216863
0.0231568
0.0219902
0.0219109
0.0220653
1.62216
0.0371082
0.0215819
0.0219232
0.0219247
0.0215166
0.0577432
0.0641487
0.0218584
0.0220431
0.0218124
9.47678
13.7984
0.0220641
0.0215888
0.0215467
0.0216114
0.0222179
0.0218721
0.0217729
0.0218404
0.0407874
0.0219213
1.19396
0.0220269
0.021828
0.0220173
0.0574074
0.0217199
0.0372374
0.0217842
0.021951
0.0219229
0.0304943
0.0220113
2.91655
0.021988
0.0222927
0.0220112
0.0217146
0.0302198
0.0225708
0.0218491
0.0215791
0.0220892
0.0220063
1.58461
0.0482061
0.0220739
0.0867591
0.0218205
0.0221405
0.0255687
3.47146
0.0220167
0.0222335
0.0293357
0.0262542
3.19745
0.0216224
0.0218658
0.0640919
0.0512844
0.0214221
0.0221147
0.0221746
0.0217731
0.023409
0.0219292
0.0219078
0.0265592
0.0215095
0.0447439
0.0217748
0.0218178
0.021938
0.0218271
0.0216527
0.0220495
0.172064
0.0222521
0.0218437
0.0217458
0.0216848
0.0218118
0.0219172
0.0317413
0.0537729
0.0216949
0.022201
16.9571
0.0553384
0.0609917
6.71638
0.021916
0.0217423
0.0217061
0.021709
0.0561321
0.0221226
0.101443
4.50527
1.65173
0.0220471
0.0222759
0.0215682
0.0222382
0.0219756
0.025992
0.0222631
0.0260001
18.0631
0.0218078
1.15482
0.0253975
2.34366
0.0220648
0.0217525
0.0217038
5.20775
0.021794
0.0222589
2.14183
1.63879
0.0219182
0.0218482
0.0223073
0.0216387
0.0217797
0.0538522
0.021778
0.0218293
0.0261381
0.0220957
0.0218059
0.0216036
0.988168
0.0219279
0.0221297
0.0219559
0.0558484
0.0217651
0.022011
0.0277097
0.0234518
0.0218685
0.0635847
0.035441
0.023953
0.0502101
0.0230606
0.0219966
0.021872
0.0217511
0.0216904
0.0218349
0.0221585
0.0221037
0.0260989
0.0221855
0.0219822
0.0505367
0.0457281
0.0219187
0.0215803
0.0220198
0.0220216
0.620025
0.0217317
0.0231262
0.0332728
0.383675
0.337299
0.0218568
0.0347242
0.0511197
2.45091
0.0218844
0.0219837
0.0225435
0.0218607
0.0222724
0.0218967
0.0412535
0.02143
4.82912
0.0219171
0.0219793
0.0217376
0.0219165
0.0220358
0.0222654
0.0220254
0.0221259
0.0222454
0.0219396
4.36313
0.0217669
0.0219373
0.463261
0.0220206
0.0220104
0.0469271
0.0219954
0.0220316
0.0268189
0.0221458
0.0218211
0.0222717
0.0219471
0.0218193
0.0219186
2.68823
0.0255323
0.0225901
0.0218815
0.0219021
0.0218695
4.91008
5.30227
0.022687
0.0220003
0.0219125
0.0241759
0.0219573
0.0297887
0.021915
0.0221956
0.0220408
0.592918
0.0378291
0.0217469
0.0349541
0.0219324
0.0301387
0.0221204
0.0216921
0.0221053
0.0221455
0.0217961
0.0217668
0.0218633
0.0221696
0.177911
0.0236296
0.0218598
0.0267053
0.0241739
0.0480618
0.0224952
0.0222526
0.0219528
0.023012
0.0218858
0.02235
0.0217057
2.71081
0.316206
0.0225548
0.0337533
0.0215294
0.0219566
0.0218913
0.0216973
0.0219094
0.0223125
0.0220945
0.0219926
0.0221607
0.284463
0.0239371
0.0217108
0.0219222
0.111416
0.0220159
0.0218697
0.0441011
6.2237
0.0219738
0.0218536
0.0219432
0.021821
0.0219584
0.153007
0.0218233
0.0217175
0.0219018
0.0220063
0.0221446
0.0221686
0.0216829
0.025945
0.021942
0.122769
0.0221777
0.0231838
0.0367801
0.0219893
0.0220933
0.0219193
0.0222941
0.0220884
0.0221364
0.0225624
2.63983
0.0220345
0.0217245
0.0491548
0.0220051
1.0964
0.129977
0.0219677
0.0220211
0.0220484
0.0217672
0.0220275
0.0217029
0.021987
0.0397713
0.0222926
0.0215928
2.79158
0.0222045
0.0220931
0.0222076
0.021793
0.0667357
0.0274158
0.0220757
0.0219479
0.0216553
0.0220372
0.0219317
0.0221077
0.0288821
0.0275475
0.0219793
0.0221535
0.0214529
0.0219798
0.0216574
0.0219231
0.0219905
2.88942
0.0231992
0.0219421
4.0181
0.022148
0.0220907
0.0222932
0.022109
0.0219608
0.0219354
0.0221234
0.0221644
0.0220216
0.0218294
0.0222849
0.0221413
0.0218948
0.0222937
0.0221342
0.0221747
0.0218895
0.0221744
0.0216688
0.0222865
0.0217824
0.0221243
0.0221204
7.29264
0.0220068
0.0220265
0.0218194
0.0353054
0.022045
0.0218935
0.0217624
0.0219244
0.0231037
0.022293
0.0221448
0.0217268
0.0222935
0.0221738
0.0221302
0.0227013
0.0222917
0.0222277
0.0218913
0.022293
0.0221047
0.13647
0.0218637
4.34116
0.0221494
0.0220573
0.0300761
7.0421
0.0226814
0.0219428
0.0220403
0.0215719
0.0221137
0.0220275
0.0217064
0.0266017
0.0217694
0.0219781
0.0221
0.0387528
0.0234197
0.0218052
1.69574
0.0477373
0.0218945
0.0218229
0.0220567
0.0231775
0.0219049
0.0236663
0.0244904
0.0217696
0.021505
0.0221352
0.0220239
0.0220864
0.0220757
0.0221867
0.0222497
3.40989
0.0219894
0.0220429
0.0221182
0.021677
0.0455878
0.0217171
0.0221568
0.0221747
0.0221283
0.022064
5.24516
0.0389982
0.0218459
0.0218031
1.44458
0.0217482
0.0221233
5.85164
0.169845
8.30378
0.022173
0.0221683
0.0389544
0.0225386
0.0219588
0.0218239
0.0217065
0.0219484
0.0218081
0.0219948
0.031323
0.0221058
0.0221272
0.0218479
0.0215184
0.0219952
0.0217073
0.0218669
0.022142
0.0215499
9.64398
0.0221786
0.0220182
0.0325643
0.0220382
0.0218492
0.0220612
0.23941
0.0217827
4.90159
0.0219758
0.0218231
0.0229836
4.76544
0.0220445
0.0220315
2.02003
0.0221982
0.0230176
0.0220134
0.0219104
0.0322344
0.0216693
0.0283019
3.70411
0.0219338
2.3338
0.0222419
9.00637
1.19136
0.0847564
0.0222428
0.0218913
0.0213978
0.0221274
0.0218382
1.94759
2.46219
0.0216618
0.0221751
0.0709357
0.0218823
0.0222359
1.00942
0.0218781
0.0222757
0.021926
0.0415208
0.0949399
0.0218455
0.022808
0.0220809
0.0219893
0.0216944
0.0949802
2.32412
0.0233988
0.0256668
0.0219245
4.03701
6.20557
0.0220584
0.0219119
0.0221995
0.0217035
0.0220228
0.0220317
0.0221968
0.0225297
0.0214137
0.0309909
4.40059
2.57119
0.0221427
0.0221822
0.369226
0.0221615
0.0223122
5.76845
0.0221556
4.52481
0.0257554
0.022181
0.0219168
0.027044
0.0217535
0.192833
0.0221995
5.56817
5.0182
0.0220024
0.0222002
0.0221211
4.83211
3.02853
0.0214836
5.23408
0.0219684
0.0222301
0.0217884
0.0216774
0.275834
0.0267342
0.0218326
0.0221606
0.0244387
0.0218072
0.0220082
0.022223
0.0221411
0.0218543
0.0216728
0.0778385
0.0222256
0.0214817
0.0623996
0.0221786
0.022203
0.0221382
0.0221266
0.021449
1.54937
0.0224359
0.0266309
0.180202
0.0221905
0.0220908
0.0215769
0.0221718
0.0221901
0.0544957
0.0266051
0.0216546
0.0217141
0.0222029
0.0217249
0.0222289
0.0257337
0.0219751
0.0222081
0.0221171
0.0222072
1.58937
9.76965
0.0216282
0.0226537
0.0218297
0.0215499
0.0786012
0.030857
0.0221522
0.0221865
0.0217373
0.0219599
0.0220706
0.0219503
0.0214474
0.0239979
0.0222435
0.0222153
0.0222086
0.0221615
0.0219926
0.0216812
0.0221521
0.0217452
0.0219996
0.0216561
0.022151
0.0222194
0.0556444
0.0215302
0.0221149
0.0217746
0.0221539
0.0220238
0.0221426
0.0226533
0.167061
8.85649
0.022091
0.0224477
0.0220461
0.0218324
0.0222454
0.0216695
0.0216846
0.0219213
0.021983
0.0237389
0.022246
0.0221992
0.0219136
0.02193
1.63642
0.0222325
0.0219546
0.0216361
0.0218402
0.0217888
0.0215421
0.0253676
2.3303
0.0220993
5.08689
0.02208
0.022373
0.0221106
0.0217368
0.0452504
0.0221346
0.0220572
0.0219203
0.0242991
0.0216553
0.0219631
0.0221842
0.021897
0.0216557
0.117372
0.0220525
0.0217238
0.0219533
0.0217475
0.0218161
0.123468
0.0218794
0.0239929
0.0221079
0.022081
0.199658
0.0225214
0.0215946
0.0219242
0.0217577
0.0217834
0.0221721
0.022118
0.0216706
0.0246481
1.96335
0.0221933
0.0218299
0.0215521
0.0218807
0.022227
0.0220148
0.0220723
0.0222132
0.0796246
0.0214803
0.0218916
0.0214637
0.039127
0.0222192
0.0221787
0.0218794
0.0221079
0.0222225
0.0216188
0.0216564
0.0218643
0.0216019
0.0218672
0.0220255
0.0216226
0.0215847
0.0221651
0.0222272
7.77395
5.51604
0.0220642
3.78123
0.0220305
2.37268
0.0222319
0.0219734
0.0500097
0.0220346
0.0219094
5.11438
0.0218015
0.0217724
0.197685
0.02177
17.069
0.022403
0.0221316
0.0221857
0.0217882
0.0216637
0.0223969
0.0218021
0.0221568
0.0218389
0.0221552
0.0221361
0.0218
0.0217743
0.0222996
0.0223184
0.0221579
0.0219042
6.59205
0.0220103
0.0411464
0.0221506
0.0222105
0.021562
0.0217604
0.0488995
0.0221066
0.195775
0.0217383
0.0221292
0.0219302
0.0217799
0.0219676
0.0221952
0.0289284
1.98013
0.0219414
0.0869795
0.0220689
0.0215481
0.0220566
1.6947
0.0219152
0.0217467
0.0223032
0.0219359
0.0638522
0.0310048
0.0220568
0.0219101
0.0218637
0.0219535
0.0217376
0.0219265
0.0221649
0.021853
0.025456
0.022057
0.0219611
0.0220134
0.0220838
0.0221504
0.0220873
0.0220937
0.0218594
0.021829
0.0218366
0.0219499
0.0221301
0.0219694
0.201117
0.0219882
11.7653
0.0217218
0.189813
0.0219851
0.0218552
1.73637
4.61293
0.021874
0.0217394
1.59977
0.0219043
0.0220573
0.0431044
0.0246802
0.0220868
0.0249068
5.0356
0.0220161
0.0324945
0.0222002
0.0220006
0.0221725
0.0220893
0.0220318
0.0222212
0.0222425
0.0219984
1.1617
0.0215018
0.0225644
0.0220724
0.0369919
0.0218534
0.0222119
5.23287
1.5078
0.0221369
0.0222072
0.0242441
0.0215198
0.0216901
0.0219256
0.0220595
0.0261127
0.0219173
0.0214969
0.0221159
2.4287
0.0220948
0.0220405
0.028583
0.0220766
0.0222227
2.86805
5.87819
0.0214851
0.0221878
0.0218751
0.138311
0.0221495
0.0214775
0.0216506
0.0217977
0.0219872
0.0220462
0.0220477
0.0222857
0.0218551
0.021885
0.0215765
0.0214997
0.0218013
0.0220694
0.0214624
0.0280575
0.0217327
0.0222847
0.0220227
3.66255
0.0216496
0.0218137
0.0217781
0.022081
0.0220238
0.0217935
0.0220922
0.0221997
0.0220588
0.0221434
0.0216753
0.0220526
0.0220448
0.0222179
0.0216262
0.0221847
0.0214673
0.0217055
0.0218015
0.021926
0.0221595
0.0221634
0.0221027
0.0218612
0.021967
2.12481
0.0219255
0.0219635
0.022001
0.0221255
0.0218659
0.0274951
0.0250736
0.0310947
1.84493
0.0656229
0.0219798
0.0214908
0.0217138
0.0221763
0.022196
0.0227095
0.021692
0.0220892
1.42075
0.0220589
3.57769
0.0215262
2.66556
0.0220739
0.0223198
0.0216785
0.0216209
0.0221819
0.0215397
0.0219588
0.0219708
0.0217757
0.0277984
0.351999
0.0221477
0.0219202
0.0217196
0.0221814
0.0378068
0.0220206
0.0219388
0.0221669
0.0219838
0.135201
0.0214355
0.0221845
0.0220307
0.0220404
0.0221665
0.0221874
0.0220604
0.0217649
3.43072
0.0220949
0.221672
0.0296508
0.0219339
0.021861
0.0218919
0.0219842
0.0232755
0.0222186
0.0222458
0.0440768
0.0220086
0.0221683
0.0218873
0.0409245
0.137746
0.0222251
0.0220011
0.0216799
0.0218573
0.0219821
0.0221808
0.0269738
0.0220684
0.02364
0.0346242
1.74828
0.0219626
0.0219408
0.0219491
0.0293801
0.0387979
0.0221605
4.72501
3.17103
0.0219565
2.61577
0.0219307
4.00364
0.0218905
0.021943
0.0220275
0.0216966
0.0220565
0.0221681
0.0219451
0.0221529
0.0222028
0.0232185
0.0219467
0.0221104
0.0214345
1.46007
0.0215758
0.0218426
0.0255483
0.0303429
0.0216843
0.022424
0.0220355
0.0217979
0.0221498
0.0216372
2.22414
0.0220488
4.9822
0.0219489
0.0221325
0.02238
0.0219041
0.0216465
0.0225393
0.0219253
0.0218382
0.0215872
0.0217482
0.0220282
0.0220481
0.0233304
0.0222048
0.0233532
0.0220148
0.0221156
0.0220027
0.0220956
0.0294625
2.32985
0.0220028
0.0215186
0.0219637
0.0221388
0.0218371
0.0218569
2.28896
0.0217925
0.0220091
0.0259757
0.0839808
0.122797
0.0219368
0.0215085
1.92381
0.022016
0.0215513
0.0341173
2.47731
0.0218445
0.0219194
0.0219519
0.0217094
0.0220025
5.46934
0.0422266
2.21459
0.021733
0.0249832
0.0221448
0.0218553
0.0215802
0.0214573
0.0216934
0.0218629
1.46012
0.0220094
0.136315
0.0218322
0.0216974
0.0220019
0.0219502
0.021813
0.0222673
0.0216822
4.00078
0.0222061
6.09374
0.0221184
0.0218664
0.0219744
0.0316011
0.0216842
0.0218496
0.0217166
0.0215518
0.0391599
0.0233615
1.83218
0.0218966
0.0218871
0.0214003
5.29594
2.40774
0.0218606
0.0218415
0.0222644
6.91801
0.0218596
0.0217101
0.0222241
0.0216773
0.137763
0.0217747
0.0218212
0.280648
0.02193
0.0219945
0.0219473
1.75911
0.0367804
0.0218101
0.0216762
0.0218913
0.0219544
3.41035
0.0218444
0.0221176
0.0218088
0.0219897
0.0260707
0.0218314
0.0219655
0.0217385
0.0218099
0.0222051
0.0234971
0.0326443
0.0219476
0.0218993
0.0220966
0.0221388
0.0219376
0.0220621
0.0219706
0.0222261
0.0218425
0.0219039
0.0242342
0.0223928
0.0219432
0.0224312
0.0221072
0.0221037
11.1725
0.022076
0.0224783
6.90678
0.021984
0.0221569
0.0219972
0.316804
0.0215404
0.0232151
0.0372189
0.0216644
0.0222538
0.0221881
0.213457
0.0220565
0.0219452
0.0218186
0.0221104
0.0220069
0.0787869
0.0257231
0.0241905
0.0218718
0.0217314
0.0221926
0.021848
0.021997
0.0216225
0.0225114
0.218001
0.0219148
0.0221127
0.559363
1.51246
0.0219369
0.0219759
0.0221021
0.0622111
0.0774572
0.0218947
0.0219209
7.94053
0.0219391
0.0219326
0.022093
0.0216873
0.0220857
0.0222282
1.66293
0.0221608
0.0221053
0.021907
0.0218311
0.0221281
0.880232
0.0218891
0.0218896
0.0218954
0.0331543
0.0221976
0.0218578
0.0219681
2.94067
0.0216422
0.0221436
0.0218198
0.0222057
0.0217261
0.0233566
0.0219626
0.021859
0.0219052
0.0651783
0.0221485
0.0222078
0.0221437
0.022062
0.0222271
0.0220665
2.84564
0.0220486
0.0627652
0.0222343
0.0217284
0.0222136
0.0222048
0.0216326
0.0217024
0.0216706
0.021816
0.145257
0.0266689
0.0218295
0.0460796
0.0214646
0.153748
0.0221362
0.0217196
0.0216672
1.19242
0.021727
0.0218283
0.0215349
0.0218285
0.0259767
0.0220629
0.0218732
0.0216696
0.0215799
0.0220146
0.0217027
0.0214831
0.613968
0.109463
0.0218181
0.0220628
0.0220612
0.0218257
0.0265075
0.0216146
0.0220737
0.0218289
0.0219439
0.0222466
0.0219097
0.0216503
0.0263702
0.0296444
0.0221673
0.0218208
0.0217903
0.0215992
0.022644
0.0219354
0.0221127
0.0219622
1.25149
0.0219698
0.0221128
0.0217566
0.0219269
0.0229529
0.021787
0.0217612
0.0218731
0.0216549
0.0214503
0.0297131
0.0218218
0.021944
0.0215946
0.0219735
0.0216548
0.0220556
0.0745418
0.0221864
0.021572
0.0225349
0.021938
0.0218867
6.11417
0.0217652
0.0218337
0.0216862
0.981371
0.021745
0.0219303
0.0348478
0.0353388
0.0214667
0.0222463
0.022219
0.0217539
0.0219607
0.0219302
0.0218362
0.0384918
0.0225202
0.0221075
0.0221203
0.0219866
0.0220477
0.0218319
0.0217051
0.0235677
3.41529
0.0219557
0.0219407
0.0219472
0.0216792
11.4524
0.0218968
0.0219438
0.0219844
0.0220953
0.0224402
0.0215
0.0218343
0.0219829
0.0224084
0.0219582
0.0219378
0.036745
0.0254843
0.0220794
0.0763714
0.0218231
0.0217549
7.20762
0.0218445
0.0220361
0.0219252
0.0221993
0.0219557
0.0217561
0.0222071
0.0217924
0.0218073
26.0428
29.1561
28.0956
3.16691
0.0216147
0.0218943
0.0217506
0.0219105
0.0227243
0.021774
0.0217207
0.0221442
0.0220741
0.0220637
0.0215164
0.0966996
0.0221283
24.4205
0.0221491
0.0221116
0.0221802
0.0695382
0.0217373
0.0218227
0.022128
0.0217555
0.0218788
25.6988
0.0218048
11.8788
0.224798
0.0218865
9.30405
0.0218355
0.0638262
0.0217493
0.02218
0.065424
0.0237805
0.022063
0.0221441
0.0218605
0.0220619
0.0218925
0.0218498
0.021754
17.4962
28.9867
26.3331
20.4772
23.178
27.2197
17.7755
13.8996
21.2087
12.3624
26.983
24.648
13.9156
28.5977
24.4137
27.3144
12.6784
30.3411
6.7916
21.6815
0.0221573
0.0217476
0.0215356
0.0653726
0.0217512
0.0216826
0.0218453
0.02224
0.0222264
0.0218839
0.0219979
0.0218319
0.0218254
0.021859
0.779654
0.0220032
0.0561158
0.0218806
0.0221388
0.0216396
0.0218897
0.0218335
0.0220245
0.0214366
0.0218432
0.0218777
0.0219221
0.0219256
0.0221816
0.0218637
8.1827
8.95424
8.43328
7.66289
6.62841
0.0219293
0.0222191
0.0650514
0.0221798
0.0218169
0.0218664
0.0217605
0.0221234
0.0218767
0.062589
0.0220784
0.0218347
0.021816
0.0219459
9.458
0.0218191
0.0219194
0.0218581
0.0215465
2.01327
0.0218902
1.65266
0.0386732
7.81204
0.0252864
0.042224
7.45429
0.0220106
0.0217237
7.57019
0.179934
1.82735
1.80272
0.0336205
0.0214849
0.02309
0.0216012
0.0218332
0.0215115
0.0217188
0.0217839
0.0221993
0.0222166
0.0575674
0.026716
0.0218563
0.0217124
0.0220761
0.0222398
0.0228395
0.0219142
0.0217713
0.0252881
0.0216959
0.0218809
0.0217211
0.0218737
2.37072
0.0217559
0.0222393
0.0221792
0.0220882
0.0216351
0.0220422
0.0221614
0.0216418
0.0221992
0.0218852
0.0216659
0.0219352
3.29404
0.0214948
0.021961
0.0216028
0.0535619
0.0219297
0.0219487
0.0222114
0.021848
2.53311
0.144079
3.3511
0.0216253
0.0218218
0.021815
0.0218623
0.0221306
0.0221005
0.0219682
0.0218364
0.021846
0.0218
0.0218264
0.0250463
0.0791981
0.0216342
0.0218839
0.0219342
1.43769
0.0218271
1.40649
0.0224976
0.0218363
0.0218286
8.6457
0.0216601
0.0219279
0.0220972
0.021931
0.0214299
7.61489
0.0215301
0.0221828
0.0520776
0.0220684
0.0219659
0.0300658
0.0408246
0.0216609
0.0218196
0.0224598
0.021878
0.0216852
0.050007
0.0220987
0.0218363
0.0224105
0.0216035
0.649732
0.0224433
0.0219723
0.0222355
0.0219207
0.0219913
0.722307
5.2466
0.021855
0.0219356
0.0220927
4.63352
0.0216628
0.0356707
0.0216406
0.02203
0.0216139
0.0218153
0.02196
0.0219537
0.0216647
0.0215988
0.0216686
0.0222182
0.0269341
0.0220727
0.02169
0.0215301
0.021707
0.0222619
0.0240652
0.0218131
0.021791
1.63687
0.0218144
0.0214159
0.0216764
0.0341517
0.021768
0.0214809
0.0213957
0.0468047
0.0220459
0.0217612
0.0220642
0.0216671
2.31438
8.08497
0.0241783
0.0213974
0.0222297
0.0217577
0.0220835
0.0219685
0.021948
0.0214971
0.0217974
0.0222937
0.0226265
0.0216777
0.0263581
0.0472144
0.0220407
8.47607
0.022008
0.0220991
0.0217673
0.0221312
0.0216497
0.0217206
6.10717
0.0227142
0.0215328
0.0217243
4.89127
0.0221428
0.0221817
0.045595
10.1054
0.0219356
0.021484
0.028905
0.172302
0.0216969
0.0219611
0.0440344
0.0216225
0.022003
0.0221614
0.0215342
0.0221692
0.0216631
0.0216817
0.0220074
0.0215435
0.119111
0.0222708
0.0320948
0.0409913
0.0221722
0.0220637
0.180348
0.0214464
0.0219805
0.0216699
0.022038
0.0214861
0.0218879
0.024992
0.0220491
0.0221747
0.0220081
0.0219548
8.9935
0.0218402
0.0218895
0.021965
0.243427
0.0217126
0.0221137
0.0222599
0.0219238
0.0456486
26.5389
27.085
0.0218312
0.0220349
0.0221942
0.0222485
0.0217635
0.0604812
0.0218693
0.317801
2.67031
0.0414469
0.0215313
13.3433
0.0220784
0.0222604
0.021535
0.0221171
0.0217335
19.9134
0.0222348
0.0393069
0.0437469
0.0214824
2.47687
0.0217182
4.25604
0.0215648
0.021738
0.0217535
2.67671
0.0278168
0.0219888
26.7418
0.0263535
0.0220068
0.0216788
0.0219405
0.0234188
0.0216976
0.0220729
0.0218756
0.0220959
0.0218421
0.0218895
0.0217687
0.0214816
0.022239
27.5632
25.8163
0.0219224
0.0222164
0.0223947
0.0221877
0.0229534
0.0217102
0.0218031
0.0219278
0.0218381
0.0221248
0.0215009
0.111489
5.05403
0.021825
0.0215634
0.0220069
0.0214963
9.66292
13.5096
0.0216695
0.0235162
0.0222557
0.0218817
0.171806
0.0218786
0.0217038
0.0220892
0.0234135
0.0221243
0.0216271
0.0215366
0.0219207
3.64285
0.0218877
0.0248142
1.46537
0.0287471
0.0219706
0.0216725
0.0218745
5.44465
0.0221635
2.69989
0.140195
0.0232391
0.0221079
0.0218743
0.0298177
0.022138
0.0216287
0.0309727
0.0221874
0.0230182
0.0220447
0.146269
0.0218914
23.6105
25.786
0.0220892
0.0218245
0.0318294
0.0220915
0.0218136
0.0220119
0.0221063
0.0218443
0.0219731
0.0216513
3.13698
0.0218399
0.0215456
0.0229118
0.0218817
0.0298459
0.0216764
0.021874
0.0215291
0.0219255
0.0220725
0.021845
0.0218327
0.0218984
0.0218495
0.0220253
0.021965
0.152893
0.0215308
0.0224348
0.0221285
18.1617
0.0350583
0.0216634
0.0250831
0.0218985
0.0397145
1.7066
0.0228592
0.0219379
0.0838563
0.0218419
0.0221615
0.0228841
0.0218825
0.0940706
0.021918
0.0226389
0.0219274
0.0218499
0.0220893
0.021646
0.0216591
0.021486
0.0216861
10.364
10.3281
0.0297365
0.0216912
0.0221792
0.0498502
0.0216346
0.0220019
0.0218609
0.10911
6.79534
0.0221976
26.6261
0.178983
0.0219256
0.021879
0.0214727
0.0712467
0.0218357
0.0218305
0.0220952
26.2655
0.0558541
0.0218877
0.0221457
0.0217722
0.0217462
0.0440055
0.0218169
0.0217203
0.0230009
0.0214812
0.0220455
0.0249663
0.0220935
1.18586
2.12329
0.162752
0.022053
0.0219479
0.0218082
0.0217007
0.0218655
0.106627
0.0218005
21.1042
0.025878
0.0219797
0.0217778
2.07079
0.0218457
28.1351
0.0719728
0.0232137
10.8718
0.0215626
0.0221373
0.022058
0.0218939
0.0221938
0.0391473
0.0240864
0.0640416
27.7391
28.4476
0.0221054
0.0221218
0.0329721
0.0237628
0.0218893
0.0220212
0.0225819
0.0217454
0.0219309
0.117268
0.0219955
0.0220742
12.0181
8.5803
0.0219488
0.0248651
0.151679
0.0221795
4.33706
0.0225554
0.0460112
0.0219009
12.4717
0.021806
3.2911
2.34357
0.0215258
4.30696
1.61931
0.160539
0.0222078
0.0215619
0.0335277
0.13742
31.0078
0.0218419
26.4494
0.0219797
0.0220434
0.114533
1.18651
0.021938
22.6273
4.379
0.021578
27.8742
0.0217746
4.676
0.0219206
0.0221324
17.3551
0.0219786
0.0218747
12.7535
3.62843
0.0218813
0.0242023
0.0220149
12.9736
0.031819
0.0218459
0.0219093
0.021526
0.0217101
0.0214321
0.0216636
24.4118
0.0215136
1.51031
0.0220734
0.0218049
0.0218442
0.0220592
0.0218614
0.022155
0.0220444
0.0225071
0.0765789
0.16171
0.0255157
0.0215715
6.21931
7.03644
0.0218708
0.0220816
0.0265986
13.2312
0.0222284
0.0278394
0.259509
0.91358
0.0370314
0.0348136
0.0221743
2.53192
4.72832
1.17794
0.0247604
0.085871
0.0220604
3.69291
0.0221858
0.0219297
0.0343168
0.0346105
0.021473
0.0218727
0.0218809
0.0220299
0.842821
0.022092
0.0219427
0.148682
0.0216371
1.63277
0.0218748
0.0250704
0.0217399
0.0346761
0.0221803
0.0221319
0.0220531
0.0252953
0.0217696
0.0218897
18.1193
0.0220197
3.91696
0.0218581
0.0219342
0.0220034
0.0217372
0.0350833
0.0218802
0.0219687
0.02219
0.0218541
0.1167
0.0218614
14.8132
0.0266946
0.0218719
0.0217675
0.0218555
0.0220159
0.0219188
2.33806
0.0257133
0.0222348
0.134263
0.0224186
0.0220511
0.0220302
27.7488
6.36859
0.0420534
0.780032
2.87063
0.0245199
0.191608
0.0221388
0.0218628
0.0221303
0.0540649
0.0219201
0.0216552
0.0947382
0.0259473
2.58236
0.0221561
0.0668078
0.0222098
0.0217506
16.633
0.436629
0.54725
0.0219509
0.0218467
0.0219836
0.0216536
0.0350719
0.0246568
16.4886
0.0218605
0.0223812
0.0215076
0.0222472
0.0215385
0.0217098
3.37714
0.02198
0.0223074
0.0220507
0.0298746
0.0219044
0.0460554
0.281318
1.71829
0.0217964
0.137816
0.025748
0.0222598
0.0257299
0.0219264
0.021888
0.02538
0.0221727
24.3882
0.0219178
0.0248503
0.167532
0.0219599
0.112556
0.0217462
0.155794
0.0223956
0.0218424
2.37485
0.0754287
0.0220672
0.0215646
0.0294773
0.0217747
0.03823
0.032296
0.0390539
0.0225621
0.0218175
0.0218538
0.0217015
17.4952
0.0221909
0.0214125
0.0219192
0.0416655
0.0286397
0.0217566
0.0222787
0.0223029
0.0217752
0.0220561
0.0220121
0.0220115
11.3902
8.27523
0.0235795
0.022285
0.0222837
0.0867725
0.0217711
0.0221776
0.0707914
0.0221388
0.0229727
0.0216359
0.0220171
0.0217788
0.0215522
0.0219917
1.92823
0.082072
1.19955
0.0337214
0.0219786
6.04111
0.0219942
0.0217505
0.0219172
0.0671616
2.83742
0.0217657
0.0329118
0.022187
0.0240942
1.46357
0.0217823
0.0221525
0.0221509
0.503773
26.7403
0.0244125
0.0454113
1.38689
0.0216826
0.0219222
0.0218435
0.0217136
0.0217191
0.0216858
1.88663
3.05718
3.77474
0.0219609
0.0217328
0.0233064
0.0227512
0.0222658
8.23266
7.96452
2.67375
0.0215163
0.0217055
0.0274691
0.0217287
0.021952
0.0226454
0.0230272
3.2286
0.0221431
0.0217721
0.0218253
1.82002
0.123324
0.021597
1.77233
1.44436
7.61675
0.0219051
2.61305
0.0474067
0.0222745
0.0217586
13.9223
0.027349
1.74192
0.0218118
1.71889
0.0217508
0.0218081
0.023579
0.0219863
8.21279
0.091607
0.0236287
0.023962
0.0220782
3.27664
0.854986
0.245096
0.160099
0.0216876
0.0454259
0.0228813
2.16283
1.27855
0.021817
3.55624
0.0217133
2.0296
0.0221596
0.0243671
0.0216851
2.96943
31.0826
0.0788844
2.36556
0.0217732
0.0217155
0.0222866
0.021449
0.0219324
0.0222579
0.0218682
24.4919
0.0274468
0.0221713
27.0851
0.0219952
0.0221047
0.021789
2.19228
0.0228531
0.021734
0.0217219
3.26463
0.0229902
0.0695877
21.729
0.110155
0.0216919
0.0224065
1.75562
0.0292424
29.9703
0.0253871
0.0281809
0.0215169
27.3498
0.0386055
0.0412445
0.0221231
0.022274
0.0220529
0.0229485
0.022396
0.0345615
0.0854624
0.0215685
0.0214989
0.0214996
0.0216472
0.0216968
18.343
2.01398
0.123572
2.29702
0.115464
1.45791
0.022073
0.0221902
0.0216157
0.0216736
0.0221506
0.0255276
0.0219051
0.023188
0.0215073
0.0222357
0.183936
0.0367322
0.022079
0.0215411
0.0227485
0.0221382
0.0222495
0.122073
0.0245974
0.0220229
0.0216314
1.79084
0.0220913
0.0233894
18.2478
0.0216186
0.0217981
0.0606603
0.0219613
0.0221222
0.0223772
28.6348
0.0216777
0.0222266
0.022519
0.022769
0.0229365
0.0228455
0.0217608
0.0262561
0.15482
0.0221927
0.0222985
0.0310091
0.0373051
0.0217642
0.0222423
0.0217296
0.0221752
0.943839
0.0214669
18.1392
0.0215099
0.0224865
0.0960145
0.064461
0.0265193
0.0287072
1.06014
0.0218387
4.98939
0.0220841
0.0772235
0.0222399
0.0272317
0.0218915
0.0223561
0.0223956
2.37107
0.124061
0.0223417
0.308399
0.0222425
0.0225592
0.0220489
0.215237
0.212895
0.0274833
0.100056
0.206644
0.0237534
0.0219919
0.270477
0.0225233
0.0220452
0.0341524
18.0937
0.363247
0.0284859
0.0222089
0.0736693
1.55082
0.503492
0.0221639
0.0221288
0.0345551
0.0227232
0.0215127
0.412577
23.2247
0.0264345
0.146037
0.0262593
0.0220371
0.0216926
0.0217913
0.0249607
0.0219231
0.0220776
0.065272
0.0214544
0.0217993
0.0225354
0.0221914
0.0220989
0.0218503
0.0221436
0.111466
0.0220245
7.29835
0.0225559
0.0218524
7.62127
0.0269653
0.0225965
0.784986
0.0215248
0.0219309
0.023147
0.0300935
0.0587954
0.0219808
0.0219673
0.0231481
0.0218917
0.0221497
0.0400768
0.0649646
0.0227789
0.223259
0.02216
0.0221902
0.0214635
0.0230108
0.0563071
7.84905
0.234457
0.0218922
0.0280665
0.0283517
0.0602635
0.0270637
0.0257483
0.0245315
14.027
0.032216
0.0218853
0.0244543
0.0258663
0.0220425
0.0218264
0.0248437
0.0523263
0.111873
4.0402
0.0216184
19.9301
20.0391
0.02306
0.0223363
0.0217349
0.0223624
0.715081
0.0228651
0.0248889
13.2962
0.0829787
0.021466
17.5133
9.63252
0.0227324
0.0222976
0.0231935
0.0241471
6.13614
0.0547462
0.0235998
1.83625
3.34105
4.24142
0.05008
0.0283114
1.06728
15.6887
0.0299011
0.248213
0.0220011
12.0924
12.8818
0.0223117
0.0220022
0.0220195
0.0216668
0.0505223
0.0222111
0.909203
2.76169
0.0224306
0.198841
0.0986191
0.0228171
0.0233957
0.0218035
0.0314707
0.136127
0.023925
0.0222224
3.2301
0.0233182
0.0219863
0.0220787
0.0215461
0.0220607
0.0292573
0.0234896
2.37747
0.0221614
0.0230616
0.0219126
0.0408819
10.9512
0.021757
0.0251724
0.0217236
1.73482
0.0218344
0.0214488
0.0341437
0.0218877
9.02056
0.022159
0.0219196
0.0221901
0.0218506
0.0215072
3.05551
0.0370364
0.0474469
0.0610687
0.0219631
18.6712
0.0221556
0.0227659
1.69589
1.01247
6.09372
0.0296022
0.0224385
4.88448
0.0238109
18.935
20.0585
0.0245412
0.0220228
1.69069
0.0222732
0.0222189
3.13107
0.127128
0.0249855
0.197028
1.75636
0.0239003
0.0218771
0.0220449
3.21817
6.05066
0.0360871
3.76565
0.0663425
0.142422
0.0250977
0.0220085
0.0242694
4.33034
0.0272044
0.0240971
3.76333
14.4886
0.0217039
0.111426
10.2485
0.0273112
2.39187
0.0248755
0.0214904
0.0294013
0.021881
0.0482696
0.0219551
0.125566
0.0214983
0.0219651
0.0214311
0.0220504
0.0220013
15.2504
0.022065
0.0945139
0.0223551
0.0219177
0.0216381
0.0218623
0.0533371
0.0223039
7.1592
15.6917
0.0237444
0.0253251
0.0222012
0.0268347
0.0226952
0.0219963
0.0237573
0.0222288
0.021601
0.0219341
0.0217149
0.0216885
0.416908
0.0224084
0.0218666
0.0220886
0.0220226
15.423
13.5001
0.0472352
0.0233423
0.0228004
0.141339
0.0219186
0.0220956
0.0222711
0.0303816
0.0217599
0.0218127
0.0259552
0.0290102
1.61445
17.0686
0.0218277
0.0219313
0.021665
0.0230485
0.0216983
0.0217402
0.0214724
0.0229883
2.94759
19.9388
0.024056
0.0221465
0.0269582
0.0219503
0.0222534
0.0282409
1.6836
29.2327
0.0220339
0.86651
0.0244221
0.0217726
0.0222478
0.024674
0.0219203
0.0230329
1.07371
0.0218573
0.0217783
0.0215411
0.0231092
7.42509
0.0220543
0.0297507
2.51157
7.54994
0.0243761
10.5279
0.0262667
0.0304155
0.0220453
3.60932
0.0221018
2.17467
0.0218839
0.0221106
0.0357823
0.0297646
0.0222564
3.43258
0.0221441
0.0221271
0.0218063
0.0221631
0.0217344
0.0235807
0.0249956
0.022329
0.029885
18.6955
0.0234165
0.930237
0.0222005
0.0263178
14.5248
0.0261045
0.0225763
10.799
0.0218268
0.0221553
0.0220728
0.0225627
0.0316748
0.022215
9.06676
0.0243584
0.0218529
0.0281453
3.64357
0.0221679
0.0223057
0.0223146
2.37122
2.03836
5.21419
0.249193
3.34294
0.026588
0.11339
0.0257236
0.0275591
0.0216919
0.0221343
0.0238117
0.0222056
0.0221564
0.0216474
6.25083
0.0236038
0.0219021
0.125882
0.0221698
2.58106
0.0571597
0.0227598
0.0218903
0.02228
0.0233447
0.0223835
0.0248516
0.0242044
0.0219109
0.0219342
0.0217583
0.0232302
0.0506443
6.09824
0.0276081
5.18443
4.23817
0.557183
13.9457
0.0225538
1.66355
0.0693674
1.69783
0.0332721
0.0233306
0.02228
0.0219935
34.8348
0.0252195
2.56916
0.0287065
0.0225816
0.0239587
0.0271047
0.0221779
0.0223237
3.8096
0.0217096
0.0249491
21.5833
0.0227674
0.0219385
0.0288874
0.0216794
0.0218714
0.0322028
0.0224697
2.36989
0.0222393
0.112016
0.0224741
1.57987
0.0233179
0.0222097
4.73959
0.0228781
0.189536
0.0216513
0.0224522
5.07392
19.33
0.021514
3.61413
1.43124
1.97134
0.132633
0.0255223
0.0217722
0.0256964
2.56567
8.10491
0.0227096
0.0221416
31.12
0.0218888
0.0638721
0.0226546
0.0221217
0.0778946
0.0681134
0.0220097
0.0218684
0.0226709
0.0215499
0.0216721
0.0457049
0.0253869
0.0309996
0.0419866
0.0261762
2.32279
0.034726
0.0292712
6.75335
0.0283347
0.022064
0.137112
0.0272958
0.0237281
3.53196
0.0216682
0.0617239
0.0226856
0.0216968
0.0222649
0.12537
0.0218077
9.07659
8.47779
1.65147
0.0217762
0.0214824
0.0286216
0.0220404
0.0696349
20.3868
20.4866
0.0225478
0.0218921
0.0256381
0.0302049
0.0275489
5.50777
0.02625
0.0262915
0.0416662
0.0221584
0.0289918
0.0253132
1.96894
0.0274884
0.0216439
1.67482
1.42833
0.0219212
0.0221995
15.211
0.0314055
2.19482
19.3108
0.0229637
0.024432
0.0238012
0.0233228
0.0219831
0.0224318
0.0264685
0.0229129
0.0451409
10.0358
0.0220874
0.0219188
0.175944
2.10331
0.0221973
0.0222357
0.0217988
0.0287089
0.112222
0.0218542
0.0220186
2.25401
0.0232084
0.0222244
0.0219186
1.92872
0.0216361
1.59297
17.0727
0.0217794
0.0932503
0.0326368
2.08297
0.0230473
0.0868395
5.71196
7.18573
0.0312498
0.0240542
0.0222267
0.0325935
0.0499746
34.3979
0.0217836
0.0214736
0.0219734
1.72746
0.0275841
1.9152
0.0218913
0.0602227
0.0350694
0.0305265
0.0221051
0.0549984
0.0219144
0.0680377
8.08651
0.0343975
0.0217329
0.0221042
2.17724
0.0222273
0.0221303
20.4628
0.0216636
0.0244046
12.5828
3.47175
0.0216327
0.0229047
0.0220641
0.0284161
4.32784
0.0236784
0.0487689
0.0214648
0.661052
0.0216314
0.127848
14.5728
0.0218899
0.0221988
2.14956
0.0222226
0.021682
0.0216497
1.94911
3.44101
0.0222874
0.0219186
0.0218006
0.021802
0.0217293
0.809462
0.0218522
17.2441
0.0217247
0.0217033
0.0218569
0.0218217
0.0222801
0.0307561
0.0221633
11.2635
10.8623
0.0242629
1.78884
0.147493
0.160332
0.0247561
0.0218839
0.0327111
0.156175
0.0219932
0.113403
0.0216654
2.95446
0.0221749
0.0218477
0.0252159
0.0262571
0.0236832
0.0216359
1.73628
0.0227941
12.1975
0.0975446
8.40907
0.0220405
2.47448
0.102799
0.0222321
0.0740066
0.103287
0.0250118
0.0307449
0.0214795
0.0687922
2.2254
0.0218968
3.87933
0.0221117
0.12251
0.0219236
0.167718
1.80312
0.0228067
1.8796
0.0215502
0.0231035
0.0884046
0.0341629
0.465006
0.0218561
0.0231993
0.0330387
0.0795935
1.89965
0.0218434
0.0218815
0.0219482
2.2979
0.0238742
0.0270748
1.66108
0.0226874
0.0228934
0.0214271
0.0359865
3.45028
0.0537802
0.0292954
0.0221447
0.403864
0.856251
0.0222513
0.026697
0.0219047
0.0217759
0.022207
13.1781
0.0565941
0.060469
0.0352989
0.0216065
18.6159
19.3735
0.0222128
0.0235422
4.92189
0.0241269
0.0229448
0.0217205
0.0257086
0.0217637
0.0222482
0.030098
0.0248246
0.0223545
0.321539
0.0219914
1.66652
0.0770227
1.92184
0.0531506
0.0357498
0.0215165
0.334229
0.0326506
0.0222396
0.021886
2.07745
0.0215025
1.5176
3.05657
6.32448
0.0362257
0.0255406
0.0258726
0.0223073
0.0220645
1.24551
0.0217874
0.0758624
0.0218908
14.4939
0.0218483
0.0217748
0.0238389
0.0222314
2.67016
0.0263595
0.0452074
20.8858
0.050703
0.0262194
7.78427
0.0219216
0.0230178
0.218882
6.84123
0.668809
0.187269
0.0219037
0.0221538
2.09845
0.027334
7.11718
0.103345
0.492731
1.70647
0.0220196
2.17377
0.0861051
0.0216644
0.206198
0.022082
0.031936
5.72132
0.0220713
0.0288629
0.0221453
2.60131
0.0228218
0.0221386
0.0218689
0.0220147
3.98329
1.90462
0.81558
1.7662
1.83131
8.70028
0.0282982
0.0219096
0.0268314
0.0216296
0.0214641
0.354604
0.0219653
19.7791
0.0296202
16.5733
0.0245338
0.100425
0.0613767
0.0220304
0.0216282
0.0216969
0.0290769
0.0223254
0.0324037
0.972314
17.0354
0.0224072
7.28027
0.0218284
4.53448
0.0222393
0.0860926
16.0863
0.113731
15.9936
0.0221006
0.0219631
0.038722
0.0219035
0.0272451
4.84991
0.10349
4.78196
0.0371216
5.76044
0.0360599
0.591692
0.0214168
2.14446
0.0329001
0.0219238
0.0221537
0.0230684
2.36122
0.029655
0.021607
1.0252
2.26388
0.0223888
17.3159
0.0222301
0.0308686
0.0219809
0.0352395
5.76272
0.0335637
20.1094
6.89263
0.0222861
0.0219717
0.0357834
0.0871678
0.0502133
2.83632
1.74069
0.0221588
5.53743
0.0219381
0.0216915
2.40535
0.160937
4.65334
0.0282293
0.0218901
0.0552319
2.24187
1.58602
6.49674
0.233715
17.9089
1.78739
0.13297
0.0950986
31.5986
17.7779
4.54854
10.1037
21.2313
15.5355
14.5576
0.0216482
2.70975
0.0215045
0.0302763
8.55305
0.025595
0.0276347
1.86048
0.0332573
0.0261241
0.0221591
0.0351075
0.0984927
0.0326929
0.0219999
0.0221463
0.0227779
1.12275
0.022
0.122277
0.0220562
0.0222762
0.0214636
0.0223491
1.64719
2.74545
0.0283577
9.41666
0.0221924
14.018
0.021644
0.021922
0.128836
0.0219797
0.0221391
0.022174
0.0610489
0.0251528
0.0451476
0.0219087
0.0219884
0.0387618
2.20554
1.51648
0.0583086
2.97792
0.724284
0.0219386
1.68544
2.12442
15.0123
0.0219561
0.0222382
0.0227405
0.201691
0.0219768
1.55877
0.0219223
0.115315
0.0220181
6.42347
0.0223168
0.0868411
0.0247795
0.0221912
0.0222671
0.0998592
0.0234507
2.0528
1.419
0.0218858
0.0216893
2.4436
0.112955
2.24158
0.0222262
0.163285
0.0223065
0.0215903
0.0747504
11.8581
0.121551
0.035834
0.022557
0.026496
0.0388366
0.0221262
0.300458
0.022896
0.0341434
0.0990531
2.86832
0.0350217
0.0220599
0.0217674
13.2273
0.0225667
0.0340832
0.0217857
5.49839
5.16393
0.0220018
0.021696
0.1998
8.08457
9.49286
1.81495
0.0229257
0.121057
0.0488605
1.4125
10.4186
0.0258527
0.0238395
0.0272936
0.104368
0.0222269
0.0977335
0.0293241
0.123792
0.378615
0.0216491
0.0223381
0.0346041
0.021931
8.73725
0.0218257
0.0219566
0.644794
0.0990339
1.40137
0.0255685
0.126441
0.038383
0.0219144
0.032046
0.0236131
0.0549523
1.9362
2.34016
0.0229019
0.0215165
0.0596359
0.0853217
0.0244591
0.0248039
0.0224076
0.0213958
0.0528055
0.0743317
0.0219639
14.991
0.0220579
3.176
1.97462
0.0222939
0.0366613
0.0225448
0.0244989
0.0459686
0.0589767
0.0231324
0.0222883
0.0944852
0.0218154
0.196854
0.0216615
1.46702
0.0370379
1.65939
0.404797
1.42876
0.0668954
0.0214545
1.87954
0.0214183
0.0229908
0.0221845
0.0223437
0.0302673
0.0230678
0.0326495
0.022288
0.182262
0.0533992
0.081884
0.053939
1.8087
0.0218566
0.0364029
0.0217978
0.0221815
0.0217937
0.0218754
4.11685
0.0224044
0.0222299
0.0314657
0.203449
0.047858
0.0218974
0.102968
0.37343
5.94835
0.0246207
3.02482
2.15889
0.0220084
0.0234168
0.0754433
0.0647619
11.8695
0.113448
0.0220858
0.0480571
0.0214919
0.154521
0.838491
14.9293
0.752796
0.021852
30.9605
0.0217897
0.021804
0.0253165
0.0570999
0.0379604
0.0934937
0.0372022
0.0214826
16.176
0.0573184
6.72629
3.1352
1.66886
0.0287817
0.0234098
0.0228406
0.0229338
0.0219893
0.0251741
33.7254
15.2747
6.71463
0.23775
0.24443
0.0219913
0.0219974
0.023044
0.0246725
4.8281
0.0230291
0.022238
0.0217365
0.021735
0.0215811
0.0381064
0.0326916
0.0218612
0.0280946
2.59795
3.03951
0.03716
5.44915
0.0218629
5.70695
2.91824
0.124343
0.0217907
0.0218659
0.0221965
3.68513
0.0263307
0.0290664
0.0457775
0.217364
0.0378472
0.0222869
0.0221474
0.0633971
0.0219357
0.10869
0.0250047
0.0293982
0.0217286
1.7604
0.0325415
0.0219356
4.23267
0.022286
0.109352
0.0224116
0.0220336
2.01358
0.0559582
0.0437158
0.0218623
0.0217695
0.0217048
0.0216052
0.0221483
0.0947268
5.02634
0.453443
0.0395121
0.0833781
0.0217907
0.107263
0.0222785
2.15479
2.10348
0.0261668
0.0218864
0.0217921
2.30053
2.17138
0.024129
0.138492
0.03041
0.0222265
1.44983
0.0221914
0.0941535
11.5425
0.0223895
11.5324
0.0213995
0.0225428
0.0376721
32.5834
0.0217745
0.0244835
7.83073
1.71887
1.79943
0.0217113
0.0222208
4.19922
7.73747
4.57859
15.7508
0.058038
0.0221964
0.0218172
0.0225095
0.0216925
0.022156
4.00251
2.4266
4.30024
2.07684
0.0215097
0.0216645
2.27778
0.0290994
0.0223891
0.0217207
0.022129
1.4615
0.0396366
2.7113
0.0222322
0.0219931
0.0222193
0.0373593
0.0258098
0.023079
0.0248178
8.60507
1.67664
0.0233791
2.93252
0.021989
0.0221301
0.137155
0.819549
0.0214457
0.115041
0.0219448
20.2348
0.0220469
0.769197
0.0222953
0.0373611
0.0218017
0.0224525
0.0231962
0.102793
0.0695035
2.3073
0.0219641
0.0221979
0.021522
20.9503
5.83462
0.0244754
0.132763
0.0741663
0.0232672
0.0264688
4.17572
0.0456373
0.0215548
1.58672
4.57002
0.12968
0.022274
0.0216955
0.0222134
0.0220194
0.0478107
0.0222714
0.0221663
0.0264246
2.0281
0.0222492
16.2925
7.83579
2.91073
0.0799317
7.22848
7.57674
3.72897
1.18448
1.90061
1.18696
0.0694538
0.125115
0.0217959
0.721643
0.0219757
19.2972
3.71336
0.0214663
8.18905
0.0456092
0.0217045
0.153824
1.48019
0.0217881
0.0662066
0.0218031
1.69699
5.89229
5.39251
0.0220599
4.8599
4.78103
9.20925
0.0564074
0.0429108
3.27879
0.0214995
1.97964
3.89012
2.68702
0.022056
0.0253758
0.0216231
18.5531
0.0219949
0.78602
0.0358761
0.0292254
0.812821
0.024684
0.0221405
0.0219663
0.0220428
0.0223752
10.2189
0.021895
0.0277315
19.4539
7.37608
0.164709
0.0228872
0.0364584
0.434529
0.021595
0.0223415
0.0240064
6.58571
0.0248752
0.7367
0.0221271
0.021614
0.0677652
0.0423214
0.0394556
23.799
0.0217316
0.553679
0.0256319
0.0220284
0.0517463
0.910584
0.0220576
9.96715
0.0280116
0.729092
1.986
0.185512
0.0218663
15.0438
1.58172
0.0325664
0.0262853
3.39552
0.255106
0.0219176
0.0218031
2.70446
0.0217058
0.0215879
0.0229943
0.102777
1.43177
0.021569
0.0387426
0.0655538
0.073344
3.05528
0.0219202
0.0222284
0.0219122
0.0222659
1.90256
1.92422
0.0431903
0.0219597
0.021431
0.112199
0.0220955
0.0249101
3.87177
0.0224344
0.0244434
1.96523
0.0218208
0.0220349
0.0283488
0.0221295
0.0219098
4.3136
0.0745207
0.0937935
0.0222109
0.0228452
0.0388437
0.0548529
0.0221469
0.0412989
0.0214996
0.0252469
3.68204
0.0224678
9.90457
0.0214539
24.187
1.82679
0.0217902
0.0286816
2.53598
0.0253395
1.36118
6.0022
0.022295
0.0389122
0.0218164
2.98854
1.15572
0.0220753
10.9501
0.0222977
0.0218023
3.33343
0.088165
0.603153
5.66542
0.138573
0.0216882
2.65543
0.0218387
18.8598
0.0223824
0.0891061
25.7489
0.0222454
0.0217242
0.0387459
0.021535
0.494947
5.63024
0.0218063
0.0216493
0.0217497
0.0216718
1.99495
0.388299
0.0395634
0.89102
0.028347
0.0268784
0.0241192
0.0316245
0.0292565
0.021533
0.0222852
0.0216592
0.0217994
0.0250344
0.0848937
0.0222522
0.343049
8.33555
0.0216714
2.13699
0.0216032
0.769503
0.0226453
1.54914
3.6217
0.0221613
0.229267
0.0222864
0.305596
0.780503
0.0220883
0.0222689
0.0964226
0.0312056
0.0222249
0.0445273
14.5128
0.0222833
43.7393
0.0231821
0.0218566
0.190221
1.5225
0.0232474
0.0218855
0.0274553
0.0220522
0.0418667
0.021733
0.0218882
0.0214901
0.0222388
1.91281
0.0275611
0.0222285
0.0217465
0.0270675
2.12077
3.1214
0.134705
0.0216827
0.276914
0.0437644
0.0214294
0.0219383
2.50024
0.0222508
0.0217604
27.8811
0.0308267
9.95628
0.0227818
0.0449874
9.08718
2.26828
0.776878
0.0218072
0.0751966
0.0221622
0.0229693
0.0216522
25.5104
0.0583517
0.0217619
0.326296
2.68178
1.84273
0.0219936
3.26717
0.0224599
0.022261
0.195382
7.38516
0.0267859
4.55258
0.0728215
8.46099
0.0216643
0.0306219
0.0740761
0.0219985
0.0222064
0.467807
0.0368047
11.8721
12.4037
0.0217841
18.2138
0.0253338
9.03128
0.0221793
0.611068
1.62989
0.0760366
0.0222194
0.0219301
7.47578
0.0220729
0.0216232
0.179694
0.0313942
0.021924
17.1074
0.0219609
0.0217601
0.0221807
0.0221906
0.0216318
0.0219012
0.0216341
4.76856
7.67918
0.022483
0.0215827
0.0219284
0.0218362
0.0273266
0.0217652
2.4883
0.0327945
0.572315
0.0301423
0.0278444
2.43496
0.0218358
0.0820858
3.09721
0.0255465
0.439975
12.4926
3.44518
0.0214119
0.0220453
0.0218172
7.53313
0.446432
2.92776
11.3427
0.0325069
0.0217906
14.0235
0.0287467
0.0222204
0.0219003
0.0222197
4.80469
0.0357538
0.773787
0.0218654
0.0221388
4.10762
0.0216744
0.0230634
0.02181
5.03995
0.0216076
0.0218232
0.0783822
0.0222163
0.0221713
0.0247921
0.0912129
0.0367642
0.379779
0.0837009
0.0222462
6.36576
0.0326265
0.0217879
0.0220029
7.32992
0.0219829
13.9219
2.78485
0.0216302
5.21247
0.0218082
1.43395
0.444378
2.57242
0.0437398
0.173429
10.212
0.0362323
11.2495
0.710654
0.0219215
0.0217738
0.0504752
0.0639294
6.35162
0.0282955
0.0274976
0.0219407
0.022717
0.0218421
0.032582
0.0447304
5.4536
0.0432284
0.0221482
4.19483
0.0401229
0.0220772
0.0219192
0.0218722
0.0215478
0.0232178
0.0222313
0.0449142
0.0322717
5.19577
5.61737
2.35902
0.0217262
0.021866
0.0386433
0.0270404
0.0217428
0.0257065
0.0216493
2.07866
0.021955
0.0819961
7.27985
0.0222122
0.0220148
0.0218786
5.05487
0.0807746
0.0514547
1.68363
0.0218787
0.0233262
1.42771
7.07594
0.0222309
14.65
0.0227164
0.0454231
2.75272
0.0218293
0.0221469
0.0220429
1.66348
2.96029
7.25936
20.602
0.0222515
0.0220639
0.0219734
0.09833
0.0221495
0.021714
0.0222768
0.0217548
11.2883
0.0222927
0.0222917
1.54287
0.496599
10.3755
0.0260995
0.0292386
0.0340481
0.190506
0.117334
2.0795
1.55702
0.394071
0.0218009
1.86068
0.0217445
0.0246452
0.0220696
5.56281
0.0215513
0.0217978
0.0221057
0.0222148
4.08207
0.0226602
0.022294
1.25957
18.8595
0.0218691
0.0217644
0.0720488
0.0217006
0.0220804
0.02181
0.0218951
0.0359943
0.143147
0.0280479
0.262135
9.69472
0.0248696
3.39627
0.127211
0.0288211
2.49643
0.0216683
2.40934
4.51624
25.372
8.00426
1.5715
5.2919
0.0349886
0.0219225
0.0231344
0.0218637
1.68951
0.0219225
1.53838
6.77778
0.0221804
6.26226
0.0720606
0.0217362
25.1984
0.120832
0.0214631
13.6748
0.0225116
0.0320566
8.07159
0.0237438
0.166569
17.357
0.0215955
1.61096
0.759354
0.0220785
12.5102
0.0217135
0.0482832
0.0219765
0.0218801
1.71423
0.0217909
0.0219533
1.25676
18.1428
0.854087
0.0219317
2.30165
1.66028
0.132044
1.74246
0.0217065
0.0218468
1.41702
0.0217555
0.0217445
0.0222103
0.022191
1.55577
20.7591
0.0438343
0.021645
0.0277032
0.0219407
13.0908
0.022163
0.0248781
3.3399
10.341
10.7969
4.6961
0.254824
0.0219095
9.9094
0.0218458
12.5696
2.48532
0.125166
0.0222765
0.0220562
0.355179
0.0218022
2.39612
0.0217779
0.021542
0.0215983
7.06911
1.68044
0.0218241
0.021414
0.168757
12.1142
9.57526
13.6965
0.0218703
7.74056
0.0253705
0.0220769
0.0310568
8.88586
0.0219323
0.0225913
0.0219313
9.23783
2.48413
0.0219426
0.0220775
6.31153
0.0753812
4.21887
9.22171
0.375384
0.29922
0.0572024
0.0219203
14.5986
0.0218039
8.45776
0.0220774
1.15554
0.0218403
0.0477533
0.243652
1.98389
11.3286
0.0219043
0.0930186
0.0249597
0.0219573
0.0525898
0.0219202
0.0399527
0.0221021
0.0218789
0.0219953
0.0488757
0.0268734
0.0214298
0.0220281
0.0217192
0.0951696
0.0220962
0.0557036
0.0216944
0.0224537
1.40886
0.0232643
0.0605872
0.0939232
0.0217509
0.0218004
37.2298
0.0929243
0.0216676
4.75766
0.0216526
0.0219315
5.55535
0.0214088
0.0222001
0.0399738
0.0223233
0.161458
0.348108
0.748794
0.0877364
0.0221418
14.3083
0.0222944
0.0222147
0.135267
0.0242734
28.5095
0.0219052
0.0215469
0.0220981
19.2985
22.613
0.0217935
0.0281933
0.0222486
0.0583186
0.0216949
0.0218682
8.15719
0.0222502
0.0218293
2.09229
0.0223318
2.00554
0.0219394
2.3268
0.0219512
2.86871
0.0986543
0.0220995
0.0219597
0.0222507
0.0224196
4.48993
0.0355813
0.0525768
5.00755
9.88946
0.0219143
0.022379
4.69258
0.0915999
0.0223338
0.0221167
0.0219409
0.054081
0.0376344
0.0859649
0.0289522
0.0216754
0.0219771
11.1942
0.0221482
0.0218543
0.0245283
0.0310379
0.0219578
0.0219045
0.0240437
0.0411301
0.0216602
3.85528
0.0217426
0.219395
0.0214133
3.083
0.0215916
0.0235697
4.32893
4.02575
8.12652
0.715732
3.28893
0.0219455
6.87067
0.0217005
0.0216696
0.0381888
2.70322
6.56941
0.0215935
1.74413
14.9254
1.5876
0.0222639
0.0217775
0.0217307
0.0222713
2.27675
0.105766
0.0698916
0.761201
0.0223007
0.0214278
0.0216491
0.0217968
0.18513
8.10666
0.0220541
20.2432
0.105325
0.212475
0.0584165
5.88517
2.44224
0.0217363
0.021994
19.7478
16.4223
2.72847
0.0221793
0.178127
11.2048
0.0215408
0.022192
17.8005
0.0216643
0.131316
0.10337
0.0228437
13.5583
0.0219364
0.0724821
13.7146
0.0273633
3.39009
0.0219373
2.73609
5.30708
0.0218328
19.2614
0.0216912
0.0279992
0.0219096
6.98664
2.67369
0.0280395
0.0215258
16.3658
0.0222875
0.0214597
0.0218831
0.0280111
2.41851
0.0214918
0.0230396
0.0217641
7.13726
5.07224
0.0231866
0.138278
0.562987
0.133432
0.115958
0.0221402
0.0454927
0.0279198
20.7049
0.024051
0.0237437
15.0631
0.0328837
0.120537
0.0271216
0.0220177
1.11055
0.0218968
0.0219881
0.0217505
1.74858
0.0219344
3.71364
0.0221266
1.40848
0.0219769
0.0327094
3.52886
3.07716
0.0217026
0.0222619
0.022043
4.32327
0.0216499
1.80256
0.17909
0.913267
0.0219558
0.0215039
3.67084
0.0932882
21.7938
0.031472
19.6849
0.0301868
0.0220012
0.0219514
0.0723139
1.41281
0.0218936
0.0322618
0.0219017
0.405426
0.0218239
0.102397
3.74052
0.0217077
0.0214458
0.0688024
0.0217776
0.362743
21.4429
0.0222243
0.30537
0.209381
0.0457924
0.021587
0.0217898
0.0410056
0.0392427
0.0260671
0.0504488
0.235164
0.0220182
0.0292196
0.0480498
0.0217846
0.570875
0.0225719
3.32053
15.4835
0.0221066
0.0227335
2.0024
16.6121
6.49584
4.44409
0.0217371
1.83068
0.572172
0.0216723
0.0271183
0.0218209
0.0219374
0.0216436
0.0220026
0.0223724
0.0434024
0.0215787
0.0227709
0.0284467
2.77072
0.0222614
4.54599
4.26798
0.0216355
0.0220901
0.022064
0.0220954
4.84725
0.583611
0.0221069
0.0218447
0.0219616
0.0222692
0.021969
0.0246768
0.0217379
0.337776
0.553378
9.3299
0.0280774
0.0221671
0.0272176
0.0242724
0.0220032
0.124618
0.0222457
9.50503
0.0307251
0.187441
0.0222876
0.0220447
8.57893
0.0219199
0.047969
0.0220591
0.134414
0.0842518
0.0915622
0.0221734
0.0244064
0.678313
0.0218415
0.0222151
0.0238094
0.022036
0.0217327
3.0804
0.617905
0.0217462
0.0217935
3.29833
0.132314
0.0218577
0.0219516
0.055377
0.0225782
0.0271155
0.351735
0.788703
0.0230919
0.0540602
2.61905
0.021927
0.0221935
0.0219519
0.0217382
0.021818
2.26641
6.4262
5.08297
0.0246142
0.0390881
0.0219057
0.0222595
0.0263124
0.827795
0.0519677
0.0269389
0.0517574
0.0686163
8.15277
0.0219973
0.613235
0.042925
2.62354
0.0366661
0.0217554
0.345485
5.71839
0.0346385
8.46975
1.04515
0.0217082
0.0509424
1.4581
0.0215571
0.0222327
9.01249
5.89703
0.0214768
0.0218236
0.124115
0.0215843
5.12754
0.0216574
0.0218296
0.0220971
1.44678
0.0296157
0.0775404
1.4307
0.0817802
0.0295883
5.74721
0.0216631
0.0216531
0.0218934
0.151404
0.722063
0.0502091
0.0245802
0.0218122
0.0218352
7.09089
0.0219298
0.0219824
27.5218
15.5961
0.432579
0.0219857
2.37401
0.0218927
0.0220462
0.275862
0.473557
0.0219644
0.877173
0.0219235
0.0228008
0.0269062
0.0236403
0.0218319
0.0215817
7.25593
5.28347
0.0217165
0.0216459
0.136383
0.0307851
0.0219933
0.0268126
0.0222461
0.0218072
0.0403522
0.0216632
0.0221934
4.22116
8.47604
0.0263075
0.0219133
6.66489
0.021398
0.0217237
5.64702
0.0220221
4.80793
0.157817
0.0267614
1.36811
0.0219138
0.0218365
0.0218982
0.0217925
0.17802
0.0280453
0.0219322
0.021902
4.25159
1.42967
0.0217509
3.23681
5.51872
0.021952
15.1706
5.55756
0.0273937
0.0220126
19.3818
0.0220207
0.0218302
0.0218575
0.0218215
0.0220668
0.0852561
0.0750778
5.1965
0.0221946
6.08872
3.1074
4.76688
0.0219857
0.275643
0.021723
0.0281378
12.4794
0.0219258
0.0761947
6.45302
0.0258334
0.0394722
0.110492
0.0214558
0.0218079
0.047783
0.0219989
5.36627
0.521292
0.0220666
0.0219438
0.0278451
0.022148
0.043334
0.0220862
0.25977
0.0218724
0.021804
0.0621214
0.0319844
7.50507
0.0998405
0.0231451
2.77437
0.0798644
0.171194
0.0222134
0.960939
0.464493
0.0221103
1.86348
25.857
0.0217517
0.0222945
0.119088
0.087455
0.021802
0.0431008
1.22124
0.0214607
0.022057
0.0437611
0.0222183
0.0565203
0.022084
4.10439
1.24854
0.0419079
2.8847
0.0215108
0.613279
6.48709
1.41549
0.0320808
0.0217533
0.0227798
0.10039
0.0220839
0.0216386
0.0222491
0.156057
0.0219158
0.0216778
0.0222665
0.0214661
0.0226377
5.13663
0.450707
0.0221994
0.0218124
0.0218181
0.0220232
0.167011
0.249237
1.08868
0.0724754
4.93504
0.0220142
12.6024
0.640762
0.0281441
0.02198
0.0384025
0.0220192
0.0219163
0.0214777
0.0723698
3.40243
0.0218502
0.127154
0.0934303
0.0331445
0.0221471
9.01557
0.0221591
0.023996
0.112171
0.295981
0.0222916
0.0220469
0.0216119
0.0232921
2.50594
0.0223651
3.79338
0.0220736
0.0218966
1.26234
0.0228745
0.0219504
0.0222358
7.99099
0.0222171
0.0943348
0.0309655
12.5065
0.0942735
3.40635
0.0218799
0.0225124
0.021698
0.0218117
0.0275621
0.0220972
0.02192
5.38386
0.0222855
0.0223737
9.66459
3.24685
0.021843
0.0590846
0.0217199
0.0214699
0.0231034
0.021647
1.68438
8.18168
0.021438
0.0221618
0.0723594
2.93325
0.0220232
0.0530608
14.2169
0.0220722
32.3986
0.022664
1.66083
0.0222231
0.947368
5.62524
0.0218088
1.73185
0.0236851
0.0216485
0.0219631
1.30168
3.43675
0.062704
0.0221719
4.7693
0.0219955
0.0227698
0.0219409
12.2433
0.0794092
0.0435419
6.42388
0.0218058
1.46047
16.2436
11.8929
5.31102
0.0358309
0.0340702
6.55766
0.0219871
0.0227821
0.0747593
1.49289
0.0214485
0.0222853
0.0219004
0.0219564
0.0219641
0.0325524
0.314555
0.0218465
27.883
0.0219068
0.0230477
0.0220112
0.0479531
1.70818
0.0221654
0.0217249
0.0527951
15.824
1.25115
9.40072
0.608315
0.0218771
0.0218572
0.0214945
0.512648
0.0225911
0.0220266
19.3189
0.0219673
0.0926288
11.7552
0.0219588
5.02005
3.27835
0.885972
0.0464447
0.119259
15.4282
0.274991
0.0219172
0.0216509
0.0339599
0.0222795
0.0454604
32.4996
11.5331
0.0283771
5.59706
1.07813
7.14384
0.0214429
0.0221797
0.0219465
0.0217022
0.021999
1.78889
1.40844
0.0220139
3.42019
0.022006
0.0219081
0.333879
0.0217834
0.688559
1.61545
6.87951
0.0217363
0.0218711
0.022247
0.0222439
12.3519
0.0219712
0.0262795
0.0222708
0.101608
0.0240606
0.0221183
0.0219455
4.76811
0.0216591
0.549361
0.0218524
3.18665
0.0220279
0.0219564
0.0230647
0.29288
0.0216845
0.0220822
6.2893
0.0219086
0.0384753
0.213968
0.42683
0.0365159
0.0217617
0.0219194
0.824703
0.0286164
0.0216904
0.080873
0.114284
2.6748
0.0219695
0.0219872
0.0219375
0.0217529
0.0220121
0.0223885
1.15344
0.0227657
14.9709
1.41624
0.0405275
0.0228818
0.0218622
0.361621
5.14598
0.0217201
0.0219888
0.0746971
0.0222745
0.0228981
7.83752
2.04886
0.0218874
3.59652
0.0226988
6.33466
0.0216993
0.0220169
0.0218972
5.28016
0.0216339
0.0219002
1.84267
0.0218569
0.0331629
0.0672971
0.0219112
17.1545
0.0271459
2.69465
1.64298
0.0219316
0.0222535
2.84061
0.0218386
0.0220417
0.0219735
0.0290056
0.0220722
14.3551
14.061
2.18941
2.0258
0.0217015
0.774024
0.0218653
1.5019
0.0265242
0.0283961
0.0220339
6.13941
0.0220577
0.0226551
5.67579
0.021733
0.0370305
0.0349896
0.0222791
12.8354
0.0217385
3.62505
0.0276569
0.021979
0.0218539
0.0214564
1.43187
0.0217487
1.62002
0.0222667
0.0244243
0.0237388
0.0257614
9.32526
0.022091
0.0240772
0.168305
0.0514837
0.149266
0.0220249
0.0218684
13.1997
0.0214374
7.65099
0.0298082
0.0218623
0.0219016
12.1057
0.28366
0.0222102
11.158
0.0218252
0.0229165
0.0218154
0.049334
0.0233139
0.0479969
5.99626
0.0218918
0.021718
0.0219282
6.6653
0.021884
0.0224041
1.47027
0.0218752
0.124218
0.0220334
0.0270211
0.022015
0.0221684
0.0222443
0.159778
0.0315539
0.021806
0.129879
0.0221036
3.1166
0.0219482
0.149647
0.0219242
0.0219026
0.0219325
39.2286
0.0262984
0.0223206
0.322021
0.0222581
0.0285333
0.0226516
0.0245969
0.0222729
0.021897
0.022248
5.23199
0.0219758
0.0218215
1.4293
0.0220029
0.0217676
0.0219473
1.3973
0.0222055
0.0502075
0.028123
0.345007
0.0222109
0.0435803
0.0217281
0.0222966
0.0277004
9.69917
0.0222927
0.0216815
0.0219262
0.14062
0.535632
0.0224757
0.0218511
0.0218609
5.11066
0.0216178
0.0345966
0.0413313
7.17691
0.0222948
0.0216803
2.15583
0.0223973
0.0477672
0.0291789
0.0214528
0.0394862
0.0219823
0.0279796
0.0214978
0.0217562
0.0219309
10.0065
0.0220105
0.27005
0.0216808
8.98177
3.79694
0.178399
0.0220082
7.04592
0.393906
0.0298712
0.0219633
0.0294735
23.525
0.0220245
3.79329
0.0222559
0.121056
0.024954
0.0222149
0.136669
3.67514
0.0218251
0.0241707
0.0219223
0.0332107
0.0218546
0.0217148
0.022038
3.45752
14.0053
0.0222912
0.0219368
0.0219798
1.99522
0.0218951
0.127193
0.0220246
1.93152
6.16934
4.67488
0.0422156
0.0222519
0.0220892
7.19327
0.0219845
0.0365279
0.0222661
0.0345685
19.6188
2.90887
0.0222869
0.0216586
0.0307854
6.734
0.0557287
0.0218115
4.71157
25.2974
0.0216085
0.466083
0.0215091
0.0438586
0.0218929
0.0224917
0.0222856
0.0345707
0.0219379
0.0215002
5.40583
0.0240729
0.0225582
1.55478
3.41987
0.0220292
5.09857
0.0220991
6.89704
0.0241739
0.0215164
0.0215825
0.0220142
0.0253818
0.38632
0.252326
0.0220048
0.0225532
7.25477
0.022039
0.0216211
0.0218607
0.0219651
0.262834
0.0219323
0.0216157
0.0216346
4.96548
0.0222667
0.0219196
0.0216505
2.97827
0.0221625
2.08719
12.3348
0.0219082
8.55845
35.805
0.0221648
0.048691
0.10433
0.0215701
0.0216934
0.0229656
0.0219875
0.848066
0.0264777
0.0220517
0.0216448
0.0218889
0.0220274
0.0218761
0.0222292
4.24049
0.0216317
0.0218541
0.0257089
0.021889
1.45171
0.0218773
0.0220529
0.0220758
0.0221431
3.00225
5.17977
1.98612
2.23803
0.0222902
10.8807
0.0218491
0.0216113
2.50637
4.30016
0.0222141
0.0219623
0.0804497
0.111711
4.84786
9.41076
0.043196
2.13743
0.0227045
6.14487
0.0219029
0.0251482
0.0218655
3.78174
0.0219276
14.9129
0.0222535
0.0240406
0.0221463
0.0225733
0.444896
0.0216112
0.0214821
2.53657
0.0546832
0.0222464
0.0216406
0.0216058
0.0227424
0.0222551
0.0221896
0.021876
19.6134
0.0218116
0.0226011
0.0222552
0.0216069
0.0216878
0.0368759
0.0222971
0.0379909
0.0221639
6.1734
0.0217218
0.0837542
0.0590397
0.0217979
0.849855
0.0214672
1.73925
0.0220425
0.0220178
0.0218821
0.021587
0.0913988
0.0218598
0.0223833
0.0215804
1.78703
0.154332
0.022023
0.0222711
0.944456
2.05687
37.0779
0.345042
4.63442
0.0218374
0.0218651
0.0323412
0.022125
26.9022
0.0222582
0.0962771
0.021875
0.0222473
0.0283047
0.0215191
0.0222506
0.0410488
0.412876
0.0216583
0.0215751
0.0222091
0.0219471
0.0219945
0.0216644
0.0219408
0.021867
0.0295301
0.0454553
6.26368
4.92033
35.1157
0.0215847
1.51549
0.0218713
0.117037
0.96484
0.0220311
2.18566
0.0218708
1.77049
6.27375
0.0658249
0.0219916
20.6227
0.0239757
0.163171
0.0225438
0.0295931
8.35652
3.50811
0.329981
0.0242813
23.564
0.215221
41.9189
0.0268222
16.759
42.2976
13.1436
0.0216488
0.0222741
1.62875
0.0214765
0.0219492
0.397781
0.0219656
0.0220948
0.0368986
8.57611
1.67017
5.5579
0.0218752
0.0218315
0.0222075
10.8941
2.41844
0.299895
0.0255505
7.64124
0.0218903
0.0292443
2.88811
0.0245987
0.368854
0.0223882
0.022234
1.58482
0.0218091
0.959274
0.0219149
0.0224789
0.0432294
0.0217928
0.0236878
0.0714891
0.0222667
9.29319
0.0218776
0.0214723
4.58154
0.0223999
0.0219105
2.52108
0.0737523
6.90685
2.24702
13.1483
0.0223566
0.0990204
5.74752
0.0885207
0.0273674
0.0223603
5.07083
0.021766
0.0220547
0.148728
0.0873458
0.0411001
0.0222506
0.0222311
0.021824
1.6185
0.0498929
2.68969
0.0222712
14.7855
0.0218724
0.0426625
0.0239699
0.0217396
0.194523
0.435542
0.0326241
0.127523
7.1487
0.0222725
0.0236903
0.0267179
0.0312728
0.0224764
0.0270947
0.0269909
0.105192
0.0215474
7.33032
6.03161
0.0224768
2.42295
1.69759
2.76149
0.022271
0.0215962
1.46435
0.0219382
5.55621
0.0222309
0.0222725
2.68153
0.0236618
0.0219386
29.8988
0.0255494
0.0684969
0.0219057
4.68264
0.0515536
0.0915754
0.032904
0.0224733
0.118529
0.0224084
35.0043
0.0256549
0.289968
0.630986
4.06742
0.156023
4.89327
0.0243618
0.0708522
0.0365483
0.704045
14.381
0.0218074
0.37632
0.0220453
0.0218898
3.48516
0.0677476
0.0216273
0.0655629
2.03282
5.48758
0.536768
3.47379
0.0732303
0.0222637
0.0240809
0.0216995
5.24196
0.0219765
2.64625
0.563474
0.0239017
2.05616
6.86259
0.0216604
3.76962
8.2729
2.87686
0.021974
0.0219072
0.0222404
0.0393634
0.022273
2.01867
6.7105
0.0418171
2.91034
0.0225621
3.1416
1.58773
1.43285
0.0220039
0.328136
0.0256983
0.0904008
0.0311358
0.215291
0.0386053
5.97551
0.0222481
0.0218438
0.0216273
0.415613
3.39158
0.0219195
4.85721
0.0635181
0.0808203
0.0218687
0.111346
0.0221593
3.02167
1.63025
1.43026
0.12292
5.10612
0.0641696
1.79642
0.105853
0.0220876
0.501481
0.0218277
0.0426019
0.0219495
4.44729
0.0219333
0.025548
4.78383
0.0469396
0.0439178
0.0681439
8.18175
8.93734
3.25133
1.41951
0.0390484
0.0219088
0.0219038
0.0419099
11.7256
5.25968
0.0304636
0.0279228
0.101077
0.0408011
0.113565
0.311115
0.101243
0.0504197
0.0611117
0.455365
0.0216085
11.1278
0.0217505
0.0222807
0.154097
0.0294371
6.27228
27.21
0.126281
0.363079
0.507637
0.0218676
2.07606
1.45211
0.0395487
0.027721
1.46518
0.0389412
0.0461426
2.15038
3.21604
0.0218973
3.59137
5.15881
0.0216922
1.45595
0.0224322
0.0216208
0.021465
0.0307413
0.572908
1.4926
0.502159
0.0494616
0.0471168
0.0408318
2.07757
)
;

boundaryField
{
    frontback
    {
        type            empty;
    }
    topbottom
    {
        type            fixedValue;
        value           uniform 0.0223;
    }
    outlet
    {
        type            zeroGradient;
    }
    inlet
    {
        type            fixedValue;
        value           uniform 0.0223;
    }
    walls
    {
        blending        binomial2;
        n               2;
        beta1           0.075;
        type            omegaWallFunction;
        value           nonuniform List<scalar> 
120
(
14.3849
25.7312
24.7205
28.0764
26.0428
29.1561
28.0956
24.4205
25.6988
17.4962
28.9867
26.3331
20.4772
23.178
27.2197
17.7755
13.8996
21.2087
12.3624
26.983
24.648
13.9156
28.5977
24.4137
27.3144
12.6784
30.3411
6.7916
21.6815
8.1827
8.95424
8.43328
7.66289
6.62841
26.5389
27.085
13.3433
19.9134
26.7418
27.5632
25.8163
13.5096
23.6105
25.786
18.1617
26.6261
26.2655
21.1042
28.1351
27.7391
28.4476
12.4717
31.0078
26.4494
22.6273
27.8742
17.3551
12.7535
24.4118
6.21931
7.03644
27.7488
16.633
24.3882
26.7403
8.23266
7.96452
8.21279
31.0826
24.4919
27.0851
21.729
29.9703
27.3498
18.343
18.2478
28.6348
18.0937
23.2247
7.29835
9.02056
18.6712
7.1592
29.2327
34.8348
21.5833
8.10491
31.12
8.47779
19.3108
34.3979
8.40907
13.1781
8.55305
9.41666
9.90457
24.187
27.8811
25.5104
25.372
25.1984
13.6748
18.1428
28.5095
21.7938
27.5218
32.3986
27.883
11.7552
32.4996
11.5331
19.6134
37.0779
26.9022
35.1157
20.6227
23.564
41.9189
42.2976
13.1436
)
;
    }
    procBoundary0to1
    {
        type            processor;
        value           nonuniform List<scalar> 
80
(
2.67137
0.033454
0.0219648
2.39734
0.0219708
0.0252525
2.7611
0.0237023
0.0237023
0.0243089
0.0215592
0.024534
0.031999
0.0301953
0.0454917
0.0213891
3.13646
2.48486
3.54454
0.0232072
0.0301953
0.0218474
0.0214038
0.0288987
0.0409323
0.0217627
0.0214919
0.021521
0.303713
1.46372
0.0232072
0.0213864
3.08175
0.0214448
0.0221032
0.0214722
0.021418
0.021418
0.0216922
0.0273729
0.0214355
0.0213847
0.0409323
0.0214267
0.0701524
0.0701524
0.0368847
0.303713
0.0214209
0.0213812
0.0215928
0.0216362
0.0214267
0.087149
0.125672
0.0228495
3.38294
0.0368847
0.0214566
0.125672
0.0602003
0.0262713
0.0522789
0.11111
0.02138
0.0214104
0.0214038
0.0234982
0.0224115
0.11111
0.0214104
3.62683
0.087149
3.53322
3.26904
0.0472496
2.91945
1.46372
0.0222441
0.0226086
)
;
    }
    procBoundary0to2
    {
        type            processor;
        value           nonuniform List<scalar> 
165
(
7.57338
12.2851
17.8219
0.152866
0.022028
5.90467
3.6878
7.74523
12.3246
12.2884
12.2851
0.0277575
0.0290314
0.02197
0.021994
17.8219
0.0219766
4.50523
1.98694
0.0257943
0.0228793
0.0226962
0.121563
2.04588
8.67841
0.0226962
0.114322
7.86528
2.88593
0.023076
5.76933
0.022079
2.29095
2.53026
2.29095
0.0219836
9.39461
0.0219415
0.0713705
0.0713705
8.26918
8.26283
2.3156
0.0221108
0.670491
0.37111
0.0219306
1.7888
0.0450476
1.74779
0.670491
0.0220882
1.64014
0.0250596
3.23632
3.20915
3.33215
0.0244321
0.0240701
0.0221206
6.98577
0.37111
1.73055
0.0219652
0.0220486
0.0220575
5.58678
7.17781
0.0219431
0.0555346
0.0223022
0.0236477
0.0219236
0.0219461
3.3795
0.0222937
0.0417785
0.0219596
0.0221441
0.0225316
0.0219596
0.0222254
0.0501616
0.062246
0.0219431
0.0274634
0.255825
7.42342
0.0219193
0.0219277
2.51186
0.0220022
1.73055
0.0224165
0.0312484
0.0221784
0.0262385
0.0867349
0.0501616
0.021931
0.0325045
0.022214
1.65737
3.55907
0.0220518
0.0388949
0.0220175
2.0944
3.77612
3.70298
0.0222661
0.0221547
0.0219208
3.03586
9.24177
8.53508
7.76553
3.50733
1.86704
0.0233649
9.29522
0.0363004
0.0388949
3.6649
0.0219181
8.22412
9.09464
8.63623
0.0221505
0.0344076
0.0219193
1.88897
0.0222524
8.2357
0.0290314
8.74027
0.20828
0.0867349
0.0220995
0.0220194
1.63782
0.0221893
2.71109
8.71002
10.9813
5.958
2.72139
9.56035
8.06976
7.00999
7.85965
18.93
8.56172
6.66527
1.5738
10.055
2.11105
0.0300472
8.53041
32.4535
0.0222255
1.55949
1.263
8.65042
9.67352
)
;
    }
}


// ************************************************************************* //
