/*--------------------------------*- C++ -*----------------------------------*\
| =========                 |                                                 |
| \\      /  F ield         | OpenFOAM: The Open Source CFD Toolbox           |
|  \\    /   O peration     | Version:  v2012                                 |
|   \\  /    A nd           | Website:  www.openfoam.com                      |
|    \\/     M anipulation  |                                                 |
\*---------------------------------------------------------------------------*/
FoamFile
{
    version     2.0;
    format      ascii;
    class       volScalarField;
    location    "650";
    object      omega_0;
}
// * * * * * * * * * * * * * * * * * * * * * * * * * * * * * * * * * * * * * //

dimensions      [0 0 -1 0 0 0 0];


internalField   nonuniform List<scalar> 
9793
(
0.0222052
12.9346
0.0219229
5.51678
0.0222596
0.305837
0.0874125
11.2142
0.0219873
20.1448
0.0221973
0.0221881
0.021911
4.31206
0.0217155
0.0258648
0.0559171
0.021918
8.4391
0.0215318
0.0215629
0.0222916
6.18138
11.2793
4.3208
0.0258665
0.0221004
0.022262
0.0215425
0.0911565
18.0459
0.551384
0.0220091
0.0219327
0.021863
0.0285265
0.0238972
0.0242917
4.56646
0.0311147
0.0766046
4.75086
8.90368
0.0222716
0.0219543
0.0220425
12.2201
0.0222842
0.021561
0.0219249
0.0281876
0.0218461
0.038025
0.0222684
0.0319671
4.94689
0.0219204
0.0829557
0.0215703
0.0222914
0.0261513
0.0909245
0.021938
0.0360238
0.0219625
0.0219318
39.4654
0.0238728
0.024312
6.62767
0.0219077
0.0942845
10.9525
1.47509
7.35066
0.0222624
0.0437795
8.92389
0.0219749
0.0222704
0.0465461
8.43725
0.0531971
0.0235991
0.0243862
0.363411
0.022261
0.0654821
4.51807
0.0864362
4.55798
5.79691
4.99784
0.0416985
8.6337
0.0218956
6.69067
0.0523175
0.0245196
0.0222684
4.19178
0.0362726
3.73655
0.0219604
6.16269
9.07865
0.686474
0.0218739
0.0219796
0.0222835
0.0222334
5.23199
2.98519
20.7079
0.0218939
0.0221131
0.0234446
0.0220512
4.63362
0.0220269
5.55026
0.0681255
3.47804
0.0429226
0.0239466
0.0220331
0.0651034
14.9409
0.16455
0.172177
0.0233706
0.0217863
0.0221298
0.0230706
0.0272834
0.189858
0.595403
0.023495
0.0222734
0.0647319
7.82297
0.0275486
0.021873
0.0544756
11.2095
0.536457
0.0220336
5.82162
0.0217808
0.0220273
0.0220713
11.6052
0.0240181
0.0220926
0.0218977
4.8838
0.060146
0.0219326
0.787707
0.0218811
0.0622099
0.0234813
0.0215723
0.307316
0.0218291
8.73847
3.66199
0.021984
0.0218751
0.0222173
0.0218833
11.093
25.3179
4.57874
0.0219046
0.267929
0.132684
0.614202
0.0219583
0.0237935
6.26217
12.3159
0.0730666
0.0220348
0.0220733
0.0218685
2.81889
11.2161
18.1356
3.74475
0.0218794
33.7678
0.412263
0.0247027
0.0215599
0.0230129
1.96411
0.0215744
0.0219161
0.0222044
0.0219199
0.021546
0.0294161
0.0246617
4.9606
0.0218938
0.0282398
0.0219775
0.0221853
0.395122
0.0621834
7.56823
0.0216169
7.7129
0.0236018
0.0480869
0.0217261
0.183704
0.0221223
0.0478955
0.0568489
0.0215517
1.54138
4.62832
0.0396791
0.0218796
0.0512859
4.34957
0.0470499
0.047873
4.58578
0.113544
0.0442589
0.0367541
0.346288
0.0214812
25.7211
18.3429
0.0215826
0.0222222
3.15689
0.0218735
0.0222311
0.0942274
0.110723
0.0219281
0.0238176
0.0294524
0.0371968
0.023851
0.0219646
0.0446797
6.06383
0.0215542
4.66193
0.0222618
0.0221714
0.0216374
4.92905
0.0219747
7.78534
7.40611
0.0221037
0.0221323
8.06907
0.0217559
0.0222394
0.0217141
7.27201
0.24759
0.0243982
0.378596
0.080975
3.67948
10.8197
0.0220188
6.7639
0.0222641
4.43007
9.39767
4.46345
5.78056
0.107663
0.0233794
0.0483509
0.0243051
0.021565
0.0220258
0.39572
0.0260251
0.0221411
0.0222838
0.0216138
0.0215508
0.0215614
7.08703
0.0218647
0.0217157
0.0216668
0.0219132
9.18979
0.523824
0.060466
0.0225979
0.0550762
0.0217378
0.346537
9.88398
0.0219669
7.82462
0.0339489
0.0219468
20.9736
0.551758
0.0220179
0.0472822
14.9912
0.0220207
0.032363
0.0217118
0.0220904
4.69646
0.039841
0.0219431
0.0220201
0.0224936
0.17025
3.27573
0.0219268
0.0218672
0.0216345
11.1455
8.91237
12.0125
0.0214883
0.0421663
0.0329352
1.78426
0.0689338
0.0214555
0.0214969
0.0216398
0.0467225
0.0219754
12.4777
0.0220885
0.0217613
4.05831
7.02127
8.37351
0.0215988
4.1994
0.0243025
4.26837
12.1399
4.69025
0.0233019
0.0318367
0.61463
4.40059
4.965
0.0255995
0.0222633
0.0247693
0.0215359
0.0218477
0.0219582
0.0220823
0.022292
12.1432
0.0222067
0.0659336
0.0307686
1.43237
0.021451
0.0236871
9.59074
0.457577
4.42493
0.0670088
0.0217657
0.0233808
0.0219259
0.473199
0.0215532
8.28262
0.148173
0.0873654
12.5387
4.30324
0.022138
0.0218811
0.65978
0.453175
0.0218937
12.5209
0.0221318
0.0221775
6.70674
0.0216149
0.0874671
0.0214906
3.65003
0.0220936
0.0218309
4.48107
0.0881879
0.0612788
0.0247278
0.0220748
0.021808
3.62289
0.0522645
0.0215022
0.0221956
0.0333954
0.0328706
0.061116
11.4142
0.0221967
0.021929
0.367332
0.0220816
5.66194
0.598005
0.0220652
0.022015
0.0220049
0.0221168
0.0216205
4.21503
0.04827
9.57181
0.0277804
0.0227024
0.0431581
0.0240299
4.48245
0.0254716
0.0222676
0.023881
0.475268
0.0218863
0.0218815
0.0219089
0.0215564
0.0219821
0.0217392
0.0220449
0.0221582
0.022635
0.0242588
0.0922697
0.0217392
1.53574
0.024988
0.196845
16.3576
0.0215752
3.86675
0.0868537
0.0215727
0.0215558
0.0218723
5.52741
0.085143
0.021552
0.0221212
0.0221982
0.0620851
0.147305
8.93635
0.0219759
0.0218982
0.0303315
11.9385
4.4542
0.0232779
0.022817
4.61799
8.07966
0.257176
0.0220607
0.0217737
4.92556
0.0218984
0.131473
1.15325
0.021495
0.220042
0.0269478
4.13321
0.0218111
6.66175
0.465031
0.025361
7.59307
0.0218975
1.54772
0.0220947
0.0218782
0.022223
0.0219327
7.69143
0.0218903
0.021571
0.0225809
0.0214973
0.0217734
0.0468074
0.0225733
0.0352238
0.0220345
0.0220386
7.58009
0.0695628
0.0232326
4.58887
0.0238503
0.0220783
0.0219792
0.0216175
11.4667
0.0215604
0.0220693
16.5487
4.69769
0.0384146
0.0219186
0.022284
0.0219384
0.0222406
4.7611
0.0220623
3.79968
0.0236189
1.94726
0.0222619
33.7171
0.0220419
0.220274
0.0219048
0.0910748
7.61615
0.0221035
3.23877
0.0218835
0.0222182
0.0215572
6.54996
4.94789
0.021878
0.027872
0.0215463
4.70612
0.0216739
0.0455159
6.77649
0.0245184
0.0220265
0.0433944
0.022245
0.0219652
0.0216596
0.0851757
0.0219545
4.61445
0.0220524
0.0219895
0.0405824
0.0713326
0.663174
0.0217101
34.2001
0.0218754
0.191929
0.0218979
0.0219328
0.021895
0.0220504
0.022268
0.199876
0.0447161
4.26261
0.139259
0.0337166
0.0330887
5.04258
0.0233578
4.71238
9.13449
0.248423
10.9237
1.01507
0.174026
0.0219653
3.33479
0.0402798
0.0218711
0.33494
0.0222509
0.388343
0.0351519
0.275926
0.0266142
6.05262
9.64704
0.0380043
0.233612
0.0222163
0.555112
0.0225541
0.0219075
0.0219624
0.0227116
0.0475872
4.56092
0.247694
10.5837
0.0230847
0.0231068
4.10031
0.295749
0.0226165
0.0624382
0.0222071
4.88401
4.24525
0.0220597
0.0603979
0.233272
9.40477
0.0219572
0.0251603
5.35265
0.0286747
2.11675
0.0924165
1.25645
0.0251501
0.0234769
0.0218078
0.0219008
0.226002
0.0222841
0.244703
0.176429
0.0835213
0.0222595
0.0222237
0.0228894
0.0217137
0.0218273
0.0218772
0.124179
5.42501
4.21688
0.0222796
0.361104
0.0219448
9.19838
0.0468671
0.0443328
0.0325948
0.426143
0.0217386
0.0220623
0.041229
0.0218974
0.0218963
0.0631383
3.98144
0.0215429
0.208624
4.49259
0.0240962
4.62824
4.53073
0.0217464
0.0574449
0.026623
0.0218762
0.0215594
0.0934528
4.47069
10.3731
0.0218933
0.0220136
0.021617
0.0237544
0.0225967
0.023453
0.552818
0.0468366
0.0221521
7.08415
0.0295678
0.032137
0.0218603
40.3869
0.0232049
0.0219158
0.0869012
2.05818
0.0214999
0.0220506
0.0219334
0.0247772
0.0217339
0.0387462
0.664542
0.0220567
0.0847568
0.0224549
0.0218225
0.727022
8.17137
0.343691
0.0220763
0.021502
4.69367
0.0251456
1.67938
0.0214825
0.021881
19.4345
3.81791
0.0300512
0.0900843
0.0588379
0.0218757
0.0222717
0.0218513
8.62649
0.0220572
0.0222928
4.23595
0.026472
0.463856
0.0312092
0.0219299
8.25777
0.0222678
0.0218953
0.0218468
0.0296957
6.98378
0.0221636
0.0219671
0.0218959
0.0218852
0.0219359
0.0218207
10.9483
0.0306195
0.0225717
0.0221108
0.0306524
0.0655181
0.0257578
0.0273562
0.0222839
0.0216118
0.023023
5.22506
4.35434
0.0225524
10.2274
0.0222155
0.0247467
1.94366
2.12249
0.0217017
0.0221816
0.330404
0.051166
0.0219046
0.0222483
4.58116
0.0222681
0.0761003
0.0220087
0.4939
0.0222472
0.0220458
0.0221277
0.0307164
0.0216811
0.0240125
0.025229
0.152028
0.0218585
0.0219941
0.0222497
0.0218724
0.0219269
0.0217041
0.0310808
0.0221114
0.0507918
4.48103
0.0433467
0.0673879
0.0222025
0.0216531
18.2712
4.30045
0.0215523
4.8845
16.9436
0.0215077
0.0219621
0.0218716
0.107225
0.0526236
2.2648
0.021852
0.024809
0.0218549
0.0221303
0.0220697
0.0874621
0.0218956
0.369476
0.0220938
0.0559704
0.0218895
0.0228238
0.0218907
0.0410573
0.0563416
15.2005
0.540692
4.81099
0.0481744
0.0218761
2.75015
3.20968
0.0589935
0.0218382
0.0220857
2.08883
0.0218633
6.33389
0.0214828
0.0295095
0.0219469
0.0222698
0.0217089
2.23104
7.97768
6.10595
0.0674967
15.1237
0.021938
5.13123
9.2698
0.0222705
0.0219776
0.0217155
0.987906
0.0214966
9.95203
0.0310546
0.189069
0.0221038
1.05251
10.7909
1.72969
0.0287409
0.0324207
0.0220408
15.2958
0.0214664
0.612195
0.335695
0.0648921
8.21795
7.02617
0.023473
0.0231035
0.0219473
0.104705
10.791
10.0316
0.0217314
3.85816
0.0252208
0.105373
0.119065
4.00907
3.98626
0.0214887
0.0253356
0.0306545
0.0235908
0.0231002
4.22244
0.0221978
9.49302
0.0216459
0.021477
0.0853546
0.0996229
0.795049
0.0223281
19.5188
12.5842
0.863917
0.0258694
0.0222329
0.0223348
0.0222269
0.0218825
1.2457
1.26603
0.0220046
0.0218947
0.032172
1.65828
0.0255977
0.021906
0.380364
0.0219247
0.0222748
0.021471
0.0589545
0.022029
0.024386
10.1504
0.065845
0.0221797
4.3385
0.115873
0.0219207
0.0224044
0.0342617
0.0222624
0.0219606
0.0216982
9.9969
0.306827
0.0220768
0.0358677
0.0344454
0.556747
0.0218932
5.59242
0.0218565
0.0217399
0.59752
0.350155
0.0663648
0.0219378
0.0218881
11.0246
4.325
0.315993
2.77847
0.0221029
0.0228832
0.0220137
22.2628
0.0237637
1.81087
0.0224559
0.0218231
0.0228848
0.021612
0.0218716
0.0616651
0.0217609
5.35777
0.0217051
0.0220516
0.0214852
0.0243274
4.42542
5.8575
0.0522821
15.3544
0.0219773
0.0351564
0.0228086
1.57101
0.0215751
0.0214942
3.84809
0.0334299
0.0315239
0.0221122
0.222023
3.05711
6.55508
0.0220171
0.0329023
0.934511
0.0318201
2.97004
0.162465
0.0875934
0.0216882
0.0223428
0.0591024
0.0744753
0.0219853
0.105141
0.021724
0.0221845
0.0221255
0.0217203
0.0218829
0.0219869
0.793306
0.0254669
0.0226519
0.0467115
0.0217271
0.0219121
0.0381211
6.79953
0.0786448
0.0661336
4.55014
0.0222338
11.7684
0.028694
8.88738
0.0604524
0.0222023
0.021864
0.0230749
11.7814
1.72181
0.0514202
0.149349
0.0216116
0.0218402
0.0222477
0.0222017
16.6054
0.0253686
0.0217967
0.21297
0.286531
6.15716
0.022468
3.84816
0.0523592
0.0408906
0.0325355
0.417969
0.253767
0.0220964
4.05438
0.345989
0.0368568
6.35543
0.0454915
0.0219606
0.0222638
0.0218941
0.0228448
0.0262707
21.3842
0.0498735
0.0218666
0.47758
0.0220035
7.85917
3.44152
0.0219514
26.3181
0.0217131
0.0216804
0.021735
3.87583
11.5898
0.0483157
0.0299903
0.0215455
0.717377
0.0222313
0.0306742
0.0220911
0.0220159
0.0217686
5.92862
0.0225563
0.039546
0.0283802
0.0222115
0.325165
0.161536
0.0349374
0.0248723
0.0233513
6.03258
4.14759
0.0216171
0.0217132
0.0216126
0.0223804
10.4752
10.151
0.302029
0.0251113
0.0217626
8.19651
4.62402
0.0220694
20.3492
0.0216868
0.0988535
13.6359
0.0217208
11.0496
12.1135
0.153947
14.9492
6.05645
0.0218062
0.0224528
2.39495
4.45627
0.0223546
13.3531
0.0246834
0.0218859
0.0222738
0.0227193
0.0405945
0.024954
0.274332
15.0805
0.228474
0.0326974
0.022079
0.0614269
2.31513
0.0217183
3.59032
0.0490484
0.0222197
0.024184
0.0222414
0.022063
0.0303124
2.31968
0.022101
0.0217775
12.5429
4.20104
0.0649474
0.0222611
0.0592113
0.0219132
0.0219298
5.42884
8.9466
0.0219186
0.0214647
4.93052
8.33774
0.0500054
0.0221061
8.84816
0.022319
0.0219231
0.0228885
0.0219298
0.021607
0.0216014
8.08685
0.196878
0.0253737
1.73802
0.0453853
4.28282
4.88855
5.38465
0.172826
0.0218854
0.0222381
0.0220261
0.0219921
0.0716321
0.0218771
0.101451
0.0294335
0.812534
0.0220482
4.15236
0.0343163
12.6107
0.0219229
1.73038
0.0301708
0.199616
0.408647
0.03084
0.0215982
7.64815
0.0587857
2.62533
0.021554
5.69494
0.0220264
10.8238
0.473636
0.0407762
0.0219078
0.0220881
4.6432
10.8764
0.0322199
0.021437
0.83755
0.0874056
0.0455643
1.23024
0.0764191
0.0218526
3.84204
0.0218985
0.0337135
0.0215086
9.28129
0.021516
0.0226846
0.478925
3.78586
0.0222218
0.0747253
0.0237899
0.0740045
0.021875
0.326091
0.0230028
0.0618375
0.0218662
0.0219848
5.0855
0.0285902
10.5989
4.28166
9.12321
0.0224796
0.021542
0.0217019
0.0253928
0.0375293
0.0318156
12.6016
0.0231832
0.351095
0.0406178
0.022281
0.0218546
0.0640918
0.514938
22.374
0.0218882
4.37903
0.0218578
6.71334
1.53439
0.0467069
0.0219917
0.0216683
0.0436496
5.22364
0.0240311
0.0222685
0.0229094
0.0455036
0.0222882
1.21634
7.62267
3.96406
0.0221577
0.0260904
9.52239
0.0221879
0.0583488
0.0217337
0.793147
0.0355362
0.0219381
0.0420123
0.168192
0.0216563
4.08334
0.0219006
0.178047
0.229156
0.543618
0.307025
0.0221682
0.0220616
17.5211
0.0220376
0.038616
0.0757753
0.0231994
0.0214556
9.13461
0.024155
0.373886
0.0225245
0.0636904
0.0223569
0.385044
0.0246276
0.0243747
3.99102
0.975399
0.0220896
0.022273
0.153911
5.36678
1.89619
0.654127
0.0294466
0.0219026
0.0217743
4.53829
0.0221394
6.25179
0.108549
4.48448
0.0221071
0.0216939
0.0217807
0.0435005
0.0527705
3.64954
4.23552
2.33759
0.298145
0.0215877
2.42358
0.0227569
0.0635255
0.02246
0.0406591
0.0562612
0.0219099
0.0215458
0.0615754
0.0216022
0.0393861
0.064278
7.93568
6.507
0.0398617
4.6453
0.0216729
0.0215364
0.0220746
0.181637
0.0582028
0.0476884
0.131448
8.25466
0.0380437
0.142444
0.0217344
0.0218202
13.0031
0.0217707
0.260324
0.0214345
0.0218274
4.55178
0.296787
0.0218071
0.0920272
0.498747
7.88248
3.55983
0.0247636
0.0696785
0.0492114
8.02417
0.0219528
6.29486
12.6545
0.0232412
0.0251732
0.0215661
0.422444
0.0215436
0.0219791
3.92524
0.022092
0.0215091
0.283727
0.0609463
4.30924
4.23254
3.47262
5.19163
0.0214699
0.021887
0.0218111
0.0222055
1.79386
0.0219571
4.45901
0.0227387
10.5416
0.0238839
0.0220007
0.0216655
0.0220869
0.0295156
0.0218367
0.0214507
0.438582
0.0217979
0.0519233
0.022287
17.0618
0.0238726
0.022078
0.0216481
0.0546573
0.0219024
0.0217509
0.0220891
0.0222148
0.0234492
0.0218067
0.0231004
0.0303978
3.81791
12.4633
10.922
6.13502
0.0217479
0.0220047
0.0219017
0.0214032
0.021917
0.0217118
0.179547
0.0218302
0.0222515
0.0220692
0.0220439
0.021831
12.4267
0.0231789
0.0219671
17.5239
0.044079
0.0216981
11.8623
14.2047
0.0220199
0.410721
0.594873
0.0219503
0.0436634
0.0234638
0.0215357
0.0269459
0.0218031
0.0431524
0.0220123
0.022247
0.0217224
41.527
0.0280945
0.0435778
0.0220324
0.0222649
9.94335
0.0250167
0.0220367
0.0235713
0.0239413
0.0222518
0.216338
11.7688
2.83993
3.79664
0.210496
0.0362091
0.0222596
10.7493
0.207027
0.0225228
0.0627145
0.0222931
0.0218789
0.0222461
4.8206
0.0448452
0.0219968
0.0220432
0.259413
0.0217072
0.375971
0.0218745
1.77835
0.356684
1.6063
0.022079
0.02287
0.0305402
0.0345747
0.0221107
0.0377304
0.0799855
0.925829
0.0218116
0.46633
8.84324
0.0215073
4.7654
0.0420139
0.328091
0.125193
0.0219035
0.0273914
0.0412526
0.0216697
0.024781
0.0215193
3.57608
4.79679
0.031661
0.0218209
0.196249
0.0694004
2.82116
0.26072
0.0230594
0.0280533
0.0219358
0.0218597
0.0413216
0.0498668
18.2125
0.0217936
0.432957
0.0221976
6.93391
0.250511
4.65842
0.0215834
0.0226591
1.94009
1.742
0.0410669
7.77058
0.0222692
0.198003
0.021909
0.0218167
5.47526
0.403939
0.0238195
0.0220939
0.0712291
2.16149
0.173183
0.0626206
0.0217526
0.0220137
0.0217035
2.348
10.3241
0.0217055
0.045377
4.19076
0.0848355
0.275419
4.33553
8.4735
4.22771
0.0217165
0.0221717
4.8351
0.0218846
0.0473173
1.50859
11.3383
0.0229982
0.0291457
9.26073
0.613306
1.98606
9.27917
4.64979
4.18936
0.0221112
0.0215803
0.0219867
0.0221647
19.281
0.0511935
0.352557
0.386286
0.0540649
0.0218121
0.267295
0.0216151
0.0307736
0.0219166
0.0392012
8.64289
8.73184
0.0220712
0.0215612
0.041153
3.92281
0.238017
12.0694
0.0425616
0.0219577
0.0760735
0.0214276
0.0880742
0.0306622
0.0218876
3.86126
0.152864
0.560846
0.0593831
0.0221003
0.0214971
12.2023
0.0245155
0.0215877
0.0221464
0.0222559
0.0216701
7.91687
7.27206
5.41217
1.36041
12.413
0.0230886
0.0219324
4.54232
0.0238612
0.0999436
4.62
0.021862
9.66628
6.90689
0.0647167
0.0324022
0.778468
0.0228456
1.75944
0.0375199
5.19884
0.0217967
0.022634
0.0396777
3.54735
0.148458
0.0651988
13.8498
4.17564
0.0669517
0.216514
3.28744
0.0239312
0.336863
33.0916
0.035398
0.0587696
5.17486
0.0326544
0.0356609
0.0221041
0.037599
0.0399026
0.0587635
0.022089
2.58275
0.146278
4.86884
15.4212
5.77327
0.038425
1.53621
3.26998
0.0218408
0.258648
3.90264
2.3308
0.0273755
0.023625
3.76273
8.6398
0.0215646
0.21161
0.0217412
0.0219032
4.34087
0.0246344
5.10048
4.12022
7.76354
1.7595
0.0216019
0.0359948
0.0219242
0.0218379
0.105762
0.0588116
0.0263189
2.57557
4.64798
0.0222729
0.0258656
1.31445
0.0229513
0.348551
0.0448271
4.37264
4.34998
0.596349
6.1431
18.9696
4.49889
4.34633
5.19983
0.0312012
0.0246016
0.113043
0.112512
4.30478
1.43676
0.0221325
0.0222252
12.5881
5.20471
0.0241182
13.065
0.0218855
0.790213
5.87788
4.37775
0.0219184
4.452
1.50539
0.0263915
0.0338862
10.0048
9.60367
10.8704
8.58958
0.0219073
9.59265
4.42198
0.0386717
0.222526
0.0989103
0.0217227
0.02644
6.90644
5.71019
0.0242527
0.0221716
3.78326
0.0813116
5.34797
0.0817149
1.84892
4.37635
0.0219867
9.20692
0.0222852
0.0306342
0.0219548
0.0216865
0.0216929
0.0371113
0.248353
0.0214685
13.6865
0.0775237
4.99811
12.0337
4.68665
0.021905
6.09965
1.52296
4.81956
0.0337822
0.0219092
8.5689
0.46958
5.01187
0.0515136
0.0230231
0.021675
10.2051
9.42136
0.0326678
11.4496
0.0296409
0.0220624
4.08103
0.0505928
18.2426
0.0217852
0.0290652
4.32925
11.1045
4.44324
0.22886
4.37774
4.53504
5.77247
0.0220491
8.83713
0.0463906
0.0218021
0.0215037
0.0218642
11.8551
0.046387
4.36355
4.64212
0.0382844
0.148168
0.0932196
5.92138
0.257114
10.9662
13.2191
1.28059
0.0801776
0.0215914
0.483878
0.0531746
0.120576
4.11735
6.45542
1.62822
0.0220939
0.0237873
0.0462851
0.0220601
0.0218273
0.0277493
4.37365
0.0279982
0.0241585
4.00771
0.0779525
0.430592
4.90661
4.41031
0.504914
4.60091
13.0598
5.48768
0.0597305
0.0317678
0.0219875
1.2462
0.125537
0.354964
0.0586297
0.0563566
0.0214357
0.256872
5.55775
0.0257012
0.0215656
0.0226073
6.98442
0.0218698
0.0220251
0.0671241
4.3669
0.028074
0.0518792
0.158557
0.0292998
0.0571607
0.0218104
0.0219749
0.0415464
0.313757
0.0221034
0.0309132
0.245223
3.35128
0.0219988
9.71719
0.0218056
4.41537
0.0228587
0.0230325
0.021528
0.250683
0.0352311
8.14156
10.7583
0.0622982
0.0221636
0.0217153
4.27172
7.35201
0.0215994
0.256247
4.74458
0.0552669
0.0712561
0.0213982
0.0224462
0.0219089
4.11236
0.0428216
0.0220516
11.4887
0.0222038
0.0535052
0.379706
0.0217242
0.0899605
0.0649434
14.633
0.0222198
0.0254394
0.0229866
0.057326
0.0213814
0.0218967
5.65802
0.400561
0.0854646
0.021689
5.05055
0.0222114
0.0222029
0.0219565
0.62421
11.4825
0.0234465
9.05909
6.82182
0.0685747
6.02763
6.49918
12.6938
6.13842
0.0517236
0.0636639
0.32552
0.0496959
0.0219492
0.0289429
0.0296883
12.4514
0.0220797
7.2754
0.0219738
0.381415
0.103099
0.0225562
0.0223907
10.5927
12.3823
14.2769
4.23069
0.0218021
0.0741827
11.659
0.0255769
8.30991
0.0389277
0.0990986
4.57197
0.0346696
0.0219922
0.153155
0.193354
0.021891
4.29413
2.20454
0.0216928
0.0222391
0.0221213
0.0220091
12.291
0.0216953
0.0490931
0.0220255
0.0219633
0.0308618
0.0219286
4.08911
0.097928
0.0220235
0.0215914
0.141251
0.0229478
0.0522867
8.52443
12.8755
0.0536049
0.239857
0.0386907
0.0215662
0.184165
11.4411
0.0375415
4.32345
4.18503
0.0704315
0.0386504
0.027173
0.0741909
0.0366102
10.3729
0.0221139
0.0220144
0.0215867
6.12966
9.06075
0.0346242
0.113052
0.0217484
0.0257697
0.0879458
0.420134
0.0218543
0.061119
5.58341
0.0811368
0.0219858
0.0218757
17.7104
15.7672
0.0219195
0.89834
0.0307308
0.299407
0.276175
0.0218533
7.05631
0.0290527
0.022025
5.05786
0.308044
0.0219072
0.0221639
0.404651
0.0217385
0.0220427
0.130732
0.0398472
0.0432933
13.1383
0.0249419
0.0448547
5.30256
0.0217854
4.29069
11.4295
0.0247956
0.0606263
0.225367
0.0219117
0.220278
0.0214455
4.17373
1.48576
0.0220024
1.04508
3.54954
0.0218811
0.0218955
0.508013
0.0400128
4.31494
4.17019
0.0220947
0.0437092
13.2854
0.0221931
0.047785
0.0669142
0.0327646
4.99423
0.225874
0.0225442
0.350792
7.6619
0.0430105
0.633033
0.0219073
0.0215288
0.0222674
0.0401177
5.52725
0.0220659
0.0339086
12.5088
7.99526
0.0222179
0.0293699
1.91242
4.32008
0.0222245
5.58816
0.033946
0.0987812
0.0351288
0.0227914
0.0256367
0.0218929
0.0219525
5.66309
0.0219317
0.0486256
0.0219747
7.89573
0.0225227
0.0229229
0.0215613
0.0233559
0.0219772
0.0414969
10.6372
0.747297
0.0378392
0.0400837
0.0219663
0.0302809
0.0528028
3.95914
12.7204
0.0218245
3.7785
0.0220218
2.36389
4.02678
13.4195
0.0218202
0.103125
0.0688485
11.6474
0.212853
0.0218081
3.81715
0.299009
0.035593
1.43143
0.0219096
0.0219275
0.0379478
5.28124
0.021892
1.60127
0.0324634
5.58307
0.0828687
0.0221551
4.04601
0.0275652
0.0219867
0.36471
0.0218287
2.81422
8.59943
0.160268
0.0265902
0.144569
0.0218917
0.120242
0.0447654
6.64457
0.0219327
0.0215318
0.0263553
0.0291862
0.0433147
4.82231
0.487106
0.0339855
0.209702
0.0217774
0.426033
1.1186
0.187351
0.0218951
0.0222599
0.0223572
4.16528
0.0219591
0.025928
4.05256
0.0737858
0.0219136
0.239725
0.073543
0.0219812
0.0247519
0.146775
1.35547
0.0717021
0.0435427
4.77309
4.12818
0.331996
0.0261394
0.0219953
0.0240278
0.0239524
0.180862
0.0585598
0.0271328
0.0711439
8.43697
0.0234746
0.0219912
13.572
0.267857
4.90598
0.181366
0.0252767
0.0231988
0.0232409
0.0217251
0.0218368
0.0433546
0.0214907
0.022594
0.0219944
0.0226526
0.0231839
0.0219354
0.0367799
0.0373372
0.0218753
0.0219206
0.0221196
0.0224434
0.0221503
0.251251
0.0220576
0.0229689
1.34475
0.0216054
0.0228976
0.0220879
0.0268628
13.0753
11.5154
5.50668
5.0704
3.7171
0.266537
0.0218636
0.0620427
0.0219052
0.661274
0.0223874
0.0285737
0.0220355
0.0544804
0.0219484
0.0310597
0.0217664
5.09312
0.226123
0.0220791
7.44131
3.77733
0.0218723
0.0998118
0.0219377
0.02155
12.8183
0.0218972
0.0702827
0.278565
0.0221049
0.0215061
0.0802257
5.02249
0.0242648
0.0229568
4.09357
0.0219297
8.59117
0.0501043
10.4688
0.0216435
4.29016
0.021865
0.0220435
0.329449
0.0586165
8.32688
4.87091
18.8411
5.04598
0.151648
0.163291
0.0220466
0.11992
0.0217494
0.0218123
0.0873538
0.0218994
0.0219782
0.0215634
0.0215944
0.0556848
3.90543
4.18971
0.395827
6.89549
0.023084
0.0290284
0.0223668
0.0225036
0.0718145
0.0219393
0.0215318
0.0217947
0.0232167
0.0227668
0.16947
0.0871537
0.046493
0.0221095
0.0505502
0.0520582
8.4772
12.9943
0.0243856
0.039395
0.0220882
9.73221
3.80358
0.0219064
0.0219305
0.0240852
0.0222132
0.376148
0.394748
12.0238
0.0219937
1.00424
0.0219887
5.61717
0.0504448
0.0218036
0.0277827
2.86827
0.0260311
0.0276562
0.0297923
0.092367
5.52583
0.0215436
0.0219115
0.0271826
0.166333
0.021813
5.29114
0.428095
0.021899
0.0213971
12.5982
0.0670154
0.0218933
3.51661
11.7487
4.13161
0.332357
0.0275797
1.88475
0.0220721
11.6066
4.89865
0.670448
0.0666712
0.0235293
13.072
0.0245677
0.0218616
0.0214327
0.19874
0.0216062
1.32184
0.0220706
0.0220337
0.0244013
4.39388
0.0234982
0.022523
0.0220737
6.94935
7.90719
9.4098
4.44888
0.0431199
0.0218915
0.0235183
0.205518
0.102001
0.0219809
0.0489256
0.184813
2.18724
0.0217912
15.1252
12.3167
0.0388707
0.0220633
0.0234404
0.0219402
0.0216496
0.0219253
0.0220323
0.0217135
0.090346
0.022096
0.10323
0.0223287
0.0224455
14.6549
0.0738662
0.0224898
0.0225127
5.04582
0.021485
0.0222931
0.025672
0.0218082
1.34561
0.030975
0.0224904
0.0415654
0.0218584
0.0268579
0.0215354
0.147506
0.0218081
0.0218538
5.0587
0.0227028
0.188581
0.0333481
0.0232399
0.0736715
0.0213869
0.0220887
0.0224079
10.2586
0.0232173
0.0218974
1.99417
0.0219012
0.0215913
0.0218803
1.35325
0.0308469
0.10874
0.0319273
0.0294442
0.046569
0.0235104
0.0266236
0.044394
5.43203
0.0221028
0.0278564
0.0217432
0.227723
0.281595
0.0219022
0.0280277
4.89223
0.0286116
0.0214929
12.0438
0.0254295
0.0775919
5.28861
0.0280087
0.0218406
0.0290217
0.0219007
0.0231538
0.0219004
0.0229818
0.0254708
0.0219695
0.0220683
0.0303435
0.0220126
0.106399
0.0217848
0.0232156
0.0218729
0.0288556
4.25826
0.0219575
0.0218224
0.0906152
0.022409
0.0218634
0.251411
8.98543
6.59571
0.0219551
0.0240792
0.0353181
0.0222445
0.0221262
0.0338793
0.159922
0.0215134
0.0502408
0.0219111
0.0218836
0.021659
0.0214968
0.0223678
0.0427602
0.0340418
0.0263493
5.2331
0.0237965
0.0273448
0.0216611
4.46364
0.321047
4.15681
0.0219367
0.0464627
0.0278641
0.0219111
0.0221208
0.0395833
4.62424
5.22277
0.0216751
0.0271617
7.61871
0.0224623
0.259143
10.8283
5.04201
0.0289975
0.0219169
0.0382858
0.0438431
0.165969
9.2087
1.26987
4.83906
0.0224104
0.0221741
0.0218801
0.125621
0.0217984
0.0216585
0.0379178
0.0218581
0.0217498
0.0218736
0.0482238
0.0218106
0.0217656
0.0219631
5.28993
0.0214784
0.021938
0.0221072
0.0220916
0.0219372
0.0666713
0.069578
1.00162
0.0214705
0.0276629
0.0921723
11.2325
6.87956
0.0220903
0.022275
0.0490661
0.089046
0.0253037
0.354432
0.0219167
0.349946
0.022278
4.29134
0.022538
0.0218745
0.0465519
0.021895
0.0216851
0.0224876
0.580795
0.0240533
0.0222331
0.0221786
0.0219021
0.0398887
0.0216149
0.0219093
0.0256013
0.0959064
0.0239362
0.0215665
4.31906
5.36713
0.0219027
0.607394
0.0221448
0.0292312
0.0815294
0.298886
0.0231111
0.0226762
0.021965
0.237002
0.0280219
0.0219054
0.0218886
0.0229067
0.181809
0.0216729
0.0350085
0.0235458
0.0330525
0.0468345
0.0379388
0.0840966
3.7814
0.0245379
0.0220401
8.84137
0.452185
0.0219292
0.0214672
0.0220631
0.0219104
0.0218698
0.0235596
0.0216486
0.0220781
9.5125
4.35084
0.0320972
0.0218929
5.33167
0.0235204
0.0216882
10.1467
0.0230636
0.0215937
0.0220936
0.0220375
0.0374593
0.0219538
0.0530546
0.0219053
0.0217688
0.0219011
0.0324996
0.0359388
0.0218874
0.0560858
4.25249
0.0227742
0.0218843
0.0568269
0.0216585
0.0219092
0.0218502
0.0302193
0.0220534
11.6541
0.0221578
0.228426
3.13258
0.0581782
0.0227031
0.0220108
0.021942
0.0219244
0.0289944
0.2035
0.144077
0.0217935
0.023267
12.7168
0.0214946
0.156399
0.021959
0.0223849
0.0306232
0.058473
0.0219518
0.0338286
0.0273277
0.0547149
4.02101
6.26032
0.0216474
0.0219235
0.0310127
0.0221509
0.0224199
0.0506411
0.0222761
0.0829632
0.0217714
0.0648175
0.0221062
0.0735908
0.058891
4.27792
12.3707
0.021913
0.038842
0.720667
0.311308
0.0215482
0.0215326
0.163866
0.0219297
0.0217928
0.0217241
0.0214743
0.0678441
0.0821726
18.1399
0.0220204
0.0465229
0.0222548
0.0215456
0.0227699
4.47601
0.142561
0.0218691
0.0219987
0.0218212
9.13852
0.021999
0.0218954
0.0222396
0.0219016
0.0408755
0.0218283
5.13013
0.0219794
0.0221051
0.0220841
0.0218392
0.0216907
0.0220057
8.43075
0.0217706
0.0218962
0.362338
0.0217686
0.0220427
0.0221124
0.0221576
0.0555331
0.0218629
0.0219662
2.42454
0.0228854
0.0220386
0.0220931
0.0214257
4.52523
0.0226235
0.0220592
0.0218583
0.0255146
0.0219588
1.71829
0.0217866
0.0220085
9.35738
0.0219765
0.065931
0.0220408
0.0213877
0.0214402
0.0292234
0.0367576
0.0218048
0.022286
0.0233153
0.0218902
0.0221102
0.0219735
0.0216591
0.0215319
0.0215483
4.44552
0.021947
0.021817
7.77121
0.0218953
0.0265067
0.159692
4.34528
0.0217936
0.0219547
0.0219468
0.0216049
0.0226017
0.0387221
0.0234485
0.0381274
0.0217322
0.0246866
0.0219044
0.0214486
0.0270341
0.0596794
0.0231638
0.0280872
0.0220268
0.0219456
0.0221202
5.01527
0.0227168
0.0220111
9.14018
0.0222452
2.22052
0.0220633
0.0219198
0.0216899
4.17395
0.0218698
0.0246087
0.0224087
0.0220721
0.021959
0.0220876
0.021848
0.0237001
0.0218654
0.0366825
0.0222476
0.0394181
0.0214186
0.0216015
0.0232866
2.74894
0.0221502
0.0220486
0.0223357
0.0218931
0.023514
4.52622
0.0224532
0.0262849
4.87285
0.492103
0.022436
0.0221721
0.139957
0.0767395
0.0225566
0.0221155
0.0216392
0.530988
0.0220874
11.4626
0.0215924
0.0215184
0.022104
0.0215901
0.022793
0.0215603
0.0219877
0.0222649
0.0637678
0.0232185
0.0221584
0.0215806
0.337235
0.070013
0.0214706
0.0221035
0.0229729
0.0222389
0.022059
0.0215357
3.9566
0.0215402
0.0218789
0.0636411
0.0215324
7.15597
0.0218146
0.0474943
0.0263284
0.0219606
0.0214801
0.0219062
0.0217051
0.0220428
0.0215182
0.0215771
0.708028
4.33285
5.07259
0.0215744
2.35797
0.0218951
0.0584083
0.0219039
0.0219098
0.0221094
5.50434
0.0219349
0.0218927
0.0221272
0.0218936
0.648351
0.0218927
5.59392
0.0214211
0.0220005
5.68701
12.7794
0.0219827
0.0219468
0.0265979
0.0220153
0.162092
0.0217394
0.766314
0.0217379
0.035193
0.0221398
0.0218037
0.0219289
0.0218876
0.0227731
0.0218284
0.0310923
0.0358993
0.113698
0.0215045
10.471
0.0218873
10.0063
0.0218937
9.25413
5.59857
0.0217363
0.0218971
0.0215419
0.0218162
0.0220438
0.0216449
0.0215374
0.0220166
0.0214155
0.0986031
0.02211
4.16413
0.0215351
0.0214677
0.0219115
0.0219036
0.0221858
2.82838
0.0224143
2.14523
0.0214432
0.0221197
0.0357952
0.0215614
0.176331
0.0228247
0.0219156
0.0395844
0.0214843
0.0219715
0.0222226
0.0215336
0.0279603
0.0402109
0.0215869
0.0221125
0.0220459
9.65747
0.0230054
0.0214625
11.3774
0.0540213
0.0215823
0.0219066
0.214365
0.0222853
0.0214128
0.320354
0.194595
0.0222974
0.0214146
0.0222397
0.0351159
0.0215435
0.168629
0.0215786
0.0215815
0.0418357
0.0552029
0.0215771
0.0215372
0.0214185
0.0216744
0.0216875
0.0389181
0.0219596
0.0216866
0.0221108
0.0218364
6.40431
0.0222722
3.263
0.0258961
0.0276713
0.0221421
4.50335
0.0217984
4.27967
0.0214262
0.0219468
0.456149
0.0219656
0.0225578
0.0216299
0.024385
0.0216236
0.0266298
0.0214615
2.97691
0.0220398
0.0214787
0.0214878
0.0215497
0.119752
0.0217502
5.72177
0.0219055
0.0244261
0.0214788
0.0220154
0.199047
0.0219947
0.103951
0.0218022
0.0227903
0.0220153
0.0221339
0.0222326
0.0218787
0.0219745
0.216723
0.02155
0.0219318
0.0223196
0.0220582
0.0220554
0.0333846
0.0215802
0.0219052
0.0218234
0.0215691
0.0217507
0.0219911
10.0232
0.193215
1.25291
0.0214129
0.0230595
0.0221268
0.0261686
0.145568
0.22221
0.0325203
0.0215301
0.0219721
0.0216249
0.0221456
0.0221154
0.0219011
3.68953
0.052302
0.0219254
0.19646
0.0221385
8.1263
0.0219505
0.0218845
0.0217928
0.02147
0.0214627
0.0216284
0.0216329
0.0217555
0.0398305
0.0223698
0.0218926
6.14036
0.0215449
0.0221874
0.0219802
0.0214739
0.0218928
0.299662
0.0217571
9.9967
0.0218746
0.0215295
0.0350427
0.0218304
0.0264192
0.0718091
0.0215875
4.13574
0.0696238
0.0215729
0.0222419
0.021475
0.213881
0.0215959
0.0274556
0.0222695
0.0217605
0.0216778
0.0217948
0.0219015
0.0220237
0.021727
0.0219425
3.65096
4.4351
0.0226507
0.0219521
0.222698
0.0321817
3.93005
0.0217951
0.0218763
0.0219524
0.0221601
0.0219298
0.0216075
0.0215188
0.0219652
0.0397909
0.0216349
0.0220128
0.0252567
0.0219811
0.0285011
0.0220435
4.7798
0.0218593
0.0219208
0.0227795
0.0407444
11.3243
0.0218702
0.0221573
0.0218751
0.0219952
8.50593
0.0221994
0.0218956
4.2603
0.02173
0.0219914
5.30714
0.0218245
0.0218451
0.0214506
0.0219071
0.0217305
0.0219976
0.0349896
0.0217748
3.97382
0.0220991
0.0232702
11.8047
0.0218875
0.0216159
0.0220631
0.0214202
0.0215866
4.68343
0.0219611
0.0220086
0.0221919
0.0218328
10.2334
0.021794
0.157911
0.0216649
0.0773869
0.153055
0.0827391
3.18779
0.0263572
0.0345826
0.0283874
0.0218726
0.0219875
0.0229165
0.167721
0.0617159
0.0214626
0.0220064
0.021961
0.0217109
0.0215794
0.178165
4.44208
0.193659
0.0222781
0.0221642
0.0294243
0.0219965
0.0219601
0.0216904
0.0219338
0.0219378
3.82261
0.0227322
0.0219537
0.0214849
0.0696839
0.0216223
0.0220728
0.0217046
0.0215284
0.0218964
0.0220492
0.0504491
0.0217557
0.0248337
1.05069
0.0216445
0.0221043
0.0216569
3.75017
0.0215023
0.0217446
0.0464012
0.0219748
0.0799577
0.0217624
0.0214352
0.0223348
3.99213
0.0222524
0.0220941
0.0216587
0.0217673
5.21142
0.0227323
0.0216965
0.222455
0.0218987
0.0217474
4.61925
0.0222935
0.0222941
0.022293
0.0222925
0.0222919
0.0216844
0.0231977
0.0224968
0.0785343
0.0215438
4.82354
13.0406
0.0303127
0.0215779
0.0217897
0.0218907
0.0219994
0.0217684
0.022134
0.0216818
0.148852
0.0218907
0.0217794
0.0216956
0.957286
0.0215984
0.0221352
0.0217893
0.0219482
0.0218889
0.0217255
0.0222926
0.0226533
0.0221229
0.0223452
0.0225009
0.0221982
0.0222166
0.0222516
0.021971
0.0222858
0.0215011
0.0217503
0.0216913
0.0222689
0.0217753
10.5358
0.0218636
0.0218177
0.0218721
0.0214029
0.0222394
0.0219747
0.0219315
0.0219081
13.8274
3.27323
0.021478
0.0217519
0.140218
0.0341555
1.63615
0.0218284
0.0237092
0.0346453
0.0215339
0.0220348
0.0219554
0.0221542
0.0219059
0.2236
0.0291178
0.0332957
0.0219502
4.48999
0.0221255
0.0218573
4.25668
4.44648
0.0216406
0.0218608
0.0222614
0.0225774
0.0219103
0.021994
0.0218029
0.0230822
0.0215167
0.119211
0.0217555
3.95748
0.0217811
0.022013
3.46292
0.0221445
0.0218104
0.0222277
0.0218835
0.0220254
0.0271974
0.0221692
0.319965
5.14788
10.8453
0.0217548
0.102839
0.0218716
0.0220188
0.0219753
0.0218396
0.0215963
0.021991
4.8512
0.0217973
0.0219181
0.0215744
0.0217467
0.0218859
0.0215526
0.0221631
0.0219756
0.0216716
0.0219277
0.0220284
7.02347
0.0219238
2.39702
0.0222944
0.0219137
0.0217499
11.8305
4.42075
0.0215592
0.021632
11.084
0.0440967
0.0219271
0.0220279
0.0303058
0.0217695
0.021911
0.0217753
3.88575
0.0220913
0.0220548
0.0222838
0.0218888
0.0218706
4.49629
0.0215161
0.0215975
0.0217986
0.0220781
0.0219088
0.0218896
0.0219431
0.0218933
12.7342
0.0221027
0.0220026
0.0216607
0.0299852
0.0217035
0.0313856
0.0220393
0.0216668
0.0219392
0.0217741
0.0217685
0.0217922
0.0221217
0.0216022
0.0217601
9.2272
0.0219637
0.0320039
0.0219653
0.0218963
0.0216159
0.0216883
0.0298156
0.0220194
0.0214351
0.0218747
0.0219099
0.0235869
0.609911
0.0217297
0.021468
0.0220326
0.022059
0.0219977
0.150591
0.0217729
0.0220047
0.0306183
0.0217421
0.0474575
0.0218303
6.05056
0.0219315
0.0217723
0.0219613
0.0215551
0.0219354
0.0252453
0.0218514
0.0220241
0.0219004
0.02198
0.0221258
0.0217038
0.021884
0.0216301
11.2884
0.0219675
0.0222321
0.0727028
0.0233012
0.0217803
0.0214524
2.76174
0.022064
13.8494
0.0217865
0.085951
0.022284
0.0234613
0.0215179
0.0220306
0.0219008
0.0217522
0.0219081
0.0219045
0.0219474
12.7876
0.0213977
0.0220409
14.812
0.0221211
0.0215709
0.0219071
0.0219107
0.0309846
0.0216891
0.0294041
0.0218583
0.022122
0.0221259
0.0221293
0.0218312
0.021952
0.0236184
2.44049
0.0220269
0.0221314
0.0218414
0.0220064
0.0215461
11.198
0.0224225
0.0219316
0.021892
0.021549
0.0216854
0.0258763
0.0217828
0.0214403
0.0220663
0.0219684
0.0214355
0.0219955
1.17316
0.0219876
0.0218055
0.0220922
0.0220083
0.022043
0.0214344
0.0220727
0.0220259
0.0220744
0.0221405
0.021429
0.0219083
0.0220219
0.0219285
0.0221582
11.5408
12.2888
0.0220575
0.0231329
0.021847
0.0251175
0.0919877
0.0215299
0.0217886
0.0264759
0.0224763
0.0315687
0.0219184
0.0218826
0.021936
0.0219861
0.0215841
0.0217609
4.61427
0.0319017
0.0215219
0.0240188
0.0219364
0.228919
0.0216505
0.0216146
0.0215013
0.0217257
0.0218999
0.0920243
0.0218359
0.0942601
0.0449118
0.0240241
0.0217737
0.0220828
0.0218307
0.0218937
0.022048
0.0218908
0.0217882
0.0293296
0.022047
0.0218165
0.0221609
0.0220343
0.0219663
0.0220093
0.0219817
0.0217214
0.0220107
0.0218925
0.022029
0.0220144
0.0348871
7.2084
0.0334602
0.0217113
3.98123
0.0220448
0.0216668
0.0586684
0.0220995
0.0218745
0.0217984
0.0218949
0.0219385
0.0215799
0.0220321
0.0222446
0.0218981
0.0218112
0.021779
11.6463
0.0217613
0.0218971
0.0292599
0.0217555
0.0217355
0.0219776
0.0222929
0.0221499
20.9752
0.0218786
0.0395976
0.0219649
0.0466269
0.130928
0.0214286
7.51127
0.0219479
0.021952
0.0216988
11.5374
5.06415
0.0215199
0.0270161
0.0221071
0.0224345
3.601
0.0239784
0.0219515
0.0215633
1.0241
0.0219721
0.0225838
0.0220052
8.12425
0.0219342
0.021445
0.0217583
11.1713
0.0217877
0.0219744
0.0219981
0.0215738
0.0220139
0.022089
0.0219986
4.77596
9.62047
0.0219927
0.0231457
0.0241313
0.069643
0.0217094
0.165732
11.819
0.0215193
0.0216197
10.8531
0.0265884
0.0220156
0.0217922
0.0222928
2.21419
7.31643
0.022165
0.0221376
0.022236
0.0219551
0.0219673
0.0222331
0.0222559
0.0220489
0.0219022
0.0323736
0.0214774
0.0231498
0.0223094
10.6484
0.0215346
0.02206
0.0216156
0.02234
11.387
0.0221302
0.0574404
0.0223806
0.0219914
1.15473
0.022079
8.15551
10.856
0.0218004
0.0221217
0.0218928
0.0222779
0.021998
0.0218305
0.0265636
0.0214139
0.519772
6.08737
4.51918
0.0219959
0.023939
0.0219382
0.0215328
0.0219912
0.0221444
7.06509
0.0220842
0.0220795
0.0218052
0.0221388
0.0221831
0.022165
0.0219962
0.0219906
0.0221056
0.0214972
0.0828324
0.0223502
0.0671244
0.0219851
0.0218391
0.0216293
0.0220297
0.0216826
0.0220486
0.0223243
0.0242412
0.021657
4.40887
0.0220978
0.0848073
0.0219147
0.0218273
0.0706053
0.0279744
0.0218939
0.0219776
0.0220319
0.0218922
0.0215784
13.5163
0.0425199
0.021818
0.0214908
0.0221152
0.0219976
0.104256
0.0219936
0.021424
0.022045
1.29367
12.3873
0.0216768
0.0218225
0.0219739
0.0219508
0.0229345
2.78305
0.0296754
0.0643601
0.0215139
0.0431438
0.117659
0.022101
0.0222376
0.133998
0.0223089
0.0216025
0.234908
0.0233703
0.0228057
0.0217783
0.0506705
0.0220356
0.0219969
0.0628505
0.0219614
0.0232301
0.0219043
0.078418
0.0214963
0.0219253
12.0588
0.0252806
0.022127
0.0308249
0.0215918
0.0278482
0.0242856
3.80906
4.57462
0.0220883
0.021699
0.031242
0.0219247
9.54734
1.33876
0.0220827
0.0220567
5.99713
0.0216038
0.0221154
0.0469928
9.23637
0.0621034
0.0216208
0.0219284
0.0218384
0.0217885
0.0216766
0.0220317
0.0402975
0.0220281
0.0214801
0.021832
0.0219586
5.54686
0.0313969
0.0221831
0.023091
0.0215117
0.0216654
0.0286948
0.0219597
0.0347331
0.0218876
16.6687
0.0214129
0.0217381
0.0367237
0.0221817
0.0220987
0.0221928
0.024683
0.0214449
0.022341
0.0215457
0.021875
0.0216751
0.0225221
0.0219901
0.0219086
0.0220661
4.43202
0.038997
0.0215598
0.0219149
0.0219212
0.0214647
0.0585075
0.0680572
0.0218405
0.0220438
0.0218049
7.81456
12.8281
0.0220645
0.021571
0.0215301
0.0215455
0.022218
0.0218563
0.0217241
0.0218024
0.0418728
0.021903
1.29116
0.0220278
0.0218216
0.0220175
0.063377
0.0217097
0.0383116
0.021681
0.0219502
0.0219134
0.0310306
0.0220115
3.76856
0.0219879
0.0222926
0.0220112
0.0216326
0.0305298
0.0223686
0.0218359
0.0215618
0.0220899
0.0219265
4.20108
0.0461872
0.0220742
0.0755441
0.0216708
0.0221423
0.0247054
7.39682
0.022015
0.0219317
0.0289618
0.0256287
0.848366
0.0215896
0.0218248
0.0685901
0.0540595
0.0214026
0.0221147
0.0221747
0.0217446
0.0228629
0.0219252
0.0218964
0.0265461
0.0214522
0.045721
0.0216977
0.0218118
0.0218915
0.0217941
0.0216403
0.0220498
0.154229
0.022252
0.0218382
0.0217249
0.0216753
0.0218042
0.0216655
0.0325349
0.0548106
0.0216001
0.0221667
16.3521
0.0518025
0.0696795
9.64914
0.0219039
0.0217106
0.0216103
0.0216638
0.0590778
0.0221235
0.125436
4.33603
4.47883
0.0220474
0.0221085
0.0215198
0.022238
0.0219751
0.0254337
0.022263
0.025315
15.8189
0.0217963
1.09913
0.0248501
5.2877
0.0220651
0.0217245
0.0216943
11.654
0.0217815
0.0222588
5.04941
4.70649
0.0219055
0.0218264
0.0221481
0.0215963
0.0217665
0.0580454
0.021756
0.0217976
0.025847
0.0220934
0.0217864
0.0215828
0.936733
0.0219141
0.022131
0.0219438
0.053411
0.0217513
0.0220087
0.0270904
0.023085
0.0218542
0.0596281
0.0364479
0.023586
0.0513383
0.0225572
0.0219916
0.0218646
0.021737
0.0216383
0.0218006
0.0221586
0.022097
0.0251802
0.0221863
0.0219745
0.0536946
0.0523124
0.021891
0.0215236
0.0220203
0.022022
1.79691
0.0216968
0.022544
0.0343618
0.515415
0.423812
0.0218506
0.0342005
0.0538403
2.45246
0.0218774
0.0219758
0.0223435
0.0218565
0.0222724
0.0218888
0.0399925
0.0214032
9.01982
0.0219137
0.0219781
0.0217228
0.0218603
0.0220361
0.0222654
0.0220259
0.0221268
0.0222453
0.0219267
5.74445
0.0217274
0.0219231
0.77033
0.0220206
0.0220084
0.0480247
0.0219912
0.0219496
0.0265919
0.0221468
0.0217902
0.0222716
0.0219334
0.0218068
0.0219156
2.8117
0.0251896
0.0224263
0.0218637
0.0218987
0.0218311
12.9322
12.6517
0.0224267
0.0219967
0.0218613
0.0236121
0.0219461
0.0287746
0.0218619
0.0221957
0.0220427
1.3757
0.0383407
0.0217272
0.0364466
0.0218955
0.0299933
0.0221207
0.0216197
0.0221055
0.0221455
0.0217758
0.0217444
0.0218206
0.0221697
0.241116
0.0233132
0.0218503
0.025731
0.0237468
0.0452802
0.0222656
0.0222523
0.0219033
0.0227434
0.0218823
0.0222016
0.021693
5.95663
0.280339
0.0223638
0.034678
0.0214554
0.0219554
0.0218355
0.0216804
0.0218998
0.0221547
0.0220936
0.0219898
0.0220443
0.347356
0.0232947
0.0216943
0.0219103
0.142401
0.0220161
0.0218658
0.0451142
8.67522
0.0219707
0.0218493
0.021931
0.0218106
0.0219544
0.132621
0.0218093
0.0216981
0.0216814
0.0220063
0.0220523
0.0221705
0.0216647
0.0254415
0.0218999
0.159851
0.0221777
0.0228399
0.0387889
0.0219874
0.0220938
0.0219031
0.0222941
0.0220883
0.0221365
0.0223438
8.05472
0.0220348
0.0217088
0.0460724
0.0220044
1.03439
0.114559
0.0219592
0.0220215
0.0219515
0.0217524
0.0219402
0.02149
0.0219862
0.0402304
0.0222926
0.0215702
1.84885
0.0222045
0.0220936
0.0222074
0.0217844
0.0705439
0.026366
0.0220764
0.0219399
0.0216293
0.0220386
0.0219282
0.0221077
0.0278782
0.0274175
0.0219729
0.0221537
0.0214377
0.0219795
0.0215486
0.0219077
0.0219855
3.30524
0.022918
0.0219409
2.59684
0.0221482
0.0220907
0.0222931
0.0221087
0.0219073
0.0219327
0.0221235
0.0221644
0.0220207
0.0218085
0.0222849
0.0221412
0.0218662
0.0222937
0.0221337
0.0221767
0.0218772
0.0221762
0.0215561
0.0222865
0.0215449
0.0221242
0.02212
2.44501
0.0219265
0.0220269
0.0218137
0.0366766
0.0220453
0.021859
0.021669
0.0219226
0.0227424
0.022293
0.0221445
0.02171
0.0222935
0.0221733
0.0221317
0.0224593
0.0222917
0.0222276
0.0218506
0.022293
0.0221048
0.125683
0.0218582
3.41964
0.0220218
0.0220579
0.0290669
12.6523
0.0223229
0.0219381
0.0220414
0.0215135
0.0221138
0.0220279
0.0216759
0.0260614
0.0217342
0.0219736
0.0221
0.0414577
0.0228759
0.0217969
5.17228
0.0502841
0.0218888
0.0217934
0.0220569
0.0228469
0.0218979
0.0233193
0.024007
0.0217615
0.0214288
0.0221354
0.0220245
0.0220866
0.0220758
0.0221867
0.0222497
3.93933
0.0219823
0.0220441
0.0221187
0.0216032
0.0427877
0.0215158
0.022157
0.0221764
0.022129
0.0220655
15.6537
0.0388344
0.0218137
0.0217967
1.33811
0.0217335
0.0221237
4.91153
0.147375
2.25338
0.0221741
0.0221683
0.0415411
0.0223143
0.0218879
0.0217931
0.021636
0.0219366
0.0218004
0.0219892
0.0313217
0.0221059
0.0221271
0.0218355
0.0214839
0.0219952
0.0216742
0.0218501
0.0221424
0.0214615
9.38962
0.0221786
0.0220187
0.0333976
0.0220385
0.0218438
0.0220629
0.276127
0.0217439
12.9855
0.0219666
0.0218163
0.0222102
11.0733
0.0220462
0.0220323
4.53322
0.0221982
0.0227881
0.0219393
0.0219069
0.0330434
0.0216502
0.0283412
1.39489
0.0219252
5.04626
0.0222419
8.20814
1.26942
0.103523
0.0222428
0.021886
0.0213821
0.0221276
0.0218324
4.52936
2.82051
0.0215867
0.0221768
0.0667712
0.0218673
0.0222357
0.924584
0.0218573
0.0222755
0.0218677
0.0424314
0.115692
0.0218414
0.0221195
0.0219856
0.0219824
0.0215165
0.107235
4.26026
0.0229423
0.0249287
0.0218693
4.20458
10.5496
0.0220589
0.0218994
0.0221997
0.0216933
0.022023
0.0220326
0.0221968
0.0222027
0.0213983
0.031627
9.78372
7.17574
0.022144
0.0221825
0.225718
0.0221634
0.0220928
9.34255
0.0221556
3.64351
0.025157
0.022181
0.0218658
0.0263875
0.0217447
0.294118
0.0222001
11.6925
13.5243
0.0219983
0.0222001
0.0221207
12.8149
6.72155
0.0214252
15.6096
0.0219677
0.0222301
0.0217657
0.0215196
0.202818
0.026456
0.0218253
0.0221624
0.0239541
0.0218013
0.0220052
0.0222229
0.0221426
0.0218489
0.021631
0.0852082
0.0222254
0.0214617
0.0577854
0.0221789
0.022203
0.0221393
0.0221268
0.0214293
4.7287
0.022127
0.0259251
0.159386
0.0221905
0.0220916
0.0215466
0.0221728
0.0221908
0.0578136
0.0257472
0.0215724
0.0216702
0.0222034
0.0216832
0.0222288
0.025255
0.0219751
0.0222081
0.0221172
0.0222071
4.95595
8.07162
0.0216066
0.0220436
0.0217323
0.0214712
0.0879218
0.0298753
0.0221527
0.0221864
0.0217282
0.0219549
0.0220709
0.0219426
0.0214301
0.0236632
0.0222434
0.0222153
0.0222088
0.0221624
0.0219927
0.0216708
0.0221528
0.0216499
0.0219327
0.021622
0.0221518
0.0222194
0.0586887
0.0215137
0.0221154
0.0217312
0.022155
0.0216348
0.0221445
0.0221982
0.181868
6.66875
0.0220048
0.0220341
0.0220482
0.0218158
0.0222451
0.021658
0.0216378
0.0218641
0.0219789
0.0232834
0.0222458
0.0221993
0.0219106
0.0219273
5.16917
0.0222323
0.0219539
0.0216234
0.0218357
0.0217667
0.0215046
0.0247701
3.00424
0.0220995
13.174
0.022081
0.0219571
0.0221112
0.0217048
0.0473581
0.0220174
0.0220588
0.0218925
0.0235913
0.0216356
0.0218384
0.0221841
0.0218938
0.0215574
0.152958
0.0220529
0.0217144
0.0219459
0.0217186
0.0218055
0.150455
0.0218729
0.0236194
0.0221081
0.0220811
0.218263
0.0219772
0.0215781
0.0218899
0.0217318
0.0217622
0.0221722
0.0221183
0.02166
0.0240948
1.9153
0.0221933
0.0218247
0.0215385
0.0218771
0.0222269
0.0217927
0.0220739
0.0222131
0.0711113
0.021464
0.0218846
0.0214468
0.0398833
0.0222191
0.0221787
0.0218552
0.0221084
0.0220867
0.0216059
0.021621
0.0218604
0.0215892
0.0218593
0.0220259
0.021607
0.0215721
0.022165
0.0222272
9.59424
5.37384
0.022065
8.63044
0.0220307
4.50706
0.0220942
0.0219643
0.0515673
0.0220349
0.0219019
12.7773
0.0217821
0.0217515
0.259773
0.0217624
12.3997
0.0219207
0.0221317
0.0221859
0.0217758
0.0215246
0.0220711
0.0217906
0.022159
0.0218105
0.0221557
0.0221365
0.0217937
0.0217612
0.0218727
0.0221564
0.022158
0.0218984
9.0089
0.0220085
0.0445642
0.0221507
0.0217495
0.0215429
0.0217471
0.0466056
0.0221074
0.249679
0.0217298
0.0221294
0.0219175
0.0217722
0.0218946
0.0221954
0.027964
4.4049
0.0219309
0.0759712
0.02207
0.0215343
0.0220585
5.40265
0.0219133
0.0217331
0.0218871
0.0219345
0.0597913
0.0296292
0.0220589
0.0218077
0.0218484
0.0219494
0.0215601
0.021913
0.0221652
0.0218338
0.0250963
0.0220591
0.0219493
0.0220138
0.0220841
0.0221515
0.0220883
0.0219948
0.0216666
0.0216371
0.021832
0.0219434
0.0221306
0.021966
0.181183
0.0219814
10.6442
0.0217102
0.171295
0.0219827
0.0218513
5.10182
11.1916
0.0218705
0.0217291
4.51327
0.0218958
0.022059
0.0448555
0.0238973
0.022087
0.0246889
10.5775
0.0220162
0.0317075
0.0222002
0.0219993
0.0221731
0.0220894
0.022033
0.0220864
0.0222424
0.0219965
0.677627
0.0214718
0.0223956
0.022074
0.0375928
0.0218229
0.0222119
12.7019
3.90682
0.022137
0.0222072
0.0239733
0.0214885
0.0216773
0.0219124
0.0220597
0.0257028
0.0219068
0.021461
0.022116
4.75226
0.022095
0.0220422
0.0286133
0.0220779
0.0222227
3.03963
12.4841
0.0214562
0.0221888
0.0218279
0.164879
0.0221511
0.0214136
0.0215631
0.02179
0.0219206
0.0219519
0.0220495
0.0222857
0.0218451
0.0218818
0.0215252
0.0214679
0.0216109
0.0220711
0.0214463
0.0279235
0.0217185
0.0222847
0.0220232
2.9064
0.0215283
0.0218078
0.0217465
0.0220813
0.022024
0.0217835
0.0220923
0.0222002
0.0220606
0.022145
0.021661
0.0220529
0.0218838
0.0222178
0.0216112
0.0221849
0.0214543
0.0216889
0.0217878
0.0219118
0.0221603
0.0221638
0.0221031
0.0218207
0.0219592
4.23727
0.0219117
0.0219618
0.022001
0.0221257
0.0218271
0.0265185
0.0242273
0.0316684
4.50845
0.0618708
0.0219755
0.0214373
0.0217038
0.0221767
0.0221964
0.0224483
0.0216742
0.0220894
4.08715
0.0220593
1.86567
0.0215008
3.87689
0.0220744
0.0221613
0.0216597
0.0216086
0.0221836
0.0214521
0.0219564
0.0219608
0.0217404
0.0279072
0.403932
0.0221491
0.021867
0.0217042
0.0221829
0.0380349
0.0220208
0.0219345
0.0221686
0.0219832
0.184986
0.0213949
0.0221854
0.0220313
0.0220409
0.0221675
0.0221888
0.0220609
0.0217567
2.59245
0.0220955
0.211895
0.0284065
0.0219265
0.0218195
0.0218891
0.0219763
0.0227119
0.0222186
0.0222456
0.0447525
0.0220054
0.0221703
0.021882
0.042378
0.188096
0.022225
0.022001
0.0216687
0.0218369
0.0219813
0.0221823
0.0261828
0.0220687
0.0233745
0.0346309
4.22868
0.021962
0.0219373
0.0219415
0.0296044
0.0373274
0.0221605
5.17567
4.59077
0.0219534
2.18639
0.0219201
5.11689
0.0218856
0.0219401
0.0219454
0.0216279
0.0220582
0.0221698
0.0219424
0.022153
0.0222032
0.0225382
0.0219445
0.0221106
0.021418
4.16611
0.0215121
0.0218354
0.024647
0.0309004
0.0216714
0.0222432
0.0220357
0.0217912
0.0221519
0.0216155
4.75178
0.022049
12.8242
0.0218802
0.0221341
0.0222418
0.0218988
0.0216338
0.0223205
0.0219108
0.0215973
0.0215575
0.0217394
0.0220287
0.0220485
0.0230764
0.0222052
0.0227109
0.0220139
0.0221162
0.0219994
0.0220961
0.0283327
3.90454
0.021999
0.0215021
0.0219573
0.0221389
0.0218323
0.0218529
2.85358
0.0217846
0.0220092
0.0251705
0.0955156
0.121336
0.0219345
0.0214395
4.12437
0.0219423
0.0215357
0.0342577
5.30797
0.0218402
0.021912
0.0219496
0.0215047
0.0219997
15.9955
0.0468919
3.87973
0.0217239
0.0242687
0.0221451
0.0218515
0.0215634
0.0214364
0.0216696
0.0218592
4.08353
0.0220088
0.128907
0.0217905
0.0216872
0.0219993
0.0219477
0.0218061
0.0222673
0.0216113
1.82767
0.0222066
6.25481
0.022119
0.0218626
0.0219741
0.0324217
0.0216567
0.0218449
0.0217067
0.0215148
0.0403911
0.023114
6.85143
0.0218856
0.0218745
0.0213856
4.89888
4.13955
0.0218158
0.0218322
0.0220956
9.36037
0.0218537
0.0216988
0.0222241
0.0216313
0.151225
0.0217682
0.0218122
0.252075
0.0219181
0.0219922
0.0219444
3.28349
0.0353706
0.0217848
0.0216449
0.0218883
0.0219414
5.06392
0.021839
0.0221176
0.0218017
0.0219892
0.0251196
0.0218165
0.0219628
0.0217297
0.0217808
0.0222052
0.0230692
0.0310884
0.021901
0.0218906
0.0220967
0.0221396
0.0219329
0.0220638
0.0219693
0.0222259
0.0218319
0.0219009
0.0239441
0.0222526
0.0219421
0.0222791
0.0221074
0.0220127
9.31698
0.0220769
0.0223137
4.00565
0.0219802
0.0221578
0.0219918
0.402513
0.0214612
0.0225671
0.0383547
0.021645
0.0222535
0.0221878
0.200127
0.0220587
0.0219414
0.0215615
0.0221106
0.0220066
0.074747
0.025549
0.0238913
0.0218682
0.0217223
0.0221931
0.0218437
0.0219918
0.0216004
0.0223303
0.212113
0.0219128
0.0221137
0.747233
3.57226
0.0218799
0.0219733
0.0221024
0.0671888
0.0950025
0.0218702
0.0219158
2.56207
0.0219312
0.0218954
0.0220935
0.0215065
0.0220866
0.022228
4.51807
0.0221623
0.0221058
0.021877
0.0218171
0.0221289
0.705985
0.0218841
0.0218539
0.0218898
0.0341928
0.0221978
0.0218519
0.0219576
7.45236
0.0216078
0.0221452
0.0218145
0.022206
0.0216913
0.0231125
0.02196
0.0218554
0.0219002
0.0609299
0.0221496
0.0222079
0.0221453
0.0220637
0.0222269
0.0220678
6.05553
0.0220498
0.0640481
0.0222342
0.021709
0.0222136
0.0222048
0.02162
0.0216574
0.0216542
0.0218104
0.165508
0.025653
0.0218201
0.0465546
0.0214504
0.139238
0.022137
0.0216967
0.0215949
3.62262
0.0217167
0.0218186
0.0215199
0.0218172
0.0258277
0.0220644
0.021868
0.0215093
0.021555
0.0220138
0.0216519
0.021468
0.441945
0.14017
0.0218128
0.0220644
0.0220625
0.0218207
0.0264684
0.021602
0.0220746
0.0218178
0.0219396
0.0222464
0.0219044
0.0215793
0.0256071
0.0299724
0.0221692
0.0218153
0.0217709
0.0215868
0.0224403
0.0219227
0.022113
0.021951
1.00246
0.0219645
0.0221134
0.0217368
0.0219217
0.0226547
0.0217799
0.0217397
0.0218695
0.0215625
0.0214342
0.0302708
0.0218126
0.0218956
0.0215789
0.0219064
0.0215144
0.0220569
0.0685176
0.0221876
0.0215425
0.0223749
0.0219274
0.0218283
9.30042
0.0217481
0.0218251
0.0216757
3.444
0.0217356
0.0219185
0.0362265
0.0363827
0.0214509
0.022246
0.0222191
0.0217361
0.0219527
0.0219153
0.0217971
0.0387373
0.0223362
0.0221083
0.0221205
0.0219835
0.0218274
0.0218222
0.0216473
0.0230472
6.68274
0.021955
0.0219336
0.0219338
0.021666
9.77944
0.0218893
0.0219326
0.021978
0.0220951
0.0222702
0.0214475
0.0218235
0.0219124
0.0222205
0.0219489
0.0219357
0.0385881
0.0252065
0.0220795
0.0931191
0.0218179
0.0217466
9.64946
0.0218066
0.0220368
0.0219174
0.0222002
0.0219495
0.0217486
0.0222075
0.0217808
0.0217979
43.5239
33.3829
34.4071
8.58717
0.0215296
0.0218894
0.0217372
0.0219052
0.0222771
0.0217627
0.0217113
0.0221445
0.022075
0.0220649
0.0214725
0.113046
0.0221285
41.6987
0.022151
0.0221116
0.022182
0.0658316
0.0216587
0.0217895
0.0221284
0.0217476
0.0218739
38.5646
0.0217987
11.0907
0.345442
0.0218113
10.9673
0.0218232
0.0629295
0.0217409
0.0221815
0.0662309
0.0230885
0.0220641
0.0221445
0.0218336
0.0220632
0.0218622
0.021843
0.0217456
14.9269
21.9984
44.9095
21.1709
31.7194
43.7399
24.5744
16.6381
30.6688
14.6534
27.8409
31.8337
13.9856
22.8903
41.521
40.9054
13.8056
46.5276
8.80922
29.8134
0.0221577
0.0216734
0.0214994
0.0633416
0.0217428
0.0216669
0.0217479
0.0222398
0.0222263
0.0218188
0.0219204
0.0218269
0.0218043
0.0218499
2.79212
0.0219988
0.0667932
0.0217979
0.0221391
0.0215483
0.0218865
0.0218171
0.0220253
0.0214241
0.0218308
0.0217866
0.0219107
0.0218883
0.0221828
0.0218581
8.45636
8.56314
8.63504
7.36451
7.37389
0.0219152
0.0222192
0.076971
0.0221811
0.021787
0.0217743
0.0216949
0.0221237
0.0218631
0.0619243
0.0220791
0.0218218
0.0217884
0.0219369
6.71335
0.0217941
0.0218896
0.0217618
0.0215315
8.49988
0.0218873
3.92172
0.0410484
1.35554
0.0247867
0.0430089
9.97805
0.0220107
0.0217093
8.33691
0.161652
1.45247
4.7102
0.0345578
0.0214643
0.0227385
0.0215842
0.0217993
0.0214817
0.0216877
0.0217637
0.0222
0.0222165
0.0578106
0.0261717
0.0218096
0.0216849
0.0220771
0.0222397
0.0225608
0.0219011
0.0216475
0.0249692
0.0216799
0.0218776
0.0216835
0.0218618
3.82785
0.0217317
0.0222392
0.0221798
0.0220887
0.021623
0.0220439
0.0221635
0.0215198
0.0222001
0.0218393
0.0216254
0.0219235
3.23944
0.0214657
0.021958
0.0215905
0.0543508
0.0219157
0.0219384
0.0222115
0.021839
8.36374
0.19755
7.00334
0.0216056
0.0217888
0.0217166
0.0217228
0.0221312
0.022
0.0219665
0.0218294
0.0217303
0.0216991
0.0216626
0.0246944
0.0789017
0.0215254
0.0217466
0.0219211
4.01806
0.0218084
0.485471
0.022271
0.0218218
0.0218224
10.3462
0.0216443
0.0219147
0.0220973
0.021768
0.0214145
10.2006
0.0214853
0.0218576
0.0490781
0.0220696
0.021964
0.0294266
0.0414711
0.0216461
0.021797
0.0222195
0.0218397
0.0216599
0.051
0.0220988
0.0217968
0.0222336
0.0215925
1.97749
0.0221324
0.0219714
0.0222355
0.0218941
0.021991
0.546258
14.1175
0.0218509
0.0218972
0.0220929
11.4929
0.0216453
0.0345843
0.0216208
0.0220311
0.021595
0.0217846
0.0219565
0.021952
0.0216501
0.0215866
0.0216509
0.0222182
0.0268728
0.0220741
0.0216444
0.0215154
0.021695
0.0220443
0.023671
0.0217848
0.0217728
4.09803
0.0217884
0.0214013
0.0216471
0.0343796
0.0217509
0.0214658
0.0213824
0.0478191
0.0220476
0.02174
0.0220656
0.0216512
7.19788
10.436
0.0238739
0.021385
0.0222295
0.0217388
0.0220842
0.021959
0.0219461
0.0214816
0.0216549
0.0222937
0.0224272
0.0216626
0.0255875
0.0489812
0.0220427
10.6625
0.0220048
0.0218138
0.0217501
0.0221327
0.0216301
0.0216997
2.79724
0.0224741
0.0215195
0.0216928
4.46437
0.0221445
0.022183
0.0523879
13.3404
0.0219211
0.0214697
0.0279358
0.252545
0.021651
0.021959
0.0449864
0.0216043
0.022003
0.0221634
0.0215217
0.0221702
0.0216314
0.0214917
0.0220043
0.0215275
0.109507
0.0219033
0.032912
0.0414022
0.0221728
0.0220644
0.167911
0.0214311
0.0217587
0.0216346
0.021786
0.0214734
0.0218846
0.0244925
0.0220503
0.0221756
0.0220054
0.0219512
10.8566
0.0216072
0.0218869
0.0219637
0.215472
0.0216874
0.0221146
0.0222597
0.0219221
0.0430483
32.743
30.3814
0.0216471
0.0220354
0.0221954
0.0222482
0.0216762
0.058482
0.0218345
0.238769
4.8847
0.0423796
0.0215175
13.8855
0.0220795
0.0222601
0.0215212
0.0220206
0.0216579
27.3277
0.0222346
0.0396561
0.044827
0.0214685
7.52496
0.0216898
7.17767
0.0215484
0.0217294
0.0217383
2.63449
0.0276947
0.0217983
45.2319
0.0258571
0.0220041
0.0216388
0.0217237
0.0231622
0.0216452
0.0220742
0.0217071
0.0220965
0.021838
0.0218755
0.0217501
0.0214328
0.0222387
38.1398
41.6379
0.0219118
0.0222163
0.0220725
0.0221877
0.0226362
0.0216436
0.021621
0.0219143
0.0218336
0.0221261
0.0214851
0.120855
13.5429
0.0218202
0.0215345
0.0220043
0.0214698
11.0854
14.4772
0.021636
0.0228711
0.0222557
0.0218766
0.177001
0.0218631
0.0216289
0.02209
0.0230568
0.0221257
0.0215104
0.0215038
0.0218938
0.843684
0.0218361
0.0243213
4.29387
0.0277279
0.0219678
0.0214815
0.0218522
6.22321
0.022165
3.79972
0.158651
0.0228403
0.0221085
0.021871
0.0302609
0.0221383
0.0215937
0.0315821
0.0221881
0.0226429
0.0220459
0.139423
0.0218414
39.7349
44.0438
0.0220902
0.0218182
0.0318647
0.0217278
0.0217122
0.0220092
0.022107
0.021726
0.0219648
0.0216404
3.95809
0.0218343
0.021436
0.0226387
0.0217428
0.0289002
0.0216393
0.0218441
0.0214979
0.0218939
0.0220739
0.0218379
0.0217902
0.0218882
0.0218126
0.0220257
0.0219061
0.125665
0.0215024
0.0221543
0.022129
14.8459
0.0350776
0.0214949
0.0244179
0.0218954
0.0402265
4.46618
0.0226424
0.0219367
0.077284
0.0218375
0.0221623
0.0226021
0.0218792
0.0865964
0.0218957
0.0223256
0.0217619
0.0218436
0.0220893
0.0215707
0.0215944
0.0214614
0.0216445
11.2528
10.1602
0.0287506
0.0216811
0.02218
0.0466307
0.0216153
0.0219978
0.0218273
0.100312
3.14458
0.0221979
45.7544
0.267554
0.0219123
0.0218681
0.0214346
0.0673814
0.0218273
0.0218222
0.022095
41.9137
0.0597186
0.0218462
0.0221469
0.0217519
0.0216665
0.0445764
0.0217828
0.0216514
0.02243
0.0214354
0.0220461
0.0243794
0.0218041
1.15122
4.21861
0.138085
0.0220548
0.0219354
0.0217784
0.0216404
0.0218603
0.118225
0.0217562
23.3631
0.0255295
0.0219172
0.0216871
5.20949
0.0218372
46.7998
0.0799257
0.022952
11.1495
0.0215473
0.0221386
0.0220597
0.0218731
0.0221948
0.039919
0.0233299
0.0613892
27.7803
30.1252
0.0221054
0.0221221
0.0323442
0.0230618
0.0218429
0.0220198
0.0222612
0.0217187
0.0219184
0.107292
0.0219907
0.0220744
10.9961
6.3777
0.0219401
0.0246559
0.152511
0.0218506
3.76316
0.0219681
0.0439184
0.0218494
13.3528
0.0217804
7.42682
6.77588
0.0214857
2.10747
4.26545
0.156386
0.0222079
0.0215289
0.0330175
0.127835
27.4073
0.0218334
31.1745
0.0217528
0.0217844
0.114706
1.13742
0.0219265
31.2598
8.7981
0.021562
42.7921
0.0216331
6.74118
0.0218935
0.0218081
15.4872
0.0219105
0.0218555
13.8879
7.8091
0.0218675
0.0238312
0.0220129
10.7144
0.031111
0.0218361
0.0218998
0.0214895
0.0216703
0.0214175
0.0216259
33.8368
0.0214976
4.43429
0.0220741
0.0217776
0.0218368
0.0220604
0.0218577
0.0221556
0.0220456
0.022108
0.0726462
0.17257
0.0252529
0.0214549
6.27085
7.044
0.0218253
0.0219949
0.0264999
10.7369
0.0222283
0.0277216
0.328487
0.583182
0.0375868
0.0346691
0.0221758
3.05039
12.636
0.940582
0.0238845
0.0799441
0.0219255
4.16387
0.0221871
0.0218671
0.0339209
0.0342627
0.0214311
0.0218392
0.0218448
0.0220298
0.597791
0.0220921
0.0219301
0.130812
0.0215974
4.21647
0.0218699
0.0247222
0.0217163
0.0344611
0.0221821
0.0221321
0.0219405
0.0249876
0.0216404
0.0218448
31.7526
0.0219332
1.41961
0.0218088
0.0219218
0.0219999
0.0217233
0.0336592
0.0218771
0.0219588
0.0221906
0.0218448
0.110525
0.0216748
10.6205
0.0263062
0.0218459
0.0217484
0.0218509
0.022014
0.0218953
7.89448
0.0246597
0.0218238
0.150506
0.0222367
0.0219654
0.0220312
41.6367
0.92709
0.0431868
0.62424
3.93434
0.0240275
0.181912
0.0221397
0.0218395
0.0219775
0.0608582
0.0218633
0.0214852
0.100967
0.0257561
4.97357
0.0221575
0.0703942
0.0222099
0.0217284
23.3404
0.452785
1.25188
0.0219402
0.0218361
0.0219781
0.0216357
0.0354299
0.0243111
11.037
0.0218561
0.022186
0.0214599
0.0222473
0.0215128
0.0216946
3.5561
0.0219729
0.0221937
0.0219582
0.0300812
0.0218964
0.0445915
0.267909
4.29733
0.0216462
0.108376
0.0252352
0.0220983
0.02552
0.0218939
0.0216958
0.025179
0.0221735
41.0451
0.0218994
0.0245977
0.140014
0.0217118
0.137905
0.0217331
0.181685
0.0222154
0.0218311
2.38663
0.0945293
0.021981
0.0215504
0.0283693
0.0216067
0.0365091
0.0327511
0.0371855
0.0223599
0.0217837
0.02179
0.0216658
13.1528
0.0221915
0.0213991
0.0218974
0.0391918
0.0289633
0.0217395
0.0222786
0.022166
0.0217674
0.0219712
0.0220112
0.0220112
9.79112
1.51843
0.0232324
0.022285
0.0222837
0.103887
0.0217632
0.0221783
0.0859243
0.0220464
0.0227475
0.0215039
0.0219468
0.0217601
0.021519
0.0219867
4.88942
0.0940728
0.641642
0.034789
0.0219023
12.007
0.0219174
0.021593
0.0219072
0.074755
8.10116
0.0217577
0.0315741
0.0221882
0.0237754
4.20603
0.021775
0.0220364
0.0217781
0.49498
37.1051
0.0240183
0.0426013
0.837772
0.0216657
0.0218611
0.0217676
0.0216545
0.0217046
0.0215768
4.87449
3.89193
9.70593
0.0219532
0.021719
0.0230511
0.0225258
0.0218907
7.87596
7.60839
4.85746
0.0214757
0.0216899
0.0269903
0.0215838
0.0218822
0.0224448
0.0227914
2.65855
0.0221443
0.0217646
0.0216547
5.5647
0.164103
0.0215795
4.46304
4.24745
1.81135
0.0218523
0.76021
0.0486094
0.0222744
0.0217494
10.4442
0.0270416
4.78354
0.0217455
4.38008
0.0217272
0.0217811
0.023292
0.0219229
8.48701
0.0895492
0.0232752
0.0236677
0.0220791
3.11411
0.308944
0.206019
0.161432
0.0216256
0.0486429
0.0226672
2.48936
1.17289
0.0217332
2.5658
0.0216793
4.69985
0.022042
0.0240902
0.0216315
8.24718
47.106
0.0830026
4.46144
0.0217662
0.0216779
0.0222865
0.0214162
0.0218898
0.0221018
0.0218452
38.185
0.0265026
0.0221721
45.0425
0.0219953
0.0221054
0.0217821
4.6077
0.0221096
0.021666
0.0216979
2.15246
0.022744
0.0856478
25.8749
0.136599
0.0216756
0.0222327
4.50956
0.0288587
23.8915
0.0248101
0.0272421
0.0215024
46.1132
0.0370196
0.0430622
0.0221241
0.022274
0.0219674
0.0226253
0.0222713
0.0345975
0.093278
0.021554
0.0214498
0.0214856
0.02147
0.0216831
17.4218
4.15122
0.123067
4.32875
0.0961369
4.10239
0.0220741
0.0221903
0.0216036
0.0216103
0.0220365
0.0253652
0.021898
0.0228956
0.0214625
0.0221109
0.162546
0.035283
0.0219791
0.0215048
0.0223926
0.0221388
0.0221372
0.115628
0.0242373
0.0219357
0.0216196
4.755
0.022092
0.0230312
19.7683
0.0216067
0.0217759
0.0719584
0.0219508
0.021965
0.0222303
27.8738
0.0216606
0.0220537
0.0222037
0.0225506
0.0226902
0.0226133
0.0216823
0.0258107
0.160832
0.0221936
0.0220907
0.0302638
0.0384907
0.0217481
0.0221107
0.021701
0.0221753
0.865385
0.0214086
15.5246
0.0214815
0.0222023
0.0899023
0.0787658
0.0257074
0.028791
0.984556
0.0218341
11.7273
0.0220842
0.0864589
0.0220011
0.0272824
0.0218728
0.022203
0.0222588
2.21212
0.137268
0.0220136
0.414214
0.0222422
0.0223839
0.0220504
0.240526
0.20321
0.0275452
0.0990324
0.195354
0.0234906
0.021796
0.353244
0.0223363
0.021695
0.0350491
16.4857
0.4702
0.0274198
0.022209
0.0681612
1.57661
1.11535
0.0220121
0.021849
0.0345993
0.0224984
0.0214853
0.581216
20.0254
0.0263889
0.201753
0.0255966
0.0220383
0.0216331
0.0217031
0.0244788
0.0219079
0.0220777
0.061186
0.0214061
0.0216937
0.0223168
0.0221917
0.0220072
0.021846
0.022013
0.114846
0.0219435
7.31085
0.0223617
0.0218125
7.22378
0.0269166
0.0224287
0.677251
0.0214971
0.0218691
0.0227291
0.0302012
0.0580173
0.0219094
0.0218982
0.0228538
0.0218854
0.02215
0.0410769
0.0790991
0.0225764
0.206632
0.0221603
0.0221907
0.0214481
0.0226324
0.0669499
5.58107
0.272464
0.0218442
0.0282981
0.0277565
0.0730997
0.0265279
0.0250313
0.0239487
14.1388
0.0322492
0.0218541
0.024066
0.0254018
0.022043
0.0217039
0.0243013
0.0511401
0.107825
3.95264
0.0215015
20.1778
16.2748
0.0228138
0.02212
0.0217058
0.0222007
0.275452
0.0226498
0.0244567
31.1619
0.0964208
0.0214515
16.4085
9.70891
0.0225071
0.0221469
0.0229261
0.0237619
12.4972
0.0550125
0.0232776
4.70197
4.78916
4.15685
0.0582346
0.0272916
1.00389
20.9878
0.0292941
0.23515
0.021919
23.908
30.4507
0.0221813
0.0220014
0.0220179
0.0215381
0.0524521
0.0222111
0.883744
4.87336
0.0221468
0.178586
0.090318
0.0224701
0.023106
0.0217976
0.0321404
0.114853
0.0235025
0.0220846
4.25412
0.0230556
0.0219844
0.0220789
0.0215136
0.0220623
0.0295914
0.0230704
4.58839
0.0221619
0.022823
0.0218572
0.0433692
13.1459
0.0217489
0.0246059
0.0216587
3.86431
0.0218296
0.0214341
0.0346459
0.0218409
8.64229
0.0221612
0.0218891
0.0220899
0.0216806
0.0214801
3.28599
0.0372686
0.0483376
0.0595795
0.021894
26.3659
0.0221567
0.022472
4.8381
1.03484
12.4609
0.0287641
0.0219154
13.0261
0.0235017
36.8497
40.7315
0.0240929
0.0219371
4.5846
0.0221119
0.022219
3.64354
0.135161
0.0246591
0.213401
4.54647
0.0235464
0.0218495
0.0220468
4.51162
7.96505
0.0344539
4.46466
0.0661973
0.148807
0.0244509
0.0220072
0.0240519
1.79402
0.0263179
0.0235904
3.96441
12.1331
0.0216648
0.125276
8.66454
0.0273279
3.84571
0.0242465
0.0214453
0.028182
0.0218489
0.0484144
0.0219487
0.136073
0.0214838
0.0219593
0.0214185
0.0220507
0.0219998
33.7344
0.0219277
0.105531
0.0222009
0.0219088
0.0216201
0.0218311
0.0504454
0.0217924
6.18588
34.9428
0.0234625
0.0248225
0.0220137
0.0267497
0.0220346
0.0219942
0.0235024
0.0222287
0.0214537
0.0219234
0.0217055
0.0216602
0.357995
0.0222261
0.0218361
0.0220888
0.0220234
21.782
21.148
0.0459027
0.0229244
0.0225765
0.148987
0.0218941
0.0217403
0.0222709
0.0306183
0.0217474
0.0217764
0.0258027
0.0281747
4.21419
21.5043
0.0217093
0.0219192
0.0216027
0.0228052
0.0216574
0.0217142
0.0214228
0.0227203
4.78009
37.4539
0.0236601
0.0221468
0.0269109
0.0219437
0.0220788
0.0284381
4.03711
43.8806
0.022035
0.690788
0.0236027
0.0217651
0.0222478
0.0243808
0.0217268
0.0227881
0.838264
0.0218163
0.0216922
0.0215172
0.0227458
3.39649
0.021961
0.0289787
4.76963
10.6162
0.0240814
12.9721
0.0255263
0.0294349
0.0220472
2.20295
0.0221019
4.63465
0.0218775
0.0221114
0.0362216
0.0302987
0.0221486
3.22034
0.0221447
0.0220181
0.0217964
0.0221633
0.0217192
0.0232883
0.0244346
0.021864
0.0286314
33.2977
0.0230884
0.929076
0.022201
0.0256848
13.2149
0.025983
0.022251
11.2406
0.0218229
0.0221561
0.0220738
0.0223504
0.0322396
0.0220923
6.13056
0.0238572
0.021849
0.0271424
3.65296
0.0221681
0.0221892
0.0221523
4.94128
4.53022
4.45894
0.205464
2.72387
0.0258924
0.142092
0.0251182
0.0267994
0.021652
0.0219777
0.0234048
0.022206
0.0220198
0.0216297
11.8733
0.0231905
0.0218976
0.140756
0.0217666
7.43163
0.0659648
0.022532
0.0218851
0.0221363
0.0230129
0.0221841
0.0245925
0.0238311
0.0219059
0.0219225
0.0217199
0.0228296
0.0518634
4.35198
0.0267852
5.1345
5.62882
0.476428
10.6624
0.0223415
4.20909
0.0719267
4.51013
0.032193
0.0229501
0.0221544
0.0219928
48.2133
0.0242495
2.48258
0.0277608
0.0223805
0.0236489
0.0268656
0.0221784
0.0221823
2.25159
0.0216955
0.0243399
29.7563
0.0225287
0.0218959
0.0280772
0.021618
0.0218681
0.0327
0.0223001
3.81668
0.0222391
0.108327
0.0223292
4.34621
0.0229846
0.0218329
12.6412
0.0226015
0.18297
0.0216351
0.0222931
4.71277
10.7387
0.0214995
4.10342
4.02392
4.87273
0.182604
0.0248821
0.0216245
0.0255596
0.793282
7.7556
0.0224707
0.0221419
37.1861
0.0218418
0.0606485
0.0224524
0.022122
0.0861422
0.0676559
0.0220097
0.0218413
0.0224786
0.0215379
0.0216453
0.0427294
0.0251735
0.0295854
0.0394672
0.0260492
2.48848
0.0347911
0.0296672
1.04361
0.0285796
0.0219518
0.121924
0.0272975
0.0233346
4.87306
0.0216574
0.0618178
0.0225091
0.0216729
0.0221134
0.145613
0.0218021
22.3253
8.73439
4.26818
0.0217592
0.0214479
0.0289446
0.0220425
0.0713573
20.2863
18.841
0.0219532
0.0218881
0.0254885
0.0308294
0.0270631
5.19143
0.0251177
0.0258171
0.039156
0.0220424
0.0284463
0.0248866
4.81922
0.027622
0.0216278
4.21789
3.96231
0.0218944
0.0222004
33.5884
0.030586
4.56341
19.0307
0.0227383
0.0240482
0.0234591
0.0230471
0.021983
0.0218987
0.0264278
0.0226878
0.0426384
9.8989
0.0220878
0.0218945
0.214333
4.50531
0.0221976
0.0222356
0.0216295
0.0289764
0.1147
0.0218016
0.0219361
4.65587
0.0229446
0.0222243
0.0218966
4.87918
0.0216054
4.45666
23.8724
0.0217611
0.106381
0.0326031
4.58952
0.0227404
0.0804438
5.66388
6.70325
0.0298452
0.0232987
0.022091
0.0310098
0.0497812
49.2859
0.0217766
0.0214206
0.0219726
5.79081
0.0267708
4.9541
0.0217035
0.0715949
0.0336038
0.030735
0.022105
0.0540891
0.021888
0.0739356
8.63991
0.0326424
0.0217136
0.0221045
4.52126
0.0222273
0.0217994
31.037
0.0216521
0.0235656
11.366
0.837375
0.0215791
0.0226544
0.0220646
0.0275834
4.08653
0.0233406
0.047006
0.0214399
0.499608
0.0216133
0.131653
22.1028
0.0218404
0.022199
4.50072
0.0222225
0.0216491
0.0216191
4.99802
3.8477
0.0222874
0.0218991
0.0216389
0.0217702
0.0217034
0.523318
0.0217916
23.7933
0.0217015
0.0216935
0.0218529
0.0218167
0.0222801
0.0297696
0.0220317
27.2996
26.0102
0.0238621
4.08016
0.149661
0.144959
0.0238359
0.0218608
0.0311538
0.168193
0.021648
0.122279
0.0216539
6.97919
0.0219798
0.0217802
0.0241816
0.0258346
0.0234129
0.0216193
4.20862
0.0225686
13.9623
0.106303
4.2216
0.0220419
4.57162
0.103839
0.0218118
0.0769671
0.122037
0.0245336
0.0301955
0.0214472
0.0723035
4.48146
0.0218821
4.23901
0.0221118
0.10279
0.0219218
0.141753
4.2037
0.022579
4.29748
0.0215376
0.0227885
0.105116
0.0329881
0.457527
0.0217997
0.0229038
0.032887
0.0857863
6.22113
0.0217687
0.0218758
0.0218982
3.88261
0.0235038
0.0268193
4.27626
0.0220163
0.0225561
0.0213922
0.0366257
4.56235
0.0530385
0.0297018
0.0221455
0.394335
1.30696
0.0221156
0.0263326
0.0218999
0.021616
0.0222074
10.5575
0.0657791
0.0574751
0.0367304
0.0215912
36.07
40.1596
0.0218454
0.0231906
4.51196
0.0236502
0.0226919
0.0217114
0.0245819
0.0217509
0.0222478
0.0296493
0.0242714
0.0221501
0.39926
0.0219899
0.882426
0.0873505
4.51528
0.0603381
0.0367708
0.0215034
0.300364
0.0314659
0.0222395
0.0218667
0.799023
0.0214883
4.51386
6.11634
7.39182
0.0364493
0.024944
0.0253338
0.0221527
0.0219453
1.10367
0.0217705
0.0719045
0.0218697
10.3221
0.0217776
0.0217641
0.0234924
0.0220537
4.94412
0.0257012
0.0463789
10.8506
0.0528704
0.0257712
20.3316
0.0219084
0.0227786
0.201567
3.09659
1.43754
0.194437
0.0218965
0.0217913
4.87538
0.0266016
12.2912
0.0962017
1.06181
4.21315
0.0220178
6.72328
0.0815229
0.0216536
0.289775
0.0220822
0.0315249
4.2985
0.0220715
0.0281025
0.0221463
0.796035
0.0224761
0.0221393
0.0218653
0.0220126
6.75607
4.77675
0.737471
4.20957
4.42241
8.27989
0.0274736
0.0218801
0.0262506
0.0215922
0.0214105
0.388594
0.0219649
20.129
0.029242
18.5681
0.0240652
0.100446
0.0663606
0.0220307
0.0215764
0.0216823
0.0282501
0.0218519
0.0320238
0.614955
12.8715
0.0222139
8.37507
0.0218053
7.029
0.022239
0.0964008
36.7636
0.132463
35.984
0.022101
0.0218995
0.0395556
0.0218491
0.0273152
12.0009
0.10043
12.6135
0.0373548
12.7682
0.0351152
0.519183
0.0214055
4.53389
0.0326989
0.0217335
0.0220386
0.0228247
4.77202
0.0288086
0.0215288
0.893341
4.53347
0.022241
23.35
0.0222299
0.0308459
0.021905
0.0365811
6.43269
0.0344831
40.0086
11.1714
0.0221471
0.0219694
0.0361685
0.092573
0.0574114
5.09209
5.74976
0.0219699
12.7442
0.0219256
0.0216767
4.72443
0.202404
4.65069
0.0283961
0.0218642
0.0530241
4.51104
4.98183
12.5767
0.270459
24.729
5.6822
0.122002
0.113078
29.1419
23.6263
10.1341
8.2371
25.7071
20.692
19.6586
0.0216367
2.05402
0.0214894
0.0293538
8.84328
0.0254423
0.0266357
4.84335
0.0334128
0.0257276
0.0220153
0.0362431
0.114476
0.0335038
0.0219964
0.0220015
0.0225648
1.113
0.0217436
0.137795
0.0220585
0.0222761
0.0214186
0.0221511
4.22987
3.74066
0.0285794
9.05805
0.0221924
10.5264
0.021579
0.0218959
0.131867
0.0219071
0.0221392
0.0221754
0.0601608
0.0249111
0.0462289
0.0218526
0.0218464
0.0372847
4.51249
1.3542
0.0578113
3.57944
0.62955
0.0219369
5.51128
7.81297
13.4918
0.0217599
0.0222381
0.0223836
0.311867
0.0219748
4.6189
0.021887
0.10643
0.0220183
8.18314
0.0220766
0.0842885
0.0245775
0.0221916
0.0221109
0.096461
0.0231486
4.63405
4.11924
0.0218588
0.0216524
4.69581
0.124738
3.8309
0.0222261
0.17211
0.0221529
0.0215532
0.0850312
10.5727
0.11116
0.0369531
0.0223861
0.0263936
0.0371555
0.0221263
0.421861
0.0225623
0.03512
0.10343
8.3014
0.0354658
0.0217741
0.0217598
10.4053
0.0223583
0.0345669
0.021779
6.30287
5.67563
0.0219229
0.0216697
0.23135
9.09499
9.98569
4.53015
0.0225384
0.121406
0.0474952
4.00204
10.3144
0.0254916
0.0234544
0.0267186
0.0959356
0.0222267
0.0893317
0.0284611
0.135899
0.631281
0.0216341
0.0221257
0.034653
0.0219286
9.63274
0.0217979
0.0217647
0.614611
0.0985337
0.690709
0.0254322
0.165191
0.0365309
0.0219116
0.0310362
0.0232069
0.0538496
6.01761
7.50302
0.0226296
0.0215024
0.0577809
0.078413
0.0239217
0.0244745
0.0221176
0.0213843
0.0519128
0.0696302
0.0218986
10.6058
0.0220587
6.63635
5.01492
0.0222939
0.0351263
0.0223515
0.0238879
0.0463902
0.0583441
0.0228209
0.0222882
0.0949391
0.021799
0.307888
0.0216483
1.35762
0.035143
4.46402
0.456893
4.1773
0.074289
0.0214292
6.95592
0.0213893
0.0227528
0.0221847
0.0222175
0.0307709
0.0228011
0.0335096
0.022288
0.182505
0.0539507
0.0940716
0.0538985
4.69977
0.0218225
0.0348141
0.0217699
0.0221817
0.0217862
0.021872
4.89781
0.0222279
0.0222299
0.032134
0.202882
0.0468092
0.021786
0.126273
0.329194
9.25092
0.0242605
2.90548
4.38053
0.0220063
0.0231361
0.0760388
0.0652522
11.3254
0.133961
0.0220861
0.0472533
0.0214561
0.152307
0.740704
10.5082
0.220028
0.0218462
27.3852
0.0216607
0.0217948
0.0249347
0.0540528
0.0387806
0.0895704
0.0359379
0.0214437
14.0093
0.0564909
7.6603
7.91261
4.40755
0.0279335
0.0231348
0.0223991
0.0225461
0.0219882
0.0249318
29.2022
15.3054
6.54193
0.378454
0.36597
0.0219869
0.0219189
0.0228043
0.0243729
12.7938
0.0227878
0.0222378
0.0217269
0.0217122
0.0215696
0.0376398
0.0326476
0.0217186
0.0273576
3.72467
0.814878
0.0355467
9.81916
0.021843
4.97635
3.32394
0.117419
0.0217848
0.0218624
0.0221967
3.95884
0.0262785
0.0280591
0.044249
0.256841
0.0386809
0.0222868
0.0221486
0.0684866
0.0218654
0.105223
0.0246956
0.0297203
0.0216075
5.93988
0.0324687
0.0218986
3.38277
0.022286
0.135693
0.0218355
0.022034
6.30682
0.056351
0.0425695
0.0218208
0.0217609
0.0216825
0.0215916
0.0220104
0.112741
4.54368
0.231081
0.0412736
0.0824112
0.0217837
0.116528
0.0222783
0.767847
2.14503
0.0256469
0.0218834
0.0217073
3.80615
2.06966
0.0238184
0.150772
0.0308987
0.0222265
3.97285
0.0221922
0.100827
12.9151
0.0221133
9.54005
0.0213884
0.0223368
0.0389426
28.0353
0.0215861
0.0239005
9.55312
0.333894
5.87285
0.0216193
0.0222207
6.24281
19.1865
8.5841
16.5271
0.0542099
0.0221964
0.0218081
0.0221103
0.0216735
0.0221573
4.58301
7.72436
1.85314
5.06103
0.0214945
0.0216176
3.82313
0.0279708
0.022211
0.0217084
0.02213
4.29061
0.0412134
4.86194
0.0222321
0.0219919
0.0222193
0.0375732
0.0250201
0.0227872
0.0244933
4.05801
4.22931
0.0230579
0.560741
0.0219085
0.022131
0.121455
0.755033
0.0214044
0.122465
0.0219345
42.4939
0.022047
0.678219
0.0222953
0.0361177
0.0217956
0.0222883
0.022922
0.117699
0.0660586
4.62825
0.0218954
0.0221984
0.0215075
21.4726
8.93251
0.0239789
0.137141
0.084186
0.022992
0.0261688
4.17535
0.0434605
0.0215279
1.5023
3.48663
0.125848
0.022274
0.0216609
0.0222136
0.0220176
0.0480506
0.0222714
0.0221664
0.0261134
4.36409
0.022249
34.5655
6.29551
3.17149
0.079847
6.55687
6.99525
5.81925
1.27401
4.50499
1.09958
0.0689269
0.162794
0.0217608
0.652281
0.0219691
32.8214
0.737184
0.0214454
15.564
0.0430775
0.021686
0.140636
4.0627
0.0217764
0.0663535
0.0217738
4.51293
11.9503
13.8517
0.0220609
4.48598
4.98654
9.43454
0.0544367
0.0432122
4.27744
0.0214609
4.5102
3.48386
3.54565
0.0219728
0.0251895
0.0216095
22.9208
0.0219136
0.74247
0.0365362
0.0283252
1.5058
0.0242881
0.022024
0.0219653
0.0220436
0.0222145
13.7895
0.0218901
0.0269197
22.4983
11.5128
0.145169
0.0226412
0.0345359
0.477547
0.0215132
0.0221912
0.0236848
14.0293
0.0246884
0.55487
0.0219681
0.0215971
0.0731236
0.0434394
0.0376967
31.7923
0.0217107
1.29474
0.0254845
0.0220278
0.0504027
0.915739
0.0217661
10.3017
0.0278258
0.657323
4.9911
0.169463
0.0218233
12.8195
0.770386
0.0325195
0.0262079
2.71616
0.4096
0.0219082
0.021721
2.71916
0.0216919
0.0215747
0.0227441
0.123863
3.87963
0.0215558
0.0365432
0.0626457
0.0797032
4.10025
0.0218945
0.021906
0.0218787
0.0222659
0.750216
6.55869
0.0458367
0.0219509
0.0214184
0.127354
0.0220958
0.0247092
4.80752
0.0222465
0.0240595
4.7322
0.0218056
0.022036
0.0275175
0.0220192
0.021901
3.4107
0.0753924
0.109816
0.022211
0.0223774
0.0415055
0.0518299
0.0220101
0.0433746
0.0214578
0.0247753
6.53598
0.0222887
9.29585
0.0214087
32.9959
4.66876
0.0217837
0.0275548
0.937353
0.0249618
1.13528
16.0327
0.022295
0.0366855
0.0218068
2.92477
0.926397
0.0220755
13.8738
0.0222977
0.0217915
3.02471
0.0784252
0.531163
6.666
0.127695
0.0216579
5.28586
0.0218137
14.8261
0.0222149
0.0819449
22.9028
0.0222454
0.0216988
0.0382572
0.021512
0.432339
4.9913
0.0217638
0.0215876
0.0215847
0.0216242
1.53962
0.390737
0.0389922
0.744249
0.0276074
0.0261593
0.023684
0.0319621
0.0288206
0.021513
0.0221383
0.0216318
0.0217517
0.0244817
0.0979289
0.0222521
0.29909
9.61205
0.021643
4.20652
0.0215803
0.760882
0.0223325
4.72675
4.11221
0.0221627
0.286203
0.0222863
0.339272
0.714735
0.0219186
0.0222689
0.0883266
0.0307209
0.0222248
0.0420217
10.4796
0.0222833
37.2075
0.0226856
0.0218194
0.167354
4.13897
0.022966
0.021869
0.0269815
0.0219688
0.0393728
0.0215937
0.0218832
0.0214481
0.0222388
4.91984
0.0268692
0.0222285
0.0217347
0.0266312
8.48467
7.02964
0.139788
0.0216476
0.257766
0.0413597
0.0214158
0.0218513
4.69169
0.0222508
0.0217492
48.131
0.0304219
10.1372
0.0225811
0.0460718
9.8425
2.20192
0.758848
0.0217674
0.0770563
0.0221634
0.0225237
0.0216404
42.8461
0.0549953
0.0217007
0.346352
2.34303
6.39864
0.0219929
4.11361
0.0222152
0.0219397
0.187687
11.7333
0.0260173
9.82625
0.0781681
9.35232
0.0216507
0.0300789
0.0698666
0.0218991
0.0222064
0.467151
0.0369393
10.4832
18.4777
0.0216746
28.0018
0.024866
4.88914
0.0221806
1.31147
5.24238
0.0858301
0.0222194
0.0219168
1.57711
0.0220731
0.0214647
0.16458
0.030878
0.021911
3.58639
0.0219513
0.0217481
0.0221821
0.0221905
0.0214738
0.0217341
0.0216215
12.7891
8.7576
0.0222996
0.0215689
0.0218327
0.0217575
0.0273564
0.0217539
3.67525
0.0325245
1.21973
0.0295872
0.0278898
1.83328
0.0218286
0.0946745
3.96329
0.0250829
0.836084
10.4895
6.33631
0.0213884
0.0220455
0.0217346
16.2865
0.996231
5.73685
10.4562
0.0322054
0.0216674
32.0761
0.0290235
0.0220362
0.021888
0.0220379
4.96856
0.0345339
0.220086
0.0218225
0.0220235
4.22281
0.0215473
0.0228233
0.0217932
5.7081
0.0215834
0.0218048
0.072609
0.0222161
0.0221715
0.0246094
0.103345
0.0369157
0.633462
0.0823719
0.0222462
4.91416
0.0323349
0.0217813
0.0220023
7.61505
0.0219818
10.3712
4.93548
0.0215736
5.00171
0.0218033
4.12623
0.840489
5.01089
0.0486538
0.250388
10.0262
0.0364034
10.412
0.622895
0.021905
0.0217616
0.0561532
0.0671912
11.9253
0.0275313
0.0274921
0.0218806
0.0224139
0.0217002
0.0315976
0.0457542
4.37205
0.0456866
0.0220323
6.73492
0.0404877
0.0220776
0.0219
0.0218672
0.0215348
0.0229364
0.0222312
0.0461216
0.0324308
6.87741
10.5515
2.28248
0.0216297
0.0218587
0.0386697
0.0261251
0.0217237
0.0255529
0.0216177
5.72549
0.0219535
0.0744033
14.4549
0.0222121
0.0220128
0.0218742
11.7874
0.0804723
0.0511948
5.52115
0.0217146
0.0230488
3.9937
11.4441
0.0222308
33.4166
0.0224154
0.0487819
5.19042
0.0217827
0.0221487
0.0219056
1.23922
2.80883
2.26417
40.4213
0.0222513
0.022064
0.0219646
0.113837
0.0221514
0.0215863
0.0221056
0.0216301
9.92033
0.0222927
0.0222917
4.05779
0.411655
9.84328
0.0260096
0.0291547
0.0328154
0.219976
0.123761
8.45278
1.47322
0.698075
0.021717
4.57717
0.0215711
0.0242215
0.0219756
4.51373
0.0214437
0.0217724
0.0221063
0.0220823
0.886884
0.0224741
0.0222939
0.247053
13.7774
0.0218591
0.0217523
0.0706631
0.0216712
0.0219862
0.0217868
0.0218814
0.0343112
0.122885
0.0275484
0.351225
10.4969
0.024492
2.6662
0.119437
0.0290689
4.64167
0.0216425
4.5634
4.83539
41.0932
4.10321
4.85146
12.6025
0.033535
0.0219205
0.0228533
0.0218563
4.76379
0.0219063
4.60934
0.971823
0.0221815
6.85083
0.0670802
0.021715
33.6183
0.115866
0.0214216
15.4482
0.0223261
0.0322963
8.45203
0.023287
0.16692
26.7029
0.0215699
5.13454
1.31388
0.0220795
12.3526
0.0217027
0.0502614
0.0219016
0.0218721
5.42238
0.0217614
0.0218247
1.00406
24.4913
1.14875
0.0219221
6.05362
5.4169
0.117645
4.54422
0.0216948
0.0218402
3.93255
0.0217394
0.0217319
0.0222106
0.0220101
4.42542
36.7034
0.0437625
0.021616
0.0278516
0.0218887
10.2488
0.0221644
0.0244969
9.0083
9.87451
10.0182
12.4794
0.350678
0.0218981
9.74719
0.0218394
10.2644
9.24567
0.100385
0.0221581
0.0219497
0.552153
0.0216982
1.88196
0.0217663
0.0215156
0.0215715
7.40441
1.8109
0.0217721
0.0214016
0.186506
10.225
9.5759
10.2084
0.0218258
10.079
0.024858
0.0220777
0.0307677
9.10143
0.0219304
0.0223874
0.021921
9.33863
1.83204
0.0218805
0.0220784
7.41029
0.0707939
3.73014
8.33941
0.363854
0.265479
0.0542747
0.0219175
14.8622
0.0217862
8.802
0.021992
1.34445
0.0218226
0.0465681
0.250876
0.234437
10.163
0.0218968
0.110852
0.0247471
0.0219449
0.0619237
0.0219019
0.0409875
0.022003
0.0218725
0.0218783
0.0475083
0.0264287
0.0214
0.0220283
0.0217055
0.092305
0.0219977
0.055632
0.0216624
0.022295
3.95716
0.0229943
0.0589767
0.101086
0.0217383
0.0217737
30.4547
0.109622
0.0216577
12.7817
0.0216422
0.0219181
11.469
0.0213968
0.0222003
0.0399656
0.0221887
0.181009
0.485947
0.592855
0.0827531
0.0221432
10.3499
0.0222944
0.0220824
0.148844
0.0237222
49.4511
0.0219024
0.0215221
0.0220015
22.7341
13.4077
0.0217658
0.0272256
0.0222485
0.0583693
0.0216733
0.0218241
8.57469
0.02225
0.0217811
4.60912
0.0221831
7.81891
0.0219383
2.40729
0.0219425
5.90846
0.091613
0.0219407
0.0219477
0.0222507
0.0222323
9.66975
0.0342842
0.0508188
9.08693
7.75124
0.0218065
0.0222498
12.4468
0.0920929
0.0221283
0.021719
0.021928
0.0513167
0.0374899
0.0885201
0.0287188
0.021662
0.0219754
11.9441
0.0219921
0.0218469
0.0240423
0.0315933
0.0218876
0.0217406
0.0236012
0.0415504
0.0216192
5.85908
0.0217257
0.282589
0.0214015
4.85743
0.0215225
0.0232804
3.50684
4.04321
7.43548
0.646601
6.584
0.021935
5.84746
0.0216734
0.0216457
0.0381224
2.07693
14.8631
0.0215786
4.5491
14.6669
4.45991
0.0222639
0.0215976
0.0216402
0.0221023
8.45865
0.09999
0.0691759
0.446035
0.0217826
0.0214122
0.0216021
0.0217654
0.167938
21.6078
0.0219695
35.379
0.0871687
0.290646
0.0577845
12.7949
5.04933
0.0217243
0.0219886
18.578
12.3568
6.93661
0.0221802
0.153743
13.7605
0.0215122
0.0221928
27.7539
0.0215596
0.121106
0.114107
0.0225643
16.4904
0.0219257
0.0666366
18.4607
0.0267809
3.33309
0.0219272
2.65322
5.2821
0.0217087
14.4236
0.02167
0.0278095
0.0219012
1.23418
2.96416
0.0272401
0.0215026
13.8707
0.0222875
0.0214276
0.0218764
0.027196
2.68291
0.0214587
0.0227763
0.0217548
9.2988
14.8319
0.0226928
0.112391
0.488337
0.12031
0.110655
0.0220274
0.0512896
0.0270339
43.3798
0.0235381
0.0232778
10.7329
0.032773
0.116181
0.0271977
0.0219463
0.652721
0.0217035
0.021987
0.0217345
4.36507
0.0219208
7.9079
0.0221266
4.04586
0.0218552
0.0325974
3.28034
6.62137
0.0216832
0.0222619
0.0219053
7.39091
0.0216354
4.55063
0.156266
0.840482
0.0219444
0.0214801
6.35726
0.0939619
28.3511
0.0311978
29.0746
0.0289391
0.0219276
0.0219416
0.0704158
4.03931
0.0218788
0.0330894
0.0218902
0.480756
0.0217697
0.108659
4.09381
0.021683
0.021408
0.072694
0.0217651
0.313297
18.7757
0.0222243
0.479154
0.316215
0.0471631
0.0215755
0.0217645
0.041276
0.0373877
0.0252384
0.0528619
0.360009
0.0217251
0.0291158
0.0473862
0.0217659
0.555784
0.0223992
4.06137
11.826
0.0221074
0.0225022
4.73155
24.5722
12.7426
8.55832
0.0217242
5.02485
0.585005
0.0216173
0.0262904
0.0216778
0.0218751
0.0215872
0.0220025
0.0222451
0.0418512
0.0215643
0.0225838
0.0273687
6.87639
0.0218035
8.07335
3.78663
0.0216246
0.0220909
0.0220641
0.0220961
4.44364
0.562349
0.0219436
0.0218157
0.0219511
0.0222689
0.0219598
0.0240788
0.0217264
0.323411
0.51946
6.58341
0.0271438
0.0217584
0.0264771
0.023769
0.0220033
0.117859
0.0222456
10.125
0.0302058
0.18516
0.0222876
0.0216856
5.83685
0.0219179
0.0522483
0.0220597
0.124669
0.077421
0.0895273
0.0221747
0.0240423
0.619129
0.0216946
0.022215
0.0235075
0.0219509
0.0217196
3.10945
0.51082
0.0217337
0.0217686
2.31188
0.120441
0.0218452
0.0218896
0.0525654
0.0223765
0.0271951
0.40069
0.837214
0.0228469
0.0530552
4.83574
0.0219121
0.0221935
0.0219384
0.0216056
0.0217581
6.14878
14.2768
4.64523
0.0242332
0.0369924
0.0219034
0.0222593
0.0262789
0.841185
0.0501335
0.0262163
0.0517
0.0715852
10.2968
0.0219926
0.562576
0.0434572
0.274288
0.0352664
0.0216142
0.627312
4.43402
0.0331338
10.7553
0.947858
0.0216853
0.0563265
3.84744
0.0215276
0.0222327
12.231
11.5656
0.0214441
0.0217986
0.112926
0.0215707
4.64858
0.0216429
0.0217443
0.0220974
4.20472
0.0293925
0.0766879
0.804385
0.0775073
0.0290825
15.311
0.021633
0.0215419
0.0218881
0.120422
0.704946
0.0498623
0.0241189
0.0217744
0.0217542
7.45587
0.0219159
0.0219231
46.9573
10.7766
0.363352
0.0219253
1.57686
0.0218075
0.0220472
0.256973
0.412339
0.0219564
0.719209
0.0219136
0.0225757
0.0269402
0.0232514
0.021801
0.02153
3.79161
12.5516
0.0216956
0.0216186
0.187251
0.0304541
0.0219037
0.0261764
0.0221364
0.0217966
0.040189
0.0216096
0.0220689
8.21188
9.54764
0.0258226
0.0218564
17.1275
0.0213874
0.0217111
4.7089
0.0220225
4.94506
0.228138
0.0262161
0.882064
0.0219027
0.0218292
0.0218865
0.0217687
0.267481
0.0277655
0.021918
0.0216019
5.3803
4.08399
0.0217391
5.71638
12.9902
0.0219043
19.6343
13.5014
0.0269927
0.0220128
34.4663
0.0220208
0.0217467
0.0218496
0.0218134
0.0220669
0.080108
0.0783763
14.8921
0.021896
13.1463
0.267634
12.1314
0.021902
0.408387
0.0217096
0.0282682
9.8919
0.0219108
0.0733845
10.388
0.0256914
0.0395004
0.112454
0.0214168
0.0216819
0.0522122
0.0219989
12.1674
0.511819
0.0219391
0.0219428
0.0269005
0.0221494
0.047907
0.021987
0.369397
0.0218628
0.0217831
0.0580015
0.0316436
7.95891
0.0836456
0.0228469
4.54607
0.0912018
0.17382
0.0222134
0.759431
0.433017
0.0221108
5.74641
34.4584
0.0216225
0.0222945
0.15541
0.0815051
0.0217769
0.0428099
0.943701
0.0214275
0.0219356
0.0437279
0.0222183
0.0536213
0.0217626
3.92406
1.29069
0.0394908
1.99614
0.0214857
0.638605
4.318
6.08569
0.0316175
0.0216049
0.0225562
0.103955
0.0220844
0.0216257
0.022249
0.132331
0.0219132
0.0216246
0.0222665
0.0214295
0.022273
5.80016
0.427841
0.0221999
0.0218055
0.0217602
0.0220236
0.141182
0.381798
1.08983
0.0743971
12.6127
0.0220131
9.85398
0.479968
0.0279356
0.0218759
0.036561
0.0220176
0.0219139
0.0214521
0.0804642
6.60761
0.0218441
0.11799
0.0873467
0.0329632
0.0221471
9.29798
0.0221598
0.0235134
0.114197
0.416229
0.0222344
0.0219641
0.0215163
0.022609
4.62083
0.0222156
7.51035
0.0219125
0.0218896
1.28991
0.0224264
0.0219498
0.0222357
9.92787
0.0222172
0.0982248
0.0307567
13.4732
0.113741
5.90588
0.0218747
0.0223271
0.021687
0.0217983
0.0267868
0.022098
0.021897
13.2859
0.0222855
0.0220087
7.18454
6.59551
0.0218207
0.0564656
0.0215944
0.0214497
0.0228057
0.0216316
0.985073
16.8721
0.0214044
0.0221618
0.073424
7.74341
0.0220235
0.0525658
10.5585
0.0220732
25.2098
0.0224818
4.77564
0.022223
0.951604
8.434
0.0216879
5.112
0.0233973
0.021637
0.0218404
1.02159
3.64762
0.0606351
0.0221726
9.28499
0.0219948
0.0224802
0.0219261
13.7962
0.0776392
0.0429157
11.1194
0.0217835
1.15846
11.9139
9.69088
12.4747
0.0354815
0.0344747
8.3027
0.0219856
0.0225609
0.0723012
3.81879
0.0214146
0.0222853
0.0218975
0.0219459
0.0219123
0.0329465
0.47963
0.0218308
41.5766
0.0219041
0.0228236
0.0219411
0.0540773
4.34191
0.0221654
0.0217134
0.0521412
10.9514
0.992892
13.6968
0.605179
0.0218708
0.0218497
0.021471
0.514405
0.0223856
0.0218821
39.4335
0.0218993
0.0928606
12.0991
0.0219494
12.0333
6.54551
0.811515
0.0528477
0.11125
22.7916
0.30672
0.0219041
0.0216385
0.0342799
0.0221584
0.0498902
32.4023
11.6303
0.0284888
7.67551
0.876161
14.5608
0.0214233
0.0221803
0.0219334
0.0216816
0.0218897
4.60652
3.96131
0.0218646
3.5337
0.0218657
0.0218832
0.562388
0.0217732
0.60921
4.46603
5.05278
0.0217248
0.0218638
0.0222469
0.0222439
9.82687
0.0219637
0.0257394
0.0220218
0.102354
0.0235921
0.0220087
0.0219357
3.80605
0.0216095
0.531638
0.0218163
3.7162
0.0220287
0.0219456
0.0225635
0.430172
0.0216725
0.0217517
11.1393
0.0218848
0.0365054
0.333301
0.686576
0.0366397
0.0217528
0.0218968
0.692774
0.0281081
0.0216684
0.0827962
0.0933764
2.02609
0.0219612
0.0219255
0.0219227
0.0217437
0.0219412
0.022224
0.694576
0.0225512
10.7532
1.20061
0.0406614
0.0224295
0.0218498
0.602251
14.549
0.0217079
0.0218969
0.0753545
0.0222744
0.0226708
18.0768
4.63434
0.0218843
0.28289
0.0222886
4.79461
0.0215869
0.0220171
0.0218946
4.74343
0.021586
0.0218888
4.61252
0.0218501
0.0334749
0.0686405
0.021909
11.6306
0.0263006
4.77955
5.00031
0.0218939
0.0222535
4.56173
0.0218179
0.0218348
0.0219716
0.0284724
0.0220737
10.5547
16.9994
5.01504
5.04314
0.0215781
0.61554
0.0218584
3.8491
0.0261283
0.0280674
0.0217182
7.26142
0.0220579
0.0224038
13.0026
0.0217208
0.0378663
0.0335515
0.0222791
10.2422
0.0217279
1.42091
0.0269323
0.0219775
0.0218452
0.0214212
4.18061
0.0217396
4.79462
0.0222667
0.0240927
0.0233323
0.0252589
7.93483
0.0220915
0.0237659
0.150886
0.0500405
0.139681
0.0219421
0.0218622
14.3629
0.0214018
18.7845
0.0297865
0.0218569
0.0218988
9.91933
0.439965
0.0217557
9.39638
0.0218088
0.0226926
0.0217932
0.0491994
0.0230454
0.0537055
5.78004
0.021889
0.0217075
0.021914
15.8922
0.0218785
0.0221637
4.31181
0.0218722
0.142068
0.0217071
0.0267753
0.0219432
0.0220671
0.0221339
0.22924
0.0320081
0.0218003
0.118112
0.0221041
2.89612
0.0219029
0.130143
0.0218819
0.0218798
0.0219188
35.6187
0.026274
0.0221174
0.324149
0.0217961
0.0283818
0.0222385
0.0242353
0.0222729
0.021891
0.0217485
13.2927
0.0219742
0.0218047
3.88699
0.022003
0.0217586
0.0218836
1.16236
0.0222055
0.0525908
0.0279053
0.580355
0.0222111
0.0444103
0.0217168
0.0222966
0.0268534
8.56529
0.0222926
0.0216617
0.0219127
0.113
0.742915
0.0223174
0.0218361
0.021691
9.09565
0.0216047
0.0330988
0.0406622
2.09946
0.0222948
0.0215704
0.860817
0.0222088
0.0496257
0.0289099
0.0214278
0.0391115
0.0219759
0.0270834
0.0214504
0.0217463
0.0219171
13.0007
0.0220077
0.27328
0.0216556
10.9033
3.83549
0.163393
0.0220081
1.55134
0.355519
0.0300781
0.0218943
0.0293022
14.9693
0.0218154
3.8051
0.0222557
0.099127
0.0245477
0.0222149
0.128147
7.78395
0.0218092
0.0236622
0.02192
0.0321365
0.0218467
0.0216968
0.0220399
3.83561
12.7499
0.0222912
0.0219224
0.0216732
5.79126
0.0218431
0.116934
0.0218842
4.42693
9.75727
3.97578
0.0416815
0.0222519
0.0220893
15.7564
0.0216663
0.0350166
0.0222661
0.0334231
37.8104
11.7932
0.0222869
0.021602
0.0303995
7.88854
0.0549772
0.0218062
3.70388
18.0951
0.0215354
0.67763
0.0214872
0.0431919
0.0218418
0.0222116
0.0222856
0.0335782
0.0218756
0.0214802
12.6589
0.0236106
0.0223521
4.40785
2.667
0.0220304
13.3564
0.0220992
3.9261
0.0232776
0.0214945
0.0215695
0.0220144
0.0252163
0.342199
0.281432
0.0220013
0.0223789
4.7262
0.022041
0.0216065
0.0218556
0.0219096
0.409741
0.0219187
0.0215944
0.0216198
13.0103
0.0222667
0.0219009
0.021637
5.0009
0.0221647
1.41199
9.77772
0.0219058
10.597
29.9622
0.0221664
0.0487937
0.130219
0.0214859
0.0216814
0.0225182
0.021925
0.615483
0.0256353
0.0218042
0.0216304
0.0218861
0.0220279
0.0215944
0.0222291
7.04226
0.021552
0.0218375
0.0253054
0.0218381
4.2429
0.021872
0.0220552
0.0219794
0.0221431
4.60615
11.2167
6.03903
5.09611
0.0221153
9.279
0.0218318
0.0215908
0.231781
8.23042
0.0222141
0.0219116
0.074135
0.0913106
12.794
10.7914
0.0437143
4.81709
0.0225271
11.34
0.0219004
0.0247095
0.0218582
2.9096
0.0218834
11.3096
0.0222536
0.0236064
0.0221464
0.0222966
0.390727
0.0215915
0.0214572
10.361
0.0517961
0.0222464
0.0215335
0.0215826
0.0223
0.022255
0.0220633
0.0218712
25.5163
0.0217898
0.0219487
0.0222548
0.0215915
0.0215653
0.034912
0.0222971
0.0375717
0.0221652
13.0761
0.0217114
0.0838857
0.0575563
0.0217808
0.903227
0.0214339
4.37545
0.0220445
0.022016
0.0218358
0.0215595
0.109286
0.0218457
0.022129
0.021565
4.61532
0.125768
0.0220221
0.022271
0.73433
5.02467
29.1884
0.35985
4.22075
0.0218083
0.0218522
0.0331652
0.0218392
27.8872
0.022258
0.0916377
0.0218283
0.0222472
0.028049
0.0214677
0.0222506
0.0389685
0.548824
0.0216296
0.0215492
0.0222091
0.0218842
0.0216559
0.0216507
0.0219295
0.021862
0.0291773
0.0502175
7.21265
4.31861
39.3879
0.0215586
3.94967
0.0218266
0.152738
1.00653
0.0220314
5.04482
0.0218597
1.40244
11.3795
0.0724878
0.0218753
17.6552
0.0235486
0.151256
0.0223864
0.0291971
17.2577
2.13606
0.514032
0.0238712
34.0316
0.308858
55.4411
0.0265725
20.2419
35.2167
13.5358
0.0216304
0.0222741
5.17391
0.0214424
0.0219361
0.440392
0.0219117
0.0220954
0.03528
16.4492
5.37876
12.4899
0.0218646
0.0218236
0.0222075
9.50082
4.58756
0.34348
0.0247374
10.7894
0.0218873
0.0292816
2.83681
0.0242599
0.367587
0.0222393
0.022234
4.73821
0.0218029
0.806133
0.0218587
0.0223301
0.0417775
0.021787
0.0234039
0.0799664
0.0222667
8.55465
0.0218744
0.0214477
5.46692
0.0222117
0.0219083
1.99251
0.0754701
3.44595
4.79807
10.3587
0.0218346
0.121123
10.685
0.105293
0.0270779
0.021844
12.1693
0.0217564
0.022057
0.168928
0.0844619
0.0413133
0.0220788
0.0222308
0.021819
5.01083
0.0474006
7.76171
0.0222711
10.6577
0.0218666
0.0426733
0.0235808
0.0216129
0.170145
0.364261
0.0322642
0.137095
5.34855
0.0222725
0.0232916
0.0266014
0.0309462
0.0218844
0.0268912
0.0265062
0.13008
0.0215175
11.0283
12.7822
0.0218926
4.36846
1.03737
4.94728
0.022271
0.021545
3.92606
0.0219255
4.99478
0.0222308
0.0222723
4.81075
0.0233146
0.0216409
28.221
0.0254413
0.0756898
0.0218951
4.74996
0.0586744
0.109647
0.0336275
0.0223135
0.13584
0.0222177
28.0666
0.02553
0.45155
0.572261
4.14714
0.153887
8.34317
0.0235167
0.0790574
0.0348804
0.643649
17.6009
0.0217858
0.532806
0.0220474
0.0218871
3.77321
0.0633121
0.0215302
0.0719171
2.88119
4.9387
0.5304
3.1827
0.0685252
0.0222634
0.0235802
0.0216884
13.3117
0.0218573
3.18559
0.494551
0.0230806
4.98918
14.499
0.0216463
2.84805
10.8291
3.31162
0.0219661
0.0218837
0.0221344
0.0402427
0.0222729
1.58294
11.4619
0.0395862
2.58456
0.0222909
3.98629
4.85942
4.19959
0.0218966
0.454907
0.0252754
0.0875693
0.0309575
0.295012
0.0364057
4.28729
0.022248
0.021824
0.0215955
0.694468
2.38464
0.0218983
12.4245
0.0691782
0.0777533
0.0218625
0.12573
0.0221609
3.83332
1.78193
3.94183
0.0990828
12.1723
0.0702788
4.8478
0.0917397
0.0220878
0.47052
0.0218224
0.043359
0.0219365
5.4665
0.0216326
0.0247487
12.3851
0.0465422
0.0429801
0.0750663
10.4779
21.0132
3.96306
3.923
0.0390357
0.0219066
0.0216113
0.0413816
11.8754
10.4563
0.0305673
0.0276645
0.0928842
0.0412652
0.0934519
0.515744
0.0953342
0.0479979
0.0567757
0.589578
0.0215218
10.3471
0.02174
0.0222806
0.136874
0.0293997
7.40077
28.2965
0.131231
0.481278
0.451278
0.0218614
6.10154
3.91632
0.0397026
0.0274816
3.85872
0.0369144
0.0455557
5.06865
3.74686
0.0218946
7.62257
10.9222
0.0216801
3.87848
0.0221799
0.0215252
0.0214402
0.0304063
0.535808
3.83685
0.484068
0.057339
0.0545697
0.0386044
5.06841
)
;

boundaryField
{
    frontback
    {
        type            empty;
    }
    topbottom
    {
        type            fixedValue;
        value           uniform 0.0223;
    }
    outlet
    {
        type            zeroGradient;
    }
    inlet
    {
        type            fixedValue;
        value           uniform 0.0223;
    }
    walls
    {
        blending        binomial2;
        n               2;
        beta1           0.075;
        type            omegaWallFunction;
        value           nonuniform List<scalar> 
120
(
20.1448
39.4654
20.9736
41.527
43.5239
33.3829
34.4071
41.6987
38.5646
14.9269
21.9984
44.9095
21.1709
31.7194
43.7399
24.5744
16.6381
30.6688
14.6534
27.8409
31.8337
13.9856
22.8903
41.521
40.9054
13.8056
46.5276
8.80922
29.8134
8.45636
8.56314
8.63504
7.36451
7.37389
32.743
30.3814
13.8855
27.3277
45.2319
38.1398
41.6379
14.4772
39.7349
44.0438
14.8459
45.7544
41.9137
23.3631
46.7998
27.7803
30.1252
13.3528
27.4073
31.1745
31.2598
42.7921
15.4872
13.8879
33.8368
6.27085
7.044
41.6367
23.3404
41.0451
37.1051
7.87596
7.60839
8.48701
47.106
38.185
45.0425
25.8749
23.8915
46.1132
17.4218
19.7683
27.8738
16.4857
20.0254
7.31085
8.64229
26.3659
6.18588
43.8806
48.2133
29.7563
7.7556
37.1861
8.73439
19.0307
49.2859
4.2216
10.5575
8.84328
9.05805
9.29585
32.9959
48.131
42.8461
41.0932
33.6183
15.4482
24.4913
49.4511
28.3511
46.9573
25.2098
41.5766
12.0991
32.4023
11.6303
25.5163
29.1884
27.8872
39.3879
17.6552
34.0316
55.4411
35.2167
13.5358
)
;
    }
    procBoundary0to1
    {
        type            processor;
        value           nonuniform List<scalar> 
80
(
1.37533
0.0339687
0.0217459
1.05654
0.0215941
0.0240887
0.472209
0.022698
0.022698
0.023172
0.021434
0.023423
0.0319674
0.0297874
0.0519241
0.0213717
0.396944
0.63853
0.329634
0.0223532
0.0297874
0.0215409
0.0213819
0.0280389
0.0444147
0.0215058
0.0214085
0.0214183
0.177871
0.209189
0.0223532
0.0213761
1.66944
0.021396
0.0216603
0.0214023
0.0213866
0.0213866
0.0214793
0.0262257
0.0213917
0.0213698
0.0444147
0.0213892
0.0869958
0.0869958
0.0386211
0.177871
0.0213992
0.0213686
0.0214462
0.0214599
0.0213892
0.104265
0.150037
0.0220882
1.78311
0.0386211
0.0213983
0.150037
0.0731088
0.0250335
0.0613926
0.12494
0.0213696
0.0213842
0.0213819
0.022754
0.0218249
0.12494
0.0213842
0.267082
0.104265
1.79542
0.241046
0.055325
1.67893
0.209189
0.0217324
0.021939
)
;
    }
    procBoundary0to2
    {
        type            processor;
        value           nonuniform List<scalar> 
165
(
5.9399
13.6837
16.7047
0.142732
0.0220268
8.36884
23.9905
7.8536
16.6338
14.1332
13.6837
0.0267497
0.0278802
0.021968
0.0219916
16.7047
0.021975
5.25881
6.8626
0.0249915
0.0225636
0.0224285
0.114001
4.2631
8.05421
0.0224285
0.107618
7.17914
3.28818
0.0227114
7.81598
0.0220781
4.60817
4.57685
4.60817
0.0219269
11.8279
0.0219336
0.0668488
0.0668488
11.0281
9.81869
4.54341
0.0221099
0.651387
0.342039
0.0218946
5.48633
0.0422877
3.7287
0.651387
0.0220873
3.76988
0.0243271
4.8479
4.50177
4.82978
0.0238089
0.0234959
0.02212
10.1915
0.342039
3.78673
0.0219157
0.0220484
0.0220575
7.46399
10.1826
0.0219008
0.051913
0.0221426
0.0231647
0.021892
0.0219395
4.68385
0.0222937
0.0392861
0.0219557
0.0221441
0.0223067
0.0219557
0.0220884
0.0469181
0.0580864
0.0219008
0.0264514
0.243958
6.02258
0.0218928
0.0219153
4.46593
0.0219998
3.78673
0.0222235
0.0298851
0.0221788
0.0254159
0.0817758
0.0469181
0.0219197
0.0310239
0.0222139
4.62992
3.92804
0.0219716
0.0366792
0.0219484
4.3803
2.05469
2.6821
0.0222662
0.022155
0.0219048
3.55792
7.89434
7.04739
8.05117
4.3063
3.87444
0.0229402
6.60469
0.0343575
0.0366792
3.14145
0.021894
8.62329
7.72361
7.2592
0.0220378
0.0327065
0.0219014
3.98621
0.0222525
6.21496
0.0278802
6.94169
0.192278
0.0817758
0.0220025
0.0220175
4.19048
0.0221897
17.2354
8.27981
7.35265
8.11215
3.74995
13.5512
6.27672
7.34777
10.7506
19.215
8.04491
8.76226
3.90018
8.20975
2.2781
0.0288228
12.4382
34.064
0.0222254
3.84419
1.27646
8.77026
7.24384
)
;
    }
}


// ************************************************************************* //
