/*--------------------------------*- C++ -*----------------------------------*\
| =========                 |                                                 |
| \\      /  F ield         | OpenFOAM: The Open Source CFD Toolbox           |
|  \\    /   O peration     | Version:  v2012                                 |
|   \\  /    A nd           | Website:  www.openfoam.com                      |
|    \\/     M anipulation  |                                                 |
\*---------------------------------------------------------------------------*/
FoamFile
{
    version     2.0;
    format      ascii;
    class       volScalarField;
    location    "200";
    object      omega_0;
}
// * * * * * * * * * * * * * * * * * * * * * * * * * * * * * * * * * * * * * //

dimensions      [0 0 -1 0 0 0 0];


internalField   nonuniform List<scalar> 
9793
(
0.0223793
15.6412
0.021936
2.63096
0.0222597
0.210509
0.0842046
5.23341
0.0221513
15.9635
0.0221967
0.0221874
0.021917
1.75816
0.0217868
0.0265725
0.0539866
0.021931
2.15128
0.0215568
0.0216245
0.0222917
2.66397
5.33507
1.83575
0.026623
0.0220993
0.022262
0.0215672
0.0814916
7.86868
0.386657
0.0220115
0.0219448
0.0218679
0.0287006
0.0246075
0.0249437
1.57323
0.0310604
0.0698748
9.11899
4.09316
0.0222717
0.0219609
0.0220422
5.91856
0.0222844
0.0217139
0.0219383
0.0284037
0.0218509
0.037949
0.0222686
0.0331603
2.20196
0.021926
0.0925616
0.0217208
0.0222914
0.0270457
0.0980323
0.0219512
0.0354919
0.021963
0.0220765
26.2591
0.0242769
0.0250856
3.07984
0.021973
0.102732
4.81177
4.25276
4.1192
0.0222624
0.0458914
10.5999
0.0219819
0.0222705
0.0498582
2.08001
0.0521481
0.0239923
0.0251111
0.250296
0.0222612
0.0694337
1.58663
0.0941245
1.85709
1.50944
1.59937
0.0414876
3.80204
0.0219034
4.64192
0.0507753
0.0248064
0.0222685
1.45847
0.0360874
2.42466
0.0219661
3.43096
10.1907
4.12123
0.0218777
0.021986
0.0222835
0.0222336
2.19165
3.28468
7.57463
0.0219505
0.0221126
0.0243867
0.0220503
1.87412
0.0220279
2.97661
0.0745217
6.59785
0.042813
0.0246392
0.0220336
0.0616226
6.1698
0.19003
0.198347
0.0238698
0.0218006
0.0222751
0.0234558
0.0275427
0.164344
0.690663
0.0244278
0.0222737
0.0619371
2.17591
0.0278133
0.0219307
0.0566012
5.73252
0.629871
0.0220343
4.45355
0.0217968
0.0220282
0.0220699
14.0824
0.0243337
0.0220923
0.0219186
1.32305
0.0576192
0.0219461
0.605703
0.021913
0.0653274
0.0239835
0.0216315
0.359977
0.0220863
9.88137
2.27564
0.0222863
0.0218789
0.0222174
0.0219441
6.24657
26.569
1.94351
0.0219103
0.191167
0.138598
0.753168
0.0219667
0.0242183
3.8192
7.16402
0.0814952
0.022035
0.0220729
0.0218723
7.18495
4.66976
22.0592
2.56901
0.0220005
21.5441
0.420317
0.02544
0.0217567
0.023318
1.98656
0.0215938
0.0219288
0.022204
0.0219919
0.0216244
0.0295426
0.0252294
1.75578
0.0219254
0.0282821
0.0222838
0.0223363
0.436683
0.0594101
2.31366
0.0216319
2.65073
0.0240139
0.0431253
0.0218
0.159744
0.0221214
0.0504792
0.0543893
0.0216278
1.4207
2.06816
0.0397188
0.0218886
0.0520364
2.08541
0.0496423
0.0505021
1.60596
0.140929
0.0408722
0.0362272
0.371868
0.0215891
4.54488
6.45102
0.0215997
0.0222223
8.71599
0.0219005
0.0222313
0.112448
0.12527
0.022067
0.0242452
0.0293884
0.0383718
0.0243165
0.0219729
0.0443922
2.96055
0.0216252
1.9687
0.022262
0.0221701
0.0216581
2.12634
0.0219774
3.43562
2.67285
0.0221033
0.0221311
3.95742
0.0218324
0.0222397
0.0217961
2.4186
0.270617
0.02498
0.442542
0.086776
2.31942
3.94841
0.0223106
22.514
0.0222643
2.07532
7.72725
1.63175
3.06788
0.137225
0.023897
0.0480966
0.0248333
0.0217901
0.0223868
0.453814
0.0267894
0.0221396
0.0222838
0.0216293
0.0216527
0.0216285
2.52677
0.021868
0.0217773
0.0218375
0.021919
5.52226
0.603607
0.0639818
0.0228762
0.0571727
0.0219424
2.72237
10.2151
0.0219714
3.11667
0.0336206
0.0219551
24.7175
3.83485
0.0220194
0.0466132
13.2199
0.0221333
0.0339544
0.0217777
0.022221
2.18052
0.0411293
0.0219543
0.0220215
0.0227473
0.175775
3.33987
0.02194
0.0218716
0.0217474
6.96079
4.43387
6.94973
0.0215846
0.0435756
0.0347666
2.17544
0.0697858
0.0215834
0.0216413
0.0217478
0.0466008
0.0220598
6.81886
0.0220882
0.0217765
2.66358
2.43545
2.31181
0.0217235
1.45087
0.0247437
4.09394
6.24245
1.67898
0.023649
0.0323608
0.807939
1.7254
2.11147
0.0264919
0.0222634
0.0253578
0.021681
0.0218522
0.0220396
0.0220816
0.022292
7.93106
0.0222066
0.0617991
0.0306435
6.36679
0.0215781
0.0240814
5.12579
0.498776
1.85608
0.0678245
0.0217802
0.0237323
0.0219397
0.469329
0.021565
2.2405
0.162523
0.0845338
5.72199
2.21413
0.0221374
0.0218885
1.12569
0.434336
0.0219245
5.48395
0.0221314
0.0221757
6.71505
0.0216301
0.0944589
0.0215995
2.28659
0.0220935
0.0220981
2.70503
0.0968907
0.0531992
0.0254256
0.0220748
0.0218317
5.9591
0.0505616
0.0215684
0.0221947
0.0343637
0.0347557
0.0526433
6.93816
0.0221957
0.0219416
0.395514
0.0220813
2.55195
0.714749
0.0220647
0.0220164
0.0223549
0.0221165
0.0217319
1.47771
0.0509112
6.81648
0.0289338
0.0233966
0.0430331
0.0246584
1.74149
0.0262964
0.0222678
0.0242901
0.520632
0.0219392
0.0219165
0.0219721
0.0215679
0.0219865
0.0217961
0.0220439
0.0221577
0.0228797
0.0247887
0.111537
0.0219256
1.4709
0.0256774
0.215381
5.02691
0.0217978
2.84741
0.0823129
0.0217662
0.0215682
0.0219355
3.53469
0.088259
0.0215648
0.0221205
0.0221972
0.0674717
0.155483
10.4207
0.0219764
0.0219206
0.0316601
6.52964
1.59166
0.0236991
0.0233325
2.04757
9.84704
0.259945
0.0221775
0.0217882
1.65765
0.0219082
0.13655
7.28361
0.0215567
0.238424
0.027154
1.4397
0.0218326
1.90739
0.301752
0.0260637
2.90423
0.0219062
1.96103
0.0220946
0.0218849
0.0222231
0.0219461
3.47996
0.021898
0.0217037
0.0228287
0.0215941
0.0217889
0.0465076
0.0228041
0.0348532
0.022034
0.0220383
4.04131
0.0748949
0.0236501
2.00774
0.0243734
0.0221838
0.0219818
0.0217308
8.7498
0.0216937
0.0220692
8.21013
8.96767
0.0390865
0.0219247
0.0222841
0.0221394
0.022241
1.88705
0.0221797
2.97369
0.024257
1.86068
0.022262
19.3209
0.0222112
0.231281
0.0219148
0.0886288
4.22391
0.0221033
8.94189
0.0218983
0.0222182
0.0216144
4.78714
1.80442
0.021944
0.0279723
0.0216888
2.00258
0.0218154
0.0450707
1.80955
0.0252449
0.0220265
0.0457898
0.0222451
0.0221884
0.0217652
0.104105
0.0219559
2.19095
0.0220519
0.0220778
0.0395254
0.077798
1.73331
0.0217651
18.1837
0.0218831
0.205258
0.0219146
0.0222375
0.0219036
0.0220497
0.0222682
0.223214
0.041045
9.05381
0.112912
0.0352844
0.034341
5.28528
0.0237562
1.83512
3.55921
0.270042
12.2038
5.6782
0.181314
0.0221949
3.41197
0.0391653
0.0221395
0.368753
0.0222509
0.448869
0.0360066
0.225766
0.0276212
2.1159
4.89167
0.0372402
0.204636
0.022216
0.679201
0.0228668
0.0219182
0.0220442
0.0235968
0.0467875
1.55244
0.282492
4.83913
0.0234609
0.0234346
1.43217
0.357585
0.0230848
0.0624454
0.0223598
4.90793
2.81912
0.0220587
0.0642691
0.278418
5.19758
0.0219579
0.0258448
7.68739
0.0288344
7.79191
0.0924789
6.33728
0.0257369
0.0238678
0.0219208
0.0219189
0.261251
0.0222842
0.301114
0.134495
0.0824455
0.0222596
0.0222238
0.0236602
0.0221098
0.0218325
0.0219023
0.103058
3.67719
1.86815
0.0222797
0.345652
0.0219501
4.02539
0.0470406
0.0470365
0.0341796
0.27577
0.0217469
0.0220606
0.0433004
0.0219073
0.0220875
0.0610811
1.49677
0.0216236
0.241998
1.67847
0.0245319
2.08942
1.74578
0.0218131
0.0552324
0.0272574
0.021993
0.0216113
0.103081
1.67697
4.743
0.0219535
0.0220159
0.0216595
0.0247953
0.0228344
0.0238351
0.575668
0.0466879
0.0221515
6.98617
0.0296487
0.0336252
0.0220421
19.333
0.0237329
0.021918
0.0836519
2.10737
0.0215725
0.0220499
0.0219466
0.0255304
0.0217426
0.0380126
0.681947
0.0221678
0.103569
0.0228843
0.0219899
2.44307
2.76749
0.374432
0.0220751
0.0215863
5.33361
0.0258782
2.19471
0.0215507
0.0218993
6.73466
2.75478
0.0300003
0.101857
0.0629897
0.0218849
0.0222717
0.0219463
3.16172
0.0220572
0.0222928
1.60325
0.0274638
0.306897
0.0328503
0.0219355
2.53966
0.022268
0.0219097
0.0219352
0.0306883
3.42305
0.022162
0.0219706
0.0219049
0.0218931
0.0219417
0.0219339
13.6257
0.0317104
0.0227996
0.02211
0.0316995
0.0618761
0.0265054
0.0285033
0.0222839
0.0216529
0.0233399
2.15697
2.38023
0.0232408
4.65034
0.0222153
0.0252679
1.32684
2.19156
0.0217773
0.0221805
0.345016
0.0519114
0.021907
0.0222486
2.25781
0.0222682
0.069774
0.0220115
0.615882
0.0222475
0.0222404
0.0221268
0.0310557
0.022062
0.0245158
0.0261148
0.163561
0.0218626
0.0219974
0.0222498
0.0218796
0.0221548
0.0219592
0.0309718
0.0221112
0.0525859
1.95229
0.043302
0.0641424
0.0222019
0.0217646
6.75848
4.61067
0.0216015
2.02713
7.51753
0.0215925
0.0219663
0.0218764
0.0972813
0.0545948
2.42183
0.0218561
0.0251555
0.0218591
0.0222663
0.0222286
0.0868414
0.0221292
0.255901
0.0220933
0.0585832
0.0218933
0.0231135
0.0219095
0.0386278
0.0601512
6.98186
2.98086
2.016
0.0484133
0.0218983
2.9599
3.76626
0.0624694
0.0220394
0.0220849
1.98831
0.0218687
3.14847
0.0216041
0.029564
0.0222041
0.0222698
0.0217841
8.76052
3.08995
2.90428
0.0724679
5.35177
0.0219509
3.01489
10.1829
0.0222705
0.022062
0.0217263
3.70355
0.0215519
5.11572
0.0324536
0.145612
0.0222617
1.00629
8.13646
1.70367
0.0295481
0.032174
0.0220408
18.2859
0.021531
0.606083
0.225981
0.0687477
9.78828
3.26471
0.0239271
0.023416
0.021949
0.096878
5.32676
5.2499
0.0217413
3.95143
0.0260309
0.123883
0.122587
1.52236
1.5673
0.0216343
0.0260378
0.0306791
0.0242338
0.0239381
2.53586
0.0221969
11.3248
0.0217565
0.0216139
0.0795931
0.112201
3.28033
0.0226241
22.9882
14.6777
0.699651
0.0268663
0.022233
0.0226281
0.022227
0.0219107
0.945871
1.72346
0.0221764
0.0219147
0.0320309
1.71239
0.0259415
0.0219226
0.437892
0.0219387
0.0222749
0.0215406
0.0607121
0.0220293
0.0250133
4.35756
0.0617013
0.0222637
4.26658
0.130182
0.0219339
0.0230027
0.0341211
0.0222624
0.0219652
0.0217462
12.7734
1.48679
0.0221973
0.0357247
0.036206
0.666654
0.0219392
3.22386
0.0218612
0.0217492
0.692921
0.261366
0.0661142
0.022019
0.0218938
5.84476
1.51613
0.294784
2.85855
0.0221029
0.0237897
0.0220151
8.42868
0.0242287
2.38641
0.0226941
0.0219292
0.0236233
0.0216672
0.0218753
0.0644778
0.0217752
3.19316
0.0217963
0.0221725
0.0215593
0.0249699
1.81975
2.79855
0.0528277
5.56822
0.0219808
0.0361001
0.0233259
8.02362
0.0218218
0.021623
2.76304
0.0347392
0.0328396
0.0221117
0.228591
8.84635
2.26156
0.0221168
0.034464
0.912406
0.031615
1.10704
0.125525
0.0821768
0.0217634
0.0225594
0.0620846
0.0772359
0.021988
0.100398
0.0217342
0.022183
0.0222466
0.0217609
0.0219028
0.0219893
0.820381
0.025796
0.0229574
0.0462566
0.0217446
0.021926
0.0383407
2.71695
0.0846119
0.0618151
2.25593
0.022234
8.89386
0.0293568
5.29173
0.0618531
0.0222018
0.0220894
0.0234963
8.21883
1.7426
0.0510923
0.158479
0.0216499
0.0218925
0.022248
0.022201
7.80819
0.0257038
0.0219645
0.161203
0.288068
5.89457
0.022752
2.57865
0.0558045
0.0407373
0.0323299
0.426309
0.25126
0.022236
1.59645
0.299425
0.0387593
2.13459
0.0456726
0.0222145
0.0222638
0.0219101
0.0231407
0.0271677
18.2065
0.0511514
0.0218704
0.31778
0.022004
4.36981
3.35109
0.0219567
27.5981
0.0217932
0.0217495
0.0220182
1.58585
14.8418
0.049216
0.0312583
0.0217081
0.577192
0.0222313
0.0310542
0.0220908
0.0221286
0.0219112
5.23102
0.0227875
0.0421256
0.029059
0.0222115
0.364291
0.136478
0.0344168
0.0253628
0.0238065
1.72907
2.63698
0.0218804
0.0217581
0.0218777
0.0225615
5.82853
12.8666
0.214051
0.0256528
0.0217791
9.23663
5.19962
0.0221938
22.2876
0.0217061
0.0860863
11.5197
0.0217369
6.66282
7.56158
0.128197
6.36319
5.64963
0.0218386
0.0226576
2.47766
1.51688
0.0225353
4.92007
0.0249944
0.0219033
0.0222738
0.0231775
0.0404571
0.0252875
0.31137
6.55669
0.235701
0.0342698
0.022079
0.0608464
2.17968
0.0217537
3.62954
0.0479798
0.0222199
0.0246278
0.0222416
0.0221777
0.0315356
2.30139
0.0224788
0.0217876
5.12458
1.54177
0.0713975
0.0222613
0.0565888
0.0219266
0.0219313
4.12108
9.12585
0.021921
0.0214853
2.76786
4.48782
0.0486479
0.0222383
9.82622
0.0227081
0.0219275
0.0239161
0.0219321
0.0216436
0.021618
9.62516
0.207613
0.0259388
1.60926
0.0456772
1.49005
8.39026
1.95766
0.163579
0.0219299
0.0222387
0.0223142
0.0219925
0.0757125
0.0218808
0.109595
0.029338
3.22176
0.0220466
1.53772
0.0362214
5.11382
0.0219247
1.74735
0.0301416
0.181939
0.257529
0.0311939
0.0216149
8.88284
0.0568906
1.58674
0.0215988
5.32821
0.0220266
4.6781
0.510121
0.0435673
0.0219202
0.0220885
1.86969
7.15307
0.0320773
0.0215566
1.40974
0.0863481
0.0454142
2.82641
0.0806148
0.0219105
3.8482
0.0219144
0.033459
0.0216103
9.30004
0.0216178
0.0235823
0.332922
3.5751
0.0222218
0.0681456
0.0243865
0.0790319
0.0218791
0.351599
0.023416
0.0641003
0.0219264
0.0219853
2.00496
0.0287455
4.79613
4.57774
5.33489
0.0227148
0.0216354
0.0217556
0.0257224
0.0372039
0.0315494
5.57443
0.0235486
0.558994
0.0420817
0.022281
0.0219354
0.0703829
0.43486
9.09612
0.021905
1.6298
0.0218621
5.23229
1.46552
0.0473669
0.0219952
0.0217273
0.0433077
1.84554
0.0243568
0.0222687
0.0238003
0.045293
0.0228865
1.55906
2.0631
3.90676
0.0221561
0.0264035
10.944
0.0221867
0.061849
0.0218039
0.862916
0.036587
0.0219487
0.0434859
0.186098
0.0219264
2.18577
0.0219132
0.142508
0.255437
0.506306
0.32538
0.0221663
0.0221857
19.5839
0.0221411
0.0400998
0.0844585
0.0235582
0.0215214
10.8216
0.0248796
0.404372
0.0233891
0.066816
0.0225272
0.405307
0.0252648
0.0247074
2.42359
1.21595
0.0220891
0.022273
0.16776
2.07893
1.93864
0.818565
0.0295004
0.0219203
0.0217962
1.81385
0.0221382
5.54799
0.100421
2.37455
0.022107
0.0217127
0.021791
0.043447
0.0457861
3.72678
1.56945
1.10676
0.235183
0.021601
2.51812
0.0230396
0.064135
0.0228863
0.0406134
0.0608598
0.0219235
0.0215695
0.0654239
0.0216312
0.0395051
0.0708446
3.34295
4.23505
0.0379534
1.75199
0.021738
0.021629
0.0220739
0.201073
0.0615972
0.0468012
0.114744
4.59667
0.039596
0.157459
0.0218091
0.022071
14.6883
0.0219127
0.30314
0.0214619
0.0218538
2.06172
0.334997
0.0218461
0.0815568
0.512117
3.37143
2.41975
0.0251341
0.0677528
0.0499132
5.38464
0.0220509
4.92086
5.52709
0.0237087
0.0260009
0.0216056
0.458083
0.0217271
0.0219826
1.6028
0.0222242
0.0215584
0.209201
0.0598406
1.52908
1.51933
3.33634
1.87738
0.0216066
0.0219048
0.0218513
0.0222051
8.64769
0.0220722
1.76
0.0230184
4.65804
0.0244791
0.0221064
0.0216776
0.0222196
0.0303847
0.0220318
0.0215111
0.364273
0.0218152
0.0521482
0.022455
7.16813
0.0245158
0.0220784
0.0219259
0.0539631
0.0219061
0.0217591
0.0220886
0.0222147
0.0245347
0.0218428
0.0234152
0.0315717
3.86167
5.19878
4.68516
2.51603
0.0217626
0.0220048
0.0219209
0.0214241
0.0219304
0.0217291
0.189321
0.0218533
0.0222517
0.0220685
0.0220425
0.0219414
6.6833
0.0241712
0.0219715
19.31
0.0439538
0.0217083
7.52179
7.62122
0.0220196
0.474066
0.73222
0.022036
0.045987
0.0239551
0.0215539
0.0274949
0.0220129
0.0402452
0.0220123
0.0222473
0.0217399
28.1624
0.0285368
0.0458085
0.0220322
0.0222653
4.65282
0.025784
0.0220358
0.023888
0.0242553
0.0222519
0.221267
11.2139
1.32106
1.57923
0.227886
0.0375693
0.0222597
12.6126
0.166778
0.022763
0.060816
0.0222932
0.0218943
0.0222464
2.7496
0.0464414
0.0219985
0.0220415
0.190304
0.0217245
0.438944
0.0219426
1.86256
0.236049
4.103
0.0220792
0.0232095
0.0318294
0.0356417
0.0222633
0.0389762
0.086246
5.71617
0.0219693
0.489426
9.40975
0.0215613
1.837
0.0436222
0.333596
0.108299
0.0219168
0.0279029
0.0411212
0.0216811
0.0251287
0.0215397
4.25208
1.90206
0.0327468
0.0218262
0.155079
0.0751589
2.83214
0.310723
0.0233799
0.028281
0.0219465
0.0219155
0.0411891
0.0519026
19.6356
0.0218108
0.449241
0.0225412
9.7004
0.184368
2.40504
0.021597
0.0229444
1.98769
1.80532
0.0432056
2.19647
0.0228761
0.247252
0.021913
0.0218463
2.63911
0.530357
0.0248359
0.0220937
0.0754918
2.16662
0.196677
0.0667874
0.0217674
0.022014
0.0217132
2.39776
5.13658
0.0217501
0.0455718
1.83607
0.0760762
0.289471
1.65499
5.57302
2.22438
0.0217666
0.0227695
1.59847
0.0218895
0.0494653
1.56277
9.09924
0.0233859
0.030259
4.88752
0.626426
2.02033
5.02716
1.68572
1.49418
0.0221108
0.0216123
0.0219896
0.0225658
25.3497
0.0549246
0.372818
0.384702
0.0567237
0.0219458
0.396677
0.0216994
0.0307669
0.0219213
0.0408199
6.68475
2.80877
0.0220711
0.021598
0.0386738
4.73518
0.194045
6.85678
0.0446914
0.0220511
0.0836576
0.0214592
0.0964314
0.0320554
0.0219073
4.75405
0.179903
0.566317
0.0584385
0.0222408
0.0215725
7.19345
0.0252275
0.0216169
0.022145
0.0222559
0.0216798
5.59561
9.85028
1.95382
1.40359
5.95929
0.023985
0.0219418
2.79321
0.024378
0.0856856
6.58277
0.0218658
5.30969
2.85949
0.0606474
0.0337533
0.787479
0.023124
1.7818
0.037832
2.01914
0.0218162
0.0228789
0.0410486
3.24254
0.117623
0.0686036
4.93636
2.15103
0.0719198
0.165434
3.28039
0.0242634
0.367993
18.4864
0.0360487
0.0631715
3.12163
0.0324061
0.0370273
0.0221035
0.0373114
0.0396486
0.0569173
0.0220884
8.6664
0.165903
1.83713
5.26309
2.14708
0.0398042
1.59682
8.71457
0.0218455
0.921121
3.18032
8.70214
0.027936
0.024224
1.65718
9.79291
0.0216068
0.239797
0.0217499
0.0219084
4.17139
0.0253974
2.28906
1.5784
1.83607
8.64143
0.0216172
0.0356809
0.0219851
0.0218425
0.110343
0.0580458
0.0266382
2.79855
1.84576
0.0222731
0.0262648
1.35056
0.0234479
0.401548
0.0479579
1.48359
1.4831
0.426003
9.14276
7.26009
1.81945
1.50147
1.7138
0.0312061
0.0251975
0.118044
0.121617
1.81225
8.46976
0.0221319
0.0225955
5.38822
2.33233
0.0247515
4.89186
0.0219211
0.817879
4.64907
4.88837
0.0219226
1.67234
1.55224
0.0269054
0.0349197
5.5336
4.90965
4.88188
3.52394
0.0219805
7.10412
1.62221
0.0408005
0.228699
0.108613
0.0217317
0.0267291
3.45976
2.25861
0.0245988
0.0221716
1.57891
0.0853787
1.80416
0.0755184
2.23765
1.53454
0.0219904
11.0502
0.0222852
0.0305022
0.0220463
0.0218167
0.0217012
0.0374173
0.285081
0.0214896
16.6744
0.071976
7.47264
7.34339
1.99667
0.0219086
4.50375
1.5258
2.0098
0.0345061
0.0219234
4.2133
0.411931
2.05098
0.0550943
0.0234401
0.021684
5.46809
5.3148
0.0335435
16.3611
0.031047
0.0221694
1.46773
0.0540791
20.1829
0.021903
0.0295346
1.67229
4.76318
1.49849
0.230099
1.48629
1.70732
6.61127
0.0220475
7.51876
0.0478937
0.0218298
0.0215493
0.0219152
5.2071
0.0494063
1.49787
1.55361
0.0366682
0.153718
0.078589
2.60511
0.263651
5.71855
4.92165
1.30243
0.0895558
0.0216451
0.710704
0.0572276
0.109731
1.4521
2.58226
1.71652
0.0220944
0.0241446
0.0477279
0.0220593
0.0219597
0.027887
1.52598
0.0286732
0.025278
1.43031
0.0732293
0.319712
4.52797
1.57514
0.472644
1.90845
4.87698
2.23563
0.0623756
0.0314641
0.0220927
1.29657
0.108941
0.23197
0.0630486
0.0608986
0.021448
0.183098
6.2088
0.0265743
0.0215815
0.0230756
4.10177
0.0218736
0.0220252
0.0633123
1.5543
0.0285231
0.0553067
0.181185
0.030533
0.0601165
0.0218508
0.021982
0.0414673
0.228042
0.0222194
0.031366
0.271011
6.93864
0.022106
11.3933
0.0218674
1.56509
0.0232359
0.0233888
0.0215484
0.185197
0.034527
5.5597
11.083
0.0683531
0.0221619
0.0219381
5.5013
3.40497
0.0217998
0.250272
1.59822
0.0530585
0.077302
0.0214215
0.0226618
0.0219219
1.49037
0.0426514
0.0220504
6.31733
0.0223446
0.0576867
0.269128
0.0217332
0.0988441
0.0607227
18.0642
0.0223953
0.0261743
0.0233831
0.054849
0.0213985
0.021904
5.84915
0.338716
0.0764412
0.0218708
1.84483
0.0223473
0.0223485
0.0219575
0.520579
6.19488
0.0237782
9.78992
1.96603
0.0649529
2.97349
5.45485
5.05054
7.57736
0.0536478
0.0640658
0.223339
0.0484311
0.0219506
0.030098
0.0297473
7.58
0.022079
3.19672
0.0219775
0.409819
0.0925387
0.0228102
0.0229349
9.72274
10.6989
5.43935
1.58937
0.0218096
0.0675345
4.6227
0.0260141
9.93992
0.0407195
0.107265
1.63445
0.033992
0.021993
0.126815
0.1522
0.0219123
1.51091
0.8311
0.0217052
0.0222394
0.0221212
0.0220095
6.28349
0.0219723
0.0479344
0.0220249
0.0223376
0.0323084
0.0219382
1.51665
0.0856639
0.0221358
0.0216219
0.112613
0.0233363
0.0552778
5.99523
4.85557
0.0537992
0.225618
0.0405992
0.0215889
0.139597
9.8845
0.0379754
1.48384
6.196
0.0752066
0.0388787
0.0280313
0.0677098
0.0378887
5.68273
0.0221133
0.0221503
0.021795
2.31035
9.83
0.0359649
0.0979609
0.0218675
0.0266116
0.109149
0.27706
0.0219033
0.0604579
1.80188
0.0875978
0.0219903
0.0219197
19.7346
5.67137
0.0219329
0.587925
0.0306078
0.205155
0.303231
0.0218589
2.97284
0.0291643
0.0220248
2.6023
0.206517
0.0219197
0.0221623
0.279266
0.0217677
0.022041
0.153783
0.0419377
0.0456786
6.42445
0.0252767
0.0418486
1.74904
0.0218335
9.19755
4.74697
0.0251358
0.0594013
0.181897
0.0219644
0.162916
0.021464
2.14435
1.50449
0.0220037
7.01051
7.74668
0.0219302
0.0219327
0.57369
0.0380742
1.60232
1.55103
0.022095
0.043328
5.05281
0.0226264
0.0487685
0.0695734
0.0337788
2.88353
0.204246
0.0233124
0.235734
6.22503
0.0453574
3.23356
0.0219113
0.0215468
0.0222675
0.0421218
4.94791
0.0220657
0.0333077
15.507
2.66692
0.0222177
0.0298371
1.98671
1.57535
0.0222247
9.30799
0.0338287
0.0883798
0.0347797
0.0230773
0.0259627
0.0219491
0.0219613
6.18181
0.0219335
0.0520566
0.0219822
4.60718
0.0233001
0.023923
0.0215855
0.0237634
0.0219829
0.0416418
5.23067
1.00797
0.0379741
0.0422807
0.0219674
0.0315779
0.0518693
2.2807
5.18375
0.0218297
1.01018
0.0220228
2.29246
1.43716
5.07422
0.0218262
0.107057
0.0715819
5.80741
0.236946
0.0218396
2.59709
0.324538
0.0378094
2.88396
0.0221712
0.0219883
0.0393169
3.44116
0.0219193
7.09265
0.0338923
2.74172
0.089625
0.0223693
2.16204
0.0280932
0.0220856
0.273192
0.021925
2.80779
10.2937
0.16105
0.0275222
0.152271
0.0219258
0.103496
0.0442907
9.71927
0.0220058
0.0216131
0.0268228
0.0295709
0.0433301
1.88216
3.87223
0.0357319
0.226102
0.0218009
3.42002
6.67767
0.18486
0.0219168
0.0222602
0.0231322
2.63539
0.0220463
0.0263117
2.29858
0.083742
0.021973
0.262404
0.0786295
0.0219876
0.0251129
0.120462
1.54394
0.0695987
0.0432425
1.92435
1.54248
0.428697
0.0265968
0.0220982
0.0243635
0.0246074
0.140747
0.0568704
0.0274595
0.0771079
5.19497
0.0240327
0.0219952
4.90419
0.302352
1.76544
0.183849
0.0257034
0.0236752
0.0235642
0.0217579
0.0218775
0.0433773
0.0215421
0.0228876
0.0220236
0.0229183
0.0235182
0.0219466
0.0385085
0.0361927
0.0220729
0.0219336
0.0221192
0.0227012
0.0223123
0.245778
0.0220572
0.023381
1.44897
0.0216873
0.0231923
0.0222266
0.0271781
4.91687
9.3378
2.55981
2.97135
3.01358
0.204655
0.0218707
0.0585063
0.0219879
0.751846
0.0230835
0.0293603
0.0221545
0.053866
0.021959
0.0308684
0.02178
2.40335
0.166412
0.0220787
4.1289
2.8053
0.0221324
0.0877284
0.0219502
0.0215896
7.37507
0.0221071
0.0648738
0.195514
0.022105
0.0215488
0.0724959
1.65117
0.0249457
0.0233913
1.50646
0.0219429
3.81131
0.0498275
10.0683
0.021666
1.56228
0.0219106
0.0221449
0.239819
0.0581077
2.2464
1.74896
6.79112
2.65017
0.165209
0.138839
0.0220462
0.133453
0.0219998
0.0218191
0.0924671
0.0219078
0.0219831
0.021598
0.0216086
0.0555126
4.71301
1.51483
0.400541
2.53257
0.0235069
0.0302361
0.0227895
0.0227135
0.0743024
0.0220178
0.0217179
0.0218088
0.0236391
0.0231169
0.202712
0.0798376
0.04596
0.0221089
0.0542156
0.0552524
1.93941
5.3048
0.0247159
0.0391702
0.0220883
11.9906
1.65912
0.021918
0.0219336
0.0244056
0.022213
0.580211
0.287179
4.63183
0.0220999
3.67905
0.022077
2.69311
0.0500494
0.0218098
0.0280813
3.55138
0.0268782
0.0278297
0.0298485
0.0814737
4.43575
0.0217505
0.0219151
0.0279098
0.155203
0.0218525
1.98625
3.72126
0.0219491
0.0214169
6.25257
0.0636281
0.0219173
5.20408
15.9832
2.17928
3.78416
0.0278196
1.96246
0.0220713
4.76205
2.9207
0.84128
0.0631089
0.0238485
5.12946
0.0249452
0.0218664
0.0214461
0.327356
0.0216295
6.32882
0.0226145
0.0221345
0.0249659
1.51331
0.0238125
0.0227709
0.0220736
9.57107
4.04756
11.3493
1.60905
0.0413727
0.0219205
0.0240719
0.233156
0.109322
0.0219872
0.0490661
0.181315
3.73298
0.0219343
4.01159
4.82691
0.0375995
0.022063
0.0237659
0.0219511
0.0217316
0.0219381
0.0220318
0.0221463
0.0954898
0.0220956
0.12059
0.0225487
0.0226639
5.1163
0.0665712
0.0233729
0.0227579
2.18302
0.0215484
0.0227327
0.0260247
0.0218142
1.89134
0.0309264
0.0227206
0.044036
0.0219447
0.0271837
0.0218007
0.143346
0.0218184
0.0218983
6.5036
0.0234786
0.183246
0.0330227
0.023702
0.0812872
0.0214028
0.0220882
0.0226089
5.25724
0.0237515
0.0219164
1.92077
0.0219688
0.0216177
0.0218838
0.694879
0.0319558
0.133556
0.0333181
0.0306041
0.0493886
0.0238194
0.0270898
0.0472029
2.29296
0.0222175
0.0283521
0.0217962
0.253865
0.20553
0.0219046
0.0286392
2.78275
0.0297454
0.0215407
7.00463
0.0258069
0.0813385
2.38049
0.0282432
0.0218871
0.0292324
0.0219173
0.0241618
0.0219048
0.023296
0.0258872
0.0219702
0.0220682
0.0317012
0.0221242
0.0914665
0.0219019
0.0236544
0.0219223
0.0292642
1.56763
0.0220631
0.0219797
0.0975309
0.0230909
0.0219363
0.265017
5.70311
2.96873
0.0220449
0.0244119
0.0345749
0.0222447
0.0221252
0.0334932
0.180358
0.0215307
0.0525182
0.0219629
0.0218886
0.0217493
0.0215212
0.0227893
0.0426382
0.0336888
0.0267516
1.65164
0.0241452
0.0279513
0.0217184
2.1006
3.24966
2.4254
0.0220213
0.0465216
0.0281281
0.0219925
0.0221201
0.0411589
1.5271
2.39512
0.0219165
0.027478
8.1423
0.0227228
0.181765
6.08664
1.6025
0.0291015
0.0219795
0.0383166
0.0436495
0.149613
11.1493
8.21014
1.56177
0.0226962
0.0221738
0.0219213
0.103816
0.0219126
0.0216815
0.0376348
0.0219028
0.0218692
0.0218772
0.0516302
0.0219508
0.021775
0.0219719
2.40048
0.0215363
0.0220134
0.0221068
0.0225711
0.021939
0.0714029
0.0674256
7.22143
0.0215732
0.0281987
0.110636
5.2966
2.378
0.0222006
0.0222752
0.0526507
0.0942991
0.025806
0.360484
0.0219296
3.83816
0.0222781
1.48363
0.022789
0.0219126
0.0437214
0.0219373
0.0219719
0.0227161
0.713776
0.024403
0.0224213
0.0221782
0.0219534
0.0396278
0.0219431
0.0219168
0.0259311
0.102242
0.0242685
0.0218482
1.47374
6.36319
0.0219717
0.868448
0.0221432
0.0296936
0.0751924
0.211066
0.0234194
0.0229515
0.0220537
0.25923
0.0283862
0.0221685
0.0219012
0.0232027
0.157395
0.0220662
0.034494
0.0238561
0.0347766
0.0500972
0.0376497
0.088341
3.59006
0.024936
0.022039
6.88578
0.348223
0.0219308
0.0214856
0.0220632
0.0219626
0.0219063
0.0238833
0.0216688
0.0220785
5.74803
1.55755
0.0317918
0.0219343
3.04516
0.0238404
0.0216973
5.74053
0.0237058
0.0216437
0.0220942
0.022037
0.0362487
0.0220397
0.0544747
0.0219209
0.0217787
0.0219455
0.0321834
0.0356182
0.0218927
0.0561928
1.51037
0.023112
0.0218907
0.0604284
0.0217104
0.0219911
0.0218591
0.0301985
0.0220523
4.67117
0.0222959
0.230464
3.14201
0.0554412
0.0232961
0.0222571
0.0220225
0.0219377
0.0294326
0.16324
0.11525
0.0218064
0.0237672
4.93723
0.0215795
0.170555
0.021965
0.023145
0.0308453
0.0617942
0.0219565
0.0332798
0.0279947
0.0582505
1.46811
7.4433
0.0218642
0.0219268
0.0324202
0.02276
0.0226222
0.0495193
0.0227001
0.0999704
0.0217801
0.0691209
0.0221061
0.0799014
0.0564678
1.47898
5.16367
0.0219212
0.0386489
0.931868
0.209295
0.0215902
0.0217685
0.128083
0.0219416
0.0219309
0.0217391
0.0215081
0.0706392
0.0709139
20.1258
0.0220202
0.0438039
0.022255
0.0215825
0.0230498
1.75251
0.167997
0.0219123
0.0221021
0.0218365
6.50666
0.022011
0.0219332
0.0224317
0.0219462
0.0428918
0.0218333
1.84057
0.0219856
0.0225758
0.0223422
0.0218912
0.0217384
0.0220075
12.6451
0.0217798
0.0219397
0.240582
0.0218868
0.0220426
0.0221117
0.0221559
0.0536772
0.0219027
0.0219745
2.46413
0.0235464
0.0220382
0.022234
0.0215132
1.53832
0.022938
0.0221832
0.021898
0.0259708
0.0219684
5.94398
0.0217936
0.0220108
6.04631
0.021977
0.0618184
0.0221616
0.0214063
0.0215015
0.0304831
0.0372772
0.021841
0.0222862
0.0240038
0.0219033
0.0221105
0.0220758
0.0218683
0.0217425
0.0218086
6.05473
0.0219582
0.0218345
1.81926
0.0219375
0.0268056
0.123568
1.60514
0.0218128
0.0220482
0.0219588
0.0216316
0.0229051
0.0389287
0.0238633
0.0366064
0.0217644
0.0254787
0.0219806
0.0214702
0.0279948
0.0584743
0.0235055
0.0288972
0.0220263
0.0219584
0.0221201
2.17802
0.0234941
0.0220117
3.73894
0.0229337
2.56816
0.0220632
0.0219318
0.0217319
1.60648
0.0219393
0.0249922
0.0229344
0.0220723
0.0219654
0.0220881
0.0220111
0.0242622
0.0218988
0.0387892
0.0222479
0.0391924
0.0214921
0.0216275
0.0238998
8.29071
0.0221484
0.0220483
0.0225608
0.0219246
0.0240863
2.05934
0.0227055
0.0271183
1.96304
0.695853
0.0226643
0.02271
0.146774
0.0918429
0.0231504
0.0221148
0.0218751
4.05005
0.0226192
6.00689
0.0216884
0.0215362
0.0221044
0.0218976
0.0231445
0.0215807
0.0219878
0.0222651
0.0590026
0.0237266
0.0225323
0.0216232
0.348637
0.0624311
0.0215079
0.0221041
0.0233993
0.022239
0.0220587
0.0215841
1.50272
0.0215967
0.0219283
0.0658469
0.0215741
1.96468
0.021821
0.0428617
0.0272286
0.0219683
0.0215334
0.0219202
0.0221523
0.0220428
0.0217633
0.0216136
2.39296
1.64666
1.87236
0.0216072
5.49488
0.0219624
0.0554682
0.0219186
0.0219227
0.0221091
5.84172
0.0219469
0.021905
0.022126
0.0219594
1.5294
0.0219279
1.71541
0.0214435
0.0224844
2.43053
4.86689
0.0219829
0.0219568
0.0269159
0.0220163
0.143135
0.0217495
0.613977
0.0217636
0.0355238
0.0221392
0.0218144
0.021942
0.0219515
0.0231325
0.0218729
0.0310194
0.0349093
0.119102
0.0217266
5.06567
0.0218936
12.5906
0.0219083
5.76059
1.31098
0.0217466
0.0219081
0.0215933
0.0218621
0.0220438
0.0220139
0.0215821
0.0224885
0.0214371
0.0880564
0.0221105
1.51932
0.0215739
0.021527
0.0219246
0.0219198
0.0226566
4.72815
0.0230128
3.15893
0.0215381
0.0221189
0.0348996
0.0215804
0.145341
0.0232223
0.0219287
0.0397117
0.0215035
0.0219718
0.0224304
0.0216995
0.0287335
0.0401723
0.0216316
0.0221124
0.0220458
6.32967
0.0233893
0.0215765
4.76169
0.052151
0.0216213
0.0219165
0.157388
0.0228128
0.0214352
3.8455
0.21235
0.0228225
0.0214415
0.0222398
0.0353908
0.0215649
0.17738
0.0216133
0.0216759
0.0416465
0.053003
0.0216073
0.0216072
0.0215002
0.0217312
0.0217434
0.0409369
0.0219696
0.0217514
0.022111
0.0218469
2.82772
0.0222722
3.61874
0.026354
0.0279134
0.0221421
1.73467
0.0219133
1.90463
0.0215242
0.0219589
0.461805
0.021972
0.0228193
0.021653
0.0247993
0.0217037
0.0270427
0.0215631
2.73041
0.022161
0.0215712
0.0215322
0.0215712
0.10333
0.0217768
3.81459
0.021915
0.0248576
0.0214974
0.0220168
0.220456
0.0219994
0.108464
0.0218138
0.0230748
0.0221271
0.0221331
0.0224404
0.0219164
0.0219821
0.257215
0.0215691
0.0219461
0.0225228
0.0220572
0.0220542
0.0330876
0.0218539
0.0219157
0.0218466
0.0216186
0.0217607
0.021996
11.2332
0.192942
3.7508
0.0214324
0.02362
0.0221259
0.0265237
0.119426
0.22277
0.0322288
0.0215666
0.021978
0.0219467
0.0221439
0.0221146
0.0219098
2.98966
0.0510046
0.0219284
0.265133
0.022137
5.85372
0.0219619
0.0218901
0.0218022
0.0215612
0.0214804
0.0218332
0.0216562
0.0217916
0.0415788
0.0228653
0.0219157
1.70902
0.0215632
0.022717
0.0219863
0.0215941
0.0219253
0.30781
0.021787
6.54172
0.0219083
0.021593
0.0353971
0.0218778
0.0272712
0.0776334
0.0216706
1.52858
0.0722462
0.0216019
0.0226134
0.0215241
0.243803
0.0216099
0.0277973
0.0229426
0.0217857
0.0217272
0.0218291
0.0219462
0.0224507
0.0217503
0.022371
7.02522
1.83954
0.0229635
0.0219632
0.23723
0.0318521
2.32652
0.0218013
0.0218827
0.0219635
0.0223244
0.0219314
0.0216213
0.0215906
0.0219742
0.0420229
0.0216556
0.0220164
0.0259544
0.0219874
0.0297056
0.0220421
2.49301
0.0218664
0.0219259
0.0231115
0.0407268
5.2532
0.0219034
0.0221555
0.0218786
0.0220988
2.02584
0.0224497
0.0219341
1.45668
0.0218309
0.0219961
5.04262
0.022058
0.0218548
0.0214676
0.0219161
0.0217881
0.0220011
0.0353856
0.0217886
1.82909
0.0220988
0.023705
6.71163
0.0219523
0.0216417
0.0220624
0.021438
0.0216126
1.96013
0.0219711
0.0220106
0.0224682
0.0218742
6.62608
0.0218059
0.12946
0.0217153
0.0663308
0.167963
0.0723863
2.41973
0.0267449
0.0351199
0.0286087
0.0218783
0.0219915
0.0232485
0.186747
0.0582993
0.0215172
0.0220079
0.021971
0.0217476
0.0216
0.138639
1.51639
0.162472
0.0222782
0.0221623
0.0306904
0.0220154
0.022048
0.0219042
0.0220188
0.0219459
1.52492
0.0230858
0.0223339
0.0215021
0.0645054
0.0216352
0.0220727
0.0217198
0.0215519
0.0219025
0.0220477
0.0491619
0.0217786
0.0255312
6.32565
0.021665
0.0221046
0.0216684
3.8097
0.021522
0.0217687
0.0459346
0.0219816
0.0725213
0.0217703
0.0215239
0.022553
2.3516
0.0222525
0.022094
0.0216781
0.0217762
4.25404
0.0231388
0.0217365
0.160159
0.0219096
0.0217611
2.00373
0.0222936
0.0222941
0.022293
0.0222925
0.0222919
0.0217345
0.02353
0.0230971
0.072284
0.0215762
1.92858
5.26829
0.0313683
0.0218941
0.0218018
0.0219017
0.0220431
0.021777
0.0221339
0.0217407
0.162716
0.0219256
0.0217886
0.0217531
6.79938
0.0219427
0.0221347
0.0220225
0.0219562
0.0218953
0.0217879
0.022643
0.0233172
0.0221674
0.0227987
0.0230684
0.0222419
0.0223595
0.0224825
0.0219764
0.0222858
0.0215413
0.0217909
0.0217016
0.0225429
0.0217881
6.85915
0.0218674
0.0218449
0.0219358
0.0214187
0.0229815
0.021975
0.0220057
0.0219239
4.9486
2.30372
0.0215593
0.0217845
0.144304
0.0348425
1.92962
0.0218341
0.0242398
0.0352514
0.0215505
0.0221543
0.0219618
0.0222013
0.0219209
0.164246
0.029279
0.0340178
0.0219554
1.64407
0.0221247
0.0220843
1.45764
1.9343
0.021719
0.0218656
0.0222615
0.022881
0.0219177
0.0219963
0.0218425
0.0237188
0.0215576
0.131073
0.0217826
2.19072
0.0217897
0.0220133
1.19301
0.0228061
0.0218181
0.0224173
0.0218875
0.0220249
0.0278418
0.0221681
0.347285
3.59253
7.19282
0.0217646
0.116065
0.0218761
0.0221065
0.02198
0.0218441
0.0217065
0.0219962
1.97839
0.0218104
0.0219313
0.0215943
0.0218485
0.0218897
0.0215691
0.0225421
0.0219833
0.0217223
0.0219409
0.0220276
3.48131
0.0219319
2.35272
0.0222944
0.0219775
0.0217741
4.64805
1.55115
0.021592
0.0216447
7.52003
0.0457341
0.0219357
0.022027
0.0302334
0.021777
0.0219217
0.0217826
2.2895
0.0220909
0.0220547
0.0222839
0.0218921
0.0219291
4.42412
0.0217356
0.0216826
0.0218059
0.0220777
0.0219195
0.0218932
0.0219506
0.0219263
8.53232
0.0221025
0.0220063
0.0216754
0.031084
0.0217128
0.0327304
0.0220388
0.0216778
0.0219512
0.0217819
0.0218882
0.0219637
0.0221212
0.0216247
0.0217837
8.65645
0.0219678
0.0335281
0.0219709
0.0219033
0.0216391
0.0218534
0.0308385
0.0220192
0.0215145
0.0219267
0.0219132
0.0241294
0.583679
0.0217373
0.0214843
0.0220317
0.0220584
0.0219975
0.161068
0.0217938
0.0220049
0.0318637
0.021752
0.0465109
0.021836
3.93474
0.0219364
0.0217805
0.0220559
0.0218472
0.0219488
0.0257197
0.021869
0.0220237
0.021907
0.021983
0.0221248
0.0217429
0.0218889
0.0216511
8.02063
0.0219738
0.0222321
0.0843973
0.0239059
0.0217931
0.0215475
0.868296
0.0226543
5.00578
0.0217948
0.0943397
0.022284
0.0240127
0.0215345
0.0220296
0.0219134
0.0217616
0.0219195
0.0219155
0.0219522
5.05549
0.0214146
0.0220395
5.52059
0.0221211
0.0216156
0.0222392
0.0219221
0.030782
0.0216989
0.0305688
0.0218622
0.0221211
0.0221254
0.0221283
0.0218368
0.0219614
0.0243696
2.4144
0.0221452
0.0221305
0.0218457
0.0220064
0.0216065
10.509
0.0229459
0.0220053
0.0218953
0.0215827
0.0216954
0.0268127
0.021791
0.0214634
0.0220662
0.0219722
0.0214915
0.0225223
1.24995
0.0220883
0.0218114
0.0222323
0.0220083
0.0220426
0.0214523
0.0220726
0.0220256
0.0220737
0.0221389
0.0214963
0.0219116
0.0220215
0.0219351
0.0221563
8.57275
4.75901
0.0220565
0.0234459
0.0218512
0.0256498
0.108414
0.0215891
0.0217949
0.0271904
0.0227432
0.0312251
0.0219907
0.0219396
0.0219412
0.0219866
0.0215969
0.0218622
2.26733
0.0332964
0.0215659
0.0243254
0.0224049
0.25299
0.021662
0.0216278
0.0215191
0.0217341
0.021907
0.0813682
0.0218415
0.102887
0.0441817
0.0243905
0.0218721
0.0220826
0.0218433
0.0219078
0.0222855
0.0218948
0.0218857
0.0296768
0.022046
0.0218235
0.0221604
0.0220342
0.0219754
0.0220093
0.0219875
0.0217301
0.0220107
0.0218963
0.0220288
0.0220154
0.034537
9.22087
0.0330409
0.0217192
2.6916
0.0220452
0.02168
0.060452
0.0222687
0.0218791
0.021891
0.0218985
0.02194
0.0216658
0.0220311
0.022435
0.0219174
0.0218987
0.0217931
9.10931
0.0217746
0.0219004
0.0295644
0.0217646
0.0217517
0.0219833
0.022293
0.0221486
22.9304
0.0218823
0.0417005
0.0219722
0.0424758
0.130491
0.0214506
4.84825
0.0219495
0.0219634
0.0217104
9.81903
3.09044
0.0215879
0.0276561
0.0221287
0.0229514
3.59487
0.0243568
0.0219527
0.0215927
1.09838
0.0219727
0.0228969
0.0220123
4.40151
0.0219359
0.0215246
0.0217674
10.9371
0.0217957
0.0219789
0.022002
0.0216714
0.0220138
0.022089
0.0219986
2.52924
11.6256
0.0219957
0.0234511
0.0246331
0.0777122
0.021718
0.181127
8.34166
0.0215572
0.0216433
11.9991
0.0268193
0.0220155
0.0217988
0.0222929
2.92604
4.43961
0.0221631
0.0221375
0.0226042
0.0220405
0.0219763
0.0224266
0.0222561
0.0220475
0.0219152
0.033195
0.0215234
0.0234581
0.0224945
13.906
0.0215558
0.0220587
0.0218292
0.0225403
16.0099
0.0221292
0.0547794
0.0226169
0.0219946
5.65746
0.0220788
5.31767
12.0024
0.0218294
0.0221215
0.0219208
0.0224474
0.0219984
0.0218352
0.0271801
0.0214306
0.432292
2.10528
1.50703
0.0220001
0.0247441
0.0219463
0.0215663
0.0219957
0.022143
2.08687
0.0220842
0.0220795
0.0218129
0.0221384
0.0221821
0.0221639
0.0219998
0.0219951
0.0221054
0.0215157
0.0979927
0.022565
0.0722742
0.0220889
0.0218879
0.0218723
0.0220287
0.0216943
0.0220469
0.0225531
0.0245963
0.021679
1.51759
0.0220975
0.0993695
0.0219201
0.0218959
0.0750803
0.0289792
0.0219252
0.0219815
0.0220309
0.0219276
0.0216038
17.4647
0.0419592
0.0218965
0.021532
0.0221151
0.0219977
0.0907943
0.0219939
0.0214854
0.0220435
1.34114
10.242
0.0216899
0.0218276
0.0219746
0.0219518
0.0233282
6.21871
0.0297103
0.0675771
0.0215898
0.0402192
0.122628
0.0221009
0.0222377
0.14354
0.0226261
0.0216466
0.189425
0.0237142
0.0230887
0.0217851
0.0495618
0.0220342
0.021997
0.0621149
0.0219672
0.0236515
0.0219826
0.0720552
0.0215136
0.0219973
4.63968
0.0260164
0.0221272
0.0308163
0.0216149
0.028533
0.0251435
2.58062
5.81527
0.0222268
0.0217109
0.0323152
0.0219988
4.34032
1.43686
0.0220823
0.0220549
2.99361
0.0216358
0.022148
0.0498099
3.25764
0.0639445
0.0216418
0.0219366
0.0218888
0.0217961
0.0217206
0.0220315
0.0399102
0.0220275
0.0214967
0.0218771
0.0219594
9.43213
0.0323298
0.0221831
0.0234075
0.0215311
0.0220832
0.0288941
0.0220557
0.0366846
0.0218928
7.63901
0.0214803
0.0217837
0.0372648
0.0221801
0.0220985
0.0221924
0.0250787
0.0215173
0.0225522
0.0215622
0.0218796
0.0216854
0.0231259
0.0219903
0.0219111
0.0220655
1.62081
0.0377038
0.0215813
0.0219225
0.0219246
0.0215153
0.0591763
0.0657041
0.0218568
0.0220433
0.0218118
9.37819
14.2202
0.0220643
0.0215881
0.0215462
0.0216103
0.0222179
0.0218703
0.0217749
0.0218425
0.0416743
0.0219212
1.19577
0.0220271
0.0218275
0.0220175
0.0583155
0.021719
0.0379937
0.0217859
0.0219512
0.0219219
0.0308071
0.0220114
2.99299
0.0219882
0.0222927
0.0220113
0.0217151
0.0305725
0.0226008
0.0218477
0.0215785
0.0220921
0.0220077
1.59821
0.0483753
0.0220744
0.0893052
0.0218216
0.0221407
0.0256201
3.48308
0.0220169
0.0222405
0.0294926
0.0263201
3.35071
0.0216219
0.0218653
0.065139
0.0520629
0.0214211
0.0221147
0.0221747
0.0217739
0.0234428
0.021929
0.021906
0.0267453
0.0215079
0.0457181
0.0217774
0.0218173
0.0219376
0.0218283
0.0216519
0.0220496
0.178335
0.0222521
0.0218431
0.0217456
0.021684
0.0218111
0.0219151
0.0320515
0.055018
0.0216946
0.0222058
17.2986
0.0553471
0.0616695
6.76344
0.0219143
0.0217427
0.0217061
0.0217094
0.0569676
0.0221228
0.104076
4.55433
1.63943
0.0220472
0.0222963
0.0215672
0.0222382
0.0219758
0.0261036
0.0222631
0.0260349
18.0484
0.021807
1.14381
0.025456
2.34142
0.0220649
0.0217529
0.0217029
5.13592
0.0217933
0.0222589
2.14097
1.60167
0.0219168
0.0218469
0.0223101
0.0216383
0.0217789
0.0548328
0.0217778
0.0218292
0.0263143
0.0221008
0.021805
0.021603
0.980504
0.0219268
0.0221299
0.0219552
0.0562956
0.0217643
0.022011
0.0278115
0.0234675
0.0218668
0.0634278
0.0361246
0.0239971
0.0513016
0.0230845
0.0219965
0.0218705
0.0217504
0.0216906
0.021835
0.0221585
0.0221099
0.0261436
0.0221856
0.021982
0.0515265
0.0460532
0.0219181
0.0215792
0.02202
0.0220237
0.694795
0.0217321
0.0231465
0.0335733
0.396643
0.350072
0.0218559
0.0349974
0.0519036
2.44944
0.0218828
0.0219835
0.0225518
0.0218604
0.0222724
0.0218951
0.0414609
0.0214288
4.64281
0.021917
0.0219794
0.0217368
0.0219188
0.022036
0.0222654
0.0220256
0.022126
0.0222454
0.0219385
4.29447
0.0217682
0.0219364
0.502006
0.0220207
0.0220105
0.0478793
0.0219954
0.0220359
0.0270223
0.0221459
0.0218213
0.0222717
0.0219465
0.0218182
0.0219186
2.68935
0.0256758
0.0226108
0.0218798
0.021902
0.0218687
4.94618
5.178
0.0226907
0.0220003
0.0219119
0.0241873
0.0219569
0.0298534
0.0219182
0.0221956
0.022041
0.600175
0.0383695
0.0217466
0.0352301
0.0219336
0.0302566
0.0221206
0.0216922
0.0221054
0.0221455
0.0217955
0.0217667
0.021866
0.0221696
0.184372
0.0236888
0.0218583
0.0267369
0.0242159
0.0481237
0.0225212
0.0222526
0.0219536
0.0230298
0.0218857
0.0223575
0.0217048
2.72907
0.320055
0.0225836
0.0343566
0.0215273
0.0219567
0.0218962
0.0216965
0.0219079
0.0223162
0.0220943
0.0219926
0.0221652
0.295969
0.023982
0.0217101
0.0219208
0.114425
0.022016
0.0218695
0.0449302
5.94167
0.0219737
0.0218533
0.0219423
0.0218202
0.0219583
0.158711
0.0218221
0.0217169
0.0219014
0.0220065
0.0221542
0.0221688
0.0216822
0.0260005
0.0219429
0.126288
0.0221777
0.0232321
0.0370129
0.0219893
0.0220935
0.0219189
0.0222941
0.0220922
0.0221364
0.0225672
2.47348
0.0220346
0.0217238
0.0491964
0.0220052
1.09429
0.129536
0.0219675
0.0220213
0.0220594
0.0217664
0.0220291
0.0216961
0.0219871
0.040189
0.0222926
0.0215922
2.91068
0.0222045
0.0220952
0.0222076
0.0217924
0.0678441
0.0274264
0.0220759
0.0219474
0.0216548
0.0220374
0.0219316
0.0221079
0.0289368
0.027784
0.0219792
0.0221536
0.0214522
0.02198
0.0216557
0.0219233
0.0219905
2.87878
0.0232234
0.0219422
4.4683
0.0221481
0.022091
0.0222932
0.0221099
0.0219615
0.0219354
0.0221234
0.0221644
0.0220217
0.0218283
0.0222849
0.0221414
0.0218937
0.0222937
0.0221345
0.0221748
0.0218877
0.0221744
0.0216672
0.0222865
0.0217765
0.0221244
0.022121
7.16074
0.0220099
0.0220267
0.0218189
0.0358624
0.0220451
0.0218923
0.021764
0.0219245
0.0231467
0.022293
0.022145
0.0217261
0.0222935
0.0221738
0.0221304
0.0227082
0.0222917
0.0222277
0.0218902
0.022293
0.0221048
0.136603
0.0218628
4.38807
0.0221647
0.0220576
0.0301156
6.6825
0.0227052
0.0219427
0.0220406
0.0215707
0.0221137
0.0220277
0.0217062
0.0267308
0.0217705
0.0219779
0.0221014
0.0389143
0.0234538
0.0218045
1.64483
0.0487153
0.0218939
0.0218225
0.0220568
0.0231884
0.0219039
0.0237017
0.0245249
0.0217689
0.0215025
0.0221353
0.0220241
0.0220865
0.0220758
0.0221868
0.0222497
3.50769
0.0219892
0.0220432
0.0221184
0.0216767
0.0456089
0.0217119
0.0221568
0.0221748
0.0221283
0.0220643
5.33055
0.0393257
0.0218451
0.0218026
1.44098
0.0217474
0.0221234
5.96815
0.177032
8.27915
0.022173
0.0221684
0.0395737
0.0225665
0.0219606
0.0218239
0.021707
0.0219476
0.0218075
0.0219948
0.0314064
0.0221058
0.0221271
0.0218465
0.0215175
0.0219954
0.0217073
0.0218651
0.022142
0.0215474
9.25385
0.0221786
0.0220184
0.0329991
0.0220383
0.0218485
0.0220615
0.245028
0.0217845
4.93324
0.0219754
0.0218225
0.0229696
5.6445
0.0220447
0.0220317
1.98652
0.0221983
0.023053
0.0220147
0.0219103
0.0327516
0.0216685
0.0285761
4.97851
0.0219331
2.26725
0.0222419
8.68505
1.27444
0.0837165
0.0222428
0.0218904
0.0213967
0.0221274
0.0218377
1.91538
2.54235
0.0216612
0.0221752
0.0711478
0.0218804
0.0222359
1.01878
0.0218764
0.0222757
0.0219317
0.0422435
0.0973699
0.0218454
0.0227986
0.0220842
0.0219891
0.0216901
0.0966765
2.34917
0.0234436
0.0256858
0.0219293
4.16609
5.93913
0.0220592
0.0219105
0.0221996
0.0217026
0.0220229
0.0220332
0.0221968
0.0225491
0.0214127
0.0314405
4.4316
2.40282
0.0221428
0.0221822
0.310944
0.0221616
0.0223293
5.77081
0.0221556
4.62438
0.0258007
0.022181
0.0219208
0.0271598
0.0217527
0.202035
0.0221995
5.42633
4.98216
0.0220024
0.0222002
0.0221209
4.80877
3.04603
0.0214818
5.31853
0.0219686
0.0222301
0.0217883
0.0216739
0.246345
0.0268838
0.0218319
0.0221607
0.0244729
0.0218067
0.0220083
0.022223
0.0221412
0.0218538
0.0216726
0.0791785
0.0222256
0.0214811
0.0624548
0.0221787
0.022203
0.0221382
0.0221267
0.0214483
1.53557
0.0224513
0.0266755
0.181411
0.0221905
0.0220911
0.0215761
0.0221718
0.0221902
0.0552625
0.0266224
0.0216536
0.0217146
0.022203
0.0217255
0.0222289
0.0258625
0.0219754
0.0222081
0.0221172
0.0222072
1.56926
9.59182
0.0216275
0.0226478
0.0218333
0.0215478
0.0806651
0.0309368
0.0221523
0.0221865
0.0217366
0.02196
0.0220707
0.0219504
0.0214467
0.0240649
0.0222435
0.0222153
0.0222087
0.0221614
0.0219928
0.0216803
0.0221522
0.0217463
0.0220054
0.0216557
0.0221511
0.0222194
0.0564429
0.0215297
0.0221151
0.0217764
0.022154
0.0220117
0.0221427
0.022665
0.168451
9.53953
0.0221012
0.0224536
0.0220464
0.0218326
0.0222454
0.0216687
0.0216847
0.0219212
0.0219831
0.0237535
0.022246
0.0221992
0.0219135
0.0219301
1.60931
0.0222325
0.0219548
0.0216354
0.0218399
0.0217884
0.0215412
0.0254679
2.32606
0.0220994
5.13886
0.0220802
0.0223751
0.0221108
0.0217372
0.0461744
0.0221488
0.0220573
0.0219213
0.024352
0.0216545
0.021971
0.0221843
0.0218969
0.0216543
0.120559
0.0220527
0.0217229
0.0219529
0.0217478
0.0218153
0.127373
0.0218779
0.0240364
0.022108
0.022081
0.204434
0.0225176
0.021594
0.021924
0.021758
0.0217831
0.0221721
0.022118
0.0216697
0.0246772
1.82866
0.0221933
0.0218295
0.0215516
0.0218805
0.022227
0.0220189
0.0220726
0.0222132
0.0820629
0.0214797
0.02189
0.021463
0.0397672
0.0222192
0.0221787
0.0218779
0.0221081
0.0222251
0.0216181
0.021656
0.0218641
0.0216013
0.0218657
0.0220256
0.0216216
0.0215842
0.0221651
0.0222272
7.34293
5.51169
0.0220643
3.63365
0.0220307
2.57122
0.022235
0.021973
0.0505787
0.0220347
0.0219085
5.03005
0.0218008
0.0217722
0.205102
0.0217693
16.319
0.0224005
0.0221316
0.0221858
0.0217874
0.0216609
0.0224088
0.0218013
0.0221569
0.0218381
0.0221553
0.0221362
0.0217995
0.0217735
0.0222983
0.0223214
0.022158
0.0219036
6.34325
0.0220104
0.0417697
0.0221506
0.0222
0.0215611
0.0217596
0.0490264
0.0221068
0.202099
0.0217375
0.0221293
0.0219289
0.0217793
0.0219695
0.0221952
0.0289684
1.9781
0.0219414
0.0897748
0.0220691
0.0215477
0.0220568
1.65942
0.0219153
0.0217459
0.0223021
0.021936
0.0639554
0.0310255
0.022057
0.021906
0.021862
0.0219534
0.0217342
0.0219253
0.022165
0.0218515
0.0255381
0.0220573
0.0219604
0.0220136
0.0220839
0.0221505
0.0220875
0.0220954
0.0218592
0.0218277
0.0218363
0.0219501
0.0221302
0.0219693
0.202524
0.021988
10.8865
0.0217209
0.19856
0.0219851
0.021855
1.72273
4.64608
0.0218739
0.0217385
1.60475
0.0219028
0.0220575
0.0439878
0.0247352
0.0220869
0.0250201
5.21653
0.0220162
0.0325942
0.0222002
0.0220007
0.0221726
0.0220893
0.022032
0.0222233
0.0222425
0.0219985
1.51354
0.021501
0.022587
0.0220726
0.0375696
0.0218523
0.0222119
5.16435
1.53713
0.022137
0.0222072
0.0243298
0.021519
0.0216892
0.0219243
0.0220595
0.0262654
0.0219159
0.0214952
0.022116
2.42268
0.0220949
0.0220407
0.028841
0.0220769
0.0222227
2.87767
5.63668
0.0214843
0.0221879
0.0218758
0.143515
0.0221496
0.0214754
0.0216495
0.0217971
0.021992
0.0220487
0.022048
0.0222857
0.0218537
0.021885
0.0215755
0.0214987
0.021799
0.0220697
0.0214616
0.0282646
0.0217319
0.0222847
0.0220229
3.73087
0.0216473
0.0218132
0.021779
0.0220812
0.0220239
0.0217928
0.0220922
0.0221998
0.022059
0.0221435
0.0216744
0.0220527
0.022055
0.022218
0.0216252
0.0221847
0.0214668
0.0217048
0.0218006
0.0219262
0.0221596
0.0221634
0.0221029
0.0218612
0.0219667
2.10793
0.0219259
0.0219636
0.0220011
0.0221256
0.0218652
0.0275098
0.0251277
0.031488
1.80464
0.0656858
0.0219797
0.0214893
0.0217129
0.0221764
0.0221961
0.0227137
0.0216912
0.0220893
1.439
0.0220591
4.65293
0.0215256
2.54515
0.0220739
0.0223237
0.0216778
0.0216201
0.022182
0.0215372
0.0219589
0.0219704
0.0217769
0.0280716
0.358685
0.0221478
0.0219242
0.0217189
0.0221814
0.0381516
0.0220207
0.0219387
0.022167
0.0219839
0.139177
0.0214337
0.0221846
0.0220309
0.0220406
0.0221666
0.0221875
0.0220606
0.0217642
3.54712
0.0220951
0.233564
0.0296703
0.0219334
0.0218611
0.0218921
0.0219839
0.0233024
0.0222187
0.0222458
0.0447105
0.0220086
0.0221684
0.0218864
0.0417916
0.141861
0.0222252
0.0220013
0.0216791
0.0218558
0.0219822
0.0221809
0.027011
0.0220685
0.0237107
0.0349506
1.75782
0.0219628
0.0219407
0.0219487
0.0296466
0.0389218
0.0221605
4.71128
3.01677
0.0219564
3.38101
0.0219297
3.97941
0.0218899
0.021943
0.0220293
0.0216968
0.0220568
0.0221683
0.0219451
0.0221529
0.0222028
0.0232308
0.0219468
0.0221105
0.0214337
1.47565
0.0215744
0.0218417
0.0255978
0.0306327
0.0216833
0.0224291
0.0220355
0.0217974
0.02215
0.0216365
2.14475
0.0220488
4.91997
0.0219499
0.0221327
0.0223977
0.0219032
0.0216458
0.0225429
0.0219253
0.0218345
0.0215865
0.0217474
0.0220284
0.0220482
0.0233885
0.0222048
0.023374
0.0220149
0.0221158
0.0220029
0.0220958
0.0294939
2.25531
0.0220028
0.0215181
0.0219634
0.0221388
0.0218368
0.0218568
2.71482
0.0217919
0.0220093
0.0259902
0.0861877
0.127398
0.0219368
0.0215063
1.92207
0.0220174
0.0215508
0.0344941
2.37138
0.0218442
0.0219187
0.0219519
0.0217036
0.0220026
5.56908
0.0426676
2.21348
0.0217322
0.0249946
0.0221449
0.0218551
0.0215796
0.0214566
0.0216929
0.0218628
1.48259
0.0220095
0.141981
0.0218349
0.0216966
0.0220021
0.0219503
0.0218125
0.0222673
0.0216821
3.90926
0.0222062
6.02018
0.0221186
0.0218662
0.0219745
0.0319026
0.0216838
0.0218493
0.0217157
0.0215509
0.039985
0.0234208
1.76046
0.0218947
0.0218852
0.0213992
5.35788
2.4406
0.0218639
0.0218403
0.0222839
6.67428
0.0218588
0.0217092
0.0222241
0.0216773
0.136507
0.0217742
0.0218203
0.299234
0.0219288
0.0219946
0.0219473
2.19334
0.0369151
0.0218097
0.0216759
0.0218912
0.0219537
3.38448
0.0218439
0.0221176
0.0218083
0.0219898
0.0261143
0.0218303
0.0219657
0.0217377
0.0218104
0.0222051
0.0235502
0.0326528
0.0219482
0.0218975
0.0220966
0.022139
0.0219374
0.0220624
0.0219707
0.0222262
0.0218411
0.0219039
0.0243167
0.0224114
0.0219433
0.0224527
0.0221073
0.0221096
11.2546
0.0220763
0.0225019
7.98781
0.021984
0.022157
0.0219971
0.347409
0.0215382
0.0231843
0.0379794
0.0216637
0.0222538
0.0221881
0.213379
0.0220568
0.0219451
0.0218122
0.0221105
0.022007
0.0791902
0.0259018
0.024266
0.0218717
0.0217306
0.0221927
0.0218478
0.021997
0.0216218
0.0225373
0.232615
0.0219149
0.0221129
0.621866
1.74965
0.0219369
0.0219759
0.0221022
0.0632248
0.076761
0.0218934
0.0219205
7.80651
0.0219385
0.0219334
0.0220933
0.0216824
0.022086
0.0222282
1.63575
0.022161
0.0221055
0.0219058
0.0218298
0.0221283
1.05549
0.0218884
0.0218883
0.0218946
0.0334475
0.0221977
0.0218569
0.0219676
2.74014
0.0216417
0.0221437
0.0218194
0.0222058
0.0217265
0.0234155
0.0219626
0.0218588
0.0219047
0.0653511
0.0221487
0.0222078
0.0221438
0.0220623
0.0222272
0.0220668
2.71074
0.0220487
0.0635726
0.0222343
0.0217279
0.0222137
0.0222049
0.0216319
0.0217027
0.0216694
0.0218156
0.148547
0.0266973
0.0218286
0.0471445
0.0214641
0.159727
0.0221363
0.0217193
0.0216667
1.38149
0.0217261
0.0218273
0.0215344
0.0218273
0.0261607
0.0220631
0.0218725
0.0216656
0.0215784
0.0220147
0.0217031
0.0214826
0.633218
0.112355
0.0218177
0.0220631
0.0220613
0.0218254
0.0266885
0.0216139
0.022074
0.0218278
0.0219438
0.0222466
0.0219092
0.0216496
0.0264069
0.0299876
0.0221674
0.0218204
0.0217897
0.0215986
0.022655
0.0219344
0.0221129
0.0219618
1.27252
0.0219696
0.022113
0.0217563
0.0219267
0.0229614
0.0217864
0.0217611
0.021873
0.0216535
0.0214496
0.0300886
0.021821
0.0219439
0.0215939
0.0219774
0.0216517
0.0220558
0.0767612
0.0221865
0.0215713
0.0225514
0.0219381
0.0218917
5.99457
0.0217647
0.0218328
0.0216854
1.18107
0.0217441
0.0219292
0.0351125
0.0360228
0.0214662
0.0222463
0.0222191
0.0217535
0.0219603
0.0219291
0.0218384
0.0389656
0.0225475
0.0221077
0.0221204
0.0219866
0.0220536
0.0218309
0.0217056
0.0236102
3.25654
0.0219559
0.0219402
0.0219462
0.0216783
11.8552
0.0218954
0.021943
0.0219842
0.0220953
0.0224486
0.0214985
0.0218331
0.0219838
0.0224112
0.0219576
0.0219378
0.0369606
0.0256361
0.0220795
0.0765465
0.0218227
0.0217542
6.9568
0.0218461
0.0220362
0.0219245
0.0221994
0.0219558
0.0217554
0.0222071
0.0217915
0.0218066
26.324
29.2556
28.1123
3.01483
0.0216132
0.0218937
0.0217498
0.0219101
0.0227417
0.0217733
0.0217198
0.0221441
0.0220744
0.0220639
0.0215153
0.0957647
0.0221283
24.2903
0.0221493
0.0221116
0.0221804
0.0715776
0.0217323
0.0218241
0.022128
0.0217548
0.0218781
25.4904
0.0218043
11.0442
0.234543
0.0218927
8.64971
0.0218342
0.0642186
0.0217486
0.0221801
0.0655301
0.0238116
0.0220632
0.0221442
0.0218591
0.0220621
0.0218911
0.0218489
0.0217532
17.4389
28.1915
26.8134
20.4543
23.2336
27.8242
19.9834
13.947
21.146
12.4092
26.3349
24.2801
13.8586
28.2724
24.7107
27.6052
12.7282
29.4242
6.77565
21.5879
0.0221574
0.0217492
0.0215347
0.0671874
0.0217505
0.0216818
0.0218496
0.0222401
0.0222264
0.0218896
0.0219992
0.0218316
0.0218244
0.0218575
0.889107
0.0220032
0.0561456
0.0218862
0.0221389
0.021638
0.0218897
0.0218323
0.0220247
0.0214359
0.0218419
0.0218833
0.0219208
0.0219251
0.0221816
0.0218629
8.18404
8.94227
8.43432
7.65914
6.56608
0.0219282
0.0222191
0.0653595
0.0221799
0.0218172
0.0218717
0.0217627
0.0221235
0.0218747
0.0642541
0.0220787
0.0218335
0.0218156
0.021946
9.72816
0.0218184
0.0219189
0.0218628
0.0215461
1.91638
0.0218902
1.68039
0.0387861
7.86619
0.0253942
0.0427187
7.18047
0.0220107
0.021723
7.6058
0.179387
1.85067
1.80644
0.034224
0.021484
0.0230953
0.0216005
0.0218338
0.0215108
0.0217189
0.0217833
0.0221994
0.0222166
0.0590182
0.0267957
0.0218597
0.0217122
0.0220764
0.0222398
0.0228785
0.0219127
0.0217716
0.0254258
0.0216952
0.0218809
0.0217214
0.021872
2.41791
0.0217559
0.0222394
0.0221791
0.0220884
0.0216343
0.0220425
0.0221616
0.0216392
0.0221992
0.0218875
0.0216657
0.0219342
3.28731
0.021494
0.021961
0.0216021
0.0548007
0.0219283
0.021948
0.0222115
0.0218466
2.49159
0.148489
3.09881
0.0216246
0.0218234
0.021818
0.0218652
0.0221307
0.0221023
0.0219683
0.0218363
0.0218494
0.0218024
0.0218264
0.0251724
0.0815095
0.021632
0.0218877
0.021933
1.46453
0.021826
1.24187
0.0225241
0.021835
0.0218281
10.0069
0.0216593
0.0219282
0.0220973
0.0219353
0.0214291
7.30014
0.021528
0.0221856
0.0521895
0.0220687
0.021966
0.0302392
0.0412963
0.02166
0.0218188
0.0224825
0.0218768
0.0216847
0.0510982
0.0220987
0.0218388
0.0224164
0.0216029
0.757097
0.0224596
0.0219724
0.0222355
0.0219215
0.0219914
0.898844
5.29776
0.0218548
0.0219364
0.0220928
4.65334
0.0216621
0.0358144
0.0216399
0.0220302
0.0216132
0.0218156
0.02196
0.0219538
0.0216639
0.0215981
0.0216678
0.0222182
0.0271695
0.022073
0.0216902
0.0215297
0.0217059
0.0222771
0.024149
0.0218132
0.0217903
1.66084
0.021814
0.0214149
0.021676
0.0345522
0.0217674
0.0214805
0.0213946
0.0477547
0.0220462
0.021761
0.0220645
0.0216663
2.57775
7.7157
0.0242543
0.0213963
0.0222297
0.0217574
0.0220838
0.021968
0.0219481
0.0214967
0.0217976
0.0222937
0.0226391
0.0216762
0.0263854
0.0478693
0.022041
8.05588
0.0220081
0.0221012
0.0217663
0.0221313
0.021649
0.0217202
6.40458
0.0227221
0.0215323
0.0217244
4.95985
0.0221429
0.0221818
0.0459043
9.97222
0.0219346
0.0214835
0.0289584
0.178535
0.0216972
0.0219611
0.0448668
0.0216218
0.0220031
0.0221615
0.0215338
0.0221693
0.0216627
0.0216762
0.0220075
0.0215428
0.120421
0.0222732
0.0326029
0.0415426
0.0221721
0.0220638
0.180452
0.0214457
0.0219827
0.0216696
0.0220404
0.0214857
0.0218878
0.0250918
0.0220492
0.0221748
0.0220082
0.0219548
8.50386
0.0218365
0.0218896
0.0219651
0.243677
0.0217123
0.0221139
0.0222599
0.0219239
0.0457229
26.071
26.4951
0.02183
0.022035
0.0221943
0.0222485
0.0217652
0.0606629
0.0218683
0.309156
2.65631
0.0421698
0.0215309
13.281
0.0220787
0.0222604
0.0215346
0.0221287
0.0217347
19.8441
0.0222348
0.0397361
0.0443075
0.021482
2.32647
0.0217182
4.05634
0.0215643
0.0217373
0.0217528
2.51824
0.0280463
0.0219942
26.8507
0.0264932
0.022007
0.0216787
0.0219414
0.0234778
0.0216979
0.0220731
0.0218777
0.0220961
0.0218419
0.0218877
0.0217682
0.0214801
0.022239
28.3494
26.0086
0.0219213
0.0222164
0.0224072
0.0221877
0.0229933
0.0217108
0.021801
0.0219278
0.0218379
0.022125
0.0215004
0.112061
5.01035
0.0218247
0.0215627
0.0220071
0.0214956
9.13241
13.572
0.0216691
0.0235433
0.0222557
0.0218811
0.176499
0.0218767
0.0216994
0.0220894
0.0234285
0.0221245
0.0216246
0.0215358
0.0219208
4.65169
0.0218922
0.0249096
1.46975
0.0287921
0.0219706
0.0216664
0.0218728
5.23994
0.0221635
2.77217
0.144928
0.0232848
0.0221081
0.0218743
0.0301998
0.0221379
0.0216282
0.0314195
0.0221875
0.0230563
0.0220448
0.146988
0.0218958
23.9245
26.2203
0.0220894
0.0218239
0.0322374
0.0220864
0.0218165
0.022012
0.0221065
0.0218477
0.0219729
0.0216505
3.22944
0.0218394
0.0215421
0.0229241
0.0218855
0.0299289
0.0216762
0.0218726
0.0215283
0.0219264
0.0220728
0.0218441
0.0218357
0.0218966
0.0218493
0.0220255
0.0219655
0.158341
0.02153
0.0224546
0.0221284
18.0904
0.0353801
0.0216588
0.0251064
0.0218984
0.040168
1.70363
0.0228921
0.0219381
0.0838906
0.0218416
0.0221614
0.0228918
0.0218824
0.0941565
0.0219179
0.0226647
0.0219315
0.021849
0.0220893
0.0216452
0.0216586
0.0214853
0.0216861
9.78302
11.079
0.029801
0.0216902
0.0221792
0.0498733
0.0216339
0.0220018
0.0218599
0.10921
6.63832
0.0221976
26.5155
0.184434
0.0219242
0.0218772
0.0214714
0.0708445
0.0218348
0.0218297
0.0220952
26.0923
0.0567852
0.0218871
0.0221457
0.0217718
0.0217478
0.0446273
0.0218189
0.0217211
0.0229742
0.0214797
0.0220457
0.0249914
0.0220952
1.17926
2.10933
0.15882
0.0220532
0.021947
0.021809
0.0217011
0.0218647
0.108728
0.0218031
21.0919
0.0260334
0.0219806
0.02178
2.07163
0.0218447
28.787
0.0737336
0.0232613
10.2501
0.021562
0.0221374
0.0220583
0.0218923
0.0221938
0.0397864
0.0241199
0.0658243
27.7405
28.1868
0.0221054
0.0221218
0.0331388
0.0237916
0.0218921
0.0220213
0.0226045
0.0217455
0.0219309
0.117375
0.0219955
0.0220743
11.3496
8.24427
0.0219487
0.0249784
0.154172
0.0221822
4.46331
0.0225456
0.0461738
0.0219008
12.4962
0.0218058
3.04905
2.20945
0.0215248
4.28075
1.62669
0.175376
0.0222078
0.0215611
0.0336617
0.136377
30.1529
0.0218409
25.9291
0.0219818
0.0220459
0.116371
1.18514
0.0219379
22.4516
4.3527
0.0215774
28.3289
0.0217743
4.30967
0.0219213
0.0221326
17.3103
0.0219821
0.021873
12.7746
3.62441
0.0218794
0.0242982
0.022015
12.3053
0.0319332
0.0218446
0.0219079
0.021525
0.0217104
0.0214313
0.0216633
24.3469
0.0215131
1.50048
0.0220735
0.0218053
0.0218433
0.0220594
0.0218612
0.0221549
0.0220446
0.0225162
0.0767029
0.165284
0.0256705
0.0215681
6.21825
7.03132
0.021872
0.0220886
0.0267732
12.3744
0.0222284
0.0280712
0.288379
1.12434
0.0376084
0.0350953
0.0221743
2.40476
4.73017
1.18842
0.0247955
0.0860154
0.0220726
3.81515
0.0221859
0.0219308
0.0344917
0.0348705
0.0214717
0.0218716
0.0218798
0.02203
1.07256
0.022092
0.0219417
0.153038
0.0216366
1.65186
0.0218741
0.0251974
0.0217399
0.0349422
0.0221805
0.022132
0.0220649
0.0254353
0.0217698
0.0218891
17.8631
0.0220218
4.10017
0.0218619
0.0219341
0.0220035
0.0217365
0.0351762
0.0218802
0.0219684
0.0221901
0.0218527
0.116782
0.0218613
13.9875
0.0268592
0.0218704
0.021767
0.0218551
0.0220161
0.0219195
2.19909
0.0257303
0.0222309
0.136153
0.0224233
0.0220526
0.0220304
28.4768
7.11879
0.0428688
0.741846
2.96707
0.0245547
0.199719
0.0221388
0.0218613
0.022145
0.0548713
0.0219231
0.02165
0.0959457
0.0260884
2.48457
0.0221561
0.0679214
0.0222098
0.0217505
16.656
0.495671
0.546537
0.0219506
0.0218453
0.0219834
0.0216529
0.035603
0.0247397
15.9493
0.0218601
0.0224035
0.0215065
0.0222472
0.0215379
0.0217091
3.19252
0.0219799
0.0223225
0.0220531
0.030103
0.021903
0.0463045
0.28239
1.73027
0.0217964
0.14273
0.0258714
0.0222798
0.0259032
0.0219271
0.021889
0.0255316
0.0221727
24.7563
0.0219175
0.024975
0.17395
0.0219594
0.115819
0.0217454
0.161042
0.0224189
0.0218412
2.37576
0.0747687
0.0220727
0.0215641
0.0295025
0.0217731
0.038333
0.0327739
0.0391159
0.0225918
0.0218192
0.0218582
0.0217015
17.1276
0.0221909
0.0214115
0.0219195
0.0416568
0.0289472
0.021756
0.0222787
0.0223107
0.0217746
0.0220616
0.0220123
0.0220117
11.7133
8.3837
0.0236062
0.022285
0.0222837
0.0862489
0.0217704
0.0221777
0.0709627
0.0221474
0.0230104
0.0216329
0.0220187
0.0217782
0.0215514
0.0219917
1.92355
0.0839753
1.48366
0.0338986
0.0219797
5.7647
0.0219977
0.0217487
0.0219159
0.06853
2.69944
0.021765
0.0329548
0.0221871
0.0241652
1.47759
0.0217817
0.0221547
0.022148
0.609822
26.5427
0.0244704
0.0454437
1.66307
0.0216818
0.0219227
0.021848
0.0217144
0.0217183
0.0216846
1.8829
2.91079
4.55172
0.0219607
0.021732
0.0233638
0.022789
0.0222681
8.22498
7.95355
2.64392
0.0215152
0.0217047
0.0275916
0.021727
0.0219535
0.0226575
0.0230733
3.05574
0.0221433
0.0217715
0.0218253
1.79392
0.135308
0.0215964
1.77239
1.45365
7.62873
0.0219054
2.40195
0.0481797
0.0222745
0.0217579
13.1052
0.0275412
1.69182
0.0218153
1.71929
0.0217508
0.0218079
0.023648
0.0219875
8.21355
0.0922964
0.0236622
0.0240452
0.0220784
3.10474
0.755066
0.242636
0.162352
0.0216877
0.046263
0.022906
2.16284
1.27919
0.0218208
3.35888
0.0217134
2.02568
0.0221618
0.0244713
0.0216851
3.00158
29.5959
0.0810972
2.38359
0.0217726
0.0217158
0.0222866
0.0214477
0.0219318
0.0222767
0.0218667
24.642
0.0274666
0.0221714
26.9608
0.0219953
0.0221049
0.0217884
2.19183
0.0228338
0.0217351
0.0217205
3.10254
0.0230361
0.0696109
21.7295
0.112909
0.0216911
0.022412
1.73136
0.0294081
29.1399
0.0254878
0.0282219
0.0215165
27.9723
0.0387274
0.0420586
0.0221233
0.022274
0.0220545
0.0229875
0.0224127
0.0348903
0.087851
0.0215679
0.0214976
0.0214992
0.0216415
0.021696
18.3012
2.00569
0.125491
2.26092
0.11913
1.4782
0.0220732
0.0221902
0.021615
0.0216735
0.0221549
0.025672
0.0219044
0.0232083
0.0215062
0.0222428
0.191059
0.0368405
0.0220817
0.0215393
0.0227758
0.0221382
0.0222593
0.121755
0.0247068
0.0220244
0.0216307
1.79289
0.0220915
0.0234076
18.9181
0.0216179
0.0217975
0.0610183
0.0219609
0.0221363
0.0223879
28.5111
0.0216769
0.0222436
0.0225397
0.0228057
0.022978
0.022861
0.0217629
0.0264006
0.15716
0.0221927
0.0223167
0.0311661
0.0380446
0.0217637
0.022248
0.0217297
0.0221752
0.945401
0.0214647
17.9907
0.0215085
0.0225087
0.0985641
0.0642422
0.0265405
0.0289881
1.06268
0.0218384
4.94327
0.0220841
0.077953
0.022253
0.0274531
0.0218897
0.0223628
0.0224094
2.34596
0.128174
0.0223502
0.32896
0.0222425
0.0225746
0.0220491
0.225426
0.202431
0.0277094
0.101402
0.216265
0.0238229
0.0219971
0.275408
0.0225331
0.0220389
0.0347618
18.0446
0.36953
0.0285046
0.0222089
0.0758256
1.55207
0.567197
0.0221792
0.0221328
0.0348696
0.022758
0.021512
0.433536
23.6851
0.0266158
0.150361
0.02631
0.0220373
0.0216928
0.0217941
0.0250212
0.0219236
0.0220776
0.0653957
0.0214528
0.0218017
0.0225635
0.0221915
0.0221059
0.0218501
0.0221586
0.1153
0.0220292
7.30142
0.0225852
0.0218528
8.49526
0.0272003
0.0226185
0.780347
0.0215241
0.021932
0.0231865
0.0304356
0.0592504
0.0219817
0.0219699
0.0231981
0.0218902
0.0221498
0.0408072
0.0649629
0.0227993
0.22373
0.0221601
0.0221902
0.0214629
0.0230487
0.0564488
7.89139
0.239504
0.0218958
0.0283333
0.0284421
0.0599854
0.0271816
0.0257681
0.0245518
14.754
0.0325747
0.0218839
0.0245542
0.0259589
0.0220426
0.021829
0.0248851
0.0527362
0.113191
4.10849
0.0216156
19.421
19.4364
0.0230866
0.0223553
0.021735
0.0223685
0.586517
0.0228938
0.0249732
12.5108
0.0849763
0.0214655
17.7188
9.61817
0.0227451
0.0223024
0.0232158
0.0242103
5.86532
0.056096
0.023647
1.82642
3.33494
4.29041
0.0503249
0.0283362
1.05537
15.5039
0.0299794
0.268348
0.0220027
13.5573
11.6937
0.0223294
0.0220023
0.0220196
0.0216644
0.0511647
0.0222111
0.896959
2.75585
0.0224499
0.200566
0.0994737
0.0228484
0.0234312
0.021803
0.0319428
0.141312
0.0239981
0.022227
3.06703
0.0233762
0.0219864
0.0220788
0.0215453
0.022061
0.0296139
0.0235438
2.31685
0.0221613
0.0231093
0.0219145
0.0416402
11.0153
0.0217562
0.0252098
0.0217245
1.76294
0.021834
0.0214481
0.0346949
0.0218916
9.00914
0.0221591
0.021919
0.0222002
0.0218516
0.0215066
2.90071
0.0374
0.0484927
0.062719
0.0219638
18.6211
0.0221555
0.0227996
1.64973
1.01678
6.01972
0.0296951
0.0224314
4.84042
0.0238875
19.303
20.5192
0.0245953
0.022025
1.69646
0.0222928
0.022219
2.97611
0.123579
0.0251027
0.202326
1.75445
0.0239486
0.0218757
0.0220452
3.23118
5.96614
0.0361483
3.78319
0.0670957
0.14072
0.0251197
0.0220086
0.0243632
4.37437
0.0272295
0.0241127
3.77144
14.4514
0.0217041
0.108491
10.1142
0.0275659
2.29984
0.0248967
0.0214891
0.0294208
0.0218798
0.0487651
0.0219548
0.123502
0.021498
0.0219648
0.0214303
0.0220505
0.0220014
14.6872
0.022078
0.0973369
0.0223763
0.0219166
0.0216374
0.0218611
0.0531857
0.022291
7.14165
15.369
0.0238109
0.0253904
0.0222154
0.0270193
0.0226815
0.0219963
0.0238276
0.0222288
0.0215964
0.0219344
0.0217141
0.0216881
0.414888
0.0224326
0.0218652
0.0220887
0.0220228
15.7846
14.5301
0.047621
0.0233478
0.0228383
0.140706
0.0219185
0.0220906
0.0222711
0.0305773
0.021759
0.0218148
0.0261397
0.0290976
1.62594
17.1237
0.0218304
0.0219315
0.0216647
0.0230955
0.0216985
0.0217402
0.0214709
0.0230041
2.94465
20.3265
0.0241402
0.0221465
0.0271881
0.0219499
0.0222711
0.0285338
1.7088
28.9089
0.0220341
1.03204
0.0244592
0.0217719
0.0222478
0.0247858
0.0219224
0.0230793
1.05134
0.0218573
0.0217805
0.0215405
0.0231138
7.15476
0.0220566
0.029842
2.51099
8.66106
0.0244765
10.6166
0.0262921
0.0304969
0.0220456
3.42021
0.0221019
2.18148
0.0218825
0.0221108
0.0362675
0.0301395
0.0222666
3.24502
0.0221441
0.0221309
0.0218055
0.0221631
0.0217337
0.0236494
0.0250362
0.0223237
0.0299014
18.7983
0.0234443
0.932853
0.0222005
0.0263884
14.49
0.0262849
0.0225979
10.7083
0.0218265
0.0221553
0.0220731
0.0225687
0.032133
0.0222208
8.85644
0.0243937
0.0218527
0.0281897
3.62342
0.0221679
0.0223194
0.022317
2.29883
1.98199
4.90252
0.249869
3.16744
0.026635
0.116683
0.0257683
0.0276397
0.021692
0.022149
0.0238389
0.0222057
0.0221722
0.0216467
6.02495
0.0236635
0.0219015
0.128658
0.0221637
2.42589
0.0577894
0.0227973
0.0218895
0.0222851
0.0233659
0.0224059
0.0249752
0.0242695
0.0219105
0.0219343
0.0217563
0.0232756
0.0512048
6.27541
0.027656
5.18435
4.21308
0.664044
13.2321
0.0225829
1.68541
0.0702626
1.68196
0.0333732
0.0233826
0.0222892
0.0219937
35.3327
0.025248
2.56466
0.0287421
0.0226118
0.0240387
0.0273077
0.0221779
0.022332
4.25588
0.0217088
0.0249732
21.4543
0.0227807
0.0219391
0.0289638
0.0216794
0.0218713
0.0326831
0.0224834
2.42142
0.0222393
0.115848
0.0224922
1.62002
0.0233389
0.0222093
4.74953
0.0228875
0.189636
0.0216505
0.0224626
5.12664
18.8767
0.0215136
3.74736
1.45552
1.96452
0.13635
0.0255456
0.0217717
0.0258446
3.4267
8.0949
0.0227456
0.0221417
31.0796
0.0218918
0.0639043
0.022667
0.0221217
0.0799377
0.0688246
0.0220099
0.0218669
0.0226894
0.0215495
0.0216716
0.045736
0.0255381
0.031022
0.0419923
0.0263691
2.3277
0.0350473
0.0296249
7.28428
0.0286119
0.0220761
0.142246
0.0275398
0.023796
3.51973
0.0216674
0.0623091
0.022707
0.0216963
0.0222835
0.129969
0.0218073
9.25442
8.47856
1.65623
0.0217756
0.0214813
0.0289272
0.0220407
0.0712871
19.8485
19.9136
0.0225381
0.0218923
0.0257859
0.0306009
0.0277005
5.54262
0.026263
0.0263848
0.0416831
0.0221604
0.0291359
0.0254133
1.96385
0.0277186
0.0216431
1.68202
1.45732
0.0219216
0.0221995
14.8979
0.0314776
2.17436
19.2786
0.0230019
0.0244917
0.0238493
0.0233635
0.0219833
0.0224246
0.0266532
0.0229365
0.0452067
9.91238
0.0220875
0.0219186
0.182683
2.05287
0.0221973
0.0222357
0.0217978
0.0289954
0.113896
0.0218583
0.0220215
2.25826
0.0232386
0.0222244
0.0219195
1.92996
0.0216356
1.57879
16.9723
0.0217788
0.0958397
0.0329655
2.08095
0.0230925
0.0869006
5.70138
7.16299
0.0312635
0.0240842
0.02223
0.0326135
0.0504544
33.192
0.021783
0.0214718
0.0219736
1.67235
0.0276337
1.90984
0.0218924
0.0603225
0.0351744
0.0308722
0.0221052
0.0564114
0.0219135
0.0697052
8.09768
0.03441
0.0217324
0.0221043
2.14623
0.0222273
0.0221304
19.8611
0.0216628
0.0244389
13.1355
4.2957
0.0216293
0.0229215
0.0220643
0.0284763
4.39618
0.0237165
0.0489792
0.0214639
0.799287
0.0216306
0.128171
14.535
0.0218897
0.0221988
2.10796
0.0222226
0.0216817
0.0216492
1.94082
3.5319
0.0222874
0.0219194
0.0217998
0.0218034
0.0217293
0.985102
0.0218565
17.0333
0.0217245
0.0217024
0.0218567
0.0218214
0.0222801
0.0308345
0.0221711
10.7553
11.7419
0.0243144
1.81085
0.14996
0.160491
0.0247922
0.0218823
0.0327246
0.159725
0.0219857
0.116944
0.0216644
2.74251
0.0221874
0.021852
0.025242
0.0263662
0.023749
0.0216351
1.74215
0.0228323
11.9493
0.0996679
7.18928
0.0220407
2.48845
0.106338
0.0222279
0.0760656
0.10635
0.0250738
0.0308971
0.0214785
0.0699432
2.23723
0.021895
3.91379
0.0221117
0.127049
0.0219237
0.173557
1.80695
0.0228448
1.87865
0.0215498
0.0231169
0.0906318
0.034272
0.552063
0.0218604
0.0232213
0.033276
0.0818213
1.81104
0.0218478
0.0218804
0.0219485
2.26035
0.0239528
0.0272762
1.67738
0.0226734
0.0229286
0.0214255
0.036597
3.45795
0.0551664
0.0296493
0.0221446
0.454439
0.962657
0.022257
0.0268672
0.0219043
0.0217747
0.022207
13.4306
0.0570463
0.0607216
0.0354645
0.0216058
19.0201
19.8055
0.0222125
0.0235688
5.03144
0.0241587
0.0229862
0.0217197
0.0257197
0.0217629
0.0222482
0.0302767
0.024865
0.0223754
0.348619
0.0219915
2.15498
0.0789031
1.87708
0.0537972
0.0364355
0.0215161
0.333094
0.0327323
0.0222396
0.0218842
2.78238
0.0215021
1.5063
2.92454
5.90372
0.0366698
0.0255841
0.0259414
0.0223115
0.0220767
1.46323
0.0217866
0.0759516
0.0218891
14.8975
0.0218528
0.021774
0.0238861
0.0222483
2.59041
0.0264091
0.0456968
20.351
0.0513654
0.0263356
7.92968
0.0219201
0.0230636
0.218905
6.72431
0.711089
0.195463
0.0219026
0.0221513
2.07072
0.0273886
6.66216
0.103433
0.548318
1.71108
0.0220196
2.05301
0.086575
0.0216636
0.213962
0.0220821
0.0321207
5.39269
0.0220714
0.0289703
0.0221452
3.59178
0.0228532
0.0221385
0.0218688
0.0220148
3.67276
1.90079
0.819423
1.76967
1.832
8.66868
0.0283812
0.0219086
0.0268955
0.021629
0.0214623
0.39619
0.0219655
18.8549
0.0297935
16.6084
0.0246221
0.102333
0.0625818
0.0220306
0.0216275
0.0216961
0.0291692
0.0223201
0.0326173
1.27576
17.4023
0.0224308
6.92417
0.0218275
4.36367
0.0222394
0.0885073
15.6409
0.116186
15.625
0.0221007
0.0219639
0.0394866
0.0219039
0.0274683
4.85894
0.106
4.7567
0.0374886
5.5699
0.0362053
0.712472
0.0214159
2.08427
0.0331595
0.021926
0.0221559
0.0231161
2.27818
0.0297341
0.0216054
1.02017
2.23494
0.0223986
17.399
0.0222301
0.0311609
0.0219817
0.0357926
5.32406
0.0336905
20.5439
6.50269
0.0222918
0.0219717
0.0362675
0.0897197
0.0506255
2.76058
1.67754
0.022171
5.37168
0.0219378
0.0216907
2.41215
0.16542
4.68309
0.0285213
0.0218886
0.0556284
2.20127
1.56061
6.18669
0.243142
17.7687
1.71812
0.1331
0.0974102
31.1887
17.5139
4.54983
10.0389
19.9267
15.9378
15.1349
0.0216474
2.79652
0.0215039
0.0303605
8.55551
0.0257396
0.0276479
1.85714
0.033752
0.0262789
0.0221754
0.0352149
0.0958356
0.033231
0.0219998
0.0221616
0.0227947
1.12242
0.0220009
0.120417
0.0220565
0.0222762
0.0214621
0.0223704
1.6605
2.6117
0.0286338
9.40458
0.0221924
13.3456
0.0216433
0.0219223
0.128063
0.0219805
0.0221391
0.022174
0.0615077
0.0252913
0.0456469
0.0219097
0.0219972
0.0388626
2.15379
1.52273
0.0598161
2.83063
0.729183
0.0219387
1.64157
2.0041
14.9733
0.0219594
0.0222382
0.0227675
0.209155
0.0219769
1.53662
0.0219215
0.115599
0.0220182
6.43081
0.0223334
0.0875773
0.0248979
0.0221912
0.0222863
0.103221
0.0234845
2.04951
1.43535
0.0218841
0.0216892
2.37188
0.107769
2.2367
0.0222262
0.163408
0.0223109
0.0215882
0.0764081
11.3217
0.121684
0.0365121
0.022571
0.0267015
0.0389223
0.0221262
0.310432
0.0229317
0.0347496
0.100583
2.80701
0.0355437
0.0220603
0.0217667
12.7443
0.0225976
0.0346508
0.0217852
5.50645
5.16645
0.0220031
0.0216956
0.204943
7.73955
9.08477
1.78713
0.022959
0.122981
0.0492117
1.43607
9.94098
0.0260043
0.023873
0.0273697
0.104476
0.0222269
0.0978414
0.0293965
0.121941
0.395997
0.0216483
0.0223572
0.0349468
0.021931
8.37322
0.0218252
0.0219602
0.658677
0.100377
1.85787
0.0257172
0.129859
0.0384516
0.0219144
0.0321422
0.0236742
0.0555435
1.9113
2.31892
0.0229123
0.0215161
0.0603078
0.0854147
0.0244795
0.0249214
0.0224252
0.0213947
0.0532642
0.0739742
0.0219643
14.4222
0.0220579
3.2145
1.96443
0.0222939
0.0367522
0.0225547
0.0245119
0.0463969
0.059447
0.0231462
0.0222883
0.0957011
0.0218143
0.204445
0.0216606
1.47792
0.0371455
1.65509
0.483999
1.4419
0.0682579
0.0214536
1.79427
0.0214169
0.0230329
0.0221845
0.0223552
0.0306805
0.0230893
0.0331841
0.022288
0.18304
0.0540287
0.083795
0.0552691
1.806
0.0218559
0.0364426
0.0217983
0.0221815
0.0217931
0.0218753
4.11021
0.0224287
0.02223
0.0319341
0.206862
0.0482165
0.0218914
0.105779
0.375832
6.00649
0.024731
2.85747
2.16863
0.0220084
0.0234665
0.0763574
0.0656542
12.8795
0.116964
0.022086
0.0483725
0.0214909
0.154647
0.8973
14.4173
0.467751
0.0218513
30.6432
0.0217906
0.0218032
0.0254448
0.0571727
0.0386273
0.0957448
0.0373452
0.0214814
16.2695
0.0588172
6.7383
2.94418
1.66843
0.0288544
0.0234584
0.0228231
0.022967
0.0219894
0.0253148
33.4606
15.2573
6.24744
0.254871
0.253673
0.0219913
0.0219987
0.0230906
0.0247829
4.79064
0.0230753
0.022238
0.0217357
0.0217349
0.0215807
0.038359
0.0329935
0.0218643
0.0281956
2.46983
3.97539
0.0372211
5.29924
0.0218613
5.85434
2.76287
0.125686
0.0217902
0.0218658
0.0221965
3.73758
0.0265139
0.0290971
0.0459884
0.229194
0.0385291
0.0222869
0.0221475
0.064794
0.0219425
0.108888
0.0251281
0.0297623
0.021728
1.69425
0.0328257
0.0219364
4.38187
0.022286
0.112101
0.022395
0.0220337
1.91157
0.0567062
0.0440138
0.0218645
0.0217688
0.0217043
0.0216046
0.0221642
0.0970424
5.1302
0.389676
0.0403105
0.0844178
0.0217901
0.109375
0.0222785
2.89691
2.39399
0.0262553
0.0218863
0.0217949
2.24892
2.1703
0.0242357
0.141528
0.0308298
0.0222265
1.48241
0.0221914
0.0955427
12.2815
0.0224077
11.642
0.0213985
0.0225716
0.0384182
32.4668
0.0217716
0.0245032
8.74949
1.44282
1.72604
0.0217114
0.0222209
3.88841
7.87169
4.5402
15.7646
0.0581818
0.0221964
0.0218164
0.0225189
0.0216918
0.022156
4.01695
2.27389
4.38684
2.07723
0.0215091
0.0216644
2.30592
0.0291242
0.0224127
0.0217198
0.0221291
1.46531
0.0404384
2.64714
0.0222322
0.0219932
0.0222193
0.0377125
0.0258207
0.0230925
0.0249363
8.40454
1.68748
0.0234052
2.57395
0.0219976
0.0221303
0.134595
0.814794
0.0214441
0.117457
0.021944
20.718
0.022047
0.788994
0.0222953
0.0375065
0.0218012
0.0224623
0.023248
0.105856
0.0695771
2.23576
0.0219669
0.0221979
0.0215216
20.1904
5.85611
0.0245163
0.135122
0.0758109
0.0233236
0.0266472
4.17203
0.0457368
0.0215541
1.9579
4.80554
0.129378
0.022274
0.0216954
0.0222135
0.0220194
0.0483216
0.0222714
0.0221663
0.0266006
2.01631
0.0222492
15.9486
7.81243
2.91942
0.0809225
7.21132
7.55257
3.63571
1.18379
1.86362
1.18426
0.0702201
0.128429
0.0217974
0.722179
0.0219755
18.7999
3.43277
0.0214656
8.22154
0.045648
0.0217038
0.153911
1.51401
0.0217873
0.0669235
0.0218042
1.68556
5.64703
5.47165
0.0220601
5.07879
4.79142
9.21335
0.0565928
0.0432635
3.30497
0.0214983
1.93925
4.04799
2.54304
0.0220578
0.0255259
0.0216224
18.2023
0.0219959
0.787295
0.036494
0.0293005
0.951662
0.0247727
0.0221432
0.0219664
0.0220429
0.0223981
10.2689
0.0218945
0.0278105
19.0308
6.8765
0.164839
0.0229031
0.0364883
0.478564
0.0215933
0.0223627
0.0240728
6.61999
0.0249935
0.697594
0.0221411
0.0216133
0.0694349
0.0431405
0.0395222
23.8637
0.0217313
0.650214
0.0257761
0.0220285
0.0520817
0.909074
0.0220579
10.9249
0.0282142
0.720534
1.97458
0.185694
0.0218684
15.0822
2.09528
0.032874
0.0264645
4.01818
0.273634
0.0219164
0.0218064
2.69932
0.021705
0.0215873
0.0230397
0.105566
1.46173
0.0215685
0.0387497
0.0674161
0.0752753
3.08662
0.0219207
0.0222334
0.0219113
0.022266
2.51277
1.83054
0.0440243
0.0219592
0.0214302
0.115755
0.0220957
0.0250259
3.86846
0.0224309
0.0245439
1.95689
0.0218197
0.0220351
0.0284107
0.0221318
0.0219086
4.65723
0.0755363
0.0964085
0.022211
0.0228253
0.0394656
0.0551495
0.0221509
0.0421046
0.0214985
0.0253281
3.52962
0.0224686
9.89578
0.0214522
23.9329
1.82569
0.0217897
0.0286953
2.63291
0.0254711
1.39266
6.10905
0.022295
0.0389149
0.0218156
2.98168
1.16876
0.0220755
10.9752
0.0222977
0.0218015
3.50431
0.0910245
0.62267
5.50546
0.138687
0.021688
2.54719
0.0218377
19.3422
0.0224057
0.0915837
26.4788
0.0222454
0.0217241
0.0389967
0.0215344
0.510048
5.75333
0.0218087
0.0216487
0.0217475
0.0216717
2.1017
0.434137
0.0397894
0.925089
0.0284244
0.026932
0.0241516
0.0317752
0.0294054
0.021532
0.0222898
0.0216587
0.0218021
0.0250738
0.0871251
0.0222522
0.351644
8.2731
0.0216709
2.11558
0.0216026
0.773728
0.0226716
1.53114
3.65817
0.0221614
0.235053
0.0222864
0.337728
0.79249
0.0220995
0.0222689
0.0973143
0.0313692
0.022225
0.0445661
14.2215
0.0222833
43.6148
0.023212
0.0218561
0.191774
1.56062
0.0232745
0.0218838
0.0276014
0.022054
0.0418883
0.0217317
0.0218875
0.0214889
0.0222388
1.91353
0.0276342
0.0222285
0.0217457
0.027224
2.02467
3.13801
0.137153
0.0216826
0.283868
0.0438142
0.0214286
0.0219463
2.47263
0.0222508
0.0217596
28.4454
0.0310319
9.52507
0.0228015
0.0455746
8.69539
2.25917
0.776988
0.0218095
0.0756837
0.0221622
0.0229964
0.0216514
25.7706
0.0584724
0.0217641
0.355321
2.68394
1.76199
0.0219938
3.2457
0.0224829
0.0222678
0.198221
8.0835
0.0268134
4.60011
0.0747387
8.11095
0.0216634
0.0307892
0.0741813
0.022008
0.0222064
0.46794
0.0371746
11.78
12.4507
0.0217857
18.3743
0.0254521
8.88914
0.0221794
0.706068
1.59592
0.0778897
0.0222195
0.0219287
7.52156
0.0220729
0.0216182
0.179663
0.0315555
0.0219224
18.7184
0.0219604
0.0217592
0.0221808
0.0221906
0.0216271
0.0219044
0.0216333
4.76305
7.34675
0.0224905
0.0215822
0.0219358
0.0218404
0.0275719
0.0217644
2.42529
0.0330218
0.594098
0.0303224
0.0281206
2.51126
0.0218351
0.084047
3.20048
0.0256397
0.475802
11.9264
3.30771
0.0214106
0.0220454
0.0218209
7.64918
0.525159
2.80964
10.5646
0.0327252
0.0217915
13.5582
0.0290709
0.0222364
0.0218985
0.0222362
4.81313
0.0358784
0.540491
0.021867
0.022142
4.22791
0.0216723
0.0230895
0.0218091
5.05893
0.0216069
0.0218221
0.0784423
0.0222163
0.0221714
0.0249032
0.0929719
0.0371204
0.389471
0.0846964
0.0222462
6.23786
0.0328683
0.0217873
0.0220031
7.37221
0.0219831
13.5719
2.7457
0.0216295
5.24053
0.0218078
1.45108
0.464599
2.47798
0.0443132
0.178519
10.1634
0.0366478
10.741
0.720843
0.0219218
0.021773
0.0512239
0.0654814
6.2431
0.0283759
0.0277603
0.0219438
0.0227478
0.0218441
0.0326957
0.0452427
5.45342
0.0440882
0.0221508
4.03697
0.0405043
0.0220773
0.0219195
0.0218713
0.0215474
0.023244
0.0222313
0.0454738
0.0326509
5.03815
5.99416
2.36112
0.0217268
0.0218646
0.0389262
0.0270485
0.0217424
0.0258529
0.0216488
1.98417
0.0219551
0.0820441
7.38728
0.0222122
0.0220149
0.021878
5.00011
0.0817686
0.0527344
1.6321
0.0218808
0.0233698
1.45087
6.63586
0.0222309
13.9401
0.0227475
0.0462341
2.66143
0.0218323
0.022147
0.0220545
1.59244
2.94204
7.22249
21.1066
0.0222515
0.0220639
0.021973
0.0943664
0.0221496
0.0217128
0.0222965
0.0217549
11.6561
0.0222927
0.0222917
1.5838
0.499003
9.74997
0.0262796
0.0294615
0.0341498
0.195342
0.119776
1.96733
1.55448
0.426068
0.0218042
1.83665
0.0217417
0.0247061
0.0220716
5.57276
0.021548
0.0217979
0.0221059
0.0222179
4.89437
0.0226759
0.022294
0.849572
18.842
0.0218674
0.0217636
0.0727236
0.0217005
0.0220852
0.0218094
0.0218931
0.0360683
0.143927
0.0281778
0.273366
10.8927
0.0249871
3.41774
0.128282
0.0291515
2.43826
0.0216678
2.36189
4.52389
25.5592
7.70205
1.54706
5.35578
0.0350337
0.0219226
0.0231525
0.021864
1.69003
0.0219222
1.52144
7.28591
0.0221804
6.28757
0.0721408
0.0217359
24.8679
0.120927
0.0214617
13.7246
0.0225199
0.0324665
7.70741
0.0237573
0.168387
17.4758
0.0215947
1.57806
0.85228
0.0220787
12.1604
0.0217125
0.0488969
0.0219775
0.0218783
1.65731
0.0217917
0.0219611
1.27836
18.1577
0.993678
0.0219309
2.33016
1.61731
0.125973
1.73355
0.0217056
0.021846
1.44524
0.0217548
0.0217434
0.0222103
0.0222063
1.54083
21.0006
0.0442277
0.0216445
0.0279611
0.0219406
12.7334
0.022163
0.0249941
4.02243
9.95091
10.3966
4.69085
0.260906
0.0219077
9.52491
0.021845
12.1583
3.3465
0.129634
0.0222925
0.0220679
0.359296
0.0217955
2.40312
0.0217771
0.0215414
0.0215976
7.07283
1.68245
0.0218275
0.0214131
0.172921
11.6842
9.20264
13.4157
0.0218713
7.93491
0.0254385
0.022077
0.0312665
8.53043
0.0219324
0.0226224
0.0219303
8.87749
2.30623
0.0219454
0.0220778
6.30582
0.0748259
4.24668
9.18935
0.419585
0.299781
0.0572937
0.0219203
15.0969
0.021803
8.09932
0.0220872
1.38434
0.021839
0.0480754
0.262752
1.47972
10.8883
0.021903
0.0954411
0.0250759
0.0219567
0.0525133
0.0219207
0.0406867
0.0221041
0.0218774
0.0220061
0.0491415
0.0270366
0.0214284
0.0220283
0.0217184
0.0958544
0.022098
0.0564569
0.0216942
0.0224656
1.43412
0.0233209
0.0622202
0.0967305
0.0217501
0.0218007
37.0022
0.0953441
0.0216668
4.75406
0.0216518
0.0219314
5.56067
0.0214078
0.0222001
0.0402961
0.0223414
0.165451
0.380498
0.734405
0.0881306
0.022142
14.0354
0.0222944
0.0222187
0.138183
0.0242959
29.1347
0.0219052
0.0215456
0.0221001
18.8922
22.0011
0.0217941
0.0282183
0.0222486
0.0591061
0.0216943
0.0218692
9.00614
0.0222502
0.0218325
2.09385
0.0223517
1.90133
0.0219396
2.3279
0.0219507
2.85546
0.101929
0.0221116
0.0219591
0.0222507
0.0224451
4.49669
0.0356936
0.0528267
5.66612
9.96505
0.021921
0.0223947
4.68734
0.0938166
0.0223293
0.0221086
0.0219405
0.0546836
0.0379154
0.0885421
0.0291056
0.0216745
0.0219772
11.2489
0.022163
0.0218532
0.0246167
0.031272
0.0219584
0.0219077
0.0240717
0.0415536
0.0216577
3.60584
0.0217419
0.228482
0.0214125
3.07221
0.0215883
0.0236255
4.63839
4.00663
7.70888
0.725885
3.26345
0.0219453
6.85513
0.0217002
0.021669
0.0385213
2.72881
6.64599
0.0215929
1.72934
15.4289
1.56727
0.0222639
0.0217752
0.0217315
0.0222908
2.13974
0.107157
0.0706216
0.749938
0.0222876
0.0214269
0.0216487
0.0217983
0.193238
8.28355
0.0220557
20.4741
0.108842
0.218883
0.0587915
5.66125
2.36959
0.0217355
0.0219939
19.2456
16.2099
2.74921
0.0221793
0.178714
12.291
0.0215401
0.022192
17.7126
0.0216629
0.133123
0.10665
0.0228824
14.9373
0.0219355
0.0725457
13.6682
0.0274755
3.37759
0.0219366
2.72754
4.93542
0.0218254
18.9342
0.0216905
0.0282044
0.0219085
7.33187
2.6786
0.0281023
0.0215253
16.3754
0.0222875
0.0214586
0.0218817
0.0280794
2.41945
0.0214909
0.0230605
0.0217634
7.59217
5.12065
0.0232173
0.143281
0.56428
0.128497
0.119492
0.0221432
0.0459771
0.0279555
21.21
0.024064
0.0237551
14.9978
0.0331662
0.121004
0.0273451
0.0220193
1.32421
0.021888
0.0219882
0.0217499
1.76399
0.0219341
3.45954
0.0221266
1.42901
0.021986
0.0329782
3.51916
2.85609
0.0217019
0.0222619
0.0220544
4.27792
0.0216491
1.78101
0.179513
0.900697
0.021955
0.0215033
3.40866
0.0943982
21.8149
0.0317011
20.2656
0.0301994
0.0220021
0.0219508
0.0728958
1.43412
0.0218917
0.0324659
0.0218998
0.435547
0.0218273
0.105706
3.76347
0.0217073
0.0214443
0.0706042
0.0217768
0.36835
21.5018
0.0222243
0.319692
0.216928
0.046343
0.0215865
0.0217903
0.0413888
0.0392964
0.0260797
0.0511135
0.24078
0.0220166
0.0294378
0.0483892
0.0217837
0.591347
0.0225869
3.44484
15.4227
0.0221068
0.0227687
1.9967
16.4998
6.48376
4.35113
0.0217363
1.76722
0.583499
0.0216721
0.0271492
0.021822
0.0219397
0.0216431
0.0220028
0.0223895
0.0436221
0.0215781
0.0227986
0.0284606
2.58316
0.0222536
4.67767
4.39988
0.0216348
0.0220904
0.0220641
0.0220956
4.92947
0.582915
0.022119
0.0218448
0.021961
0.0222692
0.0219685
0.0247043
0.0217371
0.338644
0.5534
9.58107
0.0281136
0.0221608
0.0272706
0.0242924
0.0220033
0.125966
0.0222457
9.51512
0.0309174
0.195341
0.0222876
0.0220377
8.87043
0.02192
0.048854
0.0220593
0.134511
0.0842347
0.0921736
0.0221734
0.0244552
0.668309
0.0218435
0.0222151
0.023875
0.0220374
0.0217318
3.07329
0.630265
0.0217454
0.0217938
3.13252
0.133515
0.0218561
0.0219517
0.0555136
0.0226092
0.0273366
0.380339
0.937309
0.0231309
0.0544318
2.53191
0.0219265
0.0221935
0.0219512
0.0217374
0.0218214
2.15302
6.52101
5.19711
0.0246834
0.039132
0.0219058
0.0222595
0.0264991
0.980705
0.0523983
0.0269983
0.0530417
0.0704197
7.63694
0.0219972
0.619284
0.043291
2.12702
0.0367559
0.0217547
0.373982
5.33804
0.0346937
8.3964
1.04447
0.0217078
0.0518139
1.48948
0.0215564
0.0222327
10.4181
5.75191
0.0214758
0.0218229
0.124072
0.0215838
5.20598
0.0216562
0.0218334
0.0220972
1.45933
0.0298273
0.0785522
1.84609
0.0821687
0.0297086
5.83614
0.0216627
0.0216511
0.0218926
0.156602
0.723915
0.0506944
0.0246364
0.0218145
0.0218393
6.65229
0.0219283
0.0219837
27.5131
15.2331
0.429998
0.021987
2.40345
0.0218907
0.0220464
0.271953
0.476809
0.0219639
0.85064
0.0219225
0.0228389
0.0271244
0.0236586
0.0218315
0.021579
7.19395
5.30116
0.021716
0.0216453
0.140553
0.0309877
0.0220025
0.026894
0.0222603
0.0218064
0.0406765
0.0216629
0.0221969
3.95974
9.20936
0.026404
0.0219148
6.78177
0.021397
0.0217229
5.6346
0.0220222
4.51371
0.162419
0.0268658
1.72066
0.021912
0.0218356
0.0218963
0.0217924
0.184026
0.0282173
0.0219308
0.0218951
4.00775
1.44929
0.0217501
3.76268
5.35622
0.0219528
14.467
5.60767
0.0275456
0.0220128
19.3264
0.0220208
0.0218341
0.0218562
0.0218208
0.0220669
0.0853489
0.0766121
5.25668
0.0222001
6.08057
2.54704
4.74639
0.0219943
0.28507
0.0217222
0.0284328
12.2958
0.0219255
0.0768139
6.51374
0.0259824
0.0397901
0.112169
0.0214545
0.0218096
0.04857
0.021999
5.26552
0.52202
0.0220788
0.0219439
0.0278734
0.0221481
0.0439452
0.0220885
0.27132
0.0218707
0.0218033
0.0620988
0.0321986
7.10889
0.103044
0.0231951
2.78398
0.0816481
0.177526
0.0222134
0.995519
0.469579
0.0221104
1.78542
25.6062
0.0217516
0.0222945
0.122297
0.0897127
0.0218019
0.0434809
1.51391
0.021459
0.0220687
0.0441473
0.0222183
0.056827
0.0220822
4.1914
1.28544
0.0419705
2.80032
0.0215101
0.615198
6.05832
1.86306
0.0322941
0.0217522
0.0228172
0.101864
0.0220841
0.0216376
0.0222491
0.161609
0.0219158
0.0216777
0.0222665
0.0214649
0.0226227
4.74797
0.517022
0.0221994
0.0218119
0.0218215
0.0220234
0.172531
0.256582
1.26955
0.0742278
4.88145
0.0220143
12.4709
0.652068
0.0283418
0.0219897
0.0384379
0.0220193
0.0219163
0.0214769
0.0741375
3.38592
0.0218496
0.127498
0.093573
0.033403
0.0221471
9.03569
0.0221591
0.024015
0.113915
0.303866
0.022299
0.0220484
0.02161
0.0232571
2.46293
0.0223851
3.51742
0.0220844
0.0218953
1.26084
0.0228965
0.0219505
0.0222358
8.03491
0.0222171
0.0972495
0.031176
13.3958
0.0967014
4.24473
0.0218789
0.0225211
0.0216971
0.0218116
0.0276283
0.0220975
0.0219203
5.43612
0.0222855
0.022381
9.51807
3.29245
0.0218418
0.0608902
0.021719
0.0214692
0.0231176
0.0216462
1.62502
8.27799
0.0214366
0.0221618
0.0730151
2.74559
0.0220234
0.0534094
13.2791
0.0220723
31.7776
0.0226807
1.65837
0.0222231
0.966498
5.6485
0.0218106
1.67723
0.0237459
0.0216477
0.0219712
1.31403
3.42366
0.0627493
0.022172
4.66331
0.0219957
0.0228042
0.0219397
13.0475
0.0811811
0.04382
7.98555
0.0218053
1.48875
15.9961
11.7579
5.2066
0.0361481
0.0345037
6.45326
0.0219872
0.0228198
0.0753322
1.52685
0.0214471
0.0222853
0.0219004
0.0219559
0.0219653
0.0326309
0.343917
0.0218451
27.9999
0.0219068
0.0230778
0.0220126
0.0484773
1.72415
0.0221654
0.021724
0.0533234
15.414
1.27912
10.516
0.608033
0.0218757
0.021856
0.0214938
0.578247
0.0226229
0.0220358
19.7032
0.0219677
0.0954104
11.7596
0.0219585
5.03103
3.27099
0.879896
0.0468924
0.119396
15.4213
0.280262
0.0219155
0.0216499
0.0343856
0.0222958
0.0461368
31.6307
11.4971
0.0286875
5.58436
1.09526
7.17538
0.0214418
0.0221798
0.0219457
0.0217016
0.0220084
1.77655
1.43309
0.0220231
3.40535
0.0220155
0.0219069
0.355271
0.0217828
0.686429
1.59522
7.7938
0.0217354
0.0218696
0.022247
0.0222439
12.2054
0.0219708
0.0263639
0.0222843
0.103203
0.0240816
0.0221313
0.0219448
4.77538
0.0216587
0.551937
0.0218518
3.25651
0.0220281
0.0219558
0.023089
0.308966
0.0216836
0.0220805
7.26469
0.0219075
0.0385264
0.221713
0.471729
0.0368453
0.021761
0.0219198
0.827433
0.028744
0.0216898
0.0832492
0.118141
2.51253
0.0219691
0.0219885
0.0219362
0.0217521
0.0220134
0.0223957
1.48844
0.0227822
14.8002
1.42722
0.0408548
0.0229038
0.0218605
0.4041
5.19794
0.0217192
0.021998
0.0763013
0.0222745
0.0229185
7.96279
2.04768
0.0218875
3.34689
0.0227167
5.88569
0.0216983
0.0220171
0.0218972
5.40617
0.0216333
0.0218984
1.82494
0.0218559
0.0336273
0.06833
0.0219112
16.3898
0.0271715
2.64796
1.60153
0.021932
0.0222535
2.73485
0.0218374
0.0220309
0.0219736
0.0291787
0.0220724
13.4207
14.2226
2.14659
2.00791
0.0217002
0.943946
0.021864
1.53351
0.0266474
0.0285538
0.0220301
6.14308
0.0220578
0.0226874
5.47671
0.0217322
0.0377467
0.0350472
0.0222791
12.9644
0.0217377
3.79761
0.0277226
0.0219791
0.0218527
0.0214551
1.44539
0.0217479
1.58471
0.0222667
0.0245287
0.0237599
0.0258377
9.35052
0.0220913
0.0241487
0.168652
0.0516759
0.149754
0.0220263
0.0218673
13.1589
0.0214359
7.79909
0.0299535
0.0218617
0.0219016
11.8847
0.293557
0.0222002
10.8814
0.0218241
0.0229381
0.0218144
0.0505628
0.0233652
0.0485797
5.52993
0.0218918
0.0217171
0.0219281
6.7717
0.021883
0.0224245
1.47169
0.0218751
0.127099
0.022029
0.027192
0.0220163
0.0221806
0.0222594
0.164713
0.0317231
0.0218055
0.130441
0.0221038
3.25407
0.0219491
0.148663
0.0219236
0.0219013
0.021932
38.8931
0.0264825
0.022323
0.329594
0.0222503
0.0287328
0.022633
0.0246938
0.0222729
0.0218961
0.0222328
5.28553
0.0219759
0.0218204
1.45975
0.022003
0.0217669
0.0219474
1.41152
0.0222055
0.0508777
0.0283073
0.360405
0.0222109
0.0440734
0.0217271
0.0222966
0.0277312
9.42138
0.0222927
0.0216808
0.0219249
0.145568
0.59444
0.0224872
0.0218496
0.0218526
5.13955
0.0216171
0.0346268
0.0416599
7.16549
0.0222948
0.0216789
2.87677
0.0224218
0.0484035
0.0293653
0.0214519
0.0397958
0.0219821
0.0280136
0.0214957
0.0217554
0.0219305
10.7253
0.0220106
0.292898
0.0216803
8.37444
3.78196
0.181509
0.0220084
7.22695
0.39812
0.0300906
0.0219636
0.029641
23.2897
0.0220131
3.86808
0.0222559
0.125574
0.0250262
0.0222149
0.137905
3.6898
0.0218239
0.0242418
0.0219223
0.0333148
0.0218531
0.0217141
0.0220383
3.5107
14.5025
0.0222912
0.0219356
0.0219755
1.90609
0.0218965
0.12766
0.0220356
1.93968
6.32637
4.92158
0.0425353
0.0222519
0.0220893
7.2797
0.0219797
0.0366118
0.0222661
0.0346969
19.9132
2.93387
0.0222869
0.0216582
0.0309872
6.33929
0.0571666
0.0218111
4.70848
24.6028
0.0216072
0.503889
0.0215085
0.0441654
0.0218947
0.022514
0.0222856
0.0347026
0.0219402
0.0214997
5.42211
0.0241002
0.0225892
1.54529
3.4359
0.0220294
5.08359
0.0220992
6.82231
0.0241887
0.0215158
0.021582
0.0220144
0.0255289
0.384234
0.270136
0.0220048
0.0225665
6.80843
0.0220392
0.0216203
0.02186
0.0219659
0.270776
0.0219311
0.021615
0.0216338
4.99738
0.0222667
0.0219198
0.0216497
2.95637
0.0221626
2.41747
12.1801
0.0219082
7.9909
35.5443
0.0221649
0.0498688
0.107066
0.0215681
0.0216926
0.0229923
0.0219888
1.06856
0.0264816
0.0220398
0.021644
0.0218889
0.0220276
0.0218691
0.0222292
3.9848
0.0216279
0.0218525
0.0258498
0.0218904
1.46195
0.0218766
0.0220532
0.0220782
0.0221431
3.0069
5.14651
1.89194
2.19392
0.0223099
10.6065
0.0218476
0.0216107
1.62989
4.32629
0.0222141
0.0219635
0.0815461
0.115721
4.88044
9.93916
0.0435755
2.11003
0.0227239
6.02746
0.021903
0.0252667
0.0218641
3.80402
0.0219274
14.9013
0.0222535
0.02407
0.0221463
0.0225992
0.453265
0.0216106
0.0214814
2.57406
0.0553423
0.0222464
0.0216386
0.0216045
0.0227595
0.0222551
0.0221934
0.0218754
19.6404
0.0218113
0.0225844
0.0222552
0.0216062
0.0216861
0.0368795
0.0222971
0.0382677
0.022164
5.89164
0.0217209
0.0853422
0.0606103
0.021797
0.850679
0.021466
1.75298
0.0220428
0.0220178
0.0218841
0.0215863
0.0936942
0.0218581
0.0224026
0.0215798
1.78078
0.159943
0.0220231
0.0222711
0.925749
2.03431
36.0914
0.344348
4.71694
0.0218365
0.0218634
0.0325606
0.022129
27.0281
0.0222583
0.0966311
0.021876
0.0222473
0.0284967
0.0215167
0.0222506
0.0410858
0.448559
0.0216579
0.0215744
0.0222091
0.0219474
0.0219872
0.0216636
0.0219406
0.0218664
0.029705
0.046124
6.30461
5.12142
34.195
0.021584
1.55416
0.0218725
0.120278
0.964913
0.0220313
2.14956
0.021869
1.76433
6.23494
0.0672095
0.0220015
20.5353
0.0240044
0.163302
0.0225673
0.0297574
8.46587
3.32983
0.3411
0.024327
23.5216
0.222486
41.645
0.0269783
16.0132
42.1292
13.0485
0.0216476
0.0222741
1.58937
0.0214754
0.0219485
0.401355
0.0219667
0.022095
0.0369474
8.63645
1.62141
5.42471
0.0218735
0.0218308
0.0222075
10.5636
2.38526
0.317053
0.025561
7.70321
0.0218903
0.0294756
2.71666
0.0247004
0.416186
0.0223974
0.022234
1.55626
0.0218086
0.959972
0.0219173
0.0224972
0.0435198
0.0217923
0.0237516
0.0731207
0.0222667
8.97949
0.0218776
0.0214715
4.28279
0.0224236
0.0219105
2.40202
0.0758269
6.6039
2.20853
13.181
0.0223464
0.101592
5.83992
0.0907102
0.0275549
0.0223502
5.00784
0.0217652
0.022055
0.152408
0.0879943
0.041474
0.0222682
0.0222311
0.0218237
1.58167
0.0492507
2.54346
0.0222712
14.6147
0.0218713
0.0430085
0.0240091
0.0217392
0.202331
0.441504
0.0328063
0.12894
6.67974
0.0222725
0.0237118
0.026889
0.0314894
0.0224628
0.0272582
0.027096
0.107925
0.0215466
7.78795
5.79548
0.0224635
2.44696
2.15771
2.73922
0.022271
0.0215936
1.49946
0.021938
5.67689
0.0222309
0.0222725
2.68162
0.0237044
0.0219335
29.6038
0.0257009
0.0700526
0.0219038
4.65628
0.0521362
0.0938374
0.0330385
0.0224851
0.120976
0.022433
34.9938
0.0258118
0.300463
0.622436
4.04689
0.154496
4.95284
0.0243929
0.0724669
0.0366066
0.705833
14.1605
0.0218066
0.393719
0.0220456
0.0218898
3.55302
0.0677637
0.0216254
0.066953
1.92313
5.5958
0.65065
3.62767
0.0732675
0.0222637
0.0240985
0.0216987
5.11948
0.0219859
2.4963
0.572766
0.0239151
2.03667
6.80642
0.0216596
3.9386
8.47309
2.86939
0.0219737
0.0219059
0.0222542
0.0401009
0.022273
2.03079
7.6151
0.0418611
2.73864
0.0225879
3.18532
1.55824
1.44485
0.0220136
0.335346
0.0258386
0.0924668
0.0313426
0.221829
0.0386122
5.62844
0.0222481
0.0218425
0.0216255
0.445861
3.54649
0.0219199
4.82033
0.064839
0.0827557
0.0218675
0.113465
0.0221594
3.06987
1.62866
1.45599
0.127175
5.03458
0.065519
1.7973
0.105027
0.0220877
0.503942
0.0218274
0.0430378
0.0219488
4.20826
0.0219282
0.0255585
4.75839
0.0473544
0.0441756
0.0697057
8.98551
9.11249
3.3824
1.44604
0.0393789
0.0219089
0.0218971
0.0422132
12.7525
5.17993
0.0306232
0.0281014
0.102016
0.0412014
0.117686
0.347293
0.102128
0.0502921
0.0617456
0.495741
0.0216069
10.3652
0.0217497
0.0222807
0.150357
0.0296394
6.30098
26.7909
0.127422
0.385705
0.513388
0.0218666
1.97448
1.47966
0.0398599
0.0278986
1.49546
0.0389894
0.0465721
2.11532
3.27943
0.0218974
3.58408
5.10178
0.0216914
1.48987
0.0224531
0.0216189
0.0214642
0.0309375
0.584507
1.52881
0.511605
0.0496398
0.0472591
0.0408874
2.05431
)
;

boundaryField
{
    frontback
    {
        type            empty;
    }
    topbottom
    {
        type            fixedValue;
        value           uniform 0.0223;
    }
    outlet
    {
        type            zeroGradient;
    }
    inlet
    {
        type            fixedValue;
        value           uniform 0.0223;
    }
    walls
    {
        blending        binomial2;
        n               2;
        beta1           0.075;
        type            omegaWallFunction;
        value           nonuniform List<scalar> 
120
(
15.9635
26.2591
24.7175
28.1624
26.324
29.2556
28.1123
24.2903
25.4904
17.4389
28.1915
26.8134
20.4543
23.2336
27.8242
19.9834
13.947
21.146
12.4092
26.3349
24.2801
13.8586
28.2724
24.7107
27.6052
12.7282
29.4242
6.77565
21.5879
8.18404
8.94227
8.43432
7.65914
6.56608
26.071
26.4951
13.281
19.8441
26.8507
28.3494
26.0086
13.572
23.9245
26.2203
18.0904
26.5155
26.0923
21.0919
28.787
27.7405
28.1868
12.4962
30.1529
25.9291
22.4516
28.3289
17.3103
12.7746
24.3469
6.21825
7.03132
28.4768
16.656
24.7563
26.5427
8.22498
7.95355
8.21355
29.5959
24.642
26.9608
21.7295
29.1399
27.9723
18.3012
18.9181
28.5111
18.0446
23.6851
7.30142
9.00914
18.6211
7.14165
28.9089
35.3327
21.4543
8.0949
31.0796
8.47856
19.2786
33.192
7.18928
13.4306
8.55551
9.40458
9.89578
23.9329
28.4454
25.7706
25.5592
24.8679
13.7246
18.1577
29.1347
21.8149
27.5131
31.7776
27.9999
11.7596
31.6307
11.4971
19.6404
36.0914
27.0281
34.195
20.5353
23.5216
41.645
42.1292
13.0485
)
;
    }
    procBoundary0to1
    {
        type            processor;
        value           nonuniform List<scalar> 
80
(
2.48566
0.033488
0.0219556
2.39352
0.0219582
0.0252423
2.88974
0.0236772
0.0236772
0.0242844
0.021555
0.0245262
0.0320124
0.0302398
0.0454916
0.0213879
3.29306
2.57294
3.6889
0.0231864
0.0302398
0.0218369
0.0214025
0.0289223
0.0409595
0.0217538
0.0214889
0.0215175
0.207855
0.934115
0.0231864
0.0213853
2.9005
0.0214431
0.0220891
0.0214697
0.0214165
0.0214165
0.0216848
0.0273815
0.0214338
0.0213834
0.0409595
0.021425
0.069563
0.069563
0.0369304
0.207855
0.0214197
0.02138
0.021588
0.0216301
0.021425
0.084632
0.129279
0.0228294
3.22882
0.0369304
0.0214544
0.129279
0.059731
0.026263
0.0522104
0.106975
0.0213788
0.0214089
0.0214025
0.023457
0.0223938
0.106975
0.0214089
3.55402
0.084632
3.36909
2.72876
0.047345
2.72164
0.934115
0.0222281
0.02259
)
;
    }
    procBoundary0to2
    {
        type            processor;
        value           nonuniform List<scalar> 
165
(
7.15511
12.1769
18.046
0.152793
0.0220281
5.85132
3.66101
7.52545
11.2819
12.305
12.1769
0.0277648
0.0290431
0.0219702
0.0219941
18.046
0.0219767
4.51982
2.03444
0.0258017
0.0228821
0.0226992
0.121551
2.04957
8.43266
0.0226992
0.114302
7.73273
2.77734
0.0230795
5.78678
0.0220788
2.25873
2.4684
2.25873
0.0219852
9.22605
0.0219418
0.0713634
0.0713634
8.13199
8.1006
2.28635
0.0221106
0.667361
0.370486
0.021932
1.83467
0.0450473
1.78333
0.667361
0.022088
1.67829
0.0250673
3.08906
3.0684
3.1625
0.0244387
0.0240747
0.0221204
6.90455
0.370486
1.76121
0.0219668
0.0220486
0.0220574
5.56899
7.08
0.0219445
0.0555283
0.0223043
0.0236534
0.0219249
0.0219463
3.19892
0.0222937
0.0417732
0.0219598
0.022144
0.0225343
0.0219598
0.0222274
0.0501791
0.0622191
0.0219445
0.0274727
0.255341
7.28202
0.0219205
0.0219282
2.44969
0.0220023
1.76121
0.0224189
0.0312567
0.0221783
0.0262442
0.0867549
0.0501791
0.0219314
0.0325075
0.0222139
1.70339
3.35042
0.0220536
0.0388983
0.0220191
2.08814
3.59585
3.48975
0.0222661
0.0221546
0.0219214
2.91685
8.98016
8.31592
7.57654
3.30312
1.89141
0.0233696
9.10619
0.0363083
0.0388983
3.44795
0.0219191
8.01888
8.84539
8.40623
0.0221523
0.0344162
0.0219201
1.91053
0.0222524
8.08494
0.0290431
8.53339
0.208763
0.0867549
0.0221014
0.0220195
1.68277
0.0221893
2.75609
8.46508
10.7205
5.91476
2.63172
9.42809
7.87533
7.0418
7.73082
19.1209
8.3136
6.71952
1.61447
9.29756
2.10423
0.0300584
8.44963
32.6562
0.0222255
1.59863
1.26173
7.92766
9.56379
)
;
    }
}


// ************************************************************************* //
