/*--------------------------------*- C++ -*----------------------------------*\
| =========                 |                                                 |
| \\      /  F ield         | OpenFOAM: The Open Source CFD Toolbox           |
|  \\    /   O peration     | Version:  v2012                                 |
|   \\  /    A nd           | Website:  www.openfoam.com                      |
|    \\/     M anipulation  |                                                 |
\*---------------------------------------------------------------------------*/
FoamFile
{
    version     2.0;
    format      ascii;
    class       volScalarField::Internal;
    location    "200";
    object      V0;
}
// * * * * * * * * * * * * * * * * * * * * * * * * * * * * * * * * * * * * * //

dimensions      [0 3 0 0 0 0 0];


value           nonuniform List<scalar> 
10042
(
0.190982
0.0798997
0.0870279
0.136281
0.171378
0.145095
0.0585181
0.15839
0.188527
0.052432
0.141994
0.078755
0.0492105
0.15249
0.0844422
0.153989
0.116591
0.131647
0.0657748
0.0996845
0.048406
0.199808
0.14404
0.132382
0.165058
0.175848
0.0678276
0.19582
0.143286
0.110291
0.153303
0.0346634
0.175861
0.165665
0.156091
0.142098
0.172275
0.154309
0.145369
0.205028
0.141366
0.17644
0.0387048
0.107919
0.138962
0.122619
0.169332
0.103129
0.0509094
0.0442422
0.0403828
0.164633
0.11152
0.0607578
0.0643235
0.0338794
0.0467245
0.167095
0.083833
0.192609
0.0577308
0.0628515
0.0390497
0.149877
0.138196
0.151144
0.0877146
0.142414
0.126575
0.140204
0.0367705
0.105118
0.160797
0.0859917
0.150757
0.0349376
0.116937
0.160577
0.111236
0.0598603
0.0986956
0.126652
0.186953
0.16529
0.0729375
0.0498924
0.092752
0.0875425
0.139922
0.138818
0.0454111
0.0779165
0.0380847
0.0588743
0.132996
0.113276
0.0148279
0.0892882
0.115786
0.085613
0.0502342
0.0596691
0.0982331
0.0351074
0.0595809
0.0994924
0.0330779
0.159671
0.0547356
0.101751
0.114266
0.0543148
0.0744124
0.14857
0.137904
0.165438
0.109682
0.172661
0.158776
0.171908
0.170869
0.0648289
0.0652157
0.137385
0.10763
0.158105
0.119439
0.0620985
0.023934
0.117378
0.171095
0.128118
0.153885
0.134282
0.0466437
0.0427288
0.0899686
0.0339861
0.074997
0.123854
0.0430004
0.166604
0.0394056
0.198212
0.0615618
0.145276
0.0716426
0.164405
0.0928989
0.0847152
0.143423
0.164439
0.063646
0.0356771
0.13467
0.0604472
0.0280192
0.0325974
0.146114
0.130722
0.165901
0.185489
0.0427393
0.140885
0.0790461
0.116014
0.188922
0.0423544
0.168778
0.13544
0.138378
0.105792
0.0813601
0.160241
0.057851
0.07544
0.114013
0.172862
0.143509
0.116726
0.0788399
0.0501919
0.0801044
0.173317
0.180196
0.0423261
0.0955304
0.141104
0.0355575
0.154619
0.0695234
0.0477909
0.164682
0.0578592
0.0620124
0.0720244
0.0206106
0.145207
0.0180589
0.141905
0.0235609
0.0411298
0.0937533
0.128481
0.117515
0.13565
0.132301
0.0439839
0.113424
0.0980774
0.0371668
0.133149
0.0927336
0.0991636
0.176259
0.147056
0.15301
0.0993999
0.146898
0.0280827
0.0220829
0.137587
0.0271893
0.132844
0.111521
0.0362126
0.101193
0.0848063
0.0770449
0.071525
0.167713
0.120473
0.0426876
0.13185
0.110131
0.182532
0.0903326
0.0207447
0.0605056
0.136738
0.0967089
0.133326
0.17752
0.162622
0.0664657
0.171092
0.139158
0.0778982
0.0491735
0.144788
0.0648726
0.158328
0.105173
0.0526352
0.111418
0.0954889
0.128666
0.101883
0.0102107
0.150193
0.1312
0.151843
0.151923
0.173773
0.0407033
0.069612
0.13702
0.102483
0.154613
0.108541
0.100872
0.0421805
0.145211
0.0348538
0.106369
0.161602
0.066908
0.130089
0.147362
0.0571153
0.140199
0.143285
0.0187629
0.0744325
0.175122
0.0227965
0.108508
0.154689
0.164721
0.136324
0.0472808
0.111505
0.173762
0.13273
0.129372
0.120435
0.069403
0.10099
0.0956972
0.151921
0.0685022
0.0927839
0.127242
0.091153
0.0930449
0.0480581
0.156505
0.164342
0.0660076
0.123252
0.141993
0.13033
0.130897
0.112039
0.109677
0.164879
0.113903
0.143148
0.137659
0.160482
0.147864
0.035458
0.155384
0.12821
0.177384
0.168783
0.135669
0.128527
0.0919289
0.046031
0.135403
0.110972
0.161059
0.157241
0.135256
0.163451
0.0331716
0.126844
0.155248
0.118372
0.0415698
0.0480918
0.172181
0.144212
0.162633
0.172136
0.144285
0.156717
0.125453
0.0170903
0.0720602
0.135187
0.120683
0.144989
0.0708163
0.140093
0.101954
0.169784
0.0261265
0.166934
0.106087
0.158541
0.0765658
0.141229
0.107125
0.0730868
0.14451
0.127831
0.125537
0.0603841
0.145119
0.162395
0.140198
0.164122
0.0545575
0.130712
0.155933
0.0949977
0.0651076
0.0462877
0.113691
0.0921571
0.0780457
0.138172
0.0285288
0.165419
0.154775
0.165512
0.105313
0.148198
0.111583
0.0265856
0.0730185
0.143183
0.106159
0.0525874
0.136191
0.153909
0.129779
0.0266213
0.144695
0.0235447
0.148563
0.0707077
0.0238654
0.135187
0.0398724
0.147816
0.100187
0.112906
0.109253
0.0542293
0.13456
0.076602
0.149986
0.101106
0.07408
0.0609601
0.143842
0.0909495
0.152469
0.095204
0.163331
0.166354
0.0360659
0.101206
0.0852543
0.108469
0.126791
0.0470585
0.100168
0.139913
0.0536005
0.0990324
0.137467
0.0751364
0.0416375
0.152557
0.156903
0.0326294
0.163526
0.11446
0.0893976
0.031922
0.0380414
0.173403
0.141411
0.0403167
0.147983
0.169453
0.15388
0.0658638
0.0724761
0.0336961
0.109476
0.140232
0.140207
0.0261949
0.16498
0.137084
0.147926
0.119586
0.158954
0.158854
0.0984704
0.16937
0.159959
0.0648262
0.0911301
0.138261
0.0409892
0.134994
0.0267648
0.0402325
0.123479
0.126539
0.0405833
0.129547
0.0515571
0.100239
0.13745
0.077979
0.122633
0.140719
0.0571737
0.121764
0.152525
0.120575
0.159414
0.137067
0.139337
0.0800477
0.145971
0.147174
0.0935833
0.0402293
0.135975
0.148038
0.115309
0.0466958
0.104429
0.156937
0.141396
0.0840786
0.0524723
0.111779
0.158338
0.140201
0.0717903
0.0694713
0.0774174
0.136714
0.145658
0.132943
0.094797
0.122027
0.119976
0.0990298
0.123405
0.102466
0.129747
0.0718979
0.100122
0.0776361
0.0752123
0.1062
0.139494
0.0775481
0.106517
0.136305
0.11482
0.037692
0.109518
0.141502
0.0933534
0.0842623
0.111174
0.0716141
0.153885
0.0661351
0.122585
0.0773669
0.137649
0.0225816
0.122563
0.0436544
0.153568
0.132176
0.108947
0.173165
0.0922511
0.0501854
0.148474
0.134014
0.0269555
0.102317
0.13782
0.164773
0.138379
0.160935
0.161023
0.15842
0.0955059
0.0870226
0.118517
0.173274
0.0434614
0.0577324
0.145982
0.145102
0.13359
0.0474047
0.138193
0.137735
0.137107
0.0947653
0.0441806
0.140396
0.144922
0.14117
0.11582
0.106125
0.162985
0.020912
0.0836199
0.0649789
0.133164
0.145359
0.119811
0.0761539
0.104219
0.144563
0.129929
0.162995
0.136531
0.133025
0.0629226
0.116004
0.183279
0.152116
0.159916
0.140324
0.0223697
0.131859
0.137186
0.118796
0.0654273
0.125931
0.113656
0.152237
0.0709899
0.12786
0.0988723
0.166562
0.0969987
0.0745534
0.103093
0.139454
0.129356
0.0158915
0.0816604
0.109514
0.109702
0.0463702
0.126878
0.079588
0.123014
0.146668
0.0914729
0.124532
0.167333
0.131505
0.0897915
0.108631
0.0977462
0.0886429
0.13772
0.0278378
0.0813995
0.135143
0.136738
0.108234
0.133004
0.144548
0.162933
0.0978519
0.0654421
0.168477
0.0267698
0.121768
0.0796079
0.15052
0.0762858
0.134761
0.125644
0.137441
0.106027
0.0893235
0.0632762
0.101004
0.167936
0.133787
0.135217
0.137867
0.119523
0.0694828
0.0834365
0.105672
0.129442
0.134969
0.136745
0.0814034
0.129674
0.155144
0.15456
0.132032
0.0320803
0.146585
0.104062
0.138493
0.0181563
0.0390262
0.13551
0.0660636
0.138969
0.0487343
0.134957
0.141689
0.160213
0.10359
0.141057
0.144548
0.0454194
0.113738
0.165034
0.139232
0.126733
0.0270167
0.0157034
0.159448
0.132833
0.157858
0.15637
0.152553
0.0940748
0.123804
0.03469
0.129423
0.133565
0.125739
0.0989041
0.108415
0.139196
0.0945319
0.076216
0.141027
0.0615823
0.117141
0.128285
0.0874937
0.139956
0.126399
0.0274383
0.131276
0.129198
0.151383
0.131999
0.136511
0.0995442
0.10959
0.126962
0.0619437
0.124898
0.145173
0.0574614
0.132658
0.0464482
0.141271
0.158499
0.110536
0.0306911
0.161087
0.0937974
0.139299
0.103309
0.139869
0.0928604
0.0985386
0.108187
0.0682829
0.156302
0.131378
0.050025
0.155621
0.148967
0.112643
0.0866639
0.161676
0.121297
0.0762563
0.106098
0.0866521
0.138325
0.0326132
0.0696013
0.142714
0.133385
0.158582
0.134171
0.125861
0.0775086
0.141749
0.0526207
0.0803996
0.0895463
0.0434536
0.0902973
0.128405
0.0701621
0.143369
0.0751126
0.0626665
0.175973
0.0752404
0.132268
0.0795523
0.131305
0.163366
0.0639727
0.0515636
0.163196
0.0916784
0.164819
0.156493
0.127306
0.135016
0.166095
0.1411
0.130263
0.100199
0.152289
0.166962
0.107389
0.150917
0.0927432
0.153052
0.13433
0.159596
0.109444
0.131457
0.0524401
0.12973
0.065698
0.0399884
0.0263019
0.126576
0.0974489
0.0410236
0.113797
0.153507
0.136631
0.151752
0.128173
0.0784515
0.0810473
0.0254191
0.0931632
0.138341
0.137883
0.12365
0.0888965
0.0933769
0.101769
0.0635908
0.0612182
0.0222045
0.101109
0.130403
0.102222
0.147671
0.165095
0.0943398
0.135663
0.119117
0.132134
0.0664111
0.117796
0.160219
0.047016
0.10024
0.0503662
0.12306
0.132783
0.131087
0.0735033
0.106047
0.135083
0.11991
0.0396816
0.136617
0.0414969
0.095778
0.0866779
0.111683
0.0823827
0.138986
0.0304401
0.156352
0.147398
0.117908
0.151225
0.136284
0.130241
0.0945109
0.0802102
0.131057
0.0890219
0.142125
0.150249
0.136175
0.149695
0.120921
0.0906356
0.146347
0.0661542
0.0659175
0.0726183
0.0511448
0.0807977
0.132986
0.137745
0.0164787
0.0151168
0.131429
0.0677711
0.0282296
0.0421622
0.0410006
0.121524
0.11072
0.138682
0.107755
0.152103
0.130611
0.0457698
0.151822
0.0362647
0.120862
0.127899
0.183514
0.157813
0.119025
0.0796994
0.109452
0.119444
0.126487
0.0446507
0.121072
0.119225
0.158822
0.0292195
0.0695258
0.12914
0.149179
0.127473
0.0892426
0.128156
0.0794616
0.10163
0.12217
0.123819
0.0687805
0.0857807
0.0380608
0.0698736
0.0286382
0.0347901
0.129979
0.0336056
0.108463
0.106752
0.0900858
0.0923665
0.102161
0.0460076
0.0263547
0.12822
0.0882877
0.0810901
0.13561
0.147294
0.0325716
0.133013
0.127968
0.0183359
0.143186
0.12236
0.0700165
0.0472511
0.13727
0.168654
0.10308
0.0893946
0.059098
0.154543
0.0561608
0.130282
0.121774
0.16021
0.0462373
0.0821838
0.13524
0.126319
0.107679
0.135107
0.119295
0.0625412
0.110783
0.0942186
0.105994
0.0824038
0.151887
0.0650446
0.0835413
0.0919761
0.0484016
0.113251
0.104145
0.119746
0.150452
0.136438
0.0784213
0.127289
0.122633
0.142776
0.0957967
0.152786
0.0569727
0.134937
0.0993418
0.0406377
0.0922903
0.155116
0.0755859
0.0454467
0.151095
0.135971
0.143539
0.0324824
0.129833
0.143181
0.132411
0.129043
0.0648354
0.130995
0.146614
0.126371
0.0829127
0.126778
0.147833
0.04283
0.142581
0.105998
0.0673803
0.137658
0.0998767
0.14905
0.0636827
0.120854
0.0870969
0.119862
0.0703575
0.108359
0.0255525
0.0683056
0.131467
0.109702
0.129892
0.160629
0.0880397
0.0778815
0.146699
0.130129
0.150184
0.0823213
0.12655
0.0550182
0.13192
0.172147
0.0380449
0.0930438
0.145638
0.0855743
0.0233319
0.150185
0.120095
0.140911
0.118484
0.0464694
0.129541
0.0712652
0.130639
0.154249
0.12863
0.127407
0.142035
0.039422
0.0265011
0.140519
0.144695
0.113386
0.125122
0.134279
0.103016
0.135006
0.143899
0.131179
0.0853406
0.13075
0.0744878
0.156477
0.151246
0.124866
0.107672
0.153362
0.131929
0.142117
0.152677
0.066219
0.0566908
0.0267862
0.0619809
0.0858297
0.137951
0.0257509
0.0690204
0.115061
0.0475711
0.118186
0.0710585
0.142857
0.143486
0.141723
0.129167
0.126694
0.121237
0.150308
0.0826701
0.0373401
0.149303
0.151424
0.121182
0.150928
0.152498
0.163613
0.158987
0.151172
0.127646
0.147101
0.121105
0.147252
0.152412
0.086735
0.0513626
0.114911
0.142549
0.0877222
0.10865
0.0649263
0.100245
0.0947481
0.141878
0.0932944
0.0347011
0.0396732
0.0987568
0.165656
0.153017
0.130971
0.123797
0.153374
0.132897
0.131468
0.147451
0.10934
0.029206
0.1457
0.12459
0.0245347
0.0404944
0.148629
0.144906
0.125437
0.152729
0.0419315
0.124698
0.116279
0.0657493
0.136972
0.130312
0.145279
0.0406521
0.0852751
0.076262
0.0652488
0.132508
0.0457988
0.102997
0.137802
0.118183
0.133726
0.0735302
0.147468
0.0841869
0.110651
0.0537202
0.129615
0.062267
0.134935
0.0760179
0.0904286
0.102292
0.0957697
0.141484
0.0366794
0.144502
0.139292
0.116745
0.150685
0.117664
0.0625543
0.131934
0.130743
0.181651
0.0343596
0.134351
0.128424
0.13671
0.139191
0.0548715
0.16096
0.138289
0.129896
0.132584
0.128435
0.0849501
0.0447212
0.145661
0.0929401
0.0982837
0.146736
0.100928
0.0286957
0.148319
0.0981551
0.0331567
0.147756
0.136948
0.140588
0.164353
0.0950305
0.132873
0.0822284
0.131095
0.128491
0.161847
0.153183
0.0987151
0.0734061
0.148736
0.0401851
0.151736
0.132603
0.165632
0.124083
0.129169
0.0681506
0.14969
0.051114
0.144752
0.0870188
0.153159
0.0408141
0.150085
0.133763
0.0342749
0.156716
0.130749
0.0293514
0.062766
0.108189
0.0464716
0.0746066
0.128753
0.0577747
0.137902
0.15422
0.131634
0.0348053
0.127018
0.107678
0.0522882
0.132689
0.110873
0.150385
0.091589
0.136442
0.132923
0.0764964
0.117492
0.0273886
0.133734
0.154696
0.133814
0.0243771
0.0829011
0.0715224
0.128382
0.138391
0.0478356
0.0726527
0.132537
0.0378809
0.144086
0.124995
0.152569
0.0176815
0.137677
0.0797826
0.130005
0.14229
0.160051
0.141636
0.134066
0.11943
0.15082
0.133755
0.090096
0.088726
0.122415
0.15119
0.0487625
0.058655
0.138871
0.137922
0.140578
0.0241555
0.0431625
0.0867319
0.138577
0.157681
0.0745427
0.0468159
0.159752
0.131752
0.0569493
0.132587
0.151304
0.13422
0.124185
0.0571743
0.143402
0.0775697
0.108817
0.135004
0.132804
0.098172
0.146207
0.0601192
0.0141067
0.152277
0.134819
0.131881
0.0259
0.13596
0.0485533
0.156805
0.144517
0.111766
0.130948
0.0656229
0.112431
0.124063
0.15052
0.0270857
0.11078
0.0476816
0.149447
0.0539775
0.0603822
0.15353
0.043873
0.146408
0.0461183
0.0501656
0.143923
0.139316
0.0916933
0.0612475
0.0465554
0.0268926
0.154881
0.151129
0.112418
0.0465433
0.134023
0.0386401
0.0399881
0.14773
0.125135
0.15524
0.0901665
0.0846593
0.145026
0.122128
0.143424
0.0270381
0.138417
0.0766054
0.134676
0.0856583
0.0607316
0.0845783
0.137605
0.0670128
0.0555582
0.106219
0.131101
0.131326
0.0254137
0.148186
0.0284704
0.0389289
0.0408872
0.107529
0.0402561
0.0763251
0.131743
0.123629
0.120598
0.0493137
0.0657436
0.056538
0.132404
0.017654
0.0579629
0.141185
0.129186
0.0267031
0.151811
0.131053
0.0284826
0.0200345
0.0326534
0.149312
0.0367044
0.149359
0.104691
0.135384
0.0698864
0.161925
0.0891719
0.0463356
0.0242039
0.050433
0.113213
0.150813
0.0903565
0.106435
0.151952
0.0905572
0.0194752
0.140331
0.153274
0.0588627
0.0999492
0.0380577
0.098785
0.145031
0.130707
0.0793456
0.153208
0.13133
0.0502278
0.140047
0.110805
0.125623
0.144667
0.147879
0.018624
0.136562
0.149502
0.122123
0.156481
0.147699
0.0665228
0.146863
0.0270933
0.0290761
0.0958363
0.149618
0.147334
0.130084
0.152285
0.0373194
0.0418116
0.0188904
0.133296
0.141865
0.0351769
0.0667974
0.0951684
0.0477361
0.0901311
0.126371
0.0957718
0.154227
0.170566
0.147066
0.130259
0.0792809
0.0343326
0.0643671
0.152794
0.0396267
0.0383523
0.153516
0.130729
0.150789
0.0740878
0.130139
0.133654
0.0638679
0.131576
0.0282707
0.129747
0.134519
0.0470494
0.0731329
0.0406243
0.0824807
0.142148
0.149362
0.0275164
0.10421
0.133259
0.047239
0.135609
0.0307812
0.132362
0.136343
0.157116
0.0517919
0.0823271
0.053308
0.150345
0.137122
0.0582465
0.0639914
0.160394
0.0824349
0.0413915
0.139688
0.0717237
0.124159
0.156908
0.0583115
0.149226
0.0603204
0.0410919
0.119183
0.135002
0.161383
0.0545191
0.0371878
0.0520747
0.0658775
0.0689724
0.0799702
0.0682794
0.0613052
0.0479482
0.0813685
0.114818
0.150069
0.149458
0.0702577
0.0663715
0.098653
0.0383014
0.135872
0.0275808
0.0415971
0.150272
0.158706
0.145179
0.157725
0.151651
0.0411172
0.0862111
0.043578
0.0364883
0.115072
0.064932
0.0852999
0.0683129
0.134296
0.133423
0.0771041
0.13277
0.10994
0.111122
0.0619152
0.150503
0.102411
0.137414
0.137983
0.0638413
0.149019
0.130157
0.169326
0.0388385
0.0921323
0.0327669
0.0654495
0.0872424
0.0411423
0.11514
0.0321535
0.12572
0.10524
0.0770869
0.0331492
0.150489
0.16054
0.0350337
0.0525799
0.125159
0.0717198
0.141704
0.0189667
0.0902433
0.102624
0.1361
0.0268623
0.02571
0.120817
0.0693593
0.0662227
0.140881
0.0580525
0.0839414
0.133099
0.113688
0.0336952
0.143323
0.0829404
0.132542
0.0665439
0.0612577
0.0966541
0.0430066
0.0633416
0.125821
0.0675523
0.0354462
0.0279549
0.118814
0.0671151
0.0742275
0.0617251
0.0295761
0.0284033
0.0555547
0.0699525
0.148402
0.0570442
0.0533442
0.0306967
0.135124
0.0628123
0.134007
0.0596934
0.15338
0.0470724
0.13125
0.151231
0.0797552
0.0285454
0.0506209
0.0434797
0.176953
0.0689915
0.131736
0.124173
0.152712
0.103157
0.0182992
0.126163
0.0588503
0.101997
0.144288
0.141934
0.117966
0.149233
0.135879
0.152332
0.0912079
0.130235
0.0319446
0.103432
0.0395544
0.064381
0.0754069
0.0491869
0.0655507
0.059166
0.108583
0.0823546
0.0862807
0.137128
0.141331
0.0667393
0.133041
0.146957
0.150174
0.0750261
0.0919561
0.0706992
0.15013
0.0304133
0.149729
0.128674
0.0819243
0.14025
0.0688029
0.151406
0.0516692
0.0938498
0.0743324
0.0358957
0.135152
0.134819
0.142702
0.0249256
0.151093
0.135103
0.0697687
0.0827565
0.0427303
0.123122
0.102256
0.0922798
0.136299
0.121297
0.13907
0.0785679
0.126822
0.0368572
0.0807295
0.137023
0.105743
0.0382179
0.137114
0.138166
0.0432515
0.0905965
0.078141
0.148097
0.083093
0.1431
0.14243
0.0973049
0.152006
0.117273
0.0863443
0.0712768
0.0943444
0.0282155
0.0699564
0.117167
0.0521127
0.111055
0.04815
0.145325
0.151875
0.0605352
0.134892
0.118218
0.121564
0.0414797
0.0182281
0.143529
0.0439722
0.149208
0.102133
0.128598
0.139592
0.0497557
0.0876725
0.130378
0.131021
0.166595
0.048112
0.0603765
0.0755985
0.13646
0.133387
0.0807535
0.135809
0.0488682
0.0852596
0.124954
0.139624
0.0368799
0.125036
0.0361614
0.0918899
0.0277442
0.0683019
0.0289303
0.144307
0.136291
0.064022
0.0484931
0.151292
0.137883
0.157188
0.148867
0.143464
0.131647
0.0880278
0.0524479
0.0288273
0.138235
0.0266601
0.036527
0.0533555
0.0614415
0.152689
0.138678
0.170513
0.0754809
0.0994206
0.0476504
0.0998961
0.075319
0.0411204
0.116287
0.151525
0.122811
0.12502
0.0485281
0.139848
0.0285836
0.0928511
0.0630569
0.132331
0.171502
0.154154
0.0318601
0.133379
0.0285331
0.0654408
0.150564
0.0705468
0.0652385
0.113325
0.135849
0.133675
0.132223
0.089615
0.0816636
0.0700308
0.104573
0.0732553
0.0279285
0.0523965
0.0614764
0.155468
0.0655756
0.0720031
0.133691
0.139032
0.0853464
0.0652468
0.0383063
0.131794
0.0418245
0.11034
0.138144
0.149495
0.0703169
0.0846303
0.11949
0.0864986
0.0548778
0.141856
0.073072
0.131508
0.0437568
0.0990344
0.101254
0.0917244
0.0906235
0.136497
0.0965393
0.149924
0.138308
0.0498127
0.0800052
0.027329
0.145778
0.134108
0.152983
0.112736
0.141912
0.0758524
0.0903179
0.0647112
0.0401759
0.131759
0.0570771
0.151379
0.077811
0.100476
0.126186
0.136831
0.152165
0.0974143
0.0722711
0.0820977
0.150337
0.142771
0.0932542
0.101756
0.0588529
0.0891229
0.0861476
0.130608
0.13525
0.0423735
0.124763
0.129717
0.115513
0.101138
0.0666584
0.112721
0.0486654
0.0488746
0.0730258
0.147395
0.0481908
0.0389287
0.130635
0.124995
0.0881675
0.0634377
0.0684834
0.10262
0.132984
0.151696
0.0941139
0.0945396
0.0577655
0.127498
0.116307
0.0930167
0.0457168
0.0627289
0.111703
0.142711
0.0851463
0.0477243
0.13006
0.127955
0.114228
0.061966
0.0474617
0.138019
0.075685
0.123613
0.0461408
0.0961282
0.141215
0.0182901
0.067322
0.0275649
0.0414369
0.131439
0.133902
0.0958987
0.13423
0.0957202
0.0485978
0.115962
0.0899824
0.0722265
0.10549
0.0635836
0.0912673
0.0750377
0.141433
0.12664
0.0833145
0.124031
0.116774
0.147764
0.161801
0.157099
0.136703
0.153472
0.110637
0.0982272
0.121035
0.152679
0.0233287
0.142561
0.137473
0.100429
0.136031
0.066506
0.133905
0.154647
0.152905
0.15115
0.110747
0.12062
0.0662803
0.0384466
0.15773
0.0629741
0.117643
0.0801194
0.0778487
0.100932
0.0880261
0.068488
0.0913404
0.0838338
0.0623249
0.065031
0.0632981
0.16318
0.139295
0.072585
0.0846337
0.0606736
0.0522566
0.0683905
0.100499
0.0892498
0.124803
0.0261659
0.142809
0.0820388
0.148417
0.0672976
0.122266
0.147171
0.132488
0.0670715
0.0573175
0.075772
0.157176
0.0633759
0.149491
0.15185
0.103995
0.0925857
0.0669743
0.0694285
0.142807
0.129748
0.112248
0.0709303
0.126048
0.0285768
0.0826704
0.148553
0.0727864
0.154683
0.0365692
0.0835356
0.105401
0.13438
0.0933208
0.0629224
0.151745
0.114896
0.0411674
0.149848
0.132104
0.0866336
0.0709246
0.0350867
0.130245
0.0281168
0.0719816
0.0919897
0.134623
0.0999453
0.0402934
0.102631
0.107573
0.14189
0.0896981
0.0783168
0.1254
0.134084
0.118291
0.146974
0.15278
0.117238
0.0750428
0.0635769
0.127014
0.0378998
0.0789081
0.120341
0.073605
0.0282027
0.078273
0.0857175
0.120801
0.0898608
0.0843324
0.137889
0.1161
0.0846768
0.129788
0.137632
0.102986
0.15256
0.131575
0.0969401
0.0501863
0.0892327
0.0300109
0.1192
0.028989
0.145048
0.102168
0.0814109
0.151326
0.15315
0.09439
0.107814
0.0665286
0.0833017
0.0978004
0.145117
0.152155
0.0818564
0.0731045
0.103903
0.145082
0.130861
0.0516368
0.0666745
0.144959
0.0936785
0.11482
0.100663
0.077975
0.115087
0.139976
0.120019
0.0679992
0.0601393
0.11375
0.130749
0.131195
0.103478
0.151219
0.127461
0.142783
0.100551
0.0970684
0.134229
0.152961
0.135407
0.152947
0.0996844
0.157633
0.0654919
0.141801
0.127692
0.0928353
0.0952894
0.0979832
0.0310358
0.0230832
0.0599413
0.131916
0.143768
0.0656775
0.12973
0.0647897
0.105659
0.141748
0.0907546
0.102417
0.1175
0.0956397
0.13172
0.101635
0.112324
0.107097
0.155252
0.0619734
0.102983
0.101249
0.149236
0.0966248
0.0672915
0.115431
0.0309095
0.0346268
0.145651
0.137012
0.1334
0.133296
0.140955
0.145218
0.14813
0.0863684
0.106668
0.140959
0.0272984
0.146647
0.102154
0.0663719
0.121752
0.104064
0.0891432
0.0797608
0.151136
0.0539554
0.0702917
0.108449
0.0798174
0.0971082
0.103778
0.126041
0.116413
0.141433
0.145052
0.0902868
0.0728418
0.0586519
0.151299
0.0754913
0.147892
0.107767
0.0860724
0.122168
0.0976679
0.138478
0.143755
0.142851
0.111154
0.0597179
0.150195
0.139501
0.131668
0.114401
0.0938434
0.0893833
0.0605226
0.115207
0.0761239
0.0956862
0.0887921
0.15036
0.150931
0.136167
0.143748
0.018618
0.0663115
0.0850495
0.0520529
0.131194
0.0864571
0.0895973
0.148226
0.0918815
0.136629
0.0971102
0.133337
0.0261652
0.104686
0.0918751
0.085305
0.150957
0.112153
0.0410508
0.143587
0.0393281
0.0683145
0.0701409
0.0971209
0.0274506
0.133077
0.0933931
0.146274
0.0900065
0.0672001
0.145562
0.130326
0.131789
0.0710405
0.0914533
0.0964269
0.145265
0.0798264
0.126519
0.107995
0.0927524
0.0377379
0.124403
0.152396
0.154003
0.132327
0.0285778
0.0839084
0.142926
0.117258
0.132596
0.133799
0.14642
0.112706
0.130094
0.0450449
0.130293
0.0934066
0.138927
0.074056
0.0977315
0.103703
0.119194
0.112333
0.128958
0.140504
0.0815943
0.131741
0.0969011
0.147059
0.0957888
0.0984818
0.0989159
0.15045
0.128637
0.174429
0.0380081
0.151946
0.152535
0.0704917
0.0693995
0.0914439
0.143338
0.12624
0.133331
0.106933
0.0943827
0.119139
0.0629217
0.0234336
0.151213
0.0975267
0.0950052
0.107134
0.121227
0.140149
0.0654043
0.0578199
0.0368116
0.0212068
0.0608829
0.136142
0.0903595
0.118815
0.0966443
0.130631
0.142508
0.0639192
0.133292
0.0348505
0.0690792
0.154143
0.100502
0.0861297
0.0879407
0.133627
0.137316
0.104826
0.113821
0.118731
0.14124
0.0998941
0.0902823
0.152019
0.0792162
0.0685862
0.093913
0.125804
0.103877
0.093463
0.140357
0.137581
0.127641
0.0566864
0.132297
0.106378
0.134536
0.152147
0.125363
0.148537
0.144095
0.0629205
0.124345
0.109923
0.0565014
0.132375
0.12681
0.0981335
0.0610143
0.151304
0.139415
0.136908
0.0735979
0.018463
0.121798
0.0656746
0.143069
0.146093
0.153916
0.102582
0.127143
0.128704
0.15305
0.0682902
0.143098
0.0861464
0.143917
0.126523
0.140979
0.0921682
0.110662
0.122888
0.132142
0.114775
0.145765
0.110983
0.128009
0.13977
0.129071
0.143583
0.133462
0.134322
0.150576
0.154249
0.148837
0.126856
0.1515
0.104941
0.145078
0.096992
0.103518
0.0595917
0.132169
0.105638
0.142299
0.14962
0.15157
0.111612
0.137287
0.150507
0.139279
0.0655137
0.12677
0.0703053
0.0304315
0.152695
0.029016
0.103023
0.0410882
0.14082
0.0885456
0.150623
0.125746
0.130429
0.0859571
0.0906553
0.120824
0.0956827
0.13076
0.13859
0.152105
0.0371302
0.131303
0.0448237
0.100186
0.0191408
0.100763
0.133491
0.0661284
0.0494737
0.149241
0.107715
0.112091
0.0884667
0.0361475
0.101472
0.133407
0.0827024
0.0736989
0.0940465
0.141299
0.143509
0.0729758
0.0668339
0.0305143
0.0893948
0.102505
0.136684
0.0998225
0.119976
0.130704
0.0677375
0.131926
0.125206
0.139005
0.128574
0.136109
0.131914
0.102679
0.114364
0.103236
0.110616
0.0918697
0.129991
0.0874934
0.172861
0.140677
0.0872547
0.15507
0.084216
0.142041
0.138042
0.0726115
0.104291
0.113002
0.133246
0.128218
0.0678707
0.103111
0.0408229
0.10359
0.139445
0.133861
0.11546
0.0686098
0.107792
0.132781
0.0932805
0.124361
0.168053
0.136291
0.0854855
0.137816
0.140529
0.135603
0.100912
0.135156
0.133779
0.0518284
0.102801
0.0994443
0.0936151
0.130288
0.113234
0.136009
0.140649
0.139593
0.111708
0.131989
0.0653579
0.144696
0.134663
0.078373
0.0985197
0.134105
0.0976768
0.083484
0.100779
0.132126
0.152738
0.132786
0.102341
0.135563
0.151734
0.0688178
0.125146
0.145912
0.0922089
0.132525
0.0664594
0.12794
0.105231
0.153543
0.0863576
0.149338
0.142525
0.136152
0.0921049
0.149784
0.031418
0.151849
0.112893
0.115205
0.142751
0.125363
0.0948318
0.0885834
0.130539
0.121909
0.112099
0.0828851
0.137474
0.13215
0.136732
0.114686
0.124618
0.132706
0.127086
0.156723
0.144708
0.0915594
0.118388
0.135874
0.10758
0.11792
0.154331
0.097888
0.128564
0.0935276
0.128276
0.110782
0.14567
0.144789
0.0413453
0.145291
0.111265
0.129116
0.111941
0.135829
0.0781917
0.136714
0.144183
0.0950468
0.129119
0.140588
0.118471
0.0719188
0.141487
0.139565
0.12933
0.139598
0.113427
0.115193
0.132659
0.141752
0.137967
0.143916
0.0645825
0.0738185
0.114199
0.138097
0.150411
0.135281
0.131563
0.14641
0.0980767
0.0935257
0.112758
0.117619
0.130269
0.0684046
0.14355
0.143151
0.099315
0.107733
0.132814
0.110436
0.12133
0.11407
0.14279
0.131312
0.109676
0.149476
0.152356
0.123593
0.108463
0.115862
0.144758
0.122673
0.120945
0.12462
0.122479
0.151815
0.111281
0.151764
0.149273
0.124925
0.14171
0.135373
0.0788793
0.13158
0.135118
0.0974
0.147465
0.0900451
0.14417
0.130189
0.137739
0.149957
0.0911757
0.127553
0.101236
0.0532136
0.180018
0.141737
0.145381
0.0797011
0.121303
0.152164
0.0678087
0.116986
0.119007
0.119516
0.103522
0.142814
0.154636
0.140083
0.113305
0.107802
0.147545
0.142522
0.112578
0.149736
0.122965
0.140421
0.1222
0.137884
0.0650042
0.135716
0.124499
0.151144
0.130036
0.145474
0.131616
0.137007
0.124956
0.138892
0.0421027
0.109626
0.141942
0.134374
0.15085
0.116505
0.0969263
0.160095
0.116954
0.103299
0.141445
0.0896821
0.132248
0.142047
0.121318
0.14593
0.145293
0.137868
0.110614
0.125686
0.120171
0.163242
0.135571
0.133097
0.131596
0.132641
0.0776973
0.146333
0.148922
0.116113
0.140105
0.143681
0.134447
0.123964
0.136159
0.0918353
0.139654
0.14265
0.104053
0.121139
0.133656
0.15171
0.0191976
0.106061
0.141657
0.141136
0.132755
0.130155
0.136217
0.115503
0.134078
0.09816
0.132682
0.136887
0.13127
0.142384
0.133763
0.0825641
0.150694
0.139907
0.133048
0.138972
0.103675
0.142534
0.153115
0.049972
0.150604
0.134235
0.128295
0.137206
0.14079
0.0902943
0.1247
0.116818
0.146515
0.145326
0.0980866
0.144225
0.124101
0.142907
0.131152
0.110287
0.153527
0.134581
0.137389
0.138445
0.141055
0.134525
0.12272
0.149269
0.126249
0.0678232
0.153094
0.140411
0.112506
0.133127
0.122223
0.150591
0.13295
0.135264
0.151129
0.145532
0.111492
0.123303
0.129839
0.129856
0.127039
0.125448
0.118018
0.144899
0.133187
0.1533
0.142974
0.117295
0.142877
0.138737
0.12695
0.149387
0.13045
0.131884
0.120673
0.132864
0.125557
0.136046
0.134682
0.112183
0.15228
0.151268
0.128413
0.147618
0.116584
0.131576
0.132945
0.139154
0.153337
0.122494
0.137951
0.132764
0.130563
0.0542751
0.135215
0.140394
0.16303
0.130996
0.138081
0.100755
0.11169
0.0884628
0.140899
0.133631
0.134749
0.111828
0.130366
0.12965
0.0992732
0.134907
0.146291
0.130196
0.13323
0.130012
0.120366
0.15148
0.116614
0.126003
0.132494
0.147303
0.14444
0.0890978
0.121833
0.116001
0.125211
0.0383327
0.128179
0.150081
0.0955711
0.13977
0.131663
0.147013
0.152657
0.133457
0.116744
0.153485
0.130751
0.150306
0.146058
0.133511
0.0936699
0.111069
0.161136
0.129158
0.143572
0.132375
0.131802
0.136444
0.137272
0.129936
0.110425
0.038886
0.151408
0.143972
0.135036
0.0552831
0.139635
0.137123
0.136264
0.141774
0.137581
0.0923042
0.124162
0.132141
0.110653
0.130284
0.145169
0.130843
0.127207
0.140567
0.147692
0.130851
0.131984
0.153813
0.153065
0.143888
0.152983
0.134814
0.146324
0.1319
0.142718
0.0364126
0.131418
0.131841
0.0848014
0.130884
0.0890981
0.0669327
0.0184708
0.0864859
0.113815
0.134545
0.129729
0.139973
0.127934
0.128504
0.136476
0.110639
0.110195
0.091278
0.145866
0.142089
0.129014
0.120395
0.130934
0.10774
0.137473
0.0702527
0.0924571
0.130955
0.137931
0.137932
0.129115
0.131668
0.111139
0.131988
0.139599
0.0709897
0.128969
0.132545
0.146387
0.0868409
0.0420286
0.128822
0.12494
0.0524839
0.142992
0.109646
0.14277
0.129923
0.117507
0.131061
0.119842
0.114422
0.086942
0.136336
0.104951
0.141217
0.106606
0.139019
0.127243
0.0189146
0.107533
0.131456
0.129114
0.141919
0.0918098
0.13293
0.139193
0.14869
0.111491
0.126675
0.136982
0.106798
0.0930748
0.13148
0.146184
0.131483
0.132317
0.135596
0.156075
0.143813
0.153471
0.142933
0.124628
0.152134
0.119042
0.0879749
0.0948576
0.125229
0.139915
0.140091
0.143539
0.118551
0.113297
0.138444
0.1503
0.146881
0.10523
0.15365
0.138761
0.137904
0.0291594
0.106811
0.145896
0.142942
0.146404
0.14957
0.125453
0.0934958
0.139128
0.143539
0.0948014
0.132921
0.138842
0.126123
0.128636
0.0976194
0.11437
0.0709713
0.132198
0.132888
0.141596
0.0419749
0.124455
0.130449
0.0970921
0.150991
0.151308
0.141025
0.141728
0.102641
0.146414
0.151795
0.141045
0.126315
0.144456
0.11488
0.130136
0.129775
0.144827
0.137238
0.137743
0.0696346
0.151391
0.123604
0.134461
0.147498
0.134377
0.143992
0.146961
0.141216
0.101816
0.142746
0.0750796
0.145837
0.134363
0.153631
0.151834
0.10361
0.11569
0.153272
0.131601
0.126382
0.125755
0.139268
0.141337
0.113127
0.14486
0.113755
0.0655079
0.133873
0.135541
0.135171
0.139681
0.117478
0.129408
0.129404
0.14579
0.135728
0.108026
0.1319
0.139214
0.0959958
0.0910386
0.141744
0.0925988
0.151134
0.139066
0.152789
0.138097
0.104841
0.142688
0.0913303
0.14463
0.127565
0.040713
0.101941
0.149516
0.0625384
0.0881952
0.13535
0.139562
0.105215
0.0870081
0.131008
0.150083
0.147522
0.142622
0.0505029
0.133214
0.0201639
0.150827
0.0973118
0.115722
0.113263
0.142915
0.132232
0.132646
0.0767527
0.0857025
0.150216
0.147727
0.142816
0.151709
0.0439019
0.137326
0.150039
0.145862
0.167366
0.126254
0.128875
0.133278
0.123262
0.0575937
0.140172
0.15588
0.138028
0.143393
0.148673
0.143971
0.0872878
0.130725
0.133872
0.131413
0.173471
0.142668
0.134777
0.15112
0.148917
0.135434
0.132683
0.111481
0.167733
0.151638
0.148297
0.123202
0.148134
0.135951
0.139221
0.135729
0.137092
0.13365
0.117953
0.145823
0.0695822
0.111139
0.138531
0.172502
0.103624
0.13662
0.119766
0.129223
0.130782
0.143816
0.0720778
0.146137
0.122228
0.151273
0.0766866
0.129462
0.15047
0.140874
0.135676
0.13501
0.13855
0.144574
0.133459
0.138174
0.148567
0.139759
0.150612
0.118184
0.0993475
0.13585
0.143901
0.108959
0.0393333
0.149681
0.0939214
0.15337
0.139422
0.14078
0.137656
0.104014
0.123586
0.141613
0.142479
0.133636
0.142882
0.121402
0.132493
0.141796
0.15065
0.112587
0.134075
0.124585
0.0691654
0.119509
0.146539
0.141099
0.13111
0.146037
0.0971629
0.129841
0.137053
0.147006
0.151037
0.0526169
0.134933
0.112511
0.149117
0.142011
0.140573
0.136708
0.0905909
0.133258
0.140139
0.139609
0.130838
0.13943
0.143258
0.148631
0.142369
0.132158
0.140905
0.138856
0.150648
0.14217
0.149461
0.121802
0.112777
0.111575
0.139919
0.135183
0.129223
0.140239
0.146317
0.168923
0.146801
0.149287
0.142638
0.131783
0.0422951
0.0979227
0.140258
0.142904
0.093201
0.147868
0.151012
0.141483
0.133568
0.143366
0.150462
0.146564
0.140135
0.125756
0.113488
0.161943
0.141615
0.147722
0.149192
0.139307
0.134045
0.142346
0.147843
0.149943
0.132047
0.151149
0.153676
0.149636
0.125025
0.142207
0.143768
0.126035
0.145602
0.138311
0.0653492
0.13699
0.115255
0.151194
0.149409
0.136763
0.15068
0.142305
0.131802
0.139881
0.117439
0.141358
0.114352
0.129202
0.142614
0.13362
0.0850552
0.117464
0.144674
0.150487
0.127706
0.108413
0.123123
0.142496
0.135882
0.153957
0.143549
0.14893
0.0478709
0.169196
0.128971
0.144734
0.148567
0.153602
0.145433
0.149251
0.12388
0.15926
0.209285
0.0283615
0.143219
0.146119
0.155364
0.139479
0.145236
0.155084
0.150319
0.0801924
0.108041
0.133022
0.132732
0.150918
0.153851
0.144659
0.144206
0.133521
0.151042
0.110441
0.132069
0.152604
0.146169
0.140597
0.144227
0.142205
0.144762
0.14767
0.12445
0.142383
0.15015
0.0502303
0.147266
0.135269
0.138666
0.136568
0.0889932
0.140017
0.128377
0.100855
0.119989
0.130102
0.108453
0.151475
0.152124
0.136242
0.133282
0.156292
0.120502
0.151469
0.144312
0.143263
0.151127
0.140845
0.152639
0.148606
0.1239
0.139093
0.171872
0.151954
0.1462
0.0384717
0.141872
0.12588
0.162734
0.114433
0.139122
0.147522
0.125868
0.145366
0.13325
0.140025
0.149538
0.125379
0.110387
0.154047
0.138244
0.140477
0.0525232
0.133351
0.119299
0.133808
0.0432884
0.112122
0.143063
0.137766
0.145732
0.130122
0.149468
0.152927
0.130351
0.154288
0.124516
0.134746
0.143321
0.135429
0.104231
0.148106
0.142395
0.137067
0.150883
0.124391
0.148814
0.136118
0.124971
0.141786
0.118419
0.144078
0.127686
0.147836
0.132881
0.148952
0.140519
0.136597
0.145774
0.142847
0.141341
0.10075
0.147828
0.0986928
0.149823
0.153141
0.130264
0.132508
0.144999
0.144115
0.141228
0.130483
0.142464
0.138218
0.115874
0.134929
0.123965
0.150242
0.149329
0.137995
0.118653
0.133709
0.142408
0.128775
0.136199
0.153415
0.0511105
0.136531
0.151563
0.172806
0.148906
0.130885
0.145302
0.134766
0.147926
0.148429
0.140658
0.150794
0.135217
0.135071
0.149647
0.100932
0.138401
0.14776
0.143272
0.151205
0.117382
0.124168
0.147683
0.115647
0.157536
0.140791
0.112658
0.174256
0.136104
0.136866
0.152223
0.13695
0.147593
0.12048
0.158088
0.136477
0.147514
0.150028
0.105491
0.153887
0.143868
0.138149
0.135509
0.144058
0.141051
0.1412
0.154304
0.144174
0.135389
0.130359
0.133709
0.14858
0.149258
0.148166
0.149485
0.151305
0.129123
0.10621
0.148471
0.133166
0.143
0.146795
0.147685
0.142236
0.145978
0.131246
0.144855
0.137814
0.143011
0.139006
0.132738
0.146982
0.139788
0.151679
0.142658
0.150523
0.146453
0.0978253
0.119014
0.121201
0.113926
0.127535
0.132291
0.133491
0.148019
0.141396
0.129551
0.161821
0.153249
0.150512
0.133406
0.167895
0.148661
0.14877
0.139631
0.143035
0.147149
0.150992
0.112739
0.153298
0.158474
0.149763
0.14874
0.145571
0.147483
0.126019
0.132966
0.151405
0.132616
0.105163
0.150919
0.138792
0.144513
0.149548
0.146091
0.132388
0.119303
0.147797
0.149531
0.132332
0.150734
0.147609
0.147014
0.144304
0.139748
0.136167
0.147743
0.150214
0.14981
0.134376
0.149703
0.155598
0.151375
0.146307
0.149831
0.142733
0.145764
0.143649
0.141434
0.135135
0.149821
0.150256
0.151946
0.134188
0.14971
0.148321
0.109104
0.151241
0.15099
0.143243
0.151821
0.147843
0.148807
0.149773
0.150461
0.152219
0.15097
0.151255
0.13618
0.154299
0.143778
0.0320182
0.148679
0.131519
0.139877
0.119823
0.121476
0.153976
0.149188
0.150505
0.140502
0.0952366
0.135389
0.164407
0.143011
0.142499
0.145323
0.132273
0.153413
0.139903
0.144617
0.143546
0.146923
0.149036
0.115372
0.0494428
0.150612
0.141403
0.127058
0.148741
0.146722
0.153117
0.112195
0.149003
0.129707
0.138815
0.140352
0.14728
0.157797
0.143967
0.128525
0.150397
0.151355
0.148933
0.153111
0.149965
0.147368
0.0826743
0.152149
0.148347
0.14957
0.128975
0.1497
0.142927
0.131962
0.118958
0.0976514
0.152572
0.150795
0.137888
0.108964
0.144137
0.147788
0.149125
0.140087
0.153537
0.151288
0.0675965
0.141945
0.152716
0.1372
0.15095
0.110444
0.129003
0.146343
0.147052
0.129584
0.156505
0.128599
0.13988
0.146801
0.10525
0.155381
0.146493
0.151845
0.0565621
0.146874
0.109311
0.123788
0.138746
0.139411
0.136492
0.151326
0.0253587
0.149202
0.132344
0.155241
0.151444
0.110934
0.124767
0.129154
0.15314
0.157255
0.132366
0.148725
0.14645
0.152841
0.141415
0.143472
0.138647
0.120197
0.149794
0.149216
0.148779
0.150647
0.15084
0.139078
0.150166
0.139967
0.142831
0.142554
0.150143
0.122828
0.150957
0.149944
0.150165
0.150908
0.120206
0.149964
0.141148
0.131502
0.150152
0.141451
0.134613
0.193085
0.149247
0.153354
0.0754516
0.141645
0.154216
0.135515
0.152281
0.151712
0.130499
0.145167
0.154126
0.149036
0.130675
0.13388
0.147993
0.150334
0.141712
0.151329
0.155824
0.0984624
0.133027
0.151898
0.151725
0.150228
0.150411
0.131377
0.120622
0.150347
0.15106
0.147623
0.0713236
0.148676
0.150831
0.141769
0.143463
0.140971
0.14692
0.151948
0.182727
0.150608
0.147526
0.142905
0.11098
0.153091
0.149363
0.1592
0.0614767
0.111909
0.130202
0.144566
0.169377
0.118389
0.149988
0.153349
0.146645
0.152669
0.149224
0.149853
0.150702
0.143282
0.150066
0.149032
0.155336
0.100173
0.108655
0.152179
0.117892
0.126511
0.145221
0.149571
0.151111
0.110275
0.153448
0.151204
0.132157
0.151864
0.13103
0.153818
0.153747
0.160629
0.143344
0.142249
0.152345
0.112852
0.136815
0.141437
0.130203
0.152608
0.152571
0.148606
0.148992
0.132401
0.146712
0.14253
0.151918
0.14508
0.165086
0.091215
0.0991099
0.152327
0.0655227
0.144611
0.137659
0.151809
0.152856
0.149838
0.148383
0.15325
0.153233
0.131092
0.12639
0.134249
0.130357
0.106414
0.15299
0.148416
0.151604
0.153527
0.144106
0.14913
0.139544
0.153023
0.140674
0.149216
0.145697
0.138278
0.133076
0.150169
0.142749
0.150129
0.152973
0.153276
0.156652
0.153107
0.138979
0.152482
0.147154
0.140114
0.137509
0.145934
0.0962032
0.153745
0.110363
0.124776
0.150497
0.042715
0.135009
0.153452
0.148394
0.153931
0.125843
0.151594
0.150195
0.133815
0.138578
0.15331
0.164486
0.15187
0.126859
0.152723
0.133877
0.129611
0.137043
0.12188
0.150194
0.129346
0.133939
0.076619
0.15111
0.143751
0.0506882
0.148051
0.15369
0.145155
0.145227
0.154642
0.152009
0.141966
0.112681
0.139942
0.133063
0.152358
0.0731936
0.151902
0.135823
0.150999
0.145138
0.14833
0.146016
0.156275
0.0691007
0.14596
0.153668
0.164006
0.145899
0.151828
0.140881
0.141446
0.152081
0.155704
0.149663
0.122418
0.140555
0.143934
0.149769
0.133739
0.145369
0.149037
0.149865
0.124124
0.0381601
0.1467
0.148494
0.137134
0.134292
0.138984
0.144445
0.118502
0.153608
0.139756
0.154175
0.151332
0.152663
0.150927
0.149919
0.151889
0.150161
0.143549
0.145764
0.166895
0.149764
0.135546
0.148495
0.153335
0.151147
0.147312
0.153451
0.151224
0.150603
0.153747
0.152884
0.149968
0.149374
0.150921
0.152012
0.158668
0.132003
0.152731
0.150887
0.149482
0.151071
0.143465
0.133984
0.148725
0.160506
0.149679
0.133159
0.166154
0.140244
0.149701
0.152173
0.148428
0.149517
0.137797
0.151925
0.15221
0.14655
0.145544
0.150744
0.153489
0.135188
0.1422
0.13528
0.153516
0.153613
0.133931
0.147343
0.144449
0.154049
0.150763
0.152797
0.135721
0.137484
0.144333
0.146681
0.132748
0.151987
0.146686
0.149852
0.143432
0.13809
0.169237
0.15057
0.137547
0.152564
0.150181
0.150137
0.145398
0.139656
0.143905
0.144276
0.140047
0.146176
0.139624
0.143848
0.148156
0.141237
0.146817
0.151467
0.156104
0.147619
0.138611
0.146818
0.144115
0.153339
0.144911
0.153183
0.143021
0.120224
0.138436
0.145702
0.128686
0.0530237
0.131909
0.147967
0.148394
0.152959
0.159712
0.165892
0.138616
0.166932
0.146519
0.139878
0.15233
0.111032
0.134135
0.14889
0.139925
0.180655
0.145423
0.136666
0.150452
0.153633
0.145414
0.153579
0.141997
0.137845
0.143883
0.148385
0.152952
0.128496
0.138754
0.146705
0.175818
0.150021
0.146711
0.151639
0.144631
0.14461
0.143276
0.150197
0.148106
0.149621
0.146273
0.150467
0.0707378
0.134989
0.151316
0.152588
0.152362
0.153339
0.160415
0.133441
0.14238
0.155105
0.13839
0.149749
0.146363
0.176445
0.146799
0.0931853
0.10091
0.162434
0.153334
0.148471
0.151442
0.136203
0.142493
0.153453
0.104824
0.154493
0.1547
0.159214
0.197589
0.179222
0.14467
0.140861
0.144208
0.150747
0.144347
0.140492
0.0893989
0.153919
0.14822
0.153237
0.145199
0.0305591
0.147841
0.138616
0.15844
0.140285
0.154323
0.152888
0.151577
0.148396
0.149244
0.146137
0.153499
0.153344
0.153209
0.145997
0.143756
0.153587
0.153928
0.152491
0.153442
0.154152
0.153246
0.153778
0.154135
0.153394
0.1743
0.170652
0.153549
0.150355
0.154769
0.146078
0.154287
0.15433
0.154278
0.157225
0.139203
0.153925
0.154277
0.153852
0.153613
0.149863
0.145035
0.149295
0.174257
0.151622
0.133556
0.159409
0.146718
0.15452
0.136319
0.154299
0.144588
0.150146
0.170038
0.149278
0.157082
0.158142
0.143609
0.149174
0.154337
0.151124
0.143668
0.154314
0.153023
0.147487
0.13726
0.158403
0.168918
0.153852
0.167382
0.147548
0.146961
0.147778
0.144702
0.139486
0.1627
0.147801
0.142435
0.145195
0.162163
0.147325
0.149647
0.143711
0.148267
0.153191
0.150104
0.147797
0.148431
0.15294
0.141986
0.148583
0.136196
0.143131
0.149479
0.152424
0.180544
0.148766
0.148247
0.137206
0.144374
0.147
0.129736
0.0820173
0.1531
0.152358
0.143277
0.136155
0.133335
0.152713
0.133769
0.147943
0.152177
0.154656
0.156409
0.141449
0.140037
0.153273
0.148777
0.153768
0.172724
0.14351
0.164263
0.150253
0.153622
0.103928
0.150962
0.153754
0.166405
0.143263
0.146738
0.151719
0.15501
0.0537797
0.144916
0.152305
0.14688
0.0927446
0.153192
0.0877104
0.136859
0.10231
0.0392332
0.151993
0.157296
0.147283
0.151068
0.133545
0.151143
0.152973
0.142528
0.148645
0.135756
0.13992
0.13638
0.152865
0.150746
0.155182
0.152009
0.151963
0.156735
0.151226
0.140691
0.13933
0.143611
0.139392
0.148008
0.172017
0.11057
0.153229
0.144333
0.135657
0.129438
0.151286
0.153552
0.13915
0.0285437
0.152895
0.148297
0.152259
0.137566
0.119549
0.182103
0.153821
0.146869
0.137265
0.146618
0.153594
0.152874
0.152087
0.0404892
0.151835
0.153001
0.158553
0.138776
0.148102
0.136101
0.146234
0.156751
0.12957
0.148397
0.144852
0.151486
0.147016
0.150505
0.111176
0.125595
0.162033
0.151708
0.146917
0.139696
0.136418
0.145409
0.121072
0.121212
0.14159
0.153716
0.133493
0.153492
0.150794
0.128179
0.149747
0.150073
0.156148
0.148975
0.117117
0.067236
0.137495
0.155699
0.15237
0.150988
0.140688
0.14118
0.15142
0.143082
0.152533
0.129649
0.0446853
0.15463
0.151427
0.145489
0.135952
0.150493
0.150274
0.153718
0.109633
0.149498
0.129372
0.132506
0.146164
0.144442
0.150321
0.153755
0.13375
0.133698
0.152965
0.028566
0.143491
0.134242
0.159009
0.149326
0.132249
0.146329
0.153721
0.1494
0.135777
0.153673
0.134298
0.146941
0.154208
0.153278
0.131874
0.15158
0.0944246
0.153625
0.127203
0.153444
0.148967
0.123422
0.153398
0.165368
0.153085
0.135519
0.125651
0.147739
0.177371
0.14003
0.134829
0.153192
0.134974
0.124395
0.134685
0.126167
0.145958
0.141851
0.167776
0.149497
0.145033
0.138815
0.129774
0.15232
0.149789
0.125725
0.154754
0.106074
0.14383
0.153695
0.14324
0.136828
0.133034
0.148103
0.147083
0.153802
0.149322
0.138266
0.153363
0.149881
0.141602
0.150119
0.133739
0.153418
0.130692
0.144392
0.148638
0.148046
0.121024
0.157307
0.144778
0.131475
0.125733
0.131991
0.153525
0.153553
0.146735
0.153103
0.135458
0.153255
0.0281862
0.147927
0.144882
0.145043
0.101813
0.146304
0.1459
0.135227
0.06989
0.108165
0.150737
0.151485
0.125177
0.127874
0.150559
0.15412
0.156937
0.138145
0.153786
0.150236
0.152824
0.152516
0.15187
0.153746
0.150819
0.153117
0.138595
0.135738
0.153118
0.145832
0.176968
0.145755
0.153184
0.110833
0.106176
0.148656
0.132349
0.154686
0.146206
0.147052
0.147825
0.131509
0.116647
0.151737
0.152647
0.0967307
0.147375
0.154984
0.146136
0.137492
0.152599
0.146925
0.129176
0.152798
0.152875
0.153151
0.126306
0.149779
0.126631
0.126044
0.146568
0.151718
0.146544
0.156636
0.147896
0.130347
0.127551
0.146808
0.148722
0.153326
0.150356
0.146647
0.15349
0.132042
0.116037
0.151694
0.152739
0.0734945
0.11824
0.145868
0.152988
0.164697
0.126675
0.141681
0.143476
0.153404
0.13341
0.150147
0.150682
0.153741
0.138707
0.0500943
0.135949
0.144205
0.141572
0.13968
0.14492
0.142954
0.151728
0.153253
0.141113
0.151482
0.142865
0.151738
0.149913
0.150053
0.133151
0.073714
0.14738
0.151915
0.15239
0.148206
0.149666
0.160817
0.150805
0.111672
0.155888
0.130081
0.133786
0.149895
0.148654
0.15906
0.130701
0.176617
0.153684
0.135679
0.153029
0.143962
0.0349429
0.149927
0.142792
0.0822933
0.151754
0.156972
0.145715
0.150742
0.144442
0.149239
0.138421
0.156951
0.107083
0.149984
0.149156
0.151063
0.149169
0.135487
0.151919
0.158458
0.154493
0.151465
0.139192
0.146077
0.105438
0.14675
0.152573
0.153327
0.14066
0.143463
0.127861
0.102005
0.130105
0.151535
0.149115
0.150109
0.135713
0.152232
0.153127
0.131171
0.116442
0.153228
0.152211
0.127322
0.149744
0.154104
0.150926
0.152368
0.141578
0.144412
0.138668
0.0649628
0.104061
0.153071
0.170692
0.153222
0.151353
0.14167
0.159454
0.1466
0.150819
0.150618
0.148362
0.148308
0.151726
0.144021
0.151103
0.15332
0.146319
0.152738
0.146326
0.15121
0.152719
0.129947
0.150163
0.127479
0.158788
0.157494
0.151054
0.0454933
0.13747
0.150017
0.098208
0.15209
0.139489
0.105488
0.151869
0.147173
0.139673
0.152855
0.149017
0.161482
0.151591
0.150478
0.143983
0.157015
0.15146
0.0714252
0.149174
0.132701
0.129311
0.151421
0.147817
0.138612
0.158008
0.151154
0.0710762
0.155161
0.153258
0.147048
0.150711
0.150882
0.154505
0.132979
0.146384
0.147119
0.151384
0.146643
0.150379
0.126641
0.148747
0.15392
0.112037
0.149785
0.150727
0.152584
0.150572
0.152732
0.0914963
0.150843
0.150588
0.150927
0.148984
0.0726763
0.155663
0.127371
0.152478
0.149133
0.128987
0.152843
0.150581
0.153431
0.114048
0.153338
0.146135
0.138034
0.151443
0.152937
0.150263
0.153139
0.136224
0.116236
0.153234
0.149839
0.108485
0.140353
0.1525
0.151954
0.125807
0.153215
0.142676
0.150214
0.145081
0.150536
0.150714
0.147789
0.144375
0.150038
0.121515
0.0448636
0.133422
0.15164
0.167188
0.13266
0.135053
0.148427
0.143694
0.152603
0.0962379
0.151051
0.149919
0.127579
0.112879
0.148824
0.153073
0.139539
0.141401
0.15211
0.151671
0.158743
0.150432
0.131724
0.130882
0.103964
0.150306
0.147608
0.111403
0.107135
0.131044
0.152041
0.0684226
0.145526
0.152178
0.146125
0.0965612
0.116296
0.132959
0.15227
0.150298
0.141339
0.149851
0.150521
0.135834
0.06798
0.139633
0.146466
0.124908
0.152196
0.144955
0.128154
0.148336
0.14785
0.133686
0.160539
0.151869
0.147778
0.137941
0.136386
0.144766
0.146547
0.152031
0.135832
0.153334
0.143269
0.128264
0.151358
0.0965711
0.147875
0.125438
0.151922
0.151928
0.154211
0.138092
0.151237
0.133991
0.149678
0.15014
0.147843
0.154805
0.15296
0.144529
0.131352
0.107689
0.144478
0.146416
0.147986
0.136831
0.152739
0.153065
0.136582
0.131919
0.141872
0.124277
0.133104
0.147919
0.130006
0.128914
0.151546
0.133253
0.0940807
0.150326
0.101228
0.151339
0.150981
0.143744
0.152516
0.149937
0.15014
0.147878
0.172038
0.149777
0.150384
0.132254
0.145828
0.150493
0.149255
0.15235
0.15036
0.146018
0.150974
0.148874
0.149939
0.1019
0.159854
0.164865
0.0343994
0.131421
0.150419
0.141277
0.13387
0.151061
0.0969776
0.139693
0.153116
0.14355
0.136998
0.11602
0.149553
0.14923
0.148614
0.146475
0.147065
0.124249
0.146857
0.127085
0.125608
0.151403
0.138657
0.149313
0.152952
0.149094
0.105718
0.141359
0.148033
0.122557
0.148907
0.14844
0.146691
0.148912
0.149307
0.146558
0.148182
0.15299
0.139208
0.146003
0.146594
0.107044
0.0873044
0.152716
0.147246
0.121296
0.128305
0.152915
0.179901
0.138341
0.147299
0.149926
0.148017
0.093341
0.10514
0.149138
0.144774
0.128642
0.01909
0.141779
0.150676
0.149359
0.146446
0.136313
0.161978
0.15004
0.124376
0.15252
0.0950221
0.148101
0.13491
0.140909
0.147408
0.14912
0.142927
0.137335
0.145379
0.148685
0.149107
0.148228
0.149423
0.149678
0.149007
0.0209832
0.123968
0.124298
0.124445
0.146661
0.144138
0.14806
0.133071
0.123962
0.147461
0.143271
0.147563
0.149064
0.143807
0.147069
0.126998
0.146335
0.124153
0.147801
0.132287
0.152205
0.13607
0.115318
0.118861
0.140081
0.114378
0.138045
0.143054
0.136467
0.145286
0.134013
0.133797
0.147766
0.148587
0.142917
0.136891
0.124043
0.142551
0.150715
0.0700845
0.150729
0.110579
0.152336
0.111537
0.149832
0.149757
0.156095
0.147083
0.15032
0.0975988
0.149585
0.142976
0.154321
0.143549
0.140093
0.148247
0.148636
0.134986
0.150206
0.145399
0.12722
0.128937
0.148946
0.146625
0.138666
0.12533
0.13579
0.150155
0.141513
0.147926
0.150007
0.144631
0.106149
0.0861445
0.146904
0.148213
0.15006
0.14572
0.137263
0.073043
0.104244
0.137716
0.13684
0.144776
0.147504
0.146786
0.144814
0.149563
0.146836
0.148598
0.105984
0.152035
0.143996
0.146209
0.151281
0.165056
0.149553
0.147329
0.144678
0.11756
0.137879
0.147355
0.152382
0.121683
0.138682
0.143521
0.135463
0.137938
0.119761
0.145987
0.146007
0.142064
0.148198
0.146269
0.152183
0.149913
0.143111
0.144814
0.140909
0.150175
0.151892
0.136387
0.119582
0.147921
0.145753
0.134113
0.142282
0.149328
0.143885
0.15673
0.137622
0.0865892
0.118015
0.138206
0.143519
0.130324
0.143976
0.151952
0.139202
0.072157
0.133387
0.145113
0.152308
0.146938
0.137083
0.149379
0.14334
0.116481
0.172102
0.144506
0.149036
0.145234
0.149553
0.137175
0.150196
0.1527
0.153465
0.149348
0.150726
0.115489
0.13307
0.11098
0.137699
0.145523
0.151796
0.145239
0.133766
0.147802
0.147978
0.071061
0.133519
0.146354
0.146838
0.0768888
0.142284
0.145721
0.149991
0.107924
0.137304
0.15259
0.126864
0.0660414
0.122797
0.155471
0.147508
0.0810218
0.144635
0.149915
0.12301
0.116525
0.138538
0.136519
0.15269
0.139655
0.15013
0.140213
0.143739
0.150383
0.150609
0.14345
0.136281
0.149536
0.132356
0.146419
0.144249
0.144831
0.132797
0.13579
0.143177
0.143961
0.133553
0.1523
0.151718
0.136632
0.150513
0.0294825
0.150849
0.151434
0.148817
0.149929
0.1415
0.148248
0.105019
0.142857
0.139707
0.132162
0.150001
0.149097
0.147001
0.148814
0.151578
0.151786
0.158174
0.144059
0.150305
0.143691
0.138187
0.150223
0.140083
0.151552
0.148435
0.163346
0.111239
0.148526
0.158122
0.149991
0.110155
0.136167
0.131508
0.146505
0.139136
0.143093
0.136938
0.136219
0.14221
0.138455
0.141401
0.147514
0.151672
0.140498
0.134198
0.114627
0.152268
0.148887
0.127678
0.130002
0.13503
0.152536
0.125091
0.138522
0.140829
0.14573
0.145961
0.150669
0.152041
0.142594
0.150247
0.152033
0.152403
0.113551
0.140245
0.1502
0.0574359
0.142604
0.145233
0.142328
0.100541
0.13617
0.15224
0.107972
0.13978
0.14945
0.137202
0.144849
0.019071
0.151024
0.0951862
0.149819
0.13013
0.150492
0.14355
0.133845
0.0276476
0.152293
0.144792
0.150736
0.152278
0.144295
0.149591
0.133147
0.128413
0.0879824
0.148608
0.144334
0.138466
0.141724
0.140317
0.141086
0.17253
0.148064
0.148343
0.136541
0.130304
0.15101
0.143771
0.147873
0.131186
0.100326
0.133936
0.152027
0.0741517
0.150204
0.152024
0.138262
0.137384
0.0913479
0.149042
0.146586
0.150344
0.150078
0.140567
0.146339
0.15038
0.108201
0.14725
0.137225
0.15062
0.109753
0.128081
0.150764
0.119123
0.139523
0.147341
0.140101
0.149385
0.150698
0.144595
0.142627
0.122977
0.138107
0.151654
0.105338
0.133475
0.137332
0.147141
0.143517
0.139842
0.109104
0.0350451
0.123225
0.136792
0.137208
0.149883
0.141923
0.0909742
0.131436
0.134803
0.133714
0.152087
0.137395
0.146012
0.0951759
0.145901
0.123797
0.14339
0.139357
0.149171
0.148124
0.109925
0.13376
0.148642
0.0378775
0.131292
0.148055
0.0730057
0.129809
0.136623
0.131982
0.152535
0.148256
0.148266
0.142822
0.14527
0.152397
0.126608
0.126496
0.149844
0.124881
0.145409
0.140062
0.131407
0.123775
0.137138
0.14134
0.141422
0.13066
0.14395
0.134839
0.149256
0.152209
0.128511
0.138972
0.157244
0.126656
0.085565
0.135166
0.147157
0.148246
0.136907
0.138414
0.143471
0.147751
0.154861
0.133605
0.142914
0.149268
0.134745
0.148177
0.136386
0.141009
0.176277
0.131353
0.125522
0.0929108
0.139139
0.106738
0.139427
0.164458
0.133603
0.146813
0.127125
0.142074
0.12329
0.135659
0.136772
0.141036
0.140349
0.127758
0.138687
0.11609
0.139376
0.0882157
0.140999
0.133752
0.136563
0.150157
0.139743
0.0739438
0.152082
0.128457
0.111976
0.13314
0.141547
0.136603
0.136462
0.133869
0.143173
0.140232
0.153041
0.147449
0.147829
0.133961
0.14977
0.138801
0.121281
0.143605
0.140246
0.125821
0.147045
0.0900608
0.14973
0.132143
0.124627
0.137963
0.165718
0.151898
0.107234
0.144775
0.183512
0.133255
0.112117
0.144325
0.113935
0.119637
0.13582
0.150516
0.126109
0.146191
0.151538
0.14631
0.133901
0.127661
0.146733
0.0949278
0.134446
0.141823
0.160206
0.150848
0.143639
0.100038
0.146906
0.143794
0.129483
0.138497
0.131158
0.0950826
0.0300577
0.117796
0.0983569
0.1556
0.106008
0.15228
0.0683998
0.141659
0.092668
0.13927
0.018458
0.136254
0.0762997
0.093725
0.128058
0.145092
0.137188
0.131757
0.142536
0.132485
0.141954
0.106713
0.106111
0.110355
0.141626
0.111276
0.0908675
0.148594
0.142033
0.142846
0.134436
0.123708
0.151128
0.137624
0.139301
0.105454
0.045977
0.133236
0.131173
0.135704
0.14001
0.0928437
0.142997
0.145539
0.142142
0.13945
0.140401
0.124888
0.134416
0.035686
0.14348
0.147273
0.134011
0.125255
0.119866
0.158707
0.144236
0.121979
0.131542
0.0526939
0.138567
0.146349
0.127108
0.122961
0.139173
0.145148
0.139867
0.140017
0.133437
0.142297
0.147068
0.134969
0.149647
0.140524
0.139798
0.150199
0.132379
0.132554
0.127384
0.135367
0.0958681
0.143776
0.136985
0.144075
0.134498
0.137741
0.0911189
0.14774
0.133205
0.151163
0.115747
0.153022
0.136461
0.137255
0.148339
0.148947
0.148686
0.134045
0.151573
0.126768
0.137284
0.149586
0.138968
0.140766
0.133667
0.1355
0.151372
0.142333
0.131071
0.141302
0.129388
0.130455
0.0829768
0.141154
0.135398
0.123541
0.139264
0.125274
0.142849
0.115338
0.1226
0.129725
0.133439
0.131582
0.140892
0.150109
0.134409
0.12671
0.0602915
0.0949759
0.134788
0.143315
0.132506
0.110998
0.141637
0.140038
0.132654
0.1384
0.133851
0.142533
0.144661
0.127986
0.12757
0.0883013
0.129288
0.0285581
0.10936
0.142833
0.141472
0.0660501
0.144704
0.149815
0.090524
0.140346
0.114538
0.142335
0.147107
0.138376
0.142537
0.120438
0.152142
0.162413
0.127908
0.143687
0.149816
0.0806472
0.124817
0.139341
0.130382
0.133532
0.114708
0.14339
0.125497
0.0747818
0.141899
0.0911484
0.181576
0.128359
0.148787
0.142977
0.14018
0.175499
0.148629
0.141821
0.140816
0.103628
0.15312
0.14641
0.166893
0.145793
0.143922
0.115776
0.139406
0.149657
0.146046
0.152331
0.124868
0.142162
0.143129
0.135397
0.0982491
0.110806
0.149582
0.0969839
0.128007
0.119734
0.153091
0.16634
0.131014
0.124162
0.143331
0.144964
0.146609
0.129998
0.13406
0.141431
0.127301
0.145394
0.115816
0.147353
0.153168
0.095039
0.147104
0.123976
0.135161
0.14083
0.152335
0.121977
0.154263
0.144563
0.0783661
0.143691
0.0650496
0.141475
0.0807734
0.144813
0.133373
0.104326
0.127052
0.155022
0.138502
0.14406
0.136256
0.070045
0.111846
0.114798
0.137765
0.144554
0.139059
0.116147
0.0280007
0.116432
0.139005
0.103946
0.0971525
0.111457
0.142538
0.144565
0.132875
0.140266
0.135185
0.133182
0.116894
0.132094
0.138907
0.152283
0.121189
0.116357
0.140825
0.141209
0.15341
0.146768
0.13826
0.146372
0.145296
0.125275
0.127122
0.114982
0.110659
0.144525
0.134407
0.132964
0.136164
0.138459
0.13332
0.113246
0.123611
0.112539
0.0856693
0.137796
0.0884292
0.1498
0.127555
0.116855
0.126288
0.151676
0.138217
0.0987822
0.0286839
0.149123
0.104432
0.0995243
0.147746
0.151417
0.144917
0.12787
0.136484
0.149856
0.134472
0.136811
0.145444
0.14748
0.109696
0.110459
0.13481
0.105204
0.132061
0.150746
0.130811
0.149549
0.136457
0.124635
0.109077
0.13967
0.0964901
0.106039
0.143563
0.136229
0.130602
0.137802
0.137149
0.114649
0.0745638
0.119861
0.152703
0.128233
0.135197
0.141695
0.147801
0.112608
0.13487
0.133937
0.140051
0.0881755
0.141348
0.139741
0.138158
0.148488
0.142498
0.157308
0.114873
0.142265
0.146627
0.128514
0.0580136
0.0995981
0.144316
0.148755
0.135336
0.114077
0.126059
0.0424253
0.154178
0.146967
0.147369
0.100763
0.11898
0.122958
0.0879804
0.105828
0.109038
0.137981
0.136064
0.145009
0.138468
0.135252
0.0749326
0.128814
0.125734
0.137768
0.136649
0.104531
0.133947
0.141886
0.116285
0.145071
0.110399
0.135218
0.148081
0.0281742
0.136292
0.131939
0.134811
0.141589
0.137581
0.106964
0.117435
0.139903
0.0293216
0.137631
0.14884
0.11728
0.128268
0.142651
0.121186
0.116441
0.0688162
0.111351
0.147063
0.12553
0.109062
0.0939086
0.141274
0.138277
0.0993057
0.0339169
0.151129
0.13115
0.109238
0.126461
0.129528
0.135054
0.147498
0.13784
0.134275
0.137605
0.130908
0.144247
0.143128
0.0279089
0.151395
0.140016
0.144945
0.152142
0.136249
0.140066
0.135296
0.131238
0.131418
0.0695896
0.0379066
0.149933
0.115569
0.126197
0.13817
0.0822623
0.11499
0.099536
0.125561
0.0378967
0.12237
0.121626
0.0940737
0.0672389
0.147574
0.111761
0.0951576
0.0994479
0.143511
0.116341
0.128137
0.140942
0.0268528
0.108504
0.115535
0.142147
0.14407
0.1447
0.120967
0.13942
0.141721
0.134897
0.133613
0.0368921
0.124156
0.117789
0.148049
0.146799
0.128214
0.146438
0.141357
0.111841
0.136362
0.144045
0.152978
0.130186
0.101463
0.111847
0.0980063
0.13151
0.144361
0.100416
0.145739
0.126892
0.13734
0.136175
0.148979
0.127296
0.10976
0.124953
0.109975
0.0902579
0.13914
0.136962
0.0530013
0.149251
0.132762
0.128397
0.145493
0.13285
0.103372
0.130237
0.0934773
0.137235
0.126521
0.126179
0.147427
0.116351
0.129609
0.100912
0.105559
0.0910011
0.144498
0.0989105
0.155631
0.142774
0.082112
0.146926
0.116018
0.145908
0.138536
0.147581
0.170679
0.111122
0.136225
0.136009
0.100409
0.124277
0.133981
0.120303
0.140438
0.132719
0.0705143
0.0637691
0.1288
0.0911691
0.139569
0.121591
0.105711
0.125529
0.150903
0.140722
0.0909056
0.102295
0.119302
0.10494
0.103767
0.0580399
0.134251
0.147139
0.121268
0.142774
0.0966912
0.145129
0.144981
0.0304045
0.146264
0.13465
0.099676
0.142028
0.108251
0.144262
0.133837
0.143145
0.123283
0.134622
0.126694
0.107564
0.147064
0.145218
0.0987881
0.149319
0.124919
0.134415
0.123116
0.0688716
0.0906471
0.149639
0.150059
0.136095
0.0950593
0.144147
0.096806
0.0495547
0.13027
0.136809
0.136024
0.127861
0.124531
0.0658724
0.0726969
0.136819
0.137444
0.112745
0.110183
0.136485
0.11246
0.127316
0.139606
0.144276
0.0974885
0.126574
0.150238
0.125518
0.150801
0.148808
0.136673
0.109
0.0978474
0.105549
0.14857
0.133497
0.121769
0.14528
0.138995
0.0941937
0.132376
0.133668
0.087013
0.0360043
0.0940467
0.146492
0.139456
0.0975548
0.143747
0.104228
0.136255
0.0898272
0.138906
0.0782063
0.135593
0.0861298
0.121758
0.14204
0.0685628
0.125924
0.119432
0.0372263
0.104974
0.134294
0.125743
0.131806
0.136229
0.138436
0.14359
0.126674
0.0654315
0.1
0.111039
0.151019
0.125511
0.114085
0.155338
0.0706344
0.132118
0.136653
0.147841
0.122967
0.182392
0.13384
0.142789
0.123331
0.136079
0.0880878
0.132785
0.137111
0.127566
0.143013
0.107383
0.137652
0.146274
0.147776
0.066061
0.0961377
0.0998208
0.157072
0.148422
0.116252
0.134528
0.137719
0.143782
0.116867
0.0851517
0.151008
0.101739
0.120886
0.126518
0.153225
0.146687
0.143787
0.0638471
0.13364
0.138346
0.0847308
0.117071
0.127618
0.143011
0.141708
0.131186
0.0733711
0.139012
0.11585
0.0908103
0.149995
0.0903384
0.126936
0.135604
0.108764
0.142128
0.110169
0.14674
0.147974
0.0718773
0.137562
0.146549
0.0717157
0.167949
0.0426539
0.147475
0.130341
0.125795
0.148548
0.152965
0.120495
0.105603
0.135634
0.144609
0.130628
0.119032
0.0835271
0.131767
0.0945031
0.140482
0.0730261
0.118159
0.136383
0.149596
0.0389016
0.0924476
0.143934
0.130287
0.113456
0.0708687
0.143029
0.085069
0.147453
0.123078
0.148442
0.0978009
0.122963
0.140982
0.134176
0.140612
0.0673447
0.153948
0.131681
0.0866288
0.151103
0.148062
0.160762
0.1337
0.131442
0.107573
0.143917
0.148112
0.14964
0.114241
0.120152
0.127691
0.146979
0.153024
0.146639
0.103245
0.158532
0.105984
0.139701
0.129344
0.113683
0.12291
0.130695
0.142756
0.129684
0.0867462
0.143627
0.139348
0.126147
0.142626
0.135245
0.094758
0.123692
0.12791
0.148818
0.110659
0.072862
0.0912283
0.140692
0.0540439
0.0937105
0.131506
0.10755
0.143405
0.134723
0.071623
0.11014
0.143627
0.125868
0.0939021
0.117351
0.12622
0.0890068
0.152706
0.146779
0.133989
0.118234
0.0945616
0.149779
0.0382982
0.0991451
0.111638
0.117
0.147194
0.0826285
0.10401
0.114888
0.106073
0.140092
0.131508
0.138288
0.139049
0.0889511
0.103529
0.128412
0.114671
0.0975849
0.123785
0.131624
0.103659
0.123548
0.143214
0.0881368
0.129915
0.145731
0.0902308
0.071397
0.117431
0.140167
0.172378
0.162577
0.0944508
0.147219
0.0772466
0.15748
0.0914047
0.132785
0.143192
0.0983042
0.11734
0.142226
0.149928
0.115512
0.121942
0.0736861
0.15096
0.111315
0.126475
0.141214
0.116394
0.105485
0.145497
0.119397
0.130969
0.150367
0.156176
0.146298
0.115715
0.135205
0.139536
0.12369
0.1346
0.15067
0.150654
0.147627
0.118189
0.0960963
0.137226
0.0946687
0.114066
0.114054
0.137124
0.0867504
0.097076
0.0701248
0.0989279
0.106252
0.131999
0.114676
0.0695714
0.11052
0.150624
0.102061
0.0978909
0.0956486
0.114961
0.114297
0.141464
0.0983304
0.147293
0.0947246
0.150273
0.110229
0.112963
0.145155
0.0929238
0.159218
0.102447
0.087016
0.0686939
0.105345
0.0986164
0.105825
0.138332
0.14257
0.0720181
0.0946295
0.143889
0.0688066
0.14413
0.0937855
0.0282166
0.0975696
0.144199
0.0734227
0.143008
0.102194
0.120134
0.103137
0.0983034
0.144415
0.140411
0.133652
0.113613
0.133985
0.103919
0.125877
0.0969664
0.0884388
0.110915
0.149001
0.112587
0.128207
0.130769
0.13887
0.142411
0.100066
0.0627331
0.102441
0.0999601
0.0965747
0.114888
0.0977355
0.113749
0.100051
0.144866
0.137451
0.138776
0.116443
0.146692
0.108385
0.11128
0.179957
0.0873311
0.166913
0.0981825
0.126084
0.0700449
0.101161
0.102205
0.111396
0.139682
0.160449
0.124427
0.135304
0.056489
0.127838
0.106013
0.121406
0.108588
0.127176
0.111336
0.13936
0.106275
0.137944
0.0978367
0.123479
0.11131
0.0866398
0.103823
0.125005
0.115144
0.119457
0.112757
0.0967625
0.122496
0.14417
0.110091
0.0933593
0.108224
0.100055
0.104859
0.13183
0.115882
0.107688
0.0970887
0.098537
0.100716
0.150646
0.0983221
0.0955562
0.112335
0.136567
0.102876
0.111517
0.136707
0.0948855
0.0995363
0.125015
0.0628837
0.142261
0.13386
0.0689171
0.113354
0.131761
0.0929269
0.147416
0.155262
0.0922359
0.10866
0.0979656
0.0991689
0.119167
0.117715
0.115352
0.129745
0.136997
0.144089
0.146739
0.153386
0.0410078
0.121993
0.115394
0.0485872
0.136489
0.0939251
0.0993313
0.148143
0.0945803
0.114523
0.108081
0.100286
0.149241
0.0836873
0.0646855
0.103702
0.145061
0.11586
0.111008
0.132695
0.141738
0.0221614
0.162789
0.107287
0.0986427
0.132437
0.10292
0.144369
0.115935
0.0893135
0.0501861
0.0636642
0.150363
0.146464
0.0952042
0.13223
0.0967921
0.153388
0.111447
0.0215365
0.084654
0.144928
0.13302
0.11657
0.112696
0.149057
0.0665679
0.0430945
0.124778
0.0466192
0.146294
0.119877
0.138669
0.0693497
0.111503
0.0689051
0.0722299
0.102369
0.148309
0.15076
0.0914574
0.0999941
0.0952426
0.14151
0.102195
0.0885137
0.112697
0.0918869
0.147529
0.147463
0.138012
0.0488948
0.150306
0.141808
0.0923297
0.144244
0.108557
0.120064
0.095025
0.114042
0.111598
0.149631
0.148016
0.0923111
0.0954908
0.14476
0.140564
0.0774652
0.131026
0.100284
0.0955183
0.0986599
0.145593
0.149445
0.123089
0.101755
0.0188804
0.101011
0.107672
0.0962581
0.138727
0.0880188
0.111717
0.115019
0.144759
0.135828
0.119799
0.147978
0.0738867
0.150096
0.141711
0.10639
0.14258
0.0886978
0.143101
0.0721991
0.0963995
0.0887179
0.109016
0.117376
0.144698
0.104698
0.113339
0.042063
0.115577
0.096372
0.132563
0.124539
0.135053
0.124348
0.0219807
0.148339
0.0946696
0.0771943
0.0325948
0.145862
0.0660443
0.147699
0.14684
0.124911
0.169628
0.139904
0.130276
0.109997
0.143413
0.0217561
0.147815
0.147205
0.114065
0.118343
0.0617947
0.136084
0.113104
0.0925806
0.113674
0.0906399
0.119092
0.14424
0.088148
0.143551
0.131621
0.0730523
0.110778
0.0709538
0.100912
0.138937
0.0976943
0.0428549
0.129115
0.117286
0.113133
0.150573
0.170406
0.119819
0.0518553
0.116284
0.109741
0.0916941
0.10766
0.0967489
0.134891
0.146079
0.0842889
0.0847972
0.137663
0.0762747
0.147925
0.136948
0.0346508
0.10085
0.0535219
0.0934045
0.122827
0.0517393
0.0875092
0.138537
0.0181677
0.140244
0.0549472
0.111353
0.143433
0.149665
0.0537962
0.117166
0.140801
0.122186
0.107359
0.085808
0.0745097
0.0526335
0.130905
0.154336
0.110191
0.109083
0.0655063
0.100781
0.107239
0.114871
0.114852
0.0928024
0.124514
0.132897
0.115418
0.101097
0.107448
0.0425389
0.130753
0.105048
0.107321
0.0692188
0.0663133
0.061559
0.148269
0.126191
0.151706
0.149629
0.109
0.063946
0.071486
0.103636
0.0927803
0.0194606
0.118977
0.100397
0.125134
0.144241
0.121808
0.148416
0.104849
0.146497
0.09885
0.0412098
0.0942397
0.134193
0.078482
0.150436
0.146841
0.0425538
0.147359
0.109862
0.150684
0.131993
0.0744226
0.112393
0.135853
0.107827
0.0572506
0.106531
0.0940129
0.0789068
0.115336
0.143137
0.110553
0.134191
0.137057
0.152268
0.152036
0.0721427
0.150374
0.0309976
0.0968471
0.140592
0.099458
0.137627
0.0711522
0.0682132
0.10314
0.140325
0.116239
0.0972737
0.147141
0.100686
0.149597
0.0976826
0.141237
0.113925
0.0789653
0.102396
0.0874324
0.147331
0.0983629
0.112375
0.127289
0.147838
0.0947029
0.136364
0.0981786
0.140908
0.133859
0.100121
0.128249
0.132655
0.136745
0.053467
0.0824995
0.0668583
0.0631039
0.103722
0.126326
0.101982
0.0708436
0.0961623
0.128401
0.140916
0.147419
0.139727
0.128809
0.131268
0.0722921
0.118288
0.148216
0.149357
0.0926494
0.0999302
0.146034
0.0364801
0.122973
0.156125
0.106181
0.0787489
0.0319
0.120353
0.131292
0.0978318
0.0732231
0.0191029
0.13935
0.136665
0.150886
0.0968154
0.0586939
0.0976926
0.149607
0.105759
0.14762
0.141177
0.112963
0.0899877
0.0440729
0.111087
0.09588
0.146887
0.141354
0.146339
0.0930619
0.0714178
0.149228
0.0562284
0.0446284
0.123393
0.0831573
0.148542
0.069477
0.0255561
0.0832207
0.0914074
0.142685
0.0528296
0.0678282
0.121068
0.137155
0.0855788
0.10193
0.131651
0.0666621
0.148792
0.0876142
0.136213
0.136515
0.0460276
0.132202
0.142496
0.0876971
0.0731364
0.11752
0.137516
0.120064
0.142232
0.0681322
0.135003
0.110635
0.0469539
0.108105
0.08432
0.0562449
0.09414
0.0864032
0.152291
0.126089
0.138645
0.138698
0.124398
0.114582
0.0723818
0.0682471
0.123461
0.13979
0.128546
0.137477
0.149644
0.085412
0.0740802
0.0578269
0.110019
0.135935
0.147174
0.142529
0.0982613
0.143425
0.0397479
0.140819
0.125819
0.0629791
0.11054
0.135525
0.064093
0.0864042
0.0381006
0.10758
0.0718502
0.067149
0.0847625
0.0980324
0.0402193
0.103407
0.0454663
0.0670347
0.116215
0.0423261
0.138836
0.132177
0.145813
0.120543
0.136641
0.0928261
0.0886388
0.150849
0.0452756
0.0872651
0.0917953
0.0535518
0.145414
0.0841293
0.099884
0.120852
0.139678
0.0833742
0.0863814
0.0590192
0.125554
0.140351
0.11941
0.125979
0.0993202
0.143212
0.070103
0.14447
0.0860692
0.0958795
0.149907
0.174928
0.0956936
0.147248
0.0640633
0.0986476
0.084842
0.0344996
0.0938498
0.0810995
0.0638648
0.143713
0.0852059
0.0193115
0.14389
0.12625
0.0605737
0.134917
0.0975709
0.114904
0.05715
0.166151
0.0668063
0.0863562
0.0568734
0.149334
0.140704
0.150125
0.0757213
0.0956463
0.0834168
0.160477
0.0817085
0.109867
0.103872
0.0752366
0.0639611
0.0569297
0.0810274
0.134048
0.0908398
0.10394
0.0813699
0.116703
0.114212
0.106913
0.123372
0.090398
0.146411
0.1227
0.116587
0.112019
0.152287
0.0821811
0.146625
0.0792826
0.134086
0.130839
0.0982597
0.0736665
0.14326
0.0569505
0.0765671
0.0909798
0.118314
0.0865843
0.139255
0.0758956
0.0983936
0.110506
0.10729
0.13731
0.118394
0.131752
0.0928621
0.0976531
0.0766156
0.121725
0.114377
0.079132
0.152702
0.127662
0.0602833
0.149398
0.0860036
0.150148
0.148588
0.118143
0.0800391
0.115792
0.0189262
0.0858509
0.103766
0.0690516
0.0643584
0.0710486
0.07543
0.147022
0.0970012
0.104872
0.10537
0.0897087
0.149186
0.0633758
0.0994691
0.113183
0.101956
0.158778
0.149522
0.0427027
0.0184571
0.097631
0.115868
0.150169
0.108841
0.0221397
0.122267
0.144376
0.14745
0.121007
0.110463
0.131923
0.0971513
0.144102
0.0784927
0.0969432
0.019148
0.120378
0.111352
0.11333
0.144052
0.0614052
0.11409
0.0614547
0.0946935
0.141708
0.0750506
0.0766759
0.126597
0.0749526
0.0692014
0.144203
0.14696
0.119516
0.0986952
0.136604
0.0607222
0.0761791
0.0708884
0.100923
0.0349331
0.0676177
0.127532
0.0696684
0.0465851
0.12955
0.152098
0.148584
0.112268
0.0704335
0.13559
0.0778667
0.0726691
0.100463
0.122537
0.0727556
0.141333
0.0755831
0.133466
0.14813
0.0687619
0.0684362
0.163106
0.13211
0.0954927
0.0718085
0.146625
0.149952
0.0770913
0.0997157
0.114736
0.070376
0.0271929
0.0296338
0.0929686
0.156012
0.132219
0.0850624
0.0756295
0.100209
0.101437
0.0494586
0.0743383
0.0713953
0.145359
0.0334172
0.107255
0.11547
0.127695
0.151989
0.148386
0.11585
0.052699
0.0948983
0.115021
0.102494
0.0398671
0.042692
0.104997
0.120696
0.0739955
0.114505
0.0718363
0.0967782
0.0672567
0.0802759
0.105957
0.101499
0.0353465
0.0816447
0.108611
0.129472
0.113966
0.147372
0.0734202
0.132332
0.0962268
0.0932146
0.0291286
0.150803
0.0865424
0.150763
0.128753
0.101622
0.131009
0.0476538
0.145241
0.12466
0.107362
0.116757
0.11702
0.127048
0.0308937
0.149033
0.044003
0.0308731
0.0424707
0.100576
0.144369
0.144357
0.0363157
0.150291
0.0644111
0.0872076
0.133838
0.118758
0.0305526
0.0740116
0.137213
0.105436
0.137377
0.0856691
0.130973
0.0873647
0.0522419
0.119381
0.0687986
0.0742485
0.136143
0.0614543
0.0686419
0.0408944
0.113327
0.124895
0.0676034
0.150174
0.111683
0.147725
0.161317
0.0987468
0.0606228
0.0618607
0.139106
0.0391401
0.135723
0.127804
0.12343
0.113498
0.126535
0.0917113
0.149303
0.130063
0.104492
0.118494
0.0285095
0.138452
0.164954
0.0190383
0.0788814
0.0726561
0.107555
0.100863
0.132752
0.136059
0.130844
0.0815715
0.104167
0.0276201
0.127316
0.142934
0.122378
0.138239
0.150394
0.137028
0.149571
0.076559
0.101573
0.0589383
0.128528
0.151832
0.0772253
0.0762375
0.126762
0.0468652
0.147133
0.125938
0.0887964
0.131658
0.134416
0.152713
0.0690688
0.101229
0.038906
0.144885
0.0400792
0.084378
0.0468764
0.139898
0.135718
0.155813
0.059903
0.0373162
0.0726236
0.148093
0.0408485
0.0733501
0.0416499
0.147503
0.0909093
0.133755
0.149405
0.107504
0.0969486
0.149017
0.0719848
0.11662
0.0982352
0.102745
0.0835123
0.100212
0.108404
0.115048
0.133914
0.133746
0.0949602
0.150149
0.117779
0.112411
0.133524
0.132236
0.0606401
0.0671441
0.158598
0.0764554
0.133099
0.0403107
0.0941008
0.0431833
0.102587
0.0721482
0.116526
0.128754
0.106617
0.0672394
0.144511
0.104696
0.0702004
0.0646396
0.0883119
0.0952453
0.121207
0.0879813
0.113173
0.0986166
0.0939137
0.0508675
0.116312
0.0762999
0.112672
0.136268
0.0262234
0.0633452
0.125622
0.13396
0.0380764
0.150347
0.1407
0.0864627
0.149298
0.140114
0.0574674
0.0317616
0.1425
0.0839782
0.118497
0.0720994
0.0668503
0.0364387
0.105686
0.150722
0.111227
0.114449
0.0192257
0.136711
0.155263
0.142844
0.139401
0.139301
0.140524
0.113144
0.126625
0.149693
0.112421
0.0564103
0.143446
0.161121
0.0405981
0.132552
0.168863
0.12136
0.0590304
0.149303
0.037953
0.152899
0.129856
0.129803
0.074518
0.132272
0.12233
0.139819
0.0719763
0.0668942
0.0611639
0.068547
0.121461
0.126545
0.0607082
0.129905
0.145205
0.140324
0.147445
0.104922
0.100252
0.13195
0.107816
0.11607
0.145631
0.0288443
0.145662
0.0301688
0.0928161
0.103129
0.100589
0.0871381
0.0290606
0.126829
0.147597
0.0433778
0.038601
0.0321509
0.152352
0.127042
0.0776792
0.134195
0.0404591
0.0230007
0.146466
0.147414
0.1143
0.166749
0.144891
0.0680479
0.126099
0.0552754
0.0289962
0.124637
0.137464
0.0493316
0.042722
0.136379
0.17441
0.0235572
0.0310946
0.149941
0.148376
0.15026
0.14101
0.0581906
0.0327634
0.125367
0.146144
0.0433004
0.103989
0.106947
0.148261
0.0715743
0.0432825
0.0739155
0.0434608
0.0420652
0.0225801
0.0463397
0.0286943
0.0741037
0.029369
0.0785645
0.145007
0.0652353
0.0784269
0.0702623
0.0419922
0.0213925
0.13141
0.149039
0.0439644
0.0491962
0.112206
0.13561
0.0281664
0.0404857
0.0320236
0.0931484
0.0402876
0.141196
0.109151
0.121245
0.149252
0.128141
0.0417769
0.0466164
0.124171
0.123878
0.0410622
0.165042
0.133795
0.0577037
0.148375
0.0642638
0.0196023
0.0942487
0.0923774
0.120234
0.0426876
0.12225
0.146506
0.131789
0.0230641
0.0912488
0.0286115
0.02852
0.0601243
0.104454
0.150481
0.098031
0.147997
0.139168
0.0660477
0.101831
0.107537
0.116913
0.0313686
0.125981
0.14528
0.149717
0.0652788
0.148607
0.151421
0.147008
0.134858
0.0282136
0.0918654
0.090783
0.0345553
0.141814
0.12726
0.101734
0.122146
0.114898
0.100355
0.0992229
0.132148
0.0713764
0.132705
0.114898
0.110425
0.0660455
0.0726857
0.0291192
0.0778145
0.0930479
0.0223519
0.120289
0.147434
0.148251
0.144716
0.0589922
0.148999
0.137353
0.144943
0.133683
0.0929679
0.0717238
0.0289421
0.149642
0.032853
0.0500118
0.0357009
0.160027
0.124279
0.122502
0.122699
0.0674454
0.136579
0.0395739
0.0444424
0.149528
0.148499
0.144316
0.013555
0.171442
0.0382069
0.0617002
0.132412
0.104684
0.0458144
0.150152
0.161132
0.0432406
0.118332
0.104556
0.0993619
0.131454
0.0197341
0.149607
0.0323125
0.0722735
0.108535
0.131732
0.0426272
0.0436198
0.0411637
0.13762
0.147727
0.129741
0.0195562
0.10045
0.125846
0.132092
0.137934
0.149716
0.149889
0.130895
0.115366
0.0300956
0.126238
0.145583
0.121063
0.0444914
0.0982043
0.0767243
0.0198938
0.0417332
0.146868
0.131462
0.0976075
0.0452672
0.0761472
0.0311353
0.133591
0.143184
0.133567
0.0292025
0.0307157
0.0966477
0.0984492
0.150939
0.140489
0.128547
0.105412
0.0335636
0.0300789
0.098003
0.0973523
0.0353125
0.0528023
0.0387964
0.0404841
0.0733943
0.136299
0.134722
0.0609354
0.0885839
0.123624
0.138322
0.146886
0.0390412
0.144219
0.0445288
0.154002
0.0807247
0.118963
0.0357184
0.0540008
0.132528
0.043686
0.120854
0.0420133
0.0303989
0.114902
0.0231317
0.12361
0.130543
0.116455
0.0772904
0.0505286
0.141997
0.0211854
0.131848
0.0212859
0.0480623
0.0955526
0.10738
0.150768
0.109599
0.0443818
0.0441604
0.0965447
0.166307
0.148081
0.0901417
0.125882
0.0229737
0.0857019
0.0453648
0.0447792
0.147059
0.116787
0.148135
0.145812
0.0715761
0.0983982
0.137241
0.0723885
0.0221195
0.0332048
0.113591
0.110274
0.0690453
0.0908393
0.0434534
0.0464037
0.0337127
0.126704
0.168379
0.138675
0.0523453
0.145095
0.0371862
0.161727
0.0398047
0.044884
0.130706
0.132713
0.0979216
0.107891
0.0427719
0.131196
0.0908683
0.040396
0.0292561
0.138446
0.0901732
0.0424548
0.10981
0.148245
0.125438
0.138381
0.137971
0.0200479
0.0227856
0.0634579
0.145685
0.12798
0.13599
0.130526
0.148164
0.146762
0.152252
0.110014
0.112368
0.0967108
0.138244
0.106117
0.0381482
0.0435663
0.148158
0.148352
0.14998
0.0195411
0.114182
0.160144
0.116915
0.0758884
0.108336
0.0183646
0.0799789
0.0727985
0.150126
0.130735
0.0244508
0.101873
0.0406161
0.135051
0.0398536
0.0899413
0.149486
0.0889381
0.0385509
0.0432728
0.166855
0.0663961
0.0313147
0.13158
0.0703218
0.151278
0.147716
0.0728319
0.0448488
0.0199852
0.0756134
0.126468
0.0751751
0.121454
0.127448
0.120698
0.11505
0.152133
0.0436987
0.0219107
0.135365
0.0934888
0.147477
0.0234511
0.129358
0.130519
0.128518
0.14341
0.0314282
0.145086
0.0524303
0.0237228
0.160979
0.13325
0.0222892
0.107216
0.111794
0.101679
0.100457
0.0713834
0.134098
0.126774
0.135701
0.130766
0.102539
0.0958895
0.0876796
0.0898176
0.131277
0.103181
0.132331
0.0657191
0.139017
0.161657
0.125723
0.0193506
0.0906681
0.0434708
0.0876009
0.148912
0.0746797
0.0659459
0.175259
0.0845513
0.147241
0.144612
0.110715
0.106702
0.122343
0.105707
0.148921
0.141416
0.0656149
0.0713933
0.133227
0.0145645
0.108236
0.124723
0.021905
0.118832
0.138051
0.0861686
0.0581624
0.127933
0.146428
0.097883
0.104077
0.149075
0.148377
0.124976
0.0767526
0.0860161
0.0191178
0.131729
0.104551
0.156243
0.140294
0.0235689
0.0607031
0.0842405
0.137034
0.144643
0.0437691
0.140058
0.132022
0.146948
0.095738
0.123683
0.0281306
0.0427752
0.142352
0.155101
0.151954
0.0169582
0.148296
0.162694
0.127476
0.146292
0.119881
0.129227
0.0722771
0.112438
0.120727
0.0278172
0.125326
0.121778
0.133558
0.0871792
0.0419998
0.138885
0.134052
0.131418
0.145558
0.0470233
0.0872716
0.0389474
0.136596
0.163097
0.123407
0.144555
0.149579
0.120699
0.0953904
0.0394004
0.100802
0.150294
0.0935404
0.0853647
0.0284385
0.0341726
0.0675386
0.142483
0.0632737
0.138964
0.0959768
0.129804
0.0707848
0.148575
0.0618847
0.111814
0.108989
0.0480966
0.113034
0.106184
0.119184
0.0990911
0.0983854
0.0510108
0.123627
0.178067
0.0460046
0.106304
0.146343
0.0887008
0.0683993
0.115158
0.117936
0.11177
0.141035
0.147531
0.130956
0.122982
0.130199
0.073721
0.0212076
0.109152
0.153956
0.0985986
0.0569119
0.12447
0.153339
0.0685284
0.116632
0.12094
0.136568
0.123711
0.135939
0.0611793
0.124596
0.0282199
0.0760358
0.0692708
0.128652
0.0283429
0.0406465
0.126666
0.127279
0.0971922
0.114471
0.152697
0.103344
0.069391
0.143796
0.0612023
0.14465
0.148443
0.131469
0.150794
0.142557
0.0478966
0.128951
0.02477
0.0600727
0.0901481
0.143548
0.087999
0.0277455
0.105495
0.0425959
0.0390893
0.134402
0.135318
0.109441
0.0933811
0.129133
0.145282
0.125229
0.0490218
0.134794
0.0888347
0.128456
0.0285233
0.165569
0.136642
0.145585
0.12954
0.134364
0.0287665
0.078584
0.110421
0.0814824
0.137997
0.0433954
0.110169
0.137285
0.104874
0.0299638
0.0485567
0.124357
0.124668
0.135429
0.0813971
0.0967785
0.141715
0.0913789
0.0275829
0.128116
0.0451315
0.132139
0.132723
0.067864
0.135319
0.0706726
0.0288757
0.0636709
0.140888
0.0206464
0.116034
0.147013
0.133164
0.0470818
0.113598
0.127633
0.135838
0.143122
0.0903222
0.0204487
0.0987872
0.105526
0.145206
0.149215
0.133973
0.130161
0.129372
0.0779266
0.0278097
0.104768
0.0284921
0.134031
0.0432479
0.071365
0.14466
0.132167
0.143252
0.10035
0.0516078
0.134967
0.163314
0.13303
0.0279155
0.0438038
0.133264
0.0423986
0.111676
0.131256
0.135435
0.142786
0.0495076
0.0238222
0.140711
0.0286083
0.137214
0.0886688
0.118199
0.033677
0.152577
0.135253
0.128323
0.144688
0.0218835
0.107709
0.0411898
0.0685354
0.142453
0.072306
0.110825
0.0271299
0.0410811
0.108537
0.122814
0.144465
0.0210341
0.0445934
0.0363461
0.110244
0.147435
0.0271095
0.0670886
0.0368944
0.134667
0.151843
0.145472
0.0190987
0.0646581
0.111056
0.137848
0.046575
0.135036
0.143948
0.138629
0.141659
0.0463458
0.0901644
0.17017
0.0355585
0.0192068
0.0980748
0.107147
0.144915
0.117472
0.0907367
0.126365
0.144691
0.139603
0.0218265
0.132899
0.116027
0.095145
0.126548
0.0468435
0.138944
0.135792
0.141721
0.0380523
0.143003
0.12551
0.143331
0.133153
0.0380421
0.146868
0.137141
0.146582
0.0535386
0.137778
0.136617
0.0924352
0.113732
0.0738127
0.140151
0.0863452
0.0728548
0.0914705
0.0985791
0.080407
0.110169
0.0836853
0.0231086
0.119248
0.148455
0.118391
0.104332
0.103255
0.0995396
0.126675
0.13187
0.0932241
0.124586
0.105616
0.130233
0.0695535
0.0703876
0.0470816
0.0711313
0.0841058
0.132039
0.144034
0.143559
0.150758
0.134634
0.089635
0.0981527
0.111671
0.108371
0.113574
0.137932
0.103898
0.0211054
0.128907
0.119935
0.138597
0.0858774
0.129858
0.15458
0.108506
0.133889
0.0827523
0.129575
0.124399
0.0927671
0.0574576
0.0657717
0.0935083
0.146331
0.10383
0.139293
0.142382
0.0621192
0.124194
0.0190637
0.132776
0.134532
0.117103
0.133196
0.136667
0.131552
0.140774
0.0807997
0.104678
0.110809
0.144998
0.0722585
0.106176
0.0641351
0.141564
0.138303
0.14004
0.0210622
0.0426002
0.14112
0.100076
0.146206
0.117907
0.132881
0.137143
0.142028
0.123145
0.106813
0.145004
0.125065
0.114664
0.0924062
0.139138
0.165047
0.114996
0.136944
0.128216
0.11938
0.0921552
0.124907
0.0894768
0.147608
0.144584
0.116404
0.147987
0.0388242
0.0379647
0.0258353
0.12972
0.146115
0.0184513
0.0656113
0.152381
0.1344
0.0873069
0.0880567
0.170283
0.0186716
0.0682647
0.0922141
0.109491
0.142961
0.0683721
0.128066
0.104862
0.127382
0.107647
0.135134
0.0194929
0.0195534
0.0893025
0.131082
0.133276
0.130772
0.120689
0.104924
0.108282
0.0204732
0.0838581
0.144272
0.105259
0.139854
0.0199551
0.133201
0.106953
0.100327
0.0678193
0.0369011
0.0946553
0.0429074
0.13649
0.149614
0.14934
0.124077
0.13438
0.137547
0.110938
0.0568234
0.158101
0.0663805
0.107836
0.102994
0.144367
0.132314
0.148861
0.0916004
0.141275
0.0195002
0.124925
0.133499
0.138951
0.110553
0.085544
0.122434
0.144293
0.0244797
0.0453429
0.0422372
0.0784959
0.132067
0.140954
0.0963043
0.108415
0.122951
0.111753
0.105383
0.132136
0.0659081
0.130034
0.116494
0.153259
0.110398
0.130267
0.144026
0.0632795
0.0822233
0.129047
0.0503596
0.141056
0.119044
0.0630666
0.143122
0.100673
0.0445801
0.139448
0.135608
0.144134
0.123762
0.13962
0.0288454
0.120722
0.10003
0.0985734
0.0944444
0.108305
0.0444391
0.122904
0.107343
0.0703317
0.0728172
0.161751
0.135365
0.142932
0.133729
0.124134
0.113965
0.0453899
0.0985513
0.0807906
0.143037
0.106076
0.138484
0.0711139
0.124608
0.0199214
0.0984904
0.100984
0.149371
0.169711
0.139406
0.13521
0.106027
0.131857
0.0860265
0.132826
0.134467
0.144457
0.066099
0.127264
0.131168
0.133427
0.0191326
0.137735
0.105814
0.0955936
0.125853
0.0392774
0.125799
0.083847
0.0884115
0.127618
0.131186
0.150437
0.134524
0.0478283
0.131478
0.137956
0.127167
0.105305
0.012332
0.131081
0.0862794
0.140737
0.137999
0.130431
0.0897191
0.125897
0.0628201
0.119985
0.068725
0.134456
0.0635395
0.0687346
0.138662
0.0742108
0.113505
0.0408774
0.0897244
0.140503
0.119051
0.0423028
0.128306
0.132584
0.130225
0.139165
0.122825
0.164176
0.110812
0.11745
0.0583433
0.0519696
0.0702465
0.152628
0.135227
0.105653
0.135462
0.139561
0.0464883
0.0619461
0.0697835
0.124634
0.0431218
0.0847623
0.134706
0.118622
0.13741
0.0714817
0.137793
0.0933697
0.022483
0.0302679
0.122358
0.142146
0.133297
0.0420104
0.142806
0.131862
0.132867
0.116721
0.123444
0.0417358
0.0870841
0.133428
0.139499
0.125191
0.141305
0.129595
0.131423
0.152842
0.124203
0.0920535
0.0701803
0.029602
0.132838
0.129511
0.126588
0.0932447
0.128401
0.12736
0.138041
0.0750875
0.0414605
0.125812
0.136778
0.106734
0.0914567
0.127052
0.0744505
0.123434
0.0421203
0.0941947
0.144415
0.010727
0.0172466
0.139234
0.113471
0.141268
0.15398
0.123983
0.12775
0.153416
0.126481
0.138476
0.0612685
0.107253
0.126238
0.151819
0.106884
0.125036
0.0951138
0.0991184
0.141777
0.11085
0.0841161
0.0911076
0.0972327
0.117031
0.0978713
0.139158
0.108952
0.108391
0.133552
0.0719533
0.0809433
0.033567
0.149911
0.0965292
0.0666805
0.081862
0.105275
0.136953
0.0705363
0.0696062
0.0950781
0.112673
0.0941651
0.0169865
0.119502
0.0219568
0.094729
0.111771
0.0408496
0.139205
0.0922255
0.13791
0.0653335
0.113984
0.0997549
0.145061
0.0686768
0.0804899
0.127484
0.0976908
0.0952433
0.126726
0.137893
0.129549
0.0605145
0.0965432
0.124674
0.141405
0.123705
0.103711
0.131112
0.060036
0.124004
0.030458
0.139189
0.0706565
0.0203476
0.132749
0.119193
0.120191
0.0827216
0.0725094
0.092655
0.0577748
0.143592
0.135631
0.135275
0.0499911
0.0986027
0.0229699
0.124213
0.0463448
0.132757
0.0966915
0.166578
0.145011
0.119636
0.128605
0.128753
0.0490055
0.127896
0.137456
0.0634838
0.132606
0.0350261
0.139769
0.13046
0.130461
0.145375
0.159137
0.0734631
0.125099
0.154482
0.0424384
0.0283698
0.0937535
0.0255389
0.108022
0.117904
0.0928759
0.0486012
0.019783
0.132506
0.0916759
0.0988762
0.137696
0.121757
0.101645
0.107377
0.0964148
0.103309
0.124856
0.134969
0.13617
0.125272
0.0910027
0.103938
0.0983181
0.0710158
0.118036
0.0882774
0.0746586
0.11764
0.121218
0.117051
0.121246
0.0696309
0.094952
0.144416
0.104231
0.100342
0.137451
0.0788488
0.121381
0.0892531
0.139395
0.125273
0.0613246
0.0740925
0.0671103
0.137358
0.126189
0.136059
0.0391025
0.119086
0.124638
0.13357
0.0880594
0.124329
0.13562
0.0944263
0.133903
0.0202313
0.0221566
0.134727
0.122439
0.0419734
0.139007
0.0466049
0.130258
0.136805
0.108486
0.0901878
0.119163
0.0586633
0.0981716
0.0725489
0.0172932
0.0731879
0.101348
0.0871214
0.0320774
0.146598
0.0974465
0.0953864
0.103549
0.13033
0.141659
0.105682
0.0261503
0.0683826
0.119803
0.0430828
0.0914035
0.133416
0.0782333
0.126504
0.0718578
0.130682
0.0900287
0.1152
0.10808
0.108446
0.0908691
0.0640922
0.0954317
0.038331
0.142872
0.132631
0.143409
0.0655654
0.136073
0.150309
0.0994212
0.0951499
0.105881
0.0649245
0.143672
0.148182
0.0234767
0.116095
0.133861
0.0432252
0.0676917
0.0960255
0.141944
0.112201
0.132796
0.0490406
0.105833
0.137002
0.0420463
0.140709
0.140273
0.076935
0.13205
0.145061
0.0388857
0.0825018
0.124112
0.118555
0.0974165
0.114635
0.134158
0.100316
0.126643
0.0704446
0.0475247
0.138404
0.132116
0.124492
0.0547482
0.0307991
0.0768044
0.0943386
0.121561
0.139473
0.153533
0.121763
0.0451252
0.0428816
0.0468699
0.0392906
0.0486789
0.133702
0.0902311
0.103284
0.127981
0.0702872
0.125228
0.0957901
0.118078
0.0954723
0.111256
0.154146
0.116123
0.149245
0.0736674
0.0898815
0.1082
0.12994
0.102144
0.0682817
0.0438311
0.110762
0.0422367
0.12157
0.120911
0.132914
0.145
0.0934926
0.12679
0.0210752
0.146681
0.126114
0.0970177
0.0429897
0.126434
0.153234
0.120507
0.104293
0.0895663
0.128133
0.117851
0.124537
0.138957
0.0853225
0.138588
0.110871
0.0667088
0.126252
0.106031
0.107728
0.1252
0.0466884
0.136578
0.130338
0.0202385
0.0275476
0.148124
0.0428295
0.0761846
0.0969276
0.0676944
0.106368
0.134788
0.0119467
0.119608
0.074575
0.118162
0.144767
0.147122
0.0205521
0.0961663
0.118479
0.0940818
0.125409
0.149408
0.149162
0.0433546
0.0733849
0.103755
0.0494201
0.132359
0.111658
0.0764673
0.125679
0.0428196
0.0971998
0.0903239
0.140901
0.0203633
0.139975
0.121563
0.126154
0.139197
0.126845
0.124527
0.093015
0.084287
0.134615
0.0152344
0.138038
0.139249
0.128378
0.135078
0.153541
0.058753
0.114216
0.111095
0.129606
0.142902
0.0725886
0.050244
0.13176
0.0377826
0.0868065
0.0289751
0.121372
0.0962172
0.0927212
0.138185
0.0778363
0.125594
0.114405
0.0287249
0.120235
0.113227
0.036194
0.130264
0.103995
0.0601982
0.0386851
0.111777
0.137677
0.135142
0.0716962
0.0728356
0.0199364
0.0774045
0.138624
0.129799
0.0216621
0.0914921
0.144643
0.0433344
0.140384
0.116443
0.0996381
0.128988
0.103631
0.112051
0.0774302
0.121985
0.064091
0.0735596
0.111862
0.140002
0.0881035
0.0596892
0.126119
0.133804
0.114812
0.0923381
0.0962706
0.112417
0.129603
0.132142
0.136138
0.0640161
0.0776053
0.0441613
0.100295
0.121584
0.11469
0.0803433
0.109165
0.0248089
0.0221492
0.146638
0.134539
0.0902057
0.141938
0.0746264
0.128129
0.0200902
0.12587
0.12767
0.0832746
0.0629075
0.119129
0.0998095
0.138596
0.108923
0.114049
0.0981332
0.020178
0.0168374
0.0865032
0.133176
0.116821
0.0822422
0.0908643
0.0929044
0.121612
0.110638
0.0645244
0.142365
0.023822
0.109987
0.123127
0.0523421
0.118322
0.0421392
0.107986
0.12966
0.13157
0.104063
0.0413816
0.129169
0.0276239
0.0488581
0.0832687
0.0424802
0.0646273
0.0154311
0.0835367
0.105178
0.115359
0.108227
0.121707
0.128664
0.131305
0.0242294
0.120083
0.0846995
0.0429616
0.120542
0.0904859
0.106173
0.0190074
0.137342
0.105332
0.131846
0.13556
0.0824681
0.146706
0.124341
0.0256889
0.120035
0.090074
0.0756792
0.107455
0.0425626
0.0766994
0.130343
0.117437
0.0762142
0.0401289
0.113488
0.108939
0.138617
0.113454
0.0472036
0.072625
0.025569
0.0772039
0.105097
0.0956403
0.131451
0.0285002
0.139717
0.0806626
0.126315
0.110585
0.101739
0.116291
0.0855265
0.116961
0.120704
0.0546077
0.107717
0.0964351
0.139561
0.0973158
0.0986281
0.122532
0.112718
0.118812
0.0907121
0.0417135
0.101575
0.133703
0.124986
0.132465
0.0961052
0.0221002
0.127687
0.118383
0.126489
0.0210103
0.12365
0.0955835
0.0909997
0.0829757
0.124588
0.0534561
0.102088
0.0713819
0.0374979
0.133564
0.0819383
0.131529
0.139408
0.066664
0.107499
0.118584
0.0449396
0.103643
0.0325147
0.134909
0.122164
0.13156
0.100279
0.128805
0.135552
0.070442
0.130508
0.148804
0.119786
0.0706533
0.0263238
0.120854
0.0660183
0.0430296
0.123095
0.112328
0.078992
0.0889049
0.118458
0.107133
0.144873
0.127456
0.0336411
0.0181614
0.0745704
0.0477988
0.0937648
0.134248
0.0991113
0.0533892
0.0942143
0.0958794
0.0414003
0.0594574
0.10667
0.138036
0.133843
0.0813749
0.0369573
0.0201502
0.126924
0.146079
0.122133
0.106657
0.0202111
0.0823896
0.0792482
0.0806316
0.0183129
0.035371
0.108422
0.0861493
0.12821
0.0196059
0.0750153
0.0960627
0.0901817
0.140118
0.120169
0.102097
0.107501
0.135235
0.0933647
0.0901614
0.0831874
0.121581
0.122244
0.135396
0.119126
0.0188189
0.123862
0.089542
0.112886
0.121786
0.0678723
0.0795942
0.105042
0.110717
0.141933
0.0198081
0.119051
0.122485
0.132234
0.124042
0.0958442
0.0959317
0.142789
0.0898755
0.0231212
0.133523
0.120311
0.105363
0.0263972
0.131592
0.049768
0.121862
0.0944734
0.106879
0.0511057
0.098018
0.0590293
0.0794339
0.0252064
0.0844505
0.135527
0.136779
0.0691082
0.0445858
0.0920747
0.0307462
0.135287
0.0786565
0.029785
0.12266
0.120081
0.110908
0.0627752
0.0721242
0.0861293
0.119636
0.118038
0.0685054
0.121324
0.134213
0.12178
0.134439
0.0745148
0.0594771
0.138914
0.121857
0.0733596
0.0943541
0.0202995
0.120581
0.0638852
0.12215
0.0498464
0.144644
0.0843703
0.0445635
0.100786
0.0617724
0.133037
0.0432271
0.11252
0.122241
0.114573
0.0946484
0.141436
0.117895
0.129142
0.135605
0.121873
0.0927781
0.0999822
0.0781123
0.0394461
0.135334
0.103666
0.073596
0.0752718
0.109397
0.105234
0.0361502
0.0526761
0.0786884
0.131423
0.143079
0.13781
0.128283
0.10525
0.0776326
0.109332
0.117696
0.105902
0.0410729
0.0817069
0.0311574
0.0805774
0.0377131
0.149006
0.111101
0.0948597
0.0882314
0.0780101
0.133333
0.0536817
0.119449
0.0976203
0.133397
0.0785187
0.0477064
0.0553578
0.113827
0.074566
0.0832676
0.0698144
0.120284
0.125887
0.044339
0.105878
0.131627
0.112877
0.134195
0.135421
0.0396409
0.133916
0.0794157
0.12283
0.077292
0.0663066
0.118537
0.117693
0.117897
0.0827034
0.0401596
0.0881702
0.101365
0.0885205
0.0269648
0.076599
0.133802
0.124504
0.0805248
0.10601
0.105737
0.0997821
0.0912148
0.0660236
0.0765342
0.11743
0.0618111
0.0749128
0.087592
0.128583
0.110524
0.108366
0.0807816
0.116015
0.0733806
0.0612017
0.0787102
0.0165808
0.138459
0.0981869
0.0717965
0.125812
0.124932
0.0920178
0.0414171
0.0790405
0.0721511
0.0226706
0.134056
0.116379
0.0435854
0.0778274
0.12771
0.0755529
0.110212
0.116008
0.140997
0.114974
0.0661075
0.103052
0.135166
0.105334
0.0493055
0.015661
0.130066
0.0569464
0.119405
0.019259
0.132601
0.139434
0.0432494
0.137866
0.117913
0.0987624
0.110833
0.0961268
0.127347
0.078477
0.0568535
0.0696578
0.0908896
0.0795102
0.1065
0.0977316
0.0974554
0.0881964
0.104429
0.0895446
0.0726407
0.0649436
0.128391
0.0942375
0.0874883
0.075224
0.0164619
0.135257
0.140024
0.103214
0.107205
0.0407314
0.0662596
0.0174495
0.0915227
0.071756
0.0791205
0.103077
0.120513
0.105397
0.0702492
0.0124565
0.0195984
0.119987
0.110042
0.156956
0.11442
0.0173197
0.0959647
0.0851213
0.090218
0.0339105
0.0971867
0.0770757
0.110655
0.119988
0.0773213
0.0686662
0.116784
0.0411968
0.0182608
0.0193527
0.0811543
0.0366764
0.0644813
0.101752
0.0379819
0.0840109
0.0285388
0.124101
0.111992
0.0487363
0.108985
0.0932658
0.070821
0.115367
0.0921212
0.111322
0.128782
0.0798887
0.0432468
0.109631
0.123476
0.0921939
0.0401414
0.102709
0.0174543
0.11369
0.126384
0.0198512
0.136995
0.140301
0.129699
0.0607587
0.112196
0.0897301
0.115742
0.0938405
0.144136
0.117365
0.0135645
0.0728492
0.0799609
0.0589883
0.0679068
0.0173208
0.101615
0.0659687
0.0773364
0.0629484
0.116669
0.125049
0.0226884
0.0641303
0.0739951
0.0394494
0.104245
0.0694117
0.112632
0.104222
0.115
0.0733463
0.0174561
0.0943244
0.0772901
0.029676
0.073497
0.141728
0.0160561
0.0714363
0.029529
0.0880272
0.0834191
0.0417991
0.108852
0.106537
0.104973
0.0863665
0.0770533
0.0984603
0.105412
0.0418773
0.0367678
0.0733295
0.0873618
0.0295377
0.0179096
0.0897446
0.0779655
0.0662196
0.109717
0.0216237
0.105834
0.11025
0.072842
0.0194004
0.110593
0.0432433
0.0834026
0.0189737
0.07439
0.105737
0.0413714
0.0397523
0.0866508
0.104695
0.107384
0.0566329
0.126415
0.0557125
0.0919274
0.0846667
0.105122
0.0171422
0.109439
0.0948806
0.0750296
0.10356
0.108403
0.115018
0.0374998
0.0741358
0.0273141
0.0421897
0.0987957
0.0736873
0.075158
0.0784627
0.114245
0.0198515
0.0590482
0.0756695
0.106146
0.0882222
0.094141
0.0714356
0.0265818
0.0681344
0.109895
0.118206
0.0815575
0.110019
0.111025
0.0816688
0.0836797
0.112317
0.0905597
0.0246929
0.0755942
0.0816942
0.0247175
0.063177
0.0409166
0.0753203
0.0411786
0.0944043
0.0680945
0.0719178
0.0358123
0.0797533
0.0991841
0.0542276
0.0852918
0.0203507
0.0566258
0.0814577
0.113934
0.0824286
0.11327
0.139545
0.109326
0.127961
0.079377
0.106348
0.0925077
0.0627103
0.0871148
0.0185643
0.0577306
0.105338
0.0814158
0.0624584
0.0998928
0.107666
0.125424
0.104624
0.0415072
0.0964643
0.10696
0.0748863
0.0627316
0.0588823
0.110253
0.0701105
0.0511247
0.101677
0.0137486
0.0881085
0.0748654
0.0572882
0.117445
0.132374
0.0964969
0.107193
0.0621794
0.0531619
0.0273843
0.0997162
0.0891172
0.106928
0.0650258
0.115967
0.118441
0.0911281
0.0834683
0.0830609
0.127309
0.116129
0.0154419
0.0997329
0.0724947
0.119633
0.107502
0.100733
0.099203
0.0376792
0.114468
0.108843
0.0901227
0.0862219
0.0891475
0.0917994
0.111497
0.0260545
0.103942
0.0638892
0.0254133
0.0832749
0.0951168
0.0481481
0.0956954
0.0814429
0.0961631
0.061828
0.102922
0.0395287
0.0876897
0.0985611
0.0839118
0.0882151
0.0783162
0.0249565
0.0746213
0.130181
0.0375558
0.134895
0.0776134
0.0635727
0.099444
0.0707654
0.107804
0.0156179
0.0427447
0.0769324
0.0808133
0.0864391
0.0980165
0.080979
0.0386353
0.118373
0.126772
0.0593871
0.0740464
0.0770438
0.0732873
0.0349022
0.0992726
0.0949017
0.0314349
0.092055
0.0978794
0.104263
0.0370049
0.0353813
0.0520995
0.0429409
0.0415301
0.0198779
0.0386563
0.0518628
0.0193496
0.132574
0.0654088
0.0170779
0.110519
0.121798
0.0411553
0.0966871
0.0395089
0.106594
0.0915859
0.119635
0.0408912
0.020999
0.044403
0.128891
0.13058
0.0289647
0.138847
0.0363786
0.118684
0.0639105
0.148244
0.102185
0.0437221
0.070783
0.140017
0.0745901
0.111113
0.136041
0.11328
0.0432141
0.00864645
0.0546177
0.0422865
0.11886
0.0375789
0.0804954
0.0222933
0.104209
0.0394044
0.113737
0.110307
0.102711
0.0207747
0.0423833
0.0747626
0.0460836
0.132211
0.13127
0.104586
0.122823
0.132118
0.0495427
0.0981281
0.0730128
0.118887
0.10069
0.0949548
0.13299
0.0356023
0.0732859
0.0392811
0.106661
0.0211386
0.098989
0.0380895
0.0689206
0.104991
0.107855
0.0374375
0.11049
0.0926013
0.0717456
0.0869351
0.110418
0.0586448
0.0720358
0.042276
0.0678496
0.0423022
0.0466195
0.115215
0.0377442
0.0926905
0.0734249
0.0196609
0.098208
0.0434897
0.07089
0.0731244
0.0995325
0.0416895
0.0665828
)
;


// ************************************************************************* //
